.........(((.((((((......))).))).)))(((.((((...(((((((((....)))).))...)))...)))).)))....,-18.80,28024.922,X1,AACACUUAUCGGUGGUCAACUUUUCUUGUAUCCCCGGGAUGCCUAUACCAGUUCCGAUUCUGGACACAUUUGGCGGGGGCUUUCUUCU
.........(((.((((((......))).))).)))(((.((((...(((((((((....)))).))...)))...)))).)))....,-18.80,116114.823,X1,AACACUUAUCGGUGGUCAACUUUUCUUGUAUCCCCGGGAUGCCUAUACCAGUUCCGAUUCUGGACACAUUUGGCGGGGGCUUUCUUCU
.........(((.((((((......))).))).)))(((.((((...(((((((((....)))).))...)))...)))).)))....,-18.80,7387.417,X1,AACACUUAUCGGUGGUCAACUUUUCUUGUAUCCCCGGGAUGCCUAUACCAGUUCCGAUUCUGGACACAUUUGGCGGGGGCUUUCUUCU
.........(((.((((((......))).))).)))(((.((((...(((((((((....)))).))...)))...)))).)))....,-18.80,10394.388,X1,AACACUUAUCGGUGGUCAACUUUUCUUGUAUCCCCGGGAUGCCUAUACCAGUUCCGAUUCUGGACACAUUUGGCGGGGGCUUUCUUCU
.........(((.((((((......))).))).)))(((.((((...(((((((((....)))).))...)))...)))).)))....,-18.80,276192.050,X1,AACACUUAUCGGUGGUCAACUUUUCUUGUAUCCCCGGGAUGCCUAUACCAGUUCCGAUUCUGGACACAUUUGGCGGGGGCUUUCUUCU
.........(((.((((((......))).))).)))(((.((((...(((((((((....)))).))...)))...)))).)))....,-18.80,1126.014,X1,AACACUUAUCGGUGGUCAACUUUUCUUGUAUCCCCGGGAUGCCUAUACCAGUUCCGAUUCUGGACACAUUUGGCGGGGGCUUUCUUCU
.........(((.((((((......))).))).)))(((.((((...(((((((((....)))).))...)))...)))).)))....,-18.80,3803.005,X1,AACACUUAUCGGUGGUCAACUUUUCUUGUAUCCCCGGGAUGCCUAUACCAGUUCCGAUUCUGGACACAUUUGGCGGGGGCUUUCUUCU
.........(((.((((((......))).))).)))(((.((((...(((((((((....)))).))...)))...)))).)))....,-18.80,3876.587,X1,AACACUUAUCGGUGGUCAACUUUUCUUGUAUCCCCGGGAUGCCUAUACCAGUUCCGAUUCUGGACACAUUUGGCGGGGGCUUUCUUCU
.........(((.((((((......))).))).)))(((.((((...(((((((((....)))).))...)))...)))).)))....,-18.80,29.613,X1,AACACUUAUCGGUGGUCAACUUUUCUUGUAUCCCCGGGAUGCCUAUACCAGUUCCGAUUCUGGACACAUUUGGCGGGGGCUUUCUUCU
.........(((.((((((......))).))).)))(((.((((...(((((((((....)))).))...)))...)))).)))....,-18.80,834793.707,X1,AACACUUAUCGGUGGUCAACUUUUCUUGUAUCCCCGGGAUGCCUAUACCAGUUCCGAUUCUGGACACAUUUGGCGGGGGCUUUCUUCU
.........(((.((((((......))).))).)))(((.((((...(((((((((....)))).))...)))...)))).)))....,-18.80,735107.115,X1,AACACUUAUCGGUGGUCAACUUUUCUUGUAUCCCCGGGAUGCCUAUACCAGUUCCGAUUCUGGACACAUUUGGCGGGGGCUUUCUUCU
.........(((.((((((......))).))).)))(((.((((...(((((((((....)))).))...)))...)))).)))....,-18.80,581.271,X1,AACACUUAUCGGUGGUCAACUUUUCUUGUAUCCCCGGGAUGCCUAUACCAGUUCCGAUUCUGGACACAUUUGGCGGGGGCUUUCUUCU
.........(((.((((((......))).))).)))(((.((((...(((((((((....)))).))...)))...)))).)))....,-18.80,2089.816,X1,AACACUUAUCGGUGGUCAACUUUUCUUGUAUCCCCGGGAUGCCUAUACCAGUUCCGAUUCUGGACACAUUUGGCGGGGGCUUUCUUCU
.........(((.((((((......))).))).)))(((.((((...(((((((((....)))).))...)))...)))).)))....,-18.80,876765.638,X1,AACACUUAUCGGUGGUCAACUUUUCUUGUAUCCCCGGGAUGCCUAUACCAGUUCCGAUUCUGGACACAUUUGGCGGGGGCUUUCUUCU
.........(((.((((((......))).))).)))(((.((((...(((((((((....)))).))...)))...)))).)))....,-18.80,551620.055,X1,AACACUUAUCGGUGGUCAACUUUUCUUGUAUCCCCGGGAUGCCUAUACCAGUUCCGAUUCUGGACACAUUUGGCGGGGGCUUUCUUCU
.........(((.((((((......))).))).)))(((.((((...(((((((((....)))).))...)))...)))).)))....,-18.80,990.522,X1,AACACUUAUCGGUGGUCAACUUUUCUUGUAUCCCCGGGAUGCCUAUACCAGUUCCGAUUCUGGACACAUUUGGCGGGGGCUUUCUUCU
.........(((.((((((......))).))).)))(((.((((...(((((((((....)))).))...)))...)))).)))....,-18.80,2366.853,X1,AACACUUAUCGGUGGUCAACUUUUCUUGUAUCCCCGGGAUGCCUAUACCAGUUCCGAUUCUGGACACAUUUGGCGGGGGCUUUCUUCU
.........(((.((((((......))).))).)))(((.((((...(((((((((....)))).))...)))...)))).)))....,-18.80,131530.624,X1,AACACUUAUCGGUGGUCAACUUUUCUUGUAUCCCCGGGAUGCCUAUACCAGUUCCGAUUCUGGACACAUUUGGCGGGGGCUUUCUUCU
.........(((.((((((......))).))).)))(((.((((...(((((((((....)))).))...)))...)))).)))....,-18.80,22184.840,X1,AACACUUAUCGGUGGUCAACUUUUCUUGUAUCCCCGGGAUGCCUAUACCAGUUCCGAUUCUGGACACAUUUGGCGGGGGCUUUCUUCU
.........(((.((((((......))).))).)))(((.((((...(((((((((....)))).))...)))...)))).)))....,-18.80,348.976,X1,AACACUUAUCGGUGGUCAACUUUUCUUGUAUCCCCGGGAUGCCUAUACCAGUUCCGAUUCUGGACACAUUUGGCGGGGGCUUUCUUCU
.........(((.((((((......))).))).)))(((.((((...(((((((((....)))).))...)))...)))).)))....,-18.80,80862.638,X1,AACACUUAUCGGUGGUCAACUUUUCUUGUAUCCCCGGGAUGCCUAUACCAGUUCCGAUUCUGGACACAUUUGGCGGGGGCUUUCUUCU
.........(((.((((((......))).))).)))(((.((((...(((((((((....)))).))...)))...)))).)))....,-18.80,1327554.991,X1,AACACUUAUCGGUGGUCAACUUUUCUUGUAUCCCCGGGAUGCCUAUACCAGUUCCGAUUCUGGACACAUUUGGCGGGGGCUUUCUUCU
.........(((.((((((......))).))).)))(((.((((...(((((((((....)))).))...)))...)))).)))....,-18.80,219.806,X1,AACACUUAUCGGUGGUCAACUUUUCUUGUAUCCCCGGGAUGCCUAUACCAGUUCCGAUUCUGGACACAUUUGGCGGGGGCUUUCUUCU
.........(((.((((((......))).))).)))(((.((((...(((((((((....)))).))...)))...)))).)))....,-18.80,299.795,X1,AACACUUAUCGGUGGUCAACUUUUCUUGUAUCCCCGGGAUGCCUAUACCAGUUCCGAUUCUGGACACAUUUGGCGGGGGCUUUCUUCU
.........(((.((((((......))).))).)))(((.((((...(((((((((....)))).))...)))...)))).)))....,-18.80,10635.299,X1,AACACUUAUCGGUGGUCAACUUUUCUUGUAUCCCCGGGAUGCCUAUACCAGUUCCGAUUCUGGACACAUUUGGCGGGGGCUUUCUUCU
.........(((.((((((......))).))).)))(((.((((...(((((((((....)))).))...)))...)))).)))....,-18.80,137.438,X1,AACACUUAUCGGUGGUCAACUUUUCUUGUAUCCCCGGGAUGCCUAUACCAGUUCCGAUUCUGGACACAUUUGGCGGGGGCUUUCUUCU
.........(((.((((((......))).))).)))(((.((((...(((((((((....)))).))...)))...)))).)))....,-18.80,37983.638,X1,AACACUUAUCGGUGGUCAACUUUUCUUGUAUCCCCGGGAUGCCUAUACCAGUUCCGAUUCUGGACACAUUUGGCGGGGGCUUUCUUCU
.........(((.((((((......))).))).)))(((.((((...(((((((((....)))).))...)))...)))).)))....,-18.80,1370.402,X1,AACACUUAUCGGUGGUCAACUUUUCUUGUAUCCCCGGGAUGCCUAUACCAGUUCCGAUUCUGGACACAUUUGGCGGGGGCUUUCUUCU
.........(((.((((((......))).))).)))(((.((((...(((((((((....)))).))...)))...)))).)))....,-18.80,1577.566,X1,AACACUUAUCGGUGGUCAACUUUUCUUGUAUCCCCGGGAUGCCUAUACCAGUUCCGAUUCUGGACACAUUUGGCGGGGGCUUUCUUCU
.........(((.((((((......))).))).)))(((.((((...(((((((((....)))).))...)))...)))).)))....,-18.80,1527011.740,X1,AACACUUAUCGGUGGUCAACUUUUCUUGUAUCCCCGGGAUGCCUAUACCAGUUCCGAUUCUGGACACAUUUGGCGGGGGCUUUCUUCU
.........(((.((((((......))).))).)))(((.((((...(((((((((....)))).))...)))...)))).)))....,-18.80,119115.959,X1,AACACUUAUCGGUGGUCAACUUUUCUUGUAUCCCCGGGAUGCCUAUACCAGUUCCGAUUCUGGACACAUUUGGCGGGGGCUUUCUUCU
.........(((.((((((......))).))).)))(((.((((...(((((((((....)))).))...)))...)))).)))....,-18.80,6016.926,X1,AACACUUAUCGGUGGUCAACUUUUCUUGUAUCCCCGGGAUGCCUAUACCAGUUCCGAUUCUGGACACAUUUGGCGGGGGCUUUCUUCU
.........(((.((((((......))).))).)))(((.((((...(((((((((....)))).))...)))...)))).)))....,-18.80,58970.090,X1,AACACUUAUCGGUGGUCAACUUUUCUUGUAUCCCCGGGAUGCCUAUACCAGUUCCGAUUCUGGACACAUUUGGCGGGGGCUUUCUUCU
.........(((.((((((......))).))).)))(((.((((...(((((((((....)))).))...)))...)))).)))....,-18.80,6493825.940,X1,AACACUUAUCGGUGGUCAACUUUUCUUGUAUCCCCGGGAUGCCUAUACCAGUUCCGAUUCUGGACACAUUUGGCGGGGGCUUUCUUCU
.........(((.((((((......))).))).)))(((.((((...(((((((((....)))).))...)))...)))).)))....,-18.80,4937.510,X1,AACACUUAUCGGUGGUCAACUUUUCUUGUAUCCCCGGGAUGCCUAUACCAGUUCCGAUUCUGGACACAUUUGGCGGGGGCUUUCUUCU
.........(((.((((((......))).))).)))(((.((((...(((((((((....)))).))...)))...)))).)))....,-18.80,1625136.055,X1,AACACUUAUCGGUGGUCAACUUUUCUUGUAUCCCCGGGAUGCCUAUACCAGUUCCGAUUCUGGACACAUUUGGCGGGGGCUUUCUUCU
.........(((.((((((......))).))).)))(((.((((...(((((((((....)))).))...)))...)))).)))....,-18.80,2261.745,X1,AACACUUAUCGGUGGUCAACUUUUCUUGUAUCCCCGGGAUGCCUAUACCAGUUCCGAUUCUGGACACAUUUGGCGGGGGCUUUCUUCU
.........(((.((((((......))).))).)))(((.((((...(((((((((....)))).))...)))...)))).)))....,-18.80,232.453,X1,AACACUUAUCGGUGGUCAACUUUUCUUGUAUCCCCGGGAUGCCUAUACCAGUUCCGAUUCUGGACACAUUUGGCGGGGGCUUUCUUCU
.........(((.((((((......))).))).)))(((.((((...(((((((((....)))).))...)))...)))).)))....,-18.80,16849.422,X1,AACACUUAUCGGUGGUCAACUUUUCUUGUAUCCCCGGGAUGCCUAUACCAGUUCCGAUUCUGGACACAUUUGGCGGGGGCUUUCUUCU
.........(((.((((((......))).))).)))(((.((((...(((((((((....)))).))...)))...)))).)))....,-18.80,5294.830,X1,AACACUUAUCGGUGGUCAACUUUUCUUGUAUCCCCGGGAUGCCUAUACCAGUUCCGAUUCUGGACACAUUUGGCGGGGGCUUUCUUCU
.........(((.((((((......))).))).)))(((.((((...(((((((((....)))).))...)))...)))).)))....,-18.80,4343.957,X1,AACACUUAUCGGUGGUCAACUUUUCUUGUAUCCCCGGGAUGCCUAUACCAGUUCCGAUUCUGGACACAUUUGGCGGGGGCUUUCUUCU
.........(((.((((((......))).))).)))(((.((((...(((((((((....)))).))...)))...)))).)))....,-18.80,61569.737,X1,AACACUUAUCGGUGGUCAACUUUUCUUGUAUCCCCGGGAUGCCUAUACCAGUUCCGAUUCUGGACACAUUUGGCGGGGGCUUUCUUCU
.........(((.((((((......))).))).)))(((.((((...(((((((((....)))).))...)))...)))).)))....,-18.80,5557.778,X1,AACACUUAUCGGUGGUCAACUUUUCUUGUAUCCCCGGGAUGCCUAUACCAGUUCCGAUUCUGGACACAUUUGGCGGGGGCUUUCUUCU
.........(((.((((((......))).))).)))(((.((((...(((((((((....)))).))...)))...)))).)))....,-18.80,1949.478,X1,AACACUUAUCGGUGGUCAACUUUUCUUGUAUCCCCGGGAUGCCUAUACCAGUUCCGAUUCUGGACACAUUUGGCGGGGGCUUUCUUCU
.........(((.((((((......))).))).)))(((.((((...(((((((((....)))).))...)))...)))).)))....,-18.80,161.349,X1,AACACUUAUCGGUGGUCAACUUUUCUUGUAUCCCCGGGAUGCCUAUACCAGUUCCGAUUCUGGACACAUUUGGCGGGGGCUUUCUUCU
.........(((.((((((......))).))).)))(((.((((...(((((((((....)))).))...)))...)))).)))....,-18.80,12490.702,X1,AACACUUAUCGGUGGUCAACUUUUCUUGUAUCCCCGGGAUGCCUAUACCAGUUCCGAUUCUGGACACAUUUGGCGGGGGCUUUCUUCU
.........(((.((((((......))).))).)))(((.((((...(((((((((....)))).))...)))...)))).)))....,-18.80,171.962,X1,AACACUUAUCGGUGGUCAACUUUUCUUGUAUCCCCGGGAUGCCUAUACCAGUUCCGAUUCUGGACACAUUUGGCGGGGGCUUUCUUCU
.........(((.((((((......))).))).)))(((.((((...(((((((((....)))).))...)))...)))).)))....,-18.80,301595.567,X1,AACACUUAUCGGUGGUCAACUUUUCUUGUAUCCCCGGGAUGCCUAUACCAGUUCCGAUUCUGGACACAUUUGGCGGGGGCUUUCUUCU
.........(((.((((((......))).))).)))(((.((((...(((((((((....)))).))...)))...)))).)))....,-18.80,3617.685,X1,AACACUUAUCGGUGGUCAACUUUUCUUGUAUCCCCGGGAUGCCUAUACCAGUUCCGAUUCUGGACACAUUUGGCGGGGGCUUUCUUCU
.........(((.((((((......))).))).)))(((.((((...(((((((((....)))).))...)))...)))).)))....,-18.80,2198174.588,X1,AACACUUAUCGGUGGUCAACUUUUCUUGUAUCCCCGGGAUGCCUAUACCAGUUCCGAUUCUGGACACAUUUGGCGGGGGCUUUCUUCU
.........(((.((((((......))).))).)))(((.((((...(((((((((....)))).))...)))...)))).)))....,-18.80,1958268.655,X1,AACACUUAUCGGUGGUCAACUUUUCUUGUAUCCCCGGGAUGCCUAUACCAGUUCCGAUUCUGGACACAUUUGGCGGGGGCUUUCUUCU
.........(((.((((((......))).))).)))(((.((((...(((((((((....)))).))...)))...)))).)))....,-18.80,8136.959,X1,AACACUUAUCGGUGGUCAACUUUUCUUGUAUCCCCGGGAUGCCUAUACCAGUUCCGAUUCUGGACACAUUUGGCGGGGGCUUUCUUCU
.........(((.((((((......))).))).)))(((.((((...(((((((((....)))).))...)))...)))).)))....,-18.80,4450184.168,X1,AACACUUAUCGGUGGUCAACUUUUCUUGUAUCCCCGGGAUGCCUAUACCAGUUCCGAUUCUGGACACAUUUGGCGGGGGCUUUCUUCU
.........(((.((((((......))).))).)))(((.((((...(((((((((....)))).))...)))...)))).)))....,-18.80,229759.030,X1,AACACUUAUCGGUGGUCAACUUUUCUUGUAUCCCCGGGAUGCCUAUACCAGUUCCGAUUCUGGACACAUUUGGCGGGGGCUUUCUUCU
.........(((.((((((......))).))).)))(((.((((...(((((((((....)))).))...)))...)))).)))....,-18.80,539.012,X1,AACACUUAUCGGUGGUCAACUUUUCUUGUAUCCCCGGGAUGCCUAUACCAGUUCCGAUUCUGGACACAUUUGGCGGGGGCUUUCUUCU
.........(((.((((((......))).))).)))(((.((((...(((((((((....)))).))...)))...)))).)))....,-18.80,13989.010,X1,AACACUUAUCGGUGGUCAACUUUUCUUGUAUCCCCGGGAUGCCUAUACCAGUUCCGAUUCUGGACACAUUUGGCGGGGGCUUUCUUCU
.........(((.((((((......))).))).)))(((.((((...(((((((((....)))).))...)))...)))).)))....,-18.80,8479812.765,X1,AACACUUAUCGGUGGUCAACUUUUCUUGUAUCCCCGGGAUGCCUAUACCAGUUCCGAUUCUGGACACAUUUGGCGGGGGCUUUCUUCU
.........(((.((((((......))).))).)))(((.((((...(((((((((....)))).))...)))...)))).)))....,-18.80,283.353,X1,AACACUUAUCGGUGGUCAACUUUUCUUGUAUCCCCGGGAUGCCUAUACCAGUUCCGAUUCUGGACACAUUUGGCGGGGGCUUUCUUCU
.........(((.((((((......))).))).)))(((.((((...(((((((((....)))).))...)))...)))).)))....,-18.80,2153.036,X1,AACACUUAUCGGUGGUCAACUUUUCUUGUAUCCCCGGGAUGCCUAUACCAGUUCCGAUUCUGGACACAUUUGGCGGGGGCUUUCUUCU
.........(((.((((((......))).))).)))(((.((((...(((((((((....)))).))...)))...)))).)))....,-18.80,3407.585,X1,AACACUUAUCGGUGGUCAACUUUUCUUGUAUCCCCGGGAUGCCUAUACCAGUUCCGAUUCUGGACACAUUUGGCGGGGGCUUUCUUCU
.........(((.((((((......))).))).)))(((.((((...(((((((((....)))).))...)))...)))).)))....,-18.80,1102916.891,X1,AACACUUAUCGGUGGUCAACUUUUCUUGUAUCCCCGGGAUGCCUAUACCAGUUCCGAUUCUGGACACAUUUGGCGGGGGCUUUCUUCU
.........(((.((((((......))).))).)))(((.((((...(((((((((....)))).))...)))...)))).)))....,-18.80,3847.559,X1,AACACUUAUCGGUGGUCAACUUUUCUUGUAUCCCCGGGAUGCCUAUACCAGUUCCGAUUCUGGACACAUUUGGCGGGGGCUUUCUUCU
.........(((.((((((......))).))).)))(((.((((...(((((((((....)))).))...)))...)))).)))....,-18.80,314791.907,X1,AACACUUAUCGGUGGUCAACUUUUCUUGUAUCCCCGGGAUGCCUAUACCAGUUCCGAUUCUGGACACAUUUGGCGGGGGCUUUCUUCU
.........(((.((((((......))).))).)))(((.((((...(((((((((....)))).))...)))...)))).)))....,-18.80,152967.632,X1,AACACUUAUCGGUGGUCAACUUUUCUUGUAUCCCCGGGAUGCCUAUACCAGUUCCGAUUCUGGACACAUUUGGCGGGGGCUUUCUUCU
.........(((.((((((......))).))).)))(((.((((...(((((((((....)))).))...)))...)))).)))....,-18.80,171499.439,X1,AACACUUAUCGGUGGUCAACUUUUCUUGUAUCCCCGGGAUGCCUAUACCAGUUCCGAUUCUGGACACAUUUGGCGGGGGCUUUCUUCU
.........(((.((((((......))).))).)))(((.((((...(((((((((....)))).))...)))...)))).)))....,-18.80,2382.417,X1,AACACUUAUCGGUGGUCAACUUUUCUUGUAUCCCCGGGAUGCCUAUACCAGUUCCGAUUCUGGACACAUUUGGCGGGGGCUUUCUUCU
.........(((.((((((......))).))).)))(((.((((...(((((((((....)))).))...)))...)))).)))....,-18.80,24271.377,X1,AACACUUAUCGGUGGUCAACUUUUCUUGUAUCCCCGGGAUGCCUAUACCAGUUCCGAUUCUGGACACAUUUGGCGGGGGCUUUCUUCU
.........(((.((((((......))).))).)))(((.((((...(((((((((....)))).))...)))...)))).)))....,-18.80,13251.124,X1,AACACUUAUCGGUGGUCAACUUUUCUUGUAUCCCCGGGAUGCCUAUACCAGUUCCGAUUCUGGACACAUUUGGCGGGGGCUUUCUUCU
.........(((.((((((......))).))).)))(((.((((...(((((((((....)))).))...)))...)))).)))....,-18.80,22593.110,X1,AACACUUAUCGGUGGUCAACUUUUCUUGUAUCCCCGGGAUGCCUAUACCAGUUCCGAUUCUGGACACAUUUGGCGGGGGCUUUCUUCU
.........(((.((((((......))).))).)))(((.((((...(((((((((....)))).))...)))...)))).)))....,-18.80,119281.498,X1,AACACUUAUCGGUGGUCAACUUUUCUUGUAUCCCCGGGAUGCCUAUACCAGUUCCGAUUCUGGACACAUUUGGCGGGGGCUUUCUUCU
.........(((.((((((......))).))).)))(((.((((...(((((((((....)))).))...)))...)))).)))....,-18.80,2195.417,X1,AACACUUAUCGGUGGUCAACUUUUCUUGUAUCCCCGGGAUGCCUAUACCAGUUCCGAUUCUGGACACAUUUGGCGGGGGCUUUCUUCU
.........(((.((((((......))).))).)))(((.((((...(((((((((....)))).))...)))...)))).)))....,-18.80,1143.792,X1,AACACUUAUCGGUGGUCAACUUUUCUUGUAUCCCCGGGAUGCCUAUACCAGUUCCGAUUCUGGACACAUUUGGCGGGGGCUUUCUUCU
.........(((.((((((......))).))).)))(((.((((...(((((((((....)))).))...)))...)))).)))....,-18.80,270.121,X1,AACACUUAUCGGUGGUCAACUUUUCUUGUAUCCCCGGGAUGCCUAUACCAGUUCCGAUUCUGGACACAUUUGGCGGGGGCUUUCUUCU
.........(((.((((((......))).))).)))(((.((((...(((((((((....)))).))...)))...)))).)))....,-18.80,365736.073,X1,AACACUUAUCGGUGGUCAACUUUUCUUGUAUCCCCGGGAUGCCUAUACCAGUUCCGAUUCUGGACACAUUUGGCGGGGGCUUUCUUCU
.........(((.((((((......))).))).)))(((.((((...(((((((((....)))).))...)))...)))).)))....,-18.80,1350.521,X1,AACACUUAUCGGUGGUCAACUUUUCUUGUAUCCCCGGGAUGCCUAUACCAGUUCCGAUUCUGGACACAUUUGGCGGGGGCUUUCUUCU
.........(((.((((((......))).))).)))(((.((((...(((((((((....)))).))...)))...)))).)))....,-18.80,1518.837,X1,AACACUUAUCGGUGGUCAACUUUUCUUGUAUCCCCGGGAUGCCUAUACCAGUUCCGAUUCUGGACACAUUUGGCGGGGGCUUUCUUCU
.........(((.((((((......))).))).)))(((.((((...(((((((((....)))).))...)))...)))).)))....,-18.80,259887.208,X1,AACACUUAUCGGUGGUCAACUUUUCUUGUAUCCCCGGGAUGCCUAUACCAGUUCCGAUUCUGGACACAUUUGGCGGGGGCUUUCUUCU
.........(((.((((((......))).))).)))(((.((((...(((((((((....)))).))...)))...)))).)))....,-18.80,2183.476,X1,AACACUUAUCGGUGGUCAACUUUUCUUGUAUCCCCGGGAUGCCUAUACCAGUUCCGAUUCUGGACACAUUUGGCGGGGGCUUUCUUCU
.........(((.((((((......))).))).)))(((.((((...(((((((((....)))).))...)))...)))).)))....,-18.80,543.136,X1,AACACUUAUCGGUGGUCAACUUUUCUUGUAUCCCCGGGAUGCCUAUACCAGUUCCGAUUCUGGACACAUUUGGCGGGGGCUUUCUUCU
.........(((.((((((......))).))).)))(((.((((...(((((((((....)))).))...)))...)))).)))....,-18.80,186.518,X1,AACACUUAUCGGUGGUCAACUUUUCUUGUAUCCCCGGGAUGCCUAUACCAGUUCCGAUUCUGGACACAUUUGGCGGGGGCUUUCUUCU
.........(((.((((((......))).))).)))(((.((((...(((((((((....)))).))...)))...)))).)))....,-18.80,465.509,X1,AACACUUAUCGGUGGUCAACUUUUCUUGUAUCCCCGGGAUGCCUAUACCAGUUCCGAUUCUGGACACAUUUGGCGGGGGCUUUCUUCU
.........(((.((((((......))).))).)))(((.((((...(((((((((....)))).))...)))...)))).)))....,-18.80,11778.701,X1,AACACUUAUCGGUGGUCAACUUUUCUUGUAUCCCCGGGAUGCCUAUACCAGUUCCGAUUCUGGACACAUUUGGCGGGGGCUUUCUUCU
.........(((.((((((......))).))).)))(((.((((...(((((((((....)))).))...)))...)))).)))....,-18.80,234.507,X1,AACACUUAUCGGUGGUCAACUUUUCUUGUAUCCCCGGGAUGCCUAUACCAGUUCCGAUUCUGGACACAUUUGGCGGGGGCUUUCUUCU
.........(((.((((((......))).))).)))(((.((((...(((((((((....)))).))...)))...)))).)))....,-18.80,4678102.366,X1,AACACUUAUCGGUGGUCAACUUUUCUUGUAUCCCCGGGAUGCCUAUACCAGUUCCGAUUCUGGACACAUUUGGCGGGGGCUUUCUUCU
.........(((.((((((......))).))).)))(((.((((...(((((((((....)))).))...)))...)))).)))....,-18.80,5302.891,X1,AACACUUAUCGGUGGUCAACUUUUCUUGUAUCCCCGGGAUGCCUAUACCAGUUCCGAUUCUGGACACAUUUGGCGGGGGCUUUCUUCU
.........(((.((((((......))).))).)))(((.((((...(((((((((....)))).))...)))...)))).)))....,-18.80,3959.905,X1,AACACUUAUCGGUGGUCAACUUUUCUUGUAUCCCCGGGAUGCCUAUACCAGUUCCGAUUCUGGACACAUUUGGCGGGGGCUUUCUUCU
.........(((.((((((......))).))).)))(((.((((...(((((((((....)))).))...)))...)))).)))....,-18.80,125.316,X1,AACACUUAUCGGUGGUCAACUUUUCUUGUAUCCCCGGGAUGCCUAUACCAGUUCCGAUUCUGGACACAUUUGGCGGGGGCUUUCUUCU
.........(((.((((((......))).))).)))(((.((((...(((((((((....)))).))...)))...)))).)))....,-18.80,2038.908,X1,AACACUUAUCGGUGGUCAACUUUUCUUGUAUCCCCGGGAUGCCUAUACCAGUUCCGAUUCUGGACACAUUUGGCGGGGGCUUUCUUCU
.........(((.((((((......))).))).)))(((.((((...(((((((((....)))).))...)))...)))).)))....,-18.80,8864.103,X1,AACACUUAUCGGUGGUCAACUUUUCUUGUAUCCCCGGGAUGCCUAUACCAGUUCCGAUUCUGGACACAUUUGGCGGGGGCUUUCUUCU
.........(((.((((((......))).))).)))(((.((((...(((((((((....)))).))...)))...)))).)))....,-18.80,644.782,X1,AACACUUAUCGGUGGUCAACUUUUCUUGUAUCCCCGGGAUGCCUAUACCAGUUCCGAUUCUGGACACAUUUGGCGGGGGCUUUCUUCU
.........(((.((((((......))).))).)))(((.((((...(((((((((....)))).))...)))...)))).)))....,-18.80,13273266.871,X1,AACACUUAUCGGUGGUCAACUUUUCUUGUAUCCCCGGGAUGCCUAUACCAGUUCCGAUUCUGGACACAUUUGGCGGGGGCUUUCUUCU
.........(((.((((((......))).))).)))(((.((((...(((((((((....)))).))...)))...)))).)))....,-18.80,11132.442,X1,AACACUUAUCGGUGGUCAACUUUUCUUGUAUCCCCGGGAUGCCUAUACCAGUUCCGAUUCUGGACACAUUUGGCGGGGGCUUUCUUCU
.........(((.((((((......))).))).)))(((.((((...(((((((((....)))).))...)))...)))).)))....,-18.80,267720.993,X1,AACACUUAUCGGUGGUCAACUUUUCUUGUAUCCCCGGGAUGCCUAUACCAGUUCCGAUUCUGGACACAUUUGGCGGGGGCUUUCUUCU
.........(((.((((((......))).))).)))(((.((((...(((((((((....)))).))...)))...)))).)))....,-18.80,1059.602,X1,AACACUUAUCGGUGGUCAACUUUUCUUGUAUCCCCGGGAUGCCUAUACCAGUUCCGAUUCUGGACACAUUUGGCGGGGGCUUUCUUCU
.........(((.((((((......))).))).)))(((.((((...(((((((((....)))).))...)))...)))).)))....,-18.80,7559.254,X1,AACACUUAUCGGUGGUCAACUUUUCUUGUAUCCCCGGGAUGCCUAUACCAGUUCCGAUUCUGGACACAUUUGGCGGGGGCUUUCUUCU
.........(((.((((((......))).))).)))(((.((((...(((((((((....)))).))...)))...)))).)))....,-18.80,29172.708,X1,AACACUUAUCGGUGGUCAACUUUUCUUGUAUCCCCGGGAUGCCUAUACCAGUUCCGAUUCUGGACACAUUUGGCGGGGGCUUUCUUCU
.........(((.((((((......))).))).)))(((.((((...(((((((((....)))).))...)))...)))).)))....,-18.80,2493.900,X1,AACACUUAUCGGUGGUCAACUUUUCUUGUAUCCCCGGGAUGCCUAUACCAGUUCCGAUUCUGGACACAUUUGGCGGGGGCUUUCUUCU
.........(((.((((((......))).))).)))(((.((((...(((((((((....)))).))...)))...)))).)))....,-18.80,1745244.420,X1,AACACUUAUCGGUGGUCAACUUUUCUUGUAUCCCCGGGAUGCCUAUACCAGUUCCGAUUCUGGACACAUUUGGCGGGGGCUUUCUUCU
.........(((.((((((......))).))).)))(((.((((...(((((((((....)))).))...)))...)))).)))....,-18.80,16847.496,X1,AACACUUAUCGGUGGUCAACUUUUCUUGUAUCCCCGGGAUGCCUAUACCAGUUCCGAUUCUGGACACAUUUGGCGGGGGCUUUCUUCU
.........(((.((((((......))).))).)))(((.((((...(((((((((....)))).))...)))...)))).)))....,-18.80,1143.724,X1,AACACUUAUCGGUGGUCAACUUUUCUUGUAUCCCCGGGAUGCCUAUACCAGUUCCGAUUCUGGACACAUUUGGCGGGGGCUUUCUUCU
.........(((.((((((......))).))).)))(((.((((...(((((((((....)))).))...)))...)))).)))....,-18.80,2844568.277,X1,AACACUUAUCGGUGGUCAACUUUUCUUGUAUCCCCGGGAUGCCUAUACCAGUUCCGAUUCUGGACACAUUUGGCGGGGGCUUUCUUCU
.........(((.((((((......))).))).)))(((.((((...(((((((((....)))).))...)))...)))).)))....,-18.80,27876.808,X1,AACACUUAUCGGUGGUCAACUUUUCUUGUAUCCCCGGGAUGCCUAUACCAGUUCCGAUUCUGGACACAUUUGGCGGGGGCUUUCUUCU
.........(((.((((((......))).))).)))(((.((((...(((((((((....)))).))...)))...)))).)))....,-18.80,6355.018,X1,AACACUUAUCGGUGGUCAACUUUUCUUGUAUCCCCGGGAUGCCUAUACCAGUUCCGAUUCUGGACACAUUUGGCGGGGGCUUUCUUCU
.........(((.((((((......))).))).)))(((.((((...(((((((((....)))).))...)))...)))).)))....,-18.80,653.449,X1,AACACUUAUCGGUGGUCAACUUUUCUUGUAUCCCCGGGAUGCCUAUACCAGUUCCGAUUCUGGACACAUUUGGCGGGGGCUUUCUUCU
.........(((.((((((......))).))).)))(((.((((...(((((((((....)))).))...)))...)))).)))....,-18.80,2192459.372,X1,AACACUUAUCGGUGGUCAACUUUUCUUGUAUCCCCGGGAUGCCUAUACCAGUUCCGAUUCUGGACACAUUUGGCGGGGGCUUUCUUCU
.........(((.((((((......))).))).)))(((.((((...(((((((((....)))).))...)))...)))).)))....,-18.80,1001.433,X1,AACACUUAUCGGUGGUCAACUUUUCUUGUAUCCCCGGGAUGCCUAUACCAGUUCCGAUUCUGGACACAUUUGGCGGGGGCUUUCUUCU
.........(((.((((((......))).))).)))(((.((((...(((((((((....)))).))...)))...)))).)))....,-18.80,2129039.822,X1,AACACUUAUCGGUGGUCAACUUUUCUUGUAUCCCCGGGAUGCCUAUACCAGUUCCGAUUCUGGACACAUUUGGCGGGGGCUUUCUUCU
.........(((.((((((......))).))).)))(((.((((...(((((((((....)))).))...)))...)))).)))....,-18.80,5662.976,X1,AACACUUAUCGGUGGUCAACUUUUCUUGUAUCCCCGGGAUGCCUAUACCAGUUCCGAUUCUGGACACAUUUGGCGGGGGCUUUCUUCU
.........(((.((((((......))).))).)))(((.((((...(((((((((....)))).))...)))...)))).)))....,-18.80,470774.890,X1,AACACUUAUCGGUGGUCAACUUUUCUUGUAUCCCCGGGAUGCCUAUACCAGUUCCGAUUCUGGACACAUUUGGCGGGGGCUUUCUUCU
.........(((.((((((......))).))).)))(((.((((...(((((((((....)))).))...)))...)))).)))....,-18.80,1349.818,X1,AACACUUAUCGGUGGUCAACUUUUCUUGUAUCCCCGGGAUGCCUAUACCAGUUCCGAUUCUGGACACAUUUGGCGGGGGCUUUCUUCU
.........(((.((((((......))).))).)))(((.((((...(((((((((....)))).))...)))...)))).)))....,-18.80,14129.432,X1,AACACUUAUCGGUGGUCAACUUUUCUUGUAUCCCCGGGAUGCCUAUACCAGUUCCGAUUCUGGACACAUUUGGCGGGGGCUUUCUUCU
.........(((.((((((......))).))).)))(((.((((...(((((((((....)))).))...)))...)))).)))....,-18.80,1953992.632,X1,AACACUUAUCGGUGGUCAACUUUUCUUGUAUCCCCGGGAUGCCUAUACCAGUUCCGAUUCUGGACACAUUUGGCGGGGGCUUUCUUCU
.........(((.((((((......))).))).)))(((.((((...(((((((((....)))).))...)))...)))).)))....,-18.80,466213.962,X1,AACACUUAUCGGUGGUCAACUUUUCUUGUAUCCCCGGGAUGCCUAUACCAGUUCCGAUUCUGGACACAUUUGGCGGGGGCUUUCUUCU
.........(((.((((((......))).))).)))(((.((((...(((((((((....)))).))...)))...)))).)))....,-18.80,1543896.086,X1,AACACUUAUCGGUGGUCAACUUUUCUUGUAUCCCCGGGAUGCCUAUACCAGUUCCGAUUCUGGACACAUUUGGCGGGGGCUUUCUUCU
.........(((.((((((......))).))).)))(((.((((...(((((((((....)))).))...)))...)))).)))....,-18.80,706075.438,X1,AACACUUAUCGGUGGUCAACUUUUCUUGUAUCCCCGGGAUGCCUAUACCAGUUCCGAUUCUGGACACAUUUGGCGGGGGCUUUCUUCU
.........(((.((((((......))).))).)))(((.((((...(((((((((....)))).))...)))...)))).)))....,-18.80,56031.874,X1,AACACUUAUCGGUGGUCAACUUUUCUUGUAUCCCCGGGAUGCCUAUACCAGUUCCGAUUCUGGACACAUUUGGCGGGGGCUUUCUUCU
.........(((.((((((......))).))).)))(((.((((...(((((((((....)))).))...)))...)))).)))....,-18.80,6008511.623,X1,AACACUUAUCGGUGGUCAACUUUUCUUGUAUCCCCGGGAUGCCUAUACCAGUUCCGAUUCUGGACACAUUUGGCGGGGGCUUUCUUCU
.........(((.((((((......))).))).)))(((.((((...(((((((((....)))).))...)))...)))).)))....,-18.80,242.754,X1,AACACUUAUCGGUGGUCAACUUUUCUUGUAUCCCCGGGAUGCCUAUACCAGUUCCGAUUCUGGACACAUUUGGCGGGGGCUUUCUUCU
.........(((.((((((......))).))).)))(((.((((...(((((((((....)))).))...)))...)))).)))....,-18.80,1540036.754,X1,AACACUUAUCGGUGGUCAACUUUUCUUGUAUCCCCGGGAUGCCUAUACCAGUUCCGAUUCUGGACACAUUUGGCGGGGGCUUUCUUCU
.........(((.((((((......))).))).)))(((.((((...(((((((((....)))).))...)))...)))).)))....,-18.80,3339320.662,X1,AACACUUAUCGGUGGUCAACUUUUCUUGUAUCCCCGGGAUGCCUAUACCAGUUCCGAUUCUGGACACAUUUGGCGGGGGCUUUCUUCU
.........(((.((((((......))).))).)))(((.((((...(((((((((....)))).))...)))...)))).)))....,-18.80,4609.000,X1,AACACUUAUCGGUGGUCAACUUUUCUUGUAUCCCCGGGAUGCCUAUACCAGUUCCGAUUCUGGACACAUUUGGCGGGGGCUUUCUUCU
.........(((.((((((......))).))).)))(((.((((...(((((((((....)))).))...)))...)))).)))....,-18.80,14983.253,X1,AACACUUAUCGGUGGUCAACUUUUCUUGUAUCCCCGGGAUGCCUAUACCAGUUCCGAUUCUGGACACAUUUGGCGGGGGCUUUCUUCU
.........(((.((((((......))).))).)))(((.((((...(((((((((....)))).))...)))...)))).)))....,-18.80,6741.189,X1,AACACUUAUCGGUGGUCAACUUUUCUUGUAUCCCCGGGAUGCCUAUACCAGUUCCGAUUCUGGACACAUUUGGCGGGGGCUUUCUUCU
.........(((.((((((......))).))).)))(((.((((...(((((((((....)))).))...)))...)))).)))....,-18.80,3081346.635,X1,AACACUUAUCGGUGGUCAACUUUUCUUGUAUCCCCGGGAUGCCUAUACCAGUUCCGAUUCUGGACACAUUUGGCGGGGGCUUUCUUCU
.........(((.((((((......))).))).)))(((.((((...(((((((((....)))).))...)))...)))).)))....,-18.80,1169.137,X1,AACACUUAUCGGUGGUCAACUUUUCUUGUAUCCCCGGGAUGCCUAUACCAGUUCCGAUUCUGGACACAUUUGGCGGGGGCUUUCUUCU
.........(((.((((((......))).))).)))(((.((((...(((((((((....)))).))...)))...)))).)))....,-18.80,6129.133,X1,AACACUUAUCGGUGGUCAACUUUUCUUGUAUCCCCGGGAUGCCUAUACCAGUUCCGAUUCUGGACACAUUUGGCGGGGGCUUUCUUCU
.........(((.((((((......))).))).)))(((.((((...(((((((((....)))).))...)))...)))).)))....,-18.80,698.410,X1,AACACUUAUCGGUGGUCAACUUUUCUUGUAUCCCCGGGAUGCCUAUACCAGUUCCGAUUCUGGACACAUUUGGCGGGGGCUUUCUUCU
.........(((.((((((......))).))).)))(((.((((...(((((((((....)))).))...)))...)))).)))....,-18.80,350.262,X1,AACACUUAUCGGUGGUCAACUUUUCUUGUAUCCCCGGGAUGCCUAUACCAGUUCCGAUUCUGGACACAUUUGGCGGGGGCUUUCUUCU
.........(((.((((((......))).))).)))(((.((((...(((((((((....)))).))...)))...)))).)))....,-18.80,30306.192,X1,AACACUUAUCGGUGGUCAACUUUUCUUGUAUCCCCGGGAUGCCUAUACCAGUUCCGAUUCUGGACACAUUUGGCGGGGGCUUUCUUCU
.........(((.((((((......))).))).)))(((.((((...(((((((((....)))).))...)))...)))).)))....,-18.80,125.994,X1,AACACUUAUCGGUGGUCAACUUUUCUUGUAUCCCCGGGAUGCCUAUACCAGUUCCGAUUCUGGACACAUUUGGCGGGGGCUUUCUUCU
.........(((.((((((......))).))).)))(((.((((...(((((((((....)))).))...)))...)))).)))....,-18.80,5013.162,X1,AACACUUAUCGGUGGUCAACUUUUCUUGUAUCCCCGGGAUGCCUAUACCAGUUCCGAUUCUGGACACAUUUGGCGGGGGCUUUCUUCU
.........(((.((((((......))).))).)))(((.((((...(((((((((....)))).))...)))...)))).)))....,-18.80,2663.098,X1,AACACUUAUCGGUGGUCAACUUUUCUUGUAUCCCCGGGAUGCCUAUACCAGUUCCGAUUCUGGACACAUUUGGCGGGGGCUUUCUUCU
.........(((.((((((......))).))).)))(((.((((...(((((((((....)))).))...)))...)))).)))....,-18.80,1616736.657,X1,AACACUUAUCGGUGGUCAACUUUUCUUGUAUCCCCGGGAUGCCUAUACCAGUUCCGAUUCUGGACACAUUUGGCGGGGGCUUUCUUCU
.........(((.((((((......))).))).)))(((.((((...(((((((((....)))).))...)))...)))).)))....,-18.80,669.226,X1,AACACUUAUCGGUGGUCAACUUUUCUUGUAUCCCCGGGAUGCCUAUACCAGUUCCGAUUCUGGACACAUUUGGCGGGGGCUUUCUUCU
.........(((.((((((......))).))).)))(((.((((...(((((((((....)))).))...)))...)))).)))....,-18.80,3205446.380,X1,AACACUUAUCGGUGGUCAACUUUUCUUGUAUCCCCGGGAUGCCUAUACCAGUUCCGAUUCUGGACACAUUUGGCGGGGGCUUUCUUCU
.........(((.((((((......))).))).)))(((.((((...(((((((((....)))).))...)))...)))).)))....,-18.80,8782.837,X1,AACACUUAUCGGUGGUCAACUUUUCUUGUAUCCCCGGGAUGCCUAUACCAGUUCCGAUUCUGGACACAUUUGGCGGGGGCUUUCUUCU
.........(((.((((((......))).))).)))(((.((((...(((((((((....)))).))...)))...)))).)))....,-18.80,6036.685,X1,AACACUUAUCGGUGGUCAACUUUUCUUGUAUCCCCGGGAUGCCUAUACCAGUUCCGAUUCUGGACACAUUUGGCGGGGGCUUUCUUCU
.........(((.((((((......))).))).)))(((.((((...(((((((((....)))).))...)))...)))).)))....,-18.80,4838.278,X1,AACACUUAUCGGUGGUCAACUUUUCUUGUAUCCCCGGGAUGCCUAUACCAGUUCCGAUUCUGGACACAUUUGGCGGGGGCUUUCUUCU
.........(((.((((((......))).))).)))(((.((((...(((((((((....)))).))...)))...)))).)))....,-18.80,6742.146,X1,AACACUUAUCGGUGGUCAACUUUUCUUGUAUCCCCGGGAUGCCUAUACCAGUUCCGAUUCUGGACACAUUUGGCGGGGGCUUUCUUCU
.........(((.((((((......))).))).)))(((.((((...(((((((((....)))).))...)))...)))).)))....,-18.80,8888.608,X1,AACACUUAUCGGUGGUCAACUUUUCUUGUAUCCCCGGGAUGCCUAUACCAGUUCCGAUUCUGGACACAUUUGGCGGGGGCUUUCUUCU
.........(((.((((((......))).))).)))(((.((((...(((((((((....)))).))...)))...)))).)))....,-18.80,110.343,X1,AACACUUAUCGGUGGUCAACUUUUCUUGUAUCCCCGGGAUGCCUAUACCAGUUCCGAUUCUGGACACAUUUGGCGGGGGCUUUCUUCU
.........(((.((((((......))).))).)))(((.((((...(((((((((....)))).))...)))...)))).)))....,-18.80,2554.433,X1,AACACUUAUCGGUGGUCAACUUUUCUUGUAUCCCCGGGAUGCCUAUACCAGUUCCGAUUCUGGACACAUUUGGCGGGGGCUUUCUUCU
.........(((.((((((......))).))).)))(((.((((...(((((((((....)))).))...)))...)))).)))....,-18.80,373365.150,X1,AACACUUAUCGGUGGUCAACUUUUCUUGUAUCCCCGGGAUGCCUAUACCAGUUCCGAUUCUGGACACAUUUGGCGGGGGCUUUCUUCU
.........(((.((((((......))).))).)))(((.((((...(((((((((....)))).))...)))...)))).)))....,-18.80,112.442,X1,AACACUUAUCGGUGGUCAACUUUUCUUGUAUCCCCGGGAUGCCUAUACCAGUUCCGAUUCUGGACACAUUUGGCGGGGGCUUUCUUCU
.........(((.((((((......))).))).)))(((.((((...(((((((((....)))).))...)))...)))).)))....,-18.80,1035.462,X1,AACACUUAUCGGUGGUCAACUUUUCUUGUAUCCCCGGGAUGCCUAUACCAGUUCCGAUUCUGGACACAUUUGGCGGGGGCUUUCUUCU
.........(((.((((((......))).))).)))(((.((((...(((((((((....)))).))...)))...)))).)))....,-18.80,15741.824,X1,AACACUUAUCGGUGGUCAACUUUUCUUGUAUCCCCGGGAUGCCUAUACCAGUUCCGAUUCUGGACACAUUUGGCGGGGGCUUUCUUCU
.........(((.((((((......))).))).)))(((.((((...(((((((((....)))).))...)))...)))).)))....,-18.80,70107.341,X1,AACACUUAUCGGUGGUCAACUUUUCUUGUAUCCCCGGGAUGCCUAUACCAGUUCCGAUUCUGGACACAUUUGGCGGGGGCUUUCUUCU
.........(((.((((((......))).))).)))(((.((((...(((((((((....)))).))...)))...)))).)))....,-18.80,89784.385,X1,AACACUUAUCGGUGGUCAACUUUUCUUGUAUCCCCGGGAUGCCUAUACCAGUUCCGAUUCUGGACACAUUUGGCGGGGGCUUUCUUCU
.........(((.((((((......))).))).)))(((.((((...(((((((((....)))).))...)))...)))).)))....,-18.80,111.282,X1,AACACUUAUCGGUGGUCAACUUUUCUUGUAUCCCCGGGAUGCCUAUACCAGUUCCGAUUCUGGACACAUUUGGCGGGGGCUUUCUUCU
.........(((.((((((......))).))).)))(((.((((...(((((((((....)))).))...)))...)))).)))....,-18.80,7991.807,X1,AACACUUAUCGGUGGUCAACUUUUCUUGUAUCCCCGGGAUGCCUAUACCAGUUCCGAUUCUGGACACAUUUGGCGGGGGCUUUCUUCU
.........(((.((((((......))).))).)))(((.((((...(((((((((....)))).))...)))...)))).)))....,-18.80,2205492.297,X1,AACACUUAUCGGUGGUCAACUUUUCUUGUAUCCCCGGGAUGCCUAUACCAGUUCCGAUUCUGGACACAUUUGGCGGGGGCUUUCUUCU
.........(((.((((((......))).))).)))(((.((((...(((((((((....)))).))...)))...)))).)))....,-18.80,86906.380,X1,AACACUUAUCGGUGGUCAACUUUUCUUGUAUCCCCGGGAUGCCUAUACCAGUUCCGAUUCUGGACACAUUUGGCGGGGGCUUUCUUCU
.........(((.((((((......))).))).)))(((.((((...(((((((((....)))).))...)))...)))).)))....,-18.80,42.122,X1,AACACUUAUCGGUGGUCAACUUUUCUUGUAUCCCCGGGAUGCCUAUACCAGUUCCGAUUCUGGACACAUUUGGCGGGGGCUUUCUUCU
.........(((.((((((......))).))).)))(((.((((...(((((((((....)))).))...)))...)))).)))....,-18.80,1726.905,X1,AACACUUAUCGGUGGUCAACUUUUCUUGUAUCCCCGGGAUGCCUAUACCAGUUCCGAUUCUGGACACAUUUGGCGGGGGCUUUCUUCU
.........(((.((((((......))).))).)))(((.((((...(((((((((....)))).))...)))...)))).)))....,-18.80,340435.783,X1,AACACUUAUCGGUGGUCAACUUUUCUUGUAUCCCCGGGAUGCCUAUACCAGUUCCGAUUCUGGACACAUUUGGCGGGGGCUUUCUUCU
.........(((.((((((......))).))).)))(((.((((...(((((((((....)))).))...)))...)))).)))....,-18.80,4264590.992,X1,AACACUUAUCGGUGGUCAACUUUUCUUGUAUCCCCGGGAUGCCUAUACCAGUUCCGAUUCUGGACACAUUUGGCGGGGGCUUUCUUCU
.........(((.((((((......))).))).)))(((.((((...(((((((((....)))).))...)))...)))).)))....,-18.80,307.893,X1,AACACUUAUCGGUGGUCAACUUUUCUUGUAUCCCCGGGAUGCCUAUACCAGUUCCGAUUCUGGACACAUUUGGCGGGGGCUUUCUUCU
.........(((.((((((......))).))).)))(((.((((...(((((((((....)))).))...)))...)))).)))....,-18.80,1971491.186,X1,AACACUUAUCGGUGGUCAACUUUUCUUGUAUCCCCGGGAUGCCUAUACCAGUUCCGAUUCUGGACACAUUUGGCGGGGGCUUUCUUCU
.........(((.((((((......))).))).)))(((.((((...(((((((((....)))).))...)))...)))).)))....,-18.80,713263.200,X1,AACACUUAUCGGUGGUCAACUUUUCUUGUAUCCCCGGGAUGCCUAUACCAGUUCCGAUUCUGGACACAUUUGGCGGGGGCUUUCUUCU
.........(((.((((((......))).))).)))(((.((((...(((((((((....)))).))...)))...)))).)))....,-18.80,4199908.925,X1,AACACUUAUCGGUGGUCAACUUUUCUUGUAUCCCCGGGAUGCCUAUACCAGUUCCGAUUCUGGACACAUUUGGCGGGGGCUUUCUUCU
.........(((.((((((......))).))).)))(((.((((...(((((((((....)))).))...)))...)))).)))....,-18.80,954.903,X1,AACACUUAUCGGUGGUCAACUUUUCUUGUAUCCCCGGGAUGCCUAUACCAGUUCCGAUUCUGGACACAUUUGGCGGGGGCUUUCUUCU
.........(((.((((((......))).))).)))(((.((((...(((((((((....)))).))...)))...)))).)))....,-18.80,6815.880,X1,AACACUUAUCGGUGGUCAACUUUUCUUGUAUCCCCGGGAUGCCUAUACCAGUUCCGAUUCUGGACACAUUUGGCGGGGGCUUUCUUCU
.........(((.((((((......))).))).)))(((.((((...(((((((((....)))).))...)))...)))).)))....,-18.80,2700.772,X1,AACACUUAUCGGUGGUCAACUUUUCUUGUAUCCCCGGGAUGCCUAUACCAGUUCCGAUUCUGGACACAUUUGGCGGGGGCUUUCUUCU
.........(((.((((((......))).))).)))(((.((((...(((((((((....)))).))...)))...)))).)))....,-18.80,5186.357,X1,AACACUUAUCGGUGGUCAACUUUUCUUGUAUCCCCGGGAUGCCUAUACCAGUUCCGAUUCUGGACACAUUUGGCGGGGGCUUUCUUCU
.........(((.((((((......))).))).)))(((.((((...(((((((((....)))).))...)))...)))).)))....,-18.80,1219361.768,X1,AACACUUAUCGGUGGUCAACUUUUCUUGUAUCCCCGGGAUGCCUAUACCAGUUCCGAUUCUGGACACAUUUGGCGGGGGCUUUCUUCU
.........(((.((((((......))).))).)))(((.((((...(((((((((....)))).))...)))...)))).)))....,-18.80,1997.836,X1,AACACUUAUCGGUGGUCAACUUUUCUUGUAUCCCCGGGAUGCCUAUACCAGUUCCGAUUCUGGACACAUUUGGCGGGGGCUUUCUUCU
.........(((.((((((......))).))).)))(((.((((...(((((((((....)))).))...)))...)))).)))....,-18.80,67.093,X1,AACACUUAUCGGUGGUCAACUUUUCUUGUAUCCCCGGGAUGCCUAUACCAGUUCCGAUUCUGGACACAUUUGGCGGGGGCUUUCUUCU
.........(((.((((((......))).))).)))(((.((((...(((((((((....)))).))...)))...)))).)))....,-18.80,4428941.063,X1,AACACUUAUCGGUGGUCAACUUUUCUUGUAUCCCCGGGAUGCCUAUACCAGUUCCGAUUCUGGACACAUUUGGCGGGGGCUUUCUUCU
.........(((.((((((......))).))).)))(((.((((...(((((((((....)))).))...)))...)))).)))....,-18.80,8500.669,X1,AACACUUAUCGGUGGUCAACUUUUCUUGUAUCCCCGGGAUGCCUAUACCAGUUCCGAUUCUGGACACAUUUGGCGGGGGCUUUCUUCU
.........(((.((((((......))).))).)))(((.((((...(((((((((....)))).))...)))...)))).)))....,-18.80,294081.317,X1,AACACUUAUCGGUGGUCAACUUUUCUUGUAUCCCCGGGAUGCCUAUACCAGUUCCGAUUCUGGACACAUUUGGCGGGGGCUUUCUUCU
.........(((.((((((......))).))).)))(((.((((...(((((((((....)))).))...)))...)))).)))....,-18.80,2706802.021,X1,AACACUUAUCGGUGGUCAACUUUUCUUGUAUCCCCGGGAUGCCUAUACCAGUUCCGAUUCUGGACACAUUUGGCGGGGGCUUUCUUCU
.........(((.((((((......))).))).)))(((.((((...(((((((((....)))).))...)))...)))).)))....,-18.80,1777138.056,X1,AACACUUAUCGGUGGUCAACUUUUCUUGUAUCCCCGGGAUGCCUAUACCAGUUCCGAUUCUGGACACAUUUGGCGGGGGCUUUCUUCU
.........(((.((((((......))).))).)))(((.((((...(((((((((....)))).))...)))...)))).)))....,-18.80,51874.750,X1,AACACUUAUCGGUGGUCAACUUUUCUUGUAUCCCCGGGAUGCCUAUACCAGUUCCGAUUCUGGACACAUUUGGCGGGGGCUUUCUUCU
.........(((.((((((......))).))).)))(((.((((...(((((((((....)))).))...)))...)))).)))....,-18.80,67.881,X1,AACACUUAUCGGUGGUCAACUUUUCUUGUAUCCCCGGGAUGCCUAUACCAGUUCCGAUUCUGGACACAUUUGGCGGGGGCUUUCUUCU
.........(((.((((((......))).))).)))(((.((((...(((((((((....)))).))...)))...)))).)))....,-18.80,10652.356,X1,AACACUUAUCGGUGGUCAACUUUUCUUGUAUCCCCGGGAUGCCUAUACCAGUUCCGAUUCUGGACACAUUUGGCGGGGGCUUUCUUCU
.........(((.((((((......))).))).)))(((.((((...(((((((((....)))).))...)))...)))).)))....,-18.80,3432112.222,X1,AACACUUAUCGGUGGUCAACUUUUCUUGUAUCCCCGGGAUGCCUAUACCAGUUCCGAUUCUGGACACAUUUGGCGGGGGCUUUCUUCU
.........(((.((((((......))).))).)))(((.((((...(((((((((....)))).))...)))...)))).)))....,-18.80,92583.619,X1,AACACUUAUCGGUGGUCAACUUUUCUUGUAUCCCCGGGAUGCCUAUACCAGUUCCGAUUCUGGACACAUUUGGCGGGGGCUUUCUUCU
.........(((.((((((......))).))).)))(((.((((...(((((((((....)))).))...)))...)))).)))....,-18.80,2510.501,X1,AACACUUAUCGGUGGUCAACUUUUCUUGUAUCCCCGGGAUGCCUAUACCAGUUCCGAUUCUGGACACAUUUGGCGGGGGCUUUCUUCU
.........(((.((((((......))).))).)))(((.((((...(((((((((....)))).))...)))...)))).)))....,-18.80,4435.737,X1,AACACUUAUCGGUGGUCAACUUUUCUUGUAUCCCCGGGAUGCCUAUACCAGUUCCGAUUCUGGACACAUUUGGCGGGGGCUUUCUUCU
.........(((.((((((......))).))).)))(((.((((...(((((((((....)))).))...)))...)))).)))....,-18.80,1236401.543,X1,AACACUUAUCGGUGGUCAACUUUUCUUGUAUCCCCGGGAUGCCUAUACCAGUUCCGAUUCUGGACACAUUUGGCGGGGGCUUUCUUCU
.........(((.((((((......))).))).)))(((.((((...(((((((((....)))).))...)))...)))).)))....,-18.80,710.764,X1,AACACUUAUCGGUGGUCAACUUUUCUUGUAUCCCCGGGAUGCCUAUACCAGUUCCGAUUCUGGACACAUUUGGCGGGGGCUUUCUUCU
.........(((.((((((......))).))).)))(((.((((...(((((((((....)))).))...)))...)))).)))....,-18.80,452.942,X1,AACACUUAUCGGUGGUCAACUUUUCUUGUAUCCCCGGGAUGCCUAUACCAGUUCCGAUUCUGGACACAUUUGGCGGGGGCUUUCUUCU
.........(((.((((((......))).))).)))(((.((((...(((((((((....)))).))...)))...)))).)))....,-18.80,290092.067,X1,AACACUUAUCGGUGGUCAACUUUUCUUGUAUCCCCGGGAUGCCUAUACCAGUUCCGAUUCUGGACACAUUUGGCGGGGGCUUUCUUCU
.........(((.((((((......))).))).)))(((.((((...(((((((((....)))).))...)))...)))).)))....,-18.80,2470.273,X1,AACACUUAUCGGUGGUCAACUUUUCUUGUAUCCCCGGGAUGCCUAUACCAGUUCCGAUUCUGGACACAUUUGGCGGGGGCUUUCUUCU
.........(((.((((((......))).))).)))(((.((((...(((((((((....)))).))...)))...)))).)))....,-18.80,164933.990,X1,AACACUUAUCGGUGGUCAACUUUUCUUGUAUCCCCGGGAUGCCUAUACCAGUUCCGAUUCUGGACACAUUUGGCGGGGGCUUUCUUCU
.........(((.((((((......))).))).)))(((.((((...(((((((((....)))).))...)))...)))).)))....,-18.80,1135079.962,X1,AACACUUAUCGGUGGUCAACUUUUCUUGUAUCCCCGGGAUGCCUAUACCAGUUCCGAUUCUGGACACAUUUGGCGGGGGCUUUCUUCU
.........(((.((((((......))).))).)))(((.((((...(((((((((....)))).))...)))...)))).)))....,-18.80,3500501.811,X1,AACACUUAUCGGUGGUCAACUUUUCUUGUAUCCCCGGGAUGCCUAUACCAGUUCCGAUUCUGGACACAUUUGGCGGGGGCUUUCUUCU
.........(((.((((((......))).))).)))(((.((((...(((((((((....)))).))...)))...)))).)))....,-18.80,2027.203,X1,AACACUUAUCGGUGGUCAACUUUUCUUGUAUCCCCGGGAUGCCUAUACCAGUUCCGAUUCUGGACACAUUUGGCGGGGGCUUUCUUCU
.........(((.((((((......))).))).)))(((.((((...(((((((((....)))).))...)))...)))).)))....,-18.80,517.068,X1,AACACUUAUCGGUGGUCAACUUUUCUUGUAUCCCCGGGAUGCCUAUACCAGUUCCGAUUCUGGACACAUUUGGCGGGGGCUUUCUUCU
.........(((.((((((......))).))).)))(((.((((...(((((((((....)))).))...)))...)))).)))....,-18.80,3419670.530,X1,AACACUUAUCGGUGGUCAACUUUUCUUGUAUCCCCGGGAUGCCUAUACCAGUUCCGAUUCUGGACACAUUUGGCGGGGGCUUUCUUCU
.........(((.((((((......))).))).)))(((.((((...(((((((((....)))).))...)))...)))).)))....,-18.80,26658.945,X1,AACACUUAUCGGUGGUCAACUUUUCUUGUAUCCCCGGGAUGCCUAUACCAGUUCCGAUUCUGGACACAUUUGGCGGGGGCUUUCUUCU
.........(((.((((((......))).))).)))(((.((((...(((((((((....)))).))...)))...)))).)))....,-18.80,700885.039,X1,AACACUUAUCGGUGGUCAACUUUUCUUGUAUCCCCGGGAUGCCUAUACCAGUUCCGAUUCUGGACACAUUUGGCGGGGGCUUUCUUCU
.........(((.((((((......))).))).)))(((.((((...(((((((((....)))).))...)))...)))).)))....,-18.80,1295.913,X1,AACACUUAUCGGUGGUCAACUUUUCUUGUAUCCCCGGGAUGCCUAUACCAGUUCCGAUUCUGGACACAUUUGGCGGGGGCUUUCUUCU
.........(((.((((((......))).))).)))(((.((((...(((((((((....)))).))...)))...)))).)))....,-18.80,187913.297,X1,AACACUUAUCGGUGGUCAACUUUUCUUGUAUCCCCGGGAUGCCUAUACCAGUUCCGAUUCUGGACACAUUUGGCGGGGGCUUUCUUCU
.........(((.((((((......))).))).)))(((.((((...(((((((((....)))).))...)))...)))).)))....,-18.80,15479.552,X1,AACACUUAUCGGUGGUCAACUUUUCUUGUAUCCCCGGGAUGCCUAUACCAGUUCCGAUUCUGGACACAUUUGGCGGGGGCUUUCUUCU
.........(((.((((((......))).))).)))(((.((((...(((((((((....)))).))...)))...)))).)))....,-18.80,1001.218,X1,AACACUUAUCGGUGGUCAACUUUUCUUGUAUCCCCGGGAUGCCUAUACCAGUUCCGAUUCUGGACACAUUUGGCGGGGGCUUUCUUCU
.........(((.((((((......))).))).)))(((.((((...(((((((((....)))).))...)))...)))).)))....,-18.80,376778.781,X1,AACACUUAUCGGUGGUCAACUUUUCUUGUAUCCCCGGGAUGCCUAUACCAGUUCCGAUUCUGGACACAUUUGGCGGGGGCUUUCUUCU
.........(((.((((((......))).))).)))(((.((((...(((((((((....)))).))...)))...)))).)))....,-18.80,1449.246,X1,AACACUUAUCGGUGGUCAACUUUUCUUGUAUCCCCGGGAUGCCUAUACCAGUUCCGAUUCUGGACACAUUUGGCGGGGGCUUUCUUCU
.........(((.((((((......))).))).)))(((.((((...(((((((((....)))).))...)))...)))).)))....,-18.80,717096.268,X1,AACACUUAUCGGUGGUCAACUUUUCUUGUAUCCCCGGGAUGCCUAUACCAGUUCCGAUUCUGGACACAUUUGGCGGGGGCUUUCUUCU
.........(((.((((((......))).))).)))(((.((((...(((((((((....)))).))...)))...)))).)))....,-18.80,3619310.188,X1,AACACUUAUCGGUGGUCAACUUUUCUUGUAUCCCCGGGAUGCCUAUACCAGUUCCGAUUCUGGACACAUUUGGCGGGGGCUUUCUUCU
.........(((.((((((......))).))).)))(((.((((...(((((((((....)))).))...)))...)))).)))....,-18.80,873760.142,X1,AACACUUAUCGGUGGUCAACUUUUCUUGUAUCCCCGGGAUGCCUAUACCAGUUCCGAUUCUGGACACAUUUGGCGGGGGCUUUCUUCU
.........(((.((((((......))).))).)))(((.((((...(((((((((....)))).))...)))...)))).)))....,-18.80,1537.935,X1,AACACUUAUCGGUGGUCAACUUUUCUUGUAUCCCCGGGAUGCCUAUACCAGUUCCGAUUCUGGACACAUUUGGCGGGGGCUUUCUUCU
.........(((.((((((......))).))).)))(((.((((...(((((((((....)))).))...)))...)))).)))....,-18.80,9219.515,X1,AACACUUAUCGGUGGUCAACUUUUCUUGUAUCCCCGGGAUGCCUAUACCAGUUCCGAUUCUGGACACAUUUGGCGGGGGCUUUCUUCU
.........(((.((((((......))).))).)))(((.((((...(((((((((....)))).))...)))...)))).)))....,-18.80,180.516,X1,AACACUUAUCGGUGGUCAACUUUUCUUGUAUCCCCGGGAUGCCUAUACCAGUUCCGAUUCUGGACACAUUUGGCGGGGGCUUUCUUCU
.........(((.((((((......))).))).)))(((.((((...(((((((((....)))).))...)))...)))).)))....,-18.80,3178501.025,X1,AACACUUAUCGGUGGUCAACUUUUCUUGUAUCCCCGGGAUGCCUAUACCAGUUCCGAUUCUGGACACAUUUGGCGGGGGCUUUCUUCU
.........(((.((((((......))).))).)))(((.((((...(((((((((....)))).))...)))...)))).)))....,-18.80,2540383.909,X1,AACACUUAUCGGUGGUCAACUUUUCUUGUAUCCCCGGGAUGCCUAUACCAGUUCCGAUUCUGGACACAUUUGGCGGGGGCUUUCUUCU
.........(((.((((((......))).))).)))(((.((((...(((((((((....)))).))...)))...)))).)))....,-18.80,673.826,X1,AACACUUAUCGGUGGUCAACUUUUCUUGUAUCCCCGGGAUGCCUAUACCAGUUCCGAUUCUGGACACAUUUGGCGGGGGCUUUCUUCU
.........(((.((((((......))).))).)))(((.((((...(((((((((....)))).))...)))...)))).)))....,-18.80,2520.879,X1,AACACUUAUCGGUGGUCAACUUUUCUUGUAUCCCCGGGAUGCCUAUACCAGUUCCGAUUCUGGACACAUUUGGCGGGGGCUUUCUUCU
.........(((.((((((......))).))).)))(((.((((...(((((((((....)))).))...)))...)))).)))....,-18.80,25.599,X1,AACACUUAUCGGUGGUCAACUUUUCUUGUAUCCCCGGGAUGCCUAUACCAGUUCCGAUUCUGGACACAUUUGGCGGGGGCUUUCUUCU
.........(((.((((((......))).))).)))(((.((((...(((((((((....)))).))...)))...)))).)))....,-18.80,3224758.874,X1,AACACUUAUCGGUGGUCAACUUUUCUUGUAUCCCCGGGAUGCCUAUACCAGUUCCGAUUCUGGACACAUUUGGCGGGGGCUUUCUUCU
.........(((.((((((......))).))).)))(((.((((...(((((((((....)))).))...)))...)))).)))....,-18.80,357358.356,X1,AACACUUAUCGGUGGUCAACUUUUCUUGUAUCCCCGGGAUGCCUAUACCAGUUCCGAUUCUGGACACAUUUGGCGGGGGCUUUCUUCU
.........(((.((((((......))).))).)))(((.((((...(((((((((....)))).))...)))...)))).)))....,-18.80,3474704.914,X1,AACACUUAUCGGUGGUCAACUUUUCUUGUAUCCCCGGGAUGCCUAUACCAGUUCCGAUUCUGGACACAUUUGGCGGGGGCUUUCUUCU
.........(((.((((((......))).))).)))(((.((((...(((((((((....)))).))...)))...)))).)))....,-18.80,417.097,X1,AACACUUAUCGGUGGUCAACUUUUCUUGUAUCCCCGGGAUGCCUAUACCAGUUCCGAUUCUGGACACAUUUGGCGGGGGCUUUCUUCU
.........(((.((((((......))).))).)))(((.((((...(((((((((....)))).))...)))...)))).)))....,-18.80,65024.730,X1,AACACUUAUCGGUGGUCAACUUUUCUUGUAUCCCCGGGAUGCCUAUACCAGUUCCGAUUCUGGACACAUUUGGCGGGGGCUUUCUUCU
.........(((.((((((......))).))).)))(((.((((...(((((((((....)))).))...)))...)))).)))....,-18.80,42269.424,X1,AACACUUAUCGGUGGUCAACUUUUCUUGUAUCCCCGGGAUGCCUAUACCAGUUCCGAUUCUGGACACAUUUGGCGGGGGCUUUCUUCU
.........(((.((((((......))).))).)))(((.((((...(((((((((....)))).))...)))...)))).)))....,-18.80,1911.388,X1,AACACUUAUCGGUGGUCAACUUUUCUUGUAUCCCCGGGAUGCCUAUACCAGUUCCGAUUCUGGACACAUUUGGCGGGGGCUUUCUUCU
.........(((.((((((......))).))).)))(((.((((...(((((((((....)))).))...)))...)))).)))....,-18.80,132704.661,X1,AACACUUAUCGGUGGUCAACUUUUCUUGUAUCCCCGGGAUGCCUAUACCAGUUCCGAUUCUGGACACAUUUGGCGGGGGCUUUCUUCU
.........(((.((((((......))).))).)))(((.((((...(((((((((....)))).))...)))...)))).)))....,-18.80,997843.263,X1,AACACUUAUCGGUGGUCAACUUUUCUUGUAUCCCCGGGAUGCCUAUACCAGUUCCGAUUCUGGACACAUUUGGCGGGGGCUUUCUUCU
.........(((.((((((......))).))).)))(((.((((...(((((((((....)))).))...)))...)))).)))....,-18.80,1548.318,X1,AACACUUAUCGGUGGUCAACUUUUCUUGUAUCCCCGGGAUGCCUAUACCAGUUCCGAUUCUGGACACAUUUGGCGGGGGCUUUCUUCU
.........(((.((((((......))).))).)))(((.((((...(((((((((....)))).))...)))...)))).)))....,-18.80,1360.603,X1,AACACUUAUCGGUGGUCAACUUUUCUUGUAUCCCCGGGAUGCCUAUACCAGUUCCGAUUCUGGACACAUUUGGCGGGGGCUUUCUUCU
.........(((.((((((......))).))).)))(((.((((...(((((((((....)))).))...)))...)))).)))....,-18.80,3719390.498,X1,AACACUUAUCGGUGGUCAACUUUUCUUGUAUCCCCGGGAUGCCUAUACCAGUUCCGAUUCUGGACACAUUUGGCGGGGGCUUUCUUCU
.........(((.((((((......))).))).)))(((.((((...(((((((((....)))).))...)))...)))).)))....,-18.80,12373.642,X1,AACACUUAUCGGUGGUCAACUUUUCUUGUAUCCCCGGGAUGCCUAUACCAGUUCCGAUUCUGGACACAUUUGGCGGGGGCUUUCUUCU
.........(((.((((((......))).))).)))(((.((((...(((((((((....)))).))...)))...)))).)))....,-18.80,738.285,X1,AACACUUAUCGGUGGUCAACUUUUCUUGUAUCCCCGGGAUGCCUAUACCAGUUCCGAUUCUGGACACAUUUGGCGGGGGCUUUCUUCU
.........(((.((((((......))).))).)))(((.((((...(((((((((....)))).))...)))...)))).)))....,-18.80,458184.948,X1,AACACUUAUCGGUGGUCAACUUUUCUUGUAUCCCCGGGAUGCCUAUACCAGUUCCGAUUCUGGACACAUUUGGCGGGGGCUUUCUUCU
.........(((.((((((......))).))).)))(((.((((...(((((((((....)))).))...)))...)))).)))....,-18.80,2018043.111,X1,AACACUUAUCGGUGGUCAACUUUUCUUGUAUCCCCGGGAUGCCUAUACCAGUUCCGAUUCUGGACACAUUUGGCGGGGGCUUUCUUCU
.........(((.((((((......))).))).)))(((.((((...(((((((((....)))).))...)))...)))).)))....,-18.80,798517.868,X1,AACACUUAUCGGUGGUCAACUUUUCUUGUAUCCCCGGGAUGCCUAUACCAGUUCCGAUUCUGGACACAUUUGGCGGGGGCUUUCUUCU
.........(((.((((((......))).))).)))(((.((((...(((((((((....)))).))...)))...)))).)))....,-18.80,16295.789,X1,AACACUUAUCGGUGGUCAACUUUUCUUGUAUCCCCGGGAUGCCUAUACCAGUUCCGAUUCUGGACACAUUUGGCGGGGGCUUUCUUCU
.........(((.((((((......))).))).)))(((.((((...(((((((((....)))).))...)))...)))).)))....,-18.80,5385.981,X1,AACACUUAUCGGUGGUCAACUUUUCUUGUAUCCCCGGGAUGCCUAUACCAGUUCCGAUUCUGGACACAUUUGGCGGGGGCUUUCUUCU
.........(((.((((((......))).))).)))(((.((((...(((((((((....)))).))...)))...)))).)))....,-18.80,11283.856,X1,AACACUUAUCGGUGGUCAACUUUUCUUGUAUCCCCGGGAUGCCUAUACCAGUUCCGAUUCUGGACACAUUUGGCGGGGGCUUUCUUCU
.........(((.((((((......))).))).)))(((.((((...(((((((((....)))).))...)))...)))).)))....,-18.80,3317.865,X1,AACACUUAUCGGUGGUCAACUUUUCUUGUAUCCCCGGGAUGCCUAUACCAGUUCCGAUUCUGGACACAUUUGGCGGGGGCUUUCUUCU
.........(((.((((((......))).))).)))(((.((((...(((((((((....)))).))...)))...)))).)))....,-18.80,239809.742,X1,AACACUUAUCGGUGGUCAACUUUUCUUGUAUCCCCGGGAUGCCUAUACCAGUUCCGAUUCUGGACACAUUUGGCGGGGGCUUUCUUCU
.........(((.((((((......))).))).)))(((.((((...(((((((((....)))).))...)))...)))).)))....,-18.80,270318.749,X1,AACACUUAUCGGUGGUCAACUUUUCUUGUAUCCCCGGGAUGCCUAUACCAGUUCCGAUUCUGGACACAUUUGGCGGGGGCUUUCUUCU
.........(((.((((((......))).))).)))(((.((((...(((((((((....)))).))...)))...)))).)))....,-18.80,2012113.237,X1,AACACUUAUCGGUGGUCAACUUUUCUUGUAUCCCCGGGAUGCCUAUACCAGUUCCGAUUCUGGACACAUUUGGCGGGGGCUUUCUUCU
.........(((.((((((......))).))).)))(((.((((...(((((((((....)))).))...)))...)))).)))....,-18.80,1090525.184,X1,AACACUUAUCGGUGGUCAACUUUUCUUGUAUCCCCGGGAUGCCUAUACCAGUUCCGAUUCUGGACACAUUUGGCGGGGGCUUUCUUCU
.........(((.((((((......))).))).)))(((.((((...(((((((((....)))).))...)))...)))).)))....,-18.80,1889615.181,X1,AACACUUAUCGGUGGUCAACUUUUCUUGUAUCCCCGGGAUGCCUAUACCAGUUCCGAUUCUGGACACAUUUGGCGGGGGCUUUCUUCU
.........(((.((((((......))).))).)))(((.((((...(((((((((....)))).))...)))...)))).)))....,-18.80,8716.991,X1,AACACUUAUCGGUGGUCAACUUUUCUUGUAUCCCCGGGAUGCCUAUACCAGUUCCGAUUCUGGACACAUUUGGCGGGGGCUUUCUUCU
.........(((.((((((......))).))).)))(((.((((...(((((((((....)))).))...)))...)))).)))....,-18.80,4651.997,X1,AACACUUAUCGGUGGUCAACUUUUCUUGUAUCCCCGGGAUGCCUAUACCAGUUCCGAUUCUGGACACAUUUGGCGGGGGCUUUCUUCU
.........(((.((((((......))).))).)))(((.((((...(((((((((....)))).))...)))...)))).)))....,-18.80,6314196.338,X1,AACACUUAUCGGUGGUCAACUUUUCUUGUAUCCCCGGGAUGCCUAUACCAGUUCCGAUUCUGGACACAUUUGGCGGGGGCUUUCUUCU
.........(((.((((((......))).))).)))(((.((((...(((((((((....)))).))...)))...)))).)))....,-18.80,1477509.789,X1,AACACUUAUCGGUGGUCAACUUUUCUUGUAUCCCCGGGAUGCCUAUACCAGUUCCGAUUCUGGACACAUUUGGCGGGGGCUUUCUUCU
.........(((.((((((......))).))).)))(((.((((...(((((((((....)))).))...)))...)))).)))....,-18.80,434875.295,X1,AACACUUAUCGGUGGUCAACUUUUCUUGUAUCCCCGGGAUGCCUAUACCAGUUCCGAUUCUGGACACAUUUGGCGGGGGCUUUCUUCU
.........(((.((((((......))).))).)))(((.((((...(((((((((....)))).))...)))...)))).)))....,-18.80,274.674,X1,AACACUUAUCGGUGGUCAACUUUUCUUGUAUCCCCGGGAUGCCUAUACCAGUUCCGAUUCUGGACACAUUUGGCGGGGGCUUUCUUCU
.........(((.((((((......))).))).)))(((.((((...(((((((((....)))).))...)))...)))).)))....,-18.80,91277.278,X1,AACACUUAUCGGUGGUCAACUUUUCUUGUAUCCCCGGGAUGCCUAUACCAGUUCCGAUUCUGGACACAUUUGGCGGGGGCUUUCUUCU
.........(((.((((((......))).))).)))(((.((((...(((((((((....)))).))...)))...)))).)))....,-18.80,7032.972,X1,AACACUUAUCGGUGGUCAACUUUUCUUGUAUCCCCGGGAUGCCUAUACCAGUUCCGAUUCUGGACACAUUUGGCGGGGGCUUUCUUCU
.........(((.((((((......))).))).)))(((.((((...(((((((((....)))).))...)))...)))).)))....,-18.80,232035.320,X1,AACACUUAUCGGUGGUCAACUUUUCUUGUAUCCCCGGGAUGCCUAUACCAGUUCCGAUUCUGGACACAUUUGGCGGGGGCUUUCUUCU
.........(((.((((((......))).))).)))(((.((((...(((((((((....)))).))...)))...)))).)))....,-18.80,62549.656,X1,AACACUUAUCGGUGGUCAACUUUUCUUGUAUCCCCGGGAUGCCUAUACCAGUUCCGAUUCUGGACACAUUUGGCGGGGGCUUUCUUCU
.........(((.((((((......))).))).)))(((.((((...(((((((((....)))).))...)))...)))).)))....,-18.80,86328.423,X1,AACACUUAUCGGUGGUCAACUUUUCUUGUAUCCCCGGGAUGCCUAUACCAGUUCCGAUUCUGGACACAUUUGGCGGGGGCUUUCUUCU
.........(((.((((((......))).))).)))(((.((((...(((((((((....)))).))...)))...)))).)))....,-18.80,10085.972,X1,AACACUUAUCGGUGGUCAACUUUUCUUGUAUCCCCGGGAUGCCUAUACCAGUUCCGAUUCUGGACACAUUUGGCGGGGGCUUUCUUCU
.........(((.((((((......))).))).)))(((.((((...(((((((((....)))).))...)))...)))).)))....,-18.80,4799437.928,X1,AACACUUAUCGGUGGUCAACUUUUCUUGUAUCCCCGGGAUGCCUAUACCAGUUCCGAUUCUGGACACAUUUGGCGGGGGCUUUCUUCU
.........(((.((((((......))).))).)))(((.((((...(((((((((....)))).))...)))...)))).)))....,-18.80,276.068,X1,AACACUUAUCGGUGGUCAACUUUUCUUGUAUCCCCGGGAUGCCUAUACCAGUUCCGAUUCUGGACACAUUUGGCGGGGGCUUUCUUCU
.........(((.((((((......))).))).)))(((.((((...(((((((((....)))).))...)))...)))).)))....,-18.80,1354219.026,X1,AACACUUAUCGGUGGUCAACUUUUCUUGUAUCCCCGGGAUGCCUAUACCAGUUCCGAUUCUGGACACAUUUGGCGGGGGCUUUCUUCU
.........(((.((((((......))).))).)))(((.((((...(((((((((....)))).))...)))...)))).)))....,-18.80,207.995,X1,AACACUUAUCGGUGGUCAACUUUUCUUGUAUCCCCGGGAUGCCUAUACCAGUUCCGAUUCUGGACACAUUUGGCGGGGGCUUUCUUCU
.........(((.((((((......))).))).)))(((.((((...(((((((((....)))).))...)))...)))).)))....,-18.80,1462384.229,X1,AACACUUAUCGGUGGUCAACUUUUCUUGUAUCCCCGGGAUGCCUAUACCAGUUCCGAUUCUGGACACAUUUGGCGGGGGCUUUCUUCU
.........(((.((((((......))).))).)))(((.((((...(((((((((....)))).))...)))...)))).)))....,-18.80,2247438.183,X1,AACACUUAUCGGUGGUCAACUUUUCUUGUAUCCCCGGGAUGCCUAUACCAGUUCCGAUUCUGGACACAUUUGGCGGGGGCUUUCUUCU
.........(((.((((((......))).))).)))(((.((((...(((((((((....)))).))...)))...)))).)))....,-18.80,10930.384,X1,AACACUUAUCGGUGGUCAACUUUUCUUGUAUCCCCGGGAUGCCUAUACCAGUUCCGAUUCUGGACACAUUUGGCGGGGGCUUUCUUCU
.........(((.((((((......))).))).)))(((.((((...(((((((((....)))).))...)))...)))).)))....,-18.80,4378.688,X1,AACACUUAUCGGUGGUCAACUUUUCUUGUAUCCCCGGGAUGCCUAUACCAGUUCCGAUUCUGGACACAUUUGGCGGGGGCUUUCUUCU
.........(((.((((((......))).))).)))(((.((((...(((((((((....)))).))...)))...)))).)))....,-18.80,376927.427,X1,AACACUUAUCGGUGGUCAACUUUUCUUGUAUCCCCGGGAUGCCUAUACCAGUUCCGAUUCUGGACACAUUUGGCGGGGGCUUUCUUCU
.........(((.((((((......))).))).)))(((.((((...(((((((((....)))).))...)))...)))).)))....,-18.80,1093599.308,X1,AACACUUAUCGGUGGUCAACUUUUCUUGUAUCCCCGGGAUGCCUAUACCAGUUCCGAUUCUGGACACAUUUGGCGGGGGCUUUCUUCU
.........(((.((((((......))).))).)))(((.((((...(((((((((....)))).))...)))...)))).)))....,-18.80,1293.013,X1,AACACUUAUCGGUGGUCAACUUUUCUUGUAUCCCCGGGAUGCCUAUACCAGUUCCGAUUCUGGACACAUUUGGCGGGGGCUUUCUUCU
.........(((.((((((......))).))).)))(((.((((...(((((((((....)))).))...)))...)))).)))....,-18.80,331092.886,X1,AACACUUAUCGGUGGUCAACUUUUCUUGUAUCCCCGGGAUGCCUAUACCAGUUCCGAUUCUGGACACAUUUGGCGGGGGCUUUCUUCU
.........(((.((((((......))).))).)))(((.((((...(((((((((....)))).))...)))...)))).)))....,-18.80,626.963,X1,AACACUUAUCGGUGGUCAACUUUUCUUGUAUCCCCGGGAUGCCUAUACCAGUUCCGAUUCUGGACACAUUUGGCGGGGGCUUUCUUCU
.........(((.((((((......))).))).)))(((.((((...(((((((((....)))).))...)))...)))).)))....,-18.80,18789.494,X1,AACACUUAUCGGUGGUCAACUUUUCUUGUAUCCCCGGGAUGCCUAUACCAGUUCCGAUUCUGGACACAUUUGGCGGGGGCUUUCUUCU
.........(((.((((((......))).))).)))(((.((((...(((((((((....)))).))...)))...)))).)))....,-18.80,3373.360,X1,AACACUUAUCGGUGGUCAACUUUUCUUGUAUCCCCGGGAUGCCUAUACCAGUUCCGAUUCUGGACACAUUUGGCGGGGGCUUUCUUCU
.........(((.((((((......))).))).)))(((.((((...(((((((((....)))).))...)))...)))).)))....,-18.80,3455.384,X1,AACACUUAUCGGUGGUCAACUUUUCUUGUAUCCCCGGGAUGCCUAUACCAGUUCCGAUUCUGGACACAUUUGGCGGGGGCUUUCUUCU
.........(((.((((((......))).))).)))(((.((((...(((((((((....)))).))...)))...)))).)))....,-18.80,477.536,X1,AACACUUAUCGGUGGUCAACUUUUCUUGUAUCCCCGGGAUGCCUAUACCAGUUCCGAUUCUGGACACAUUUGGCGGGGGCUUUCUUCU
.........(((.((((((......))).))).)))(((.((((...(((((((((....)))).))...)))...)))).)))....,-18.80,225773.042,X1,AACACUUAUCGGUGGUCAACUUUUCUUGUAUCCCCGGGAUGCCUAUACCAGUUCCGAUUCUGGACACAUUUGGCGGGGGCUUUCUUCU
.........(((.((((((......))).))).)))(((.((((...(((((((((....)))).))...)))...)))).)))....,-18.80,5864.584,X1,AACACUUAUCGGUGGUCAACUUUUCUUGUAUCCCCGGGAUGCCUAUACCAGUUCCGAUUCUGGACACAUUUGGCGGGGGCUUUCUUCU
.........(((.((((((......))).))).)))(((.((((...(((((((((....)))).))...)))...)))).)))....,-18.80,69.588,X1,AACACUUAUCGGUGGUCAACUUUUCUUGUAUCCCCGGGAUGCCUAUACCAGUUCCGAUUCUGGACACAUUUGGCGGGGGCUUUCUUCU
.........(((.((((((......))).))).)))(((.((((...(((((((((....)))).))...)))...)))).)))....,-18.80,4722.560,X1,AACACUUAUCGGUGGUCAACUUUUCUUGUAUCCCCGGGAUGCCUAUACCAGUUCCGAUUCUGGACACAUUUGGCGGGGGCUUUCUUCU
.........(((.((((((......))).))).)))(((.((((...(((((((((....)))).))...)))...)))).)))....,-18.80,1193.439,X1,AACACUUAUCGGUGGUCAACUUUUCUUGUAUCCCCGGGAUGCCUAUACCAGUUCCGAUUCUGGACACAUUUGGCGGGGGCUUUCUUCU
.........(((.((((((......))).))).)))(((.((((...(((((((((....)))).))...)))...)))).)))....,-18.80,22253.606,X1,AACACUUAUCGGUGGUCAACUUUUCUUGUAUCCCCGGGAUGCCUAUACCAGUUCCGAUUCUGGACACAUUUGGCGGGGGCUUUCUUCU
.........(((.((((((......))).))).)))(((.((((...(((((((((....)))).))...)))...)))).)))....,-18.80,289.207,X1,AACACUUAUCGGUGGUCAACUUUUCUUGUAUCCCCGGGAUGCCUAUACCAGUUCCGAUUCUGGACACAUUUGGCGGGGGCUUUCUUCU
.........(((.((((((......))).))).)))(((.((((...(((((((((....)))).))...)))...)))).)))....,-18.80,1896.319,X1,AACACUUAUCGGUGGUCAACUUUUCUUGUAUCCCCGGGAUGCCUAUACCAGUUCCGAUUCUGGACACAUUUGGCGGGGGCUUUCUUCU
.........(((.((((((......))).))).)))(((.((((...(((((((((....)))).))...)))...)))).)))....,-18.80,26485.093,X1,AACACUUAUCGGUGGUCAACUUUUCUUGUAUCCCCGGGAUGCCUAUACCAGUUCCGAUUCUGGACACAUUUGGCGGGGGCUUUCUUCU
.........(((.((((((......))).))).)))(((.((((...(((((((((....)))).))...)))...)))).)))....,-18.80,409404.526,X1,AACACUUAUCGGUGGUCAACUUUUCUUGUAUCCCCGGGAUGCCUAUACCAGUUCCGAUUCUGGACACAUUUGGCGGGGGCUUUCUUCU
.........(((.((((((......))).))).)))(((.((((...(((((((((....)))).))...)))...)))).)))....,-18.80,271.636,X1,AACACUUAUCGGUGGUCAACUUUUCUUGUAUCCCCGGGAUGCCUAUACCAGUUCCGAUUCUGGACACAUUUGGCGGGGGCUUUCUUCU
.........(((.((((((......))).))).)))(((.((((...(((((((((....)))).))...)))...)))).)))....,-18.80,4411.186,X1,AACACUUAUCGGUGGUCAACUUUUCUUGUAUCCCCGGGAUGCCUAUACCAGUUCCGAUUCUGGACACAUUUGGCGGGGGCUUUCUUCU
.........(((.((((((......))).))).)))(((.((((...(((((((((....)))).))...)))...)))).)))....,-18.80,601915.872,X1,AACACUUAUCGGUGGUCAACUUUUCUUGUAUCCCCGGGAUGCCUAUACCAGUUCCGAUUCUGGACACAUUUGGCGGGGGCUUUCUUCU
.........(((.((((((......))).))).)))(((.((((...(((((((((....)))).))...)))...)))).)))....,-18.80,449.455,X1,AACACUUAUCGGUGGUCAACUUUUCUUGUAUCCCCGGGAUGCCUAUACCAGUUCCGAUUCUGGACACAUUUGGCGGGGGCUUUCUUCU
.........(((.((((((......))).))).)))(((.((((...(((((((((....)))).))...)))...)))).)))....,-18.80,6617666.784,X1,AACACUUAUCGGUGGUCAACUUUUCUUGUAUCCCCGGGAUGCCUAUACCAGUUCCGAUUCUGGACACAUUUGGCGGGGGCUUUCUUCU
.........(((.((((((......))).))).)))(((.((((...(((((((((....)))).))...)))...)))).)))....,-18.80,21761.345,X1,AACACUUAUCGGUGGUCAACUUUUCUUGUAUCCCCGGGAUGCCUAUACCAGUUCCGAUUCUGGACACAUUUGGCGGGGGCUUUCUUCU
.........(((.((((((......))).))).)))(((.((((...(((((((((....)))).))...)))...)))).)))....,-18.80,2034076.925,X1,AACACUUAUCGGUGGUCAACUUUUCUUGUAUCCCCGGGAUGCCUAUACCAGUUCCGAUUCUGGACACAUUUGGCGGGGGCUUUCUUCU
.........(((.((((((......))).))).)))(((.((((...(((((((((....)))).))...)))...)))).)))....,-18.80,78694.074,X1,AACACUUAUCGGUGGUCAACUUUUCUUGUAUCCCCGGGAUGCCUAUACCAGUUCCGAUUCUGGACACAUUUGGCGGGGGCUUUCUUCU
.........(((.((((((......))).))).)))(((.((((...(((((((((....)))).))...)))...)))).)))....,-18.80,1265.531,X1,AACACUUAUCGGUGGUCAACUUUUCUUGUAUCCCCGGGAUGCCUAUACCAGUUCCGAUUCUGGACACAUUUGGCGGGGGCUUUCUUCU
.........(((.((((((......))).))).)))(((.((((...(((((((((....)))).))...)))...)))).)))....,-18.80,42612.856,X1,AACACUUAUCGGUGGUCAACUUUUCUUGUAUCCCCGGGAUGCCUAUACCAGUUCCGAUUCUGGACACAUUUGGCGGGGGCUUUCUUCU
.........(((.((((((......))).))).)))(((.((((...(((((((((....)))).))...)))...)))).)))....,-18.80,1379.360,X1,AACACUUAUCGGUGGUCAACUUUUCUUGUAUCCCCGGGAUGCCUAUACCAGUUCCGAUUCUGGACACAUUUGGCGGGGGCUUUCUUCU
.........(((.((((((......))).))).)))(((.((((...(((((((((....)))).))...)))...)))).)))....,-18.80,633.358,X1,AACACUUAUCGGUGGUCAACUUUUCUUGUAUCCCCGGGAUGCCUAUACCAGUUCCGAUUCUGGACACAUUUGGCGGGGGCUUUCUUCU
.........(((.((((((......))).))).)))(((.((((...(((((((((....)))).))...)))...)))).)))....,-18.80,97736.970,X1,AACACUUAUCGGUGGUCAACUUUUCUUGUAUCCCCGGGAUGCCUAUACCAGUUCCGAUUCUGGACACAUUUGGCGGGGGCUUUCUUCU
.........(((.((((((......))).))).)))(((.((((...(((((((((....)))).))...)))...)))).)))....,-18.80,11190.108,X1,AACACUUAUCGGUGGUCAACUUUUCUUGUAUCCCCGGGAUGCCUAUACCAGUUCCGAUUCUGGACACAUUUGGCGGGGGCUUUCUUCU
.........(((.((((((......))).))).)))(((.((((...(((((((((....)))).))...)))...)))).)))....,-18.80,3887.128,X1,AACACUUAUCGGUGGUCAACUUUUCUUGUAUCCCCGGGAUGCCUAUACCAGUUCCGAUUCUGGACACAUUUGGCGGGGGCUUUCUUCU
.........(((.((((((......))).))).)))(((.((((...(((((((((....)))).))...)))...)))).)))....,-18.80,1189.308,X1,AACACUUAUCGGUGGUCAACUUUUCUUGUAUCCCCGGGAUGCCUAUACCAGUUCCGAUUCUGGACACAUUUGGCGGGGGCUUUCUUCU
.........(((.((((((......))).))).)))(((.((((...(((((((((....)))).))...)))...)))).)))....,-18.80,49116.481,X1,AACACUUAUCGGUGGUCAACUUUUCUUGUAUCCCCGGGAUGCCUAUACCAGUUCCGAUUCUGGACACAUUUGGCGGGGGCUUUCUUCU
.........(((.((((((......))).))).)))(((.((((...(((((((((....)))).))...)))...)))).)))....,-18.80,24359.376,X1,AACACUUAUCGGUGGUCAACUUUUCUUGUAUCCCCGGGAUGCCUAUACCAGUUCCGAUUCUGGACACAUUUGGCGGGGGCUUUCUUCU
.........(((.((((((......))).))).)))(((.((((...(((((((((....)))).))...)))...)))).)))....,-18.80,4060166.675,X1,AACACUUAUCGGUGGUCAACUUUUCUUGUAUCCCCGGGAUGCCUAUACCAGUUCCGAUUCUGGACACAUUUGGCGGGGGCUUUCUUCU
.........(((.((((((......))).))).)))(((.((((...(((((((((....)))).))...)))...)))).)))....,-18.80,28930.760,X1,AACACUUAUCGGUGGUCAACUUUUCUUGUAUCCCCGGGAUGCCUAUACCAGUUCCGAUUCUGGACACAUUUGGCGGGGGCUUUCUUCU
.........(((.((((((......))).))).)))(((.((((...(((((((((....)))).))...)))...)))).)))....,-18.80,1399992.694,X1,AACACUUAUCGGUGGUCAACUUUUCUUGUAUCCCCGGGAUGCCUAUACCAGUUCCGAUUCUGGACACAUUUGGCGGGGGCUUUCUUCU
.........(((.((((((......))).))).)))(((.((((...(((((((((....)))).))...)))...)))).)))....,-18.80,414202.784,X1,AACACUUAUCGGUGGUCAACUUUUCUUGUAUCCCCGGGAUGCCUAUACCAGUUCCGAUUCUGGACACAUUUGGCGGGGGCUUUCUUCU
.........(((.((((((......))).))).)))(((.((((...(((((((((....)))).))...)))...)))).)))....,-18.80,633607.481,X1,AACACUUAUCGGUGGUCAACUUUUCUUGUAUCCCCGGGAUGCCUAUACCAGUUCCGAUUCUGGACACAUUUGGCGGGGGCUUUCUUCU
.........(((.((((((......))).))).)))(((.((((...(((((((((....)))).))...)))...)))).)))....,-18.80,13780.924,X1,AACACUUAUCGGUGGUCAACUUUUCUUGUAUCCCCGGGAUGCCUAUACCAGUUCCGAUUCUGGACACAUUUGGCGGGGGCUUUCUUCU
.........(((.((((((......))).))).)))(((.((((...(((((((((....)))).))...)))...)))).)))....,-18.80,22004.797,X1,AACACUUAUCGGUGGUCAACUUUUCUUGUAUCCCCGGGAUGCCUAUACCAGUUCCGAUUCUGGACACAUUUGGCGGGGGCUUUCUUCU
.........(((.((((((......))).))).)))(((.((((...(((((((((....)))).))...)))...)))).)))....,-18.80,135592.974,X1,AACACUUAUCGGUGGUCAACUUUUCUUGUAUCCCCGGGAUGCCUAUACCAGUUCCGAUUCUGGACACAUUUGGCGGGGGCUUUCUUCU
.........(((.((((((......))).))).)))(((.((((...(((((((((....)))).))...)))...)))).)))....,-18.80,19647.790,X1,AACACUUAUCGGUGGUCAACUUUUCUUGUAUCCCCGGGAUGCCUAUACCAGUUCCGAUUCUGGACACAUUUGGCGGGGGCUUUCUUCU
.........(((.((((((......))).))).)))(((.((((...(((((((((....)))).))...)))...)))).)))....,-18.80,430677.714,X1,AACACUUAUCGGUGGUCAACUUUUCUUGUAUCCCCGGGAUGCCUAUACCAGUUCCGAUUCUGGACACAUUUGGCGGGGGCUUUCUUCU
.........(((.((((((......))).))).)))(((.((((...(((((((((....)))).))...)))...)))).)))....,-18.80,687.586,X1,AACACUUAUCGGUGGUCAACUUUUCUUGUAUCCCCGGGAUGCCUAUACCAGUUCCGAUUCUGGACACAUUUGGCGGGGGCUUUCUUCU
.........(((.((((((......))).))).)))(((.((((...(((((((((....)))).))...)))...)))).)))....,-18.80,361.210,X1,AACACUUAUCGGUGGUCAACUUUUCUUGUAUCCCCGGGAUGCCUAUACCAGUUCCGAUUCUGGACACAUUUGGCGGGGGCUUUCUUCU
.........(((.((((((......))).))).)))(((.((((...(((((((((....)))).))...)))...)))).)))....,-18.80,1493090.625,X1,AACACUUAUCGGUGGUCAACUUUUCUUGUAUCCCCGGGAUGCCUAUACCAGUUCCGAUUCUGGACACAUUUGGCGGGGGCUUUCUUCU
.........(((.((((((......))).))).)))(((.((((...(((((((((....)))).))...)))...)))).)))....,-18.80,1712664.830,X1,AACACUUAUCGGUGGUCAACUUUUCUUGUAUCCCCGGGAUGCCUAUACCAGUUCCGAUUCUGGACACAUUUGGCGGGGGCUUUCUUCU
.........(((.((((((......))).))).)))(((.((((...(((((((((....)))).))...)))...)))).)))....,-18.80,266.671,X1,AACACUUAUCGGUGGUCAACUUUUCUUGUAUCCCCGGGAUGCCUAUACCAGUUCCGAUUCUGGACACAUUUGGCGGGGGCUUUCUUCU
.........(((.((((((......))).))).)))(((.((((...(((((((((....)))).))...)))...)))).)))....,-18.80,4247982.277,X1,AACACUUAUCGGUGGUCAACUUUUCUUGUAUCCCCGGGAUGCCUAUACCAGUUCCGAUUCUGGACACAUUUGGCGGGGGCUUUCUUCU
.........(((.((((((......))).))).)))(((.((((...(((((((((....)))).))...)))...)))).)))....,-18.80,107.281,X1,AACACUUAUCGGUGGUCAACUUUUCUUGUAUCCCCGGGAUGCCUAUACCAGUUCCGAUUCUGGACACAUUUGGCGGGGGCUUUCUUCU
.........(((.((((((......))).))).)))(((.((((...(((((((((....)))).))...)))...)))).)))....,-18.80,15289.777,X1,AACACUUAUCGGUGGUCAACUUUUCUUGUAUCCCCGGGAUGCCUAUACCAGUUCCGAUUCUGGACACAUUUGGCGGGGGCUUUCUUCU
.........(((.((((((......))).))).)))(((.((((...(((((((((....)))).))...)))...)))).)))....,-18.80,348.877,X1,AACACUUAUCGGUGGUCAACUUUUCUUGUAUCCCCGGGAUGCCUAUACCAGUUCCGAUUCUGGACACAUUUGGCGGGGGCUUUCUUCU
.........(((.((((((......))).))).)))(((.((((...(((((((((....)))).))...)))...)))).)))....,-18.80,92.397,X1,AACACUUAUCGGUGGUCAACUUUUCUUGUAUCCCCGGGAUGCCUAUACCAGUUCCGAUUCUGGACACAUUUGGCGGGGGCUUUCUUCU
.........(((.((((((......))).))).)))(((.((((...(((((((((....)))).))...)))...)))).)))....,-18.80,1192.781,X1,AACACUUAUCGGUGGUCAACUUUUCUUGUAUCCCCGGGAUGCCUAUACCAGUUCCGAUUCUGGACACAUUUGGCGGGGGCUUUCUUCU
.........(((.((((((......))).))).)))(((.((((...(((((((((....)))).))...)))...)))).)))....,-18.80,253.599,X1,AACACUUAUCGGUGGUCAACUUUUCUUGUAUCCCCGGGAUGCCUAUACCAGUUCCGAUUCUGGACACAUUUGGCGGGGGCUUUCUUCU
.........(((.((((((......))).))).)))(((.((((...(((((((((....)))).))...)))...)))).)))....,-18.80,5466.599,X1,AACACUUAUCGGUGGUCAACUUUUCUUGUAUCCCCGGGAUGCCUAUACCAGUUCCGAUUCUGGACACAUUUGGCGGGGGCUUUCUUCU
.........(((.((((((......))).))).)))(((.((((...(((((((((....)))).))...)))...)))).)))....,-18.80,863733.308,X1,AACACUUAUCGGUGGUCAACUUUUCUUGUAUCCCCGGGAUGCCUAUACCAGUUCCGAUUCUGGACACAUUUGGCGGGGGCUUUCUUCU
.........(((.((((((......))).))).)))(((.((((...(((((((((....)))).))...)))...)))).)))....,-18.80,5012749.024,X1,AACACUUAUCGGUGGUCAACUUUUCUUGUAUCCCCGGGAUGCCUAUACCAGUUCCGAUUCUGGACACAUUUGGCGGGGGCUUUCUUCU
.........(((.((((((......))).))).)))(((.((((...(((((((((....)))).))...)))...)))).)))....,-18.80,52647.338,X1,AACACUUAUCGGUGGUCAACUUUUCUUGUAUCCCCGGGAUGCCUAUACCAGUUCCGAUUCUGGACACAUUUGGCGGGGGCUUUCUUCU
.........(((.((((((......))).))).)))(((.((((...(((((((((....)))).))...)))...)))).)))....,-18.80,3643.483,X1,AACACUUAUCGGUGGUCAACUUUUCUUGUAUCCCCGGGAUGCCUAUACCAGUUCCGAUUCUGGACACAUUUGGCGGGGGCUUUCUUCU
.........(((.((((((......))).))).)))(((.((((...(((((((((....)))).))...)))...)))).)))....,-18.80,834637.263,X1,AACACUUAUCGGUGGUCAACUUUUCUUGUAUCCCCGGGAUGCCUAUACCAGUUCCGAUUCUGGACACAUUUGGCGGGGGCUUUCUUCU
.........(((.((((((......))).))).)))(((.((((...(((((((((....)))).))...)))...)))).)))....,-18.80,5944247.926,X1,AACACUUAUCGGUGGUCAACUUUUCUUGUAUCCCCGGGAUGCCUAUACCAGUUCCGAUUCUGGACACAUUUGGCGGGGGCUUUCUUCU
.........(((.((((((......))).))).)))(((.((((...(((((((((....)))).))...)))...)))).)))....,-18.80,311246.197,X1,AACACUUAUCGGUGGUCAACUUUUCUUGUAUCCCCGGGAUGCCUAUACCAGUUCCGAUUCUGGACACAUUUGGCGGGGGCUUUCUUCU
.........(((.((((((......))).))).)))(((.((((...(((((((((....)))).))...)))...)))).)))....,-18.80,3964.725,X1,AACACUUAUCGGUGGUCAACUUUUCUUGUAUCCCCGGGAUGCCUAUACCAGUUCCGAUUCUGGACACAUUUGGCGGGGGCUUUCUUCU
.........(((.((((((......))).))).)))(((.((((...(((((((((....)))).))...)))...)))).)))....,-18.80,26783.411,X1,AACACUUAUCGGUGGUCAACUUUUCUUGUAUCCCCGGGAUGCCUAUACCAGUUCCGAUUCUGGACACAUUUGGCGGGGGCUUUCUUCU
.........(((.((((((......))).))).)))(((.((((...(((((((((....)))).))...)))...)))).)))....,-18.80,183634.511,X1,AACACUUAUCGGUGGUCAACUUUUCUUGUAUCCCCGGGAUGCCUAUACCAGUUCCGAUUCUGGACACAUUUGGCGGGGGCUUUCUUCU
.........(((.((((((......))).))).)))(((.((((...(((((((((....)))).))...)))...)))).)))....,-18.80,1428.066,X1,AACACUUAUCGGUGGUCAACUUUUCUUGUAUCCCCGGGAUGCCUAUACCAGUUCCGAUUCUGGACACAUUUGGCGGGGGCUUUCUUCU
.........(((.((((((......))).))).)))(((.((((...(((((((((....)))).))...)))...)))).)))....,-18.80,19524.760,X1,AACACUUAUCGGUGGUCAACUUUUCUUGUAUCCCCGGGAUGCCUAUACCAGUUCCGAUUCUGGACACAUUUGGCGGGGGCUUUCUUCU
.........(((.((((((......))).))).)))(((.((((...(((((((((....)))).))...)))...)))).)))....,-18.80,1383016.342,X1,AACACUUAUCGGUGGUCAACUUUUCUUGUAUCCCCGGGAUGCCUAUACCAGUUCCGAUUCUGGACACAUUUGGCGGGGGCUUUCUUCU
.........(((.((((((......))).))).)))(((.((((...(((((((((....)))).))...)))...)))).)))....,-18.80,195.577,X1,AACACUUAUCGGUGGUCAACUUUUCUUGUAUCCCCGGGAUGCCUAUACCAGUUCCGAUUCUGGACACAUUUGGCGGGGGCUUUCUUCU
.........(((.((((((......))).))).)))(((.((((...(((((((((....)))).))...)))...)))).)))....,-18.80,80.736,X1,AACACUUAUCGGUGGUCAACUUUUCUUGUAUCCCCGGGAUGCCUAUACCAGUUCCGAUUCUGGACACAUUUGGCGGGGGCUUUCUUCU
.........(((.((((((......))).))).)))(((.((((...(((((((((....)))).))...)))...)))).)))....,-18.80,467937.051,X1,AACACUUAUCGGUGGUCAACUUUUCUUGUAUCCCCGGGAUGCCUAUACCAGUUCCGAUUCUGGACACAUUUGGCGGGGGCUUUCUUCU
.........(((.((((((......))).))).)))(((.((((...(((((((((....)))).))...)))...)))).)))....,-18.80,18315.583,X1,AACACUUAUCGGUGGUCAACUUUUCUUGUAUCCCCGGGAUGCCUAUACCAGUUCCGAUUCUGGACACAUUUGGCGGGGGCUUUCUUCU
.........(((.((((((......))).))).)))(((.((((...(((((((((....)))).))...)))...)))).)))....,-18.80,2161900.266,X1,AACACUUAUCGGUGGUCAACUUUUCUUGUAUCCCCGGGAUGCCUAUACCAGUUCCGAUUCUGGACACAUUUGGCGGGGGCUUUCUUCU
.........(((.((((((......))).))).)))(((.((((...(((((((((....)))).))...)))...)))).)))....,-18.80,9002.821,X1,AACACUUAUCGGUGGUCAACUUUUCUUGUAUCCCCGGGAUGCCUAUACCAGUUCCGAUUCUGGACACAUUUGGCGGGGGCUUUCUUCU
.........(((.((((((......))).))).)))(((.((((...(((((((((....)))).))...)))...)))).)))....,-18.80,12059.020,X1,AACACUUAUCGGUGGUCAACUUUUCUUGUAUCCCCGGGAUGCCUAUACCAGUUCCGAUUCUGGACACAUUUGGCGGGGGCUUUCUUCU
.........(((.((((((......))).))).)))(((.((((...(((((((((....)))).))...)))...)))).)))....,-18.80,95656.547,X1,AACACUUAUCGGUGGUCAACUUUUCUUGUAUCCCCGGGAUGCCUAUACCAGUUCCGAUUCUGGACACAUUUGGCGGGGGCUUUCUUCU
.........(((.((((((......))).))).)))(((.((((...(((((((((....)))).))...)))...)))).)))....,-18.80,38658.620,X1,AACACUUAUCGGUGGUCAACUUUUCUUGUAUCCCCGGGAUGCCUAUACCAGUUCCGAUUCUGGACACAUUUGGCGGGGGCUUUCUUCU
.........(((.((((((......))).))).)))(((.((((...(((((((((....)))).))...)))...)))).)))....,-18.80,1930.092,X1,AACACUUAUCGGUGGUCAACUUUUCUUGUAUCCCCGGGAUGCCUAUACCAGUUCCGAUUCUGGACACAUUUGGCGGGGGCUUUCUUCU
.........(((.((((((......))).))).)))(((.((((...(((((((((....)))).))...)))...)))).)))....,-18.80,4451.577,X1,AACACUUAUCGGUGGUCAACUUUUCUUGUAUCCCCGGGAUGCCUAUACCAGUUCCGAUUCUGGACACAUUUGGCGGGGGCUUUCUUCU
.........(((.((((((......))).))).)))(((.((((...(((((((((....)))).))...)))...)))).)))....,-18.80,286990.043,X1,AACACUUAUCGGUGGUCAACUUUUCUUGUAUCCCCGGGAUGCCUAUACCAGUUCCGAUUCUGGACACAUUUGGCGGGGGCUUUCUUCU
.........(((.((((((......))).))).)))(((.((((...(((((((((....)))).))...)))...)))).)))....,-18.80,1944181.913,X1,AACACUUAUCGGUGGUCAACUUUUCUUGUAUCCCCGGGAUGCCUAUACCAGUUCCGAUUCUGGACACAUUUGGCGGGGGCUUUCUUCU
.........(((.((((((......))).))).)))(((.((((...(((((((((....)))).))...)))...)))).)))....,-18.80,36743.575,X1,AACACUUAUCGGUGGUCAACUUUUCUUGUAUCCCCGGGAUGCCUAUACCAGUUCCGAUUCUGGACACAUUUGGCGGGGGCUUUCUUCU
.........(((.((((((......))).))).)))(((.((((...(((((((((....)))).))...)))...)))).)))....,-18.80,1510.643,X1,AACACUUAUCGGUGGUCAACUUUUCUUGUAUCCCCGGGAUGCCUAUACCAGUUCCGAUUCUGGACACAUUUGGCGGGGGCUUUCUUCU
.........(((.((((((......))).))).)))(((.((((...(((((((((....)))).))...)))...)))).)))....,-18.80,919.994,X1,AACACUUAUCGGUGGUCAACUUUUCUUGUAUCCCCGGGAUGCCUAUACCAGUUCCGAUUCUGGACACAUUUGGCGGGGGCUUUCUUCU
.........(((.((((((......))).))).)))(((.((((...(((((((((....)))).))...)))...)))).)))....,-18.80,1341265.393,X1,AACACUUAUCGGUGGUCAACUUUUCUUGUAUCCCCGGGAUGCCUAUACCAGUUCCGAUUCUGGACACAUUUGGCGGGGGCUUUCUUCU
.........(((.((((((......))).))).)))(((.((((...(((((((((....)))).))...)))...)))).)))....,-18.80,119.921,X1,AACACUUAUCGGUGGUCAACUUUUCUUGUAUCCCCGGGAUGCCUAUACCAGUUCCGAUUCUGGACACAUUUGGCGGGGGCUUUCUUCU
.........(((.((((((......))).))).)))(((.((((...(((((((((....)))).))...)))...)))).)))....,-18.80,229.593,X1,AACACUUAUCGGUGGUCAACUUUUCUUGUAUCCCCGGGAUGCCUAUACCAGUUCCGAUUCUGGACACAUUUGGCGGGGGCUUUCUUCU
.........(((.((((((......))).))).)))(((.((((...(((((((((....)))).))...)))...)))).)))....,-18.80,2575552.914,X1,AACACUUAUCGGUGGUCAACUUUUCUUGUAUCCCCGGGAUGCCUAUACCAGUUCCGAUUCUGGACACAUUUGGCGGGGGCUUUCUUCU
.........(((.((((((......))).))).)))(((.((((...(((((((((....)))).))...)))...)))).)))....,-18.80,1729.158,X1,AACACUUAUCGGUGGUCAACUUUUCUUGUAUCCCCGGGAUGCCUAUACCAGUUCCGAUUCUGGACACAUUUGGCGGGGGCUUUCUUCU
.........(((.((((((......))).))).)))(((.((((...(((((((((....)))).))...)))...)))).)))....,-18.80,1476336.228,X1,AACACUUAUCGGUGGUCAACUUUUCUUGUAUCCCCGGGAUGCCUAUACCAGUUCCGAUUCUGGACACAUUUGGCGGGGGCUUUCUUCU
.........(((.((((((......))).))).)))(((.((((...(((((((((....)))).))...)))...)))).)))....,-18.80,3436.759,X1,AACACUUAUCGGUGGUCAACUUUUCUUGUAUCCCCGGGAUGCCUAUACCAGUUCCGAUUCUGGACACAUUUGGCGGGGGCUUUCUUCU
.........(((.((((((......))).))).)))(((.((((...(((((((((....)))).))...)))...)))).)))....,-18.80,3587.481,X1,AACACUUAUCGGUGGUCAACUUUUCUUGUAUCCCCGGGAUGCCUAUACCAGUUCCGAUUCUGGACACAUUUGGCGGGGGCUUUCUUCU
.........(((.((((((......))).))).)))(((.((((...(((((((((....)))).))...)))...)))).)))....,-18.80,377.035,X1,AACACUUAUCGGUGGUCAACUUUUCUUGUAUCCCCGGGAUGCCUAUACCAGUUCCGAUUCUGGACACAUUUGGCGGGGGCUUUCUUCU
.........(((.((((((......))).))).)))(((.((((...(((((((((....)))).))...)))...)))).)))....,-18.80,449.178,X1,AACACUUAUCGGUGGUCAACUUUUCUUGUAUCCCCGGGAUGCCUAUACCAGUUCCGAUUCUGGACACAUUUGGCGGGGGCUUUCUUCU
.........(((.((((((......))).))).)))(((.((((...(((((((((....)))).))...)))...)))).)))....,-18.80,501.903,X1,AACACUUAUCGGUGGUCAACUUUUCUUGUAUCCCCGGGAUGCCUAUACCAGUUCCGAUUCUGGACACAUUUGGCGGGGGCUUUCUUCU
.........(((.((((((......))).))).)))(((.((((...(((((((((....)))).))...)))...)))).)))....,-18.80,5477.354,X1,AACACUUAUCGGUGGUCAACUUUUCUUGUAUCCCCGGGAUGCCUAUACCAGUUCCGAUUCUGGACACAUUUGGCGGGGGCUUUCUUCU
.........(((.((((((......))).))).)))(((.((((...(((((((((....)))).))...)))...)))).)))....,-18.80,5066.202,X1,AACACUUAUCGGUGGUCAACUUUUCUUGUAUCCCCGGGAUGCCUAUACCAGUUCCGAUUCUGGACACAUUUGGCGGGGGCUUUCUUCU
.........(((.((((((......))).))).)))(((.((((...(((((((((....)))).))...)))...)))).)))....,-18.80,4677270.346,X1,AACACUUAUCGGUGGUCAACUUUUCUUGUAUCCCCGGGAUGCCUAUACCAGUUCCGAUUCUGGACACAUUUGGCGGGGGCUUUCUUCU
.........(((.((((((......))).))).)))(((.((((...(((((((((....)))).))...)))...)))).)))....,-18.80,1054705.919,X1,AACACUUAUCGGUGGUCAACUUUUCUUGUAUCCCCGGGAUGCCUAUACCAGUUCCGAUUCUGGACACAUUUGGCGGGGGCUUUCUUCU
.........(((.((((((......))).))).)))(((.((((...(((((((((....)))).))...)))...)))).)))....,-18.80,5692.207,X1,AACACUUAUCGGUGGUCAACUUUUCUUGUAUCCCCGGGAUGCCUAUACCAGUUCCGAUUCUGGACACAUUUGGCGGGGGCUUUCUUCU
.........(((.((((((......))).))).)))(((.((((...(((((((((....)))).))...)))...)))).)))....,-18.80,253.728,X1,AACACUUAUCGGUGGUCAACUUUUCUUGUAUCCCCGGGAUGCCUAUACCAGUUCCGAUUCUGGACACAUUUGGCGGGGGCUUUCUUCU
.........(((.((((((......))).))).)))(((.((((...(((((((((....)))).))...)))...)))).)))....,-18.80,33388.642,X1,AACACUUAUCGGUGGUCAACUUUUCUUGUAUCCCCGGGAUGCCUAUACCAGUUCCGAUUCUGGACACAUUUGGCGGGGGCUUUCUUCU
.........(((.((((((......))).))).)))(((.((((...(((((((((....)))).))...)))...)))).)))....,-18.80,1002228.878,X1,AACACUUAUCGGUGGUCAACUUUUCUUGUAUCCCCGGGAUGCCUAUACCAGUUCCGAUUCUGGACACAUUUGGCGGGGGCUUUCUUCU
.........(((.((((((......))).))).)))(((.((((...(((((((((....)))).))...)))...)))).)))....,-18.80,1133192.730,X1,AACACUUAUCGGUGGUCAACUUUUCUUGUAUCCCCGGGAUGCCUAUACCAGUUCCGAUUCUGGACACAUUUGGCGGGGGCUUUCUUCU
.........(((.((((((......))).))).)))(((.((((...(((((((((....)))).))...)))...)))).)))....,-18.80,15931.676,X1,AACACUUAUCGGUGGUCAACUUUUCUUGUAUCCCCGGGAUGCCUAUACCAGUUCCGAUUCUGGACACAUUUGGCGGGGGCUUUCUUCU
.........(((.((((((......))).))).)))(((.((((...(((((((((....)))).))...)))...)))).)))....,-18.80,2541.574,X1,AACACUUAUCGGUGGUCAACUUUUCUUGUAUCCCCGGGAUGCCUAUACCAGUUCCGAUUCUGGACACAUUUGGCGGGGGCUUUCUUCU
.........(((.((((((......))).))).)))(((.((((...(((((((((....)))).))...)))...)))).)))....,-18.80,5364.678,X1,AACACUUAUCGGUGGUCAACUUUUCUUGUAUCCCCGGGAUGCCUAUACCAGUUCCGAUUCUGGACACAUUUGGCGGGGGCUUUCUUCU
.........(((.((((((......))).))).)))(((.((((...(((((((((....)))).))...)))...)))).)))....,-18.80,193180.385,X1,AACACUUAUCGGUGGUCAACUUUUCUUGUAUCCCCGGGAUGCCUAUACCAGUUCCGAUUCUGGACACAUUUGGCGGGGGCUUUCUUCU
.........(((.((((((......))).))).)))(((.((((...(((((((((....)))).))...)))...)))).)))....,-18.80,415.563,X1,AACACUUAUCGGUGGUCAACUUUUCUUGUAUCCCCGGGAUGCCUAUACCAGUUCCGAUUCUGGACACAUUUGGCGGGGGCUUUCUUCU
.........(((.((((((......))).))).)))(((.((((...(((((((((....)))).))...)))...)))).)))....,-18.80,2162323.866,X1,AACACUUAUCGGUGGUCAACUUUUCUUGUAUCCCCGGGAUGCCUAUACCAGUUCCGAUUCUGGACACAUUUGGCGGGGGCUUUCUUCU
.........(((.((((((......))).))).)))(((.((((...(((((((((....)))).))...)))...)))).)))....,-18.80,25175.129,X1,AACACUUAUCGGUGGUCAACUUUUCUUGUAUCCCCGGGAUGCCUAUACCAGUUCCGAUUCUGGACACAUUUGGCGGGGGCUUUCUUCU
.........(((.((((((......))).))).)))(((.((((...(((((((((....)))).))...)))...)))).)))....,-18.80,577975.880,X1,AACACUUAUCGGUGGUCAACUUUUCUUGUAUCCCCGGGAUGCCUAUACCAGUUCCGAUUCUGGACACAUUUGGCGGGGGCUUUCUUCU
.........(((.((((((......))).))).)))(((.((((...(((((((((....)))).))...)))...)))).)))....,-18.80,1509948.145,X1,AACACUUAUCGGUGGUCAACUUUUCUUGUAUCCCCGGGAUGCCUAUACCAGUUCCGAUUCUGGACACAUUUGGCGGGGGCUUUCUUCU
.........(((.((((((......))).))).)))(((.((((...(((((((((....)))).))...)))...)))).)))....,-18.80,4797.367,X1,AACACUUAUCGGUGGUCAACUUUUCUUGUAUCCCCGGGAUGCCUAUACCAGUUCCGAUUCUGGACACAUUUGGCGGGGGCUUUCUUCU
.........(((.((((((......))).))).)))(((.((((...(((((((((....)))).))...)))...)))).)))....,-18.80,7538.329,X1,AACACUUAUCGGUGGUCAACUUUUCUUGUAUCCCCGGGAUGCCUAUACCAGUUCCGAUUCUGGACACAUUUGGCGGGGGCUUUCUUCU
.........(((.((((((......))).))).)))(((.((((...(((((((((....)))).))...)))...)))).)))....,-18.80,38.102,X1,AACACUUAUCGGUGGUCAACUUUUCUUGUAUCCCCGGGAUGCCUAUACCAGUUCCGAUUCUGGACACAUUUGGCGGGGGCUUUCUUCU
.........(((.((((((......))).))).)))(((.((((...(((((((((....)))).))...)))...)))).)))....,-18.80,2119167.680,X1,AACACUUAUCGGUGGUCAACUUUUCUUGUAUCCCCGGGAUGCCUAUACCAGUUCCGAUUCUGGACACAUUUGGCGGGGGCUUUCUUCU
.........(((.((((((......))).))).)))(((.((((...(((((((((....)))).))...)))...)))).)))....,-18.80,2225727.362,X1,AACACUUAUCGGUGGUCAACUUUUCUUGUAUCCCCGGGAUGCCUAUACCAGUUCCGAUUCUGGACACAUUUGGCGGGGGCUUUCUUCU
.........(((.((((((......))).))).)))(((.((((...(((((((((....)))).))...)))...)))).)))....,-18.80,1018108.104,X1,AACACUUAUCGGUGGUCAACUUUUCUUGUAUCCCCGGGAUGCCUAUACCAGUUCCGAUUCUGGACACAUUUGGCGGGGGCUUUCUUCU
.........(((.((((((......))).))).)))(((.((((...(((((((((....)))).))...)))...)))).)))....,-18.80,2560.480,X1,AACACUUAUCGGUGGUCAACUUUUCUUGUAUCCCCGGGAUGCCUAUACCAGUUCCGAUUCUGGACACAUUUGGCGGGGGCUUUCUUCU
.........(((.((((((......))).))).)))(((.((((...(((((((((....)))).))...)))...)))).)))....,-18.80,3116737.748,X1,AACACUUAUCGGUGGUCAACUUUUCUUGUAUCCCCGGGAUGCCUAUACCAGUUCCGAUUCUGGACACAUUUGGCGGGGGCUUUCUUCU
.........(((.((((((......))).))).)))(((.((((...(((((((((....)))).))...)))...)))).)))....,-18.80,2961474.023,X1,AACACUUAUCGGUGGUCAACUUUUCUUGUAUCCCCGGGAUGCCUAUACCAGUUCCGAUUCUGGACACAUUUGGCGGGGGCUUUCUUCU
.........(((.((((((......))).))).)))(((.((((...(((((((((....)))).))...)))...)))).)))....,-18.80,14555.494,X1,AACACUUAUCGGUGGUCAACUUUUCUUGUAUCCCCGGGAUGCCUAUACCAGUUCCGAUUCUGGACACAUUUGGCGGGGGCUUUCUUCU
.........(((.((((((......))).))).)))(((.((((...(((((((((....)))).))...)))...)))).)))....,-18.80,2729.755,X1,AACACUUAUCGGUGGUCAACUUUUCUUGUAUCCCCGGGAUGCCUAUACCAGUUCCGAUUCUGGACACAUUUGGCGGGGGCUUUCUUCU
.........(((.((((((......))).))).)))(((.((((...(((((((((....)))).))...)))...)))).)))....,-18.80,202774.239,X1,AACACUUAUCGGUGGUCAACUUUUCUUGUAUCCCCGGGAUGCCUAUACCAGUUCCGAUUCUGGACACAUUUGGCGGGGGCUUUCUUCU
.........(((.((((((......))).))).)))(((.((((...(((((((((....)))).))...)))...)))).)))....,-18.80,614141.889,X1,AACACUUAUCGGUGGUCAACUUUUCUUGUAUCCCCGGGAUGCCUAUACCAGUUCCGAUUCUGGACACAUUUGGCGGGGGCUUUCUUCU
.........(((.((((((......))).))).)))(((.((((...(((((((((....)))).))...)))...)))).)))....,-18.80,2720837.839,X1,AACACUUAUCGGUGGUCAACUUUUCUUGUAUCCCCGGGAUGCCUAUACCAGUUCCGAUUCUGGACACAUUUGGCGGGGGCUUUCUUCU
.........(((.((((((......))).))).)))(((.((((...(((((((((....)))).))...)))...)))).)))....,-18.80,6557.169,X1,AACACUUAUCGGUGGUCAACUUUUCUUGUAUCCCCGGGAUGCCUAUACCAGUUCCGAUUCUGGACACAUUUGGCGGGGGCUUUCUUCU
.........(((.((((((......))).))).)))(((.((((...(((((((((....)))).))...)))...)))).)))....,-18.80,186.880,X1,AACACUUAUCGGUGGUCAACUUUUCUUGUAUCCCCGGGAUGCCUAUACCAGUUCCGAUUCUGGACACAUUUGGCGGGGGCUUUCUUCU
.........(((.((((((......))).))).)))(((.((((...(((((((((....)))).))...)))...)))).)))....,-18.80,148.690,X1,AACACUUAUCGGUGGUCAACUUUUCUUGUAUCCCCGGGAUGCCUAUACCAGUUCCGAUUCUGGACACAUUUGGCGGGGGCUUUCUUCU
.........(((.((((((......))).))).)))(((.((((...(((((((((....)))).))...)))...)))).)))....,-18.80,4180.780,X1,AACACUUAUCGGUGGUCAACUUUUCUUGUAUCCCCGGGAUGCCUAUACCAGUUCCGAUUCUGGACACAUUUGGCGGGGGCUUUCUUCU
.........(((.((((((......))).))).)))(((.((((...(((((((((....)))).))...)))...)))).)))....,-18.80,1648855.817,X1,AACACUUAUCGGUGGUCAACUUUUCUUGUAUCCCCGGGAUGCCUAUACCAGUUCCGAUUCUGGACACAUUUGGCGGGGGCUUUCUUCU
.........(((.((((((......))).))).)))(((.((((...(((((((((....)))).))...)))...)))).)))....,-18.80,1120.830,X1,AACACUUAUCGGUGGUCAACUUUUCUUGUAUCCCCGGGAUGCCUAUACCAGUUCCGAUUCUGGACACAUUUGGCGGGGGCUUUCUUCU
.........(((.((((((......))).))).)))(((.((((...(((((((((....)))).))...)))...)))).)))....,-18.80,582825.004,X1,AACACUUAUCGGUGGUCAACUUUUCUUGUAUCCCCGGGAUGCCUAUACCAGUUCCGAUUCUGGACACAUUUGGCGGGGGCUUUCUUCU
.........(((.((((((......))).))).)))(((.((((...(((((((((....)))).))...)))...)))).)))....,-18.80,2343751.568,X1,AACACUUAUCGGUGGUCAACUUUUCUUGUAUCCCCGGGAUGCCUAUACCAGUUCCGAUUCUGGACACAUUUGGCGGGGGCUUUCUUCU
.........(((.((((((......))).))).)))(((.((((...(((((((((....)))).))...)))...)))).)))....,-18.80,4730.336,X1,AACACUUAUCGGUGGUCAACUUUUCUUGUAUCCCCGGGAUGCCUAUACCAGUUCCGAUUCUGGACACAUUUGGCGGGGGCUUUCUUCU
.........(((.((((((......))).))).)))(((.((((...(((((((((....)))).))...)))...)))).)))....,-18.80,671753.073,X1,AACACUUAUCGGUGGUCAACUUUUCUUGUAUCCCCGGGAUGCCUAUACCAGUUCCGAUUCUGGACACAUUUGGCGGGGGCUUUCUUCU
.........(((.((((((......))).))).)))(((.((((...(((((((((....)))).))...)))...)))).)))....,-18.80,380249.780,X1,AACACUUAUCGGUGGUCAACUUUUCUUGUAUCCCCGGGAUGCCUAUACCAGUUCCGAUUCUGGACACAUUUGGCGGGGGCUUUCUUCU
.........(((.((((((......))).))).)))(((.((((...(((((((((....)))).))...)))...)))).)))....,-18.80,6089.181,X1,AACACUUAUCGGUGGUCAACUUUUCUUGUAUCCCCGGGAUGCCUAUACCAGUUCCGAUUCUGGACACAUUUGGCGGGGGCUUUCUUCU
.........(((.((((((......))).))).)))(((.((((...(((((((((....)))).))...)))...)))).)))....,-18.80,4510.668,X1,AACACUUAUCGGUGGUCAACUUUUCUUGUAUCCCCGGGAUGCCUAUACCAGUUCCGAUUCUGGACACAUUUGGCGGGGGCUUUCUUCU
.........(((.((((((......))).))).)))(((.((((...(((((((((....)))).))...)))...)))).)))....,-18.80,20635.910,X1,AACACUUAUCGGUGGUCAACUUUUCUUGUAUCCCCGGGAUGCCUAUACCAGUUCCGAUUCUGGACACAUUUGGCGGGGGCUUUCUUCU
.........(((.((((((......))).))).)))(((.((((...(((((((((....)))).))...)))...)))).)))....,-18.80,1955784.213,X1,AACACUUAUCGGUGGUCAACUUUUCUUGUAUCCCCGGGAUGCCUAUACCAGUUCCGAUUCUGGACACAUUUGGCGGGGGCUUUCUUCU
.........(((.((((((......))).))).)))(((.((((...(((((((((....)))).))...)))...)))).)))....,-18.80,11092.565,X1,AACACUUAUCGGUGGUCAACUUUUCUUGUAUCCCCGGGAUGCCUAUACCAGUUCCGAUUCUGGACACAUUUGGCGGGGGCUUUCUUCU
.........(((.((((((......))).))).)))(((.((((...(((((((((....)))).))...)))...)))).)))....,-18.80,2912354.929,X1,AACACUUAUCGGUGGUCAACUUUUCUUGUAUCCCCGGGAUGCCUAUACCAGUUCCGAUUCUGGACACAUUUGGCGGGGGCUUUCUUCU
.........(((.((((((......))).))).)))(((.((((...(((((((((....)))).))...)))...)))).)))....,-18.80,267.167,X1,AACACUUAUCGGUGGUCAACUUUUCUUGUAUCCCCGGGAUGCCUAUACCAGUUCCGAUUCUGGACACAUUUGGCGGGGGCUUUCUUCU
.........(((.((((((......))).))).)))(((.((((...(((((((((....)))).))...)))...)))).)))....,-18.80,81632.481,X1,AACACUUAUCGGUGGUCAACUUUUCUUGUAUCCCCGGGAUGCCUAUACCAGUUCCGAUUCUGGACACAUUUGGCGGGGGCUUUCUUCU
.........(((.((((((......))).))).)))(((.((((...(((((((((....)))).))...)))...)))).)))....,-18.80,564957.090,X1,AACACUUAUCGGUGGUCAACUUUUCUUGUAUCCCCGGGAUGCCUAUACCAGUUCCGAUUCUGGACACAUUUGGCGGGGGCUUUCUUCU
.........(((.((((((......))).))).)))(((.((((...(((((((((....)))).))...)))...)))).)))....,-18.80,660.203,X1,AACACUUAUCGGUGGUCAACUUUUCUUGUAUCCCCGGGAUGCCUAUACCAGUUCCGAUUCUGGACACAUUUGGCGGGGGCUUUCUUCU
.........(((.((((((......))).))).)))(((.((((...(((((((((....)))).))...)))...)))).)))....,-18.80,100022.973,X1,AACACUUAUCGGUGGUCAACUUUUCUUGUAUCCCCGGGAUGCCUAUACCAGUUCCGAUUCUGGACACAUUUGGCGGGGGCUUUCUUCU
.........(((.((((((......))).))).)))(((.((((...(((((((((....)))).))...)))...)))).)))....,-18.80,3378722.590,X1,AACACUUAUCGGUGGUCAACUUUUCUUGUAUCCCCGGGAUGCCUAUACCAGUUCCGAUUCUGGACACAUUUGGCGGGGGCUUUCUUCU
.........(((.((((((......))).))).)))(((.((((...(((((((((....)))).))...)))...)))).)))....,-18.80,599.494,X1,AACACUUAUCGGUGGUCAACUUUUCUUGUAUCCCCGGGAUGCCUAUACCAGUUCCGAUUCUGGACACAUUUGGCGGGGGCUUUCUUCU
.........(((.((((((......))).))).)))(((.((((...(((((((((....)))).))...)))...)))).)))....,-18.80,1180.265,X1,AACACUUAUCGGUGGUCAACUUUUCUUGUAUCCCCGGGAUGCCUAUACCAGUUCCGAUUCUGGACACAUUUGGCGGGGGCUUUCUUCU
.........(((.((((((......))).))).)))(((.((((...(((((((((....)))).))...)))...)))).)))....,-18.80,1525523.637,X1,AACACUUAUCGGUGGUCAACUUUUCUUGUAUCCCCGGGAUGCCUAUACCAGUUCCGAUUCUGGACACAUUUGGCGGGGGCUUUCUUCU
.........(((.((((((......))).))).)))(((.((((...(((((((((....)))).))...)))...)))).)))....,-18.80,105.146,X1,AACACUUAUCGGUGGUCAACUUUUCUUGUAUCCCCGGGAUGCCUAUACCAGUUCCGAUUCUGGACACAUUUGGCGGGGGCUUUCUUCU
.........(((.((((((......))).))).)))(((.((((...(((((((((....)))).))...)))...)))).)))....,-18.80,13005.713,X1,AACACUUAUCGGUGGUCAACUUUUCUUGUAUCCCCGGGAUGCCUAUACCAGUUCCGAUUCUGGACACAUUUGGCGGGGGCUUUCUUCU
.........(((.((((((......))).))).)))(((.((((...(((((((((....)))).))...)))...)))).)))....,-18.80,1229282.321,X1,AACACUUAUCGGUGGUCAACUUUUCUUGUAUCCCCGGGAUGCCUAUACCAGUUCCGAUUCUGGACACAUUUGGCGGGGGCUUUCUUCU
.........(((.((((((......))).))).)))(((.((((...(((((((((....)))).))...)))...)))).)))....,-18.80,3978155.339,X1,AACACUUAUCGGUGGUCAACUUUUCUUGUAUCCCCGGGAUGCCUAUACCAGUUCCGAUUCUGGACACAUUUGGCGGGGGCUUUCUUCU
.........(((.((((((......))).))).)))(((.((((...(((((((((....)))).))...)))...)))).)))....,-18.80,67341.701,X1,AACACUUAUCGGUGGUCAACUUUUCUUGUAUCCCCGGGAUGCCUAUACCAGUUCCGAUUCUGGACACAUUUGGCGGGGGCUUUCUUCU
.........(((.((((((......))).))).)))(((.((((...(((((((((....)))).))...)))...)))).)))....,-18.80,781886.166,X1,AACACUUAUCGGUGGUCAACUUUUCUUGUAUCCCCGGGAUGCCUAUACCAGUUCCGAUUCUGGACACAUUUGGCGGGGGCUUUCUUCU
.........(((.((((((......))).))).)))(((.((((...(((((((((....)))).))...)))...)))).)))....,-18.80,1517.821,X1,AACACUUAUCGGUGGUCAACUUUUCUUGUAUCCCCGGGAUGCCUAUACCAGUUCCGAUUCUGGACACAUUUGGCGGGGGCUUUCUUCU
.........(((.((((((......))).))).)))(((.((((...(((((((((....)))).))...)))...)))).)))....,-18.80,3102.181,X1,AACACUUAUCGGUGGUCAACUUUUCUUGUAUCCCCGGGAUGCCUAUACCAGUUCCGAUUCUGGACACAUUUGGCGGGGGCUUUCUUCU
.........(((.((((((......))).))).)))(((.((((...(((((((((....)))).))...)))...)))).)))....,-18.80,8838.175,X1,AACACUUAUCGGUGGUCAACUUUUCUUGUAUCCCCGGGAUGCCUAUACCAGUUCCGAUUCUGGACACAUUUGGCGGGGGCUUUCUUCU
.........(((.((((((......))).))).)))(((.((((...(((((((((....)))).))...)))...)))).)))....,-18.80,166488.158,X1,AACACUUAUCGGUGGUCAACUUUUCUUGUAUCCCCGGGAUGCCUAUACCAGUUCCGAUUCUGGACACAUUUGGCGGGGGCUUUCUUCU
.........(((.((((((......))).))).)))(((.((((...(((((((((....)))).))...)))...)))).)))....,-18.80,633.256,X1,AACACUUAUCGGUGGUCAACUUUUCUUGUAUCCCCGGGAUGCCUAUACCAGUUCCGAUUCUGGACACAUUUGGCGGGGGCUUUCUUCU
.........(((.((((((......))).))).)))(((.((((...(((((((((....)))).))...)))...)))).)))....,-18.80,3113.938,X1,AACACUUAUCGGUGGUCAACUUUUCUUGUAUCCCCGGGAUGCCUAUACCAGUUCCGAUUCUGGACACAUUUGGCGGGGGCUUUCUUCU
.........(((.((((((......))).))).)))(((.((((...(((((((((....)))).))...)))...)))).)))....,-18.80,276486.196,X1,AACACUUAUCGGUGGUCAACUUUUCUUGUAUCCCCGGGAUGCCUAUACCAGUUCCGAUUCUGGACACAUUUGGCGGGGGCUUUCUUCU
.........(((.((((((......))).))).)))(((.((((...(((((((((....)))).))...)))...)))).)))....,-18.80,635426.714,X1,AACACUUAUCGGUGGUCAACUUUUCUUGUAUCCCCGGGAUGCCUAUACCAGUUCCGAUUCUGGACACAUUUGGCGGGGGCUUUCUUCU
.........(((.((((((......))).))).)))(((.((((...(((((((((....)))).))...)))...)))).)))....,-18.80,16336.618,X1,AACACUUAUCGGUGGUCAACUUUUCUUGUAUCCCCGGGAUGCCUAUACCAGUUCCGAUUCUGGACACAUUUGGCGGGGGCUUUCUUCU
.........(((.((((((......))).))).)))(((.((((...(((((((((....)))).))...)))...)))).)))....,-18.80,3065.374,X1,AACACUUAUCGGUGGUCAACUUUUCUUGUAUCCCCGGGAUGCCUAUACCAGUUCCGAUUCUGGACACAUUUGGCGGGGGCUUUCUUCU
.........(((.((((((......))).))).)))(((.((((...(((((((((....)))).))...)))...)))).)))....,-18.80,9672.092,X1,AACACUUAUCGGUGGUCAACUUUUCUUGUAUCCCCGGGAUGCCUAUACCAGUUCCGAUUCUGGACACAUUUGGCGGGGGCUUUCUUCU
.........(((.((((((......))).))).)))(((.((((...(((((((((....)))).))...)))...)))).)))....,-18.80,2574.089,X1,AACACUUAUCGGUGGUCAACUUUUCUUGUAUCCCCGGGAUGCCUAUACCAGUUCCGAUUCUGGACACAUUUGGCGGGGGCUUUCUUCU
.........(((.((((((......))).))).)))(((.((((...(((((((((....)))).))...)))...)))).)))....,-18.80,1960.503,X1,AACACUUAUCGGUGGUCAACUUUUCUUGUAUCCCCGGGAUGCCUAUACCAGUUCCGAUUCUGGACACAUUUGGCGGGGGCUUUCUUCU
.........(((.((((((......))).))).)))(((.((((...(((((((((....)))).))...)))...)))).)))....,-18.80,38.926,X1,AACACUUAUCGGUGGUCAACUUUUCUUGUAUCCCCGGGAUGCCUAUACCAGUUCCGAUUCUGGACACAUUUGGCGGGGGCUUUCUUCU
.........(((.((((((......))).))).)))(((.((((...(((((((((....)))).))...)))...)))).)))....,-18.80,229.024,X1,AACACUUAUCGGUGGUCAACUUUUCUUGUAUCCCCGGGAUGCCUAUACCAGUUCCGAUUCUGGACACAUUUGGCGGGGGCUUUCUUCU
.........(((.((((((......))).))).)))(((.((((...(((((((((....)))).))...)))...)))).)))....,-18.80,1071687.305,X1,AACACUUAUCGGUGGUCAACUUUUCUUGUAUCCCCGGGAUGCCUAUACCAGUUCCGAUUCUGGACACAUUUGGCGGGGGCUUUCUUCU
.........(((.((((((......))).))).)))(((.((((...(((((((((....)))).))...)))...)))).)))....,-18.80,2483292.242,X1,AACACUUAUCGGUGGUCAACUUUUCUUGUAUCCCCGGGAUGCCUAUACCAGUUCCGAUUCUGGACACAUUUGGCGGGGGCUUUCUUCU
.........(((.((((((......))).))).)))(((.((((...(((((((((....)))).))...)))...)))).)))....,-18.80,25136.311,X1,AACACUUAUCGGUGGUCAACUUUUCUUGUAUCCCCGGGAUGCCUAUACCAGUUCCGAUUCUGGACACAUUUGGCGGGGGCUUUCUUCU
.........(((.((((((......))).))).)))(((.((((...(((((((((....)))).))...)))...)))).)))....,-18.80,515.707,X1,AACACUUAUCGGUGGUCAACUUUUCUUGUAUCCCCGGGAUGCCUAUACCAGUUCCGAUUCUGGACACAUUUGGCGGGGGCUUUCUUCU
.........(((.((((((......))).))).)))(((.((((...(((((((((....)))).))...)))...)))).)))....,-18.80,186.667,X1,AACACUUAUCGGUGGUCAACUUUUCUUGUAUCCCCGGGAUGCCUAUACCAGUUCCGAUUCUGGACACAUUUGGCGGGGGCUUUCUUCU
.........(((.((((((......))).))).)))(((.((((...(((((((((....)))).))...)))...)))).)))....,-18.80,35028.563,X1,AACACUUAUCGGUGGUCAACUUUUCUUGUAUCCCCGGGAUGCCUAUACCAGUUCCGAUUCUGGACACAUUUGGCGGGGGCUUUCUUCU
.........(((.((((((......))).))).)))(((.((((...(((((((((....)))).))...)))...)))).)))....,-18.80,3990068.069,X1,AACACUUAUCGGUGGUCAACUUUUCUUGUAUCCCCGGGAUGCCUAUACCAGUUCCGAUUCUGGACACAUUUGGCGGGGGCUUUCUUCU
.........(((.((((((......))).))).)))(((.((((...(((((((((....)))).))...)))...)))).)))....,-18.80,5417.546,X1,AACACUUAUCGGUGGUCAACUUUUCUUGUAUCCCCGGGAUGCCUAUACCAGUUCCGAUUCUGGACACAUUUGGCGGGGGCUUUCUUCU
.........(((.((((((......))).))).)))(((.((((...(((((((((....)))).))...)))...)))).)))....,-18.80,6432.540,X1,AACACUUAUCGGUGGUCAACUUUUCUUGUAUCCCCGGGAUGCCUAUACCAGUUCCGAUUCUGGACACAUUUGGCGGGGGCUUUCUUCU
.........(((.((((((......))).))).)))(((.((((...(((((((((....)))).))...)))...)))).)))....,-18.80,2710.815,X1,AACACUUAUCGGUGGUCAACUUUUCUUGUAUCCCCGGGAUGCCUAUACCAGUUCCGAUUCUGGACACAUUUGGCGGGGGCUUUCUUCU
.........(((.((((((......))).))).)))(((.((((...(((((((((....)))).))...)))...)))).)))....,-18.80,12463.763,X1,AACACUUAUCGGUGGUCAACUUUUCUUGUAUCCCCGGGAUGCCUAUACCAGUUCCGAUUCUGGACACAUUUGGCGGGGGCUUUCUUCU
.........(((.((((((......))).))).)))(((.((((...(((((((((....)))).))...)))...)))).)))....,-18.80,16844.893,X1,AACACUUAUCGGUGGUCAACUUUUCUUGUAUCCCCGGGAUGCCUAUACCAGUUCCGAUUCUGGACACAUUUGGCGGGGGCUUUCUUCU
.........(((.((((((......))).))).)))(((.((((...(((((((((....)))).))...)))...)))).)))....,-18.80,4906.658,X1,AACACUUAUCGGUGGUCAACUUUUCUUGUAUCCCCGGGAUGCCUAUACCAGUUCCGAUUCUGGACACAUUUGGCGGGGGCUUUCUUCU
.........(((.((((((......))).))).)))(((.((((...(((((((((....)))).))...)))...)))).)))....,-18.80,1182140.343,X1,AACACUUAUCGGUGGUCAACUUUUCUUGUAUCCCCGGGAUGCCUAUACCAGUUCCGAUUCUGGACACAUUUGGCGGGGGCUUUCUUCU
.........(((.((((((......))).))).)))(((.((((...(((((((((....)))).))...)))...)))).)))....,-18.80,62.346,X1,AACACUUAUCGGUGGUCAACUUUUCUUGUAUCCCCGGGAUGCCUAUACCAGUUCCGAUUCUGGACACAUUUGGCGGGGGCUUUCUUCU
.........(((.((((((......))).))).)))(((.((((...(((((((((....)))).))...)))...)))).)))....,-18.80,550293.785,X1,AACACUUAUCGGUGGUCAACUUUUCUUGUAUCCCCGGGAUGCCUAUACCAGUUCCGAUUCUGGACACAUUUGGCGGGGGCUUUCUUCU
.........(((.((((((......))).))).)))(((.((((...(((((((((....)))).))...)))...)))).)))....,-18.80,1619.801,X1,AACACUUAUCGGUGGUCAACUUUUCUUGUAUCCCCGGGAUGCCUAUACCAGUUCCGAUUCUGGACACAUUUGGCGGGGGCUUUCUUCU
.........(((.((((((......))).))).)))(((.((((...(((((((((....)))).))...)))...)))).)))....,-18.80,2441581.073,X1,AACACUUAUCGGUGGUCAACUUUUCUUGUAUCCCCGGGAUGCCUAUACCAGUUCCGAUUCUGGACACAUUUGGCGGGGGCUUUCUUCU
.........(((.((((((......))).))).)))(((.((((...(((((((((....)))).))...)))...)))).)))....,-18.80,135.265,X1,AACACUUAUCGGUGGUCAACUUUUCUUGUAUCCCCGGGAUGCCUAUACCAGUUCCGAUUCUGGACACAUUUGGCGGGGGCUUUCUUCU
.........(((.((((((......))).))).)))(((.((((...(((((((((....)))).))...)))...)))).)))....,-18.80,308230.229,X1,AACACUUAUCGGUGGUCAACUUUUCUUGUAUCCCCGGGAUGCCUAUACCAGUUCCGAUUCUGGACACAUUUGGCGGGGGCUUUCUUCU
.........(((.((((((......))).))).)))(((.((((...(((((((((....)))).))...)))...)))).)))....,-18.80,17935.282,X1,AACACUUAUCGGUGGUCAACUUUUCUUGUAUCCCCGGGAUGCCUAUACCAGUUCCGAUUCUGGACACAUUUGGCGGGGGCUUUCUUCU
.........(((.((((((......))).))).)))(((.((((...(((((((((....)))).))...)))...)))).)))....,-18.80,4046.959,X1,AACACUUAUCGGUGGUCAACUUUUCUUGUAUCCCCGGGAUGCCUAUACCAGUUCCGAUUCUGGACACAUUUGGCGGGGGCUUUCUUCU
.........(((.((((((......))).))).)))(((.((((...(((((((((....)))).))...)))...)))).)))....,-18.80,667.914,X1,AACACUUAUCGGUGGUCAACUUUUCUUGUAUCCCCGGGAUGCCUAUACCAGUUCCGAUUCUGGACACAUUUGGCGGGGGCUUUCUUCU
.........(((.((((((......))).))).)))(((.((((...(((((((((....)))).))...)))...)))).)))....,-18.80,12639.908,X1,AACACUUAUCGGUGGUCAACUUUUCUUGUAUCCCCGGGAUGCCUAUACCAGUUCCGAUUCUGGACACAUUUGGCGGGGGCUUUCUUCU
.........(((.((((((......))).))).)))(((.((((...(((((((((....)))).))...)))...)))).)))....,-18.80,4753558.069,X1,AACACUUAUCGGUGGUCAACUUUUCUUGUAUCCCCGGGAUGCCUAUACCAGUUCCGAUUCUGGACACAUUUGGCGGGGGCUUUCUUCU
.........(((.((((((......))).))).)))(((.((((...(((((((((....)))).))...)))...)))).)))....,-18.80,39631.324,X1,AACACUUAUCGGUGGUCAACUUUUCUUGUAUCCCCGGGAUGCCUAUACCAGUUCCGAUUCUGGACACAUUUGGCGGGGGCUUUCUUCU
.........(((.((((((......))).))).)))(((.((((...(((((((((....)))).))...)))...)))).)))....,-18.80,8589.406,X1,AACACUUAUCGGUGGUCAACUUUUCUUGUAUCCCCGGGAUGCCUAUACCAGUUCCGAUUCUGGACACAUUUGGCGGGGGCUUUCUUCU
.........(((.((((((......))).))).)))(((.((((...(((((((((....)))).))...)))...)))).)))....,-18.80,4849171.415,X1,AACACUUAUCGGUGGUCAACUUUUCUUGUAUCCCCGGGAUGCCUAUACCAGUUCCGAUUCUGGACACAUUUGGCGGGGGCUUUCUUCU
.........(((.((((((......))).))).)))(((.((((...(((((((((....)))).))...)))...)))).)))....,-18.80,35303.184,X1,AACACUUAUCGGUGGUCAACUUUUCUUGUAUCCCCGGGAUGCCUAUACCAGUUCCGAUUCUGGACACAUUUGGCGGGGGCUUUCUUCU
.........(((.((((((......))).))).)))(((.((((...(((((((((....)))).))...)))...)))).)))....,-18.80,2043.337,X1,AACACUUAUCGGUGGUCAACUUUUCUUGUAUCCCCGGGAUGCCUAUACCAGUUCCGAUUCUGGACACAUUUGGCGGGGGCUUUCUUCU
.........(((.((((((......))).))).)))(((.((((...(((((((((....)))).))...)))...)))).)))....,-18.80,1116782.411,X1,AACACUUAUCGGUGGUCAACUUUUCUUGUAUCCCCGGGAUGCCUAUACCAGUUCCGAUUCUGGACACAUUUGGCGGGGGCUUUCUUCU
.........(((.((((((......))).))).)))(((.((((...(((((((((....)))).))...)))...)))).)))....,-18.80,379819.807,X1,AACACUUAUCGGUGGUCAACUUUUCUUGUAUCCCCGGGAUGCCUAUACCAGUUCCGAUUCUGGACACAUUUGGCGGGGGCUUUCUUCU
.........(((.((((((......))).))).)))(((.((((...(((((((((....)))).))...)))...)))).)))....,-18.80,3192713.873,X1,AACACUUAUCGGUGGUCAACUUUUCUUGUAUCCCCGGGAUGCCUAUACCAGUUCCGAUUCUGGACACAUUUGGCGGGGGCUUUCUUCU
.........(((.((((((......))).))).)))(((.((((...(((((((((....)))).))...)))...)))).)))....,-18.80,20306.033,X1,AACACUUAUCGGUGGUCAACUUUUCUUGUAUCCCCGGGAUGCCUAUACCAGUUCCGAUUCUGGACACAUUUGGCGGGGGCUUUCUUCU
.........(((.((((((......))).))).)))(((.((((...(((((((((....)))).))...)))...)))).)))....,-18.80,1529.635,X1,AACACUUAUCGGUGGUCAACUUUUCUUGUAUCCCCGGGAUGCCUAUACCAGUUCCGAUUCUGGACACAUUUGGCGGGGGCUUUCUUCU
.........(((.((((((......))).))).)))(((.((((...(((((((((....)))).))...)))...)))).)))....,-18.80,3526587.403,X1,AACACUUAUCGGUGGUCAACUUUUCUUGUAUCCCCGGGAUGCCUAUACCAGUUCCGAUUCUGGACACAUUUGGCGGGGGCUUUCUUCU
.........(((.((((((......))).))).)))(((.((((...(((((((((....)))).))...)))...)))).)))....,-18.80,2089.503,X1,AACACUUAUCGGUGGUCAACUUUUCUUGUAUCCCCGGGAUGCCUAUACCAGUUCCGAUUCUGGACACAUUUGGCGGGGGCUUUCUUCU
.........(((.((((((......))).))).)))(((.((((...(((((((((....)))).))...)))...)))).)))....,-18.80,868894.807,X1,AACACUUAUCGGUGGUCAACUUUUCUUGUAUCCCCGGGAUGCCUAUACCAGUUCCGAUUCUGGACACAUUUGGCGGGGGCUUUCUUCU
.........(((.((((((......))).))).)))(((.((((...(((((((((....)))).))...)))...)))).)))....,-18.80,1821.404,X1,AACACUUAUCGGUGGUCAACUUUUCUUGUAUCCCCGGGAUGCCUAUACCAGUUCCGAUUCUGGACACAUUUGGCGGGGGCUUUCUUCU
.........(((.((((((......))).))).)))(((.((((...(((((((((....)))).))...)))...)))).)))....,-18.80,396002.241,X1,AACACUUAUCGGUGGUCAACUUUUCUUGUAUCCCCGGGAUGCCUAUACCAGUUCCGAUUCUGGACACAUUUGGCGGGGGCUUUCUUCU
.........(((.((((((......))).))).)))(((.((((...(((((((((....)))).))...)))...)))).)))....,-18.80,14231.033,X1,AACACUUAUCGGUGGUCAACUUUUCUUGUAUCCCCGGGAUGCCUAUACCAGUUCCGAUUCUGGACACAUUUGGCGGGGGCUUUCUUCU
.........(((.((((((......))).))).)))(((.((((...(((((((((....)))).))...)))...)))).)))....,-18.80,3083.496,X1,AACACUUAUCGGUGGUCAACUUUUCUUGUAUCCCCGGGAUGCCUAUACCAGUUCCGAUUCUGGACACAUUUGGCGGGGGCUUUCUUCU
.........(((.((((((......))).))).)))(((.((((...(((((((((....)))).))...)))...)))).)))....,-18.80,1301.030,X1,AACACUUAUCGGUGGUCAACUUUUCUUGUAUCCCCGGGAUGCCUAUACCAGUUCCGAUUCUGGACACAUUUGGCGGGGGCUUUCUUCU
.........(((.((((((......))).))).)))(((.((((...(((((((((....)))).))...)))...)))).)))....,-18.80,4120.626,X1,AACACUUAUCGGUGGUCAACUUUUCUUGUAUCCCCGGGAUGCCUAUACCAGUUCCGAUUCUGGACACAUUUGGCGGGGGCUUUCUUCU
.........(((.((((((......))).))).)))(((.((((...(((((((((....)))).))...)))...)))).)))....,-18.80,6802223.793,X1,AACACUUAUCGGUGGUCAACUUUUCUUGUAUCCCCGGGAUGCCUAUACCAGUUCCGAUUCUGGACACAUUUGGCGGGGGCUUUCUUCU
.........(((.((((((......))).))).)))(((.((((...(((((((((....)))).))...)))...)))).)))....,-18.80,1104.230,X1,AACACUUAUCGGUGGUCAACUUUUCUUGUAUCCCCGGGAUGCCUAUACCAGUUCCGAUUCUGGACACAUUUGGCGGGGGCUUUCUUCU
.........(((.((((((......))).))).)))(((.((((...(((((((((....)))).))...)))...)))).)))....,-18.80,1566.494,X1,AACACUUAUCGGUGGUCAACUUUUCUUGUAUCCCCGGGAUGCCUAUACCAGUUCCGAUUCUGGACACAUUUGGCGGGGGCUUUCUUCU
.........(((.((((((......))).))).)))(((.((((...(((((((((....)))).))...)))...)))).)))....,-18.80,25773.121,X1,AACACUUAUCGGUGGUCAACUUUUCUUGUAUCCCCGGGAUGCCUAUACCAGUUCCGAUUCUGGACACAUUUGGCGGGGGCUUUCUUCU
.........(((.((((((......))).))).)))(((.((((...(((((((((....)))).))...)))...)))).)))....,-18.80,1163.791,X1,AACACUUAUCGGUGGUCAACUUUUCUUGUAUCCCCGGGAUGCCUAUACCAGUUCCGAUUCUGGACACAUUUGGCGGGGGCUUUCUUCU
.........(((.((((((......))).))).)))(((.((((...(((((((((....)))).))...)))...)))).)))....,-18.80,13315820.107,X1,AACACUUAUCGGUGGUCAACUUUUCUUGUAUCCCCGGGAUGCCUAUACCAGUUCCGAUUCUGGACACAUUUGGCGGGGGCUUUCUUCU
.........(((.((((((......))).))).)))(((.((((...(((((((((....)))).))...)))...)))).)))....,-18.80,55788.779,X1,AACACUUAUCGGUGGUCAACUUUUCUUGUAUCCCCGGGAUGCCUAUACCAGUUCCGAUUCUGGACACAUUUGGCGGGGGCUUUCUUCU
.........(((.((((((......))).))).)))(((.((((...(((((((((....)))).))...)))...)))).)))....,-18.80,26024.512,X1,AACACUUAUCGGUGGUCAACUUUUCUUGUAUCCCCGGGAUGCCUAUACCAGUUCCGAUUCUGGACACAUUUGGCGGGGGCUUUCUUCU
.........(((.((((((......))).))).)))(((.((((...(((((((((....)))).))...)))...)))).)))....,-18.80,72096.205,X1,AACACUUAUCGGUGGUCAACUUUUCUUGUAUCCCCGGGAUGCCUAUACCAGUUCCGAUUCUGGACACAUUUGGCGGGGGCUUUCUUCU
.........(((.((((((......))).))).)))(((.((((...(((((((((....)))).))...)))...)))).)))....,-18.80,10625.096,X1,AACACUUAUCGGUGGUCAACUUUUCUUGUAUCCCCGGGAUGCCUAUACCAGUUCCGAUUCUGGACACAUUUGGCGGGGGCUUUCUUCU
.........(((.((((((......))).))).)))(((.((((...(((((((((....)))).))...)))...)))).)))....,-18.80,108.650,X1,AACACUUAUCGGUGGUCAACUUUUCUUGUAUCCCCGGGAUGCCUAUACCAGUUCCGAUUCUGGACACAUUUGGCGGGGGCUUUCUUCU
.........(((.((((((......))).))).)))(((.((((...(((((((((....)))).))...)))...)))).)))....,-18.80,4862.712,X1,AACACUUAUCGGUGGUCAACUUUUCUUGUAUCCCCGGGAUGCCUAUACCAGUUCCGAUUCUGGACACAUUUGGCGGGGGCUUUCUUCU
.........(((.((((((......))).))).)))(((.((((...(((((((((....)))).))...)))...)))).)))....,-18.80,6826947.843,X1,AACACUUAUCGGUGGUCAACUUUUCUUGUAUCCCCGGGAUGCCUAUACCAGUUCCGAUUCUGGACACAUUUGGCGGGGGCUUUCUUCU
.........(((.((((((......))).))).)))(((.((((...(((((((((....)))).))...)))...)))).)))....,-18.80,9030.599,X1,AACACUUAUCGGUGGUCAACUUUUCUUGUAUCCCCGGGAUGCCUAUACCAGUUCCGAUUCUGGACACAUUUGGCGGGGGCUUUCUUCU
.........(((.((((((......))).))).)))(((.((((...(((((((((....)))).))...)))...)))).)))....,-18.80,1066.458,X1,AACACUUAUCGGUGGUCAACUUUUCUUGUAUCCCCGGGAUGCCUAUACCAGUUCCGAUUCUGGACACAUUUGGCGGGGGCUUUCUUCU
.........(((.((((((......))).))).)))(((.((((...(((((((((....)))).))...)))...)))).)))....,-18.80,8117.267,X1,AACACUUAUCGGUGGUCAACUUUUCUUGUAUCCCCGGGAUGCCUAUACCAGUUCCGAUUCUGGACACAUUUGGCGGGGGCUUUCUUCU
.........(((.((((((......))).))).)))(((.((((...(((((((((....)))).))...)))...)))).)))....,-18.80,236.258,X1,AACACUUAUCGGUGGUCAACUUUUCUUGUAUCCCCGGGAUGCCUAUACCAGUUCCGAUUCUGGACACAUUUGGCGGGGGCUUUCUUCU
.........(((.((((((......))).))).)))(((.((((...(((((((((....)))).))...)))...)))).)))....,-18.80,1928.258,X1,AACACUUAUCGGUGGUCAACUUUUCUUGUAUCCCCGGGAUGCCUAUACCAGUUCCGAUUCUGGACACAUUUGGCGGGGGCUUUCUUCU
.........(((.((((((......))).))).)))(((.((((...(((((((((....)))).))...)))...)))).)))....,-18.80,1126.005,X1,AACACUUAUCGGUGGUCAACUUUUCUUGUAUCCCCGGGAUGCCUAUACCAGUUCCGAUUCUGGACACAUUUGGCGGGGGCUUUCUUCU
.........(((.((((((......))).))).)))(((.((((...(((((((((....)))).))...)))...)))).)))....,-18.80,269754.371,X1,AACACUUAUCGGUGGUCAACUUUUCUUGUAUCCCCGGGAUGCCUAUACCAGUUCCGAUUCUGGACACAUUUGGCGGGGGCUUUCUUCU
.........(((.((((((......))).))).)))(((.((((...(((((((((....)))).))...)))...)))).)))....,-18.80,188030.738,X1,AACACUUAUCGGUGGUCAACUUUUCUUGUAUCCCCGGGAUGCCUAUACCAGUUCCGAUUCUGGACACAUUUGGCGGGGGCUUUCUUCU
.........(((.((((((......))).))).)))(((.((((...(((((((((....)))).))...)))...)))).)))....,-18.80,3671.974,X1,AACACUUAUCGGUGGUCAACUUUUCUUGUAUCCCCGGGAUGCCUAUACCAGUUCCGAUUCUGGACACAUUUGGCGGGGGCUUUCUUCU
.........(((.((((((......))).))).)))(((.((((...(((((((((....)))).))...)))...)))).)))....,-18.80,221.472,X1,AACACUUAUCGGUGGUCAACUUUUCUUGUAUCCCCGGGAUGCCUAUACCAGUUCCGAUUCUGGACACAUUUGGCGGGGGCUUUCUUCU
.........(((.((((((......))).))).)))(((.((((...(((((((((....)))).))...)))...)))).)))....,-18.80,452.351,X1,AACACUUAUCGGUGGUCAACUUUUCUUGUAUCCCCGGGAUGCCUAUACCAGUUCCGAUUCUGGACACAUUUGGCGGGGGCUUUCUUCU
.........(((.((((((......))).))).)))(((.((((...(((((((((....)))).))...)))...)))).)))....,-18.80,425.648,X1,AACACUUAUCGGUGGUCAACUUUUCUUGUAUCCCCGGGAUGCCUAUACCAGUUCCGAUUCUGGACACAUUUGGCGGGGGCUUUCUUCU
.........(((.((((((......))).))).)))(((.((((...(((((((((....)))).))...)))...)))).)))....,-18.80,1349.713,X1,AACACUUAUCGGUGGUCAACUUUUCUUGUAUCCCCGGGAUGCCUAUACCAGUUCCGAUUCUGGACACAUUUGGCGGGGGCUUUCUUCU
.........(((.((((((......))).))).)))(((.((((...(((((((((....)))).))...)))...)))).)))....,-18.80,5919.728,X1,AACACUUAUCGGUGGUCAACUUUUCUUGUAUCCCCGGGAUGCCUAUACCAGUUCCGAUUCUGGACACAUUUGGCGGGGGCUUUCUUCU
.........(((.((((((......))).))).)))(((.((((...(((((((((....)))).))...)))...)))).)))....,-18.80,28375.197,X1,AACACUUAUCGGUGGUCAACUUUUCUUGUAUCCCCGGGAUGCCUAUACCAGUUCCGAUUCUGGACACAUUUGGCGGGGGCUUUCUUCU
.........(((.((((((......))).))).)))(((.((((...(((((((((....)))).))...)))...)))).)))....,-18.80,416.563,X1,AACACUUAUCGGUGGUCAACUUUUCUUGUAUCCCCGGGAUGCCUAUACCAGUUCCGAUUCUGGACACAUUUGGCGGGGGCUUUCUUCU
.........(((.((((((......))).))).)))(((.((((...(((((((((....)))).))...)))...)))).)))....,-18.80,752547.317,X1,AACACUUAUCGGUGGUCAACUUUUCUUGUAUCCCCGGGAUGCCUAUACCAGUUCCGAUUCUGGACACAUUUGGCGGGGGCUUUCUUCU
.........(((.((((((......))).))).)))(((.((((...(((((((((....)))).))...)))...)))).)))....,-18.80,207.442,X1,AACACUUAUCGGUGGUCAACUUUUCUUGUAUCCCCGGGAUGCCUAUACCAGUUCCGAUUCUGGACACAUUUGGCGGGGGCUUUCUUCU
.........(((.((((((......))).))).)))(((.((((...(((((((((....)))).))...)))...)))).)))....,-18.80,245.486,X1,AACACUUAUCGGUGGUCAACUUUUCUUGUAUCCCCGGGAUGCCUAUACCAGUUCCGAUUCUGGACACAUUUGGCGGGGGCUUUCUUCU
.........(((.((((((......))).))).)))(((.((((...(((((((((....)))).))...)))...)))).)))....,-18.80,1286022.459,X1,AACACUUAUCGGUGGUCAACUUUUCUUGUAUCCCCGGGAUGCCUAUACCAGUUCCGAUUCUGGACACAUUUGGCGGGGGCUUUCUUCU
.........(((.((((((......))).))).)))(((.((((...(((((((((....)))).))...)))...)))).)))....,-18.80,56505.895,X1,AACACUUAUCGGUGGUCAACUUUUCUUGUAUCCCCGGGAUGCCUAUACCAGUUCCGAUUCUGGACACAUUUGGCGGGGGCUUUCUUCU
.........(((.((((((......))).))).)))(((.((((...(((((((((....)))).))...)))...)))).)))....,-18.80,4598396.504,X1,AACACUUAUCGGUGGUCAACUUUUCUUGUAUCCCCGGGAUGCCUAUACCAGUUCCGAUUCUGGACACAUUUGGCGGGGGCUUUCUUCU
.........(((.((((((......))).))).)))(((.((((...(((((((((....)))).))...)))...)))).)))....,-18.80,936607.206,X1,AACACUUAUCGGUGGUCAACUUUUCUUGUAUCCCCGGGAUGCCUAUACCAGUUCCGAUUCUGGACACAUUUGGCGGGGGCUUUCUUCU
.........(((.((((((......))).))).)))(((.((((...(((((((((....)))).))...)))...)))).)))....,-18.80,14986.185,X1,AACACUUAUCGGUGGUCAACUUUUCUUGUAUCCCCGGGAUGCCUAUACCAGUUCCGAUUCUGGACACAUUUGGCGGGGGCUUUCUUCU
.........(((.((((((......))).))).)))(((.((((...(((((((((....)))).))...)))...)))).)))....,-18.80,3454.890,X1,AACACUUAUCGGUGGUCAACUUUUCUUGUAUCCCCGGGAUGCCUAUACCAGUUCCGAUUCUGGACACAUUUGGCGGGGGCUUUCUUCU
.........(((.((((((......))).))).)))(((.((((...(((((((((....)))).))...)))...)))).)))....,-18.80,300956.987,X1,AACACUUAUCGGUGGUCAACUUUUCUUGUAUCCCCGGGAUGCCUAUACCAGUUCCGAUUCUGGACACAUUUGGCGGGGGCUUUCUUCU
.........(((.((((((......))).))).)))(((.((((...(((((((((....)))).))...)))...)))).)))....,-18.80,18101.264,X1,AACACUUAUCGGUGGUCAACUUUUCUUGUAUCCCCGGGAUGCCUAUACCAGUUCCGAUUCUGGACACAUUUGGCGGGGGCUUUCUUCU
.........(((.((((((......))).))).)))(((.((((...(((((((((....)))).))...)))...)))).)))....,-18.80,209564.727,X1,AACACUUAUCGGUGGUCAACUUUUCUUGUAUCCCCGGGAUGCCUAUACCAGUUCCGAUUCUGGACACAUUUGGCGGGGGCUUUCUUCU
.........(((.((((((......))).))).)))(((.((((...(((((((((....)))).))...)))...)))).)))....,-18.80,1084494.916,X1,AACACUUAUCGGUGGUCAACUUUUCUUGUAUCCCCGGGAUGCCUAUACCAGUUCCGAUUCUGGACACAUUUGGCGGGGGCUUUCUUCU
.........(((.((((((......))).))).)))(((.((((...(((((((((....)))).))...)))...)))).)))....,-18.80,468.122,X1,AACACUUAUCGGUGGUCAACUUUUCUUGUAUCCCCGGGAUGCCUAUACCAGUUCCGAUUCUGGACACAUUUGGCGGGGGCUUUCUUCU
.........(((.((((((......))).))).)))(((.((((...(((((((((....)))).))...)))...)))).)))....,-18.80,10383.376,X1,AACACUUAUCGGUGGUCAACUUUUCUUGUAUCCCCGGGAUGCCUAUACCAGUUCCGAUUCUGGACACAUUUGGCGGGGGCUUUCUUCU
.........(((.((((((......))).))).)))(((.((((...(((((((((....)))).))...)))...)))).)))....,-18.80,3485.077,X1,AACACUUAUCGGUGGUCAACUUUUCUUGUAUCCCCGGGAUGCCUAUACCAGUUCCGAUUCUGGACACAUUUGGCGGGGGCUUUCUUCU
.........(((.((((((......))).))).)))(((.((((...(((((((((....)))).))...)))...)))).)))....,-18.80,1632.889,X1,AACACUUAUCGGUGGUCAACUUUUCUUGUAUCCCCGGGAUGCCUAUACCAGUUCCGAUUCUGGACACAUUUGGCGGGGGCUUUCUUCU
.........(((.((((((......))).))).)))(((.((((...(((((((((....)))).))...)))...)))).)))....,-18.80,373.635,X1,AACACUUAUCGGUGGUCAACUUUUCUUGUAUCCCCGGGAUGCCUAUACCAGUUCCGAUUCUGGACACAUUUGGCGGGGGCUUUCUUCU
.........(((.((((((......))).))).)))(((.((((...(((((((((....)))).))...)))...)))).)))....,-18.80,318.994,X1,AACACUUAUCGGUGGUCAACUUUUCUUGUAUCCCCGGGAUGCCUAUACCAGUUCCGAUUCUGGACACAUUUGGCGGGGGCUUUCUUCU
.........(((.((((((......))).))).)))(((.((((...(((((((((....)))).))...)))...)))).)))....,-18.80,11693.789,X1,AACACUUAUCGGUGGUCAACUUUUCUUGUAUCCCCGGGAUGCCUAUACCAGUUCCGAUUCUGGACACAUUUGGCGGGGGCUUUCUUCU
.........(((.((((((......))).))).)))(((.((((...(((((((((....)))).))...)))...)))).)))....,-18.80,1933107.741,X1,AACACUUAUCGGUGGUCAACUUUUCUUGUAUCCCCGGGAUGCCUAUACCAGUUCCGAUUCUGGACACAUUUGGCGGGGGCUUUCUUCU
.........(((.((((((......))).))).)))(((.((((...(((((((((....)))).))...)))...)))).)))....,-18.80,4688998.386,X1,AACACUUAUCGGUGGUCAACUUUUCUUGUAUCCCCGGGAUGCCUAUACCAGUUCCGAUUCUGGACACAUUUGGCGGGGGCUUUCUUCU
.........(((.((((((......))).))).)))(((.((((...(((((((((....)))).))...)))...)))).)))....,-18.80,4102.241,X1,AACACUUAUCGGUGGUCAACUUUUCUUGUAUCCCCGGGAUGCCUAUACCAGUUCCGAUUCUGGACACAUUUGGCGGGGGCUUUCUUCU
.........(((.((((((......))).))).)))(((.((((...(((((((((....)))).))...)))...)))).)))....,-18.80,2973245.555,X1,AACACUUAUCGGUGGUCAACUUUUCUUGUAUCCCCGGGAUGCCUAUACCAGUUCCGAUUCUGGACACAUUUGGCGGGGGCUUUCUUCU
.........(((.((((((......))).))).)))(((.((((...(((((((((....)))).))...)))...)))).)))....,-18.80,62830.172,X1,AACACUUAUCGGUGGUCAACUUUUCUUGUAUCCCCGGGAUGCCUAUACCAGUUCCGAUUCUGGACACAUUUGGCGGGGGCUUUCUUCU
.........(((.((((((......))).))).)))(((.((((...(((((((((....)))).))...)))...)))).)))....,-18.80,11082.574,X1,AACACUUAUCGGUGGUCAACUUUUCUUGUAUCCCCGGGAUGCCUAUACCAGUUCCGAUUCUGGACACAUUUGGCGGGGGCUUUCUUCU
.........(((.((((((......))).))).)))(((.((((...(((((((((....)))).))...)))...)))).)))....,-18.80,205.521,X1,AACACUUAUCGGUGGUCAACUUUUCUUGUAUCCCCGGGAUGCCUAUACCAGUUCCGAUUCUGGACACAUUUGGCGGGGGCUUUCUUCU
.........(((.((((((......))).))).)))(((.((((...(((((((((....)))).))...)))...)))).)))....,-18.80,846.599,X1,AACACUUAUCGGUGGUCAACUUUUCUUGUAUCCCCGGGAUGCCUAUACCAGUUCCGAUUCUGGACACAUUUGGCGGGGGCUUUCUUCU
.........(((.((((((......))).))).)))(((.((((...(((((((((....)))).))...)))...)))).)))....,-18.80,4703.795,X1,AACACUUAUCGGUGGUCAACUUUUCUUGUAUCCCCGGGAUGCCUAUACCAGUUCCGAUUCUGGACACAUUUGGCGGGGGCUUUCUUCU
.........(((.((((((......))).))).)))(((.((((...(((((((((....)))).))...)))...)))).)))....,-18.80,6686.117,X1,AACACUUAUCGGUGGUCAACUUUUCUUGUAUCCCCGGGAUGCCUAUACCAGUUCCGAUUCUGGACACAUUUGGCGGGGGCUUUCUUCU
.........(((.((((((......))).))).)))(((.((((...(((((((((....)))).))...)))...)))).)))....,-18.80,466284.320,X1,AACACUUAUCGGUGGUCAACUUUUCUUGUAUCCCCGGGAUGCCUAUACCAGUUCCGAUUCUGGACACAUUUGGCGGGGGCUUUCUUCU
.........(((.((((((......))).))).)))(((.((((...(((((((((....)))).))...)))...)))).)))....,-18.80,43433.527,X1,AACACUUAUCGGUGGUCAACUUUUCUUGUAUCCCCGGGAUGCCUAUACCAGUUCCGAUUCUGGACACAUUUGGCGGGGGCUUUCUUCU
.........(((.((((((......))).))).)))(((.((((...(((((((((....)))).))...)))...)))).)))....,-18.80,5594.878,X1,AACACUUAUCGGUGGUCAACUUUUCUUGUAUCCCCGGGAUGCCUAUACCAGUUCCGAUUCUGGACACAUUUGGCGGGGGCUUUCUUCU
.........(((.((((((......))).))).)))(((.((((...(((((((((....)))).))...)))...)))).)))....,-18.80,3953.862,X1,AACACUUAUCGGUGGUCAACUUUUCUUGUAUCCCCGGGAUGCCUAUACCAGUUCCGAUUCUGGACACAUUUGGCGGGGGCUUUCUUCU
.........(((.((((((......))).))).)))(((.((((...(((((((((....)))).))...)))...)))).)))....,-18.80,1593.448,X1,AACACUUAUCGGUGGUCAACUUUUCUUGUAUCCCCGGGAUGCCUAUACCAGUUCCGAUUCUGGACACAUUUGGCGGGGGCUUUCUUCU
.........(((.((((((......))).))).)))(((.((((...(((((((((....)))).))...)))...)))).)))....,-18.80,3783011.261,X1,AACACUUAUCGGUGGUCAACUUUUCUUGUAUCCCCGGGAUGCCUAUACCAGUUCCGAUUCUGGACACAUUUGGCGGGGGCUUUCUUCU
.........(((.((((((......))).))).)))(((.((((...(((((((((....)))).))...)))...)))).)))....,-18.80,1199322.376,X1,AACACUUAUCGGUGGUCAACUUUUCUUGUAUCCCCGGGAUGCCUAUACCAGUUCCGAUUCUGGACACAUUUGGCGGGGGCUUUCUUCU
.........(((.((((((......))).))).)))(((.((((...(((((((((....)))).))...)))...)))).)))....,-18.80,1089.250,X1,AACACUUAUCGGUGGUCAACUUUUCUUGUAUCCCCGGGAUGCCUAUACCAGUUCCGAUUCUGGACACAUUUGGCGGGGGCUUUCUUCU
.........(((.((((((......))).))).)))(((.((((...(((((((((....)))).))...)))...)))).)))....,-18.80,3619733.372,X1,AACACUUAUCGGUGGUCAACUUUUCUUGUAUCCCCGGGAUGCCUAUACCAGUUCCGAUUCUGGACACAUUUGGCGGGGGCUUUCUUCU
.........(((.((((((......))).))).)))(((.((((...(((((((((....)))).))...)))...)))).)))....,-18.80,2598033.948,X1,AACACUUAUCGGUGGUCAACUUUUCUUGUAUCCCCGGGAUGCCUAUACCAGUUCCGAUUCUGGACACAUUUGGCGGGGGCUUUCUUCU
.........(((.((((((......))).))).)))(((.((((...(((((((((....)))).))...)))...)))).)))....,-18.80,3192055.000,X1,AACACUUAUCGGUGGUCAACUUUUCUUGUAUCCCCGGGAUGCCUAUACCAGUUCCGAUUCUGGACACAUUUGGCGGGGGCUUUCUUCU
.........(((.((((((......))).))).)))(((.((((...(((((((((....)))).))...)))...)))).)))....,-18.80,5684.580,X1,AACACUUAUCGGUGGUCAACUUUUCUUGUAUCCCCGGGAUGCCUAUACCAGUUCCGAUUCUGGACACAUUUGGCGGGGGCUUUCUUCU
.........(((.((((((......))).))).)))(((.((((...(((((((((....)))).))...)))...)))).)))....,-18.80,53.352,X1,AACACUUAUCGGUGGUCAACUUUUCUUGUAUCCCCGGGAUGCCUAUACCAGUUCCGAUUCUGGACACAUUUGGCGGGGGCUUUCUUCU
.........(((.((((((......))).))).)))(((.((((...(((((((((....)))).))...)))...)))).)))....,-18.80,1370837.326,X1,AACACUUAUCGGUGGUCAACUUUUCUUGUAUCCCCGGGAUGCCUAUACCAGUUCCGAUUCUGGACACAUUUGGCGGGGGCUUUCUUCU
.........(((.((((((......))).))).)))(((.((((...(((((((((....)))).))...)))...)))).)))....,-18.80,32579.158,X1,AACACUUAUCGGUGGUCAACUUUUCUUGUAUCCCCGGGAUGCCUAUACCAGUUCCGAUUCUGGACACAUUUGGCGGGGGCUUUCUUCU
.........(((.((((((......))).))).)))(((.((((...(((((((((....)))).))...)))...)))).)))....,-18.80,5338970.558,X1,AACACUUAUCGGUGGUCAACUUUUCUUGUAUCCCCGGGAUGCCUAUACCAGUUCCGAUUCUGGACACAUUUGGCGGGGGCUUUCUUCU
.........(((.((((((......))).))).)))(((.((((...(((((((((....)))).))...)))...)))).)))....,-18.80,524375.355,X1,AACACUUAUCGGUGGUCAACUUUUCUUGUAUCCCCGGGAUGCCUAUACCAGUUCCGAUUCUGGACACAUUUGGCGGGGGCUUUCUUCU
.........(((.((((((......))).))).)))(((.((((...(((((((((....)))).))...)))...)))).)))....,-18.80,1423.855,X1,AACACUUAUCGGUGGUCAACUUUUCUUGUAUCCCCGGGAUGCCUAUACCAGUUCCGAUUCUGGACACAUUUGGCGGGGGCUUUCUUCU
.........(((.((((((......))).))).)))(((.((((...(((((((((....)))).))...)))...)))).)))....,-18.80,887583.042,X1,AACACUUAUCGGUGGUCAACUUUUCUUGUAUCCCCGGGAUGCCUAUACCAGUUCCGAUUCUGGACACAUUUGGCGGGGGCUUUCUUCU
.........(((.((((((......))).))).)))(((.((((...(((((((((....)))).))...)))...)))).)))....,-18.80,216.425,X1,AACACUUAUCGGUGGUCAACUUUUCUUGUAUCCCCGGGAUGCCUAUACCAGUUCCGAUUCUGGACACAUUUGGCGGGGGCUUUCUUCU
.........(((.((((((......))).))).)))(((.((((...(((((((((....)))).))...)))...)))).)))....,-18.80,20980.230,X1,AACACUUAUCGGUGGUCAACUUUUCUUGUAUCCCCGGGAUGCCUAUACCAGUUCCGAUUCUGGACACAUUUGGCGGGGGCUUUCUUCU
.........(((.((((((......))).))).)))(((.((((...(((((((((....)))).))...)))...)))).)))....,-18.80,52753.197,X1,AACACUUAUCGGUGGUCAACUUUUCUUGUAUCCCCGGGAUGCCUAUACCAGUUCCGAUUCUGGACACAUUUGGCGGGGGCUUUCUUCU
.........(((.((((((......))).))).)))(((.((((...(((((((((....)))).))...)))...)))).)))....,-18.80,4118.950,X1,AACACUUAUCGGUGGUCAACUUUUCUUGUAUCCCCGGGAUGCCUAUACCAGUUCCGAUUCUGGACACAUUUGGCGGGGGCUUUCUUCU
.........(((.((((((......))).))).)))(((.((((...(((((((((....)))).))...)))...)))).)))....,-18.80,7898.892,X1,AACACUUAUCGGUGGUCAACUUUUCUUGUAUCCCCGGGAUGCCUAUACCAGUUCCGAUUCUGGACACAUUUGGCGGGGGCUUUCUUCU
.........(((.((((((......))).))).)))(((.((((...(((((((((....)))).))...)))...)))).)))....,-18.80,38990.372,X1,AACACUUAUCGGUGGUCAACUUUUCUUGUAUCCCCGGGAUGCCUAUACCAGUUCCGAUUCUGGACACAUUUGGCGGGGGCUUUCUUCU
.........(((.((((((......))).))).)))(((.((((...(((((((((....)))).))...)))...)))).)))....,-18.80,331681.565,X1,AACACUUAUCGGUGGUCAACUUUUCUUGUAUCCCCGGGAUGCCUAUACCAGUUCCGAUUCUGGACACAUUUGGCGGGGGCUUUCUUCU
.........(((.((((((......))).))).)))(((.((((...(((((((((....)))).))...)))...)))).)))....,-18.80,803.513,X1,AACACUUAUCGGUGGUCAACUUUUCUUGUAUCCCCGGGAUGCCUAUACCAGUUCCGAUUCUGGACACAUUUGGCGGGGGCUUUCUUCU
.........(((.((((((......))).))).)))(((.((((...(((((((((....)))).))...)))...)))).)))....,-18.80,178.324,X1,AACACUUAUCGGUGGUCAACUUUUCUUGUAUCCCCGGGAUGCCUAUACCAGUUCCGAUUCUGGACACAUUUGGCGGGGGCUUUCUUCU
.........(((.((((((......))).))).)))(((.((((...(((((((((....)))).))...)))...)))).)))....,-18.80,49730.419,X1,AACACUUAUCGGUGGUCAACUUUUCUUGUAUCCCCGGGAUGCCUAUACCAGUUCCGAUUCUGGACACAUUUGGCGGGGGCUUUCUUCU
.........(((.((((((......))).))).)))(((.((((...(((((((((....)))).))...)))...)))).)))....,-18.80,2318915.388,X1,AACACUUAUCGGUGGUCAACUUUUCUUGUAUCCCCGGGAUGCCUAUACCAGUUCCGAUUCUGGACACAUUUGGCGGGGGCUUUCUUCU
.........(((.((((((......))).))).)))(((.((((...(((((((((....)))).))...)))...)))).)))....,-18.80,1641415.425,X1,AACACUUAUCGGUGGUCAACUUUUCUUGUAUCCCCGGGAUGCCUAUACCAGUUCCGAUUCUGGACACAUUUGGCGGGGGCUUUCUUCU
.........(((.((((((......))).))).)))(((.((((...(((((((((....)))).))...)))...)))).)))....,-18.80,7019.020,X1,AACACUUAUCGGUGGUCAACUUUUCUUGUAUCCCCGGGAUGCCUAUACCAGUUCCGAUUCUGGACACAUUUGGCGGGGGCUUUCUUCU
.........(((.((((((......))).))).)))(((.((((...(((((((((....)))).))...)))...)))).)))....,-18.80,2552310.891,X1,AACACUUAUCGGUGGUCAACUUUUCUUGUAUCCCCGGGAUGCCUAUACCAGUUCCGAUUCUGGACACAUUUGGCGGGGGCUUUCUUCU
.........(((.((((((......))).))).)))(((.((((...(((((((((....)))).))...)))...)))).)))....,-18.80,294.560,X1,AACACUUAUCGGUGGUCAACUUUUCUUGUAUCCCCGGGAUGCCUAUACCAGUUCCGAUUCUGGACACAUUUGGCGGGGGCUUUCUUCU
.........(((.((((((......))).))).)))(((.((((...(((((((((....)))).))...)))...)))).)))....,-18.80,1236.510,X1,AACACUUAUCGGUGGUCAACUUUUCUUGUAUCCCCGGGAUGCCUAUACCAGUUCCGAUUCUGGACACAUUUGGCGGGGGCUUUCUUCU
.........(((.((((((......))).))).)))(((.((((...(((((((((....)))).))...)))...)))).)))....,-18.80,3583526.193,X1,AACACUUAUCGGUGGUCAACUUUUCUUGUAUCCCCGGGAUGCCUAUACCAGUUCCGAUUCUGGACACAUUUGGCGGGGGCUUUCUUCU
.........(((.((((((......))).))).)))(((.((((...(((((((((....)))).))...)))...)))).)))....,-18.80,10935.755,X1,AACACUUAUCGGUGGUCAACUUUUCUUGUAUCCCCGGGAUGCCUAUACCAGUUCCGAUUCUGGACACAUUUGGCGGGGGCUUUCUUCU
.........(((.((((((......))).))).)))(((.((((...(((((((((....)))).))...)))...)))).)))....,-18.80,1988.803,X1,AACACUUAUCGGUGGUCAACUUUUCUUGUAUCCCCGGGAUGCCUAUACCAGUUCCGAUUCUGGACACAUUUGGCGGGGGCUUUCUUCU
.........(((.((((((......))).))).)))(((.((((...(((((((((....)))).))...)))...)))).)))....,-18.80,2890589.576,X1,AACACUUAUCGGUGGUCAACUUUUCUUGUAUCCCCGGGAUGCCUAUACCAGUUCCGAUUCUGGACACAUUUGGCGGGGGCUUUCUUCU
.........(((.((((((......))).))).)))(((.((((...(((((((((....)))).))...)))...)))).)))....,-18.80,1330632.863,X1,AACACUUAUCGGUGGUCAACUUUUCUUGUAUCCCCGGGAUGCCUAUACCAGUUCCGAUUCUGGACACAUUUGGCGGGGGCUUUCUUCU
.........(((.((((((......))).))).)))(((.((((...(((((((((....)))).))...)))...)))).)))....,-18.80,13177.629,X1,AACACUUAUCGGUGGUCAACUUUUCUUGUAUCCCCGGGAUGCCUAUACCAGUUCCGAUUCUGGACACAUUUGGCGGGGGCUUUCUUCU
.........(((.((((((......))).))).)))(((.((((...(((((((((....)))).))...)))...)))).)))....,-18.80,5156.050,X1,AACACUUAUCGGUGGUCAACUUUUCUUGUAUCCCCGGGAUGCCUAUACCAGUUCCGAUUCUGGACACAUUUGGCGGGGGCUUUCUUCU
.........(((.((((((......))).))).)))(((.((((...(((((((((....)))).))...)))...)))).)))....,-18.80,3202266.898,X1,AACACUUAUCGGUGGUCAACUUUUCUUGUAUCCCCGGGAUGCCUAUACCAGUUCCGAUUCUGGACACAUUUGGCGGGGGCUUUCUUCU
.........(((.((((((......))).))).)))(((.((((...(((((((((....)))).))...)))...)))).)))....,-18.80,85505.689,X1,AACACUUAUCGGUGGUCAACUUUUCUUGUAUCCCCGGGAUGCCUAUACCAGUUCCGAUUCUGGACACAUUUGGCGGGGGCUUUCUUCU
.........(((.((((((......))).))).)))(((.((((...(((((((((....)))).))...)))...)))).)))....,-18.80,5452.327,X1,AACACUUAUCGGUGGUCAACUUUUCUUGUAUCCCCGGGAUGCCUAUACCAGUUCCGAUUCUGGACACAUUUGGCGGGGGCUUUCUUCU
.........(((.((((((......))).))).)))(((.((((...(((((((((....)))).))...)))...)))).)))....,-18.80,2073774.806,X1,AACACUUAUCGGUGGUCAACUUUUCUUGUAUCCCCGGGAUGCCUAUACCAGUUCCGAUUCUGGACACAUUUGGCGGGGGCUUUCUUCU
.........(((.((((((......))).))).)))(((.((((...(((((((((....)))).))...)))...)))).)))....,-18.80,396506.534,X1,AACACUUAUCGGUGGUCAACUUUUCUUGUAUCCCCGGGAUGCCUAUACCAGUUCCGAUUCUGGACACAUUUGGCGGGGGCUUUCUUCU
.........(((.((((((......))).))).)))(((.((((...(((((((((....)))).))...)))...)))).)))....,-18.80,1722.294,X1,AACACUUAUCGGUGGUCAACUUUUCUUGUAUCCCCGGGAUGCCUAUACCAGUUCCGAUUCUGGACACAUUUGGCGGGGGCUUUCUUCU
.........(((.((((((......))).))).)))(((.((((...(((((((((....)))).))...)))...)))).)))....,-18.80,33227.207,X1,AACACUUAUCGGUGGUCAACUUUUCUUGUAUCCCCGGGAUGCCUAUACCAGUUCCGAUUCUGGACACAUUUGGCGGGGGCUUUCUUCU
.........(((.((((((......))).))).)))(((.((((...(((((((((....)))).))...)))...)))).)))....,-18.80,1798.244,X1,AACACUUAUCGGUGGUCAACUUUUCUUGUAUCCCCGGGAUGCCUAUACCAGUUCCGAUUCUGGACACAUUUGGCGGGGGCUUUCUUCU
.........(((.((((((......))).))).)))(((.((((...(((((((((....)))).))...)))...)))).)))....,-18.80,1692.617,X1,AACACUUAUCGGUGGUCAACUUUUCUUGUAUCCCCGGGAUGCCUAUACCAGUUCCGAUUCUGGACACAUUUGGCGGGGGCUUUCUUCU
.........(((.((((((......))).))).)))(((.((((...(((((((((....)))).))...)))...)))).)))....,-18.80,480367.134,X1,AACACUUAUCGGUGGUCAACUUUUCUUGUAUCCCCGGGAUGCCUAUACCAGUUCCGAUUCUGGACACAUUUGGCGGGGGCUUUCUUCU
.........(((.((((((......))).))).)))(((.((((...(((((((((....)))).))...)))...)))).)))....,-18.80,4781.933,X1,AACACUUAUCGGUGGUCAACUUUUCUUGUAUCCCCGGGAUGCCUAUACCAGUUCCGAUUCUGGACACAUUUGGCGGGGGCUUUCUUCU
.........(((.((((((......))).))).)))(((.((((...(((((((((....)))).))...)))...)))).)))....,-18.80,1790.351,X1,AACACUUAUCGGUGGUCAACUUUUCUUGUAUCCCCGGGAUGCCUAUACCAGUUCCGAUUCUGGACACAUUUGGCGGGGGCUUUCUUCU
.........(((.((((((......))).))).)))(((.((((...(((((((((....)))).))...)))...)))).)))....,-18.80,2792322.361,X1,AACACUUAUCGGUGGUCAACUUUUCUUGUAUCCCCGGGAUGCCUAUACCAGUUCCGAUUCUGGACACAUUUGGCGGGGGCUUUCUUCU
.........(((.((((((......))).))).)))(((.((((...(((((((((....)))).))...)))...)))).)))....,-18.80,55576.792,X1,AACACUUAUCGGUGGUCAACUUUUCUUGUAUCCCCGGGAUGCCUAUACCAGUUCCGAUUCUGGACACAUUUGGCGGGGGCUUUCUUCU
.........(((.((((((......))).))).)))(((.((((...(((((((((....)))).))...)))...)))).)))....,-18.80,434157.298,X1,AACACUUAUCGGUGGUCAACUUUUCUUGUAUCCCCGGGAUGCCUAUACCAGUUCCGAUUCUGGACACAUUUGGCGGGGGCUUUCUUCU
.........(((.((((((......))).))).)))(((.((((...(((((((((....)))).))...)))...)))).)))....,-18.80,5418.321,X1,AACACUUAUCGGUGGUCAACUUUUCUUGUAUCCCCGGGAUGCCUAUACCAGUUCCGAUUCUGGACACAUUUGGCGGGGGCUUUCUUCU
.........(((.((((((......))).))).)))(((.((((...(((((((((....)))).))...)))...)))).)))....,-18.80,2554749.421,X1,AACACUUAUCGGUGGUCAACUUUUCUUGUAUCCCCGGGAUGCCUAUACCAGUUCCGAUUCUGGACACAUUUGGCGGGGGCUUUCUUCU
.........(((.((((((......))).))).)))(((.((((...(((((((((....)))).))...)))...)))).)))....,-18.80,2833.922,X1,AACACUUAUCGGUGGUCAACUUUUCUUGUAUCCCCGGGAUGCCUAUACCAGUUCCGAUUCUGGACACAUUUGGCGGGGGCUUUCUUCU
.........(((.((((((......))).))).)))(((.((((...(((((((((....)))).))...)))...)))).)))....,-18.80,3170.820,X1,AACACUUAUCGGUGGUCAACUUUUCUUGUAUCCCCGGGAUGCCUAUACCAGUUCCGAUUCUGGACACAUUUGGCGGGGGCUUUCUUCU
.........(((.((((((......))).))).)))(((.((((...(((((((((....)))).))...)))...)))).)))....,-18.80,15647.268,X1,AACACUUAUCGGUGGUCAACUUUUCUUGUAUCCCCGGGAUGCCUAUACCAGUUCCGAUUCUGGACACAUUUGGCGGGGGCUUUCUUCU
.........(((.((((((......))).))).)))(((.((((...(((((((((....)))).))...)))...)))).)))....,-18.80,3091334.470,X1,AACACUUAUCGGUGGUCAACUUUUCUUGUAUCCCCGGGAUGCCUAUACCAGUUCCGAUUCUGGACACAUUUGGCGGGGGCUUUCUUCU
.........(((.((((((......))).))).)))(((.((((...(((((((((....)))).))...)))...)))).)))....,-18.80,4078.041,X1,AACACUUAUCGGUGGUCAACUUUUCUUGUAUCCCCGGGAUGCCUAUACCAGUUCCGAUUCUGGACACAUUUGGCGGGGGCUUUCUUCU
.........(((.((((((......))).))).)))(((.((((...(((((((((....)))).))...)))...)))).)))....,-18.80,1666.223,X1,AACACUUAUCGGUGGUCAACUUUUCUUGUAUCCCCGGGAUGCCUAUACCAGUUCCGAUUCUGGACACAUUUGGCGGGGGCUUUCUUCU
.........(((.((((((......))).))).)))(((.((((...(((((((((....)))).))...)))...)))).)))....,-18.80,350.797,X1,AACACUUAUCGGUGGUCAACUUUUCUUGUAUCCCCGGGAUGCCUAUACCAGUUCCGAUUCUGGACACAUUUGGCGGGGGCUUUCUUCU
.........(((.((((((......))).))).)))(((.((((...(((((((((....)))).))...)))...)))).)))....,-18.80,4489219.020,X1,AACACUUAUCGGUGGUCAACUUUUCUUGUAUCCCCGGGAUGCCUAUACCAGUUCCGAUUCUGGACACAUUUGGCGGGGGCUUUCUUCU
.........(((.((((((......))).))).)))(((.((((...(((((((((....)))).))...)))...)))).)))....,-18.80,2096391.072,X1,AACACUUAUCGGUGGUCAACUUUUCUUGUAUCCCCGGGAUGCCUAUACCAGUUCCGAUUCUGGACACAUUUGGCGGGGGCUUUCUUCU
.........(((.((((((......))).))).)))(((.((((...(((((((((....)))).))...)))...)))).)))....,-18.80,2093.526,X1,AACACUUAUCGGUGGUCAACUUUUCUUGUAUCCCCGGGAUGCCUAUACCAGUUCCGAUUCUGGACACAUUUGGCGGGGGCUUUCUUCU
.........(((.((((((......))).))).)))(((.((((...(((((((((....)))).))...)))...)))).)))....,-18.80,34589.108,X1,AACACUUAUCGGUGGUCAACUUUUCUUGUAUCCCCGGGAUGCCUAUACCAGUUCCGAUUCUGGACACAUUUGGCGGGGGCUUUCUUCU
.........(((.((((((......))).))).)))(((.((((...(((((((((....)))).))...)))...)))).)))....,-18.80,1109420.025,X1,AACACUUAUCGGUGGUCAACUUUUCUUGUAUCCCCGGGAUGCCUAUACCAGUUCCGAUUCUGGACACAUUUGGCGGGGGCUUUCUUCU
.........(((.((((((......))).))).)))(((.((((...(((((((((....)))).))...)))...)))).)))....,-18.80,595.673,X1,AACACUUAUCGGUGGUCAACUUUUCUUGUAUCCCCGGGAUGCCUAUACCAGUUCCGAUUCUGGACACAUUUGGCGGGGGCUUUCUUCU
.........(((.((((((......))).))).)))(((.((((...(((((((((....)))).))...)))...)))).)))....,-18.80,18951.425,X1,AACACUUAUCGGUGGUCAACUUUUCUUGUAUCCCCGGGAUGCCUAUACCAGUUCCGAUUCUGGACACAUUUGGCGGGGGCUUUCUUCU
.........(((.((((((......))).))).)))(((.((((...(((((((((....)))).))...)))...)))).)))....,-18.80,5286.934,X1,AACACUUAUCGGUGGUCAACUUUUCUUGUAUCCCCGGGAUGCCUAUACCAGUUCCGAUUCUGGACACAUUUGGCGGGGGCUUUCUUCU
.........(((.((((((......))).))).)))(((.((((...(((((((((....)))).))...)))...)))).)))....,-18.80,1434735.276,X1,AACACUUAUCGGUGGUCAACUUUUCUUGUAUCCCCGGGAUGCCUAUACCAGUUCCGAUUCUGGACACAUUUGGCGGGGGCUUUCUUCU
.........(((.((((((......))).))).)))(((.((((...(((((((((....)))).))...)))...)))).)))....,-18.80,613735.760,X1,AACACUUAUCGGUGGUCAACUUUUCUUGUAUCCCCGGGAUGCCUAUACCAGUUCCGAUUCUGGACACAUUUGGCGGGGGCUUUCUUCU
.........(((.((((((......))).))).)))(((.((((...(((((((((....)))).))...)))...)))).)))....,-18.80,14084.158,X1,AACACUUAUCGGUGGUCAACUUUUCUUGUAUCCCCGGGAUGCCUAUACCAGUUCCGAUUCUGGACACAUUUGGCGGGGGCUUUCUUCU
.........(((.((((((......))).))).)))(((.((((...(((((((((....)))).))...)))...)))).)))....,-18.80,86397.693,X1,AACACUUAUCGGUGGUCAACUUUUCUUGUAUCCCCGGGAUGCCUAUACCAGUUCCGAUUCUGGACACAUUUGGCGGGGGCUUUCUUCU
.........(((.((((((......))).))).)))(((.((((...(((((((((....)))).))...)))...)))).)))....,-18.80,72.218,X1,AACACUUAUCGGUGGUCAACUUUUCUUGUAUCCCCGGGAUGCCUAUACCAGUUCCGAUUCUGGACACAUUUGGCGGGGGCUUUCUUCU
.........(((.((((((......))).))).)))(((.((((...(((((((((....)))).))...)))...)))).)))....,-18.80,9271.467,X1,AACACUUAUCGGUGGUCAACUUUUCUUGUAUCCCCGGGAUGCCUAUACCAGUUCCGAUUCUGGACACAUUUGGCGGGGGCUUUCUUCU
.........(((.((((((......))).))).)))(((.((((...(((((((((....)))).))...)))...)))).)))....,-18.80,17451.888,X1,AACACUUAUCGGUGGUCAACUUUUCUUGUAUCCCCGGGAUGCCUAUACCAGUUCCGAUUCUGGACACAUUUGGCGGGGGCUUUCUUCU
.........(((.((((((......))).))).)))(((.((((...(((((((((....)))).))...)))...)))).)))....,-18.80,1777259.043,X1,AACACUUAUCGGUGGUCAACUUUUCUUGUAUCCCCGGGAUGCCUAUACCAGUUCCGAUUCUGGACACAUUUGGCGGGGGCUUUCUUCU
.........(((.((((((......))).))).)))(((.((((...(((((((((....)))).))...)))...)))).)))....,-18.80,132.801,X1,AACACUUAUCGGUGGUCAACUUUUCUUGUAUCCCCGGGAUGCCUAUACCAGUUCCGAUUCUGGACACAUUUGGCGGGGGCUUUCUUCU
.........(((.((((((......))).))).)))(((.((((...(((((((((....)))).))...)))...)))).)))....,-18.80,110.851,X1,AACACUUAUCGGUGGUCAACUUUUCUUGUAUCCCCGGGAUGCCUAUACCAGUUCCGAUUCUGGACACAUUUGGCGGGGGCUUUCUUCU
.........(((.((((((......))).))).)))(((.((((...(((((((((....)))).))...)))...)))).)))....,-18.80,13982.905,X1,AACACUUAUCGGUGGUCAACUUUUCUUGUAUCCCCGGGAUGCCUAUACCAGUUCCGAUUCUGGACACAUUUGGCGGGGGCUUUCUUCU
.........(((.((((((......))).))).)))(((.((((...(((((((((....)))).))...)))...)))).)))....,-18.80,4539.305,X1,AACACUUAUCGGUGGUCAACUUUUCUUGUAUCCCCGGGAUGCCUAUACCAGUUCCGAUUCUGGACACAUUUGGCGGGGGCUUUCUUCU
.........(((.((((((......))).))).)))(((.((((...(((((((((....)))).))...)))...)))).)))....,-18.80,4383.522,X1,AACACUUAUCGGUGGUCAACUUUUCUUGUAUCCCCGGGAUGCCUAUACCAGUUCCGAUUCUGGACACAUUUGGCGGGGGCUUUCUUCU
.........(((.((((((......))).))).)))(((.((((...(((((((((....)))).))...)))...)))).)))....,-18.80,87.637,X1,AACACUUAUCGGUGGUCAACUUUUCUUGUAUCCCCGGGAUGCCUAUACCAGUUCCGAUUCUGGACACAUUUGGCGGGGGCUUUCUUCU
.........(((.((((((......))).))).)))(((.((((...(((((((((....)))).))...)))...)))).)))....,-18.80,764.559,X1,AACACUUAUCGGUGGUCAACUUUUCUUGUAUCCCCGGGAUGCCUAUACCAGUUCCGAUUCUGGACACAUUUGGCGGGGGCUUUCUUCU
.........(((.((((((......))).))).)))(((.((((...(((((((((....)))).))...)))...)))).)))....,-18.80,5505996.643,X1,AACACUUAUCGGUGGUCAACUUUUCUUGUAUCCCCGGGAUGCCUAUACCAGUUCCGAUUCUGGACACAUUUGGCGGGGGCUUUCUUCU
.........(((.((((((......))).))).)))(((.((((...(((((((((....)))).))...)))...)))).)))....,-18.80,158668.415,X1,AACACUUAUCGGUGGUCAACUUUUCUUGUAUCCCCGGGAUGCCUAUACCAGUUCCGAUUCUGGACACAUUUGGCGGGGGCUUUCUUCU
.........(((.((((((......))).))).)))(((.((((...(((((((((....)))).))...)))...)))).)))....,-18.80,233.187,X1,AACACUUAUCGGUGGUCAACUUUUCUUGUAUCCCCGGGAUGCCUAUACCAGUUCCGAUUCUGGACACAUUUGGCGGGGGCUUUCUUCU
.........(((.((((((......))).))).)))(((.((((...(((((((((....)))).))...)))...)))).)))....,-18.80,2581403.968,X1,AACACUUAUCGGUGGUCAACUUUUCUUGUAUCCCCGGGAUGCCUAUACCAGUUCCGAUUCUGGACACAUUUGGCGGGGGCUUUCUUCU
.........(((.((((((......))).))).)))(((.((((...(((((((((....)))).))...)))...)))).)))....,-18.80,5762.319,X1,AACACUUAUCGGUGGUCAACUUUUCUUGUAUCCCCGGGAUGCCUAUACCAGUUCCGAUUCUGGACACAUUUGGCGGGGGCUUUCUUCU
.........(((.((((((......))).))).)))(((.((((...(((((((((....)))).))...)))...)))).)))....,-18.80,4402.792,X1,AACACUUAUCGGUGGUCAACUUUUCUUGUAUCCCCGGGAUGCCUAUACCAGUUCCGAUUCUGGACACAUUUGGCGGGGGCUUUCUUCU
.........(((.((((((......))).))).)))(((.((((...(((((((((....)))).))...)))...)))).)))....,-18.80,16288.352,X1,AACACUUAUCGGUGGUCAACUUUUCUUGUAUCCCCGGGAUGCCUAUACCAGUUCCGAUUCUGGACACAUUUGGCGGGGGCUUUCUUCU
.........(((.((((((......))).))).)))(((.((((...(((((((((....)))).))...)))...)))).)))....,-18.80,2491263.347,X1,AACACUUAUCGGUGGUCAACUUUUCUUGUAUCCCCGGGAUGCCUAUACCAGUUCCGAUUCUGGACACAUUUGGCGGGGGCUUUCUUCU
.........(((.((((((......))).))).)))(((.((((...(((((((((....)))).))...)))...)))).)))....,-18.80,2647.129,X1,AACACUUAUCGGUGGUCAACUUUUCUUGUAUCCCCGGGAUGCCUAUACCAGUUCCGAUUCUGGACACAUUUGGCGGGGGCUUUCUUCU
.........(((.((((((......))).))).)))(((.((((...(((((((((....)))).))...)))...)))).)))....,-18.80,92237.678,X1,AACACUUAUCGGUGGUCAACUUUUCUUGUAUCCCCGGGAUGCCUAUACCAGUUCCGAUUCUGGACACAUUUGGCGGGGGCUUUCUUCU
.........(((.((((((......))).))).)))(((.((((...(((((((((....)))).))...)))...)))).)))....,-18.80,3922.906,X1,AACACUUAUCGGUGGUCAACUUUUCUUGUAUCCCCGGGAUGCCUAUACCAGUUCCGAUUCUGGACACAUUUGGCGGGGGCUUUCUUCU
.........(((.((((((......))).))).)))(((.((((...(((((((((....)))).))...)))...)))).)))....,-18.80,3113.929,X1,AACACUUAUCGGUGGUCAACUUUUCUUGUAUCCCCGGGAUGCCUAUACCAGUUCCGAUUCUGGACACAUUUGGCGGGGGCUUUCUUCU
.........(((.((((((......))).))).)))(((.((((...(((((((((....)))).))...)))...)))).)))....,-18.80,106506.022,X1,AACACUUAUCGGUGGUCAACUUUUCUUGUAUCCCCGGGAUGCCUAUACCAGUUCCGAUUCUGGACACAUUUGGCGGGGGCUUUCUUCU
.........(((.((((((......))).))).)))(((.((((...(((((((((....)))).))...)))...)))).)))....,-18.80,68.890,X1,AACACUUAUCGGUGGUCAACUUUUCUUGUAUCCCCGGGAUGCCUAUACCAGUUCCGAUUCUGGACACAUUUGGCGGGGGCUUUCUUCU
.........(((.((((((......))).))).)))(((.((((...(((((((((....)))).))...)))...)))).)))....,-18.80,1960777.357,X1,AACACUUAUCGGUGGUCAACUUUUCUUGUAUCCCCGGGAUGCCUAUACCAGUUCCGAUUCUGGACACAUUUGGCGGGGGCUUUCUUCU
.........(((.((((((......))).))).)))(((.((((...(((((((((....)))).))...)))...)))).)))....,-18.80,5141502.013,X1,AACACUUAUCGGUGGUCAACUUUUCUUGUAUCCCCGGGAUGCCUAUACCAGUUCCGAUUCUGGACACAUUUGGCGGGGGCUUUCUUCU
.........(((.((((((......))).))).)))(((.((((...(((((((((....)))).))...)))...)))).)))....,-18.80,45585.329,X1,AACACUUAUCGGUGGUCAACUUUUCUUGUAUCCCCGGGAUGCCUAUACCAGUUCCGAUUCUGGACACAUUUGGCGGGGGCUUUCUUCU
.........(((.((((((......))).))).)))(((.((((...(((((((((....)))).))...)))...)))).)))....,-18.80,7881.935,X1,AACACUUAUCGGUGGUCAACUUUUCUUGUAUCCCCGGGAUGCCUAUACCAGUUCCGAUUCUGGACACAUUUGGCGGGGGCUUUCUUCU
.........(((.((((((......))).))).)))(((.((((...(((((((((....)))).))...)))...)))).)))....,-18.80,1235.271,X1,AACACUUAUCGGUGGUCAACUUUUCUUGUAUCCCCGGGAUGCCUAUACCAGUUCCGAUUCUGGACACAUUUGGCGGGGGCUUUCUUCU
.........(((.((((((......))).))).)))(((.((((...(((((((((....)))).))...)))...)))).)))....,-18.80,146342.430,X1,AACACUUAUCGGUGGUCAACUUUUCUUGUAUCCCCGGGAUGCCUAUACCAGUUCCGAUUCUGGACACAUUUGGCGGGGGCUUUCUUCU
.........(((.((((((......))).))).)))(((.((((...(((((((((....)))).))...)))...)))).)))....,-18.80,1509.569,X1,AACACUUAUCGGUGGUCAACUUUUCUUGUAUCCCCGGGAUGCCUAUACCAGUUCCGAUUCUGGACACAUUUGGCGGGGGCUUUCUUCU
.........(((.((((((......))).))).)))(((.((((...(((((((((....)))).))...)))...)))).)))....,-18.80,2680.834,X1,AACACUUAUCGGUGGUCAACUUUUCUUGUAUCCCCGGGAUGCCUAUACCAGUUCCGAUUCUGGACACAUUUGGCGGGGGCUUUCUUCU
.........(((.((((((......))).))).)))(((.((((...(((((((((....)))).))...)))...)))).)))....,-18.80,93.425,X1,AACACUUAUCGGUGGUCAACUUUUCUUGUAUCCCCGGGAUGCCUAUACCAGUUCCGAUUCUGGACACAUUUGGCGGGGGCUUUCUUCU
.........(((.((((((......))).))).)))(((.((((...(((((((((....)))).))...)))...)))).)))....,-18.80,1023300.194,X1,AACACUUAUCGGUGGUCAACUUUUCUUGUAUCCCCGGGAUGCCUAUACCAGUUCCGAUUCUGGACACAUUUGGCGGGGGCUUUCUUCU
.........(((.((((((......))).))).)))(((.((((...(((((((((....)))).))...)))...)))).)))....,-18.80,9947.106,X1,AACACUUAUCGGUGGUCAACUUUUCUUGUAUCCCCGGGAUGCCUAUACCAGUUCCGAUUCUGGACACAUUUGGCGGGGGCUUUCUUCU
.........(((.((((((......))).))).)))(((.((((...(((((((((....)))).))...)))...)))).)))....,-18.80,9223.681,X1,AACACUUAUCGGUGGUCAACUUUUCUUGUAUCCCCGGGAUGCCUAUACCAGUUCCGAUUCUGGACACAUUUGGCGGGGGCUUUCUUCU
.........(((.((((((......))).))).)))(((.((((...(((((((((....)))).))...)))...)))).)))....,-18.80,3448.844,X1,AACACUUAUCGGUGGUCAACUUUUCUUGUAUCCCCGGGAUGCCUAUACCAGUUCCGAUUCUGGACACAUUUGGCGGGGGCUUUCUUCU
.........(((.((((((......))).))).)))(((.((((...(((((((((....)))).))...)))...)))).)))....,-18.80,368632.640,X1,AACACUUAUCGGUGGUCAACUUUUCUUGUAUCCCCGGGAUGCCUAUACCAGUUCCGAUUCUGGACACAUUUGGCGGGGGCUUUCUUCU
.........(((.((((((......))).))).)))(((.((((...(((((((((....)))).))...)))...)))).)))....,-18.80,1029.150,X1,AACACUUAUCGGUGGUCAACUUUUCUUGUAUCCCCGGGAUGCCUAUACCAGUUCCGAUUCUGGACACAUUUGGCGGGGGCUUUCUUCU
.........(((.((((((......))).))).)))(((.((((...(((((((((....)))).))...)))...)))).)))....,-18.80,1877116.558,X1,AACACUUAUCGGUGGUCAACUUUUCUUGUAUCCCCGGGAUGCCUAUACCAGUUCCGAUUCUGGACACAUUUGGCGGGGGCUUUCUUCU
.........(((.((((((......))).))).)))(((.((((...(((((((((....)))).))...)))...)))).)))....,-18.80,39340.645,X1,AACACUUAUCGGUGGUCAACUUUUCUUGUAUCCCCGGGAUGCCUAUACCAGUUCCGAUUCUGGACACAUUUGGCGGGGGCUUUCUUCU
.........(((.((((((......))).))).)))(((.((((...(((((((((....)))).))...)))...)))).)))....,-18.80,20818.941,X1,AACACUUAUCGGUGGUCAACUUUUCUUGUAUCCCCGGGAUGCCUAUACCAGUUCCGAUUCUGGACACAUUUGGCGGGGGCUUUCUUCU
.........(((.((((((......))).))).)))(((.((((...(((((((((....)))).))...)))...)))).)))....,-18.80,4463361.602,X1,AACACUUAUCGGUGGUCAACUUUUCUUGUAUCCCCGGGAUGCCUAUACCAGUUCCGAUUCUGGACACAUUUGGCGGGGGCUUUCUUCU
.........(((.((((((......))).))).)))(((.((((...(((((((((....)))).))...)))...)))).)))....,-18.80,7505.048,X1,AACACUUAUCGGUGGUCAACUUUUCUUGUAUCCCCGGGAUGCCUAUACCAGUUCCGAUUCUGGACACAUUUGGCGGGGGCUUUCUUCU
.........(((.((((((......))).))).)))(((.((((...(((((((((....)))).))...)))...)))).)))....,-18.80,1106161.545,X1,AACACUUAUCGGUGGUCAACUUUUCUUGUAUCCCCGGGAUGCCUAUACCAGUUCCGAUUCUGGACACAUUUGGCGGGGGCUUUCUUCU
.........(((.((((((......))).))).)))(((.((((...(((((((((....)))).))...)))...)))).)))....,-18.80,14791.689,X1,AACACUUAUCGGUGGUCAACUUUUCUUGUAUCCCCGGGAUGCCUAUACCAGUUCCGAUUCUGGACACAUUUGGCGGGGGCUUUCUUCU
.........(((.((((((......))).))).)))(((.((((...(((((((((....)))).))...)))...)))).)))....,-18.80,2569241.155,X1,AACACUUAUCGGUGGUCAACUUUUCUUGUAUCCCCGGGAUGCCUAUACCAGUUCCGAUUCUGGACACAUUUGGCGGGGGCUUUCUUCU
.........(((.((((((......))).))).)))(((.((((...(((((((((....)))).))...)))...)))).)))....,-18.80,3751.782,X1,AACACUUAUCGGUGGUCAACUUUUCUUGUAUCCCCGGGAUGCCUAUACCAGUUCCGAUUCUGGACACAUUUGGCGGGGGCUUUCUUCU
.........(((.((((((......))).))).)))(((.((((...(((((((((....)))).))...)))...)))).)))....,-18.80,2630611.160,X1,AACACUUAUCGGUGGUCAACUUUUCUUGUAUCCCCGGGAUGCCUAUACCAGUUCCGAUUCUGGACACAUUUGGCGGGGGCUUUCUUCU
.........(((.((((((......))).))).)))(((.((((...(((((((((....)))).))...)))...)))).)))....,-18.80,1247.926,X1,AACACUUAUCGGUGGUCAACUUUUCUUGUAUCCCCGGGAUGCCUAUACCAGUUCCGAUUCUGGACACAUUUGGCGGGGGCUUUCUUCU
.........(((.((((((......))).))).)))(((.((((...(((((((((....)))).))...)))...)))).)))....,-18.80,1327867.252,X1,AACACUUAUCGGUGGUCAACUUUUCUUGUAUCCCCGGGAUGCCUAUACCAGUUCCGAUUCUGGACACAUUUGGCGGGGGCUUUCUUCU
.........(((.((((((......))).))).)))(((.((((...(((((((((....)))).))...)))...)))).)))....,-18.80,3832.669,X1,AACACUUAUCGGUGGUCAACUUUUCUUGUAUCCCCGGGAUGCCUAUACCAGUUCCGAUUCUGGACACAUUUGGCGGGGGCUUUCUUCU
.........(((.((((((......))).))).)))(((.((((...(((((((((....)))).))...)))...)))).)))....,-18.80,190372.875,X1,AACACUUAUCGGUGGUCAACUUUUCUUGUAUCCCCGGGAUGCCUAUACCAGUUCCGAUUCUGGACACAUUUGGCGGGGGCUUUCUUCU
.........(((.((((((......))).))).)))(((.((((...(((((((((....)))).))...)))...)))).)))....,-18.80,703.171,X1,AACACUUAUCGGUGGUCAACUUUUCUUGUAUCCCCGGGAUGCCUAUACCAGUUCCGAUUCUGGACACAUUUGGCGGGGGCUUUCUUCU
.........(((.((((((......))).))).)))(((.((((...(((((((((....)))).))...)))...)))).)))....,-18.80,808.223,X1,AACACUUAUCGGUGGUCAACUUUUCUUGUAUCCCCGGGAUGCCUAUACCAGUUCCGAUUCUGGACACAUUUGGCGGGGGCUUUCUUCU
.........(((.((((((......))).))).)))(((.((((...(((((((((....)))).))...)))...)))).)))....,-18.80,44192.083,X1,AACACUUAUCGGUGGUCAACUUUUCUUGUAUCCCCGGGAUGCCUAUACCAGUUCCGAUUCUGGACACAUUUGGCGGGGGCUUUCUUCU
.........(((.((((((......))).))).)))(((.((((...(((((((((....)))).))...)))...)))).)))....,-18.80,464.386,X1,AACACUUAUCGGUGGUCAACUUUUCUUGUAUCCCCGGGAUGCCUAUACCAGUUCCGAUUCUGGACACAUUUGGCGGGGGCUUUCUUCU
.........(((.((((((......))).))).)))(((.((((...(((((((((....)))).))...)))...)))).)))....,-18.80,2985975.747,X1,AACACUUAUCGGUGGUCAACUUUUCUUGUAUCCCCGGGAUGCCUAUACCAGUUCCGAUUCUGGACACAUUUGGCGGGGGCUUUCUUCU
.........(((.((((((......))).))).)))(((.((((...(((((((((....)))).))...)))...)))).)))....,-18.80,804.337,X1,AACACUUAUCGGUGGUCAACUUUUCUUGUAUCCCCGGGAUGCCUAUACCAGUUCCGAUUCUGGACACAUUUGGCGGGGGCUUUCUUCU
.........(((.((((((......))).))).)))(((.((((...(((((((((....)))).))...)))...)))).)))....,-18.80,1209514.965,X1,AACACUUAUCGGUGGUCAACUUUUCUUGUAUCCCCGGGAUGCCUAUACCAGUUCCGAUUCUGGACACAUUUGGCGGGGGCUUUCUUCU
.........(((.((((((......))).))).)))(((.((((...(((((((((....)))).))...)))...)))).)))....,-18.80,220.469,X1,AACACUUAUCGGUGGUCAACUUUUCUUGUAUCCCCGGGAUGCCUAUACCAGUUCCGAUUCUGGACACAUUUGGCGGGGGCUUUCUUCU
.........(((.((((((......))).))).)))(((.((((...(((((((((....)))).))...)))...)))).)))....,-18.80,22195.668,X1,AACACUUAUCGGUGGUCAACUUUUCUUGUAUCCCCGGGAUGCCUAUACCAGUUCCGAUUCUGGACACAUUUGGCGGGGGCUUUCUUCU
.........(((.((((((......))).))).)))(((.((((...(((((((((....)))).))...)))...)))).)))....,-18.80,46750.259,X1,AACACUUAUCGGUGGUCAACUUUUCUUGUAUCCCCGGGAUGCCUAUACCAGUUCCGAUUCUGGACACAUUUGGCGGGGGCUUUCUUCU
.........(((.((((((......))).))).)))(((.((((...(((((((((....)))).))...)))...)))).)))....,-18.80,623.049,X1,AACACUUAUCGGUGGUCAACUUUUCUUGUAUCCCCGGGAUGCCUAUACCAGUUCCGAUUCUGGACACAUUUGGCGGGGGCUUUCUUCU
.........(((.((((((......))).))).)))(((.((((...(((((((((....)))).))...)))...)))).)))....,-18.80,62728.044,X1,AACACUUAUCGGUGGUCAACUUUUCUUGUAUCCCCGGGAUGCCUAUACCAGUUCCGAUUCUGGACACAUUUGGCGGGGGCUUUCUUCU
.........(((.((((((......))).))).)))(((.((((...(((((((((....)))).))...)))...)))).)))....,-18.80,111.924,X1,AACACUUAUCGGUGGUCAACUUUUCUUGUAUCCCCGGGAUGCCUAUACCAGUUCCGAUUCUGGACACAUUUGGCGGGGGCUUUCUUCU
.........(((.((((((......))).))).)))(((.((((...(((((((((....)))).))...)))...)))).)))....,-18.80,6768.256,X1,AACACUUAUCGGUGGUCAACUUUUCUUGUAUCCCCGGGAUGCCUAUACCAGUUCCGAUUCUGGACACAUUUGGCGGGGGCUUUCUUCU
.........(((.((((((......))).))).)))(((.((((...(((((((((....)))).))...)))...)))).)))....,-18.80,20955.351,X1,AACACUUAUCGGUGGUCAACUUUUCUUGUAUCCCCGGGAUGCCUAUACCAGUUCCGAUUCUGGACACAUUUGGCGGGGGCUUUCUUCU
.........(((.((((((......))).))).)))(((.((((...(((((((((....)))).))...)))...)))).)))....,-18.80,223282.943,X1,AACACUUAUCGGUGGUCAACUUUUCUUGUAUCCCCGGGAUGCCUAUACCAGUUCCGAUUCUGGACACAUUUGGCGGGGGCUUUCUUCU
.........(((.((((((......))).))).)))(((.((((...(((((((((....)))).))...)))...)))).)))....,-18.80,938008.685,X1,AACACUUAUCGGUGGUCAACUUUUCUUGUAUCCCCGGGAUGCCUAUACCAGUUCCGAUUCUGGACACAUUUGGCGGGGGCUUUCUUCU
.........(((.((((((......))).))).)))(((.((((...(((((((((....)))).))...)))...)))).)))....,-18.80,1882397.351,X1,AACACUUAUCGGUGGUCAACUUUUCUUGUAUCCCCGGGAUGCCUAUACCAGUUCCGAUUCUGGACACAUUUGGCGGGGGCUUUCUUCU
.........(((.((((((......))).))).)))(((.((((...(((((((((....)))).))...)))...)))).)))....,-18.80,97.882,X1,AACACUUAUCGGUGGUCAACUUUUCUUGUAUCCCCGGGAUGCCUAUACCAGUUCCGAUUCUGGACACAUUUGGCGGGGGCUUUCUUCU
.........(((.((((((......))).))).)))(((.((((...(((((((((....)))).))...)))...)))).)))....,-18.80,2766376.433,X1,AACACUUAUCGGUGGUCAACUUUUCUUGUAUCCCCGGGAUGCCUAUACCAGUUCCGAUUCUGGACACAUUUGGCGGGGGCUUUCUUCU
.........(((.((((((......))).))).)))(((.((((...(((((((((....)))).))...)))...)))).)))....,-18.80,1904.188,X1,AACACUUAUCGGUGGUCAACUUUUCUUGUAUCCCCGGGAUGCCUAUACCAGUUCCGAUUCUGGACACAUUUGGCGGGGGCUUUCUUCU
.........(((.((((((......))).))).)))(((.((((...(((((((((....)))).))...)))...)))).)))....,-18.80,1893.289,X1,AACACUUAUCGGUGGUCAACUUUUCUUGUAUCCCCGGGAUGCCUAUACCAGUUCCGAUUCUGGACACAUUUGGCGGGGGCUUUCUUCU
.........(((.((((((......))).))).)))(((.((((...(((((((((....)))).))...)))...)))).)))....,-18.80,1237.587,X1,AACACUUAUCGGUGGUCAACUUUUCUUGUAUCCCCGGGAUGCCUAUACCAGUUCCGAUUCUGGACACAUUUGGCGGGGGCUUUCUUCU
.........(((.((((((......))).))).)))(((.((((...(((((((((....)))).))...)))...)))).)))....,-18.80,218758.535,X1,AACACUUAUCGGUGGUCAACUUUUCUUGUAUCCCCGGGAUGCCUAUACCAGUUCCGAUUCUGGACACAUUUGGCGGGGGCUUUCUUCU
.........(((.((((((......))).))).)))(((.((((...(((((((((....)))).))...)))...)))).)))....,-18.80,2886.886,X1,AACACUUAUCGGUGGUCAACUUUUCUUGUAUCCCCGGGAUGCCUAUACCAGUUCCGAUUCUGGACACAUUUGGCGGGGGCUUUCUUCU
.........(((.((((((......))).))).)))(((.((((...(((((((((....)))).))...)))...)))).)))....,-18.80,2452.685,X1,AACACUUAUCGGUGGUCAACUUUUCUUGUAUCCCCGGGAUGCCUAUACCAGUUCCGAUUCUGGACACAUUUGGCGGGGGCUUUCUUCU
.........(((.((((((......))).))).)))(((.((((...(((((((((....)))).))...)))...)))).)))....,-18.80,2019.629,X1,AACACUUAUCGGUGGUCAACUUUUCUUGUAUCCCCGGGAUGCCUAUACCAGUUCCGAUUCUGGACACAUUUGGCGGGGGCUUUCUUCU
.........(((.((((((......))).))).)))(((.((((...(((((((((....)))).))...)))...)))).)))....,-18.80,80650.236,X1,AACACUUAUCGGUGGUCAACUUUUCUUGUAUCCCCGGGAUGCCUAUACCAGUUCCGAUUCUGGACACAUUUGGCGGGGGCUUUCUUCU
.........(((.((((((......))).))).)))(((.((((...(((((((((....)))).))...)))...)))).)))....,-18.80,1507630.486,X1,AACACUUAUCGGUGGUCAACUUUUCUUGUAUCCCCGGGAUGCCUAUACCAGUUCCGAUUCUGGACACAUUUGGCGGGGGCUUUCUUCU
.........(((.((((((......))).))).)))(((.((((...(((((((((....)))).))...)))...)))).)))....,-18.80,1849.404,X1,AACACUUAUCGGUGGUCAACUUUUCUUGUAUCCCCGGGAUGCCUAUACCAGUUCCGAUUCUGGACACAUUUGGCGGGGGCUUUCUUCU
.........(((.((((((......))).))).)))(((.((((...(((((((((....)))).))...)))...)))).)))....,-18.80,374280.384,X1,AACACUUAUCGGUGGUCAACUUUUCUUGUAUCCCCGGGAUGCCUAUACCAGUUCCGAUUCUGGACACAUUUGGCGGGGGCUUUCUUCU
.........(((.((((((......))).))).)))(((.((((...(((((((((....)))).))...)))...)))).)))....,-18.80,912345.521,X1,AACACUUAUCGGUGGUCAACUUUUCUUGUAUCCCCGGGAUGCCUAUACCAGUUCCGAUUCUGGACACAUUUGGCGGGGGCUUUCUUCU
.........(((.((((((......))).))).)))(((.((((...(((((((((....)))).))...)))...)))).)))....,-18.80,6369.123,X1,AACACUUAUCGGUGGUCAACUUUUCUUGUAUCCCCGGGAUGCCUAUACCAGUUCCGAUUCUGGACACAUUUGGCGGGGGCUUUCUUCU
.........(((.((((((......))).))).)))(((.((((...(((((((((....)))).))...)))...)))).)))....,-18.80,3087.599,X1,AACACUUAUCGGUGGUCAACUUUUCUUGUAUCCCCGGGAUGCCUAUACCAGUUCCGAUUCUGGACACAUUUGGCGGGGGCUUUCUUCU
.........(((.((((((......))).))).)))(((.((((...(((((((((....)))).))...)))...)))).)))....,-18.80,59.134,X1,AACACUUAUCGGUGGUCAACUUUUCUUGUAUCCCCGGGAUGCCUAUACCAGUUCCGAUUCUGGACACAUUUGGCGGGGGCUUUCUUCU
.........(((.((((((......))).))).)))(((.((((...(((((((((....)))).))...)))...)))).)))....,-18.80,2813.952,X1,AACACUUAUCGGUGGUCAACUUUUCUUGUAUCCCCGGGAUGCCUAUACCAGUUCCGAUUCUGGACACAUUUGGCGGGGGCUUUCUUCU
.........(((.((((((......))).))).)))(((.((((...(((((((((....)))).))...)))...)))).)))....,-18.80,1066.879,X1,AACACUUAUCGGUGGUCAACUUUUCUUGUAUCCCCGGGAUGCCUAUACCAGUUCCGAUUCUGGACACAUUUGGCGGGGGCUUUCUUCU
.........(((.((((((......))).))).)))(((.((((...(((((((((....)))).))...)))...)))).)))....,-18.80,1457960.750,X1,AACACUUAUCGGUGGUCAACUUUUCUUGUAUCCCCGGGAUGCCUAUACCAGUUCCGAUUCUGGACACAUUUGGCGGGGGCUUUCUUCU
.........(((.((((((......))).))).)))(((.((((...(((((((((....)))).))...)))...)))).)))....,-18.80,2481.013,X1,AACACUUAUCGGUGGUCAACUUUUCUUGUAUCCCCGGGAUGCCUAUACCAGUUCCGAUUCUGGACACAUUUGGCGGGGGCUUUCUUCU
.........(((.((((((......))).))).)))(((.((((...(((((((((....)))).))...)))...)))).)))....,-18.80,17387.982,X1,AACACUUAUCGGUGGUCAACUUUUCUUGUAUCCCCGGGAUGCCUAUACCAGUUCCGAUUCUGGACACAUUUGGCGGGGGCUUUCUUCU
.........(((.((((((......))).))).)))(((.((((...(((((((((....)))).))...)))...)))).)))....,-18.80,566136.865,X1,AACACUUAUCGGUGGUCAACUUUUCUUGUAUCCCCGGGAUGCCUAUACCAGUUCCGAUUCUGGACACAUUUGGCGGGGGCUUUCUUCU
.........(((.((((((......))).))).)))(((.((((...(((((((((....)))).))...)))...)))).)))....,-18.80,2222688.427,X1,AACACUUAUCGGUGGUCAACUUUUCUUGUAUCCCCGGGAUGCCUAUACCAGUUCCGAUUCUGGACACAUUUGGCGGGGGCUUUCUUCU
.........(((.((((((......))).))).)))(((.((((...(((((((((....)))).))...)))...)))).)))....,-18.80,11716.252,X1,AACACUUAUCGGUGGUCAACUUUUCUUGUAUCCCCGGGAUGCCUAUACCAGUUCCGAUUCUGGACACAUUUGGCGGGGGCUUUCUUCU
.........(((.((((((......))).))).)))(((.((((...(((((((((....)))).))...)))...)))).)))....,-18.80,298.991,X1,AACACUUAUCGGUGGUCAACUUUUCUUGUAUCCCCGGGAUGCCUAUACCAGUUCCGAUUCUGGACACAUUUGGCGGGGGCUUUCUUCU
.........(((.((((((......))).))).)))(((.((((...(((((((((....)))).))...)))...)))).)))....,-18.80,5128.128,X1,AACACUUAUCGGUGGUCAACUUUUCUUGUAUCCCCGGGAUGCCUAUACCAGUUCCGAUUCUGGACACAUUUGGCGGGGGCUUUCUUCU
.........(((.((((((......))).))).)))(((.((((...(((((((((....)))).))...)))...)))).)))....,-18.80,1673.777,X1,AACACUUAUCGGUGGUCAACUUUUCUUGUAUCCCCGGGAUGCCUAUACCAGUUCCGAUUCUGGACACAUUUGGCGGGGGCUUUCUUCU
.........(((.((((((......))).))).)))(((.((((...(((((((((....)))).))...)))...)))).)))....,-18.80,1486667.307,X1,AACACUUAUCGGUGGUCAACUUUUCUUGUAUCCCCGGGAUGCCUAUACCAGUUCCGAUUCUGGACACAUUUGGCGGGGGCUUUCUUCU
.........(((.((((((......))).))).)))(((.((((...(((((((((....)))).))...)))...)))).)))....,-18.80,20967.646,X1,AACACUUAUCGGUGGUCAACUUUUCUUGUAUCCCCGGGAUGCCUAUACCAGUUCCGAUUCUGGACACAUUUGGCGGGGGCUUUCUUCU
.........(((.((((((......))).))).)))(((.((((...(((((((((....)))).))...)))...)))).)))....,-18.80,1071.285,X1,AACACUUAUCGGUGGUCAACUUUUCUUGUAUCCCCGGGAUGCCUAUACCAGUUCCGAUUCUGGACACAUUUGGCGGGGGCUUUCUUCU
.........(((.((((((......))).))).)))(((.((((...(((((((((....)))).))...)))...)))).)))....,-18.80,3642813.180,X1,AACACUUAUCGGUGGUCAACUUUUCUUGUAUCCCCGGGAUGCCUAUACCAGUUCCGAUUCUGGACACAUUUGGCGGGGGCUUUCUUCU
.........(((.((((((......))).))).)))(((.((((...(((((((((....)))).))...)))...)))).)))....,-18.80,760.472,X1,AACACUUAUCGGUGGUCAACUUUUCUUGUAUCCCCGGGAUGCCUAUACCAGUUCCGAUUCUGGACACAUUUGGCGGGGGCUUUCUUCU
.........(((.((((((......))).))).)))(((.((((...(((((((((....)))).))...)))...)))).)))....,-18.80,5718.698,X1,AACACUUAUCGGUGGUCAACUUUUCUUGUAUCCCCGGGAUGCCUAUACCAGUUCCGAUUCUGGACACAUUUGGCGGGGGCUUUCUUCU
.........(((.((((((......))).))).)))(((.((((...(((((((((....)))).))...)))...)))).)))....,-18.80,8778.244,X1,AACACUUAUCGGUGGUCAACUUUUCUUGUAUCCCCGGGAUGCCUAUACCAGUUCCGAUUCUGGACACAUUUGGCGGGGGCUUUCUUCU
.........(((.((((((......))).))).)))(((.((((...(((((((((....)))).))...)))...)))).)))....,-18.80,18866.103,X1,AACACUUAUCGGUGGUCAACUUUUCUUGUAUCCCCGGGAUGCCUAUACCAGUUCCGAUUCUGGACACAUUUGGCGGGGGCUUUCUUCU
.........(((.((((((......))).))).)))(((.((((...(((((((((....)))).))...)))...)))).)))....,-18.80,3356.776,X1,AACACUUAUCGGUGGUCAACUUUUCUUGUAUCCCCGGGAUGCCUAUACCAGUUCCGAUUCUGGACACAUUUGGCGGGGGCUUUCUUCU
.........(((.((((((......))).))).)))(((.((((...(((((((((....)))).))...)))...)))).)))....,-18.80,546446.955,X1,AACACUUAUCGGUGGUCAACUUUUCUUGUAUCCCCGGGAUGCCUAUACCAGUUCCGAUUCUGGACACAUUUGGCGGGGGCUUUCUUCU
.........(((.((((((......))).))).)))(((.((((...(((((((((....)))).))...)))...)))).)))....,-18.80,1403.280,X1,AACACUUAUCGGUGGUCAACUUUUCUUGUAUCCCCGGGAUGCCUAUACCAGUUCCGAUUCUGGACACAUUUGGCGGGGGCUUUCUUCU
.........(((.((((((......))).))).)))(((.((((...(((((((((....)))).))...)))...)))).)))....,-18.80,881246.884,X1,AACACUUAUCGGUGGUCAACUUUUCUUGUAUCCCCGGGAUGCCUAUACCAGUUCCGAUUCUGGACACAUUUGGCGGGGGCUUUCUUCU
.........(((.((((((......))).))).)))(((.((((...(((((((((....)))).))...)))...)))).)))....,-18.80,143319.508,X1,AACACUUAUCGGUGGUCAACUUUUCUUGUAUCCCCGGGAUGCCUAUACCAGUUCCGAUUCUGGACACAUUUGGCGGGGGCUUUCUUCU
.........(((.((((((......))).))).)))(((.((((...(((((((((....)))).))...)))...)))).)))....,-18.80,9016134.479,X1,AACACUUAUCGGUGGUCAACUUUUCUUGUAUCCCCGGGAUGCCUAUACCAGUUCCGAUUCUGGACACAUUUGGCGGGGGCUUUCUUCU
.........(((.((((((......))).))).)))(((.((((...(((((((((....)))).))...)))...)))).)))....,-18.80,4214.899,X1,AACACUUAUCGGUGGUCAACUUUUCUUGUAUCCCCGGGAUGCCUAUACCAGUUCCGAUUCUGGACACAUUUGGCGGGGGCUUUCUUCU
.........(((.((((((......))).))).)))(((.((((...(((((((((....)))).))...)))...)))).)))....,-18.80,459.754,X1,AACACUUAUCGGUGGUCAACUUUUCUUGUAUCCCCGGGAUGCCUAUACCAGUUCCGAUUCUGGACACAUUUGGCGGGGGCUUUCUUCU
.........(((.((((((......))).))).)))(((.((((...(((((((((....)))).))...)))...)))).)))....,-18.80,6050169.399,X1,AACACUUAUCGGUGGUCAACUUUUCUUGUAUCCCCGGGAUGCCUAUACCAGUUCCGAUUCUGGACACAUUUGGCGGGGGCUUUCUUCU
.........(((.((((((......))).))).)))(((.((((...(((((((((....)))).))...)))...)))).)))....,-18.80,10474.771,X1,AACACUUAUCGGUGGUCAACUUUUCUUGUAUCCCCGGGAUGCCUAUACCAGUUCCGAUUCUGGACACAUUUGGCGGGGGCUUUCUUCU
.........(((.((((((......))).))).)))(((.((((...(((((((((....)))).))...)))...)))).)))....,-18.80,4681303.284,X1,AACACUUAUCGGUGGUCAACUUUUCUUGUAUCCCCGGGAUGCCUAUACCAGUUCCGAUUCUGGACACAUUUGGCGGGGGCUUUCUUCU
.........(((.((((((......))).))).)))(((.((((...(((((((((....)))).))...)))...)))).)))....,-18.80,24304.448,X1,AACACUUAUCGGUGGUCAACUUUUCUUGUAUCCCCGGGAUGCCUAUACCAGUUCCGAUUCUGGACACAUUUGGCGGGGGCUUUCUUCU
.........(((.((((((......))).))).)))(((.((((...(((((((((....)))).))...)))...)))).)))....,-18.80,4031.617,X1,AACACUUAUCGGUGGUCAACUUUUCUUGUAUCCCCGGGAUGCCUAUACCAGUUCCGAUUCUGGACACAUUUGGCGGGGGCUUUCUUCU
.........(((.((((((......))).))).)))(((.((((...(((((((((....)))).))...)))...)))).)))....,-18.80,3042960.444,X1,AACACUUAUCGGUGGUCAACUUUUCUUGUAUCCCCGGGAUGCCUAUACCAGUUCCGAUUCUGGACACAUUUGGCGGGGGCUUUCUUCU
.........(((.((((((......))).))).)))(((.((((...(((((((((....)))).))...)))...)))).)))....,-18.80,25368.625,X1,AACACUUAUCGGUGGUCAACUUUUCUUGUAUCCCCGGGAUGCCUAUACCAGUUCCGAUUCUGGACACAUUUGGCGGGGGCUUUCUUCU
.........(((.((((((......))).))).)))(((.((((...(((((((((....)))).))...)))...)))).)))....,-18.80,9656.161,X1,AACACUUAUCGGUGGUCAACUUUUCUUGUAUCCCCGGGAUGCCUAUACCAGUUCCGAUUCUGGACACAUUUGGCGGGGGCUUUCUUCU
.........(((.((((((......))).))).)))(((.((((...(((((((((....)))).))...)))...)))).)))....,-18.80,951944.162,X1,AACACUUAUCGGUGGUCAACUUUUCUUGUAUCCCCGGGAUGCCUAUACCAGUUCCGAUUCUGGACACAUUUGGCGGGGGCUUUCUUCU
.........(((.((((((......))).))).)))(((.((((...(((((((((....)))).))...)))...)))).)))....,-18.80,9415.062,X1,AACACUUAUCGGUGGUCAACUUUUCUUGUAUCCCCGGGAUGCCUAUACCAGUUCCGAUUCUGGACACAUUUGGCGGGGGCUUUCUUCU
.........(((.((((((......))).))).)))(((.((((...(((((((((....)))).))...)))...)))).)))....,-18.80,186.590,X1,AACACUUAUCGGUGGUCAACUUUUCUUGUAUCCCCGGGAUGCCUAUACCAGUUCCGAUUCUGGACACAUUUGGCGGGGGCUUUCUUCU
.........(((.((((((......))).))).)))(((.((((...(((((((((....)))).))...)))...)))).)))....,-18.80,236087.555,X1,AACACUUAUCGGUGGUCAACUUUUCUUGUAUCCCCGGGAUGCCUAUACCAGUUCCGAUUCUGGACACAUUUGGCGGGGGCUUUCUUCU
.........(((.((((((......))).))).)))(((.((((...(((((((((....)))).))...)))...)))).)))....,-18.80,4403.323,X1,AACACUUAUCGGUGGUCAACUUUUCUUGUAUCCCCGGGAUGCCUAUACCAGUUCCGAUUCUGGACACAUUUGGCGGGGGCUUUCUUCU
.........(((.((((((......))).))).)))(((.((((...(((((((((....)))).))...)))...)))).)))....,-18.80,627.341,X1,AACACUUAUCGGUGGUCAACUUUUCUUGUAUCCCCGGGAUGCCUAUACCAGUUCCGAUUCUGGACACAUUUGGCGGGGGCUUUCUUCU
.........(((.((((((......))).))).)))(((.((((...(((((((((....)))).))...)))...)))).)))....,-18.80,1288.190,X1,AACACUUAUCGGUGGUCAACUUUUCUUGUAUCCCCGGGAUGCCUAUACCAGUUCCGAUUCUGGACACAUUUGGCGGGGGCUUUCUUCU
.........(((.((((((......))).))).)))(((.((((...(((((((((....)))).))...)))...)))).)))....,-18.80,71432.917,X1,AACACUUAUCGGUGGUCAACUUUUCUUGUAUCCCCGGGAUGCCUAUACCAGUUCCGAUUCUGGACACAUUUGGCGGGGGCUUUCUUCU
.........(((.((((((......))).))).)))(((.((((...(((((((((....)))).))...)))...)))).)))....,-18.80,36161.623,X1,AACACUUAUCGGUGGUCAACUUUUCUUGUAUCCCCGGGAUGCCUAUACCAGUUCCGAUUCUGGACACAUUUGGCGGGGGCUUUCUUCU
.........(((.((((((......))).))).)))(((.((((...(((((((((....)))).))...)))...)))).)))....,-18.80,13512.265,X1,AACACUUAUCGGUGGUCAACUUUUCUUGUAUCCCCGGGAUGCCUAUACCAGUUCCGAUUCUGGACACAUUUGGCGGGGGCUUUCUUCU
.........(((.((((((......))).))).)))(((.((((...(((((((((....)))).))...)))...)))).)))....,-18.80,191127.333,X1,AACACUUAUCGGUGGUCAACUUUUCUUGUAUCCCCGGGAUGCCUAUACCAGUUCCGAUUCUGGACACAUUUGGCGGGGGCUUUCUUCU
.........(((.((((((......))).))).)))(((.((((...(((((((((....)))).))...)))...)))).)))....,-18.80,13662.079,X1,AACACUUAUCGGUGGUCAACUUUUCUUGUAUCCCCGGGAUGCCUAUACCAGUUCCGAUUCUGGACACAUUUGGCGGGGGCUUUCUUCU
.........(((.((((((......))).))).)))(((.((((...(((((((((....)))).))...)))...)))).)))....,-18.80,65377.902,X1,AACACUUAUCGGUGGUCAACUUUUCUUGUAUCCCCGGGAUGCCUAUACCAGUUCCGAUUCUGGACACAUUUGGCGGGGGCUUUCUUCU
.........(((.((((((......))).))).)))(((.((((...(((((((((....)))).))...)))...)))).)))....,-18.80,2615584.975,X1,AACACUUAUCGGUGGUCAACUUUUCUUGUAUCCCCGGGAUGCCUAUACCAGUUCCGAUUCUGGACACAUUUGGCGGGGGCUUUCUUCU
.........(((.((((((......))).))).)))(((.((((...(((((((((....)))).))...)))...)))).)))....,-18.80,1885418.509,X1,AACACUUAUCGGUGGUCAACUUUUCUUGUAUCCCCGGGAUGCCUAUACCAGUUCCGAUUCUGGACACAUUUGGCGGGGGCUUUCUUCU
.........(((.((((((......))).))).)))(((.((((...(((((((((....)))).))...)))...)))).)))....,-18.80,2315.423,X1,AACACUUAUCGGUGGUCAACUUUUCUUGUAUCCCCGGGAUGCCUAUACCAGUUCCGAUUCUGGACACAUUUGGCGGGGGCUUUCUUCU
.........(((.((((((......))).))).)))(((.((((...(((((((((....)))).))...)))...)))).)))....,-18.80,2985.742,X1,AACACUUAUCGGUGGUCAACUUUUCUUGUAUCCCCGGGAUGCCUAUACCAGUUCCGAUUCUGGACACAUUUGGCGGGGGCUUUCUUCU
.........(((.((((((......))).))).)))(((.((((...(((((((((....)))).))...)))...)))).)))....,-18.80,3795948.934,X1,AACACUUAUCGGUGGUCAACUUUUCUUGUAUCCCCGGGAUGCCUAUACCAGUUCCGAUUCUGGACACAUUUGGCGGGGGCUUUCUUCU
.........(((.((((((......))).))).)))(((.((((...(((((((((....)))).))...)))...)))).)))....,-18.80,68571.535,X1,AACACUUAUCGGUGGUCAACUUUUCUUGUAUCCCCGGGAUGCCUAUACCAGUUCCGAUUCUGGACACAUUUGGCGGGGGCUUUCUUCU
.........(((.((((((......))).))).)))(((.((((...(((((((((....)))).))...)))...)))).)))....,-18.80,7411593.131,X1,AACACUUAUCGGUGGUCAACUUUUCUUGUAUCCCCGGGAUGCCUAUACCAGUUCCGAUUCUGGACACAUUUGGCGGGGGCUUUCUUCU
.........(((.((((((......))).))).)))(((.((((...(((((((((....)))).))...)))...)))).)))....,-18.80,18963.685,X1,AACACUUAUCGGUGGUCAACUUUUCUUGUAUCCCCGGGAUGCCUAUACCAGUUCCGAUUCUGGACACAUUUGGCGGGGGCUUUCUUCU
.........(((.((((((......))).))).)))(((.((((...(((((((((....)))).))...)))...)))).)))....,-18.80,757576.105,X1,AACACUUAUCGGUGGUCAACUUUUCUUGUAUCCCCGGGAUGCCUAUACCAGUUCCGAUUCUGGACACAUUUGGCGGGGGCUUUCUUCU
.........(((.((((((......))).))).)))(((.((((...(((((((((....)))).))...)))...)))).)))....,-18.80,4134291.332,X1,AACACUUAUCGGUGGUCAACUUUUCUUGUAUCCCCGGGAUGCCUAUACCAGUUCCGAUUCUGGACACAUUUGGCGGGGGCUUUCUUCU
.........(((.((((((......))).))).)))(((.((((...(((((((((....)))).))...)))...)))).)))....,-18.80,18770.554,X1,AACACUUAUCGGUGGUCAACUUUUCUUGUAUCCCCGGGAUGCCUAUACCAGUUCCGAUUCUGGACACAUUUGGCGGGGGCUUUCUUCU
.........(((.((((((......))).))).)))(((.((((...(((((((((....)))).))...)))...)))).)))....,-18.80,1687674.603,X1,AACACUUAUCGGUGGUCAACUUUUCUUGUAUCCCCGGGAUGCCUAUACCAGUUCCGAUUCUGGACACAUUUGGCGGGGGCUUUCUUCU
.........(((.((((((......))).))).)))(((.((((...(((((((((....)))).))...)))...)))).)))....,-18.80,19421.699,X1,AACACUUAUCGGUGGUCAACUUUUCUUGUAUCCCCGGGAUGCCUAUACCAGUUCCGAUUCUGGACACAUUUGGCGGGGGCUUUCUUCU
.........(((.((((((......))).))).)))(((.((((...(((((((((....)))).))...)))...)))).)))....,-18.80,76364.766,X1,AACACUUAUCGGUGGUCAACUUUUCUUGUAUCCCCGGGAUGCCUAUACCAGUUCCGAUUCUGGACACAUUUGGCGGGGGCUUUCUUCU
.........(((.((((((......))).))).)))(((.((((...(((((((((....)))).))...)))...)))).)))....,-18.80,3734.907,X1,AACACUUAUCGGUGGUCAACUUUUCUUGUAUCCCCGGGAUGCCUAUACCAGUUCCGAUUCUGGACACAUUUGGCGGGGGCUUUCUUCU
.........(((.((((((......))).))).)))(((.((((...(((((((((....)))).))...)))...)))).)))....,-18.80,6013.548,X1,AACACUUAUCGGUGGUCAACUUUUCUUGUAUCCCCGGGAUGCCUAUACCAGUUCCGAUUCUGGACACAUUUGGCGGGGGCUUUCUUCU
.........(((.((((((......))).))).)))(((.((((...(((((((((....)))).))...)))...)))).)))....,-18.80,4085.350,X1,AACACUUAUCGGUGGUCAACUUUUCUUGUAUCCCCGGGAUGCCUAUACCAGUUCCGAUUCUGGACACAUUUGGCGGGGGCUUUCUUCU
.........(((.((((((......))).))).)))(((.((((...(((((((((....)))).))...)))...)))).)))....,-18.80,3733788.659,X1,AACACUUAUCGGUGGUCAACUUUUCUUGUAUCCCCGGGAUGCCUAUACCAGUUCCGAUUCUGGACACAUUUGGCGGGGGCUUUCUUCU
.........(((.((((((......))).))).)))(((.((((...(((((((((....)))).))...)))...)))).)))....,-18.80,977.941,X1,AACACUUAUCGGUGGUCAACUUUUCUUGUAUCCCCGGGAUGCCUAUACCAGUUCCGAUUCUGGACACAUUUGGCGGGGGCUUUCUUCU
.........(((.((((((......))).))).)))(((.((((...(((((((((....)))).))...)))...)))).)))....,-18.80,5147.203,X1,AACACUUAUCGGUGGUCAACUUUUCUUGUAUCCCCGGGAUGCCUAUACCAGUUCCGAUUCUGGACACAUUUGGCGGGGGCUUUCUUCU
.........(((.((((((......))).))).)))(((.((((...(((((((((....)))).))...)))...)))).)))....,-18.80,5826.438,X1,AACACUUAUCGGUGGUCAACUUUUCUUGUAUCCCCGGGAUGCCUAUACCAGUUCCGAUUCUGGACACAUUUGGCGGGGGCUUUCUUCU
.........(((.((((((......))).))).)))(((.((((...(((((((((....)))).))...)))...)))).)))....,-18.80,11800.643,X1,AACACUUAUCGGUGGUCAACUUUUCUUGUAUCCCCGGGAUGCCUAUACCAGUUCCGAUUCUGGACACAUUUGGCGGGGGCUUUCUUCU
.........(((.((((((......))).))).)))(((.((((...(((((((((....)))).))...)))...)))).)))....,-18.80,851.237,X1,AACACUUAUCGGUGGUCAACUUUUCUUGUAUCCCCGGGAUGCCUAUACCAGUUCCGAUUCUGGACACAUUUGGCGGGGGCUUUCUUCU
.........(((.((((((......))).))).)))(((.((((...(((((((((....)))).))...)))...)))).)))....,-18.80,613532.351,X1,AACACUUAUCGGUGGUCAACUUUUCUUGUAUCCCCGGGAUGCCUAUACCAGUUCCGAUUCUGGACACAUUUGGCGGGGGCUUUCUUCU
.........(((.((((((......))).))).)))(((.((((...(((((((((....)))).))...)))...)))).)))....,-18.80,1524625.688,X1,AACACUUAUCGGUGGUCAACUUUUCUUGUAUCCCCGGGAUGCCUAUACCAGUUCCGAUUCUGGACACAUUUGGCGGGGGCUUUCUUCU
.........(((.((((((......))).))).)))(((.((((...(((((((((....)))).))...)))...)))).)))....,-18.80,3018.747,X1,AACACUUAUCGGUGGUCAACUUUUCUUGUAUCCCCGGGAUGCCUAUACCAGUUCCGAUUCUGGACACAUUUGGCGGGGGCUUUCUUCU
.........(((.((((((......))).))).)))(((.((((...(((((((((....)))).))...)))...)))).)))....,-18.80,6765.424,X1,AACACUUAUCGGUGGUCAACUUUUCUUGUAUCCCCGGGAUGCCUAUACCAGUUCCGAUUCUGGACACAUUUGGCGGGGGCUUUCUUCU
.........(((.((((((......))).))).)))(((.((((...(((((((((....)))).))...)))...)))).)))....,-18.80,22814.872,X1,AACACUUAUCGGUGGUCAACUUUUCUUGUAUCCCCGGGAUGCCUAUACCAGUUCCGAUUCUGGACACAUUUGGCGGGGGCUUUCUUCU
.........(((.((((((......))).))).)))(((.((((...(((((((((....)))).))...)))...)))).)))....,-18.80,1569.949,X1,AACACUUAUCGGUGGUCAACUUUUCUUGUAUCCCCGGGAUGCCUAUACCAGUUCCGAUUCUGGACACAUUUGGCGGGGGCUUUCUUCU
.........(((.((((((......))).))).)))(((.((((...(((((((((....)))).))...)))...)))).)))....,-18.80,278595.802,X1,AACACUUAUCGGUGGUCAACUUUUCUUGUAUCCCCGGGAUGCCUAUACCAGUUCCGAUUCUGGACACAUUUGGCGGGGGCUUUCUUCU
.........(((.((((((......))).))).)))(((.((((...(((((((((....)))).))...)))...)))).)))....,-18.80,26201.560,X1,AACACUUAUCGGUGGUCAACUUUUCUUGUAUCCCCGGGAUGCCUAUACCAGUUCCGAUUCUGGACACAUUUGGCGGGGGCUUUCUUCU
.........(((.((((((......))).))).)))(((.((((...(((((((((....)))).))...)))...)))).)))....,-18.80,1889750.041,X1,AACACUUAUCGGUGGUCAACUUUUCUUGUAUCCCCGGGAUGCCUAUACCAGUUCCGAUUCUGGACACAUUUGGCGGGGGCUUUCUUCU
.........(((.((((((......))).))).)))(((.((((...(((((((((....)))).))...)))...)))).)))....,-18.80,179616.744,X1,AACACUUAUCGGUGGUCAACUUUUCUUGUAUCCCCGGGAUGCCUAUACCAGUUCCGAUUCUGGACACAUUUGGCGGGGGCUUUCUUCU
.........(((.((((((......))).))).)))(((.((((...(((((((((....)))).))...)))...)))).)))....,-18.80,19075.318,X1,AACACUUAUCGGUGGUCAACUUUUCUUGUAUCCCCGGGAUGCCUAUACCAGUUCCGAUUCUGGACACAUUUGGCGGGGGCUUUCUUCU
.........(((.((((((......))).))).)))(((.((((...(((((((((....)))).))...)))...)))).)))....,-18.80,2278868.239,X1,AACACUUAUCGGUGGUCAACUUUUCUUGUAUCCCCGGGAUGCCUAUACCAGUUCCGAUUCUGGACACAUUUGGCGGGGGCUUUCUUCU
.........(((.((((((......))).))).)))(((.((((...(((((((((....)))).))...)))...)))).)))....,-18.80,4559.992,X1,AACACUUAUCGGUGGUCAACUUUUCUUGUAUCCCCGGGAUGCCUAUACCAGUUCCGAUUCUGGACACAUUUGGCGGGGGCUUUCUUCU
.........(((.((((((......))).))).)))(((.((((...(((((((((....)))).))...)))...)))).)))....,-18.80,2475.717,X1,AACACUUAUCGGUGGUCAACUUUUCUUGUAUCCCCGGGAUGCCUAUACCAGUUCCGAUUCUGGACACAUUUGGCGGGGGCUUUCUUCU
.........(((.((((((......))).))).)))(((.((((...(((((((((....)))).))...)))...)))).)))....,-18.80,13070.322,X1,AACACUUAUCGGUGGUCAACUUUUCUUGUAUCCCCGGGAUGCCUAUACCAGUUCCGAUUCUGGACACAUUUGGCGGGGGCUUUCUUCU
.........(((.((((((......))).))).)))(((.((((...(((((((((....)))).))...)))...)))).)))....,-18.80,32598.577,X1,AACACUUAUCGGUGGUCAACUUUUCUUGUAUCCCCGGGAUGCCUAUACCAGUUCCGAUUCUGGACACAUUUGGCGGGGGCUUUCUUCU
.........(((.((((((......))).))).)))(((.((((...(((((((((....)))).))...)))...)))).)))....,-18.80,640042.287,X1,AACACUUAUCGGUGGUCAACUUUUCUUGUAUCCCCGGGAUGCCUAUACCAGUUCCGAUUCUGGACACAUUUGGCGGGGGCUUUCUUCU
.........(((.((((((......))).))).)))(((.((((...(((((((((....)))).))...)))...)))).)))....,-18.80,171.123,X1,AACACUUAUCGGUGGUCAACUUUUCUUGUAUCCCCGGGAUGCCUAUACCAGUUCCGAUUCUGGACACAUUUGGCGGGGGCUUUCUUCU
.........(((.((((((......))).))).)))(((.((((...(((((((((....)))).))...)))...)))).)))....,-18.80,2155.051,X1,AACACUUAUCGGUGGUCAACUUUUCUUGUAUCCCCGGGAUGCCUAUACCAGUUCCGAUUCUGGACACAUUUGGCGGGGGCUUUCUUCU
.........(((.((((((......))).))).)))(((.((((...(((((((((....)))).))...)))...)))).)))....,-18.80,2757.895,X1,AACACUUAUCGGUGGUCAACUUUUCUUGUAUCCCCGGGAUGCCUAUACCAGUUCCGAUUCUGGACACAUUUGGCGGGGGCUUUCUUCU
.........(((.((((((......))).))).)))(((.((((...(((((((((....)))).))...)))...)))).)))....,-18.80,1206764.595,X1,AACACUUAUCGGUGGUCAACUUUUCUUGUAUCCCCGGGAUGCCUAUACCAGUUCCGAUUCUGGACACAUUUGGCGGGGGCUUUCUUCU
.........(((.((((((......))).))).)))(((.((((...(((((((((....)))).))...)))...)))).)))....,-18.80,3072.639,X1,AACACUUAUCGGUGGUCAACUUUUCUUGUAUCCCCGGGAUGCCUAUACCAGUUCCGAUUCUGGACACAUUUGGCGGGGGCUUUCUUCU
.........(((.((((((......))).))).)))(((.((((...(((((((((....)))).))...)))...)))).)))....,-18.80,1992.878,X1,AACACUUAUCGGUGGUCAACUUUUCUUGUAUCCCCGGGAUGCCUAUACCAGUUCCGAUUCUGGACACAUUUGGCGGGGGCUUUCUUCU
.........(((.((((((......))).))).)))(((.((((...(((((((((....)))).))...)))...)))).)))....,-18.80,1181630.577,X1,AACACUUAUCGGUGGUCAACUUUUCUUGUAUCCCCGGGAUGCCUAUACCAGUUCCGAUUCUGGACACAUUUGGCGGGGGCUUUCUUCU
.........(((.((((((......))).))).)))(((.((((...(((((((((....)))).))...)))...)))).)))....,-18.80,5368404.274,X1,AACACUUAUCGGUGGUCAACUUUUCUUGUAUCCCCGGGAUGCCUAUACCAGUUCCGAUUCUGGACACAUUUGGCGGGGGCUUUCUUCU
.........(((.((((((......))).))).)))(((.((((...(((((((((....)))).))...)))...)))).)))....,-18.80,173190.538,X1,AACACUUAUCGGUGGUCAACUUUUCUUGUAUCCCCGGGAUGCCUAUACCAGUUCCGAUUCUGGACACAUUUGGCGGGGGCUUUCUUCU
.........(((.((((((......))).))).)))(((.((((...(((((((((....)))).))...)))...)))).)))....,-18.80,1190725.027,X1,AACACUUAUCGGUGGUCAACUUUUCUUGUAUCCCCGGGAUGCCUAUACCAGUUCCGAUUCUGGACACAUUUGGCGGGGGCUUUCUUCU
.........(((.((((((......))).))).)))(((.((((...(((((((((....)))).))...)))...)))).)))....,-18.80,1116936.292,X1,AACACUUAUCGGUGGUCAACUUUUCUUGUAUCCCCGGGAUGCCUAUACCAGUUCCGAUUCUGGACACAUUUGGCGGGGGCUUUCUUCU
.........(((.((((((......))).))).)))(((.((((...(((((((((....)))).))...)))...)))).)))....,-18.80,3772052.812,X1,AACACUUAUCGGUGGUCAACUUUUCUUGUAUCCCCGGGAUGCCUAUACCAGUUCCGAUUCUGGACACAUUUGGCGGGGGCUUUCUUCU
.........(((.((((((......))).))).)))(((.((((...(((((((((....)))).))...)))...)))).)))....,-18.80,1885090.322,X1,AACACUUAUCGGUGGUCAACUUUUCUUGUAUCCCCGGGAUGCCUAUACCAGUUCCGAUUCUGGACACAUUUGGCGGGGGCUUUCUUCU
.........(((.((((((......))).))).)))(((.((((...(((((((((....)))).))...)))...)))).)))....,-18.80,459.718,X1,AACACUUAUCGGUGGUCAACUUUUCUUGUAUCCCCGGGAUGCCUAUACCAGUUCCGAUUCUGGACACAUUUGGCGGGGGCUUUCUUCU
.........(((.((((((......))).))).)))(((.((((...(((((((((....)))).))...)))...)))).)))....,-18.80,4173310.870,X1,AACACUUAUCGGUGGUCAACUUUUCUUGUAUCCCCGGGAUGCCUAUACCAGUUCCGAUUCUGGACACAUUUGGCGGGGGCUUUCUUCU
.........(((.((((((......))).))).)))(((.((((...(((((((((....)))).))...)))...)))).)))....,-18.80,8048.983,X1,AACACUUAUCGGUGGUCAACUUUUCUUGUAUCCCCGGGAUGCCUAUACCAGUUCCGAUUCUGGACACAUUUGGCGGGGGCUUUCUUCU
.........(((.((((((......))).))).)))(((.((((...(((((((((....)))).))...)))...)))).)))....,-18.80,231.025,X1,AACACUUAUCGGUGGUCAACUUUUCUUGUAUCCCCGGGAUGCCUAUACCAGUUCCGAUUCUGGACACAUUUGGCGGGGGCUUUCUUCU
.........(((.((((((......))).))).)))(((.((((...(((((((((....)))).))...)))...)))).)))....,-18.80,3077231.744,X1,AACACUUAUCGGUGGUCAACUUUUCUUGUAUCCCCGGGAUGCCUAUACCAGUUCCGAUUCUGGACACAUUUGGCGGGGGCUUUCUUCU
.........(((.((((((......))).))).)))(((.((((...(((((((((....)))).))...)))...)))).)))....,-18.80,7133.612,X1,AACACUUAUCGGUGGUCAACUUUUCUUGUAUCCCCGGGAUGCCUAUACCAGUUCCGAUUCUGGACACAUUUGGCGGGGGCUUUCUUCU
.........(((.((((((......))).))).)))(((.((((...(((((((((....)))).))...)))...)))).)))....,-18.80,3186655.746,X1,AACACUUAUCGGUGGUCAACUUUUCUUGUAUCCCCGGGAUGCCUAUACCAGUUCCGAUUCUGGACACAUUUGGCGGGGGCUUUCUUCU
.........(((.((((((......))).))).)))(((.((((...(((((((((....)))).))...)))...)))).)))....,-18.80,1661187.248,X1,AACACUUAUCGGUGGUCAACUUUUCUUGUAUCCCCGGGAUGCCUAUACCAGUUCCGAUUCUGGACACAUUUGGCGGGGGCUUUCUUCU
.........(((.((((((......))).))).)))(((.((((...(((((((((....)))).))...)))...)))).)))....,-18.80,2108.328,X1,AACACUUAUCGGUGGUCAACUUUUCUUGUAUCCCCGGGAUGCCUAUACCAGUUCCGAUUCUGGACACAUUUGGCGGGGGCUUUCUUCU
.........(((.((((((......))).))).)))(((.((((...(((((((((....)))).))...)))...)))).)))....,-18.80,55717.836,X1,AACACUUAUCGGUGGUCAACUUUUCUUGUAUCCCCGGGAUGCCUAUACCAGUUCCGAUUCUGGACACAUUUGGCGGGGGCUUUCUUCU
.........(((.((((((......))).))).)))(((.((((...(((((((((....)))).))...)))...)))).)))....,-18.80,454.720,X1,AACACUUAUCGGUGGUCAACUUUUCUUGUAUCCCCGGGAUGCCUAUACCAGUUCCGAUUCUGGACACAUUUGGCGGGGGCUUUCUUCU
.........(((.((((((......))).))).)))(((.((((...(((((((((....)))).))...)))...)))).)))....,-18.80,111774.151,X1,AACACUUAUCGGUGGUCAACUUUUCUUGUAUCCCCGGGAUGCCUAUACCAGUUCCGAUUCUGGACACAUUUGGCGGGGGCUUUCUUCU
.........(((.((((((......))).))).)))(((.((((...(((((((((....)))).))...)))...)))).)))....,-18.80,33284.368,X1,AACACUUAUCGGUGGUCAACUUUUCUUGUAUCCCCGGGAUGCCUAUACCAGUUCCGAUUCUGGACACAUUUGGCGGGGGCUUUCUUCU
.........(((.((((((......))).))).)))(((.((((...(((((((((....)))).))...)))...)))).)))....,-18.80,1050775.131,X1,AACACUUAUCGGUGGUCAACUUUUCUUGUAUCCCCGGGAUGCCUAUACCAGUUCCGAUUCUGGACACAUUUGGCGGGGGCUUUCUUCU
.........(((.((((((......))).))).)))(((.((((...(((((((((....)))).))...)))...)))).)))....,-18.80,12796.095,X1,AACACUUAUCGGUGGUCAACUUUUCUUGUAUCCCCGGGAUGCCUAUACCAGUUCCGAUUCUGGACACAUUUGGCGGGGGCUUUCUUCU
.........(((.((((((......))).))).)))(((.((((...(((((((((....)))).))...)))...)))).)))....,-18.80,1103.673,X1,AACACUUAUCGGUGGUCAACUUUUCUUGUAUCCCCGGGAUGCCUAUACCAGUUCCGAUUCUGGACACAUUUGGCGGGGGCUUUCUUCU
.........(((.((((((......))).))).)))(((.((((...(((((((((....)))).))...)))...)))).)))....,-18.80,7720.132,X1,AACACUUAUCGGUGGUCAACUUUUCUUGUAUCCCCGGGAUGCCUAUACCAGUUCCGAUUCUGGACACAUUUGGCGGGGGCUUUCUUCU
.........(((.((((((......))).))).)))(((.((((...(((((((((....)))).))...)))...)))).)))....,-18.80,1638.734,X1,AACACUUAUCGGUGGUCAACUUUUCUUGUAUCCCCGGGAUGCCUAUACCAGUUCCGAUUCUGGACACAUUUGGCGGGGGCUUUCUUCU
.........(((.((((((......))).))).)))(((.((((...(((((((((....)))).))...)))...)))).)))....,-18.80,7493950.007,X1,AACACUUAUCGGUGGUCAACUUUUCUUGUAUCCCCGGGAUGCCUAUACCAGUUCCGAUUCUGGACACAUUUGGCGGGGGCUUUCUUCU
.........(((.((((((......))).))).)))(((.((((...(((((((((....)))).))...)))...)))).)))....,-18.80,4787.865,X1,AACACUUAUCGGUGGUCAACUUUUCUUGUAUCCCCGGGAUGCCUAUACCAGUUCCGAUUCUGGACACAUUUGGCGGGGGCUUUCUUCU
.........(((.((((((......))).))).)))(((.((((...(((((((((....)))).))...)))...)))).)))....,-18.80,3452556.818,X1,AACACUUAUCGGUGGUCAACUUUUCUUGUAUCCCCGGGAUGCCUAUACCAGUUCCGAUUCUGGACACAUUUGGCGGGGGCUUUCUUCU
.........(((.((((((......))).))).)))(((.((((...(((((((((....)))).))...)))...)))).)))....,-18.80,2199848.157,X1,AACACUUAUCGGUGGUCAACUUUUCUUGUAUCCCCGGGAUGCCUAUACCAGUUCCGAUUCUGGACACAUUUGGCGGGGGCUUUCUUCU
.........(((.((((((......))).))).)))(((.((((...(((((((((....)))).))...)))...)))).)))....,-18.80,4428.510,X1,AACACUUAUCGGUGGUCAACUUUUCUUGUAUCCCCGGGAUGCCUAUACCAGUUCCGAUUCUGGACACAUUUGGCGGGGGCUUUCUUCU
.........(((.((((((......))).))).)))(((.((((...(((((((((....)))).))...)))...)))).)))....,-18.80,2827268.928,X1,AACACUUAUCGGUGGUCAACUUUUCUUGUAUCCCCGGGAUGCCUAUACCAGUUCCGAUUCUGGACACAUUUGGCGGGGGCUUUCUUCU
.........(((.((((((......))).))).)))(((.((((...(((((((((....)))).))...)))...)))).)))....,-18.80,75.692,X1,AACACUUAUCGGUGGUCAACUUUUCUUGUAUCCCCGGGAUGCCUAUACCAGUUCCGAUUCUGGACACAUUUGGCGGGGGCUUUCUUCU
.........(((.((((((......))).))).)))(((.((((...(((((((((....)))).))...)))...)))).)))....,-18.80,1505.558,X1,AACACUUAUCGGUGGUCAACUUUUCUUGUAUCCCCGGGAUGCCUAUACCAGUUCCGAUUCUGGACACAUUUGGCGGGGGCUUUCUUCU
.........(((.((((((......))).))).)))(((.((((...(((((((((....)))).))...)))...)))).)))....,-18.80,1773.693,X1,AACACUUAUCGGUGGUCAACUUUUCUUGUAUCCCCGGGAUGCCUAUACCAGUUCCGAUUCUGGACACAUUUGGCGGGGGCUUUCUUCU
.........(((.((((((......))).))).)))(((.((((...(((((((((....)))).))...)))...)))).)))....,-18.80,2934215.123,X1,AACACUUAUCGGUGGUCAACUUUUCUUGUAUCCCCGGGAUGCCUAUACCAGUUCCGAUUCUGGACACAUUUGGCGGGGGCUUUCUUCU
.........(((.((((((......))).))).)))(((.((((...(((((((((....)))).))...)))...)))).)))....,-18.80,1580941.519,X1,AACACUUAUCGGUGGUCAACUUUUCUUGUAUCCCCGGGAUGCCUAUACCAGUUCCGAUUCUGGACACAUUUGGCGGGGGCUUUCUUCU
.........(((.((((((......))).))).)))(((.((((...(((((((((....)))).))...)))...)))).)))....,-18.80,1742854.630,X1,AACACUUAUCGGUGGUCAACUUUUCUUGUAUCCCCGGGAUGCCUAUACCAGUUCCGAUUCUGGACACAUUUGGCGGGGGCUUUCUUCU
.........(((.((((((......))).))).)))(((.((((...(((((((((....)))).))...)))...)))).)))....,-18.80,3367505.682,X1,AACACUUAUCGGUGGUCAACUUUUCUUGUAUCCCCGGGAUGCCUAUACCAGUUCCGAUUCUGGACACAUUUGGCGGGGGCUUUCUUCU
.........(((.((((((......))).))).)))(((.((((...(((((((((....)))).))...)))...)))).)))....,-18.80,15895.940,X1,AACACUUAUCGGUGGUCAACUUUUCUUGUAUCCCCGGGAUGCCUAUACCAGUUCCGAUUCUGGACACAUUUGGCGGGGGCUUUCUUCU
.........(((.((((((......))).))).)))(((.((((...(((((((((....)))).))...)))...)))).)))....,-18.80,2647184.315,X1,AACACUUAUCGGUGGUCAACUUUUCUUGUAUCCCCGGGAUGCCUAUACCAGUUCCGAUUCUGGACACAUUUGGCGGGGGCUUUCUUCU
.........(((.((((((......))).))).)))(((.((((...(((((((((....)))).))...)))...)))).)))....,-18.80,558.449,X1,AACACUUAUCGGUGGUCAACUUUUCUUGUAUCCCCGGGAUGCCUAUACCAGUUCCGAUUCUGGACACAUUUGGCGGGGGCUUUCUUCU
.........(((.((((((......))).))).)))(((.((((...(((((((((....)))).))...)))...)))).)))....,-18.80,749.951,X1,AACACUUAUCGGUGGUCAACUUUUCUUGUAUCCCCGGGAUGCCUAUACCAGUUCCGAUUCUGGACACAUUUGGCGGGGGCUUUCUUCU
.........(((.((((((......))).))).)))(((.((((...(((((((((....)))).))...)))...)))).)))....,-18.80,123.109,X1,AACACUUAUCGGUGGUCAACUUUUCUUGUAUCCCCGGGAUGCCUAUACCAGUUCCGAUUCUGGACACAUUUGGCGGGGGCUUUCUUCU
.........(((.((((((......))).))).)))(((.((((...(((((((((....)))).))...)))...)))).)))....,-18.80,2359411.986,X1,AACACUUAUCGGUGGUCAACUUUUCUUGUAUCCCCGGGAUGCCUAUACCAGUUCCGAUUCUGGACACAUUUGGCGGGGGCUUUCUUCU
.........(((.((((((......))).))).)))(((.((((...(((((((((....)))).))...)))...)))).)))....,-18.80,303.092,X1,AACACUUAUCGGUGGUCAACUUUUCUUGUAUCCCCGGGAUGCCUAUACCAGUUCCGAUUCUGGACACAUUUGGCGGGGGCUUUCUUCU
.........(((.((((((......))).))).)))(((.((((...(((((((((....)))).))...)))...)))).)))....,-18.80,51845.507,X1,AACACUUAUCGGUGGUCAACUUUUCUUGUAUCCCCGGGAUGCCUAUACCAGUUCCGAUUCUGGACACAUUUGGCGGGGGCUUUCUUCU
.........(((.((((((......))).))).)))(((.((((...(((((((((....)))).))...)))...)))).)))....,-18.80,661.902,X1,AACACUUAUCGGUGGUCAACUUUUCUUGUAUCCCCGGGAUGCCUAUACCAGUUCCGAUUCUGGACACAUUUGGCGGGGGCUUUCUUCU
.........(((.((((((......))).))).)))(((.((((...(((((((((....)))).))...)))...)))).)))....,-18.80,2153.960,X1,AACACUUAUCGGUGGUCAACUUUUCUUGUAUCCCCGGGAUGCCUAUACCAGUUCCGAUUCUGGACACAUUUGGCGGGGGCUUUCUUCU
.........(((.((((((......))).))).)))(((.((((...(((((((((....)))).))...)))...)))).)))....,-18.80,15354.998,X1,AACACUUAUCGGUGGUCAACUUUUCUUGUAUCCCCGGGAUGCCUAUACCAGUUCCGAUUCUGGACACAUUUGGCGGGGGCUUUCUUCU
.........(((.((((((......))).))).)))(((.((((...(((((((((....)))).))...)))...)))).)))....,-18.80,4695364.801,X1,AACACUUAUCGGUGGUCAACUUUUCUUGUAUCCCCGGGAUGCCUAUACCAGUUCCGAUUCUGGACACAUUUGGCGGGGGCUUUCUUCU
.........(((.((((((......))).))).)))(((.((((...(((((((((....)))).))...)))...)))).)))....,-18.80,5579.606,X1,AACACUUAUCGGUGGUCAACUUUUCUUGUAUCCCCGGGAUGCCUAUACCAGUUCCGAUUCUGGACACAUUUGGCGGGGGCUUUCUUCU
.........(((.((((((......))).))).)))(((.((((...(((((((((....)))).))...)))...)))).)))....,-18.80,143.387,X1,AACACUUAUCGGUGGUCAACUUUUCUUGUAUCCCCGGGAUGCCUAUACCAGUUCCGAUUCUGGACACAUUUGGCGGGGGCUUUCUUCU
.........(((.((((((......))).))).)))(((.((((...(((((((((....)))).))...)))...)))).)))....,-18.80,76132.691,X1,AACACUUAUCGGUGGUCAACUUUUCUUGUAUCCCCGGGAUGCCUAUACCAGUUCCGAUUCUGGACACAUUUGGCGGGGGCUUUCUUCU
.........(((.((((((......))).))).)))(((.((((...(((((((((....)))).))...)))...)))).)))....,-18.80,231.693,X1,AACACUUAUCGGUGGUCAACUUUUCUUGUAUCCCCGGGAUGCCUAUACCAGUUCCGAUUCUGGACACAUUUGGCGGGGGCUUUCUUCU
.........(((.((((((......))).))).)))(((.((((...(((((((((....)))).))...)))...)))).)))....,-18.80,2512474.140,X1,AACACUUAUCGGUGGUCAACUUUUCUUGUAUCCCCGGGAUGCCUAUACCAGUUCCGAUUCUGGACACAUUUGGCGGGGGCUUUCUUCU
.........(((.((((((......))).))).)))(((.((((...(((((((((....)))).))...)))...)))).)))....,-18.80,3573.295,X1,AACACUUAUCGGUGGUCAACUUUUCUUGUAUCCCCGGGAUGCCUAUACCAGUUCCGAUUCUGGACACAUUUGGCGGGGGCUUUCUUCU
.........(((.((((((......))).))).)))(((.((((...(((((((((....)))).))...)))...)))).)))....,-18.80,809.208,X1,AACACUUAUCGGUGGUCAACUUUUCUUGUAUCCCCGGGAUGCCUAUACCAGUUCCGAUUCUGGACACAUUUGGCGGGGGCUUUCUUCU
.........(((.((((((......))).))).)))(((.((((...(((((((((....)))).))...)))...)))).)))....,-18.80,14779.951,X1,AACACUUAUCGGUGGUCAACUUUUCUUGUAUCCCCGGGAUGCCUAUACCAGUUCCGAUUCUGGACACAUUUGGCGGGGGCUUUCUUCU
.........(((.((((((......))).))).)))(((.((((...(((((((((....)))).))...)))...)))).)))....,-18.80,77.586,X1,AACACUUAUCGGUGGUCAACUUUUCUUGUAUCCCCGGGAUGCCUAUACCAGUUCCGAUUCUGGACACAUUUGGCGGGGGCUUUCUUCU
.........(((.((((((......))).))).)))(((.((((...(((((((((....)))).))...)))...)))).)))....,-18.80,6056.382,X1,AACACUUAUCGGUGGUCAACUUUUCUUGUAUCCCCGGGAUGCCUAUACCAGUUCCGAUUCUGGACACAUUUGGCGGGGGCUUUCUUCU
.........(((.((((((......))).))).)))(((.((((...(((((((((....)))).))...)))...)))).)))....,-18.80,4015350.997,X1,AACACUUAUCGGUGGUCAACUUUUCUUGUAUCCCCGGGAUGCCUAUACCAGUUCCGAUUCUGGACACAUUUGGCGGGGGCUUUCUUCU
.........(((.((((((......))).))).)))(((.((((...(((((((((....)))).))...)))...)))).)))....,-18.80,17789.574,X1,AACACUUAUCGGUGGUCAACUUUUCUUGUAUCCCCGGGAUGCCUAUACCAGUUCCGAUUCUGGACACAUUUGGCGGGGGCUUUCUUCU
.........(((.((((((......))).))).)))(((.((((...(((((((((....)))).))...)))...)))).)))....,-18.80,1519763.017,X1,AACACUUAUCGGUGGUCAACUUUUCUUGUAUCCCCGGGAUGCCUAUACCAGUUCCGAUUCUGGACACAUUUGGCGGGGGCUUUCUUCU
.........(((.((((((......))).))).)))(((.((((...(((((((((....)))).))...)))...)))).)))....,-18.80,845.744,X1,AACACUUAUCGGUGGUCAACUUUUCUUGUAUCCCCGGGAUGCCUAUACCAGUUCCGAUUCUGGACACAUUUGGCGGGGGCUUUCUUCU
.........(((.((((((......))).))).)))(((.((((...(((((((((....)))).))...)))...)))).)))....,-18.80,3293.995,X1,AACACUUAUCGGUGGUCAACUUUUCUUGUAUCCCCGGGAUGCCUAUACCAGUUCCGAUUCUGGACACAUUUGGCGGGGGCUUUCUUCU
.........(((.((((((......))).))).)))(((.((((...(((((((((....)))).))...)))...)))).)))....,-18.80,3295.476,X1,AACACUUAUCGGUGGUCAACUUUUCUUGUAUCCCCGGGAUGCCUAUACCAGUUCCGAUUCUGGACACAUUUGGCGGGGGCUUUCUUCU
.........(((.((((((......))).))).)))(((.((((...(((((((((....)))).))...)))...)))).)))....,-18.80,738.918,X1,AACACUUAUCGGUGGUCAACUUUUCUUGUAUCCCCGGGAUGCCUAUACCAGUUCCGAUUCUGGACACAUUUGGCGGGGGCUUUCUUCU
.........(((.((((((......))).))).)))(((.((((...(((((((((....)))).))...)))...)))).)))....,-18.80,78685.801,X1,AACACUUAUCGGUGGUCAACUUUUCUUGUAUCCCCGGGAUGCCUAUACCAGUUCCGAUUCUGGACACAUUUGGCGGGGGCUUUCUUCU
.........(((.((((((......))).))).)))(((.((((...(((((((((....)))).))...)))...)))).)))....,-18.80,54364.044,X1,AACACUUAUCGGUGGUCAACUUUUCUUGUAUCCCCGGGAUGCCUAUACCAGUUCCGAUUCUGGACACAUUUGGCGGGGGCUUUCUUCU
.........(((.((((((......))).))).)))(((.((((...(((((((((....)))).))...)))...)))).)))....,-18.80,14774.964,X1,AACACUUAUCGGUGGUCAACUUUUCUUGUAUCCCCGGGAUGCCUAUACCAGUUCCGAUUCUGGACACAUUUGGCGGGGGCUUUCUUCU
.........(((.((((((......))).))).)))(((.((((...(((((((((....)))).))...)))...)))).)))....,-18.80,99153.544,X1,AACACUUAUCGGUGGUCAACUUUUCUUGUAUCCCCGGGAUGCCUAUACCAGUUCCGAUUCUGGACACAUUUGGCGGGGGCUUUCUUCU
.........(((.((((((......))).))).)))(((.((((...(((((((((....)))).))...)))...)))).)))....,-18.80,1321814.098,X1,AACACUUAUCGGUGGUCAACUUUUCUUGUAUCCCCGGGAUGCCUAUACCAGUUCCGAUUCUGGACACAUUUGGCGGGGGCUUUCUUCU
.........(((.((((((......))).))).)))(((.((((...(((((((((....)))).))...)))...)))).)))....,-18.80,296997.252,X1,AACACUUAUCGGUGGUCAACUUUUCUUGUAUCCCCGGGAUGCCUAUACCAGUUCCGAUUCUGGACACAUUUGGCGGGGGCUUUCUUCU
.........(((.((((((......))).))).)))(((.((((...(((((((((....)))).))...)))...)))).)))....,-18.80,389507.430,X1,AACACUUAUCGGUGGUCAACUUUUCUUGUAUCCCCGGGAUGCCUAUACCAGUUCCGAUUCUGGACACAUUUGGCGGGGGCUUUCUUCU
.........(((.((((((......))).))).)))(((.((((...(((((((((....)))).))...)))...)))).)))....,-18.80,1085.776,X1,AACACUUAUCGGUGGUCAACUUUUCUUGUAUCCCCGGGAUGCCUAUACCAGUUCCGAUUCUGGACACAUUUGGCGGGGGCUUUCUUCU
.........(((.((((((......))).))).)))(((.((((...(((((((((....)))).))...)))...)))).)))....,-18.80,13882.601,X1,AACACUUAUCGGUGGUCAACUUUUCUUGUAUCCCCGGGAUGCCUAUACCAGUUCCGAUUCUGGACACAUUUGGCGGGGGCUUUCUUCU
.........(((.((((((......))).))).)))(((.((((...(((((((((....)))).))...)))...)))).)))....,-18.80,3128.561,X1,AACACUUAUCGGUGGUCAACUUUUCUUGUAUCCCCGGGAUGCCUAUACCAGUUCCGAUUCUGGACACAUUUGGCGGGGGCUUUCUUCU
.........(((.((((((......))).))).)))(((.((((...(((((((((....)))).))...)))...)))).)))....,-18.80,29081.304,X1,AACACUUAUCGGUGGUCAACUUUUCUUGUAUCCCCGGGAUGCCUAUACCAGUUCCGAUUCUGGACACAUUUGGCGGGGGCUUUCUUCU
.........(((.((((((......))).))).)))(((.((((...(((((((((....)))).))...)))...)))).)))....,-18.80,218.578,X1,AACACUUAUCGGUGGUCAACUUUUCUUGUAUCCCCGGGAUGCCUAUACCAGUUCCGAUUCUGGACACAUUUGGCGGGGGCUUUCUUCU
.........(((.((((((......))).))).)))(((.((((...(((((((((....)))).))...)))...)))).)))....,-18.80,112618.442,X1,AACACUUAUCGGUGGUCAACUUUUCUUGUAUCCCCGGGAUGCCUAUACCAGUUCCGAUUCUGGACACAUUUGGCGGGGGCUUUCUUCU
.........(((.((((((......))).))).)))(((.((((...(((((((((....)))).))...)))...)))).)))....,-18.80,2887.077,X1,AACACUUAUCGGUGGUCAACUUUUCUUGUAUCCCCGGGAUGCCUAUACCAGUUCCGAUUCUGGACACAUUUGGCGGGGGCUUUCUUCU
.........(((.((((((......))).))).)))(((.((((...(((((((((....)))).))...)))...)))).)))....,-18.80,1289.738,X1,AACACUUAUCGGUGGUCAACUUUUCUUGUAUCCCCGGGAUGCCUAUACCAGUUCCGAUUCUGGACACAUUUGGCGGGGGCUUUCUUCU
.........(((.((((((......))).))).)))(((.((((...(((((((((....)))).))...)))...)))).)))....,-18.80,83462.236,X1,AACACUUAUCGGUGGUCAACUUUUCUUGUAUCCCCGGGAUGCCUAUACCAGUUCCGAUUCUGGACACAUUUGGCGGGGGCUUUCUUCU
.........(((.((((((......))).))).)))(((.((((...(((((((((....)))).))...)))...)))).)))....,-18.80,592194.682,X1,AACACUUAUCGGUGGUCAACUUUUCUUGUAUCCCCGGGAUGCCUAUACCAGUUCCGAUUCUGGACACAUUUGGCGGGGGCUUUCUUCU
.........(((.((((((......))).))).)))(((.((((...(((((((((....)))).))...)))...)))).)))....,-18.80,78.904,X1,AACACUUAUCGGUGGUCAACUUUUCUUGUAUCCCCGGGAUGCCUAUACCAGUUCCGAUUCUGGACACAUUUGGCGGGGGCUUUCUUCU
.........(((.((((((......))).))).)))(((.((((...(((((((((....)))).))...)))...)))).)))....,-18.80,19744.172,X1,AACACUUAUCGGUGGUCAACUUUUCUUGUAUCCCCGGGAUGCCUAUACCAGUUCCGAUUCUGGACACAUUUGGCGGGGGCUUUCUUCU
.........(((.((((((......))).))).)))(((.((((...(((((((((....)))).))...)))...)))).)))....,-18.80,4442.328,X1,AACACUUAUCGGUGGUCAACUUUUCUUGUAUCCCCGGGAUGCCUAUACCAGUUCCGAUUCUGGACACAUUUGGCGGGGGCUUUCUUCU
.........(((.((((((......))).))).)))(((.((((...(((((((((....)))).))...)))...)))).)))....,-18.80,8131.314,X1,AACACUUAUCGGUGGUCAACUUUUCUUGUAUCCCCGGGAUGCCUAUACCAGUUCCGAUUCUGGACACAUUUGGCGGGGGCUUUCUUCU
.........(((.((((((......))).))).)))(((.((((...(((((((((....)))).))...)))...)))).)))....,-18.80,28558.796,X1,AACACUUAUCGGUGGUCAACUUUUCUUGUAUCCCCGGGAUGCCUAUACCAGUUCCGAUUCUGGACACAUUUGGCGGGGGCUUUCUUCU
.........(((.((((((......))).))).)))(((.((((...(((((((((....)))).))...)))...)))).)))....,-18.80,6249.664,X1,AACACUUAUCGGUGGUCAACUUUUCUUGUAUCCCCGGGAUGCCUAUACCAGUUCCGAUUCUGGACACAUUUGGCGGGGGCUUUCUUCU
.........(((.((((((......))).))).)))(((.((((...(((((((((....)))).))...)))...)))).)))....,-18.80,1997084.340,X1,AACACUUAUCGGUGGUCAACUUUUCUUGUAUCCCCGGGAUGCCUAUACCAGUUCCGAUUCUGGACACAUUUGGCGGGGGCUUUCUUCU
.........(((.((((((......))).))).)))(((.((((...(((((((((....)))).))...)))...)))).)))....,-18.80,2847.884,X1,AACACUUAUCGGUGGUCAACUUUUCUUGUAUCCCCGGGAUGCCUAUACCAGUUCCGAUUCUGGACACAUUUGGCGGGGGCUUUCUUCU
.........(((.((((((......))).))).)))(((.((((...(((((((((....)))).))...)))...)))).)))....,-18.80,1343.525,X1,AACACUUAUCGGUGGUCAACUUUUCUUGUAUCCCCGGGAUGCCUAUACCAGUUCCGAUUCUGGACACAUUUGGCGGGGGCUUUCUUCU
.........(((.((((((......))).))).)))(((.((((...(((((((((....)))).))...)))...)))).)))....,-18.80,7543.503,X1,AACACUUAUCGGUGGUCAACUUUUCUUGUAUCCCCGGGAUGCCUAUACCAGUUCCGAUUCUGGACACAUUUGGCGGGGGCUUUCUUCU
.........(((.((((((......))).))).)))(((.((((...(((((((((....)))).))...)))...)))).)))....,-18.80,163.750,X1,AACACUUAUCGGUGGUCAACUUUUCUUGUAUCCCCGGGAUGCCUAUACCAGUUCCGAUUCUGGACACAUUUGGCGGGGGCUUUCUUCU
.........(((.((((((......))).))).)))(((.((((...(((((((((....)))).))...)))...)))).)))....,-18.80,10458117.280,X1,AACACUUAUCGGUGGUCAACUUUUCUUGUAUCCCCGGGAUGCCUAUACCAGUUCCGAUUCUGGACACAUUUGGCGGGGGCUUUCUUCU
.........(((.((((((......))).))).)))(((.((((...(((((((((....)))).))...)))...)))).)))....,-18.80,166.487,X1,AACACUUAUCGGUGGUCAACUUUUCUUGUAUCCCCGGGAUGCCUAUACCAGUUCCGAUUCUGGACACAUUUGGCGGGGGCUUUCUUCU
.........(((.((((((......))).))).)))(((.((((...(((((((((....)))).))...)))...)))).)))....,-18.80,22555.544,X1,AACACUUAUCGGUGGUCAACUUUUCUUGUAUCCCCGGGAUGCCUAUACCAGUUCCGAUUCUGGACACAUUUGGCGGGGGCUUUCUUCU
.........(((.((((((......))).))).)))(((.((((...(((((((((....)))).))...)))...)))).)))....,-18.80,903716.837,X1,AACACUUAUCGGUGGUCAACUUUUCUUGUAUCCCCGGGAUGCCUAUACCAGUUCCGAUUCUGGACACAUUUGGCGGGGGCUUUCUUCU
.........(((.((((((......))).))).)))(((.((((...(((((((((....)))).))...)))...)))).)))....,-18.80,3576.388,X1,AACACUUAUCGGUGGUCAACUUUUCUUGUAUCCCCGGGAUGCCUAUACCAGUUCCGAUUCUGGACACAUUUGGCGGGGGCUUUCUUCU
.........(((.((((((......))).))).)))(((.((((...(((((((((....)))).))...)))...)))).)))....,-18.80,1042453.826,X1,AACACUUAUCGGUGGUCAACUUUUCUUGUAUCCCCGGGAUGCCUAUACCAGUUCCGAUUCUGGACACAUUUGGCGGGGGCUUUCUUCU
.........(((.((((((......))).))).)))(((.((((...(((((((((....)))).))...)))...)))).)))....,-18.80,2060010.742,X1,AACACUUAUCGGUGGUCAACUUUUCUUGUAUCCCCGGGAUGCCUAUACCAGUUCCGAUUCUGGACACAUUUGGCGGGGGCUUUCUUCU
.........(((.((((((......))).))).)))(((.((((...(((((((((....)))).))...)))...)))).)))....,-18.80,50634.221,X1,AACACUUAUCGGUGGUCAACUUUUCUUGUAUCCCCGGGAUGCCUAUACCAGUUCCGAUUCUGGACACAUUUGGCGGGGGCUUUCUUCU
.........(((.((((((......))).))).)))(((.((((...(((((((((....)))).))...)))...)))).)))....,-18.80,1721.237,X1,AACACUUAUCGGUGGUCAACUUUUCUUGUAUCCCCGGGAUGCCUAUACCAGUUCCGAUUCUGGACACAUUUGGCGGGGGCUUUCUUCU
.........(((.((((((......))).))).)))(((.((((...(((((((((....)))).))...)))...)))).)))....,-18.80,348.108,X1,AACACUUAUCGGUGGUCAACUUUUCUUGUAUCCCCGGGAUGCCUAUACCAGUUCCGAUUCUGGACACAUUUGGCGGGGGCUUUCUUCU
.........(((.((((((......))).))).)))(((.((((...(((((((((....)))).))...)))...)))).)))....,-18.80,2247.780,X1,AACACUUAUCGGUGGUCAACUUUUCUUGUAUCCCCGGGAUGCCUAUACCAGUUCCGAUUCUGGACACAUUUGGCGGGGGCUUUCUUCU
.........(((.((((((......))).))).)))(((.((((...(((((((((....)))).))...)))...)))).)))....,-18.80,95176.191,X1,AACACUUAUCGGUGGUCAACUUUUCUUGUAUCCCCGGGAUGCCUAUACCAGUUCCGAUUCUGGACACAUUUGGCGGGGGCUUUCUUCU
.........(((.((((((......))).))).)))(((.((((...(((((((((....)))).))...)))...)))).)))....,-18.80,156660.689,X1,AACACUUAUCGGUGGUCAACUUUUCUUGUAUCCCCGGGAUGCCUAUACCAGUUCCGAUUCUGGACACAUUUGGCGGGGGCUUUCUUCU
.........(((.((((((......))).))).)))(((.((((...(((((((((....)))).))...)))...)))).)))....,-18.80,1442.165,X1,AACACUUAUCGGUGGUCAACUUUUCUUGUAUCCCCGGGAUGCCUAUACCAGUUCCGAUUCUGGACACAUUUGGCGGGGGCUUUCUUCU
.........(((.((((((......))).))).)))(((.((((...(((((((((....)))).))...)))...)))).)))....,-18.80,2127.396,X1,AACACUUAUCGGUGGUCAACUUUUCUUGUAUCCCCGGGAUGCCUAUACCAGUUCCGAUUCUGGACACAUUUGGCGGGGGCUUUCUUCU
.........(((.((((((......))).))).)))(((.((((...(((((((((....)))).))...)))...)))).)))....,-18.80,38528.364,X1,AACACUUAUCGGUGGUCAACUUUUCUUGUAUCCCCGGGAUGCCUAUACCAGUUCCGAUUCUGGACACAUUUGGCGGGGGCUUUCUUCU
.........(((.((((((......))).))).)))(((.((((...(((((((((....)))).))...)))...)))).)))....,-18.80,3695.871,X1,AACACUUAUCGGUGGUCAACUUUUCUUGUAUCCCCGGGAUGCCUAUACCAGUUCCGAUUCUGGACACAUUUGGCGGGGGCUUUCUUCU
.........(((.((((((......))).))).)))(((.((((...(((((((((....)))).))...)))...)))).)))....,-18.80,583246.574,X1,AACACUUAUCGGUGGUCAACUUUUCUUGUAUCCCCGGGAUGCCUAUACCAGUUCCGAUUCUGGACACAUUUGGCGGGGGCUUUCUUCU
.........(((.((((((......))).))).)))(((.((((...(((((((((....)))).))...)))...)))).)))....,-18.80,305521.157,X1,AACACUUAUCGGUGGUCAACUUUUCUUGUAUCCCCGGGAUGCCUAUACCAGUUCCGAUUCUGGACACAUUUGGCGGGGGCUUUCUUCU
.........(((.((((((......))).))).)))(((.((((...(((((((((....)))).))...)))...)))).)))....,-18.80,323226.491,X1,AACACUUAUCGGUGGUCAACUUUUCUUGUAUCCCCGGGAUGCCUAUACCAGUUCCGAUUCUGGACACAUUUGGCGGGGGCUUUCUUCU
.........(((.((((((......))).))).)))(((.((((...(((((((((....)))).))...)))...)))).)))....,-18.80,12539.441,X1,AACACUUAUCGGUGGUCAACUUUUCUUGUAUCCCCGGGAUGCCUAUACCAGUUCCGAUUCUGGACACAUUUGGCGGGGGCUUUCUUCU
.........(((.((((((......))).))).)))(((.((((...(((((((((....)))).))...)))...)))).)))....,-18.80,1655.813,X1,AACACUUAUCGGUGGUCAACUUUUCUUGUAUCCCCGGGAUGCCUAUACCAGUUCCGAUUCUGGACACAUUUGGCGGGGGCUUUCUUCU
.........(((.((((((......))).))).)))(((.((((...(((((((((....)))).))...)))...)))).)))....,-18.80,2545.841,X1,AACACUUAUCGGUGGUCAACUUUUCUUGUAUCCCCGGGAUGCCUAUACCAGUUCCGAUUCUGGACACAUUUGGCGGGGGCUUUCUUCU
.........(((.((((((......))).))).)))(((.((((...(((((((((....)))).))...)))...)))).)))....,-18.80,3654325.133,X1,AACACUUAUCGGUGGUCAACUUUUCUUGUAUCCCCGGGAUGCCUAUACCAGUUCCGAUUCUGGACACAUUUGGCGGGGGCUUUCUUCU
.........(((.((((((......))).))).)))(((.((((...(((((((((....)))).))...)))...)))).)))....,-18.80,137.344,X1,AACACUUAUCGGUGGUCAACUUUUCUUGUAUCCCCGGGAUGCCUAUACCAGUUCCGAUUCUGGACACAUUUGGCGGGGGCUUUCUUCU
.........(((.((((((......))).))).)))(((.((((...(((((((((....)))).))...)))...)))).)))....,-18.80,429343.226,X1,AACACUUAUCGGUGGUCAACUUUUCUUGUAUCCCCGGGAUGCCUAUACCAGUUCCGAUUCUGGACACAUUUGGCGGGGGCUUUCUUCU
.........(((.((((((......))).))).)))(((.((((...(((((((((....)))).))...)))...)))).)))....,-18.80,2573672.575,X1,AACACUUAUCGGUGGUCAACUUUUCUUGUAUCCCCGGGAUGCCUAUACCAGUUCCGAUUCUGGACACAUUUGGCGGGGGCUUUCUUCU
.........(((.((((((......))).))).)))(((.((((...(((((((((....)))).))...)))...)))).)))....,-18.80,300.292,X1,AACACUUAUCGGUGGUCAACUUUUCUUGUAUCCCCGGGAUGCCUAUACCAGUUCCGAUUCUGGACACAUUUGGCGGGGGCUUUCUUCU
.........(((.((((((......))).))).)))(((.((((...(((((((((....)))).))...)))...)))).)))....,-18.80,28281.467,X1,AACACUUAUCGGUGGUCAACUUUUCUUGUAUCCCCGGGAUGCCUAUACCAGUUCCGAUUCUGGACACAUUUGGCGGGGGCUUUCUUCU
.........(((.((((((......))).))).)))(((.((((...(((((((((....)))).))...)))...)))).)))....,-18.80,380.294,X1,AACACUUAUCGGUGGUCAACUUUUCUUGUAUCCCCGGGAUGCCUAUACCAGUUCCGAUUCUGGACACAUUUGGCGGGGGCUUUCUUCU
.........(((.((((((......))).))).)))(((.((((...(((((((((....)))).))...)))...)))).)))....,-18.80,173.671,X1,AACACUUAUCGGUGGUCAACUUUUCUUGUAUCCCCGGGAUGCCUAUACCAGUUCCGAUUCUGGACACAUUUGGCGGGGGCUUUCUUCU
.........(((.((((((......))).))).)))(((.((((...(((((((((....)))).))...)))...)))).)))....,-18.80,2061633.153,X1,AACACUUAUCGGUGGUCAACUUUUCUUGUAUCCCCGGGAUGCCUAUACCAGUUCCGAUUCUGGACACAUUUGGCGGGGGCUUUCUUCU
.........(((.((((((......))).))).)))(((.((((...(((((((((....)))).))...)))...)))).)))....,-18.80,1113.780,X1,AACACUUAUCGGUGGUCAACUUUUCUUGUAUCCCCGGGAUGCCUAUACCAGUUCCGAUUCUGGACACAUUUGGCGGGGGCUUUCUUCU
.........(((.((((((......))).))).)))(((.((((...(((((((((....)))).))...)))...)))).)))....,-18.80,11490.511,X1,AACACUUAUCGGUGGUCAACUUUUCUUGUAUCCCCGGGAUGCCUAUACCAGUUCCGAUUCUGGACACAUUUGGCGGGGGCUUUCUUCU
.........(((.((((((......))).))).)))(((.((((...(((((((((....)))).))...)))...)))).)))....,-18.80,40.532,X1,AACACUUAUCGGUGGUCAACUUUUCUUGUAUCCCCGGGAUGCCUAUACCAGUUCCGAUUCUGGACACAUUUGGCGGGGGCUUUCUUCU
.........(((.((((((......))).))).)))(((.((((...(((((((((....)))).))...)))...)))).)))....,-18.80,1067.134,X1,AACACUUAUCGGUGGUCAACUUUUCUUGUAUCCCCGGGAUGCCUAUACCAGUUCCGAUUCUGGACACAUUUGGCGGGGGCUUUCUUCU
.........(((.((((((......))).))).)))(((.((((...(((((((((....)))).))...)))...)))).)))....,-18.80,1589019.574,X1,AACACUUAUCGGUGGUCAACUUUUCUUGUAUCCCCGGGAUGCCUAUACCAGUUCCGAUUCUGGACACAUUUGGCGGGGGCUUUCUUCU
.........(((.((((((......))).))).)))(((.((((...(((((((((....)))).))...)))...)))).)))....,-18.80,3869.687,X1,AACACUUAUCGGUGGUCAACUUUUCUUGUAUCCCCGGGAUGCCUAUACCAGUUCCGAUUCUGGACACAUUUGGCGGGGGCUUUCUUCU
.........(((.((((((......))).))).)))(((.((((...(((((((((....)))).))...)))...)))).)))....,-18.80,1029027.449,X1,AACACUUAUCGGUGGUCAACUUUUCUUGUAUCCCCGGGAUGCCUAUACCAGUUCCGAUUCUGGACACAUUUGGCGGGGGCUUUCUUCU
.........(((.((((((......))).))).)))(((.((((...(((((((((....)))).))...)))...)))).)))....,-18.80,2791199.172,X1,AACACUUAUCGGUGGUCAACUUUUCUUGUAUCCCCGGGAUGCCUAUACCAGUUCCGAUUCUGGACACAUUUGGCGGGGGCUUUCUUCU
.........(((.((((((......))).))).)))(((.((((...(((((((((....)))).))...)))...)))).)))....,-18.80,176086.940,X1,AACACUUAUCGGUGGUCAACUUUUCUUGUAUCCCCGGGAUGCCUAUACCAGUUCCGAUUCUGGACACAUUUGGCGGGGGCUUUCUUCU
.........(((.((((((......))).))).)))(((.((((...(((((((((....)))).))...)))...)))).)))....,-18.80,781318.785,X1,AACACUUAUCGGUGGUCAACUUUUCUUGUAUCCCCGGGAUGCCUAUACCAGUUCCGAUUCUGGACACAUUUGGCGGGGGCUUUCUUCU
.........(((.((((((......))).))).)))(((.((((...(((((((((....)))).))...)))...)))).)))....,-18.80,39965.864,X1,AACACUUAUCGGUGGUCAACUUUUCUUGUAUCCCCGGGAUGCCUAUACCAGUUCCGAUUCUGGACACAUUUGGCGGGGGCUUUCUUCU
.........(((.((((((......))).))).)))(((.((((...(((((((((....)))).))...)))...)))).)))....,-18.80,480.488,X1,AACACUUAUCGGUGGUCAACUUUUCUUGUAUCCCCGGGAUGCCUAUACCAGUUCCGAUUCUGGACACAUUUGGCGGGGGCUUUCUUCU
.........(((.((((((......))).))).)))(((.((((...(((((((((....)))).))...)))...)))).)))....,-18.80,235.924,X1,AACACUUAUCGGUGGUCAACUUUUCUUGUAUCCCCGGGAUGCCUAUACCAGUUCCGAUUCUGGACACAUUUGGCGGGGGCUUUCUUCU
.........(((.((((((......))).))).)))(((.((((...(((((((((....)))).))...)))...)))).)))....,-18.80,242363.283,X1,AACACUUAUCGGUGGUCAACUUUUCUUGUAUCCCCGGGAUGCCUAUACCAGUUCCGAUUCUGGACACAUUUGGCGGGGGCUUUCUUCU
.........(((.((((((......))).))).)))(((.((((...(((((((((....)))).))...)))...)))).)))....,-18.80,5066.618,X1,AACACUUAUCGGUGGUCAACUUUUCUUGUAUCCCCGGGAUGCCUAUACCAGUUCCGAUUCUGGACACAUUUGGCGGGGGCUUUCUUCU
.........(((.((((((......))).))).)))(((.((((...(((((((((....)))).))...)))...)))).)))....,-18.80,4910.319,X1,AACACUUAUCGGUGGUCAACUUUUCUUGUAUCCCCGGGAUGCCUAUACCAGUUCCGAUUCUGGACACAUUUGGCGGGGGCUUUCUUCU
.........(((.((((((......))).))).)))(((.((((...(((((((((....)))).))...)))...)))).)))....,-18.80,1435.339,X1,AACACUUAUCGGUGGUCAACUUUUCUUGUAUCCCCGGGAUGCCUAUACCAGUUCCGAUUCUGGACACAUUUGGCGGGGGCUUUCUUCU
.........(((.((((((......))).))).)))(((.((((...(((((((((....)))).))...)))...)))).)))....,-18.80,5976.315,X1,AACACUUAUCGGUGGUCAACUUUUCUUGUAUCCCCGGGAUGCCUAUACCAGUUCCGAUUCUGGACACAUUUGGCGGGGGCUUUCUUCU
.........(((.((((((......))).))).)))(((.((((...(((((((((....)))).))...)))...)))).)))....,-18.80,4144467.307,X1,AACACUUAUCGGUGGUCAACUUUUCUUGUAUCCCCGGGAUGCCUAUACCAGUUCCGAUUCUGGACACAUUUGGCGGGGGCUUUCUUCU
.........(((.((((((......))).))).)))(((.((((...(((((((((....)))).))...)))...)))).)))....,-18.80,5099.891,X1,AACACUUAUCGGUGGUCAACUUUUCUUGUAUCCCCGGGAUGCCUAUACCAGUUCCGAUUCUGGACACAUUUGGCGGGGGCUUUCUUCU
.........(((.((((((......))).))).)))(((.((((...(((((((((....)))).))...)))...)))).)))....,-18.80,11350.680,X1,AACACUUAUCGGUGGUCAACUUUUCUUGUAUCCCCGGGAUGCCUAUACCAGUUCCGAUUCUGGACACAUUUGGCGGGGGCUUUCUUCU
.........(((.((((((......))).))).)))(((.((((...(((((((((....)))).))...)))...)))).)))....,-18.80,224.325,X1,AACACUUAUCGGUGGUCAACUUUUCUUGUAUCCCCGGGAUGCCUAUACCAGUUCCGAUUCUGGACACAUUUGGCGGGGGCUUUCUUCU
.........(((.((((((......))).))).)))(((.((((...(((((((((....)))).))...)))...)))).)))....,-18.80,3028.347,X1,AACACUUAUCGGUGGUCAACUUUUCUUGUAUCCCCGGGAUGCCUAUACCAGUUCCGAUUCUGGACACAUUUGGCGGGGGCUUUCUUCU
.........(((.((((((......))).))).)))(((.((((...(((((((((....)))).))...)))...)))).)))....,-18.80,1720.536,X1,AACACUUAUCGGUGGUCAACUUUUCUUGUAUCCCCGGGAUGCCUAUACCAGUUCCGAUUCUGGACACAUUUGGCGGGGGCUUUCUUCU
.........(((.((((((......))).))).)))(((.((((...(((((((((....)))).))...)))...)))).)))....,-18.80,339591.860,X1,AACACUUAUCGGUGGUCAACUUUUCUUGUAUCCCCGGGAUGCCUAUACCAGUUCCGAUUCUGGACACAUUUGGCGGGGGCUUUCUUCU
.........(((.((((((......))).))).)))(((.((((...(((((((((....)))).))...)))...)))).)))....,-18.80,27267.645,X1,AACACUUAUCGGUGGUCAACUUUUCUUGUAUCCCCGGGAUGCCUAUACCAGUUCCGAUUCUGGACACAUUUGGCGGGGGCUUUCUUCU
.........(((.((((((......))).))).)))(((.((((...(((((((((....)))).))...)))...)))).)))....,-18.80,686.673,X1,AACACUUAUCGGUGGUCAACUUUUCUUGUAUCCCCGGGAUGCCUAUACCAGUUCCGAUUCUGGACACAUUUGGCGGGGGCUUUCUUCU
.........(((.((((((......))).))).)))(((.((((...(((((((((....)))).))...)))...)))).)))....,-18.80,129032.275,X1,AACACUUAUCGGUGGUCAACUUUUCUUGUAUCCCCGGGAUGCCUAUACCAGUUCCGAUUCUGGACACAUUUGGCGGGGGCUUUCUUCU
.........(((.((((((......))).))).)))(((.((((...(((((((((....)))).))...)))...)))).)))....,-18.80,510.460,X1,AACACUUAUCGGUGGUCAACUUUUCUUGUAUCCCCGGGAUGCCUAUACCAGUUCCGAUUCUGGACACAUUUGGCGGGGGCUUUCUUCU
.........(((.((((((......))).))).)))(((.((((...(((((((((....)))).))...)))...)))).)))....,-18.80,1458608.497,X1,AACACUUAUCGGUGGUCAACUUUUCUUGUAUCCCCGGGAUGCCUAUACCAGUUCCGAUUCUGGACACAUUUGGCGGGGGCUUUCUUCU
.........(((.((((((......))).))).)))(((.((((...(((((((((....)))).))...)))...)))).)))....,-18.80,890.922,X1,AACACUUAUCGGUGGUCAACUUUUCUUGUAUCCCCGGGAUGCCUAUACCAGUUCCGAUUCUGGACACAUUUGGCGGGGGCUUUCUUCU
.........(((.((((((......))).))).)))(((.((((...(((((((((....)))).))...)))...)))).)))....,-18.80,10279.758,X1,AACACUUAUCGGUGGUCAACUUUUCUUGUAUCCCCGGGAUGCCUAUACCAGUUCCGAUUCUGGACACAUUUGGCGGGGGCUUUCUUCU
.........(((.((((((......))).))).)))(((.((((...(((((((((....)))).))...)))...)))).)))....,-18.80,3260462.873,X1,AACACUUAUCGGUGGUCAACUUUUCUUGUAUCCCCGGGAUGCCUAUACCAGUUCCGAUUCUGGACACAUUUGGCGGGGGCUUUCUUCU
.........(((.((((((......))).))).)))(((.((((...(((((((((....)))).))...)))...)))).)))....,-18.80,6305.217,X1,AACACUUAUCGGUGGUCAACUUUUCUUGUAUCCCCGGGAUGCCUAUACCAGUUCCGAUUCUGGACACAUUUGGCGGGGGCUUUCUUCU
.........(((.((((((......))).))).)))(((.((((...(((((((((....)))).))...)))...)))).)))....,-18.80,837.820,X1,AACACUUAUCGGUGGUCAACUUUUCUUGUAUCCCCGGGAUGCCUAUACCAGUUCCGAUUCUGGACACAUUUGGCGGGGGCUUUCUUCU
.........(((.((((((......))).))).)))(((.((((...(((((((((....)))).))...)))...)))).)))....,-18.80,71.630,X1,AACACUUAUCGGUGGUCAACUUUUCUUGUAUCCCCGGGAUGCCUAUACCAGUUCCGAUUCUGGACACAUUUGGCGGGGGCUUUCUUCU
.........(((.((((((......))).))).)))(((.((((...(((((((((....)))).))...)))...)))).)))....,-18.80,3800981.614,X1,AACACUUAUCGGUGGUCAACUUUUCUUGUAUCCCCGGGAUGCCUAUACCAGUUCCGAUUCUGGACACAUUUGGCGGGGGCUUUCUUCU
.........(((.((((((......))).))).)))(((.((((...(((((((((....)))).))...)))...)))).)))....,-18.80,371.849,X1,AACACUUAUCGGUGGUCAACUUUUCUUGUAUCCCCGGGAUGCCUAUACCAGUUCCGAUUCUGGACACAUUUGGCGGGGGCUUUCUUCU
.........(((.((((((......))).))).)))(((.((((...(((((((((....)))).))...)))...)))).)))....,-18.80,25498.058,X1,AACACUUAUCGGUGGUCAACUUUUCUUGUAUCCCCGGGAUGCCUAUACCAGUUCCGAUUCUGGACACAUUUGGCGGGGGCUUUCUUCU
.........(((.((((((......))).))).)))(((.((((...(((((((((....)))).))...)))...)))).)))....,-18.80,9000.975,X1,AACACUUAUCGGUGGUCAACUUUUCUUGUAUCCCCGGGAUGCCUAUACCAGUUCCGAUUCUGGACACAUUUGGCGGGGGCUUUCUUCU
.........(((.((((((......))).))).)))(((.((((...(((((((((....)))).))...)))...)))).)))....,-18.80,689768.750,X1,AACACUUAUCGGUGGUCAACUUUUCUUGUAUCCCCGGGAUGCCUAUACCAGUUCCGAUUCUGGACACAUUUGGCGGGGGCUUUCUUCU
.........(((.((((((......))).))).)))(((.((((...(((((((((....)))).))...)))...)))).)))....,-18.80,46582.146,X1,AACACUUAUCGGUGGUCAACUUUUCUUGUAUCCCCGGGAUGCCUAUACCAGUUCCGAUUCUGGACACAUUUGGCGGGGGCUUUCUUCU
.........(((.((((((......))).))).)))(((.((((...(((((((((....)))).))...)))...)))).)))....,-18.80,7527.218,X1,AACACUUAUCGGUGGUCAACUUUUCUUGUAUCCCCGGGAUGCCUAUACCAGUUCCGAUUCUGGACACAUUUGGCGGGGGCUUUCUUCU
.........(((.((((((......))).))).)))(((.((((...(((((((((....)))).))...)))...)))).)))....,-18.80,13497.985,X1,AACACUUAUCGGUGGUCAACUUUUCUUGUAUCCCCGGGAUGCCUAUACCAGUUCCGAUUCUGGACACAUUUGGCGGGGGCUUUCUUCU
.........(((.((((((......))).))).)))(((.((((...(((((((((....)))).))...)))...)))).)))....,-18.80,3283.725,X1,AACACUUAUCGGUGGUCAACUUUUCUUGUAUCCCCGGGAUGCCUAUACCAGUUCCGAUUCUGGACACAUUUGGCGGGGGCUUUCUUCU
.........(((.((((((......))).))).)))(((.((((...(((((((((....)))).))...)))...)))).)))....,-18.80,1683.708,X1,AACACUUAUCGGUGGUCAACUUUUCUUGUAUCCCCGGGAUGCCUAUACCAGUUCCGAUUCUGGACACAUUUGGCGGGGGCUUUCUUCU
.........(((.((((((......))).))).)))(((.((((...(((((((((....)))).))...)))...)))).)))....,-18.80,3469218.908,X1,AACACUUAUCGGUGGUCAACUUUUCUUGUAUCCCCGGGAUGCCUAUACCAGUUCCGAUUCUGGACACAUUUGGCGGGGGCUUUCUUCU
.........(((.((((((......))).))).)))(((.((((...(((((((((....)))).))...)))...)))).)))....,-18.80,28859.508,X1,AACACUUAUCGGUGGUCAACUUUUCUUGUAUCCCCGGGAUGCCUAUACCAGUUCCGAUUCUGGACACAUUUGGCGGGGGCUUUCUUCU
.........(((.((((((......))).))).)))(((.((((...(((((((((....)))).))...)))...)))).)))....,-18.80,2756.544,X1,AACACUUAUCGGUGGUCAACUUUUCUUGUAUCCCCGGGAUGCCUAUACCAGUUCCGAUUCUGGACACAUUUGGCGGGGGCUUUCUUCU
.........(((.((((((......))).))).)))(((.((((...(((((((((....)))).))...)))...)))).)))....,-18.80,30452.597,X1,AACACUUAUCGGUGGUCAACUUUUCUUGUAUCCCCGGGAUGCCUAUACCAGUUCCGAUUCUGGACACAUUUGGCGGGGGCUUUCUUCU
.........(((.((((((......))).))).)))(((.((((...(((((((((....)))).))...)))...)))).)))....,-18.80,5416230.797,X1,AACACUUAUCGGUGGUCAACUUUUCUUGUAUCCCCGGGAUGCCUAUACCAGUUCCGAUUCUGGACACAUUUGGCGGGGGCUUUCUUCU
.........(((.((((((......))).))).)))(((.((((...(((((((((....)))).))...)))...)))).)))....,-18.80,9075.644,X1,AACACUUAUCGGUGGUCAACUUUUCUUGUAUCCCCGGGAUGCCUAUACCAGUUCCGAUUCUGGACACAUUUGGCGGGGGCUUUCUUCU
.........(((.((((((......))).))).)))(((.((((...(((((((((....)))).))...)))...)))).)))....,-18.80,16205.890,X1,AACACUUAUCGGUGGUCAACUUUUCUUGUAUCCCCGGGAUGCCUAUACCAGUUCCGAUUCUGGACACAUUUGGCGGGGGCUUUCUUCU
.........(((.((((((......))).))).)))(((.((((...(((((((((....)))).))...)))...)))).)))....,-18.80,5197919.816,X1,AACACUUAUCGGUGGUCAACUUUUCUUGUAUCCCCGGGAUGCCUAUACCAGUUCCGAUUCUGGACACAUUUGGCGGGGGCUUUCUUCU
.........(((.((((((......))).))).)))(((.((((...(((((((((....)))).))...)))...)))).)))....,-18.80,2853.044,X1,AACACUUAUCGGUGGUCAACUUUUCUUGUAUCCCCGGGAUGCCUAUACCAGUUCCGAUUCUGGACACAUUUGGCGGGGGCUUUCUUCU
.........(((.((((((......))).))).)))(((.((((...(((((((((....)))).))...)))...)))).)))....,-18.80,1115412.086,X1,AACACUUAUCGGUGGUCAACUUUUCUUGUAUCCCCGGGAUGCCUAUACCAGUUCCGAUUCUGGACACAUUUGGCGGGGGCUUUCUUCU
.........(((.((((((......))).))).)))(((.((((...(((((((((....)))).))...)))...)))).)))....,-18.80,10900.287,X1,AACACUUAUCGGUGGUCAACUUUUCUUGUAUCCCCGGGAUGCCUAUACCAGUUCCGAUUCUGGACACAUUUGGCGGGGGCUUUCUUCU
.........(((.((((((......))).))).)))(((.((((...(((((((((....)))).))...)))...)))).)))....,-18.80,2801.018,X1,AACACUUAUCGGUGGUCAACUUUUCUUGUAUCCCCGGGAUGCCUAUACCAGUUCCGAUUCUGGACACAUUUGGCGGGGGCUUUCUUCU
.........(((.((((((......))).))).)))(((.((((...(((((((((....)))).))...)))...)))).)))....,-18.80,81280.606,X1,AACACUUAUCGGUGGUCAACUUUUCUUGUAUCCCCGGGAUGCCUAUACCAGUUCCGAUUCUGGACACAUUUGGCGGGGGCUUUCUUCU
.........(((.((((((......))).))).)))(((.((((...(((((((((....)))).))...)))...)))).)))....,-18.80,4111.885,X1,AACACUUAUCGGUGGUCAACUUUUCUUGUAUCCCCGGGAUGCCUAUACCAGUUCCGAUUCUGGACACAUUUGGCGGGGGCUUUCUUCU
.........(((.((((((......))).))).)))(((.((((...(((((((((....)))).))...)))...)))).)))....,-18.80,29177.200,X1,AACACUUAUCGGUGGUCAACUUUUCUUGUAUCCCCGGGAUGCCUAUACCAGUUCCGAUUCUGGACACAUUUGGCGGGGGCUUUCUUCU
.........(((.((((((......))).))).)))(((.((((...(((((((((....)))).))...)))...)))).)))....,-18.80,15717.564,X1,AACACUUAUCGGUGGUCAACUUUUCUUGUAUCCCCGGGAUGCCUAUACCAGUUCCGAUUCUGGACACAUUUGGCGGGGGCUUUCUUCU
.........(((.((((((......))).))).)))(((.((((...(((((((((....)))).))...)))...)))).)))....,-18.80,271850.632,X1,AACACUUAUCGGUGGUCAACUUUUCUUGUAUCCCCGGGAUGCCUAUACCAGUUCCGAUUCUGGACACAUUUGGCGGGGGCUUUCUUCU
.........(((.((((((......))).))).)))(((.((((...(((((((((....)))).))...)))...)))).)))....,-18.80,8428.580,X1,AACACUUAUCGGUGGUCAACUUUUCUUGUAUCCCCGGGAUGCCUAUACCAGUUCCGAUUCUGGACACAUUUGGCGGGGGCUUUCUUCU
.........(((.((((((......))).))).)))(((.((((...(((((((((....)))).))...)))...)))).)))....,-18.80,2010608.132,X1,AACACUUAUCGGUGGUCAACUUUUCUUGUAUCCCCGGGAUGCCUAUACCAGUUCCGAUUCUGGACACAUUUGGCGGGGGCUUUCUUCU
.........(((.((((((......))).))).)))(((.((((...(((((((((....)))).))...)))...)))).)))....,-18.80,1754208.430,X1,AACACUUAUCGGUGGUCAACUUUUCUUGUAUCCCCGGGAUGCCUAUACCAGUUCCGAUUCUGGACACAUUUGGCGGGGGCUUUCUUCU
.........(((.((((((......))).))).)))(((.((((...(((((((((....)))).))...)))...)))).)))....,-18.80,403942.287,X1,AACACUUAUCGGUGGUCAACUUUUCUUGUAUCCCCGGGAUGCCUAUACCAGUUCCGAUUCUGGACACAUUUGGCGGGGGCUUUCUUCU
.........(((.((((((......))).))).)))(((.((((...(((((((((....)))).))...)))...)))).)))....,-18.80,652.885,X1,AACACUUAUCGGUGGUCAACUUUUCUUGUAUCCCCGGGAUGCCUAUACCAGUUCCGAUUCUGGACACAUUUGGCGGGGGCUUUCUUCU
.........(((.((((((......))).))).)))(((.((((...(((((((((....)))).))...)))...)))).)))....,-18.80,134298.146,X1,AACACUUAUCGGUGGUCAACUUUUCUUGUAUCCCCGGGAUGCCUAUACCAGUUCCGAUUCUGGACACAUUUGGCGGGGGCUUUCUUCU
.........(((.((((((......))).))).)))(((.((((...(((((((((....)))).))...)))...)))).)))....,-18.80,4044.079,X1,AACACUUAUCGGUGGUCAACUUUUCUUGUAUCCCCGGGAUGCCUAUACCAGUUCCGAUUCUGGACACAUUUGGCGGGGGCUUUCUUCU
.........(((.((((((......))).))).)))(((.((((...(((((((((....)))).))...)))...)))).)))....,-18.80,417.214,X1,AACACUUAUCGGUGGUCAACUUUUCUUGUAUCCCCGGGAUGCCUAUACCAGUUCCGAUUCUGGACACAUUUGGCGGGGGCUUUCUUCU
.........(((.((((((......))).))).)))(((.((((...(((((((((....)))).))...)))...)))).)))....,-18.80,2270.026,X1,AACACUUAUCGGUGGUCAACUUUUCUUGUAUCCCCGGGAUGCCUAUACCAGUUCCGAUUCUGGACACAUUUGGCGGGGGCUUUCUUCU
.........(((.((((((......))).))).)))(((.((((...(((((((((....)))).))...)))...)))).)))....,-18.80,5650123.121,X1,AACACUUAUCGGUGGUCAACUUUUCUUGUAUCCCCGGGAUGCCUAUACCAGUUCCGAUUCUGGACACAUUUGGCGGGGGCUUUCUUCU
.........(((.((((((......))).))).)))(((.((((...(((((((((....)))).))...)))...)))).)))....,-18.80,16166.764,X1,AACACUUAUCGGUGGUCAACUUUUCUUGUAUCCCCGGGAUGCCUAUACCAGUUCCGAUUCUGGACACAUUUGGCGGGGGCUUUCUUCU
.........(((.((((((......))).))).)))(((.((((...(((((((((....)))).))...)))...)))).)))....,-18.80,62100.462,X1,AACACUUAUCGGUGGUCAACUUUUCUUGUAUCCCCGGGAUGCCUAUACCAGUUCCGAUUCUGGACACAUUUGGCGGGGGCUUUCUUCU
