(.((......)).).......,-1.60,22.015,X1,GGUCGAUCGUGAGCGCUAUAG
(.((......)).).......,-1.60,17.101,X1,GGUCGAUCGUGAGCGCUAUAG
(.((......)).).......,-1.60,55.561,X1,GGUCGAUCGUGAGCGCUAUAG
(.((......)).).......,-1.60,28.912,X1,GGUCGAUCGUGAGCGCUAUAG
(.((......)).).......,-1.60,4.995,X1,GGUCGAUCGUGAGCGCUAUAG
(.((......)).).......,-1.60,63.166,X1,GGUCGAUCGUGAGCGCUAUAG
(.((......)).).......,-1.60,6.538,X1,GGUCGAUCGUGAGCGCUAUAG
(.((......)).).......,-1.60,13.803,X1,GGUCGAUCGUGAGCGCUAUAG
(.((......)).).......,-1.60,21.994,X1,GGUCGAUCGUGAGCGCUAUAG
(.((......)).).......,-1.60,64.959,X1,GGUCGAUCGUGAGCGCUAUAG
(.((......)).).......,-1.60,22.083,X1,GGUCGAUCGUGAGCGCUAUAG
(.((......)).).......,-1.60,1.649,X1,GGUCGAUCGUGAGCGCUAUAG
(.((......)).).......,-1.60,6.443,X1,GGUCGAUCGUGAGCGCUAUAG
(.((......)).).......,-1.60,18.066,X1,GGUCGAUCGUGAGCGCUAUAG
(.((......)).).......,-1.60,7.748,X1,GGUCGAUCGUGAGCGCUAUAG
(.((......)).).......,-1.60,2.445,X1,GGUCGAUCGUGAGCGCUAUAG
(.((......)).).......,-1.60,59.585,X1,GGUCGAUCGUGAGCGCUAUAG
(.((......)).).......,-1.60,4.187,X1,GGUCGAUCGUGAGCGCUAUAG
(.((......)).).......,-1.60,3.327,X1,GGUCGAUCGUGAGCGCUAUAG
(.((......)).).......,-1.60,16.185,X1,GGUCGAUCGUGAGCGCUAUAG
(.((......)).).......,-1.60,29.585,X1,GGUCGAUCGUGAGCGCUAUAG
(.((......)).).......,-1.60,17.347,X1,GGUCGAUCGUGAGCGCUAUAG
(.((......)).).......,-1.60,31.034,X1,GGUCGAUCGUGAGCGCUAUAG
(.((......)).).......,-1.60,22.441,X1,GGUCGAUCGUGAGCGCUAUAG
(.((......)).).......,-1.60,36.264,X1,GGUCGAUCGUGAGCGCUAUAG
(.((......)).).......,-1.60,77.209,X1,GGUCGAUCGUGAGCGCUAUAG
(.((......)).).......,-1.60,3.202,X1,GGUCGAUCGUGAGCGCUAUAG
(.((......)).).......,-1.60,8.889,X1,GGUCGAUCGUGAGCGCUAUAG
(.((......)).).......,-1.60,20.206,X1,GGUCGAUCGUGAGCGCUAUAG
(.((......)).).......,-1.60,110.471,X1,GGUCGAUCGUGAGCGCUAUAG
(.((......)).).......,-1.60,26.342,X1,GGUCGAUCGUGAGCGCUAUAG
(.((......)).).......,-1.60,45.136,X1,GGUCGAUCGUGAGCGCUAUAG
(.((......)).).......,-1.60,185.007,X1,GGUCGAUCGUGAGCGCUAUAG
(.((......)).).......,-1.60,11.892,X1,GGUCGAUCGUGAGCGCUAUAG
(.((......)).).......,-1.60,19.759,X1,GGUCGAUCGUGAGCGCUAUAG
(.((......)).).......,-1.60,1.829,X1,GGUCGAUCGUGAGCGCUAUAG
(.((......)).).......,-1.60,0.362,X1,GGUCGAUCGUGAGCGCUAUAG
(.((......)).).......,-1.60,0.353,X1,GGUCGAUCGUGAGCGCUAUAG
(.((......)).).......,-1.60,6.622,X1,GGUCGAUCGUGAGCGCUAUAG
(.((......)).).......,-1.60,9.671,X1,GGUCGAUCGUGAGCGCUAUAG
(.((......)).).......,-1.60,2.626,X1,GGUCGAUCGUGAGCGCUAUAG
(.((......)).).......,-1.60,36.759,X1,GGUCGAUCGUGAGCGCUAUAG
(.((......)).).......,-1.60,179.136,X1,GGUCGAUCGUGAGCGCUAUAG
(.((......)).).......,-1.60,5.869,X1,GGUCGAUCGUGAGCGCUAUAG
(.((......)).).......,-1.60,14.966,X1,GGUCGAUCGUGAGCGCUAUAG
(.((......)).).......,-1.60,1.480,X1,GGUCGAUCGUGAGCGCUAUAG
(.((......)).).......,-1.60,103.076,X1,GGUCGAUCGUGAGCGCUAUAG
(.((......)).).......,-1.60,1.732,X1,GGUCGAUCGUGAGCGCUAUAG
(.((......)).).......,-1.60,14.945,X1,GGUCGAUCGUGAGCGCUAUAG
(.((......)).).......,-1.60,6.914,X1,GGUCGAUCGUGAGCGCUAUAG
(.((......)).).......,-1.60,28.599,X1,GGUCGAUCGUGAGCGCUAUAG
(.((......)).).......,-1.60,21.519,X1,GGUCGAUCGUGAGCGCUAUAG
(.((......)).).......,-1.60,15.082,X1,GGUCGAUCGUGAGCGCUAUAG
(.((......)).).......,-1.60,7.824,X1,GGUCGAUCGUGAGCGCUAUAG
(.((......)).).......,-1.60,14.674,X1,GGUCGAUCGUGAGCGCUAUAG
(.((......)).).......,-1.60,14.293,X1,GGUCGAUCGUGAGCGCUAUAG
(.((......)).).......,-1.60,22.842,X1,GGUCGAUCGUGAGCGCUAUAG
(.((......)).).......,-1.60,3.932,X1,GGUCGAUCGUGAGCGCUAUAG
(.((......)).).......,-1.60,25.165,X1,GGUCGAUCGUGAGCGCUAUAG
(.((......)).).......,-1.60,2.709,X1,GGUCGAUCGUGAGCGCUAUAG
(.((......)).).......,-1.60,8.469,X1,GGUCGAUCGUGAGCGCUAUAG
(.((......)).).......,-1.60,9.036,X1,GGUCGAUCGUGAGCGCUAUAG
(.((......)).).......,-1.60,85.366,X1,GGUCGAUCGUGAGCGCUAUAG
(.((......)).).......,-1.60,5.317,X1,GGUCGAUCGUGAGCGCUAUAG
(.((......)).).......,-1.60,44.954,X1,GGUCGAUCGUGAGCGCUAUAG
(.((......)).).......,-1.60,6.224,X1,GGUCGAUCGUGAGCGCUAUAG
(.((......)).).......,-1.60,1.947,X1,GGUCGAUCGUGAGCGCUAUAG
(.((......)).).......,-1.60,51.658,X1,GGUCGAUCGUGAGCGCUAUAG
(.((......)).).......,-1.60,25.083,X1,GGUCGAUCGUGAGCGCUAUAG
(.((......)).).......,-1.60,1.971,X1,GGUCGAUCGUGAGCGCUAUAG
(.((......)).).......,-1.60,4.874,X1,GGUCGAUCGUGAGCGCUAUAG
(.((......)).).......,-1.60,22.549,X1,GGUCGAUCGUGAGCGCUAUAG
(.((......)).).......,-1.60,4.435,X1,GGUCGAUCGUGAGCGCUAUAG
(.((......)).).......,-1.60,100.055,X1,GGUCGAUCGUGAGCGCUAUAG
(.((......)).).......,-1.60,8.358,X1,GGUCGAUCGUGAGCGCUAUAG
(.((......)).).......,-1.60,1.898,X1,GGUCGAUCGUGAGCGCUAUAG
(.((......)).).......,-1.60,1.970,X1,GGUCGAUCGUGAGCGCUAUAG
(.((......)).).......,-1.60,8.715,X1,GGUCGAUCGUGAGCGCUAUAG
(.((......)).).......,-1.60,42.763,X1,GGUCGAUCGUGAGCGCUAUAG
(.((......)).).......,-1.60,2.629,X1,GGUCGAUCGUGAGCGCUAUAG
(.((......)).).......,-1.60,9.713,X1,GGUCGAUCGUGAGCGCUAUAG
(.((......)).).......,-1.60,3.760,X1,GGUCGAUCGUGAGCGCUAUAG
(.((......)).).......,-1.60,10.071,X1,GGUCGAUCGUGAGCGCUAUAG
(.((......)).).......,-1.60,16.095,X1,GGUCGAUCGUGAGCGCUAUAG
(.((......)).).......,-1.60,303.190,X1,GGUCGAUCGUGAGCGCUAUAG
(.((......)).).......,-1.60,20.606,X1,GGUCGAUCGUGAGCGCUAUAG
(.((......)).).......,-1.60,2.266,X1,GGUCGAUCGUGAGCGCUAUAG
(.((......)).).......,-1.60,39.144,X1,GGUCGAUCGUGAGCGCUAUAG
(.((......)).).......,-1.60,9.974,X1,GGUCGAUCGUGAGCGCUAUAG
(.((......)).).......,-1.60,2.560,X1,GGUCGAUCGUGAGCGCUAUAG
(.((......)).).......,-1.60,1.373,X1,GGUCGAUCGUGAGCGCUAUAG
(.((......)).).......,-1.60,25.274,X1,GGUCGAUCGUGAGCGCUAUAG
(.((......)).).......,-1.60,25.285,X1,GGUCGAUCGUGAGCGCUAUAG
(.((......)).).......,-1.60,6.266,X1,GGUCGAUCGUGAGCGCUAUAG
(.((......)).).......,-1.60,6.125,X1,GGUCGAUCGUGAGCGCUAUAG
(.((......)).).......,-1.60,12.914,X1,GGUCGAUCGUGAGCGCUAUAG
(.((......)).).......,-1.60,29.011,X1,GGUCGAUCGUGAGCGCUAUAG
(.((......)).).......,-1.60,8.203,X1,GGUCGAUCGUGAGCGCUAUAG
(.((......)).).......,-1.60,2.738,X1,GGUCGAUCGUGAGCGCUAUAG
(.((......)).).......,-1.60,1.601,X1,GGUCGAUCGUGAGCGCUAUAG
(.((......)).).......,-1.60,21.789,X1,GGUCGAUCGUGAGCGCUAUAG
(.((......)).).......,-1.60,1.249,X1,GGUCGAUCGUGAGCGCUAUAG
(.((......)).).......,-1.60,158.919,X1,GGUCGAUCGUGAGCGCUAUAG
(.((......)).).......,-1.60,8.109,X1,GGUCGAUCGUGAGCGCUAUAG
(.((......)).).......,-1.60,20.152,X1,GGUCGAUCGUGAGCGCUAUAG
(.((......)).).......,-1.60,23.033,X1,GGUCGAUCGUGAGCGCUAUAG
(.((......)).).......,-1.60,53.705,X1,GGUCGAUCGUGAGCGCUAUAG
(.((......)).).......,-1.60,0.920,X1,GGUCGAUCGUGAGCGCUAUAG
(.((......)).).......,-1.60,3.459,X1,GGUCGAUCGUGAGCGCUAUAG
(.((......)).).......,-1.60,2.250,X1,GGUCGAUCGUGAGCGCUAUAG
(.((......)).).......,-1.60,5.141,X1,GGUCGAUCGUGAGCGCUAUAG
(.((......)).).......,-1.60,2.982,X1,GGUCGAUCGUGAGCGCUAUAG
(.((......)).).......,-1.60,1.037,X1,GGUCGAUCGUGAGCGCUAUAG
(.((......)).).......,-1.60,10.381,X1,GGUCGAUCGUGAGCGCUAUAG
(.((......)).).......,-1.60,25.761,X1,GGUCGAUCGUGAGCGCUAUAG
(.((......)).).......,-1.60,4.826,X1,GGUCGAUCGUGAGCGCUAUAG
(.((......)).).......,-1.60,6.801,X1,GGUCGAUCGUGAGCGCUAUAG
(.((......)).).......,-1.60,41.378,X1,GGUCGAUCGUGAGCGCUAUAG
(.((......)).).......,-1.60,2.145,X1,GGUCGAUCGUGAGCGCUAUAG
(.((......)).).......,-1.60,1.670,X1,GGUCGAUCGUGAGCGCUAUAG
(.((......)).).......,-1.60,4.765,X1,GGUCGAUCGUGAGCGCUAUAG
(.((......)).).......,-1.60,14.001,X1,GGUCGAUCGUGAGCGCUAUAG
(.((......)).).......,-1.60,13.834,X1,GGUCGAUCGUGAGCGCUAUAG
(.((......)).).......,-1.60,67.673,X1,GGUCGAUCGUGAGCGCUAUAG
(.((......)).).......,-1.60,29.961,X1,GGUCGAUCGUGAGCGCUAUAG
(.((......)).).......,-1.60,9.515,X1,GGUCGAUCGUGAGCGCUAUAG
(.((......)).).......,-1.60,16.364,X1,GGUCGAUCGUGAGCGCUAUAG
(.((......)).).......,-1.60,15.910,X1,GGUCGAUCGUGAGCGCUAUAG
(.((......)).).......,-1.60,1.131,X1,GGUCGAUCGUGAGCGCUAUAG
(.((......)).).......,-1.60,13.589,X1,GGUCGAUCGUGAGCGCUAUAG
(.((......)).).......,-1.60,61.363,X1,GGUCGAUCGUGAGCGCUAUAG
(.((......)).).......,-1.60,7.293,X1,GGUCGAUCGUGAGCGCUAUAG
(.((......)).).......,-1.60,4.340,X1,GGUCGAUCGUGAGCGCUAUAG
(.((......)).).......,-1.60,9.492,X1,GGUCGAUCGUGAGCGCUAUAG
(.((......)).).......,-1.60,13.913,X1,GGUCGAUCGUGAGCGCUAUAG
(.((......)).).......,-1.60,13.080,X1,GGUCGAUCGUGAGCGCUAUAG
(.((......)).).......,-1.60,15.805,X1,GGUCGAUCGUGAGCGCUAUAG
(.((......)).).......,-1.60,1.006,X1,GGUCGAUCGUGAGCGCUAUAG
(.((......)).).......,-1.60,14.804,X1,GGUCGAUCGUGAGCGCUAUAG
(.((......)).).......,-1.60,3.819,X1,GGUCGAUCGUGAGCGCUAUAG
(.((......)).).......,-1.60,59.551,X1,GGUCGAUCGUGAGCGCUAUAG
(.((......)).).......,-1.60,4.357,X1,GGUCGAUCGUGAGCGCUAUAG
(.((......)).).......,-1.60,6.825,X1,GGUCGAUCGUGAGCGCUAUAG
(.((......)).).......,-1.60,33.720,X1,GGUCGAUCGUGAGCGCUAUAG
(.((......)).).......,-1.60,120.667,X1,GGUCGAUCGUGAGCGCUAUAG
(.((......)).).......,-1.60,15.596,X1,GGUCGAUCGUGAGCGCUAUAG
(.((......)).).......,-1.60,1.412,X1,GGUCGAUCGUGAGCGCUAUAG
(.((......)).).......,-1.60,4.602,X1,GGUCGAUCGUGAGCGCUAUAG
(.((......)).).......,-1.60,32.318,X1,GGUCGAUCGUGAGCGCUAUAG
(.((......)).).......,-1.60,9.895,X1,GGUCGAUCGUGAGCGCUAUAG
(.((......)).).......,-1.60,5.825,X1,GGUCGAUCGUGAGCGCUAUAG
(.((......)).).......,-1.60,2.758,X1,GGUCGAUCGUGAGCGCUAUAG
(.((......)).).......,-1.60,9.283,X1,GGUCGAUCGUGAGCGCUAUAG
(.((......)).).......,-1.60,37.084,X1,GGUCGAUCGUGAGCGCUAUAG
(.((......)).).......,-1.60,17.495,X1,GGUCGAUCGUGAGCGCUAUAG
(.((......)).).......,-1.60,16.635,X1,GGUCGAUCGUGAGCGCUAUAG
(.((......)).).......,-1.60,26.309,X1,GGUCGAUCGUGAGCGCUAUAG
(.((......)).).......,-1.60,98.880,X1,GGUCGAUCGUGAGCGCUAUAG
(.((......)).).......,-1.60,154.376,X1,GGUCGAUCGUGAGCGCUAUAG
(.((......)).).......,-1.60,3.683,X1,GGUCGAUCGUGAGCGCUAUAG
(.((......)).).......,-1.60,8.288,X1,GGUCGAUCGUGAGCGCUAUAG
(.((......)).).......,-1.60,26.549,X1,GGUCGAUCGUGAGCGCUAUAG
(.((......)).).......,-1.60,2.392,X1,GGUCGAUCGUGAGCGCUAUAG
(.((......)).).......,-1.60,1.542,X1,GGUCGAUCGUGAGCGCUAUAG
(.((......)).).......,-1.60,8.430,X1,GGUCGAUCGUGAGCGCUAUAG
(.((......)).).......,-1.60,2.915,X1,GGUCGAUCGUGAGCGCUAUAG
(.((......)).).......,-1.60,2.956,X1,GGUCGAUCGUGAGCGCUAUAG
(.((......)).).......,-1.60,13.944,X1,GGUCGAUCGUGAGCGCUAUAG
(.((......)).).......,-1.60,54.651,X1,GGUCGAUCGUGAGCGCUAUAG
(.((......)).).......,-1.60,65.871,X1,GGUCGAUCGUGAGCGCUAUAG
(.((......)).).......,-1.60,19.686,X1,GGUCGAUCGUGAGCGCUAUAG
(.((......)).).......,-1.60,2.773,X1,GGUCGAUCGUGAGCGCUAUAG
(.((......)).).......,-1.60,4.899,X1,GGUCGAUCGUGAGCGCUAUAG
(.((......)).).......,-1.60,7.618,X1,GGUCGAUCGUGAGCGCUAUAG
(.((......)).).......,-1.60,57.097,X1,GGUCGAUCGUGAGCGCUAUAG
(.((......)).).......,-1.60,7.888,X1,GGUCGAUCGUGAGCGCUAUAG
(.((......)).).......,-1.60,35.175,X1,GGUCGAUCGUGAGCGCUAUAG
(.((......)).).......,-1.60,6.353,X1,GGUCGAUCGUGAGCGCUAUAG
(.((......)).).......,-1.60,24.334,X1,GGUCGAUCGUGAGCGCUAUAG
(.((......)).).......,-1.60,5.704,X1,GGUCGAUCGUGAGCGCUAUAG
(.((......)).).......,-1.60,29.166,X1,GGUCGAUCGUGAGCGCUAUAG
(.((......)).).......,-1.60,5.202,X1,GGUCGAUCGUGAGCGCUAUAG
(.((......)).).......,-1.60,81.196,X1,GGUCGAUCGUGAGCGCUAUAG
(.((......)).).......,-1.60,30.447,X1,GGUCGAUCGUGAGCGCUAUAG
(.((......)).).......,-1.60,3.486,X1,GGUCGAUCGUGAGCGCUAUAG
(.((......)).).......,-1.60,4.635,X1,GGUCGAUCGUGAGCGCUAUAG
(.((......)).).......,-1.60,47.880,X1,GGUCGAUCGUGAGCGCUAUAG
(.((......)).).......,-1.60,10.438,X1,GGUCGAUCGUGAGCGCUAUAG
(.((......)).).......,-1.60,2.031,X1,GGUCGAUCGUGAGCGCUAUAG
(.((......)).).......,-1.60,173.454,X1,GGUCGAUCGUGAGCGCUAUAG
(.((......)).).......,-1.60,23.911,X1,GGUCGAUCGUGAGCGCUAUAG
(.((......)).).......,-1.60,16.539,X1,GGUCGAUCGUGAGCGCUAUAG
(.((......)).).......,-1.60,41.751,X1,GGUCGAUCGUGAGCGCUAUAG
(.((......)).).......,-1.60,82.978,X1,GGUCGAUCGUGAGCGCUAUAG
(.((......)).).......,-1.60,4.286,X1,GGUCGAUCGUGAGCGCUAUAG
(.((......)).).......,-1.60,16.471,X1,GGUCGAUCGUGAGCGCUAUAG
(.((......)).).......,-1.60,11.247,X1,GGUCGAUCGUGAGCGCUAUAG
(.((......)).).......,-1.60,6.642,X1,GGUCGAUCGUGAGCGCUAUAG
(.((......)).).......,-1.60,3.772,X1,GGUCGAUCGUGAGCGCUAUAG
(.((......)).).......,-1.60,9.707,X1,GGUCGAUCGUGAGCGCUAUAG
(.((......)).).......,-1.60,1.955,X1,GGUCGAUCGUGAGCGCUAUAG
(.((......)).).......,-1.60,1.277,X1,GGUCGAUCGUGAGCGCUAUAG
(.((......)).).......,-1.60,3.273,X1,GGUCGAUCGUGAGCGCUAUAG
(.((......)).).......,-1.60,25.634,X1,GGUCGAUCGUGAGCGCUAUAG
(.((......)).).......,-1.60,48.844,X1,GGUCGAUCGUGAGCGCUAUAG
(.((......)).).......,-1.60,8.175,X1,GGUCGAUCGUGAGCGCUAUAG
(.((......)).).......,-1.60,2.333,X1,GGUCGAUCGUGAGCGCUAUAG
(.((......)).).......,-1.60,6.502,X1,GGUCGAUCGUGAGCGCUAUAG
(.((......)).).......,-1.60,5.151,X1,GGUCGAUCGUGAGCGCUAUAG
(.((......)).).......,-1.60,34.967,X1,GGUCGAUCGUGAGCGCUAUAG
(.((......)).).......,-1.60,32.863,X1,GGUCGAUCGUGAGCGCUAUAG
(.((......)).).......,-1.60,6.543,X1,GGUCGAUCGUGAGCGCUAUAG
(.((......)).).......,-1.60,13.294,X1,GGUCGAUCGUGAGCGCUAUAG
(.((......)).).......,-1.60,7.738,X1,GGUCGAUCGUGAGCGCUAUAG
(.((......)).).......,-1.60,9.733,X1,GGUCGAUCGUGAGCGCUAUAG
(.((......)).).......,-1.60,4.384,X1,GGUCGAUCGUGAGCGCUAUAG
(.((......)).).......,-1.60,2.714,X1,GGUCGAUCGUGAGCGCUAUAG
(.((......)).).......,-1.60,5.063,X1,GGUCGAUCGUGAGCGCUAUAG
(.((......)).).......,-1.60,10.839,X1,GGUCGAUCGUGAGCGCUAUAG
(.((......)).).......,-1.60,9.607,X1,GGUCGAUCGUGAGCGCUAUAG
(.((......)).).......,-1.60,37.197,X1,GGUCGAUCGUGAGCGCUAUAG
(.((......)).).......,-1.60,5.696,X1,GGUCGAUCGUGAGCGCUAUAG
(.((......)).).......,-1.60,19.547,X1,GGUCGAUCGUGAGCGCUAUAG
(.((......)).).......,-1.60,79.532,X1,GGUCGAUCGUGAGCGCUAUAG
(.((......)).).......,-1.60,5.379,X1,GGUCGAUCGUGAGCGCUAUAG
(.((......)).).......,-1.60,6.910,X1,GGUCGAUCGUGAGCGCUAUAG
(.((......)).).......,-1.60,4.050,X1,GGUCGAUCGUGAGCGCUAUAG
(.((......)).).......,-1.60,11.776,X1,GGUCGAUCGUGAGCGCUAUAG
(.((......)).).......,-1.60,13.944,X1,GGUCGAUCGUGAGCGCUAUAG
(.((......)).).......,-1.60,5.019,X1,GGUCGAUCGUGAGCGCUAUAG
(.((......)).).......,-1.60,4.112,X1,GGUCGAUCGUGAGCGCUAUAG
(.((......)).).......,-1.60,2.403,X1,GGUCGAUCGUGAGCGCUAUAG
(.((......)).).......,-1.60,2.981,X1,GGUCGAUCGUGAGCGCUAUAG
(.((......)).).......,-1.60,47.312,X1,GGUCGAUCGUGAGCGCUAUAG
(.((......)).).......,-1.60,162.937,X1,GGUCGAUCGUGAGCGCUAUAG
(.((......)).).......,-1.60,1.792,X1,GGUCGAUCGUGAGCGCUAUAG
(.((......)).).......,-1.60,260.369,X1,GGUCGAUCGUGAGCGCUAUAG
(.((......)).).......,-1.60,19.591,X1,GGUCGAUCGUGAGCGCUAUAG
(.((......)).).......,-1.60,17.603,X1,GGUCGAUCGUGAGCGCUAUAG
(.((......)).).......,-1.60,37.487,X1,GGUCGAUCGUGAGCGCUAUAG
(.((......)).).......,-1.60,20.001,X1,GGUCGAUCGUGAGCGCUAUAG
(.((......)).).......,-1.60,10.672,X1,GGUCGAUCGUGAGCGCUAUAG
(.((......)).).......,-1.60,154.484,X1,GGUCGAUCGUGAGCGCUAUAG
(.((......)).).......,-1.60,166.680,X1,GGUCGAUCGUGAGCGCUAUAG
(.((......)).).......,-1.60,2.741,X1,GGUCGAUCGUGAGCGCUAUAG
(.((......)).).......,-1.60,1.596,X1,GGUCGAUCGUGAGCGCUAUAG
(.((......)).).......,-1.60,2.575,X1,GGUCGAUCGUGAGCGCUAUAG
(.((......)).).......,-1.60,26.264,X1,GGUCGAUCGUGAGCGCUAUAG
(.((......)).).......,-1.60,3.109,X1,GGUCGAUCGUGAGCGCUAUAG
(.((......)).).......,-1.60,19.838,X1,GGUCGAUCGUGAGCGCUAUAG
(.((......)).).......,-1.60,2.450,X1,GGUCGAUCGUGAGCGCUAUAG
(.((......)).).......,-1.60,14.076,X1,GGUCGAUCGUGAGCGCUAUAG
(.((......)).).......,-1.60,29.212,X1,GGUCGAUCGUGAGCGCUAUAG
(.((......)).).......,-1.60,52.010,X1,GGUCGAUCGUGAGCGCUAUAG
(.((......)).).......,-1.60,12.885,X1,GGUCGAUCGUGAGCGCUAUAG
(.((......)).).......,-1.60,21.704,X1,GGUCGAUCGUGAGCGCUAUAG
(.((......)).).......,-1.60,1.641,X1,GGUCGAUCGUGAGCGCUAUAG
(.((......)).).......,-1.60,6.330,X1,GGUCGAUCGUGAGCGCUAUAG
(.((......)).).......,-1.60,5.453,X1,GGUCGAUCGUGAGCGCUAUAG
(.((......)).).......,-1.60,30.778,X1,GGUCGAUCGUGAGCGCUAUAG
(.((......)).).......,-1.60,150.123,X1,GGUCGAUCGUGAGCGCUAUAG
(.((......)).).......,-1.60,13.262,X1,GGUCGAUCGUGAGCGCUAUAG
(.((......)).).......,-1.60,26.352,X1,GGUCGAUCGUGAGCGCUAUAG
(.((......)).).......,-1.60,105.981,X1,GGUCGAUCGUGAGCGCUAUAG
(.((......)).).......,-1.60,14.234,X1,GGUCGAUCGUGAGCGCUAUAG
(.((......)).).......,-1.60,10.618,X1,GGUCGAUCGUGAGCGCUAUAG
(.((......)).).......,-1.60,11.587,X1,GGUCGAUCGUGAGCGCUAUAG
(.((......)).).......,-1.60,22.238,X1,GGUCGAUCGUGAGCGCUAUAG
(.((......)).).......,-1.60,3.686,X1,GGUCGAUCGUGAGCGCUAUAG
(.((......)).).......,-1.60,39.884,X1,GGUCGAUCGUGAGCGCUAUAG
(.((......)).).......,-1.60,18.571,X1,GGUCGAUCGUGAGCGCUAUAG
(.((......)).).......,-1.60,1.785,X1,GGUCGAUCGUGAGCGCUAUAG
(.((......)).).......,-1.60,61.422,X1,GGUCGAUCGUGAGCGCUAUAG
(.((......)).).......,-1.60,3.254,X1,GGUCGAUCGUGAGCGCUAUAG
(.((......)).).......,-1.60,23.686,X1,GGUCGAUCGUGAGCGCUAUAG
(.((......)).).......,-1.60,5.953,X1,GGUCGAUCGUGAGCGCUAUAG
(.((......)).).......,-1.60,13.428,X1,GGUCGAUCGUGAGCGCUAUAG
(.((......)).).......,-1.60,3.328,X1,GGUCGAUCGUGAGCGCUAUAG
(.((......)).).......,-1.60,3.877,X1,GGUCGAUCGUGAGCGCUAUAG
(.((......)).).......,-1.60,14.689,X1,GGUCGAUCGUGAGCGCUAUAG
(.((......)).).......,-1.60,9.546,X1,GGUCGAUCGUGAGCGCUAUAG
(.((......)).).......,-1.60,98.963,X1,GGUCGAUCGUGAGCGCUAUAG
(.((......)).).......,-1.60,62.941,X1,GGUCGAUCGUGAGCGCUAUAG
(.((......)).).......,-1.60,15.071,X1,GGUCGAUCGUGAGCGCUAUAG
(.((......)).).......,-1.60,5.232,X1,GGUCGAUCGUGAGCGCUAUAG
(.((......)).).......,-1.60,28.000,X1,GGUCGAUCGUGAGCGCUAUAG
(.((......)).).......,-1.60,1.797,X1,GGUCGAUCGUGAGCGCUAUAG
(.((......)).).......,-1.60,165.980,X1,GGUCGAUCGUGAGCGCUAUAG
(.((......)).).......,-1.60,31.652,X1,GGUCGAUCGUGAGCGCUAUAG
(.((......)).).......,-1.60,4.351,X1,GGUCGAUCGUGAGCGCUAUAG
(.((......)).).......,-1.60,13.656,X1,GGUCGAUCGUGAGCGCUAUAG
(.((......)).).......,-1.60,99.456,X1,GGUCGAUCGUGAGCGCUAUAG
(.((......)).).......,-1.60,5.403,X1,GGUCGAUCGUGAGCGCUAUAG
(.((......)).).......,-1.60,105.017,X1,GGUCGAUCGUGAGCGCUAUAG
(.((......)).).......,-1.60,5.555,X1,GGUCGAUCGUGAGCGCUAUAG
(.((......)).).......,-1.60,0.557,X1,GGUCGAUCGUGAGCGCUAUAG
(.((......)).).......,-1.60,30.689,X1,GGUCGAUCGUGAGCGCUAUAG
(.((......)).).......,-1.60,4.255,X1,GGUCGAUCGUGAGCGCUAUAG
(.((......)).).......,-1.60,10.373,X1,GGUCGAUCGUGAGCGCUAUAG
(.((......)).).......,-1.60,3.462,X1,GGUCGAUCGUGAGCGCUAUAG
(.((......)).).......,-1.60,7.956,X1,GGUCGAUCGUGAGCGCUAUAG
(.((......)).).......,-1.60,2.610,X1,GGUCGAUCGUGAGCGCUAUAG
(.((......)).).......,-1.60,127.480,X1,GGUCGAUCGUGAGCGCUAUAG
(.((......)).).......,-1.60,13.431,X1,GGUCGAUCGUGAGCGCUAUAG
(.((......)).).......,-1.60,29.009,X1,GGUCGAUCGUGAGCGCUAUAG
(.((......)).).......,-1.60,2.599,X1,GGUCGAUCGUGAGCGCUAUAG
(.((......)).).......,-1.60,6.857,X1,GGUCGAUCGUGAGCGCUAUAG
(.((......)).).......,-1.60,46.070,X1,GGUCGAUCGUGAGCGCUAUAG
(.((......)).).......,-1.60,1.892,X1,GGUCGAUCGUGAGCGCUAUAG
(.((......)).).......,-1.60,8.013,X1,GGUCGAUCGUGAGCGCUAUAG
(.((......)).).......,-1.60,19.355,X1,GGUCGAUCGUGAGCGCUAUAG
(.((......)).).......,-1.60,3.635,X1,GGUCGAUCGUGAGCGCUAUAG
(.((......)).).......,-1.60,61.307,X1,GGUCGAUCGUGAGCGCUAUAG
(.((......)).).......,-1.60,7.234,X1,GGUCGAUCGUGAGCGCUAUAG
(.((......)).).......,-1.60,6.156,X1,GGUCGAUCGUGAGCGCUAUAG
(.((......)).).......,-1.60,10.117,X1,GGUCGAUCGUGAGCGCUAUAG
(.((......)).).......,-1.60,38.091,X1,GGUCGAUCGUGAGCGCUAUAG
(.((......)).).......,-1.60,0.748,X1,GGUCGAUCGUGAGCGCUAUAG
(.((......)).).......,-1.60,65.173,X1,GGUCGAUCGUGAGCGCUAUAG
(.((......)).).......,-1.60,59.060,X1,GGUCGAUCGUGAGCGCUAUAG
(.((......)).).......,-1.60,0.929,X1,GGUCGAUCGUGAGCGCUAUAG
(.((......)).).......,-1.60,14.467,X1,GGUCGAUCGUGAGCGCUAUAG
(.((......)).).......,-1.60,50.963,X1,GGUCGAUCGUGAGCGCUAUAG
(.((......)).).......,-1.60,31.264,X1,GGUCGAUCGUGAGCGCUAUAG
(.((......)).).......,-1.60,191.990,X1,GGUCGAUCGUGAGCGCUAUAG
(.((......)).).......,-1.60,1.941,X1,GGUCGAUCGUGAGCGCUAUAG
(.((......)).).......,-1.60,11.777,X1,GGUCGAUCGUGAGCGCUAUAG
(.((......)).).......,-1.60,106.912,X1,GGUCGAUCGUGAGCGCUAUAG
(.((......)).).......,-1.60,6.527,X1,GGUCGAUCGUGAGCGCUAUAG
(.((......)).).......,-1.60,38.325,X1,GGUCGAUCGUGAGCGCUAUAG
(.((......)).).......,-1.60,0.686,X1,GGUCGAUCGUGAGCGCUAUAG
(.((......)).).......,-1.60,25.169,X1,GGUCGAUCGUGAGCGCUAUAG
(.((......)).).......,-1.60,71.493,X1,GGUCGAUCGUGAGCGCUAUAG
(.((......)).).......,-1.60,56.659,X1,GGUCGAUCGUGAGCGCUAUAG
(.((......)).).......,-1.60,224.768,X1,GGUCGAUCGUGAGCGCUAUAG
(.((......)).).......,-1.60,6.108,X1,GGUCGAUCGUGAGCGCUAUAG
(.((......)).).......,-1.60,4.636,X1,GGUCGAUCGUGAGCGCUAUAG
(.((......)).).......,-1.60,180.375,X1,GGUCGAUCGUGAGCGCUAUAG
(.((......)).).......,-1.60,155.630,X1,GGUCGAUCGUGAGCGCUAUAG
(.((......)).).......,-1.60,116.663,X1,GGUCGAUCGUGAGCGCUAUAG
(.((......)).).......,-1.60,2.385,X1,GGUCGAUCGUGAGCGCUAUAG
(.((......)).).......,-1.60,32.807,X1,GGUCGAUCGUGAGCGCUAUAG
(.((......)).).......,-1.60,50.059,X1,GGUCGAUCGUGAGCGCUAUAG
(.((......)).).......,-1.60,2.946,X1,GGUCGAUCGUGAGCGCUAUAG
(.((......)).).......,-1.60,21.444,X1,GGUCGAUCGUGAGCGCUAUAG
(.((......)).).......,-1.60,12.741,X1,GGUCGAUCGUGAGCGCUAUAG
(.((......)).).......,-1.60,6.207,X1,GGUCGAUCGUGAGCGCUAUAG
(.((......)).).......,-1.60,15.569,X1,GGUCGAUCGUGAGCGCUAUAG
(.((......)).).......,-1.60,9.061,X1,GGUCGAUCGUGAGCGCUAUAG
(.((......)).).......,-1.60,9.416,X1,GGUCGAUCGUGAGCGCUAUAG
(.((......)).).......,-1.60,10.975,X1,GGUCGAUCGUGAGCGCUAUAG
(.((......)).).......,-1.60,18.674,X1,GGUCGAUCGUGAGCGCUAUAG
(.((......)).).......,-1.60,20.997,X1,GGUCGAUCGUGAGCGCUAUAG
(.((......)).).......,-1.60,19.663,X1,GGUCGAUCGUGAGCGCUAUAG
(.((......)).).......,-1.60,11.810,X1,GGUCGAUCGUGAGCGCUAUAG
(.((......)).).......,-1.60,37.103,X1,GGUCGAUCGUGAGCGCUAUAG
(.((......)).).......,-1.60,14.808,X1,GGUCGAUCGUGAGCGCUAUAG
(.((......)).).......,-1.60,3.299,X1,GGUCGAUCGUGAGCGCUAUAG
(.((......)).).......,-1.60,128.906,X1,GGUCGAUCGUGAGCGCUAUAG
(.((......)).).......,-1.60,9.544,X1,GGUCGAUCGUGAGCGCUAUAG
(.((......)).).......,-1.60,19.700,X1,GGUCGAUCGUGAGCGCUAUAG
(.((......)).).......,-1.60,28.338,X1,GGUCGAUCGUGAGCGCUAUAG
(.((......)).).......,-1.60,2.494,X1,GGUCGAUCGUGAGCGCUAUAG
(.((......)).).......,-1.60,40.043,X1,GGUCGAUCGUGAGCGCUAUAG
(.((......)).).......,-1.60,7.914,X1,GGUCGAUCGUGAGCGCUAUAG
(.((......)).).......,-1.60,6.562,X1,GGUCGAUCGUGAGCGCUAUAG
(.((......)).).......,-1.60,4.277,X1,GGUCGAUCGUGAGCGCUAUAG
(.((......)).).......,-1.60,1.660,X1,GGUCGAUCGUGAGCGCUAUAG
(.((......)).).......,-1.60,1.308,X1,GGUCGAUCGUGAGCGCUAUAG
(.((......)).).......,-1.60,40.670,X1,GGUCGAUCGUGAGCGCUAUAG
(.((......)).).......,-1.60,21.051,X1,GGUCGAUCGUGAGCGCUAUAG
(.((......)).).......,-1.60,1.990,X1,GGUCGAUCGUGAGCGCUAUAG
(.((......)).).......,-1.60,136.761,X1,GGUCGAUCGUGAGCGCUAUAG
(.((......)).).......,-1.60,3.947,X1,GGUCGAUCGUGAGCGCUAUAG
(.((......)).).......,-1.60,26.982,X1,GGUCGAUCGUGAGCGCUAUAG
(.((......)).).......,-1.60,2.614,X1,GGUCGAUCGUGAGCGCUAUAG
(.((......)).).......,-1.60,10.572,X1,GGUCGAUCGUGAGCGCUAUAG
(.((......)).).......,-1.60,4.104,X1,GGUCGAUCGUGAGCGCUAUAG
(.((......)).).......,-1.60,8.879,X1,GGUCGAUCGUGAGCGCUAUAG
(.((......)).).......,-1.60,0.942,X1,GGUCGAUCGUGAGCGCUAUAG
(.((......)).).......,-1.60,56.930,X1,GGUCGAUCGUGAGCGCUAUAG
(.((......)).).......,-1.60,4.625,X1,GGUCGAUCGUGAGCGCUAUAG
(.((......)).).......,-1.60,87.330,X1,GGUCGAUCGUGAGCGCUAUAG
(.((......)).).......,-1.60,38.660,X1,GGUCGAUCGUGAGCGCUAUAG
(.((......)).).......,-1.60,12.612,X1,GGUCGAUCGUGAGCGCUAUAG
(.((......)).).......,-1.60,9.630,X1,GGUCGAUCGUGAGCGCUAUAG
(.((......)).).......,-1.60,8.473,X1,GGUCGAUCGUGAGCGCUAUAG
(.((......)).).......,-1.60,6.174,X1,GGUCGAUCGUGAGCGCUAUAG
(.((......)).).......,-1.60,5.473,X1,GGUCGAUCGUGAGCGCUAUAG
(.((......)).).......,-1.60,7.335,X1,GGUCGAUCGUGAGCGCUAUAG
(.((......)).).......,-1.60,26.872,X1,GGUCGAUCGUGAGCGCUAUAG
(.((......)).).......,-1.60,5.893,X1,GGUCGAUCGUGAGCGCUAUAG
(.((......)).).......,-1.60,7.496,X1,GGUCGAUCGUGAGCGCUAUAG
(.((......)).).......,-1.60,156.668,X1,GGUCGAUCGUGAGCGCUAUAG
(.((......)).).......,-1.60,3.575,X1,GGUCGAUCGUGAGCGCUAUAG
(.((......)).).......,-1.60,47.001,X1,GGUCGAUCGUGAGCGCUAUAG
(.((......)).).......,-1.60,15.022,X1,GGUCGAUCGUGAGCGCUAUAG
(.((......)).).......,-1.60,35.725,X1,GGUCGAUCGUGAGCGCUAUAG
(.((......)).).......,-1.60,4.537,X1,GGUCGAUCGUGAGCGCUAUAG
(.((......)).).......,-1.60,4.003,X1,GGUCGAUCGUGAGCGCUAUAG
(.((......)).).......,-1.60,1.013,X1,GGUCGAUCGUGAGCGCUAUAG
(.((......)).).......,-1.60,3.367,X1,GGUCGAUCGUGAGCGCUAUAG
(.((......)).).......,-1.60,1.312,X1,GGUCGAUCGUGAGCGCUAUAG
(.((......)).).......,-1.60,23.997,X1,GGUCGAUCGUGAGCGCUAUAG
(.((......)).).......,-1.60,4.338,X1,GGUCGAUCGUGAGCGCUAUAG
(.((......)).).......,-1.60,43.077,X1,GGUCGAUCGUGAGCGCUAUAG
(.((......)).).......,-1.60,26.220,X1,GGUCGAUCGUGAGCGCUAUAG
(.((......)).).......,-1.60,3.176,X1,GGUCGAUCGUGAGCGCUAUAG
(.((......)).).......,-1.60,6.589,X1,GGUCGAUCGUGAGCGCUAUAG
(.((......)).).......,-1.60,7.247,X1,GGUCGAUCGUGAGCGCUAUAG
(.((......)).).......,-1.60,19.336,X1,GGUCGAUCGUGAGCGCUAUAG
(.((......)).).......,-1.60,40.312,X1,GGUCGAUCGUGAGCGCUAUAG
(.((......)).).......,-1.60,9.751,X1,GGUCGAUCGUGAGCGCUAUAG
(.((......)).).......,-1.60,3.841,X1,GGUCGAUCGUGAGCGCUAUAG
(.((......)).).......,-1.60,12.881,X1,GGUCGAUCGUGAGCGCUAUAG
(.((......)).).......,-1.60,1.949,X1,GGUCGAUCGUGAGCGCUAUAG
(.((......)).).......,-1.60,4.308,X1,GGUCGAUCGUGAGCGCUAUAG
(.((......)).).......,-1.60,1.525,X1,GGUCGAUCGUGAGCGCUAUAG
(.((......)).).......,-1.60,38.656,X1,GGUCGAUCGUGAGCGCUAUAG
(.((......)).).......,-1.60,2.594,X1,GGUCGAUCGUGAGCGCUAUAG
(.((......)).).......,-1.60,6.770,X1,GGUCGAUCGUGAGCGCUAUAG
(.((......)).).......,-1.60,16.221,X1,GGUCGAUCGUGAGCGCUAUAG
(.((......)).).......,-1.60,6.251,X1,GGUCGAUCGUGAGCGCUAUAG
(.((......)).).......,-1.60,1.323,X1,GGUCGAUCGUGAGCGCUAUAG
(.((......)).).......,-1.60,7.050,X1,GGUCGAUCGUGAGCGCUAUAG
(.((......)).).......,-1.60,10.149,X1,GGUCGAUCGUGAGCGCUAUAG
(.((......)).).......,-1.60,4.919,X1,GGUCGAUCGUGAGCGCUAUAG
(.((......)).).......,-1.60,2.837,X1,GGUCGAUCGUGAGCGCUAUAG
(.((......)).).......,-1.60,0.585,X1,GGUCGAUCGUGAGCGCUAUAG
(.((......)).).......,-1.60,10.898,X1,GGUCGAUCGUGAGCGCUAUAG
(.((......)).).......,-1.60,54.294,X1,GGUCGAUCGUGAGCGCUAUAG
(.((......)).).......,-1.60,92.844,X1,GGUCGAUCGUGAGCGCUAUAG
(.((......)).).......,-1.60,9.530,X1,GGUCGAUCGUGAGCGCUAUAG
(.((......)).).......,-1.60,2.032,X1,GGUCGAUCGUGAGCGCUAUAG
(.((......)).).......,-1.60,33.747,X1,GGUCGAUCGUGAGCGCUAUAG
(.((......)).).......,-1.60,11.154,X1,GGUCGAUCGUGAGCGCUAUAG
(.((......)).).......,-1.60,1.539,X1,GGUCGAUCGUGAGCGCUAUAG
(.((......)).).......,-1.60,3.410,X1,GGUCGAUCGUGAGCGCUAUAG
(.((......)).).......,-1.60,5.229,X1,GGUCGAUCGUGAGCGCUAUAG
(.((......)).).......,-1.60,22.885,X1,GGUCGAUCGUGAGCGCUAUAG
(.((......)).).......,-1.60,5.057,X1,GGUCGAUCGUGAGCGCUAUAG
(.((......)).).......,-1.60,69.643,X1,GGUCGAUCGUGAGCGCUAUAG
(.((......)).).......,-1.60,21.014,X1,GGUCGAUCGUGAGCGCUAUAG
(.((......)).).......,-1.60,1.215,X1,GGUCGAUCGUGAGCGCUAUAG
(.((......)).).......,-1.60,11.187,X1,GGUCGAUCGUGAGCGCUAUAG
(.((......)).).......,-1.60,53.681,X1,GGUCGAUCGUGAGCGCUAUAG
(.((......)).).......,-1.60,27.955,X1,GGUCGAUCGUGAGCGCUAUAG
(.((......)).).......,-1.60,90.050,X1,GGUCGAUCGUGAGCGCUAUAG
(.((......)).).......,-1.60,63.232,X1,GGUCGAUCGUGAGCGCUAUAG
(.((......)).).......,-1.60,7.283,X1,GGUCGAUCGUGAGCGCUAUAG
(.((......)).).......,-1.60,24.587,X1,GGUCGAUCGUGAGCGCUAUAG
(.((......)).).......,-1.60,6.005,X1,GGUCGAUCGUGAGCGCUAUAG
(.((......)).).......,-1.60,5.560,X1,GGUCGAUCGUGAGCGCUAUAG
(.((......)).).......,-1.60,2.914,X1,GGUCGAUCGUGAGCGCUAUAG
(.((......)).).......,-1.60,21.887,X1,GGUCGAUCGUGAGCGCUAUAG
(.((......)).).......,-1.60,9.115,X1,GGUCGAUCGUGAGCGCUAUAG
(.((......)).).......,-1.60,1.546,X1,GGUCGAUCGUGAGCGCUAUAG
(.((......)).).......,-1.60,8.119,X1,GGUCGAUCGUGAGCGCUAUAG
(.((......)).).......,-1.60,38.444,X1,GGUCGAUCGUGAGCGCUAUAG
(.((......)).).......,-1.60,32.109,X1,GGUCGAUCGUGAGCGCUAUAG
(.((......)).).......,-1.60,140.046,X1,GGUCGAUCGUGAGCGCUAUAG
(.((......)).).......,-1.60,4.951,X1,GGUCGAUCGUGAGCGCUAUAG
(.((......)).).......,-1.60,10.180,X1,GGUCGAUCGUGAGCGCUAUAG
(.((......)).).......,-1.60,11.319,X1,GGUCGAUCGUGAGCGCUAUAG
(.((......)).).......,-1.60,10.017,X1,GGUCGAUCGUGAGCGCUAUAG
(.((......)).).......,-1.60,7.570,X1,GGUCGAUCGUGAGCGCUAUAG
(.((......)).).......,-1.60,19.352,X1,GGUCGAUCGUGAGCGCUAUAG
(.((......)).).......,-1.60,13.748,X1,GGUCGAUCGUGAGCGCUAUAG
(.((......)).).......,-1.60,8.537,X1,GGUCGAUCGUGAGCGCUAUAG
(.((......)).).......,-1.60,14.347,X1,GGUCGAUCGUGAGCGCUAUAG
(.((......)).).......,-1.60,2.613,X1,GGUCGAUCGUGAGCGCUAUAG
(.((......)).).......,-1.60,3.921,X1,GGUCGAUCGUGAGCGCUAUAG
(.((......)).).......,-1.60,3.566,X1,GGUCGAUCGUGAGCGCUAUAG
(.((......)).).......,-1.60,2.569,X1,GGUCGAUCGUGAGCGCUAUAG
(.((......)).).......,-1.60,43.911,X1,GGUCGAUCGUGAGCGCUAUAG
(.((......)).).......,-1.60,159.984,X1,GGUCGAUCGUGAGCGCUAUAG
(.((......)).).......,-1.60,3.394,X1,GGUCGAUCGUGAGCGCUAUAG
(.((......)).).......,-1.60,22.465,X1,GGUCGAUCGUGAGCGCUAUAG
(.((......)).).......,-1.60,2.185,X1,GGUCGAUCGUGAGCGCUAUAG
(.((......)).).......,-1.60,6.800,X1,GGUCGAUCGUGAGCGCUAUAG
(.((......)).).......,-1.60,18.709,X1,GGUCGAUCGUGAGCGCUAUAG
(.((......)).).......,-1.60,2.419,X1,GGUCGAUCGUGAGCGCUAUAG
(.((......)).).......,-1.60,34.667,X1,GGUCGAUCGUGAGCGCUAUAG
(.((......)).).......,-1.60,14.498,X1,GGUCGAUCGUGAGCGCUAUAG
(.((......)).).......,-1.60,37.882,X1,GGUCGAUCGUGAGCGCUAUAG
(.((......)).).......,-1.60,4.734,X1,GGUCGAUCGUGAGCGCUAUAG
(.((......)).).......,-1.60,6.239,X1,GGUCGAUCGUGAGCGCUAUAG
(.((......)).).......,-1.60,2.893,X1,GGUCGAUCGUGAGCGCUAUAG
(.((......)).).......,-1.60,12.907,X1,GGUCGAUCGUGAGCGCUAUAG
(.((......)).).......,-1.60,28.342,X1,GGUCGAUCGUGAGCGCUAUAG
(.((......)).).......,-1.60,38.125,X1,GGUCGAUCGUGAGCGCUAUAG
(.((......)).).......,-1.60,22.688,X1,GGUCGAUCGUGAGCGCUAUAG
(.((......)).).......,-1.60,4.433,X1,GGUCGAUCGUGAGCGCUAUAG
(.((......)).).......,-1.60,7.042,X1,GGUCGAUCGUGAGCGCUAUAG
(.((......)).).......,-1.60,9.602,X1,GGUCGAUCGUGAGCGCUAUAG
(.((......)).).......,-1.60,25.098,X1,GGUCGAUCGUGAGCGCUAUAG
(.((......)).).......,-1.60,18.535,X1,GGUCGAUCGUGAGCGCUAUAG
(.((......)).).......,-1.60,24.444,X1,GGUCGAUCGUGAGCGCUAUAG
(.((......)).).......,-1.60,5.218,X1,GGUCGAUCGUGAGCGCUAUAG
(.((......)).).......,-1.60,3.703,X1,GGUCGAUCGUGAGCGCUAUAG
(.((......)).).......,-1.60,7.808,X1,GGUCGAUCGUGAGCGCUAUAG
(.((......)).).......,-1.60,19.028,X1,GGUCGAUCGUGAGCGCUAUAG
(.((......)).).......,-1.60,26.611,X1,GGUCGAUCGUGAGCGCUAUAG
(.((......)).).......,-1.60,7.257,X1,GGUCGAUCGUGAGCGCUAUAG
(.((......)).).......,-1.60,2.751,X1,GGUCGAUCGUGAGCGCUAUAG
(.((......)).).......,-1.60,4.644,X1,GGUCGAUCGUGAGCGCUAUAG
(.((......)).).......,-1.60,29.954,X1,GGUCGAUCGUGAGCGCUAUAG
(.((......)).).......,-1.60,19.779,X1,GGUCGAUCGUGAGCGCUAUAG
(.((......)).).......,-1.60,18.166,X1,GGUCGAUCGUGAGCGCUAUAG
(.((......)).).......,-1.60,15.614,X1,GGUCGAUCGUGAGCGCUAUAG
(.((......)).).......,-1.60,101.149,X1,GGUCGAUCGUGAGCGCUAUAG
(.((......)).).......,-1.60,19.614,X1,GGUCGAUCGUGAGCGCUAUAG
(.((......)).).......,-1.60,40.200,X1,GGUCGAUCGUGAGCGCUAUAG
(.((......)).).......,-1.60,4.933,X1,GGUCGAUCGUGAGCGCUAUAG
(.((......)).).......,-1.60,70.920,X1,GGUCGAUCGUGAGCGCUAUAG
(.((......)).).......,-1.60,4.107,X1,GGUCGAUCGUGAGCGCUAUAG
(.((......)).).......,-1.60,4.629,X1,GGUCGAUCGUGAGCGCUAUAG
(.((......)).).......,-1.60,0.325,X1,GGUCGAUCGUGAGCGCUAUAG
(.((......)).).......,-1.60,9.607,X1,GGUCGAUCGUGAGCGCUAUAG
(.((......)).).......,-1.60,14.572,X1,GGUCGAUCGUGAGCGCUAUAG
(.((......)).).......,-1.60,6.677,X1,GGUCGAUCGUGAGCGCUAUAG
(.((......)).).......,-1.60,1.622,X1,GGUCGAUCGUGAGCGCUAUAG
(.((......)).).......,-1.60,4.679,X1,GGUCGAUCGUGAGCGCUAUAG
(.((......)).).......,-1.60,8.265,X1,GGUCGAUCGUGAGCGCUAUAG
(.((......)).).......,-1.60,15.748,X1,GGUCGAUCGUGAGCGCUAUAG
(.((......)).).......,-1.60,18.004,X1,GGUCGAUCGUGAGCGCUAUAG
(.((......)).).......,-1.60,8.722,X1,GGUCGAUCGUGAGCGCUAUAG
(.((......)).).......,-1.60,6.519,X1,GGUCGAUCGUGAGCGCUAUAG
(.((......)).).......,-1.60,2.479,X1,GGUCGAUCGUGAGCGCUAUAG
(.((......)).).......,-1.60,5.461,X1,GGUCGAUCGUGAGCGCUAUAG
(.((......)).).......,-1.60,25.729,X1,GGUCGAUCGUGAGCGCUAUAG
(.((......)).).......,-1.60,23.139,X1,GGUCGAUCGUGAGCGCUAUAG
(.((......)).).......,-1.60,35.089,X1,GGUCGAUCGUGAGCGCUAUAG
(.((......)).).......,-1.60,12.793,X1,GGUCGAUCGUGAGCGCUAUAG
(.((......)).).......,-1.60,14.146,X1,GGUCGAUCGUGAGCGCUAUAG
(.((......)).).......,-1.60,9.440,X1,GGUCGAUCGUGAGCGCUAUAG
(.((......)).).......,-1.60,8.344,X1,GGUCGAUCGUGAGCGCUAUAG
(.((......)).).......,-1.60,1.919,X1,GGUCGAUCGUGAGCGCUAUAG
(.((......)).).......,-1.60,4.086,X1,GGUCGAUCGUGAGCGCUAUAG
(.((......)).).......,-1.60,6.178,X1,GGUCGAUCGUGAGCGCUAUAG
(.((......)).).......,-1.60,13.982,X1,GGUCGAUCGUGAGCGCUAUAG
(.((......)).).......,-1.60,9.571,X1,GGUCGAUCGUGAGCGCUAUAG
(.((......)).).......,-1.60,79.385,X1,GGUCGAUCGUGAGCGCUAUAG
(.((......)).).......,-1.60,43.237,X1,GGUCGAUCGUGAGCGCUAUAG
(.((......)).).......,-1.60,172.527,X1,GGUCGAUCGUGAGCGCUAUAG
(.((......)).).......,-1.60,14.639,X1,GGUCGAUCGUGAGCGCUAUAG
(.((......)).).......,-1.60,38.399,X1,GGUCGAUCGUGAGCGCUAUAG
(.((......)).).......,-1.60,11.087,X1,GGUCGAUCGUGAGCGCUAUAG
(.((......)).).......,-1.60,7.815,X1,GGUCGAUCGUGAGCGCUAUAG
(.((......)).).......,-1.60,18.947,X1,GGUCGAUCGUGAGCGCUAUAG
(.((......)).).......,-1.60,30.355,X1,GGUCGAUCGUGAGCGCUAUAG
(.((......)).).......,-1.60,227.032,X1,GGUCGAUCGUGAGCGCUAUAG
(.((......)).).......,-1.60,21.134,X1,GGUCGAUCGUGAGCGCUAUAG
(.((......)).).......,-1.60,31.988,X1,GGUCGAUCGUGAGCGCUAUAG
(.((......)).).......,-1.60,3.923,X1,GGUCGAUCGUGAGCGCUAUAG
(.((......)).).......,-1.60,11.060,X1,GGUCGAUCGUGAGCGCUAUAG
(.((......)).).......,-1.60,5.883,X1,GGUCGAUCGUGAGCGCUAUAG
(.((......)).).......,-1.60,3.682,X1,GGUCGAUCGUGAGCGCUAUAG
(.((......)).).......,-1.60,28.648,X1,GGUCGAUCGUGAGCGCUAUAG
(.((......)).).......,-1.60,1.797,X1,GGUCGAUCGUGAGCGCUAUAG
(.((......)).).......,-1.60,5.564,X1,GGUCGAUCGUGAGCGCUAUAG
(.((......)).).......,-1.60,8.635,X1,GGUCGAUCGUGAGCGCUAUAG
(.((......)).).......,-1.60,11.233,X1,GGUCGAUCGUGAGCGCUAUAG
(.((......)).).......,-1.60,1.436,X1,GGUCGAUCGUGAGCGCUAUAG
(.((......)).).......,-1.60,0.837,X1,GGUCGAUCGUGAGCGCUAUAG
(.((......)).).......,-1.60,6.399,X1,GGUCGAUCGUGAGCGCUAUAG
(.((......)).).......,-1.60,8.226,X1,GGUCGAUCGUGAGCGCUAUAG
(.((......)).).......,-1.60,8.051,X1,GGUCGAUCGUGAGCGCUAUAG
(.((......)).).......,-1.60,86.418,X1,GGUCGAUCGUGAGCGCUAUAG
(.((......)).).......,-1.60,3.595,X1,GGUCGAUCGUGAGCGCUAUAG
(.((......)).).......,-1.60,70.004,X1,GGUCGAUCGUGAGCGCUAUAG
(.((......)).).......,-1.60,3.625,X1,GGUCGAUCGUGAGCGCUAUAG
(.((......)).).......,-1.60,14.524,X1,GGUCGAUCGUGAGCGCUAUAG
(.((......)).).......,-1.60,3.285,X1,GGUCGAUCGUGAGCGCUAUAG
(.((......)).).......,-1.60,24.229,X1,GGUCGAUCGUGAGCGCUAUAG
(.((......)).).......,-1.60,0.792,X1,GGUCGAUCGUGAGCGCUAUAG
(.((......)).).......,-1.60,5.034,X1,GGUCGAUCGUGAGCGCUAUAG
(.((......)).).......,-1.60,7.459,X1,GGUCGAUCGUGAGCGCUAUAG
(.((......)).).......,-1.60,2.261,X1,GGUCGAUCGUGAGCGCUAUAG
(.((......)).).......,-1.60,36.198,X1,GGUCGAUCGUGAGCGCUAUAG
(.((......)).).......,-1.60,17.124,X1,GGUCGAUCGUGAGCGCUAUAG
(.((......)).).......,-1.60,8.362,X1,GGUCGAUCGUGAGCGCUAUAG
(.((......)).).......,-1.60,76.312,X1,GGUCGAUCGUGAGCGCUAUAG
(.((......)).).......,-1.60,2.400,X1,GGUCGAUCGUGAGCGCUAUAG
(.((......)).).......,-1.60,4.115,X1,GGUCGAUCGUGAGCGCUAUAG
(.((......)).).......,-1.60,7.280,X1,GGUCGAUCGUGAGCGCUAUAG
(.((......)).).......,-1.60,1.555,X1,GGUCGAUCGUGAGCGCUAUAG
(.((......)).).......,-1.60,130.112,X1,GGUCGAUCGUGAGCGCUAUAG
(.((......)).).......,-1.60,12.053,X1,GGUCGAUCGUGAGCGCUAUAG
(.((......)).).......,-1.60,7.134,X1,GGUCGAUCGUGAGCGCUAUAG
(.((......)).).......,-1.60,79.784,X1,GGUCGAUCGUGAGCGCUAUAG
(.((......)).).......,-1.60,388.095,X1,GGUCGAUCGUGAGCGCUAUAG
(.((......)).).......,-1.60,11.838,X1,GGUCGAUCGUGAGCGCUAUAG
(.((......)).).......,-1.60,5.275,X1,GGUCGAUCGUGAGCGCUAUAG
(.((......)).).......,-1.60,1.077,X1,GGUCGAUCGUGAGCGCUAUAG
(.((......)).).......,-1.60,16.571,X1,GGUCGAUCGUGAGCGCUAUAG
(.((......)).).......,-1.60,3.156,X1,GGUCGAUCGUGAGCGCUAUAG
(.((......)).).......,-1.60,3.912,X1,GGUCGAUCGUGAGCGCUAUAG
(.((......)).).......,-1.60,6.852,X1,GGUCGAUCGUGAGCGCUAUAG
(.((......)).).......,-1.60,4.417,X1,GGUCGAUCGUGAGCGCUAUAG
(.((......)).).......,-1.60,5.822,X1,GGUCGAUCGUGAGCGCUAUAG
(.((......)).).......,-1.60,34.486,X1,GGUCGAUCGUGAGCGCUAUAG
(.((......)).).......,-1.60,8.019,X1,GGUCGAUCGUGAGCGCUAUAG
(.((......)).).......,-1.60,14.691,X1,GGUCGAUCGUGAGCGCUAUAG
(.((......)).).......,-1.60,18.887,X1,GGUCGAUCGUGAGCGCUAUAG
(.((......)).).......,-1.60,7.743,X1,GGUCGAUCGUGAGCGCUAUAG
(.((......)).).......,-1.60,2.474,X1,GGUCGAUCGUGAGCGCUAUAG
(.((......)).).......,-1.60,11.609,X1,GGUCGAUCGUGAGCGCUAUAG
(.((......)).).......,-1.60,6.224,X1,GGUCGAUCGUGAGCGCUAUAG
(.((......)).).......,-1.60,107.803,X1,GGUCGAUCGUGAGCGCUAUAG
(.((......)).).......,-1.60,140.314,X1,GGUCGAUCGUGAGCGCUAUAG
(.((......)).).......,-1.60,7.916,X1,GGUCGAUCGUGAGCGCUAUAG
(.((......)).).......,-1.60,9.230,X1,GGUCGAUCGUGAGCGCUAUAG
(.((......)).).......,-1.60,14.701,X1,GGUCGAUCGUGAGCGCUAUAG
(.((......)).).......,-1.60,30.870,X1,GGUCGAUCGUGAGCGCUAUAG
(.((......)).).......,-1.60,0.431,X1,GGUCGAUCGUGAGCGCUAUAG
(.((......)).).......,-1.60,8.324,X1,GGUCGAUCGUGAGCGCUAUAG
(.((......)).).......,-1.60,13.240,X1,GGUCGAUCGUGAGCGCUAUAG
(.((......)).).......,-1.60,1.297,X1,GGUCGAUCGUGAGCGCUAUAG
(.((......)).).......,-1.60,22.165,X1,GGUCGAUCGUGAGCGCUAUAG
(.((......)).).......,-1.60,5.448,X1,GGUCGAUCGUGAGCGCUAUAG
(.((......)).).......,-1.60,92.479,X1,GGUCGAUCGUGAGCGCUAUAG
(.((......)).).......,-1.60,20.116,X1,GGUCGAUCGUGAGCGCUAUAG
(.((......)).).......,-1.60,13.727,X1,GGUCGAUCGUGAGCGCUAUAG
(.((......)).).......,-1.60,16.509,X1,GGUCGAUCGUGAGCGCUAUAG
(.((......)).).......,-1.60,3.762,X1,GGUCGAUCGUGAGCGCUAUAG
(.((......)).).......,-1.60,2.277,X1,GGUCGAUCGUGAGCGCUAUAG
(.((......)).).......,-1.60,15.051,X1,GGUCGAUCGUGAGCGCUAUAG
(.((......)).).......,-1.60,1.386,X1,GGUCGAUCGUGAGCGCUAUAG
(.((......)).).......,-1.60,28.616,X1,GGUCGAUCGUGAGCGCUAUAG
(.((......)).).......,-1.60,6.402,X1,GGUCGAUCGUGAGCGCUAUAG
(.((......)).).......,-1.60,16.631,X1,GGUCGAUCGUGAGCGCUAUAG
(.((......)).).......,-1.60,9.384,X1,GGUCGAUCGUGAGCGCUAUAG
(.((......)).).......,-1.60,1.096,X1,GGUCGAUCGUGAGCGCUAUAG
(.((......)).).......,-1.60,3.365,X1,GGUCGAUCGUGAGCGCUAUAG
(.((......)).).......,-1.60,222.370,X1,GGUCGAUCGUGAGCGCUAUAG
(.((......)).).......,-1.60,13.700,X1,GGUCGAUCGUGAGCGCUAUAG
(.((......)).).......,-1.60,1.428,X1,GGUCGAUCGUGAGCGCUAUAG
(.((......)).).......,-1.60,3.920,X1,GGUCGAUCGUGAGCGCUAUAG
(.((......)).).......,-1.60,1.320,X1,GGUCGAUCGUGAGCGCUAUAG
(.((......)).).......,-1.60,55.061,X1,GGUCGAUCGUGAGCGCUAUAG
(.((......)).).......,-1.60,12.053,X1,GGUCGAUCGUGAGCGCUAUAG
(.((......)).).......,-1.60,2.976,X1,GGUCGAUCGUGAGCGCUAUAG
(.((......)).).......,-1.60,2.818,X1,GGUCGAUCGUGAGCGCUAUAG
(.((......)).).......,-1.60,17.650,X1,GGUCGAUCGUGAGCGCUAUAG
(.((......)).).......,-1.60,10.196,X1,GGUCGAUCGUGAGCGCUAUAG
(.((......)).).......,-1.60,3.205,X1,GGUCGAUCGUGAGCGCUAUAG
(.((......)).).......,-1.60,4.499,X1,GGUCGAUCGUGAGCGCUAUAG
(.((......)).).......,-1.60,26.484,X1,GGUCGAUCGUGAGCGCUAUAG
(.((......)).).......,-1.60,90.942,X1,GGUCGAUCGUGAGCGCUAUAG
(.((......)).).......,-1.60,34.965,X1,GGUCGAUCGUGAGCGCUAUAG
(.((......)).).......,-1.60,13.072,X1,GGUCGAUCGUGAGCGCUAUAG
(.((......)).).......,-1.60,6.628,X1,GGUCGAUCGUGAGCGCUAUAG
(.((......)).).......,-1.60,4.772,X1,GGUCGAUCGUGAGCGCUAUAG
(.((......)).).......,-1.60,93.829,X1,GGUCGAUCGUGAGCGCUAUAG
(.((......)).).......,-1.60,5.344,X1,GGUCGAUCGUGAGCGCUAUAG
(.((......)).).......,-1.60,4.006,X1,GGUCGAUCGUGAGCGCUAUAG
(.((......)).).......,-1.60,0.175,X1,GGUCGAUCGUGAGCGCUAUAG
(.((......)).).......,-1.60,2.208,X1,GGUCGAUCGUGAGCGCUAUAG
(.((......)).).......,-1.60,13.747,X1,GGUCGAUCGUGAGCGCUAUAG
(.((......)).).......,-1.60,18.052,X1,GGUCGAUCGUGAGCGCUAUAG
(.((......)).).......,-1.60,0.819,X1,GGUCGAUCGUGAGCGCUAUAG
(.((......)).).......,-1.60,11.924,X1,GGUCGAUCGUGAGCGCUAUAG
(.((......)).).......,-1.60,2.107,X1,GGUCGAUCGUGAGCGCUAUAG
(.((......)).).......,-1.60,1.637,X1,GGUCGAUCGUGAGCGCUAUAG
(.((......)).).......,-1.60,14.004,X1,GGUCGAUCGUGAGCGCUAUAG
(.((......)).).......,-1.60,1.113,X1,GGUCGAUCGUGAGCGCUAUAG
(.((......)).).......,-1.60,1.105,X1,GGUCGAUCGUGAGCGCUAUAG
(.((......)).).......,-1.60,16.714,X1,GGUCGAUCGUGAGCGCUAUAG
(.((......)).).......,-1.60,12.372,X1,GGUCGAUCGUGAGCGCUAUAG
(.((......)).).......,-1.60,0.849,X1,GGUCGAUCGUGAGCGCUAUAG
(.((......)).).......,-1.60,0.848,X1,GGUCGAUCGUGAGCGCUAUAG
(.((......)).).......,-1.60,19.415,X1,GGUCGAUCGUGAGCGCUAUAG
(.((......)).).......,-1.60,3.906,X1,GGUCGAUCGUGAGCGCUAUAG
(.((......)).).......,-1.60,221.350,X1,GGUCGAUCGUGAGCGCUAUAG
(.((......)).).......,-1.60,10.346,X1,GGUCGAUCGUGAGCGCUAUAG
(.((......)).).......,-1.60,14.050,X1,GGUCGAUCGUGAGCGCUAUAG
(.((......)).).......,-1.60,1.371,X1,GGUCGAUCGUGAGCGCUAUAG
(.((......)).).......,-1.60,24.621,X1,GGUCGAUCGUGAGCGCUAUAG
(.((......)).).......,-1.60,20.956,X1,GGUCGAUCGUGAGCGCUAUAG
(.((......)).).......,-1.60,136.056,X1,GGUCGAUCGUGAGCGCUAUAG
(.((......)).).......,-1.60,106.792,X1,GGUCGAUCGUGAGCGCUAUAG
(.((......)).).......,-1.60,6.498,X1,GGUCGAUCGUGAGCGCUAUAG
(.((......)).).......,-1.60,3.031,X1,GGUCGAUCGUGAGCGCUAUAG
(.((......)).).......,-1.60,8.546,X1,GGUCGAUCGUGAGCGCUAUAG
(.((......)).).......,-1.60,0.928,X1,GGUCGAUCGUGAGCGCUAUAG
(.((......)).).......,-1.60,1.726,X1,GGUCGAUCGUGAGCGCUAUAG
(.((......)).).......,-1.60,34.676,X1,GGUCGAUCGUGAGCGCUAUAG
(.((......)).).......,-1.60,35.272,X1,GGUCGAUCGUGAGCGCUAUAG
(.((......)).).......,-1.60,9.237,X1,GGUCGAUCGUGAGCGCUAUAG
(.((......)).).......,-1.60,4.813,X1,GGUCGAUCGUGAGCGCUAUAG
(.((......)).).......,-1.60,38.390,X1,GGUCGAUCGUGAGCGCUAUAG
(.((......)).).......,-1.60,2.310,X1,GGUCGAUCGUGAGCGCUAUAG
(.((......)).).......,-1.60,63.135,X1,GGUCGAUCGUGAGCGCUAUAG
(.((......)).).......,-1.60,13.593,X1,GGUCGAUCGUGAGCGCUAUAG
(.((......)).).......,-1.60,17.908,X1,GGUCGAUCGUGAGCGCUAUAG
(.((......)).).......,-1.60,12.130,X1,GGUCGAUCGUGAGCGCUAUAG
(.((......)).).......,-1.60,10.491,X1,GGUCGAUCGUGAGCGCUAUAG
(.((......)).).......,-1.60,23.843,X1,GGUCGAUCGUGAGCGCUAUAG
(.((......)).).......,-1.60,5.026,X1,GGUCGAUCGUGAGCGCUAUAG
(.((......)).).......,-1.60,2.718,X1,GGUCGAUCGUGAGCGCUAUAG
(.((......)).).......,-1.60,12.061,X1,GGUCGAUCGUGAGCGCUAUAG
(.((......)).).......,-1.60,80.323,X1,GGUCGAUCGUGAGCGCUAUAG
(.((......)).).......,-1.60,25.176,X1,GGUCGAUCGUGAGCGCUAUAG
(.((......)).).......,-1.60,4.732,X1,GGUCGAUCGUGAGCGCUAUAG
(.((......)).).......,-1.60,6.160,X1,GGUCGAUCGUGAGCGCUAUAG
(.((......)).).......,-1.60,5.269,X1,GGUCGAUCGUGAGCGCUAUAG
(.((......)).).......,-1.60,9.831,X1,GGUCGAUCGUGAGCGCUAUAG
(.((......)).).......,-1.60,29.926,X1,GGUCGAUCGUGAGCGCUAUAG
(.((......)).).......,-1.60,52.963,X1,GGUCGAUCGUGAGCGCUAUAG
(.((......)).).......,-1.60,1.631,X1,GGUCGAUCGUGAGCGCUAUAG
(.((......)).).......,-1.60,39.603,X1,GGUCGAUCGUGAGCGCUAUAG
(.((......)).).......,-1.60,2.279,X1,GGUCGAUCGUGAGCGCUAUAG
(.((......)).).......,-1.60,5.040,X1,GGUCGAUCGUGAGCGCUAUAG
(.((......)).).......,-1.60,5.198,X1,GGUCGAUCGUGAGCGCUAUAG
(.((......)).).......,-1.60,25.103,X1,GGUCGAUCGUGAGCGCUAUAG
(.((......)).).......,-1.60,41.903,X1,GGUCGAUCGUGAGCGCUAUAG
(.((......)).).......,-1.60,10.015,X1,GGUCGAUCGUGAGCGCUAUAG
(.((......)).).......,-1.60,37.657,X1,GGUCGAUCGUGAGCGCUAUAG
(.((......)).).......,-1.60,0.913,X1,GGUCGAUCGUGAGCGCUAUAG
(.((......)).).......,-1.60,12.287,X1,GGUCGAUCGUGAGCGCUAUAG
(.((......)).).......,-1.60,19.171,X1,GGUCGAUCGUGAGCGCUAUAG
(.((......)).).......,-1.60,77.876,X1,GGUCGAUCGUGAGCGCUAUAG
(.((......)).).......,-1.60,0.475,X1,GGUCGAUCGUGAGCGCUAUAG
(.((......)).).......,-1.60,5.473,X1,GGUCGAUCGUGAGCGCUAUAG
(.((......)).).......,-1.60,2.150,X1,GGUCGAUCGUGAGCGCUAUAG
(.((......)).).......,-1.60,9.017,X1,GGUCGAUCGUGAGCGCUAUAG
(.((......)).).......,-1.60,22.441,X1,GGUCGAUCGUGAGCGCUAUAG
(.((......)).).......,-1.60,3.372,X1,GGUCGAUCGUGAGCGCUAUAG
(.((......)).).......,-1.60,7.597,X1,GGUCGAUCGUGAGCGCUAUAG
(.((......)).).......,-1.60,14.833,X1,GGUCGAUCGUGAGCGCUAUAG
(.((......)).).......,-1.60,20.627,X1,GGUCGAUCGUGAGCGCUAUAG
(.((......)).).......,-1.60,20.587,X1,GGUCGAUCGUGAGCGCUAUAG
(.((......)).).......,-1.60,11.914,X1,GGUCGAUCGUGAGCGCUAUAG
(.((......)).).......,-1.60,19.811,X1,GGUCGAUCGUGAGCGCUAUAG
(.((......)).).......,-1.60,18.715,X1,GGUCGAUCGUGAGCGCUAUAG
(.((......)).).......,-1.60,24.485,X1,GGUCGAUCGUGAGCGCUAUAG
(.((......)).).......,-1.60,8.096,X1,GGUCGAUCGUGAGCGCUAUAG
(.((......)).).......,-1.60,2.205,X1,GGUCGAUCGUGAGCGCUAUAG
(.((......)).).......,-1.60,11.140,X1,GGUCGAUCGUGAGCGCUAUAG
(.((......)).).......,-1.60,5.277,X1,GGUCGAUCGUGAGCGCUAUAG
(.((......)).).......,-1.60,26.855,X1,GGUCGAUCGUGAGCGCUAUAG
(.((......)).).......,-1.60,3.226,X1,GGUCGAUCGUGAGCGCUAUAG
(.((......)).).......,-1.60,25.235,X1,GGUCGAUCGUGAGCGCUAUAG
(.((......)).).......,-1.60,16.295,X1,GGUCGAUCGUGAGCGCUAUAG
(.((......)).).......,-1.60,6.577,X1,GGUCGAUCGUGAGCGCUAUAG
(.((......)).).......,-1.60,3.547,X1,GGUCGAUCGUGAGCGCUAUAG
(.((......)).).......,-1.60,4.601,X1,GGUCGAUCGUGAGCGCUAUAG
(.((......)).).......,-1.60,8.276,X1,GGUCGAUCGUGAGCGCUAUAG
(.((......)).).......,-1.60,7.900,X1,GGUCGAUCGUGAGCGCUAUAG
(.((......)).).......,-1.60,4.369,X1,GGUCGAUCGUGAGCGCUAUAG
(.((......)).).......,-1.60,3.246,X1,GGUCGAUCGUGAGCGCUAUAG
(.((......)).).......,-1.60,33.322,X1,GGUCGAUCGUGAGCGCUAUAG
(.((......)).).......,-1.60,41.053,X1,GGUCGAUCGUGAGCGCUAUAG
(.((......)).).......,-1.60,7.570,X1,GGUCGAUCGUGAGCGCUAUAG
(.((......)).).......,-1.60,50.766,X1,GGUCGAUCGUGAGCGCUAUAG
(.((......)).).......,-1.60,2.009,X1,GGUCGAUCGUGAGCGCUAUAG
(.((......)).).......,-1.60,23.100,X1,GGUCGAUCGUGAGCGCUAUAG
(.((......)).).......,-1.60,8.517,X1,GGUCGAUCGUGAGCGCUAUAG
(.((......)).).......,-1.60,47.774,X1,GGUCGAUCGUGAGCGCUAUAG
(.((......)).).......,-1.60,2.927,X1,GGUCGAUCGUGAGCGCUAUAG
(.((......)).).......,-1.60,4.665,X1,GGUCGAUCGUGAGCGCUAUAG
(.((......)).).......,-1.60,18.578,X1,GGUCGAUCGUGAGCGCUAUAG
(.((......)).).......,-1.60,10.552,X1,GGUCGAUCGUGAGCGCUAUAG
(.((......)).).......,-1.60,35.492,X1,GGUCGAUCGUGAGCGCUAUAG
(.((......)).).......,-1.60,1.073,X1,GGUCGAUCGUGAGCGCUAUAG
(.((......)).).......,-1.60,0.885,X1,GGUCGAUCGUGAGCGCUAUAG
(.((......)).).......,-1.60,35.600,X1,GGUCGAUCGUGAGCGCUAUAG
(.((......)).).......,-1.60,14.535,X1,GGUCGAUCGUGAGCGCUAUAG
(.((......)).).......,-1.60,5.674,X1,GGUCGAUCGUGAGCGCUAUAG
(.((......)).).......,-1.60,5.195,X1,GGUCGAUCGUGAGCGCUAUAG
(.((......)).).......,-1.60,1.200,X1,GGUCGAUCGUGAGCGCUAUAG
(.((......)).).......,-1.60,23.830,X1,GGUCGAUCGUGAGCGCUAUAG
(.((......)).).......,-1.60,21.728,X1,GGUCGAUCGUGAGCGCUAUAG
(.((......)).).......,-1.60,8.763,X1,GGUCGAUCGUGAGCGCUAUAG
(.((......)).).......,-1.60,3.068,X1,GGUCGAUCGUGAGCGCUAUAG
(.((......)).).......,-1.60,1.139,X1,GGUCGAUCGUGAGCGCUAUAG
(.((......)).).......,-1.60,4.365,X1,GGUCGAUCGUGAGCGCUAUAG
(.((......)).).......,-1.60,57.534,X1,GGUCGAUCGUGAGCGCUAUAG
(.((......)).).......,-1.60,0.910,X1,GGUCGAUCGUGAGCGCUAUAG
(.((......)).).......,-1.60,7.933,X1,GGUCGAUCGUGAGCGCUAUAG
(.((......)).).......,-1.60,16.118,X1,GGUCGAUCGUGAGCGCUAUAG
(.((......)).).......,-1.60,12.760,X1,GGUCGAUCGUGAGCGCUAUAG
(.((......)).).......,-1.60,16.448,X1,GGUCGAUCGUGAGCGCUAUAG
(.((......)).).......,-1.60,0.647,X1,GGUCGAUCGUGAGCGCUAUAG
(.((......)).).......,-1.60,73.385,X1,GGUCGAUCGUGAGCGCUAUAG
(.((......)).).......,-1.60,42.781,X1,GGUCGAUCGUGAGCGCUAUAG
(.((......)).).......,-1.60,154.278,X1,GGUCGAUCGUGAGCGCUAUAG
(.((......)).).......,-1.60,9.559,X1,GGUCGAUCGUGAGCGCUAUAG
(.((......)).).......,-1.60,9.601,X1,GGUCGAUCGUGAGCGCUAUAG
(.((......)).).......,-1.60,7.448,X1,GGUCGAUCGUGAGCGCUAUAG
(.((......)).).......,-1.60,21.108,X1,GGUCGAUCGUGAGCGCUAUAG
(.((......)).).......,-1.60,11.800,X1,GGUCGAUCGUGAGCGCUAUAG
(.((......)).).......,-1.60,49.827,X1,GGUCGAUCGUGAGCGCUAUAG
(.((......)).).......,-1.60,15.503,X1,GGUCGAUCGUGAGCGCUAUAG
(.((......)).).......,-1.60,1.601,X1,GGUCGAUCGUGAGCGCUAUAG
(.((......)).).......,-1.60,4.715,X1,GGUCGAUCGUGAGCGCUAUAG
(.((......)).).......,-1.60,8.141,X1,GGUCGAUCGUGAGCGCUAUAG
(.((......)).).......,-1.60,134.502,X1,GGUCGAUCGUGAGCGCUAUAG
(.((......)).).......,-1.60,5.401,X1,GGUCGAUCGUGAGCGCUAUAG
(.((......)).).......,-1.60,26.239,X1,GGUCGAUCGUGAGCGCUAUAG
(.((......)).).......,-1.60,4.151,X1,GGUCGAUCGUGAGCGCUAUAG
(.((......)).).......,-1.60,12.359,X1,GGUCGAUCGUGAGCGCUAUAG
(.((......)).).......,-1.60,10.212,X1,GGUCGAUCGUGAGCGCUAUAG
(.((......)).).......,-1.60,6.057,X1,GGUCGAUCGUGAGCGCUAUAG
(.((......)).).......,-1.60,3.891,X1,GGUCGAUCGUGAGCGCUAUAG
(.((......)).).......,-1.60,24.239,X1,GGUCGAUCGUGAGCGCUAUAG
(.((......)).).......,-1.60,75.522,X1,GGUCGAUCGUGAGCGCUAUAG
(.((......)).).......,-1.60,15.044,X1,GGUCGAUCGUGAGCGCUAUAG
(.((......)).).......,-1.60,282.405,X1,GGUCGAUCGUGAGCGCUAUAG
(.((......)).).......,-1.60,4.471,X1,GGUCGAUCGUGAGCGCUAUAG
(.((......)).).......,-1.60,5.266,X1,GGUCGAUCGUGAGCGCUAUAG
(.((......)).).......,-1.60,23.636,X1,GGUCGAUCGUGAGCGCUAUAG
(.((......)).).......,-1.60,11.443,X1,GGUCGAUCGUGAGCGCUAUAG
(.((......)).).......,-1.60,87.438,X1,GGUCGAUCGUGAGCGCUAUAG
(.((......)).).......,-1.60,5.810,X1,GGUCGAUCGUGAGCGCUAUAG
(.((......)).).......,-1.60,4.656,X1,GGUCGAUCGUGAGCGCUAUAG
(.((......)).).......,-1.60,1.180,X1,GGUCGAUCGUGAGCGCUAUAG
(.((......)).).......,-1.60,27.436,X1,GGUCGAUCGUGAGCGCUAUAG
(.((......)).).......,-1.60,8.682,X1,GGUCGAUCGUGAGCGCUAUAG
(.((......)).).......,-1.60,1.479,X1,GGUCGAUCGUGAGCGCUAUAG
(.((......)).).......,-1.60,3.473,X1,GGUCGAUCGUGAGCGCUAUAG
(.((......)).).......,-1.60,18.498,X1,GGUCGAUCGUGAGCGCUAUAG
(.((......)).).......,-1.60,9.635,X1,GGUCGAUCGUGAGCGCUAUAG
(.((......)).).......,-1.60,1.523,X1,GGUCGAUCGUGAGCGCUAUAG
(.((......)).).......,-1.60,5.234,X1,GGUCGAUCGUGAGCGCUAUAG
(.((......)).).......,-1.60,9.531,X1,GGUCGAUCGUGAGCGCUAUAG
(.((......)).).......,-1.60,43.949,X1,GGUCGAUCGUGAGCGCUAUAG
(.((......)).).......,-1.60,2.291,X1,GGUCGAUCGUGAGCGCUAUAG
(.((......)).).......,-1.60,49.122,X1,GGUCGAUCGUGAGCGCUAUAG
(.((......)).).......,-1.60,14.941,X1,GGUCGAUCGUGAGCGCUAUAG
(.((......)).).......,-1.60,9.786,X1,GGUCGAUCGUGAGCGCUAUAG
(.((......)).).......,-1.60,3.069,X1,GGUCGAUCGUGAGCGCUAUAG
(.((......)).).......,-1.60,18.619,X1,GGUCGAUCGUGAGCGCUAUAG
(.((......)).).......,-1.60,2.359,X1,GGUCGAUCGUGAGCGCUAUAG
(.((......)).).......,-1.60,3.069,X1,GGUCGAUCGUGAGCGCUAUAG
(.((......)).).......,-1.60,62.104,X1,GGUCGAUCGUGAGCGCUAUAG
(.((......)).).......,-1.60,6.379,X1,GGUCGAUCGUGAGCGCUAUAG
(.((......)).).......,-1.60,7.895,X1,GGUCGAUCGUGAGCGCUAUAG
(.((......)).).......,-1.60,40.325,X1,GGUCGAUCGUGAGCGCUAUAG
(.((......)).).......,-1.60,86.064,X1,GGUCGAUCGUGAGCGCUAUAG
(.((......)).).......,-1.60,0.742,X1,GGUCGAUCGUGAGCGCUAUAG
(.((......)).).......,-1.60,11.479,X1,GGUCGAUCGUGAGCGCUAUAG
(.((......)).).......,-1.60,9.484,X1,GGUCGAUCGUGAGCGCUAUAG
(.((......)).).......,-1.60,1.502,X1,GGUCGAUCGUGAGCGCUAUAG
(.((......)).).......,-1.60,14.773,X1,GGUCGAUCGUGAGCGCUAUAG
(.((......)).).......,-1.60,4.632,X1,GGUCGAUCGUGAGCGCUAUAG
(.((......)).).......,-1.60,36.772,X1,GGUCGAUCGUGAGCGCUAUAG
(.((......)).).......,-1.60,42.088,X1,GGUCGAUCGUGAGCGCUAUAG
(.((......)).).......,-1.60,2.941,X1,GGUCGAUCGUGAGCGCUAUAG
(.((......)).).......,-1.60,95.214,X1,GGUCGAUCGUGAGCGCUAUAG
(.((......)).).......,-1.60,1.282,X1,GGUCGAUCGUGAGCGCUAUAG
(.((......)).).......,-1.60,1.503,X1,GGUCGAUCGUGAGCGCUAUAG
(.((......)).).......,-1.60,16.514,X1,GGUCGAUCGUGAGCGCUAUAG
(.((......)).).......,-1.60,18.760,X1,GGUCGAUCGUGAGCGCUAUAG
(.((......)).).......,-1.60,4.318,X1,GGUCGAUCGUGAGCGCUAUAG
(.((......)).).......,-1.60,11.300,X1,GGUCGAUCGUGAGCGCUAUAG
(.((......)).).......,-1.60,5.366,X1,GGUCGAUCGUGAGCGCUAUAG
(.((......)).).......,-1.60,8.501,X1,GGUCGAUCGUGAGCGCUAUAG
(.((......)).).......,-1.60,8.390,X1,GGUCGAUCGUGAGCGCUAUAG
(.((......)).).......,-1.60,14.024,X1,GGUCGAUCGUGAGCGCUAUAG
(.((......)).).......,-1.60,10.373,X1,GGUCGAUCGUGAGCGCUAUAG
(.((......)).).......,-1.60,2.094,X1,GGUCGAUCGUGAGCGCUAUAG
(.((......)).).......,-1.60,91.640,X1,GGUCGAUCGUGAGCGCUAUAG
(.((......)).).......,-1.60,3.125,X1,GGUCGAUCGUGAGCGCUAUAG
(.((......)).).......,-1.60,7.195,X1,GGUCGAUCGUGAGCGCUAUAG
(.((......)).).......,-1.60,6.647,X1,GGUCGAUCGUGAGCGCUAUAG
(.((......)).).......,-1.60,19.530,X1,GGUCGAUCGUGAGCGCUAUAG
(.((......)).).......,-1.60,14.747,X1,GGUCGAUCGUGAGCGCUAUAG
(.((......)).).......,-1.60,3.237,X1,GGUCGAUCGUGAGCGCUAUAG
(.((......)).).......,-1.60,2.407,X1,GGUCGAUCGUGAGCGCUAUAG
(.((......)).).......,-1.60,2.649,X1,GGUCGAUCGUGAGCGCUAUAG
(.((......)).).......,-1.60,34.347,X1,GGUCGAUCGUGAGCGCUAUAG
(.((......)).).......,-1.60,17.849,X1,GGUCGAUCGUGAGCGCUAUAG
(.((......)).).......,-1.60,81.589,X1,GGUCGAUCGUGAGCGCUAUAG
(.((......)).).......,-1.60,21.678,X1,GGUCGAUCGUGAGCGCUAUAG
(.((......)).).......,-1.60,52.448,X1,GGUCGAUCGUGAGCGCUAUAG
(.((......)).).......,-1.60,71.019,X1,GGUCGAUCGUGAGCGCUAUAG
(.((......)).).......,-1.60,5.590,X1,GGUCGAUCGUGAGCGCUAUAG
(.((......)).).......,-1.60,1.047,X1,GGUCGAUCGUGAGCGCUAUAG
(.((......)).).......,-1.60,5.579,X1,GGUCGAUCGUGAGCGCUAUAG
(.((......)).).......,-1.60,15.912,X1,GGUCGAUCGUGAGCGCUAUAG
(.((......)).).......,-1.60,1.991,X1,GGUCGAUCGUGAGCGCUAUAG
(.((......)).).......,-1.60,6.367,X1,GGUCGAUCGUGAGCGCUAUAG
(.((......)).).......,-1.60,25.418,X1,GGUCGAUCGUGAGCGCUAUAG
(.((......)).).......,-1.60,36.193,X1,GGUCGAUCGUGAGCGCUAUAG
(.((......)).).......,-1.60,2.298,X1,GGUCGAUCGUGAGCGCUAUAG
(.((......)).).......,-1.60,5.976,X1,GGUCGAUCGUGAGCGCUAUAG
(.((......)).).......,-1.60,1.585,X1,GGUCGAUCGUGAGCGCUAUAG
(.((......)).).......,-1.60,4.143,X1,GGUCGAUCGUGAGCGCUAUAG
(.((......)).).......,-1.60,10.782,X1,GGUCGAUCGUGAGCGCUAUAG
(.((......)).).......,-1.60,5.963,X1,GGUCGAUCGUGAGCGCUAUAG
(.((......)).).......,-1.60,3.945,X1,GGUCGAUCGUGAGCGCUAUAG
(.((......)).).......,-1.60,11.183,X1,GGUCGAUCGUGAGCGCUAUAG
(.((......)).).......,-1.60,13.860,X1,GGUCGAUCGUGAGCGCUAUAG
(.((......)).).......,-1.60,5.826,X1,GGUCGAUCGUGAGCGCUAUAG
(.((......)).).......,-1.60,19.391,X1,GGUCGAUCGUGAGCGCUAUAG
(.((......)).).......,-1.60,12.092,X1,GGUCGAUCGUGAGCGCUAUAG
(.((......)).).......,-1.60,22.644,X1,GGUCGAUCGUGAGCGCUAUAG
(.((......)).).......,-1.60,31.443,X1,GGUCGAUCGUGAGCGCUAUAG
(.((......)).).......,-1.60,57.240,X1,GGUCGAUCGUGAGCGCUAUAG
(.((......)).).......,-1.60,13.605,X1,GGUCGAUCGUGAGCGCUAUAG
(.((......)).).......,-1.60,17.872,X1,GGUCGAUCGUGAGCGCUAUAG
(.((......)).).......,-1.60,4.455,X1,GGUCGAUCGUGAGCGCUAUAG
(.((......)).).......,-1.60,4.736,X1,GGUCGAUCGUGAGCGCUAUAG
(.((......)).).......,-1.60,27.856,X1,GGUCGAUCGUGAGCGCUAUAG
(.((......)).).......,-1.60,90.440,X1,GGUCGAUCGUGAGCGCUAUAG
(.((......)).).......,-1.60,14.793,X1,GGUCGAUCGUGAGCGCUAUAG
(.((......)).).......,-1.60,52.485,X1,GGUCGAUCGUGAGCGCUAUAG
(.((......)).).......,-1.60,8.409,X1,GGUCGAUCGUGAGCGCUAUAG
(.((......)).).......,-1.60,30.387,X1,GGUCGAUCGUGAGCGCUAUAG
(.((......)).).......,-1.60,19.397,X1,GGUCGAUCGUGAGCGCUAUAG
(.((......)).).......,-1.60,14.801,X1,GGUCGAUCGUGAGCGCUAUAG
(.((......)).).......,-1.60,16.047,X1,GGUCGAUCGUGAGCGCUAUAG
(.((......)).).......,-1.60,2.991,X1,GGUCGAUCGUGAGCGCUAUAG
(.((......)).).......,-1.60,8.764,X1,GGUCGAUCGUGAGCGCUAUAG
(.((......)).).......,-1.60,3.918,X1,GGUCGAUCGUGAGCGCUAUAG
(.((......)).).......,-1.60,2.054,X1,GGUCGAUCGUGAGCGCUAUAG
(.((......)).).......,-1.60,6.524,X1,GGUCGAUCGUGAGCGCUAUAG
(.((......)).).......,-1.60,21.341,X1,GGUCGAUCGUGAGCGCUAUAG
(.((......)).).......,-1.60,18.280,X1,GGUCGAUCGUGAGCGCUAUAG
(.((......)).).......,-1.60,20.436,X1,GGUCGAUCGUGAGCGCUAUAG
(.((......)).).......,-1.60,49.379,X1,GGUCGAUCGUGAGCGCUAUAG
(.((......)).).......,-1.60,39.934,X1,GGUCGAUCGUGAGCGCUAUAG
(.((......)).).......,-1.60,5.526,X1,GGUCGAUCGUGAGCGCUAUAG
(.((......)).).......,-1.60,172.961,X1,GGUCGAUCGUGAGCGCUAUAG
(.((......)).).......,-1.60,22.474,X1,GGUCGAUCGUGAGCGCUAUAG
(.((......)).).......,-1.60,1.648,X1,GGUCGAUCGUGAGCGCUAUAG
(.((......)).).......,-1.60,195.497,X1,GGUCGAUCGUGAGCGCUAUAG
(.((......)).).......,-1.60,31.122,X1,GGUCGAUCGUGAGCGCUAUAG
(.((......)).).......,-1.60,8.737,X1,GGUCGAUCGUGAGCGCUAUAG
(.((......)).).......,-1.60,13.750,X1,GGUCGAUCGUGAGCGCUAUAG
(.((......)).).......,-1.60,5.047,X1,GGUCGAUCGUGAGCGCUAUAG
(.((......)).).......,-1.60,1.727,X1,GGUCGAUCGUGAGCGCUAUAG
(.((......)).).......,-1.60,5.274,X1,GGUCGAUCGUGAGCGCUAUAG
(.((......)).).......,-1.60,2.881,X1,GGUCGAUCGUGAGCGCUAUAG
(.((......)).).......,-1.60,3.451,X1,GGUCGAUCGUGAGCGCUAUAG
(.((......)).).......,-1.60,0.861,X1,GGUCGAUCGUGAGCGCUAUAG
(.((......)).).......,-1.60,1.885,X1,GGUCGAUCGUGAGCGCUAUAG
(.((......)).).......,-1.60,27.103,X1,GGUCGAUCGUGAGCGCUAUAG
(.((......)).).......,-1.60,27.805,X1,GGUCGAUCGUGAGCGCUAUAG
(.((......)).).......,-1.60,9.141,X1,GGUCGAUCGUGAGCGCUAUAG
(.((......)).).......,-1.60,10.914,X1,GGUCGAUCGUGAGCGCUAUAG
(.((......)).).......,-1.60,19.977,X1,GGUCGAUCGUGAGCGCUAUAG
(.((......)).).......,-1.60,96.956,X1,GGUCGAUCGUGAGCGCUAUAG
(.((......)).).......,-1.60,3.027,X1,GGUCGAUCGUGAGCGCUAUAG
(.((......)).).......,-1.60,2.123,X1,GGUCGAUCGUGAGCGCUAUAG
(.((......)).).......,-1.60,3.305,X1,GGUCGAUCGUGAGCGCUAUAG
(.((......)).).......,-1.60,16.347,X1,GGUCGAUCGUGAGCGCUAUAG
(.((......)).).......,-1.60,6.472,X1,GGUCGAUCGUGAGCGCUAUAG
(.((......)).).......,-1.60,1.830,X1,GGUCGAUCGUGAGCGCUAUAG
(.((......)).).......,-1.60,139.848,X1,GGUCGAUCGUGAGCGCUAUAG
(.((......)).).......,-1.60,10.197,X1,GGUCGAUCGUGAGCGCUAUAG
(.((......)).).......,-1.60,9.899,X1,GGUCGAUCGUGAGCGCUAUAG
(.((......)).).......,-1.60,6.008,X1,GGUCGAUCGUGAGCGCUAUAG
(.((......)).).......,-1.60,7.677,X1,GGUCGAUCGUGAGCGCUAUAG
(.((......)).).......,-1.60,2.033,X1,GGUCGAUCGUGAGCGCUAUAG
(.((......)).).......,-1.60,1.158,X1,GGUCGAUCGUGAGCGCUAUAG
(.((......)).).......,-1.60,7.568,X1,GGUCGAUCGUGAGCGCUAUAG
(.((......)).).......,-1.60,2.472,X1,GGUCGAUCGUGAGCGCUAUAG
(.((......)).).......,-1.60,7.516,X1,GGUCGAUCGUGAGCGCUAUAG
(.((......)).).......,-1.60,6.475,X1,GGUCGAUCGUGAGCGCUAUAG
(.((......)).).......,-1.60,61.831,X1,GGUCGAUCGUGAGCGCUAUAG
(.((......)).).......,-1.60,20.153,X1,GGUCGAUCGUGAGCGCUAUAG
(.((......)).).......,-1.60,0.620,X1,GGUCGAUCGUGAGCGCUAUAG
(.((......)).).......,-1.60,73.720,X1,GGUCGAUCGUGAGCGCUAUAG
(.((......)).).......,-1.60,7.003,X1,GGUCGAUCGUGAGCGCUAUAG
(.((......)).).......,-1.60,1.278,X1,GGUCGAUCGUGAGCGCUAUAG
(.((......)).).......,-1.60,153.819,X1,GGUCGAUCGUGAGCGCUAUAG
(.((......)).).......,-1.60,2.356,X1,GGUCGAUCGUGAGCGCUAUAG
(.((......)).).......,-1.60,24.383,X1,GGUCGAUCGUGAGCGCUAUAG
(.((......)).).......,-1.60,24.350,X1,GGUCGAUCGUGAGCGCUAUAG
(.((......)).).......,-1.60,4.542,X1,GGUCGAUCGUGAGCGCUAUAG
(.((......)).).......,-1.60,17.661,X1,GGUCGAUCGUGAGCGCUAUAG
(.((......)).).......,-1.60,23.657,X1,GGUCGAUCGUGAGCGCUAUAG
(.((......)).).......,-1.60,5.806,X1,GGUCGAUCGUGAGCGCUAUAG
(.((......)).).......,-1.60,49.088,X1,GGUCGAUCGUGAGCGCUAUAG
(.((......)).).......,-1.60,7.414,X1,GGUCGAUCGUGAGCGCUAUAG
(.((......)).).......,-1.60,33.339,X1,GGUCGAUCGUGAGCGCUAUAG
(.((......)).).......,-1.60,23.555,X1,GGUCGAUCGUGAGCGCUAUAG
(.((......)).).......,-1.60,17.783,X1,GGUCGAUCGUGAGCGCUAUAG
(.((......)).).......,-1.60,0.779,X1,GGUCGAUCGUGAGCGCUAUAG
(.((......)).).......,-1.60,102.616,X1,GGUCGAUCGUGAGCGCUAUAG
(.((......)).).......,-1.60,7.837,X1,GGUCGAUCGUGAGCGCUAUAG
(.((......)).).......,-1.60,15.399,X1,GGUCGAUCGUGAGCGCUAUAG
(.((......)).).......,-1.60,4.176,X1,GGUCGAUCGUGAGCGCUAUAG
(.((......)).).......,-1.60,3.623,X1,GGUCGAUCGUGAGCGCUAUAG
(.((......)).).......,-1.60,42.735,X1,GGUCGAUCGUGAGCGCUAUAG
(.((......)).).......,-1.60,2.251,X1,GGUCGAUCGUGAGCGCUAUAG
(.((......)).).......,-1.60,79.288,X1,GGUCGAUCGUGAGCGCUAUAG
(.((......)).).......,-1.60,2.394,X1,GGUCGAUCGUGAGCGCUAUAG
(.((......)).).......,-1.60,218.370,X1,GGUCGAUCGUGAGCGCUAUAG
(.((......)).).......,-1.60,19.885,X1,GGUCGAUCGUGAGCGCUAUAG
(.((......)).).......,-1.60,46.651,X1,GGUCGAUCGUGAGCGCUAUAG
(.((......)).).......,-1.60,1.758,X1,GGUCGAUCGUGAGCGCUAUAG
(.((......)).).......,-1.60,11.639,X1,GGUCGAUCGUGAGCGCUAUAG
(.((......)).).......,-1.60,4.446,X1,GGUCGAUCGUGAGCGCUAUAG
(.((......)).).......,-1.60,9.384,X1,GGUCGAUCGUGAGCGCUAUAG
(.((......)).).......,-1.60,51.599,X1,GGUCGAUCGUGAGCGCUAUAG
(.((......)).).......,-1.60,3.496,X1,GGUCGAUCGUGAGCGCUAUAG
