2.234011962890625000e+03
1.144479980468750000e+02
3.657609863281250000e+02
1.680599975585937500e+02
3.474719848632812500e+02
2.133854003906250000e+03
3.374880065917968750e+02
3.683500061035156250e+02
1.136109985351562500e+03
9.827869873046875000e+02
4.706159973144531250e+02
2.462799987792968750e+02
1.731531982421875000e+03
3.802359924316406250e+02
1.577669982910156250e+02
1.817264038085937500e+03
2.456840057373046875e+02
1.679822021484375000e+03
4.562070007324218750e+02
4.241870117187500000e+02
7.943670043945312500e+02
2.494399902343750000e+03
1.825000000000000000e+02
2.219089965820312500e+02
2.306693115234375000e+03
4.458337890625000000e+03
1.665609008789062500e+03
2.772449951171875000e+02
4.169490051269531250e+02
3.794930114746093750e+02
3.708751953125000000e+03
1.014341979980468750e+03
8.241000366210937500e+01
2.424218017578125000e+03
2.437689971923828125e+02
5.932910156250000000e+02
8.177650146484375000e+02
1.358690032958984375e+02
8.869499969482421875e+01
3.689939880371093750e+02
1.450573974609375000e+03
7.376340820312500000e+03
7.737500000000000000e+01
4.691830139160156250e+02
4.171270141601562500e+02
1.672969970703125000e+03
1.034199981689453125e+02
3.783729858398437500e+02
2.424149932861328125e+02
1.046390234375000000e+04
3.117770080566406250e+02
1.768689257812500000e+04
2.349937988281250000e+03
2.433009033203125000e+03
1.150820007324218750e+02
1.973249969482421875e+02
5.247600097656250000e+02
2.857569885253906250e+02
2.606870117187500000e+02
6.238619995117187500e+02
3.975239868164062500e+02
2.798209960937500000e+03
6.978980102539062500e+02
2.769979858398437500e+02
2.414660034179687500e+02
3.701860046386718750e+02
1.658789978027343750e+02
8.144599914550781250e+01
8.408899688720703125e+01
7.152670288085937500e+02
5.128820190429687500e+02
1.874123046875000000e+03
6.122280273437500000e+02
1.171769042968750000e+03
8.236328125000000000e+03
4.778699951171875000e+02
1.567619934082031250e+02
8.068339843750000000e+02
3.932219848632812500e+02
1.352308959960937500e+03
2.937492773437500000e+04
2.381100082397460938e+01
3.986109924316406250e+02
3.081069946289062500e+02
6.392003906250000000e+03
2.112704101562500000e+03
1.117259979248046875e+02
1.047229980468750000e+03
5.935209960937500000e+02
2.893424072265625000e+03
4.986520080566406250e+02
3.163699913024902344e+01
2.166920013427734375e+02
3.441117919921875000e+03
1.671422973632812500e+03
8.549680175781250000e+02
2.503809967041015625e+02
2.501028076171875000e+03
5.149799804687500000e+02
8.979699707031250000e+01
2.783699989318847656e+01
3.045369873046875000e+02
8.839650268554687500e+02
1.510894042968750000e+03
2.455989990234375000e+02
9.242800140380859375e+01
1.212710037231445312e+02
7.419190063476562500e+02
2.114179992675781250e+02
4.072425048828125000e+03
6.049599838256835938e+01
7.607979736328125000e+02
1.676660003662109375e+02
4.330954101562500000e+03
3.788252929687500000e+03
3.067739868164062500e+02
9.695600128173828125e+01
3.117760009765625000e+02
6.371051757812500000e+03
3.394679870605468750e+02
1.435895019531250000e+03
3.043429931640625000e+03
9.457421875000000000e+03
2.083159942626953125e+02
7.493649902343750000e+02
1.192819976806640625e+02
2.127066894531250000e+03
2.208119964599609375e+02
6.779409790039062500e+02
7.023629760742187500e+02
4.903630065917968750e+02
3.159580078125000000e+02
3.573049926757812500e+02
2.089422119140625000e+03
2.884654052734375000e+03
6.153779907226562500e+02
1.646056030273437500e+03
2.517550048828125000e+02
2.317907958984375000e+03
4.843980102539062500e+02
3.809220947265625000e+03
3.972170104980468750e+02
1.968317016601562500e+03
2.584890136718750000e+02
7.056920166015625000e+02
3.293023925781250000e+03
2.747312011718750000e+03
1.027307983398437500e+03
1.316380004882812500e+02
1.162651977539062500e+03
6.356900024414062500e+01
5.045113769531250000e+03
1.430720062255859375e+02
3.074769897460937500e+02
2.849188964843750000e+03
1.140046997070312500e+03
8.616352539062500000e+03
1.164022949218750000e+03
2.689840087890625000e+02
7.168018066406250000e+03
1.703200073242187500e+02
3.419509887695312500e+02
1.216142968750000000e+04
4.445700073242187500e+01
2.116580047607421875e+02
5.255729980468750000e+02
7.326759765625000000e+03
8.888800048828125000e+01
2.482830047607421875e+02
3.226226074218750000e+03
1.851120971679687500e+03
8.197689819335937500e+02
1.609190063476562500e+02
8.164710083007812500e+02
1.692711059570312500e+03
2.783380126953125000e+02
1.655909057617187500e+03
2.549369964599609375e+02
9.732890014648437500e+02
1.154884033203125000e+03
9.793250122070312500e+02
2.834881103515625000e+03
1.785818969726562500e+03
5.168319702148437500e+02
1.339400024414062500e+02
5.399219970703125000e+02
8.400299835205078125e+01
6.639409790039062500e+02
2.502449951171875000e+02
3.968309936523437500e+02
7.638130859375000000e+03
6.179857910156250000e+03
2.356193115234375000e+03
2.011320037841796875e+02
3.301625976562500000e+03
5.728002929687500000e+03
4.247969970703125000e+02
1.412948974609375000e+03
2.665570068359375000e+02
4.530487792968750000e+03
3.372900085449218750e+02
7.850099945068359375e+01
3.672600097656250000e+02
5.223589843750000000e+03
1.465144726562500000e+04
4.635559997558593750e+02
1.486640014648437500e+02
1.268069946289062500e+03
6.127379760742187500e+02
2.899160888671875000e+03
9.355982421875000000e+03
1.770870056152343750e+02
1.734437988281250000e+03
2.932235107421875000e+03
2.306794921875000000e+03
9.206500244140625000e+01
1.097829971313476562e+02
2.792730102539062500e+02
8.051200103759765625e+01
3.927120056152343750e+02
2.002359924316406250e+02
8.760500335693359375e+01
1.636061035156250000e+03
5.720289916992187500e+02
7.600399780273437500e+01
2.341519927978515625e+02
1.505319976806640625e+02
1.587798950195312500e+03
1.602250061035156250e+02
1.464371582031250000e+04
1.539333984375000000e+03
5.447499847412109375e+01
9.242800140380859375e+01
1.925090942382812500e+03
2.045142944335937500e+03
1.417927343750000000e+04
3.871239929199218750e+02
6.071069946289062500e+02
3.322720031738281250e+02
2.248379974365234375e+02
7.035960083007812500e+02
1.294450073242187500e+02
1.341543945312500000e+03
3.850910034179687500e+02
5.219639892578125000e+02
1.947779998779296875e+02
2.067019958496093750e+02
2.507733886718750000e+03
1.240390014648437500e+02
4.805429992675781250e+02
7.085199737548828125e+01
3.999129943847656250e+02
9.996099853515625000e+01
2.526880035400390625e+02
1.315549926757812500e+02
2.404843994140625000e+03
8.109500122070312500e+01
1.442827026367187500e+03
4.602589843750000000e+03
3.917725097656250000e+03
2.323726074218750000e+03
6.966439819335937500e+02
7.759100341796875000e+01
1.058071044921875000e+03
1.002860031127929688e+02
2.958099975585937500e+02
8.434069824218750000e+02
6.763809814453125000e+02
1.620119934082031250e+02
4.608259887695312500e+02
2.541250000000000000e+02
1.085410003662109375e+02
1.829093994140625000e+03
1.885700073242187500e+02
1.465540008544921875e+02
2.676239929199218750e+02
2.879239990234375000e+03
4.453840026855468750e+02
2.668989868164062500e+02
3.272919921875000000e+02
3.543439941406250000e+02
2.751149902343750000e+02
4.414960021972656250e+02
1.426029968261718750e+02
1.788100051879882812e+01
3.036310119628906250e+02
1.538409057617187500e+03
1.139234985351562500e+03
3.597430114746093750e+02
2.866003906250000000e+03
2.958051025390625000e+03
2.744299926757812500e+02
1.181994018554687500e+03
9.582219848632812500e+02
1.737128051757812500e+03
1.638699951171875000e+02
1.207472045898437500e+03
2.077510009765625000e+03
1.504956054687500000e+03
2.557220001220703125e+02
8.777600097656250000e+01
1.142222045898437500e+03
5.335410156250000000e+02
1.750366943359375000e+03
3.398423095703125000e+03
2.885854980468750000e+03
1.559980010986328125e+02
1.929583007812500000e+03
2.750989990234375000e+02
1.747539978027343750e+02
4.381299972534179688e+01
9.837139892578125000e+02
1.814692993164062500e+03
8.799089965820312500e+02
7.023930053710937500e+02
4.953689880371093750e+02
2.199865966796875000e+03
3.819070129394531250e+02
3.445150146484375000e+02
8.104599761962890625e+01
6.381499862670898438e+01
3.558829956054687500e+02
4.426399993896484375e+01
3.315509948730468750e+02
3.604450073242187500e+02
2.504929962158203125e+02
4.631854003906250000e+03
2.152654052734375000e+03
6.589680175781250000e+02
4.453139953613281250e+02
1.145630035400390625e+02
4.431029968261718750e+02
4.202810058593750000e+02
4.109330139160156250e+02
3.213829956054687500e+02
4.805280151367187500e+02
2.889089965820312500e+02
1.318441040039062500e+03
2.285279998779296875e+02
5.333920288085937500e+02
7.328560180664062500e+02
2.926099967956542969e+01
1.939030468750000000e+04
8.599256835937500000e+03
2.068600006103515625e+02
9.480599975585937500e+01
3.082560119628906250e+02
1.490599975585937500e+02
1.579929962158203125e+02
1.998004296875000000e+04
2.088529968261718750e+02
7.174879882812500000e+03
4.231310058593750000e+03
1.886470031738281250e+02
1.821473022460937500e+03
1.700149993896484375e+02
7.496700286865234375e+01
3.310679931640625000e+02
7.090159912109375000e+02
4.896510009765625000e+02
2.487999023437500000e+03
5.965280151367187500e+02
2.070958007812500000e+03
2.082406005859375000e+03
9.159955078125000000e+03
1.212113037109375000e+03
8.452390136718750000e+02
7.523809814453125000e+02
1.328676025390625000e+03
4.826969909667968750e+02
3.997947998046875000e+03
2.895509033203125000e+03
7.447329711914062500e+02
1.609559936523437500e+02
5.009689941406250000e+02
4.569599914550781250e+01
6.440939941406250000e+02
1.227996948242187500e+03
2.908280029296875000e+02
1.926399993896484375e+02
8.407599639892578125e+01
4.914760131835937500e+02
5.587360229492187500e+02
2.400449981689453125e+02
5.582108886718750000e+03
3.015782958984375000e+03
4.017720031738281250e+02
1.617960052490234375e+02
1.250784057617187500e+03
2.573299865722656250e+02
1.488589935302734375e+02
1.145632519531250000e+04
8.934589843750000000e+02
3.354049987792968750e+02
1.081729003906250000e+04
3.359783935546875000e+03
2.591000061035156250e+02
2.719885009765625000e+03
2.688370056152343750e+02
3.618599853515625000e+02
3.292850036621093750e+02
1.797041015625000000e+03
9.264800262451171875e+01
5.839710083007812500e+02
5.711430053710937500e+02
5.731770019531250000e+02
2.180659942626953125e+02
2.966510009765625000e+02
5.545360107421875000e+02
4.105904785156250000e+03
5.182210083007812500e+02
1.938775390625000000e+04
1.361929931640625000e+02
2.536310058593750000e+03
9.546920166015625000e+02
2.000350036621093750e+02
3.372226074218750000e+03
1.344213989257812500e+03
5.734589843750000000e+02
1.440595947265625000e+03
4.823309936523437500e+02
2.379790039062500000e+02
6.020209960937500000e+02
1.290013476562500000e+04
1.748647949218750000e+03
5.338369750976562500e+02
3.194869995117187500e+02
3.700820007324218750e+02
1.842129974365234375e+02
1.653609924316406250e+02
1.492259979248046875e+02
2.098679962158203125e+02
8.209390258789062500e+02
2.331990051269531250e+02
3.046589965820312500e+02
2.021710052490234375e+02
3.004309997558593750e+02
6.687199707031250000e+02
6.063549804687500000e+02
1.489113037109375000e+03
2.355140075683593750e+02
1.493339996337890625e+02
2.020067016601562500e+03
1.379949951171875000e+03
1.039290008544921875e+02
1.369579925537109375e+02
5.592499923706054688e+01
1.370460052490234375e+02
1.329409942626953125e+02
2.949760131835937500e+02
1.452749938964843750e+02
1.753280029296875000e+02
4.960554199218750000e+03
4.482300186157226562e+01
9.988969726562500000e+02
2.994790039062500000e+02
4.525570068359375000e+02
2.200019989013671875e+02
3.091990051269531250e+02
3.310530090332031250e+02
2.852069091796875000e+03
6.490100097656250000e+01
4.620578125000000000e+03
8.978430175781250000e+02
2.530809936523437500e+02
3.278250122070312500e+02
1.271399993896484375e+02
4.773330078125000000e+02
1.226080017089843750e+02
1.878419952392578125e+02
2.125480041503906250e+02
7.686499786376953125e+01
6.566270141601562500e+02
5.135360107421875000e+02
2.347268066406250000e+03
8.770059814453125000e+02
5.266250000000000000e+02
1.725109985351562500e+03
1.904660034179687500e+02
5.171630249023437500e+02
3.371400146484375000e+02
1.084771972656250000e+03
3.690409851074218750e+02
1.290771972656250000e+03
1.116709976196289062e+02
2.955164062500000000e+03
4.450321777343750000e+03
1.450340942382812500e+03
2.626059875488281250e+02
9.542500305175781250e+01
3.997272949218750000e+03
1.004550018310546875e+02
4.685436035156250000e+03
8.351399993896484375e+01
5.816030273437500000e+02
6.532609863281250000e+02
4.762040039062500000e+03
2.981860046386718750e+02
4.089800109863281250e+02
7.351909790039062500e+02
5.482860107421875000e+02
2.151454101562500000e+03
8.309940185546875000e+02
2.750612060546875000e+03
1.528289947509765625e+02
7.073889770507812500e+02
2.980419921875000000e+02
1.657369995117187500e+02
5.440223144531250000e+03
3.591130065917968750e+02
3.638395996093750000e+03
2.551062988281250000e+03
2.256909912109375000e+03
7.415230102539062500e+02
5.205260009765625000e+02
2.085654052734375000e+03
4.874993164062500000e+03
5.599119873046875000e+02
1.230970001220703125e+02
3.570310058593750000e+02
1.023164978027343750e+03
7.869169921875000000e+02
1.909530029296875000e+02
2.235289062500000000e+03
2.897619934082031250e+02
7.137239990234375000e+02
9.021610107421875000e+02
1.859530029296875000e+02
1.617121948242187500e+03
2.328049926757812500e+02
1.443209991455078125e+02
1.048462036132812500e+03
8.337470092773437500e+02
4.664119873046875000e+02
4.072070007324218750e+02
2.969240112304687500e+02
7.094758789062500000e+03
1.570796020507812500e+03
2.282645996093750000e+03
1.470353027343750000e+03
2.752990966796875000e+03
2.452522949218750000e+03
1.482050018310546875e+02
8.845989990234375000e+02
8.130400085449218750e+01
9.005799865722656250e+01
2.872810058593750000e+02
1.742916015625000000e+03
2.996759948730468750e+02
2.228970031738281250e+02
1.773860015869140625e+02
4.332799987792968750e+02
7.013200073242187500e+02
2.994070129394531250e+02
2.125489959716796875e+02
3.324219970703125000e+02
1.341540069580078125e+02
1.726201049804687500e+03
1.782109985351562500e+02
1.082149963378906250e+02
3.834774902343750000e+03
2.700090026855468750e+02
3.706700134277343750e+01
1.179487060546875000e+03
1.677480010986328125e+02
2.271589965820312500e+02
4.279890136718750000e+02
4.000031982421875000e+03
5.750029907226562500e+02
1.367108032226562500e+03
1.535469970703125000e+02
2.935509948730468750e+02
8.268449707031250000e+02
1.866884033203125000e+03
1.710890045166015625e+02
1.317669982910156250e+02
1.988508056640625000e+03
9.399700164794921875e+01
1.796730041503906250e+02
7.091060180664062500e+02
5.017970214843750000e+03
3.203729858398437500e+02
5.831329956054687500e+02
5.873270263671875000e+02
1.294010009765625000e+02
1.014189987182617188e+02
1.847059936523437500e+02
1.024290008544921875e+02
2.689462890625000000e+03
9.580349731445312500e+02
1.207522949218750000e+03
2.751310119628906250e+02
2.231439971923828125e+02
1.491139984130859375e+02
2.729649963378906250e+02
4.045660095214843750e+02
3.167560119628906250e+02
1.242330017089843750e+02
1.137840942382812500e+03
4.336403808593750000e+03
2.242149963378906250e+02
1.739290008544921875e+02
3.191763916015625000e+03
4.982749938964843750e+02
6.469260253906250000e+02
2.559900054931640625e+02
5.697700119018554688e+01
8.641660156250000000e+02
2.817640075683593750e+02
1.543343994140625000e+03
2.495769958496093750e+02
1.602208984375000000e+03
3.768900146484375000e+02
4.221910095214843750e+02
6.387117187500000000e+03
7.919639892578125000e+02
9.796920166015625000e+02
9.714600372314453125e+01
1.720503051757812500e+03
4.597179870605468750e+02
8.313389892578125000e+02
2.711430053710937500e+02
2.664689941406250000e+02
1.148644335937500000e+04
4.810230102539062500e+02
8.436499786376953125e+01
1.461036010742187500e+03
1.044891967773437500e+03
1.718710021972656250e+02
6.587360229492187500e+02
6.556970214843750000e+02
1.964309997558593750e+02
6.895390014648437500e+02
1.467948974609375000e+03
3.299219970703125000e+02
1.403910034179687500e+03
2.973029052734375000e+03
2.746669921875000000e+02
2.288390045166015625e+02
2.573599853515625000e+02
1.409472045898437500e+03
1.837389984130859375e+02
2.106699981689453125e+02
5.127069702148437500e+02
1.574078002929687500e+03
3.137360107421875000e+03
1.492036010742187500e+03
1.995355957031250000e+03
2.254916015625000000e+03
1.515390014648437500e+03
4.527799987792968750e+02
2.743290100097656250e+02
1.767125000000000000e+03
3.130299987792968750e+02
6.746900177001953125e+01
1.067599975585937500e+03
1.036767944335937500e+03
3.732579956054687500e+02
3.062231933593750000e+03
1.723130035400390625e+02
3.018630065917968750e+02
1.635350036621093750e+02
3.420885986328125000e+03
1.078161010742187500e+03
1.276035034179687500e+03
1.803699951171875000e+02
1.080472045898437500e+03
1.218761962890625000e+03
9.172020263671875000e+02
3.752799987792968750e+01
2.933210144042968750e+02
2.748099975585937500e+02
1.140080032348632812e+02
5.426190185546875000e+02
3.357669982910156250e+02
6.761087890625000000e+03
3.210260009765625000e+02
4.267940063476562500e+02
1.622539978027343750e+02
4.046451904296875000e+03
1.529337036132812500e+03
1.123366943359375000e+03
1.553897949218750000e+03
1.213124023437500000e+03
2.558170013427734375e+02
3.748529968261718750e+02
9.011140136718750000e+02
7.405789794921875000e+02
3.349895019531250000e+03
2.835413085937500000e+03
6.325500106811523438e+01
3.184906982421875000e+03
1.007505981445312500e+03
3.629330139160156250e+02
7.110399627685546875e+01
1.825370025634765625e+02
5.547199707031250000e+02
2.000570068359375000e+02
3.690220031738281250e+02
5.720230102539062500e+02
3.857617919921875000e+03
3.256669921875000000e+02
5.101350097656250000e+02
3.746658935546875000e+03
2.580350036621093750e+02
2.014850006103515625e+02
1.022492980957031250e+03
5.642600097656250000e+02
1.507200012207031250e+02
1.130038940429687500e+03
2.810099983215332031e+01
4.244859924316406250e+02
1.714086059570312500e+03
1.612329956054687500e+03
2.228619995117187500e+02
2.271260070800781250e+02
3.018320007324218750e+02
3.925324951171875000e+03
1.581604003906250000e+03
6.386220092773437500e+02
2.263921484375000000e+04
1.152438476562500000e+04
4.037312988281250000e+03
8.363204101562500000e+03
6.337600097656250000e+02
5.317390136718750000e+02
2.405420898437500000e+03
6.637400054931640625e+01
4.739609985351562500e+02
1.253700027465820312e+02
1.918899993896484375e+02
1.774795117187500000e+04
1.127792968750000000e+03
6.665029907226562500e+02
5.282390136718750000e+02
1.892469940185546875e+02
1.418494995117187500e+03
3.560379943847656250e+02
9.650969848632812500e+02
2.005780029296875000e+03
2.031730041503906250e+02
4.139889160156250000e+03
3.454679870605468750e+02
1.936710052490234375e+02
1.830670043945312500e+03
1.504750061035156250e+02
2.994779968261718750e+02
3.683281005859375000e+03
3.184830017089843750e+02
3.570956054687500000e+03
1.159069976806640625e+02
1.078769989013671875e+02
9.717600097656250000e+02
1.961179962158203125e+02
2.439029998779296875e+02
1.923099975585937500e+02
2.073009948730468750e+02
5.816290283203125000e+02
3.725199890136718750e+01
2.654280090332031250e+02
7.259439697265625000e+02
3.648872070312500000e+03
5.149940185546875000e+02
3.721449890136718750e+02
2.012319946289062500e+02
8.505239868164062500e+02
1.218660034179687500e+03
1.200599975585937500e+02
6.958220214843750000e+02
2.086784912109375000e+03
1.394400024414062500e+02
3.786749877929687500e+02
6.840889892578125000e+02
2.793210144042968750e+02
2.637529052734375000e+03
1.602849975585937500e+03
1.467799987792968750e+02
1.725760040283203125e+02
7.102680053710937500e+02
1.662630004882812500e+03
3.754440002441406250e+02
4.221010131835937500e+02
2.449129943847656250e+02
1.759589996337890625e+02
1.645330047607421875e+02
1.870749969482421875e+02
1.729589996337890625e+02
5.638560180664062500e+02
6.066090087890625000e+02
4.674340820312500000e+03
9.064600372314453125e+01
3.825130004882812500e+02
6.813489990234375000e+02
4.329729919433593750e+02
1.103219985961914062e+02
7.213999938964843750e+01
3.640559997558593750e+02
2.531060028076171875e+02
1.033529968261718750e+02
5.086260070800781250e+02
3.062829895019531250e+02
8.122979736328125000e+02
1.106186035156250000e+03
3.224049987792968750e+02
2.848020019531250000e+02
1.580000019073486328e+01
3.533439941406250000e+02
7.195349731445312500e+02
1.570890045166015625e+02
7.833410034179687500e+02
3.884733886718750000e+03
1.513739929199218750e+02
2.910154052734375000e+03
2.716448974609375000e+03
1.621832031250000000e+03
1.512239990234375000e+03
1.401309967041015625e+02
1.144803955078125000e+03
1.929660034179687500e+02
5.312799835205078125e+01
5.900969848632812500e+02
2.989190063476562500e+02
4.835908203125000000e+03
4.952420043945312500e+02
2.096360107421875000e+03
6.227987792968750000e+03
1.534629974365234375e+02
5.018569946289062500e+02
1.188170703125000000e+04
7.608389892578125000e+02
1.873930053710937500e+02
9.901499938964843750e+01
5.156569824218750000e+02
3.391289978027343750e+02
3.026660888671875000e+03
9.693000030517578125e+01
6.342300033569335938e+01
8.188500213623046875e+01
5.717360229492187500e+02
3.991969909667968750e+02
2.641266113281250000e+03
9.875319824218750000e+02
9.094270019531250000e+02
9.269799804687500000e+02
4.522770080566406250e+02
3.219599914550781250e+01
1.671906005859375000e+03
2.861054687500000000e+04
1.121202734375000000e+04
2.765199890136718750e+02
1.389270019531250000e+02
1.502369995117187500e+02
4.062885986328125000e+03
3.336010131835937500e+02
2.259510040283203125e+02
2.098379974365234375e+02
7.334169921875000000e+02
1.216488183593750000e+04
5.179611816406250000e+03
3.669899902343750000e+02
1.257979965209960938e+02
8.994270019531250000e+02
4.094302978515625000e+03
1.658219970703125000e+03
1.184499969482421875e+02
1.282230072021484375e+02
7.809799804687500000e+02
8.132369995117187500e+02
2.905617919921875000e+03
2.096770019531250000e+02
1.324788940429687500e+03
7.393299865722656250e+01
1.473739929199218750e+02
2.056609954833984375e+02
3.197858886718750000e+03
1.493110046386718750e+02
2.205029052734375000e+03
2.114216064453125000e+03
2.632281005859375000e+03
1.565296997070312500e+03
4.721409912109375000e+02
2.177930908203125000e+03
3.170660095214843750e+02
5.598759765625000000e+02
1.409904101562500000e+04
2.814890136718750000e+02
3.122240966796875000e+03
6.356339721679687500e+02
4.516181152343750000e+03
1.088109970092773438e+02
3.969790039062500000e+02
4.166723144531250000e+03
5.974589843750000000e+02
1.143574951171875000e+03
4.161950073242187500e+02
1.298511962890625000e+03
3.095999908447265625e+01
9.513400268554687500e+02
3.956449890136718750e+02
4.195780029296875000e+02
6.472399902343750000e+01
1.075410003662109375e+02
2.092640075683593750e+02
5.006860046386718750e+02
1.495099945068359375e+02
3.005159912109375000e+02
3.281778076171875000e+03
1.992250061035156250e+02
1.438609985351562500e+03
1.177990036010742188e+02
7.860500335693359375e+01
2.808349914550781250e+02
4.633120117187500000e+02
1.255640029907226562e+02
2.603640136718750000e+02
9.995899963378906250e+01
4.404654785156250000e+03
3.363436035156250000e+03
2.994500122070312500e+02
6.348389892578125000e+02
1.728410034179687500e+02
6.587811035156250000e+03
8.338759765625000000e+02
1.529865966796875000e+03
1.703359985351562500e+02
3.676329956054687500e+02
1.826289978027343750e+02
6.734769897460937500e+02
5.037950134277343750e+02
3.592399902343750000e+02
9.393599700927734375e+01
7.840100097656250000e+01
4.594140014648437500e+02
2.016182006835937500e+03
1.296490020751953125e+02
4.068335937500000000e+03
2.505709960937500000e+03
1.177309863281250000e+04
3.289639892578125000e+02
1.417530059814453125e+02
1.961199951171875000e+02
4.840900039672851562e+01
3.503865966796875000e+03
1.369139038085937500e+03
7.840029907226562500e+02
2.330970001220703125e+02
1.230772949218750000e+03
1.222740020751953125e+02
7.957570190429687500e+02
2.408280029296875000e+02
1.795070037841796875e+02
4.943309936523437500e+02
6.592009887695312500e+02
6.179030151367187500e+02
1.179800033569335938e+02
3.369389953613281250e+02
2.274752929687500000e+03
4.575570068359375000e+02
4.056647949218750000e+03
1.142666015625000000e+03
2.392669982910156250e+02
1.215734985351562500e+03
2.263228027343750000e+03
6.762599945068359375e+01
2.868999023437500000e+03
2.295019989013671875e+02
1.844355078125000000e+04
6.549509887695312500e+02
4.635469970703125000e+02
7.294199829101562500e+02
2.101029968261718750e+02
4.574580078125000000e+02
1.364179992675781250e+02
9.283599853515625000e+01
6.776480102539062500e+02
5.064465820312500000e+03
2.915559997558593750e+02
9.539879760742187500e+02
3.504660034179687500e+02
1.098979980468750000e+03
3.730469970703125000e+02
8.259999847412109375e+01
6.460817871093750000e+03
2.990119934082031250e+02
6.171870117187500000e+02
3.754891113281250000e+03
1.426239929199218750e+02
2.117229003906250000e+03
1.026338989257812500e+03
3.423940124511718750e+02
1.203410034179687500e+02
2.766058105468750000e+03
4.134200134277343750e+02
1.067272949218750000e+03
1.619320068359375000e+02
2.296641113281250000e+03
3.944179992675781250e+02
1.603885009765625000e+03
6.964199829101562500e+01
9.704499816894531250e+01
