1.739328002929687500e+03
3.213277099609375000e+03
5.069123437500000000e+04
1.068446289062500000e+04
1.976779937744140625e+02
1.021409218750000000e+05
4.041837890625000000e+03
4.312085156250000000e+04
1.125614843750000000e+04
4.347282226562500000e+03
1.025229980468750000e+03
1.316620025634765625e+02
1.268552441406250000e+04
1.481403613281250000e+04
6.981317968750000000e+04
2.351704492187500000e+04
8.730899810791015625e+01
2.068622460937500000e+04
9.561199951171875000e+01
9.500659790039062500e+02
2.221863281250000000e+05
3.136140136718750000e+02
3.860399902343750000e+03
2.125214687500000000e+05
1.406102343750000000e+04
1.267697578125000000e+05
1.172194946289062500e+03
2.452257226562500000e+04
1.007554687500000000e+05
1.998745312500000000e+04
6.129290161132812500e+02
6.938756250000000000e+04
3.403193115234375000e+03
1.179847045898437500e+03
4.722700195312500000e+03
8.780770263671875000e+02
5.882818750000000000e+04
1.908852148437500000e+04
9.792776562500000000e+04
7.611667187500000000e+04
2.152586914062500000e+03
1.209435058593750000e+03
6.612081250000000000e+04
1.048970031738281250e+02
7.019704101562500000e+03
5.023210937500000000e+03
5.605809936523437500e+02
1.393012500000000000e+04
1.447114990234375000e+03
3.586888916015625000e+03
1.401758056640625000e+03
7.123724218750000000e+04
5.247363671875000000e+04
1.421766992187500000e+04
4.998692871093750000e+03
2.604747070312500000e+03
1.159000000000000000e+03
5.798198828125000000e+04
1.268427500000000000e+05
1.608895019531250000e+03
4.682095312500000000e+04
1.928773281250000000e+05
4.974769897460937500e+02
6.417980468750000000e+04
9.848557617187500000e+03
1.525588281250000000e+04
3.246870117187500000e+02
6.014400024414062500e+02
8.431680297851562500e+02
1.567340039062500000e+04
4.746104980468750000e+03
3.677200000000000000e+04
8.056420312500000000e+04
5.717496484375000000e+04
2.022769042968750000e+03
6.055212500000000000e+04
4.144517089843750000e+03
7.743766406250000000e+04
1.688475952148437500e+03
1.549635009765625000e+03
9.140049218750000000e+04
2.458597656250000000e+04
6.501878125000000000e+04
4.658519897460937500e+02
1.095839965820312500e+03
4.499624609375000000e+04
3.199173095703125000e+03
1.148170996093750000e+04
5.773084960937500000e+03
1.631195468750000000e+05
8.835899414062500000e+03
2.000552968750000000e+05
3.451993896484375000e+03
1.912825195312500000e+04
6.917840625000000000e+04
7.228741210937500000e+03
4.540329895019531250e+02
8.946018750000000000e+04
7.830467773437500000e+03
6.876235839843750000e+03
5.490029907226562500e+02
2.257448242187500000e+04
1.060750000000000000e+03
5.698453906250000000e+04
7.696887207031250000e+03
2.710607031250000000e+04
1.384489062500000000e+04
9.092041406250000000e+04
2.901038476562500000e+04
1.588271972656250000e+03
5.522038281250000000e+04
1.495964375000000000e+05
8.213510131835937500e+02
1.410149047851562500e+03
1.960448593750000000e+05
8.133699798583984375e+01
1.013554843750000000e+05
1.293533906250000000e+05
9.168348437500000000e+04
1.307119140625000000e+05
1.289828002929687500e+03
2.629443115234375000e+03
5.749842773437500000e+03
7.797375000000000000e+04
3.077070703125000000e+04
1.087229765625000000e+05
2.942860351562500000e+04
1.210209863281250000e+04
2.436261962890625000e+03
9.530045898437500000e+03
5.843040161132812500e+02
6.276580078125000000e+03
1.162823974609375000e+03
1.466355468750000000e+05
2.335340039062500000e+04
1.655521972656250000e+03
1.438317016601562500e+03
3.881422265625000000e+04
2.781987695312500000e+04
7.799182031250000000e+04
6.107180175781250000e+02
5.466195312500000000e+04
2.201018750000000000e+04
2.120538085937500000e+03
2.222064062500000000e+04
3.450514892578125000e+03
4.001741015625000000e+04
1.165132578125000000e+05
2.332110107421875000e+03
7.008969238281250000e+03
1.551392089843750000e+04
9.655500030517578125e+01
8.840857421875000000e+03
3.904451953125000000e+04
1.959213012695312500e+03
4.233352050781250000e+03
9.055150000000000000e+04
3.384612109375000000e+04
5.686546484375000000e+04
3.414208007812500000e+03
7.473454101562500000e+03
5.163711914062500000e+03
4.690944531250000000e+04
3.496734765625000000e+04
5.224935546875000000e+04
2.643795117187500000e+04
7.682040039062500000e+03
2.033786987304687500e+03
1.202558203125000000e+04
2.134225097656250000e+03
3.718457812500000000e+04
2.271091064453125000e+03
2.544510040283203125e+02
6.387193847656250000e+03
4.748491015625000000e+04
1.391277636718750000e+04
5.190989990234375000e+02
3.819440002441406250e+02
3.524282812500000000e+05
2.001834960937500000e+03
2.105517968750000000e+04
2.489968945312500000e+04
7.141348144531250000e+03
5.140826171875000000e+03
1.052869018554687500e+03
9.583410034179687500e+02
2.902377734375000000e+04
1.243377148437500000e+04
3.047177343750000000e+04
2.724839648437500000e+04
1.089875390625000000e+05
3.158721923828125000e+03
3.925979919433593750e+02
4.379497070312500000e+03
1.184583398437500000e+04
2.391641113281250000e+03
1.403446972656250000e+04
3.840568115234375000e+03
8.365912109375000000e+03
6.552890014648437500e+02
1.214455371093750000e+04
4.986929931640625000e+02
9.145764843750000000e+04
7.378099975585937500e+02
1.942859954833984375e+02
2.046025156250000000e+05
9.826567187500000000e+04
1.214144042968750000e+03
9.916763281250000000e+04
6.828767968750000000e+04
8.917529907226562500e+02
2.938460083007812500e+02
1.121045312500000000e+05
9.794689843750000000e+04
1.446510781250000000e+05
3.908780078125000000e+04
1.255540039062500000e+03
2.668800976562500000e+04
6.311541406250000000e+04
9.677096093750000000e+04
1.147675781250000000e+05
1.099500000000000000e+03
5.846770019531250000e+02
1.241203979492187500e+03
7.727462500000000000e+04
2.897032958984375000e+03
2.150531005859375000e+03
4.072926025390625000e+03
1.325497265625000000e+04
3.226422119140625000e+03
9.599400329589843750e+01
8.257851562500000000e+03
3.266225097656250000e+03
8.307655273437500000e+03
6.250148925781250000e+03
7.673297851562500000e+03
2.037028515625000000e+04
4.802570312500000000e+04
1.498484062500000000e+05
4.306979687500000000e+04
3.956995703125000000e+04
6.131729736328125000e+02
1.704449804687500000e+04
3.685248828125000000e+04
1.236300048828125000e+03
1.512790039062500000e+04
1.915088671875000000e+04
7.980029907226562500e+02
1.311378051757812500e+03
2.830209960937500000e+02
2.492680908203125000e+03
1.293804980468750000e+04
4.078261962890625000e+03
7.555510253906250000e+02
1.724551025390625000e+03
2.237570898437500000e+04
4.515475781250000000e+04
4.437761328125000000e+04
4.646170703125000000e+04
3.290832031250000000e+03
4.084360156250000000e+04
2.173936035156250000e+03
5.581640014648437500e+02
7.815010937500000000e+04
8.785460205078125000e+02
6.229429931640625000e+02
1.510452343750000000e+05
3.347064062500000000e+05
1.018784277343750000e+04
3.622214453125000000e+04
9.227530468750000000e+04
5.519443750000000000e+04
1.881585156250000000e+04
8.483029785156250000e+02
1.145864843750000000e+04
1.691822998046875000e+03
1.347937500000000000e+04
4.905858886718750000e+03
6.973626953125000000e+03
1.674369964599609375e+02
2.165282958984375000e+03
5.168377929687500000e+03
8.676000213623046875e+01
1.466254492187500000e+04
7.419067187500000000e+04
1.111649047851562500e+03
1.244698671875000000e+05
9.570819702148437500e+02
6.076116796875000000e+04
3.057996093750000000e+03
5.700800170898437500e+02
3.341938437500000000e+05
5.062687988281250000e+03
3.431069091796875000e+03
9.645372070312500000e+03
5.569170898437500000e+03
9.041188281250000000e+04
4.653056152343750000e+03
8.746460937500000000e+03
6.328200195312500000e+03
3.280325927734375000e+03
3.782407421875000000e+04
1.223300048828125000e+03
8.774826171875000000e+03
5.540591796875000000e+04
1.262537963867187500e+03
6.843663281250000000e+04
1.864332031250000000e+03
9.528926757812500000e+03
6.800996093750000000e+03
6.273761230468750000e+03
1.326869964599609375e+02
4.823570703125000000e+04
3.185129882812500000e+03
1.688098125000000000e+05
1.112331054687500000e+04
4.160102734375000000e+04
1.629738281250000000e+05
4.098668750000000000e+04
9.421760253906250000e+02
1.674640045166015625e+02
1.616124843750000000e+05
1.571670156250000000e+05
4.694800186157226562e+01
2.269550018310546875e+02
7.191130468750000000e+04
1.833109960937500000e+04
4.268634765625000000e+04
5.052198046875000000e+04
5.770803515625000000e+04
2.709690917968750000e+03
1.753322998046875000e+03
4.660646972656250000e+03
8.464838281250000000e+04
1.099440312500000000e+05
1.311808300781250000e+04
3.117700927734375000e+03
7.532050170898437500e+02
3.544239013671875000e+03
1.275837421875000000e+05
4.492010546875000000e+04
2.193409912109375000e+03
1.611307500000000000e+05
2.113169921875000000e+03
1.301827026367187500e+03
4.131916406250000000e+04
1.732348437500000000e+05
3.900840087890625000e+03
7.371600341796875000e+01
1.197699966430664062e+02
2.062687011718750000e+03
1.334233750000000000e+05
2.028266992187500000e+04
5.960181250000000000e+04
8.786690063476562500e+02
3.689819946289062500e+02
3.265088476562500000e+04
1.461698437500000000e+05
1.031534960937500000e+04
2.800474023437500000e+04
2.719584960937500000e+03
1.218170078125000000e+05
2.253672851562500000e+04
5.352264160156250000e+03
6.199339843750000000e+03
9.227150268554687500e+02
6.115614062500000000e+04
1.124581933593750000e+04
4.858410156250000000e+03
5.259561035156250000e+03
2.965916796875000000e+04
5.803189697265625000e+02
6.357914843750000000e+04
1.500910644531250000e+04
4.099342968750000000e+04
2.024940032958984375e+02
3.490320129394531250e+02
6.090960937500000000e+03
2.373380664062500000e+04
5.588583984375000000e+03
6.444495703125000000e+04
4.923546875000000000e+04
3.149712109375000000e+04
4.077837109375000000e+04
1.305469609375000000e+05
6.192860107421875000e+02
4.232330468750000000e+04
1.256742656250000000e+05
1.072140937500000000e+05
3.835799072265625000e+03
1.832452656250000000e+05
7.395789794921875000e+02
1.144154531250000000e+05
7.828548828125000000e+03
4.619754882812500000e+03
3.065151250000000000e+05
1.599802656250000000e+05
6.654559936523437500e+02
3.007745312500000000e+05
2.303318750000000000e+04
8.169199829101562500e+02
1.075338989257812500e+03
6.810668750000000000e+04
5.954549218750000000e+04
1.109137695312500000e+04
1.672920043945312500e+03
8.189441406250000000e+04
2.702885986328125000e+03
7.555930175781250000e+02
5.689734765625000000e+04
2.250014843750000000e+04
5.355270019531250000e+03
1.316699981689453125e+01
1.142789993286132812e+02
3.556532031250000000e+04
9.414565429687500000e+03
8.479368750000000000e+04
1.189979980468750000e+03
1.008882019042968750e+03
8.629084960937500000e+03
1.649420312500000000e+04
1.245482055664062500e+03
1.290147949218750000e+03
4.170400085449218750e+02
3.767897656250000000e+04
4.594106933593750000e+03
7.654526562500000000e+04
2.399835937500000000e+03
8.861870312500000000e+04
1.924921997070312500e+03
9.088918750000000000e+04
6.541582812500000000e+04
1.558215942382812500e+03
1.381510009765625000e+03
1.054589996337890625e+02
6.247301171875000000e+04
1.521600036621093750e+02
1.938170781250000000e+05
2.285124804687500000e+04
2.747066894531250000e+03
4.520453125000000000e+04
4.924078125000000000e+03
4.204965820312500000e+03
3.852671484375000000e+04
2.633286132812500000e+04
1.671602050781250000e+03
2.288905029296875000e+03
7.444353906250000000e+04
8.733628906250000000e+03
2.237270050048828125e+02
1.113830937500000000e+05
8.943065429687500000e+03
1.129385351562500000e+04
2.885000000000000000e+02
5.678430175781250000e+02
9.458379687500000000e+04
4.226547851562500000e+03
1.293464965820312500e+03
3.953770141601562500e+02
5.600851171875000000e+04
1.841793750000000000e+05
8.083599853515625000e+02
8.292882031250000000e+04
3.698701171875000000e+04
1.398515039062500000e+04
5.522493164062500000e+03
5.700109863281250000e+02
8.159842773437500000e+03
1.017783020019531250e+03
1.077625078125000000e+05
4.121498828125000000e+04
3.372341015625000000e+04
1.544641967773437500e+03
3.294229980468750000e+03
8.435366210937500000e+03
2.236538476562500000e+04
1.170510986328125000e+03
2.295534912109375000e+03
5.204320068359375000e+02
6.299413671875000000e+04
1.697825195312500000e+04
5.543319702148437500e+02
3.135314941406250000e+03
3.128439941406250000e+03
3.859046875000000000e+04
6.384340209960937500e+02
4.754389062500000000e+04
9.208907226562500000e+03
2.446045898437500000e+03
5.084866796875000000e+04
7.470620117187500000e+02
1.185790332031250000e+04
6.265983984375000000e+04
3.088509765625000000e+04
1.142938203125000000e+05
1.443707968750000000e+05
3.487642089843750000e+03
3.194450073242187500e+02
4.236949218750000000e+03
4.616235546875000000e+04
1.439625000000000000e+03
1.983774023437500000e+04
1.191601562500000000e+04
2.295845468750000000e+05
1.785237968750000000e+05
1.002401093750000000e+05
2.663034765625000000e+04
7.051735839843750000e+03
1.088873144531250000e+04
9.513850097656250000e+02
1.734535742187500000e+04
7.414693750000000000e+04
7.172043750000000000e+04
3.865583007812500000e+03
9.857459960937500000e+03
8.059299926757812500e+02
7.029714843750000000e+03
1.228901250000000000e+05
2.462873828125000000e+04
7.495281250000000000e+04
1.868256562500000000e+05
1.495074951171875000e+03
1.027327026367187500e+03
1.080081640625000000e+05
2.349589111328125000e+03
2.905065039062500000e+04
1.969402929687500000e+04
8.258571093750000000e+04
3.018265429687500000e+04
2.350216601562500000e+04
3.402144921875000000e+04
1.433547973632812500e+03
8.834760156250000000e+04
2.275157958984375000e+03
2.788000976562500000e+04
8.876325000000000000e+04
3.822697021484375000e+03
3.628564941406250000e+03
1.669972460937500000e+04
2.815866796875000000e+04
1.243277343750000000e+04
2.768019042968750000e+03
1.028940546875000000e+05
3.340800781250000000e+04
3.033829956054687500e+02
1.371076049804687500e+03
1.431546997070312500e+03
1.967495703125000000e+04
5.109270312500000000e+04
1.492287963867187500e+03
6.192709960937500000e+02
1.726192578125000000e+04
7.047049804687500000e+03
1.017297973632812500e+03
4.451310119628906250e+02
6.540677734375000000e+04
9.674889843750000000e+04
1.799176025390625000e+03
6.763651562500000000e+04
6.496348144531250000e+03
2.018886962890625000e+03
7.343268750000000000e+04
4.355803125000000000e+04
5.280386230468750000e+03
6.308750000000000000e+02
1.884488671875000000e+04
4.152579956054687500e+02
1.657604980468750000e+03
6.421365234375000000e+03
5.752750244140625000e+02
4.172355957031250000e+03
5.361748046875000000e+03
8.903209838867187500e+02
5.238010253906250000e+02
3.263900878906250000e+03
1.910149609375000000e+04
7.138350219726562500e+02
3.808720092773437500e+02
5.448966406250000000e+04
5.518280029296875000e+02
1.866840057373046875e+02
3.419517578125000000e+04
3.991610107421875000e+02
7.983609863281250000e+03
1.698159960937500000e+04
1.616953437500000000e+05
1.774564941406250000e+03
6.119647949218750000e+03
3.916549987792968750e+02
6.633934375000000000e+04
2.637157958984375000e+03
9.258141601562500000e+03
3.588090625000000000e+04
4.299930175781250000e+03
2.011508056640625000e+03
9.355349731445312500e+02
7.450102343750000000e+04
3.392205859375000000e+04
5.592485839843750000e+03
1.472192812500000000e+05
4.423901953125000000e+04
4.768469848632812500e+02
1.196482055664062500e+03
8.812759375000000000e+04
5.414060937500000000e+04
2.857139892578125000e+03
2.258648750000000000e+05
5.276669921875000000e+02
8.829019775390625000e+02
3.978909912109375000e+02
5.740824218750000000e+03
6.101409912109375000e+02
1.757779998779296875e+02
1.099093017578125000e+03
2.934870703125000000e+04
1.826352734375000000e+04
1.321880004882812500e+03
6.495079956054687500e+02
4.725006835937500000e+03
1.744027734375000000e+04
1.470172753906250000e+04
2.540199951171875000e+03
1.970649804687500000e+04
2.796431884765625000e+03
4.709000015258789062e+01
4.908002929687500000e+03
7.608558105468750000e+03
1.798264038085937500e+03
5.154539062500000000e+04
2.769155859375000000e+04
5.653499984741210938e+01
8.767739868164062500e+02
4.255713867187500000e+03
5.869872656250000000e+04
1.810590057373046875e+02
8.338371093750000000e+03
8.700475000000000000e+04
3.901672812500000000e+05
1.312076049804687500e+03
3.719545898437500000e+03
2.168835312500000000e+05
1.979143750000000000e+04
7.756564843750000000e+04
1.288926171875000000e+04
6.316693359375000000e+04
7.490622656250000000e+04
4.057548828125000000e+04
1.855010070800781250e+02
3.222948974609375000e+03
3.378031005859375000e+03
2.138616943359375000e+03
2.972379882812500000e+04
1.461229003906250000e+03
6.628972167968750000e+03
6.133892968750000000e+04
3.719460937500000000e+04
1.841782958984375000e+03
8.535195312500000000e+04
5.332817871093750000e+03
2.240705078125000000e+04
4.425602050781250000e+03
4.467541015625000000e+04
1.123431640625000000e+04
1.270077929687500000e+04
2.194300079345703125e+01
5.566446777343750000e+03
7.303961914062500000e+03
1.854656982421875000e+03
1.389619018554687500e+03
1.563026269531250000e+04
4.635929870605468750e+02
2.207209218750000000e+05
3.194114013671875000e+03
1.096347167968750000e+04
1.744184375000000000e+04
3.386666406250000000e+04
3.548219140625000000e+04
3.235626953125000000e+03
1.360088671875000000e+04
6.663295312500000000e+04
2.057169921875000000e+03
5.067760156250000000e+04
1.136168125000000000e+05
9.128140258789062500e+02
1.555586425781250000e+04
1.831900024414062500e+02
4.989389160156250000e+03
1.445666992187500000e+04
1.317789531250000000e+05
8.797073437500000000e+04
2.988708007812500000e+03
1.716133056640625000e+03
9.036731250000000000e+04
8.160837890625000000e+03
5.507883789062500000e+03
5.499719848632812500e+02
1.966321562500000000e+05
9.694100781250000000e+04
4.903411718750000000e+04
4.670883593750000000e+04
6.449453515625000000e+04
1.860137031250000000e+05
5.631800079345703125e+01
1.359406005859375000e+03
1.737879492187500000e+04
3.998152734375000000e+04
2.663745117187500000e+03
3.447269921875000000e+04
1.086932421875000000e+04
2.148272070312500000e+04
5.998184375000000000e+04
3.206167578125000000e+04
8.105524218750000000e+04
2.815900781250000000e+04
2.570664257812500000e+04
3.196950927734375000e+03
6.000650024414062500e+02
2.260837109375000000e+04
7.175721875000000000e+04
3.983791992187500000e+03
3.086336132812500000e+04
1.806193554687500000e+04
4.244519042968750000e+03
7.254660034179687500e+02
2.229090156250000000e+05
1.358422343750000000e+05
3.069914257812500000e+04
2.782173095703125000e+03
2.042963012695312500e+03
1.269779140625000000e+05
3.452500000000000000e+02
3.030553320312500000e+04
3.398669921875000000e+03
9.267176562500000000e+04
5.798445312500000000e+04
5.090707031250000000e+04
1.216672753906250000e+04
4.689505859375000000e+03
4.109026855468750000e+03
5.454872265625000000e+04
2.363639892578125000e+03
1.497661010742187500e+03
5.226661132812500000e+03
1.791526000976562500e+03
1.976124023437500000e+03
1.261347045898437500e+03
8.077452148437500000e+03
5.983257421875000000e+04
1.386163940429687500e+03
1.847093994140625000e+03
3.537599218750000000e+04
1.295190937500000000e+05
1.176951171875000000e+04
9.398398437500000000e+04
1.649447998046875000e+03
5.115503906250000000e+03
1.451743593750000000e+05
9.520828125000000000e+03
2.898818115234375000e+03
5.940027343750000000e+04
9.450059814453125000e+02
9.751149902343750000e+02
7.409231250000000000e+04
3.354783593750000000e+04
2.045161010742187500e+03
1.110409277343750000e+04
2.155518906250000000e+05
2.334465781250000000e+05
3.518468017578125000e+03
1.629936406250000000e+05
2.025390014648437500e+02
1.206225952148437500e+03
1.950213012695312500e+03
1.763636962890625000e+03
5.401100158691406250e+01
3.281818750000000000e+04
1.036213515625000000e+05
1.441487597656250000e+04
5.993769042968750000e+03
1.185453437500000000e+05
5.631919921875000000e+04
3.696898925781250000e+03
9.919720312500000000e+04
3.344956250000000000e+04
3.803349914550781250e+02
5.471663085937500000e+03
1.416053593750000000e+05
5.914388183593750000e+03
4.375930175781250000e+03
4.069389953613281250e+02
1.712919140625000000e+04
1.960449218750000000e+04
2.728280029296875000e+02
6.463824218750000000e+04
8.902208984375000000e+03
7.855540161132812500e+02
2.194430468750000000e+05
6.108480224609375000e+02
2.053292968750000000e+05
1.211737060546875000e+03
3.690099218750000000e+04
4.208359863281250000e+03
1.401233906250000000e+05
6.241916015625000000e+03
6.667203125000000000e+04
1.065616943359375000e+03
4.580395019531250000e+03
3.694253906250000000e+03
2.682139892578125000e+02
3.615471875000000000e+04
4.526615234375000000e+03
8.271099853515625000e+02
5.166571484375000000e+04
1.593359985351562500e+02
3.215876953125000000e+03
1.952243041992187500e+03
1.355954956054687500e+03
6.672769775390625000e+02
5.149066894531250000e+03
4.311430053710937500e+02
8.256199645996093750e+01
1.531063476562500000e+04
2.824270019531250000e+03
1.040745410156250000e+04
3.111021875000000000e+04
5.131629882812500000e+03
9.152010937500000000e+04
8.368795312500000000e+04
1.893868554687500000e+04
2.353777099609375000e+03
1.701647500000000000e+05
6.283745117187500000e+03
5.787065917968750000e+03
2.021531982421875000e+03
4.478658203125000000e+03
1.912212036132812500e+03
1.647452148437500000e+04
3.438272949218750000e+03
5.952473437500000000e+04
1.152794140625000000e+04
1.018978027343750000e+03
3.412401953125000000e+04
4.719790039062500000e+02
3.840687890625000000e+04
1.863860961914062500e+03
1.338956875000000000e+05
7.567086718750000000e+04
5.501357812500000000e+04
4.518250000000000000e+04
9.216377929687500000e+03
3.307670898437500000e+03
1.225568671875000000e+05
5.072353027343750000e+03
3.338230957031250000e+03
1.322534062500000000e+05
5.639982910156250000e+03
2.258504687500000000e+05
7.019394531250000000e+04
2.450149993896484375e+02
7.452953906250000000e+04
1.679438867187500000e+04
4.133130078125000000e+04
1.639545043945312500e+03
1.449973022460937500e+03
2.435123046875000000e+03
4.191851074218750000e+03
1.002501250000000000e+05
3.427948974609375000e+03
1.591647949218750000e+03
5.593965820312500000e+03
7.148527832031250000e+03
4.588550109863281250e+02
4.476362792968750000e+03
5.660238281250000000e+04
1.041560078125000000e+05
3.082160351562500000e+04
2.617170898437500000e+03
8.228414062500000000e+03
5.306614375000000000e+05
9.548409375000000000e+04
1.128198974609375000e+03
2.741528076171875000e+03
8.567534375000000000e+04
2.190121093750000000e+03
6.232725781250000000e+04
1.909868164062500000e+04
2.559042382812500000e+04
4.416816894531250000e+03
2.259899902343750000e+03
8.361467968750000000e+04
2.721107500000000000e+05
1.375477656250000000e+05
8.239133789062500000e+03
1.863603027343750000e+03
7.735383593750000000e+04
1.347565332031250000e+04
3.161449890136718750e+02
4.612725000000000000e+04
6.669920043945312500e+02
4.273937988281250000e+03
1.437984218750000000e+05
1.050443437500000000e+05
1.075008046875000000e+05
1.184610781250000000e+05
1.757898281250000000e+05
6.197630004882812500e+02
2.420042968750000000e+03
7.767160034179687500e+02
4.092337109375000000e+04
6.259713281250000000e+04
1.065784277343750000e+04
1.186941040039062500e+03
9.718708007812500000e+03
3.315463281250000000e+04
1.579326171875000000e+04
3.089096093750000000e+04
3.685646972656250000e+03
7.240917968750000000e+04
2.250428710937500000e+04
1.767338989257812500e+03
5.501800155639648438e+01
3.753439941406250000e+02
4.746896484375000000e+04
3.386383984375000000e+04
1.042249707031250000e+04
1.778600952148437500e+03
3.428489990234375000e+02
2.259249023437500000e+03
3.424900054931640625e+01
7.858286132812500000e+03
4.803160156250000000e+03
9.256523437500000000e+04
7.811767968750000000e+04
7.416521093750000000e+04
5.565899609375000000e+04
7.342315917968750000e+03
2.542031982421875000e+03
8.255782812500000000e+04
5.851896875000000000e+04
1.248414843750000000e+04
7.007231250000000000e+04
3.466739013671875000e+03
2.384184570312500000e+04
8.583400268554687500e+02
8.156125976562500000e+03
4.724660937500000000e+04
3.599847656250000000e+04
5.565601074218750000e+03
9.749300781250000000e+04
2.946195312500000000e+04
3.164104882812500000e+04
8.349110107421875000e+02
5.191110839843750000e+03
7.602399902343750000e+02
1.609250030517578125e+02
1.123963281250000000e+05
1.349258398437500000e+04
1.002987304687500000e+04
1.129485390625000000e+05
4.371500000000000000e+03
1.492907958984375000e+03
7.676589965820312500e+02
2.467011962890625000e+03
3.238223437500000000e+04
7.353453906250000000e+04
9.727189941406250000e+02
1.207969970703125000e+03
9.057738281250000000e+04
1.281316640625000000e+05
5.028419921875000000e+04
1.463850390625000000e+04
9.044719726562500000e+03
7.567892089843750000e+03
1.179666992187500000e+03
2.820707031250000000e+03
1.761592041015625000e+03
2.286409912109375000e+03
9.716810302734375000e+02
8.042836718750000000e+04
6.071140136718750000e+02
9.346936718750000000e+04
6.067740234375000000e+03
4.756866015625000000e+04
1.422158593750000000e+05
5.261146875000000000e+04
8.993827343750000000e+04
1.397175048828125000e+03
6.275001953125000000e+04
5.404400024414062500e+02
6.687126562500000000e+04
1.157087036132812500e+03
3.587803125000000000e+04
1.624770050048828125e+02
3.192269897460937500e+02
4.128500061035156250e+02
1.514756875000000000e+05
1.173269218750000000e+05
4.395131835937500000e+03
1.032275024414062500e+03
2.166258056640625000e+03
