1.669979980468750000e+03
1.226993041992187500e+03
1.128999948501586914e+00
1.690600013732910156e+01
2.365000009536743164e+00
6.677999973297119141e+00
2.097500038146972656e+01
1.500025024414062500e+03
7.290360107421875000e+02
3.737999916076660156e+00
2.249790039062500000e+02
3.250343994140625000e+03
7.914609985351562500e+02
2.982919921875000000e+03
1.012500000000000000e+01
2.818550109863281250e+02
4.358636230468750000e+03
1.384700012207031250e+01
7.497362792968750000e+03
1.198589257812500000e+04
3.131900024414062500e+01
2.371999979019165039e+00
2.372200012207031250e+01
1.325312011718750000e+03
1.749608032226562500e+03
2.176740966796875000e+03
1.228293945312500000e+03
3.460975097656250000e+03
7.152762207031250000e+03
2.918342041015625000e+03
4.907329101562500000e+03
1.796134033203125000e+03
2.243180908203125000e+03
1.659900093078613281e+01
4.227190917968750000e+03
3.057937988281250000e+03
1.839112060546875000e+03
9.176827148437500000e+03
1.126000022888183594e+01
3.497027099609375000e+03
1.245254003906250000e+04
7.300299835205078125e+01
1.292417968750000000e+03
2.401724121093750000e+03
4.541193847656250000e+03
3.013999938964843750e+00
1.894302001953125000e+03
3.597054931640625000e+03
7.357125000000000000e+03
4.973000049591064453e+00
5.225999832153320312e+00
1.812593994140625000e+03
5.007240234375000000e+03
4.004764892578125000e+03
2.475799942016601562e+01
4.199128906250000000e+03
1.256099987030029297e+01
2.358702880859375000e+03
1.228375976562500000e+03
6.475328125000000000e+03
2.117314941406250000e+03
7.897620239257812500e+02
9.737788085937500000e+03
2.809082031250000000e+03
5.326358886718750000e+03
3.350379943847656250e+02
6.129069824218750000e+02
1.511940002441406250e+02
1.918887939453125000e+03
3.076721923828125000e+03
2.168499946594238281e+01
3.747590026855468750e+02
4.626659851074218750e+02
2.936118896484375000e+03
1.118700027465820312e+01
3.304405029296875000e+03
1.770031054687500000e+04
1.807510986328125000e+03
9.963530273437500000e+02
1.333199977874755859e+01
5.954509887695312500e+02
2.081343994140625000e+03
3.321316894531250000e+03
2.654282958984375000e+03
5.428562988281250000e+03
1.140307006835937500e+03
3.815000152587890625e+01
2.080690039062500000e+04
1.442693969726562500e+03
2.572915039062500000e+03
2.878999948501586914e+00
9.531999588012695312e+00
1.094640014648437500e+03
1.711170043945312500e+02
2.283710937500000000e+03
1.184522949218750000e+03
4.675000190734863281e+00
1.628480072021484375e+02
1.313930053710937500e+02
7.760013183593750000e+03
4.150490112304687500e+02
7.518517089843750000e+03
1.864812988281250000e+03
2.496455078125000000e+03
1.347290039062500000e+03
3.427000045776367188e+00
8.839990234375000000e+02
5.506000041961669922e+00
3.126168945312500000e+03
4.464000225067138672e+00
1.452943969726562500e+03
9.871769531250000000e+03
3.286013916015625000e+03
8.786999702453613281e+00
3.273999929428100586e+00
6.828999996185302734e+00
2.772000074386596680e+00
3.949689941406250000e+02
2.149218017578125000e+03
1.028600025177001953e+01
2.467500976562500000e+03
4.227000236511230469e+00
1.776984985351562500e+03
7.521700286865234375e+01
1.113968017578125000e+03
1.588999986648559570e+00
1.363181030273437500e+03
2.395400878906250000e+03
1.371220947265625000e+03
2.444267089843750000e+03
7.630000114440917969e+00
4.130704101562500000e+03
5.545066894531250000e+03
1.905270996093750000e+03
1.951373046875000000e+03
8.454988281250000000e+03
1.004359985351562500e+03
6.259219970703125000e+02
7.827495117187500000e+03
3.051920898437500000e+03
6.408456054687500000e+03
1.174000024795532227e+00
5.472509765625000000e+02
9.444840087890625000e+02
2.853469848632812500e+02
1.399743164062500000e+04
1.951300048828125000e+01
4.184104003906250000e+03
2.521607910156250000e+03
2.793975097656250000e+03
2.242518066406250000e+03
2.394446044921875000e+03
9.593369750976562500e+02
1.023499023437500000e+03
5.495793945312500000e+03
7.056829833984375000e+02
6.487034179687500000e+03
7.705517089843750000e+03
8.408580078125000000e+03
2.959000110626220703e+00
4.701995117187500000e+03
7.083640136718750000e+02
3.823099975585937500e+02
3.015108886718750000e+03
7.295105957031250000e+03
9.051293945312500000e+03
1.912979003906250000e+03
3.297860107421875000e+02
6.266499023437500000e+03
5.740530761718750000e+03
3.717999935150146484e+00
3.958485107421875000e+03
6.239618164062500000e+03
2.908728027343750000e+03
2.653150878906250000e+03
3.476521972656250000e+03
9.498999595642089844e+00
2.825656005859375000e+03
1.612807006835937500e+03
3.468274902343750000e+03
9.802000045776367188e+00
1.769317016601562500e+03
9.022609863281250000e+02
8.581400146484375000e+02
1.829529052734375000e+03
5.281689941406250000e+03
4.665252929687500000e+03
3.118999958038330078e+00
3.205697998046875000e+03
1.063958691406250000e+04
8.555300140380859375e+01
2.366958007812500000e+03
1.534905761718750000e+04
1.789399909973144531e+01
4.491000175476074219e+00
8.169143066406250000e+03
7.664166992187500000e+03
2.437330017089843750e+02
1.015200042724609375e+01
8.813770141601562500e+02
2.473090057373046875e+02
7.920000076293945312e+00
4.156999969482421875e+01
7.047224121093750000e+03
2.935272949218750000e+03
1.043900012969970703e+01
5.991780761718750000e+03
1.546146972656250000e+03
1.785959930419921875e+02
9.179999828338623047e-01
1.073328002929687500e+03
3.701357910156250000e+03
4.610599899291992188e+01
4.887273925781250000e+03
4.171000003814697266e+00
4.973323242187500000e+03
2.696000099182128906e+00
6.175469238281250000e+03
1.344900035858154297e+01
7.171522949218750000e+03
3.493999958038330078e+00
4.439079895019531250e+02
2.636706054687500000e+03
8.834799957275390625e+01
1.285490966796875000e+03
3.913210937500000000e+03
3.278504882812500000e+03
2.624190063476562500e+02
7.526999950408935547e+00
3.638999938964843750e+00
1.128630981445312500e+03
5.375124023437500000e+03
2.551000118255615234e+00
5.376085937500000000e+03
1.229169998168945312e+02
2.959879882812500000e+03
5.598928222656250000e+03
8.276660156250000000e+02
3.861520080566406250e+02
6.624000072479248047e+00
2.592524902343750000e+03
5.620654785156250000e+03
2.238398925781250000e+03
4.664999961853027344e+00
4.234000205993652344e+00
4.468417968750000000e+03
7.491916015625000000e+03
3.587680053710937500e+02
3.911999940872192383e+00
4.270894042968750000e+03
4.139131835937500000e+03
6.595211914062500000e+03
6.090759887695312500e+02
5.093999862670898438e+00
1.030455273437500000e+04
1.061600017547607422e+01
3.057399940490722656e+01
6.896800231933593750e+01
2.530391113281250000e+03
1.269900035858154297e+01
2.193000030517578125e+01
1.654915039062500000e+03
3.813520996093750000e+03
7.751459960937500000e+02
1.207459179687500000e+04
1.022794238281250000e+04
4.248944824218750000e+03
3.420628906250000000e+03
1.270036010742187500e+03
3.346999883651733398e+00
9.030682617187500000e+03
7.844249877929687500e+02
8.501569824218750000e+02
2.331529052734375000e+03
5.118503906250000000e+03
9.247860107421875000e+02
1.718542968750000000e+03
1.061699962615966797e+01
1.290200000000000000e+04
4.052000045776367188e+00
3.507351074218750000e+03
2.981573974609375000e+03
5.228722167968750000e+03
4.293590087890625000e+02
4.609000205993652344e+00
9.083999633789062500e+00
7.891646972656250000e+03
8.602999687194824219e+00
1.120800018310546875e+01
6.157153808593750000e+03
5.195000171661376953e+00
3.130333984375000000e+03
4.672999858856201172e+00
3.388999938964843750e+00
1.233089965820312500e+03
8.991000175476074219e+00
4.098104003906250000e+03
1.325676660156250000e+04
5.783720214843750000e+03
7.812452148437500000e+03
1.290599975585937500e+02
7.349299926757812500e+02
1.714996948242187500e+03
6.793121093750000000e+03
3.496061035156250000e+03
1.896000027656555176e+00
4.859000205993652344e+00
9.171989746093750000e+02
4.096487792968750000e+03
1.601188964843750000e+03
3.486999988555908203e+00
1.163530273437500000e+04
4.867000102996826172e+00
2.479236083984375000e+03
8.179719848632812500e+02
2.046699905395507812e+01
2.696029052734375000e+03
6.797672851562500000e+03
2.782669982910156250e+02
4.356240234375000000e+03
9.680000305175781250e+00
1.874716406250000000e+04
1.511600017547607422e+01
1.044817016601562500e+03
4.256546875000000000e+03
3.987893066406250000e+03
1.847802978515625000e+03
1.428005004882812500e+03
3.755106933593750000e+03
8.420419921875000000e+03
9.203720092773437500e+02
6.895366210937500000e+03
5.330999851226806641e+00
4.532799804687500000e+03
6.578435058593750000e+03
3.571719970703125000e+02
3.752804931640625000e+03
1.815999984741210938e+01
2.144199943542480469e+01
3.099956054687500000e+03
1.187937988281250000e+03
2.366834960937500000e+03
8.208000183105468750e+00
5.417920898437500000e+03
6.373980102539062500e+02
3.537589111328125000e+03
1.361136621093750000e+04
3.519917968750000000e+03
6.722306152343750000e+03
4.612259765625000000e+03
9.822999954223632812e+00
1.353255981445312500e+03
9.360800170898437500e+01
1.552874609375000000e+04
9.311299804687500000e+03
1.040496948242187500e+03
3.620240966796875000e+03
3.061419982910156250e+02
7.408738769531250000e+03
6.772907226562500000e+03
3.136270141601562500e+02
5.836705078125000000e+03
4.870329895019531250e+02
1.665303955078125000e+03
6.757695800781250000e+03
3.287270996093750000e+03
2.633658935546875000e+03
6.413000106811523438e+00
3.987999916076660156e+00
1.586089935302734375e+02
7.687329711914062500e+02
1.177780273437500000e+04
5.717000007629394531e+00
6.940999984741210938e+00
5.256943847656250000e+03
4.780000209808349609e+00
2.323641113281250000e+03
6.644999980926513672e+00
2.396656005859375000e+03
7.142312988281250000e+03
4.296852050781250000e+03
3.792000055313110352e+00
5.401999950408935547e+00
7.170607910156250000e+03
7.299099731445312500e+02
8.747641601562500000e+03
8.583790283203125000e+02
3.122023925781250000e+03
1.294087500000000000e+04
1.713519042968750000e+03
2.862454101562500000e+03
6.286800003051757812e+01
3.250270080566406250e+02
4.987940063476562500e+02
1.088799953460693359e+01
2.619413085937500000e+03
1.046110742187500000e+04
2.746941894531250000e+03
1.136600036621093750e+02
6.850383789062500000e+03
4.677099990844726562e+01
3.362400054931640625e+01
1.100500011444091797e+01
3.860559997558593750e+02
1.442620971679687500e+03
7.334938964843750000e+03
1.116999983787536621e+00
7.242299804687500000e+02
5.378610839843750000e+03
1.540900039672851562e+01
3.966539916992187500e+02
1.301049121093750000e+04
3.942399978637695312e+01
1.310899963378906250e+02
2.253092041015625000e+03
6.370999813079833984e+00
9.640999794006347656e+00
3.391459960937500000e+02
4.079648925781250000e+03
6.281063964843750000e+03
6.572744140625000000e+03
4.092282958984375000e+03
2.479207031250000000e+03
6.061287109375000000e+03
5.229688964843750000e+03
1.147890991210937500e+03
2.911800003051757812e+01
8.009937988281250000e+03
7.486669921875000000e+02
2.086390075683593750e+02
2.836560058593750000e+02
4.692723144531250000e+03
8.454299926757812500e+01
8.607550048828125000e+02
2.953912109375000000e+03
2.504690917968750000e+03
4.290542968750000000e+03
5.474760131835937500e+02
5.329592773437500000e+03
5.113674804687500000e+03
1.628038940429687500e+03
1.424352050781250000e+03
1.066199970245361328e+01
2.533451904296875000e+03
9.824000358581542969e+00
1.477068969726562500e+03
3.164999961853027344e+00
3.558931884765625000e+03
5.653999805450439453e+00
2.454634033203125000e+03
7.765687988281250000e+03
3.110310058593750000e+02
2.762479003906250000e+03
4.083859863281250000e+02
1.634456054687500000e+03
3.630083984375000000e+03
1.905711059570312500e+03
4.986224121093750000e+03
7.718999862670898438e+00
3.151525878906250000e+03
9.043859863281250000e+02
4.330914062500000000e+03
5.914751953125000000e+03
5.332844238281250000e+03
1.754880664062500000e+04
9.561252929687500000e+03
2.409267089843750000e+03
1.923809967041015625e+02
1.094600009918212891e+01
2.509300041198730469e+01
4.217999935150146484e+00
1.959082031250000000e+03
1.051906933593750000e+04
4.337999820709228516e+00
2.159779968261718750e+02
2.489021972656250000e+03
7.840937988281250000e+03
8.975168945312500000e+03
2.846165039062500000e+03
1.329399967193603516e+01
5.275299835205078125e+01
3.684407958984375000e+03
4.935992187500000000e+03
3.156860046386718750e+02
5.667792968750000000e+03
1.733699989318847656e+01
1.402140014648437500e+03
6.535099792480468750e+01
8.626403320312500000e+03
8.459391601562500000e+03
5.410999774932861328e+00
3.433000087738037109e+00
3.062054931640625000e+03
4.939000129699707031e+00
1.255214965820312500e+03
7.237333007812500000e+03
7.257393066406250000e+03
5.282006835937500000e+03
1.355118066406250000e+04
2.865000009536743164e+00
6.945250244140625000e+02
3.229607910156250000e+03
1.760890045166015625e+02
6.443060302734375000e+02
2.776059875488281250e+02
5.374839843750000000e+03
5.542621093750000000e+03
4.289465820312500000e+03
6.918430175781250000e+02
2.429957031250000000e+03
1.956519927978515625e+02
4.367640075683593750e+02
3.439859924316406250e+02
3.085175048828125000e+03
5.439099884033203125e+01
1.360645703125000000e+04
2.423020019531250000e+02
2.084799957275390625e+01
5.741400146484375000e+02
1.839517944335937500e+03
4.915262207031250000e+03
6.537960205078125000e+02
4.091091064453125000e+03
7.402981933593750000e+03
1.582944946289062500e+03
7.632271972656250000e+03
6.565461914062500000e+03
7.572148925781250000e+03
3.667064941406250000e+03
3.296760986328125000e+03
1.024939941406250000e+03
2.429960021972656250e+02
1.870922973632812500e+03
1.998399963378906250e+02
1.912947998046875000e+03
1.645614013671875000e+03
8.566160278320312500e+02
7.571000099182128906e+00
1.951281005859375000e+03
2.723089904785156250e+02
5.631000041961669922e+00
4.827532226562500000e+03
5.890900039672851562e+01
6.017410278320312500e+02
1.626529998779296875e+02
7.934619750976562500e+02
4.993498046875000000e+03
1.190661987304687500e+03
1.502238037109375000e+03
1.559843994140625000e+03
2.076600074768066406e+01
4.914339843750000000e+03
9.078053710937500000e+03
3.195846923828125000e+03
1.222500038146972656e+01
3.215750122070312500e+02
4.158859863281250000e+03
1.358191113281250000e+04
2.076099967956542969e+01
2.220802978515625000e+03
5.973646972656250000e+03
1.028540039062500000e+03
3.343474121093750000e+03
1.535912963867187500e+03
3.776999950408935547e+00
1.082800006866455078e+01
6.306000232696533203e+00
5.349304199218750000e+03
3.858418945312500000e+03
2.907999992370605469e+00
2.283999919891357422e+00
5.502935058593750000e+03
6.655429199218750000e+03
5.407090820312500000e+03
6.356970214843750000e+02
1.402299976348876953e+01
9.736599731445312500e+02
3.577393066406250000e+03
9.239000320434570312e+00
2.887489929199218750e+02
1.803050048828125000e+03
7.681514160156250000e+03
2.825540039062500000e+03
3.293388916015625000e+03
1.691241210937500000e+04
9.206074218750000000e+03
3.619468994140625000e+03
1.645656005859375000e+03
3.458580017089843750e+02
2.715108886718750000e+03
1.808286132812500000e+04
3.695366943359375000e+03
1.367149963378906250e+02
5.607500076293945312e+01
8.596849975585937500e+02
1.104679492187500000e+04
4.016291992187500000e+03
1.803067016601562500e+03
1.410699023437500000e+04
1.564331054687500000e+03
1.143000006675720215e+00
7.240002929687500000e+03
3.115780029296875000e+02
1.817829956054687500e+03
4.398215820312500000e+03
6.265999794006347656e+00
2.151927978515625000e+03
5.498000144958496094e+00
1.333166015625000000e+03
2.877365966796875000e+03
2.531625000000000000e+03
3.756000041961669922e+00
2.652199935913085938e+01
1.049673950195312500e+03
9.137410278320312500e+02
5.447999954223632812e+00
5.670356933593750000e+03
1.085099983215332031e+01
2.081792968750000000e+03
6.368099975585937500e+02
5.210002929687500000e+03
5.783070068359375000e+02
2.551985107421875000e+03
6.712110839843750000e+03
5.108753906250000000e+03
2.535016113281250000e+03
9.291599731445312500e+02
6.131999969482421875e+00
1.242559967041015625e+02
3.598836914062500000e+03
2.252544921875000000e+03
9.495239868164062500e+02
1.293348022460937500e+03
4.333791015625000000e+03
1.044900035858154297e+01
9.387000083923339844e+00
6.438735839843750000e+03
6.509892089843750000e+03
1.412209960937500000e+04
3.980235107421875000e+03
1.144420013427734375e+02
3.562000036239624023e+00
7.921680297851562500e+02
2.098900032043457031e+01
1.395814941406250000e+03
6.802557128906250000e+03
1.102252343750000000e+04
7.415009765625000000e+02
4.979110107421875000e+02
4.641830078125000000e+03
5.221606933593750000e+03
4.209731933593750000e+03
2.676850097656250000e+03
1.588000059127807617e+00
4.923387207031250000e+03
1.370400047302246094e+01
2.182371093750000000e+03
2.227999925613403320e+00
5.535300064086914062e+01
4.303525878906250000e+03
2.398894042968750000e+03
2.042799949645996094e+01
2.180504882812500000e+03
4.769000053405761719e+00
3.277999877929687500e+01
7.889228027343750000e+03
2.528700927734375000e+03
1.238371948242187500e+03
6.521729736328125000e+02
3.513249023437500000e+03
3.608448974609375000e+03
6.539000034332275391e+00
1.264296997070312500e+03
2.191908935546875000e+03
3.987999916076660156e+00
8.764329833984375000e+02
3.533096923828125000e+03
9.011060180664062500e+02
1.527515991210937500e+03
4.558209960937500000e+03
5.219405761718750000e+03
1.692228906250000000e+04
1.199211914062500000e+04
7.272128906250000000e+03
1.830699920654296875e+01
4.621200180053710938e+01
3.364689941406250000e+02
2.679333007812500000e+03
1.164591992187500000e+04
9.175800323486328125e+01
2.724813964843750000e+03
8.629896484375000000e+03
3.397768066406250000e+03
9.374749755859375000e+02
3.956000089645385742e+00
1.988618041992187500e+03
2.066999912261962891e+00
7.489555175781250000e+03
1.320038940429687500e+03
4.262000083923339844e+00
1.358857055664062500e+03
2.378289062500000000e+03
3.467069091796875000e+03
2.867208007812500000e+03
9.135199737548828125e+01
3.876440917968750000e+03
1.411620025634765625e+02
1.740726953125000000e+04
2.294194091796875000e+03
9.993859863281250000e+02
2.070605957031250000e+03
4.541520996093750000e+03
2.039000034332275391e+00
3.406383056640625000e+03
2.204733886718750000e+03
3.713039855957031250e+02
3.557568115234375000e+03
4.828219909667968750e+02
3.069000005722045898e+00
4.064000129699707031e+00
1.069200038909912109e+01
1.084770996093750000e+03
5.386000156402587891e+00
1.718307983398437500e+03
2.102125000000000000e+03
3.547586914062500000e+03
2.960422119140625000e+03
1.981220947265625000e+03
4.403064941406250000e+03
5.558241210937500000e+03
8.267299804687500000e+02
9.236522460937500000e+03
5.326300048828125000e+01
3.804450073242187500e+02
6.413062011718750000e+03
2.388376953125000000e+03
4.915835937500000000e+03
1.122067016601562500e+03
1.152762695312500000e+04
1.335574951171875000e+03
5.497000217437744141e+00
2.182830047607421875e+02
6.811628906250000000e+03
1.331141967773437500e+03
6.663351074218750000e+03
1.469015014648437500e+03
4.041013916015625000e+03
3.034000015258789062e+01
1.703528125000000000e+04
3.903177978515625000e+03
4.758754882812500000e+03
3.748080139160156250e+02
1.678499023437500000e+03
8.666999816894531250e+01
5.263637207031250000e+03
5.594400878906250000e+03
6.352560058593750000e+03
4.496500015258789062e+01
2.660889892578125000e+02
2.153089111328125000e+03
6.934999942779541016e+00
1.269889746093750000e+04
9.903828125000000000e+03
3.838250000000000000e+03
2.937489929199218750e+02
3.933552978515625000e+03
3.483919982910156250e+02
9.440029907226562500e+02
3.931100082397460938e+01
5.483081054687500000e+03
5.528970214843750000e+03
6.010989990234375000e+02
1.191685058593750000e+03
3.000253906250000000e+03
9.997760009765625000e+02
4.891400146484375000e+01
5.394223144531250000e+03
6.652999877929687500e+02
5.244208007812500000e+03
6.823591796875000000e+03
2.182393066406250000e+03
1.827531005859375000e+03
3.644602050781250000e+03
3.681413085937500000e+03
4.213120117187500000e+03
1.604137939453125000e+03
1.830000042915344238e+00
1.196427636718750000e+04
2.167355957031250000e+03
1.443105957031250000e+03
3.051549072265625000e+03
4.744716796875000000e+03
4.956520080566406250e+02
3.340429992675781250e+02
5.602431152343750000e+03
3.757999897003173828e+00
6.287068847656250000e+03
2.680800056457519531e+01
1.446698974609375000e+03
6.823054199218750000e+03
2.860542968750000000e+03
4.716000080108642578e+00
7.947801757812500000e+03
7.657062011718750000e+03
3.459099960327148438e+01
6.347100067138671875e+01
6.568789062500000000e+03
8.018000030517578125e+01
7.503270996093750000e+03
5.183553222656250000e+03
2.940360107421875000e+02
7.569799804687500000e+02
1.045916992187500000e+03
2.736742919921875000e+03
5.435020996093750000e+03
7.830367187500000000e+03
1.893212036132812500e+03
9.368000030517578125e+00
3.738086914062500000e+03
2.685230957031250000e+03
7.065000057220458984e+00
6.078033203125000000e+03
1.385000038146972656e+01
4.593354003906250000e+03
2.796945068359375000e+03
4.479891113281250000e+03
5.254668945312500000e+03
6.640736816406250000e+03
8.315020141601562500e+02
3.103072021484375000e+03
2.401683105468750000e+03
1.303957031250000000e+03
1.517420043945312500e+03
3.436870117187500000e+02
2.727038085937500000e+03
4.871803222656250000e+03
7.740699768066406250e+01
8.235399627685546875e+01
9.905440063476562500e+02
1.540400028228759766e+01
3.256999969482421875e+00
2.901930908203125000e+03
4.525179199218750000e+03
6.399149780273437500e+02
1.188799953460693359e+01
2.299123046875000000e+03
1.350789947509765625e+02
9.055999755859375000e+00
2.078849945068359375e+02
3.007095947265625000e+03
5.696000099182128906e+00
6.576685058593750000e+03
4.155430175781250000e+03
1.684142944335937500e+03
2.734999895095825195e+00
1.376949951171875000e+03
2.763874023437500000e+03
3.621258056640625000e+03
1.005549987792968750e+03
3.462447021484375000e+03
3.884000062942504883e+00
2.640290039062500000e+03
3.562950927734375000e+03
1.420302978515625000e+03
4.507780151367187500e+02
3.678200149536132812e+01
8.731155273437500000e+03
1.195376269531250000e+04
1.819879028320312500e+03
2.126757080078125000e+03
6.545166992187500000e+03
4.342999935150146484e+00
1.019075988769531250e+03
3.043999910354614258e+00
8.271382812500000000e+03
6.499590820312500000e+03
6.546074218750000000e+03
8.895000457763671875e+00
1.570148730468750000e+04
2.507440917968750000e+03
2.345000028610229492e+00
2.194219970703125000e+02
2.845872070312500000e+03
2.811281982421875000e+03
1.681599998474121094e+01
6.653999805450439453e+00
1.296770214843750000e+04
7.129000186920166016e+00
2.862989013671875000e+03
4.448636230468750000e+03
1.094838989257812500e+03
7.598729980468750000e+03
1.456832031250000000e+03
6.387000083923339844e+00
7.324999809265136719e+00
1.226989062500000000e+04
2.169288085937500000e+03
1.546860046386718750e+02
1.997087890625000000e+04
2.983000040054321289e+00
1.508707031250000000e+03
7.034669799804687500e+02
1.411100006103515625e+01
9.302960205078125000e+02
2.707999944686889648e+00
5.658360839843750000e+03
5.838620117187500000e+03
8.530874023437500000e+03
4.147999763488769531e+00
2.079086914062500000e+03
4.705726074218750000e+03
9.872445312500000000e+03
8.804085937500000000e+03
1.039281982421875000e+03
3.138999938964843750e+00
7.781371093750000000e+03
1.468400001525878906e+01
9.489869995117187500e+02
1.271154003906250000e+04
7.688800048828125000e+01
2.895102050781250000e+03
3.314135009765625000e+03
1.009899997711181641e+01
2.336961914062500000e+03
5.752745117187500000e+03
1.314266967773437500e+03
1.466961425781250000e+04
2.460072998046875000e+03
1.398000001907348633e+00
1.110999941825866699e+00
1.678395019531250000e+03
5.801379882812500000e+03
9.029999732971191406e+00
2.096128906250000000e+03
1.421500015258789062e+01
2.045000076293945312e+00
1.367791015625000000e+03
5.383999824523925781e+00
1.103784082031250000e+04
2.658999919891357422e+00
5.884259765625000000e+03
1.233530859375000000e+04
2.935531982421875000e+03
3.732120056152343750e+02
3.707000017166137695e+00
1.694374023437500000e+03
5.078970031738281250e+02
1.583798950195312500e+03
9.292570190429687500e+02
3.580599975585937500e+01
5.336944824218750000e+03
7.766418945312500000e+03
8.039999961853027344e+00
3.186000108718872070e+00
3.274476074218750000e+03
6.156649902343750000e+03
1.068720016479492188e+02
1.937796997070312500e+03
7.447000026702880859e+00
7.479000091552734375e+00
2.916012939453125000e+03
4.981820068359375000e+02
6.587330078125000000e+03
3.585748046875000000e+03
1.821733032226562500e+03
1.013924987792968750e+03
1.339141967773437500e+03
9.812832031250000000e+03
1.032999992370605469e+01
2.022875000000000000e+03
1.767093359375000000e+04
1.624102050781250000e+03
1.274681030273437500e+03
1.629156005859375000e+03
9.006920166015625000e+02
4.298252929687500000e+03
3.250000000000000000e+00
7.155609741210937500e+02
9.604963867187500000e+03
1.397399997711181641e+01
8.770999908447265625e+00
2.695593017578125000e+03
8.556414062500000000e+03
5.309000015258789062e+00
2.076281005859375000e+03
6.233543945312500000e+03
1.789461914062500000e+04
2.918999910354614258e+00
7.684999942779541016e+00
5.417007812500000000e+03
6.268679809570312500e+02
5.039231933593750000e+03
5.983465820312500000e+03
1.717000007629394531e+00
4.777567871093750000e+03
7.597699737548828125e+01
5.074875976562500000e+03
5.994675781250000000e+03
3.628676025390625000e+03
2.502729003906250000e+03
