9.901051e+06
2.162271e+07
1.874138e+07
5.856682e+06
1.629624e+05
2.383890e+02
6.963090e+02
1.002074e+07
8.323970e+06
4.291230e+06
4.420089e+06
6.631480e+06
1.806768e+07
3.433682e+07
6.010268e+06
9.839114e+05
1.603525e+07
3.173176e+07
3.998230e+07
2.248253e+07
5.492480e+06
3.263870e+02
1.142008e+07
6.188536e+06
2.666404e+07
1.393749e+05
5.788996e+07
7.099403e+04
3.609541e+07
7.409814e+05
1.413799e+07
1.221054e+07
1.431447e+07
9.181938e+03
7.838464e+06
3.210583e+07
2.092913e+07
1.689055e+07
5.482860e+02
3.248283e+07
6.889586e+06
4.726182e+07
1.821968e+06
2.383608e+07
9.986263e+06
8.607315e+06
9.623168e+05
8.203814e+04
6.816051e+05
1.769501e+07
6.359415e+05
2.134455e+04
1.958781e+07
4.060582e+06
1.771084e+03
4.254112e+05
1.360842e+05
2.076945e+07
1.201433e+07
3.843848e+05
4.106441e+06
6.324278e+07
2.822828e+07
1.017630e+07
2.979159e+06
2.332661e+07
1.816332e+04
4.365444e+06
7.986538e+07
5.265786e+07
1.440082e+06
4.066420e+07
2.775474e+06
2.541680e+02
2.994004e+07
4.140539e+07
8.294074e+07
5.267147e+07
1.747583e+04
6.131268e+07
9.281561e+06
3.876473e+06
8.140509e+06
8.847736e+06
1.659322e+07
7.290153e+06
1.529443e+06
1.355780e+04
1.241522e+06
2.055220e+07
1.327304e+05
4.685190e+02
6.233635e+07
1.062364e+07
1.693390e+07
1.088141e+07
6.289764e+06
4.132902e+06
7.356134e+04
1.331794e+07
2.698260e+02
1.416011e+05
4.631055e+06
1.929670e+07
1.881721e+04
7.310133e+06
2.017585e+07
4.919016e+07
3.438492e+03
1.075442e+08
2.659719e+06
7.653950e+02
1.254617e+07
1.534032e+04
1.744117e+07
1.866567e+07
1.781916e+07
3.850075e+07
5.775225e+06
3.295553e+07
5.064616e+06
2.799694e+06
1.148494e+07
7.953040e+02
3.417207e+03
9.700151e+06
1.413339e+07
3.081436e+06
4.531153e+06
9.356892e+07
6.498840e+02
5.445637e+06
8.361435e+04
8.307132e+06
2.866278e+07
1.851687e+07
3.923803e+06
1.115167e+07
1.175852e+07
1.097316e+06
4.710613e+06
2.704732e+06
4.176926e+03
3.951383e+07
6.076326e+06
2.103941e+07
1.798737e+07
1.209372e+04
2.355163e+07
6.412571e+05
4.110613e+06
1.921620e+07
2.458798e+07
7.043423e+04
3.024477e+06
6.569972e+03
1.823339e+07
3.800317e+07
1.774698e+06
1.817481e+05
3.353771e+07
4.431956e+07
5.939961e+06
1.775356e+07
2.829497e+07
6.124532e+05
6.835285e+06
1.793061e+07
9.669555e+07
3.950665e+06
1.514604e+07
5.738704e+05
3.516358e+06
1.375104e+06
1.075974e+05
5.621984e+06
5.204930e+02
4.908528e+04
6.880628e+04
1.885632e+07
5.177601e+04
9.874206e+06
7.333430e+02
5.593330e+07
1.286677e+07
7.389454e+06
6.421638e+07
2.497389e+06
2.331295e+07
6.024953e+06
3.238964e+07
7.174638e+05
2.073841e+07
1.370313e+07
3.807364e+07
7.349260e+03
6.722758e+06
1.475847e+07
4.401924e+04
4.778377e+04
2.214849e+07
6.551517e+06
1.995540e+07
1.290898e+07
4.506858e+06
1.458350e+07
9.625020e+02
1.238606e+07
2.480009e+07
9.761319e+05
1.280244e+07
1.224704e+06
2.959179e+07
1.029825e+07
8.360193e+06
4.490357e+06
9.069781e+06
9.883760e+06
3.589260e+06
7.351277e+03
8.863285e+07
2.538634e+06
5.154106e+06
3.282612e+07
3.207710e+07
1.001924e+07
6.759167e+06
6.551508e+07
4.879506e+06
1.275208e+07
2.188042e+07
2.696095e+06
2.718017e+07
6.478773e+05
2.541266e+07
1.146624e+07
4.398833e+06
1.592529e+07
1.755670e+07
9.438328e+06
1.094027e+07
3.809526e+07
2.494084e+04
3.460998e+05
8.937876e+04
1.113060e+05
1.433041e+07
3.691724e+07
1.083378e+07
9.320266e+04
5.551851e+06
1.858786e+06
7.935380e+02
1.029769e+05
1.646183e+07
3.046962e+07
4.306095e+06
3.168482e+07
2.620841e+05
4.404026e+07
7.082180e+02
4.449061e+06
4.377026e+05
9.895757e+03
1.467392e+07
3.653471e+05
2.969373e+06
8.971207e+06
9.233705e+06
1.881864e+06
1.373676e+04
2.717603e+07
1.987084e+07
1.071548e+06
3.628711e+06
2.596868e+06
3.920322e+07
2.239756e+06
4.671609e+07
6.763256e+06
3.161216e+04
1.949408e+07
1.441974e+07
6.806211e+03
5.637800e+01
1.028229e+07
3.745039e+06
5.389810e+02
2.055018e+06
3.965681e+06
3.635572e+06
1.145053e+05
4.801720e+02
1.508038e+03
3.372070e+02
1.073271e+07
6.621900e+01
8.227475e+04
1.723682e+06
3.550423e+07
3.041712e+07
8.984468e+07
5.090502e+06
1.662671e+07
3.559583e+03
2.154986e+03
1.752803e+07
6.809240e+06
8.411554e+06
2.798865e+07
3.882660e+06
6.529536e+04
3.298050e+02
6.002602e+06
2.254692e+07
5.964495e+06
1.273470e+07
1.594799e+07
5.969350e+02
7.871585e+06
2.755024e+07
3.172087e+07
8.438243e+06
2.038507e+04
1.306564e+08
1.620468e+04
3.550236e+07
2.423693e+06
2.015113e+07
4.816532e+07
1.487651e+07
3.259974e+06
3.158348e+07
1.282933e+05
7.516746e+06
2.319335e+07
1.389015e+07
2.292715e+04
8.930087e+07
1.403989e+06
8.977337e+03
2.546846e+05
9.553957e+06
1.268394e+06
5.871533e+07
2.554389e+06
6.420430e+06
7.884466e+06
4.387022e+07
1.134006e+07
8.604521e+03
1.894369e+05
7.601773e+06
5.667687e+06
4.815396e+07
6.140140e+02
4.814955e+07
1.160162e+07
2.163972e+07
3.069164e+07
2.223372e+07
7.461684e+06
2.226258e+07
4.178934e+03
9.783109e+05
1.891925e+03
3.075171e+07
5.119621e+06
1.315926e+06
3.931429e+07
9.499033e+06
5.448860e+02
2.896104e+03
9.658713e+06
4.215021e+03
2.255478e+07
5.404691e+06
1.251813e+07
7.144391e+04
1.070996e+07
5.639799e+07
4.321867e+05
1.403267e+07
1.340856e+04
2.508031e+07
1.558146e+07
4.542278e+07
6.383340e+06
8.221459e+06
1.668299e+07
3.564118e+05
3.558206e+03
3.720776e+07
1.461136e+07
2.244993e+06
7.761649e+04
1.817074e+04
6.222873e+06
3.090554e+07
8.477583e+06
4.311921e+06
5.195392e+07
9.253383e+06
2.237958e+07
1.018782e+07
1.300203e+07
7.086003e+06
3.061724e+07
1.750703e+07
7.084783e+06
4.380988e+06
2.263382e+07
1.910015e+06
1.893629e+05
3.337785e+07
1.545394e+07
4.219335e+07
6.010801e+03
1.505866e+03
5.895686e+03
3.021128e+05
1.268100e+07
7.659921e+06
1.515905e+07
3.285301e+06
1.186363e+06
9.391207e+06
8.214776e+03
2.716771e+07
3.811905e+07
4.566871e+06
3.848122e+06
6.504431e+06
1.347660e+07
1.735283e+07
3.545569e+06
2.168037e+04
8.412701e+06
1.229913e+07
4.349225e+07
5.312780e+02
2.717572e+06
6.400910e+07
2.673439e+06
2.321555e+07
1.441089e+07
1.546517e+05
1.920976e+07
4.165785e+07
6.795227e+06
1.126372e+07
4.157396e+07
2.765081e+06
3.931922e+07
5.545369e+06
2.480247e+07
1.058043e+04
9.003999e+03
5.815331e+04
2.277809e+07
8.909999e+03
2.520507e+07
1.701997e+07
9.298172e+05
4.707761e+06
8.833407e+05
1.007199e+07
1.819103e+07
4.505929e+06
3.324605e+04
2.912041e+07
1.329907e+07
6.136516e+07
1.154751e+07
8.769516e+06
1.018795e+05
1.387150e+06
3.262234e+07
2.641290e+07
5.795200e+07
6.716249e+07
8.688908e+03
1.603811e+06
2.570350e+02
