2.937999963760375977e+00
6.051599884033203125e+01
4.610000133514404297e+00
4.815999984741210938e+00
2.183499908447265625e+01
4.559000015258789062e+01
4.125000000000000000e+00
2.132299995422363281e+01
1.590499973297119141e+01
6.655999755859375000e+01
5.289000034332275391e+00
7.710000038146972656e+00
6.251999855041503906e+00
1.141999959945678711e+00
1.044600009918212891e+01
1.799000024795532227e+00
1.911000013351440430e+00
6.635000228881835938e+00
7.662999725341796875e+01
2.137000083923339844e+00
4.311999797821044922e+00
5.916999816894531250e+00
4.620400085449218750e+02
2.073750000000000000e+02
2.572000026702880859e+00
9.861000061035156250e+00
2.269099998474121094e+01
2.658999919891357422e+00
9.504599761962890625e+01
2.266999959945678711e+00
1.959259948730468750e+02
1.014500045776367188e+01
6.475999832153320312e+00
8.649000167846679688e+00
3.743000030517578125e+00
1.325800037384033203e+01
2.892730102539062500e+02
1.057190017700195312e+02
5.789999961853027344e+00
6.065000057220458984e+00
1.021500015258789062e+01
4.595399856567382812e+01
1.165100002288818359e+01
1.774000048637390137e+00
5.339000225067138672e+00
4.450999832153320312e+01
2.174000024795532227e+00
6.514999866485595703e+00
3.772000074386596680e+00
6.774600219726562500e+01
4.019119873046875000e+02
1.707500076293945312e+01
2.317200088500976562e+01
5.402999877929687500e+00
1.011940002441406250e+02
4.421999931335449219e+00
2.785849914550781250e+02
9.600000381469726562e+00
3.188410034179687500e+02
1.175599956512451172e+01
7.660999774932861328e+00
1.055000019073486328e+01
4.039999961853027344e+00
2.524900054931640625e+01
3.135099983215332031e+01
1.589799976348876953e+01
1.565000057220458984e+00
7.559000015258789062e+00
7.779900360107421875e+01
1.768300056457519531e+01
2.029999971389770508e+00
9.355999946594238281e+00
6.177999973297119141e+00
4.838999938964843750e+01
1.412999987602233887e+00
4.640999794006347656e+00
7.019000053405761719e+00
1.149100017547607422e+01
3.790999984741210938e+01
7.953999996185302734e+00
2.257999897003173828e+00
2.453000068664550781e+00
1.026900005340576172e+01
1.000070037841796875e+02
5.605799865722656250e+01
9.204000473022460938e+00
8.764099884033203125e+01
1.575300025939941406e+01
1.157699966430664062e+01
9.194000244140625000e+00
2.954500007629394531e+01
4.150699996948242188e+01
4.341000080108642578e+00
1.753899955749511719e+01
3.510999917984008789e+00
9.599999785423278809e-01
2.982000112533569336e+00
1.215999960899353027e+00
1.018000006675720215e+00
5.482999801635742188e+00
5.026999950408935547e+00
2.664999961853027344e+00
3.390800094604492188e+01
5.486000061035156250e+00
2.365000009536743164e+00
3.661600112915039062e+01
3.013999938964843750e+00
8.817000389099121094e+00
5.135599899291992188e+01
3.032999992370605469e+00
9.968599700927734375e+01
1.078999996185302734e+00
2.532999992370605469e+00
8.654799652099609375e+01
4.005000114440917969e+00
3.591000080108642578e+00
1.087899971008300781e+01
6.739999771118164062e+00
3.486999988555908203e+00
5.482899856567382812e+01
5.046699905395507812e+01
2.027499961853027344e+01
1.654000043869018555e+00
4.297399902343750000e+01
4.468999862670898438e+00
6.393000125885009766e+00
2.227300071716308594e+01
3.344800186157226562e+01
2.101999998092651367e+00
1.225999951362609863e+00
3.183000087738037109e+00
3.243000030517578125e+00
6.262000083923339844e+00
1.276210021972656250e+02
3.040999984741210938e+01
4.020000100135803223e-01
4.973799896240234375e+01
5.356999874114990234e+00
1.192000007629394531e+01
1.656299972534179688e+01
1.718600082397460938e+01
3.924999952316284180e+00
9.354999542236328125e+00
8.520000457763671875e+00
3.601999998092651367e+00
4.804000091552734375e+01
6.098000049591064453e+00
6.951000213623046875e+00
8.597999572753906250e+00
6.065000057220458984e+00
5.623000144958496094e+00
6.816999912261962891e+00
3.717599868774414062e+01
2.498190002441406250e+02
7.289999961853027344e+00
1.183899974822998047e+01
7.099999904632568359e+00
7.780000209808349609e+00
3.663000106811523438e+00
5.215000152587890625e+00
1.575199985504150391e+01
4.022499847412109375e+01
7.630000305175781250e+01
4.267000198364257812e+00
3.966000080108642578e+00
9.291999816894531250e+00
4.718999862670898438e+00
1.381000041961669922e+00
6.482599639892578125e+01
5.395999908447265625e+00
1.635200042724609375e+02
1.429999947547912598e+00
3.250999927520751953e+00
4.439000129699707031e+00
5.742000102996826172e+00
4.090000152587890625e+00
1.683099937438964844e+01
3.265000104904174805e+00
2.444929962158203125e+02
5.758999824523925781e+00
6.915999889373779297e+00
2.122900009155273438e+01
5.903999805450439453e+00
6.938000202178955078e+00
1.540600013732910156e+01
2.805999994277954102e+00
8.503000259399414062e+00
1.225999951362609863e+00
1.343299961090087891e+01
3.263000011444091797e+00
3.210999965667724609e+00
1.825499916076660156e+01
2.153300018310546875e+02
9.965000152587890625e+00
2.053999900817871094e+00
3.283919982910156250e+02
6.864999771118164062e+00
6.594999790191650391e+00
3.633100128173828125e+01
2.454999923706054688e+00
1.082900047302246094e+01
4.216000080108642578e+00
1.891799926757812500e+01
2.862999916076660156e+00
2.024399948120117188e+01
3.898999929428100586e+00
5.502999782562255859e+00
1.235999941825866699e+00
1.993000030517578125e+00
9.677000045776367188e+00
5.989999771118164062e+00
1.802999973297119141e+00
3.264989929199218750e+02
2.549999952316284180e+00
7.505000114440917969e+00
3.546999931335449219e+00
3.586999893188476562e+00
6.291400146484375000e+01
7.309000015258789062e+00
7.929999828338623047e+00
1.529000043869018555e+00
6.094999790191650391e+00
3.099999904632568359e+00
1.362700042724609375e+02
1.495110015869140625e+02
4.558000087738037109e+00
2.554199981689453125e+01
1.529599952697753906e+01
4.655000209808349609e+00
7.649000167846679688e+00
1.662199974060058594e+01
4.257799911499023438e+01
1.803599929809570312e+01
7.844999790191650391e+00
1.513799953460693359e+01
7.923500061035156250e+01
3.318099975585937500e+02
4.597000122070312500e+00
4.923999786376953125e+00
4.039300155639648438e+01
3.344200134277343750e+01
1.066399955749511719e+01
4.448999881744384766e+00
3.209000110626220703e+00
1.478800010681152344e+01
3.096999883651733398e+00
1.830999970436096191e+00
1.822000026702880859e+00
4.773699951171875000e+01
7.843000030517578125e+01
1.419000029563903809e+00
9.500000000000000000e+00
5.353000164031982422e+00
3.578999996185302734e+00
1.938999938964843750e+01
1.326200008392333984e+01
1.086200046539306641e+01
8.829599761962890625e+01
1.881000041961669922e+00
4.322800064086914062e+01
5.506999969482421875e+00
9.000000000000000000e+00
1.738299942016601562e+01
3.482000112533569336e+00
3.792100143432617188e+01
1.242500019073486328e+01
4.145999908447265625e+00
1.673029937744140625e+02
8.750000000000000000e+00
1.971060028076171875e+02
2.811000108718872070e+00
4.088100051879882812e+01
1.581430053710937500e+02
8.619999885559082031e-01
3.486000061035156250e+00
2.894000053405761719e+00
3.131870117187500000e+02
1.604400024414062500e+02
2.877000093460083008e+00
6.203699874877929688e+01
5.736000061035156250e+00
4.710999965667724609e+00
6.760000228881835938e+00
1.753700065612792969e+01
9.505000114440917969e+00
4.699999809265136719e+00
5.144000053405761719e+00
2.120400047302246094e+01
3.483000040054321289e+00
7.452000141143798828e+00
7.329999923706054688e+00
4.986899948120117188e+01
4.084000110626220703e+00
4.307799911499023438e+01
1.585999965667724609e+01
1.058699989318847656e+01
5.111000061035156250e+00
6.164000034332275391e+00
8.138800048828125000e+01
5.461999893188476562e+00
7.482999801635742188e+00
2.809999942779541016e+00
1.928300094604492188e+01
6.894999980926513672e+00
2.128159942626953125e+02
1.118500041961669922e+01
1.743999958038330078e+00
5.931800079345703125e+01
3.976000070571899414e+00
9.081999778747558594e+00
3.122109985351562500e+02
1.890800094604492188e+01
7.006000041961669922e+00
4.559259948730468750e+02
3.184999942779541016e+00
5.899000167846679688e+00
1.616999983787536621e+00
3.204999923706054688e+00
2.771599960327148438e+01
4.758999824523925781e+00
5.372000217437744141e+00
5.612999916076660156e+00
3.214999914169311523e+00
4.663100051879882812e+01
3.032999992370605469e+00
1.085589981079101562e+02
4.616340026855468750e+02
1.504999995231628418e+00
2.099799919128417969e+01
2.917999982833862305e+00
1.930310058593750000e+02
1.032499980926513672e+01
3.905999898910522461e+00
3.864000082015991211e+00
4.433000087738037109e+00
2.691799926757812500e+01
6.447999954223632812e+00
5.053999900817871094e+00
6.024000167846679688e+00
6.609000205993652344e+00
3.965599822998046875e+01
1.069420013427734375e+02
2.355800056457519531e+01
9.419999718666076660e-01
2.690500068664550781e+01
2.023699951171875000e+01
5.052000045776367188e+01
6.050000190734863281e+00
2.990000009536743164e+00
1.257900047302246094e+01
2.404000043869018555e+00
8.640000224113464355e-01
8.600000381469726562e+00
1.624799919128417969e+01
3.701740112304687500e+02
2.165999889373779297e+00
9.241999626159667969e+00
1.307999968528747559e+00
5.111899948120117188e+01
2.055000066757202148e+00
8.925999641418457031e+00
3.220000028610229492e+00
4.105999946594238281e+00
1.558480072021484375e+02
6.187900161743164062e+01
5.774000167846679688e+00
5.076000213623046875e+00
2.355000019073486328e+00
2.868000030517578125e+00
1.969190063476562500e+02
2.338999986648559570e+00
1.625399971008300781e+01
5.591400146484375000e+01
5.047600173950195312e+01
5.190000057220458984e+00
9.017000198364257812e+00
2.108000040054321289e+00
9.161999702453613281e+00
7.668499755859375000e+01
7.683000087738037109e+00
5.237999916076660156e+00
1.086039962768554688e+02
5.947000026702880859e+00
1.152000045776367188e+01
1.590670013427734375e+02
2.515000104904174805e+00
9.793999671936035156e+00
2.775000095367431641e+00
2.825000047683715820e+00
1.501829986572265625e+02
5.709999799728393555e-01
2.526999950408935547e+00
6.066999912261962891e+00
4.611999988555908203e+00
7.446900177001953125e+01
5.394000053405761719e+00
3.292999982833862305e+00
7.677000045776367188e+00
4.407000064849853516e+00
9.045000076293945312e+00
4.558000087738037109e+00
7.765999794006347656e+00
4.300000190734863281e+00
6.039999723434448242e-01
1.404999971389770508e+00
3.903000116348266602e+00
9.274999618530273438e+00
2.084000110626220703e+00
1.172000026702880859e+01
7.459500122070312500e+01
4.483599853515625000e+01
1.381999969482421875e+00
8.340000152587890625e+00
5.328000068664550781e+00
1.807999968528747559e+00
1.421500015258789062e+01
7.789000034332275391e+00
3.128000020980834961e+00
4.073999881744384766e+00
2.309999942779541016e+00
2.770999908447265625e+00
1.191679992675781250e+02
8.335000038146972656e+00
6.921700286865234375e+01
1.642099952697753906e+01
1.312699985504150391e+01
6.767000198364257812e+00
1.204300022125244141e+01
1.902300071716308594e+01
5.311999797821044922e+00
4.433000087738037109e+00
6.044000148773193359e+00
1.614999961853027344e+01
1.556000041961669922e+01
4.295600128173828125e+01
1.001000022888183594e+01
2.588400077819824219e+01
5.454999923706054688e+00
5.164999961853027344e+00
2.809219970703125000e+02
6.885000228881835938e+00
5.354999923706054688e+01
1.973299980163574219e+01
4.118000030517578125e+00
3.292999982833862305e+00
1.447299957275390625e+01
2.240999984741210938e+01
8.549500274658203125e+01
9.057000160217285156e+00
5.460999965667724609e+00
4.677999973297119141e+00
3.290239868164062500e+02
5.763499832153320312e+01
2.657000064849853516e+00
1.934450073242187500e+02
3.677199935913085938e+01
4.494999885559082031e+00
1.485299968719482422e+01
2.252000093460083008e+00
3.385599899291992188e+01
5.330999851226806641e+00
7.040999889373779297e+00
1.656200027465820312e+01
6.445000171661376953e+00
3.006599998474121094e+01
7.159999847412109375e+00
1.379399967193603516e+01
4.863999843597412109e+00
3.872179870605468750e+02
2.155999898910522461e+00
8.229999542236328125e+00
1.288199996948242188e+01
1.350699996948242188e+01
2.068000078201293945e+00
1.199499988555908203e+01
1.198400020599365234e+01
5.881000041961669922e+00
3.096999883651733398e+00
2.066999912261962891e+00
4.151999950408935547e+00
1.328659973144531250e+02
1.108999967575073242e+00
2.677999973297119141e+00
2.497599983215332031e+01
3.538000106811523438e+00
4.715100097656250000e+01
2.885999917984008789e+00
2.937000036239624023e+00
1.098999977111816406e+00
2.599300003051757812e+01
2.822900009155273438e+01
8.031999588012695312e+00
3.828999996185302734e+00
8.194000244140625000e+00
1.552499961853027344e+01
4.249100112915039062e+01
6.242599868774414062e+01
1.524000048637390137e+00
5.004000186920166016e+00
5.540299987792968750e+01
2.819000005722045898e+00
7.477000236511230469e+00
1.208800029754638672e+01
2.318499946594238281e+01
4.620000123977661133e-01
1.190699958801269531e+01
7.455999851226806641e+00
3.816579895019531250e+02
3.456000089645385742e+00
4.421999931335449219e+00
2.607600021362304688e+01
1.853499984741210938e+01
3.493000030517578125e+00
5.907000064849853516e+00
8.449999809265136719e+00
2.861999988555908203e+00
1.811899948120117188e+01
4.605000019073486328e+00
1.590000033378601074e+00
1.949399948120117188e+01
1.289200019836425781e+01
5.498000144958496094e+00
2.320599937438964844e+01
6.153999805450439453e+00
2.825000047683715820e+00
3.582000017166137695e+00
3.119499969482421875e+01
6.697999954223632812e+00
3.058399963378906250e+01
2.423500061035156250e+01
2.036999940872192383e+00
4.522999763488769531e+00
6.469999790191650391e+00
7.153999805450439453e+00
3.117900085449218750e+01
1.663999938964843750e+01
8.883999824523925781e+00
3.678410034179687500e+02
9.753000259399414062e+00
8.729999542236328125e+00
6.210999965667724609e+00
1.504389953613281250e+02
9.491999626159667969e+00
5.681800079345703125e+01
6.906000137329101562e+00
1.577999973297119141e+01
3.233000040054321289e+00
6.091000080108642578e+00
1.550090026855468750e+02
9.399999976158142090e-01
2.075000047683715820e+00
1.752669982910156250e+02
2.501300048828125000e+01
1.521199951171875000e+02
4.133999824523925781e+00
5.414000034332275391e+00
3.703000068664550781e+00
2.353599929809570312e+01
6.173999786376953125e+00
1.333500003814697266e+01
3.121000051498413086e+00
1.121800041198730469e+01
3.309710083007812500e+02
1.211400032043457031e+01
2.477300071716308594e+01
1.788599967956542969e+01
2.131399917602539062e+01
1.743999958038330078e+00
4.717999935150146484e+00
2.844339904785156250e+02
3.956700134277343750e+01
1.816699981689453125e+01
6.381000041961669922e+00
8.137000083923339844e+00
5.464000225067138672e+00
3.447999954223632812e+00
3.612699890136718750e+01
6.389999985694885254e-01
1.837000012397766113e+00
2.036000013351440430e+00
6.679999828338623047e+00
7.861000061035156250e+00
3.908999919891357422e+00
5.295000076293945312e+00
5.869999885559082031e+00
1.692600059509277344e+01
2.582000017166137695e+00
4.584600067138671875e+01
9.772599792480468750e+01
1.325590057373046875e+02
7.777999877929687500e+00
9.564000129699707031e+00
1.403999996185302734e+01
4.198999881744384766e+00
1.991959991455078125e+02
9.682999610900878906e+00
2.965399932861328125e+01
2.720000028610229492e+00
3.229000091552734375e+00
5.144999980926513672e+00
2.200999975204467773e+00
5.074999809265136719e+00
3.451999902725219727e+00
1.220810012817382812e+02
8.559000015258789062e+00
5.397999763488769531e+00
8.892000198364257812e+00
2.030999898910522461e+00
4.047800064086914062e+01
3.881999969482421875e+00
8.149600219726562500e+01
3.872000122070312500e+01
3.848000049591064453e+00
1.552000045776367188e+00
3.035000085830688477e+00
1.042099952697753906e+01
3.957999944686889648e+00
7.989999771118164062e+00
3.753799819946289062e+01
1.039400005340576172e+01
2.749000072479248047e+00
6.735000133514404297e+00
4.472000122070312500e+00
5.442999839782714844e+00
1.756200027465820312e+01
4.076000213623046875e+00
3.484939880371093750e+02
2.683900070190429688e+01
1.728999972343444824e+00
1.183769989013671875e+02
1.582999944686889648e+00
7.303999900817871094e+00
1.752799987792968750e+01
9.208999633789062500e+00
5.660999774932861328e+00
3.368000030517578125e+00
7.487999916076660156e+00
5.811999797821044922e+00
6.142969970703125000e+02
6.005599975585937500e+01
1.142199993133544922e+01
2.385600090026855469e+01
2.167000055313110352e+00
1.907600021362304688e+01
1.626700019836425781e+01
9.482000350952148438e+00
2.083200073242187500e+01
3.721999883651733398e+00
8.241200256347656250e+01
1.345999956130981445e+00
1.604800033569335938e+01
1.339099979400634766e+01
1.386000037193298340e+00
5.637000083923339844e+00
1.105500030517578125e+01
3.388399887084960938e+01
2.430900001525878906e+01
2.571449890136718750e+02
4.804999828338623047e+00
6.985000133514404297e+00
9.611000061035156250e+00
2.292999982833862305e+00
5.427999973297119141e+00
6.230300140380859375e+01
1.423200035095214844e+01
1.570000052452087402e+00
1.020100021362304688e+01
1.728100013732910156e+01
1.193679962158203125e+02
8.258899688720703125e+01
3.488899993896484375e+01
3.482000112533569336e+00
2.220000028610229492e+00
1.799999952316284180e+00
1.258000016212463379e+00
4.104000091552734375e+00
2.266999959945678711e+00
4.751999855041503906e+00
4.393000125885009766e+00
2.914999961853027344e+00
1.651000022888183594e+00
1.500390014648437500e+02
8.581000328063964844e+00
4.907000064849853516e+00
4.709000110626220703e+00
5.490000247955322266e-01
6.343000030517578125e+01
9.385000228881835938e+00
9.416999816894531250e+00
4.104000091552734375e+00
1.201200008392333984e+01
5.154499816894531250e+01
3.451999902725219727e+00
1.288000011444091797e+01
6.333300018310546875e+01
1.515799999237060547e+01
2.503999948501586914e+00
2.779000043869018555e+00
9.972000122070312500e+00
2.394999980926513672e+00
8.548000335693359375e+00
1.247740020751953125e+02
3.903000116348266602e+00
2.868000030517578125e+01
1.580000042915344238e+00
1.450000047683715820e+00
2.490220031738281250e+02
3.729499816894531250e+01
8.355999946594238281e+00
6.388299942016601562e+01
4.948999881744384766e+00
3.512300109863281250e+01
2.156200027465820312e+01
8.299999833106994629e-01
1.422999978065490723e+00
3.930999994277954102e+00
5.670000076293945312e+01
4.081999778747558594e+00
4.777999877929687500e+00
1.143500041961669922e+01
2.474999904632568359e+00
1.319490051269531250e+02
1.613760070800781250e+02
5.369999885559082031e+00
5.173999786376953125e+00
1.076599979400634766e+01
4.281000137329101562e+00
6.534999847412109375e+00
6.208000183105468750e+00
5.643000125885009766e+00
2.868999958038330078e+00
1.797999954223632812e+01
7.697000026702880859e+00
6.573500061035156250e+01
1.383059997558593750e+02
1.209629974365234375e+02
1.338300037384033203e+01
1.047500038146972656e+01
6.875499725341796875e+01
1.660200042724609375e+02
2.921500015258789062e+01
2.007999897003173828e+00
9.756500244140625000e+01
1.233600044250488281e+01
8.731300354003906250e+01
2.290999889373779297e+00
2.280999898910522461e+00
1.696800041198730469e+01
1.281699981689453125e+02
3.691999912261962891e+00
4.053799819946289062e+01
1.511000037193298340e+00
1.876099967956542969e+01
8.960000276565551758e-01
4.612999916076660156e+00
3.792000055313110352e+00
6.539999961853027344e+00
3.427999973297119141e+00
4.328999996185302734e+00
5.691999912261962891e+00
3.948999881744384766e+00
1.324060058593750000e+02
2.457089996337890625e+02
1.868999958038330078e+00
1.338899993896484375e+01
2.910000085830688477e+00
3.098000049591064453e+00
1.654999971389770508e+00
8.673000335693359375e+00
2.519999980926513672e+00
1.647200012207031250e+01
4.517699813842773438e+01
4.573999881744384766e+00
4.751599884033203125e+01
5.316999912261962891e+00
5.068999767303466797e+00
1.912999987602233887e+00
3.507999897003173828e+00
8.812999725341796875e+00
8.218000411987304688e+00
5.082099914550781250e+01
8.220000267028808594e+00
1.253000020980834961e+00
3.861999988555908203e+00
3.779000043869018555e+00
2.055800056457519531e+01
5.479000091552734375e+00
2.265000104904174805e+00
1.942999958992004395e+00
4.092999935150146484e+00
1.923650054931640625e+02
1.195800018310546875e+01
4.113999843597412109e+00
3.832000017166137695e+00
1.110999941825866699e+00
5.182000160217285156e+00
1.064099979400634766e+01
2.257900047302246094e+01
8.699999809265136719e+00
5.117000102996826172e+00
3.228300094604492188e+01
1.454100036621093750e+01
2.654999971389770508e+00
2.125000000000000000e+00
3.495199966430664062e+01
1.150599956512451172e+01
3.866319885253906250e+02
1.065100002288818359e+01
1.512539978027343750e+02
2.230999946594238281e+00
3.355140075683593750e+02
2.696000099182128906e+00
3.976000070571899414e+00
2.812109985351562500e+02
9.390999794006347656e+00
4.105000019073486328e+00
2.688400077819824219e+01
1.654199981689453125e+01
5.230000019073486328e-01
4.889999866485595703e+00
5.776000022888183594e+00
6.507999897003173828e+00
3.384000062942504883e+00
2.423000097274780273e+00
9.130999565124511719e+00
4.893000125885009766e+00
8.571999549865722656e+00
1.654599952697753906e+01
6.589000225067138672e+00
6.642000198364257812e+00
1.223999977111816406e+00
2.190659942626953125e+02
2.187999963760375977e+00
1.877599906921386719e+01
1.012199974060058594e+01
2.476999998092651367e+00
2.905299949645996094e+01
4.989999771118164062e+00
1.378999948501586914e+00
1.803499984741210938e+01
7.220200347900390625e+01
1.215299987792968750e+01
1.403789978027343750e+02
9.145000457763671875e+00
3.023000001907348633e+00
5.814000129699707031e+00
1.890090026855468750e+02
2.043000030517578125e+01
5.053999900817871094e+00
2.881999969482421875e+00
1.404000043869018555e+00
4.467000007629394531e+00
1.454649963378906250e+02
4.913000106811523438e+00
1.113500022888183594e+01
3.299000024795532227e+00
1.004999995231628418e+00
1.291829986572265625e+02
3.212099838256835938e+01
4.062099838256835938e+01
6.033999919891357422e+00
5.626900100708007812e+01
6.791999816894531250e+01
1.035299968719482422e+01
7.212000274658203125e+01
5.947999954223632812e+00
3.766999959945678711e+00
1.369799995422363281e+01
9.243000030517578125e+00
6.303999900817871094e+00
1.012800025939941406e+01
5.270999908447265625e+00
6.143399810791015625e+01
6.978000164031982422e+00
6.885000228881835938e+00
1.139200019836425781e+01
3.253999948501586914e+00
5.710000038146972656e+00
4.491000175476074219e+00
2.723200073242187500e+02
6.479000091552734375e+00
2.385600090026855469e+01
3.316999912261962891e+00
3.052000045776367188e+00
6.988899993896484375e+01
5.104000091552734375e+00
8.918000030517578125e+01
1.016100025177001953e+01
1.645700073242187500e+01
8.954999923706054688e+00
8.246999740600585938e+00
8.509799957275390625e+01
5.318999767303466797e+00
2.341000080108642578e+00
7.743000030517578125e+00
1.676399993896484375e+01
1.824399948120117188e+01
3.168700027465820312e+01
5.373000144958496094e+00
2.716099929809570312e+01
1.305799961090087891e+01
4.564000129699707031e+00
1.083980026245117188e+02
2.362299919128417969e+01
2.082000017166137695e+00
1.792000055313110352e+00
7.668000221252441406e+00
2.190000057220458984e+00
1.901000022888183594e+00
2.285199928283691406e+01
1.511000037193298340e+00
2.696000099182128906e+00
6.006999969482421875e+00
2.153700065612792969e+01
1.526700019836425781e+01
3.309000015258789062e+00
5.704999923706054688e+00
1.483500003814697266e+01
4.639999866485595703e+00
6.217999935150146484e+00
1.077000045776367188e+01
6.137000083923339844e+00
5.138000011444091797e+00
2.893000030517578125e+01
3.192900085449218750e+02
4.706999969482421875e+01
2.815999984741210938e+00
7.184000015258789062e+00
1.783480072021484375e+02
7.452000141143798828e+00
3.081000089645385742e+00
6.585999965667724609e+00
1.988959960937500000e+02
5.886000156402587891e+00
6.933000087738037109e+00
2.160000085830688477e+00
2.973999977111816406e+01
8.514199829101562500e+01
2.337700080871582031e+01
2.924999952316284180e+00
5.877999782562255859e+00
1.324699974060058594e+01
7.374000072479248047e+00
4.401000022888183594e+00
4.539799880981445312e+01
4.182000160217285156e+00
5.755000114440917969e+00
1.505900001525878906e+01
5.022999763488769531e+00
1.778199958801269531e+01
1.337800025939941406e+01
1.004999995231628418e+00
1.434500026702880859e+01
2.562999963760375977e+00
1.597299957275390625e+01
3.127000093460083008e+00
3.500000000000000000e+00
1.223000049591064453e+00
3.585000038146972656e+00
1.157999992370605469e+00
3.171000003814697266e+00
1.296399974822998047e+01
2.966000080108642578e+00
2.016999959945678711e+00
6.689000129699707031e+00
1.651000022888183594e+01
5.750000000000000000e+00
4.548799896240234375e+01
1.256000041961669922e+00
1.822999954223632812e+00
4.916999816894531250e+00
2.197729949951171875e+02
4.072999954223632812e+00
1.305200004577636719e+01
3.441999912261962891e+00
3.544570007324218750e+02
1.093299961090087891e+01
2.753000020980834961e+00
1.123299980163574219e+01
9.100000381469726562e+00
9.204000473022460938e+00
3.815599822998046875e+01
9.038999557495117188e+00
7.868999958038330078e+00
1.607699966430664062e+01
1.316800022125244141e+01
5.047399902343750000e+01
1.261100006103515625e+01
8.789999961853027344e+00
2.206699943542480469e+01
2.528000116348266602e+00
4.234000205993652344e+00
1.090900039672851562e+01
7.908100128173828125e+01
3.733800125122070312e+01
3.408499908447265625e+01
3.989000082015991211e+00
3.894000053405761719e+00
2.073999977111816406e+01
2.782999992370605469e+00
