1.700000017881393433e-01
2.017999887466430664e+00
9.890000224113464355e-01
2.790000140666961670e-01
1.021000027656555176e+00
1.863000035285949707e+00
7.039999961853027344e-01
2.719000101089477539e+00
9.259999990463256836e-01
1.127200031280517578e+01
6.830000281333923340e-01
1.468000054359436035e+00
1.103000044822692871e+00
2.891999959945678711e+00
7.990000247955322266e-01
5.418000221252441406e+00
1.659999966621398926e+00
7.632999897003173828e+00
9.739999771118164062e-01
1.099999994039535522e-01
9.710000157356262207e-01
8.790000081062316895e-01
1.156999945640563965e+00
1.087000012397766113e+00
1.799999952316284180e+00
9.919999837875366211e-01
4.609000205993652344e+00
4.039999961853027344e+00
1.728999972343444824e+00
3.910000026226043701e-01
1.736999988555908203e+00
3.671000003814697266e+00
2.134000062942504883e+00
2.769999980926513672e+00
2.006999969482421875e+00
1.508000016212463379e+00
1.335000038146972656e+00
2.599999904632568359e-01
2.594000101089477539e+00
1.100999951362609863e+00
6.300000101327896118e-02
1.589999943971633911e-01
3.404000043869018555e+00
1.042999982833862305e+00
9.600000083446502686e-02
1.804999947547912598e+00
1.039000034332275391e+00
2.910000085830688477e-01
7.469999790191650391e-01
5.009999871253967285e-01
6.475999832153320312e+00
1.110000014305114746e-01
1.136000037193298340e+00
5.690999984741210938e+00
3.109999895095825195e-01
7.760000228881835938e-01
5.759999752044677734e-01
1.414000034332275391e+00
7.990000247955322266e-01
2.105000019073486328e+00
2.098999977111816406e+00
6.899999827146530151e-02
2.069000005722045898e+00
3.950000107288360596e-01
3.440000116825103760e-01
2.549999952316284180e-01
1.023000001907348633e+00
2.930999994277954102e+00
1.034000039100646973e+00
2.400000020861625671e-02
6.710000038146972656e-01
1.126999974250793457e+00
3.729999959468841553e-01
2.351999998092651367e+00
3.303999900817871094e+00
2.220000028610229492e-01
3.963999986648559570e+00
7.089999914169311523e-01
5.529999732971191406e-01
7.699999809265136719e-01
2.407999992370605469e+00
1.881000041961669922e+00
2.154000043869018555e+00
2.407000064849853516e+00
1.190000027418136597e-01
3.868999958038330078e+00
2.479999959468841553e-01
3.292999982833862305e+00
1.240000009536743164e+00
6.046000003814697266e+00
1.580000042915344238e+00
1.041499996185302734e+01
1.123000025749206543e+00
3.072999954223632812e+00
7.554999828338623047e+00
5.759999752044677734e-01
1.370000004768371582e+00
1.656000018119812012e+00
1.861999988555908203e+00
3.661999940872192383e+00
7.459999918937683105e-01
4.734000205993652344e+00
7.519999742507934570e-01
1.302999973297119141e+00
8.389999866485595703e-01
9.139999747276306152e-01
4.280000030994415283e-01
3.980000019073486328e-01
8.999999612569808960e-03
2.269000053405761719e+00
1.065999984741210938e+00
1.652999997138977051e+00
2.140000015497207642e-01
7.710000276565551758e-01
2.461999893188476562e+00
1.365000009536743164e+00
8.470000028610229492e-01
1.804000020027160645e+00
2.849999964237213135e-01
6.080999851226806641e+00
1.781999945640563965e+00
4.420000016689300537e-01
2.319999933242797852e-01
5.540000200271606445e-01
2.049999982118606567e-01
4.704999923706054688e+00
1.616000056266784668e+00
9.060000181198120117e-01
4.888999938964843750e+00
6.779999732971191406e-01
4.399999976158142090e-01
2.553999900817871094e+00
4.212999820709228516e+00
1.829999983310699463e-01
2.688999891281127930e+00
2.739000082015991211e+00
1.733999967575073242e+00
2.118999958038330078e+00
2.279999971389770508e+00
5.839999914169311523e-01
3.259000062942504883e+00
5.090000033378601074e-01
2.300000004470348358e-02
2.131000041961669922e+00
1.386999964714050293e+00
8.849999904632568359e-01
1.340000033378601074e+00
2.649999856948852539e-01
1.422000050544738770e+00
9.660000205039978027e-01
3.689999878406524658e-01
1.990000009536743164e+00
4.612999916076660156e+00
5.389999747276306152e-01
2.617000102996826172e+00
3.499999940395355225e-01
4.339999854564666748e-01
2.591000080108642578e+00
3.410000085830688477e+00
5.716000080108642578e+00
5.970000028610229492e-01
2.322999954223632812e+00
5.006999969482421875e+00
2.977999925613403320e+00
4.180000126361846924e-01
7.059999704360961914e-01
1.781999945640563965e+00
1.529000043869018555e+00
1.223999977111816406e+00
1.037999987602233887e+00
4.420000016689300537e-01
3.825000047683715820e+00
1.503999948501586914e+00
1.983999967575073242e+00
1.139500045776367188e+01
1.351999998092651367e+00
4.959999918937683105e-01
1.101999998092651367e+00
3.560000061988830566e-01
4.740000069141387939e-01
2.921000003814697266e+00
2.006999969482421875e+00
8.479999899864196777e-01
5.700000002980232239e-02
4.599999904632568359e+00
2.262000083923339844e+00
7.200000286102294922e-01
3.117000102996826172e+00
8.920000195503234863e-01
2.879999876022338867e-01
5.460000038146972656e-01
2.890000045299530029e-01
6.429999828338623047e+00
3.252000093460083008e+00
5.780000090599060059e-01
2.427999973297119141e+00
8.619999885559082031e-01
1.030000001192092896e-01
7.549999952316284180e-01
2.907000064849853516e+00
3.380000114440917969e+00
8.330000042915344238e-01
1.021999955177307129e+00
5.720000267028808594e-01
2.733999967575073242e+00
2.592999935150146484e+00
2.430000007152557373e-01
5.680000185966491699e-01
6.629999876022338867e-01
6.069999933242797852e-01
1.597000002861022949e+00
1.150000020861625671e-01
1.343999981880187988e+00
9.559999704360961914e-01
2.351000070571899414e+00
2.982000112533569336e+00
1.817999958992004395e+00
1.609999984502792358e-01
2.334000110626220703e+00
6.800000369548797607e-02
9.039999842643737793e-01
1.899999976158142090e-01
1.294999957084655762e+00
1.370000004768371582e+00
8.600000292062759399e-02
4.026000022888183594e+00
3.211999893188476562e+00
1.440000057220458984e+00
1.089999973773956299e-01
3.157000064849853516e+00
3.180000066757202148e+00
2.899999916553497314e-01
6.539999842643737793e-01
1.799999952316284180e+00
2.724999904632568359e+00
1.600000075995922089e-02
2.469999939203262329e-01
1.455999970436096191e+00
1.700000092387199402e-02
3.919999897480010986e-01
1.335999965667724609e+00
2.770999908447265625e+00
8.470000028610229492e-01
1.258000016212463379e+00
1.580000072717666626e-01
3.659999966621398926e-01
1.452999949455261230e+00
6.919999718666076660e-01
9.559999704360961914e-01
1.077000021934509277e+00
3.249999880790710449e-01
2.479999959468841553e-01
2.080000042915344238e-01
1.898000001907348633e+00
2.440000027418136597e-01
6.800000071525573730e-01
7.300000190734863281e-01
1.150199985504150391e+01
1.491999983787536621e+00
1.979999989271163940e-01
8.820000290870666504e-01
3.868999958038330078e+00
7.500000000000000000e-01
0.000000000000000000e+00
1.324000000953674316e+00
1.059999987483024597e-01
1.970999956130981445e+00
2.899999916553497314e-01
1.646000027656555176e+00
1.110999941825866699e+00
1.780000030994415283e-01
7.500000000000000000e-01
2.529999971389770508e+00
1.169999986886978149e-01
7.730000019073486328e-01
4.589999914169311523e-01
4.690000116825103760e-01
3.197000026702880859e+00
1.988000035285949707e+00
1.228999972343444824e+00
1.166000008583068848e+00
6.869999766349792480e-01
2.930000066757202148e+00
2.217999935150146484e+00
4.350000023841857910e-01
7.390000224113464355e-01
2.184000015258789062e+00
4.830000102519989014e-01
6.090000271797180176e-01
7.059999704360961914e-01
2.680999994277954102e+00
9.039999842643737793e-01
3.009999990463256836e-01
2.630000114440917969e-01
5.099999904632568359e-02
2.730000019073486328e-01
4.099999964237213135e-01
5.799999833106994629e-02
2.282999992370605469e+00
9.459999799728393555e-01
2.578999996185302734e+00
2.010000050067901611e-01
1.284000039100646973e+00
4.324999809265136719e+00
2.380000054836273193e-01
5.493999958038330078e+00
6.269000053405761719e+00
4.029999971389770508e-01
1.391999959945678711e+00
1.979999989271163940e-01
7.960000038146972656e-01
2.269999980926513672e-01
8.870000243186950684e-01
2.576999902725219727e+00
1.067999958992004395e+00
1.180000007152557373e-01
2.506999969482421875e+00
5.460000038146972656e-01
5.789999961853027344e-01
9.459999799728393555e-01
1.014999985694885254e+00
7.129999995231628418e-01
3.115000009536743164e+00
3.088999986648559570e+00
3.980000019073486328e-01
2.520000040531158447e-01
3.829999864101409912e-01
5.059999823570251465e-01
2.549999952316284180e+00
8.109999895095825195e-01
2.026000022888183594e+00
3.857000112533569336e+00
1.001999974250793457e+00
3.309999942779541016e+00
1.552999973297119141e+00
6.959999799728393555e-01
4.230000019073486328e+00
1.588000059127807617e+00
7.850000262260437012e-01
7.039999961853027344e-01
7.739999890327453613e-01
2.634999990463256836e+00
1.129999980330467224e-01
1.189000010490417480e+00
2.389999926090240479e-01
2.019000053405761719e+00
2.266999959945678711e+00
3.280000090599060059e-01
5.989999771118164062e-01
3.389999866485595703e-01
1.035599994659423828e+01
3.269999980926513672e+00
2.658999919891357422e+00
8.240000009536743164e-01
1.722000002861022949e+00
3.519999980926513672e+00
1.618499946594238281e+01
2.111000061035156250e+00
1.225000023841857910e+00
3.700000047683715820e-02
5.005000114440917969e+00
2.533999919891357422e+00
1.620000004768371582e-01
1.325000047683715820e+00
7.490000128746032715e-01
4.629999995231628418e-01
3.299999982118606567e-02
3.540000021457672119e-01
6.740000247955322266e-01
1.340000033378601074e+00
5.809999704360961914e-01
1.620000004768371582e+00
1.253999948501586914e+00
3.082000017166137695e+00
2.650000095367431641e+00
3.330000042915344238e-01
4.342000007629394531e+00
1.523000001907348633e+00
3.050000071525573730e-01
2.799999952316284180e+00
2.934999942779541016e+00
2.220000028610229492e-01
3.168999910354614258e+00
1.625000000000000000e+00
2.884000062942504883e+00
8.059999942779541016e-01
3.642999887466430664e+00
2.385999917984008789e+00
1.983000040054321289e+00
7.900000214576721191e-01
2.124000072479248047e+00
1.790000051259994507e-01
4.565999984741210938e+00
7.389999866485595703e+00
1.735999941825866699e+00
1.343999981880187988e+00
1.172999978065490723e+00
5.412000179290771484e+00
4.326000213623046875e+00
2.940999984741210938e+00
3.362999916076660156e+00
1.730000019073486328e+00
1.687999963760375977e+00
1.920000016689300537e-01
6.247000217437744141e+00
1.720000058412551880e-01
8.840000033378601074e-01
2.450000047683715820e-01
5.306000232696533203e+00
4.569999873638153076e-01
5.808000087738037109e+00
1.589999943971633911e-01
1.437000036239624023e+00
4.230999946594238281e+00
1.260000020265579224e-01
4.361999988555908203e+00
6.759999990463256836e-01
1.220000013709068298e-01
4.699999839067459106e-02
2.786000013351440430e+00
1.360000073909759521e-01
9.399999976158142090e-01
4.410000145435333252e-01
3.040999889373779297e+00
1.011999964714050293e+00
3.262000083923339844e+00
1.039000034332275391e+00
6.570000052452087402e-01
3.779999911785125732e-01
2.328999996185302734e+00
1.799000024795532227e+00
2.306999921798706055e+00
1.210000038146972656e+00
2.480999946594238281e+00
2.996999979019165039e+00
1.827999949455261230e+00
8.000000379979610443e-03
2.841000080108642578e+00
1.177000045776367188e+00
4.166999816894531250e+00
1.911999940872192383e+00
1.038399982452392578e+01
1.557999968528747559e+00
4.006000041961669922e+00
9.449999928474426270e-01
7.580000162124633789e-01
4.729999899864196777e-01
3.118000030517578125e+00
8.562000274658203125e+00
1.309999972581863403e-01
7.000000216066837311e-03
1.299999952316284180e+00
3.790000081062316895e-01
3.730999946594238281e+00
1.128999948501586914e+00
1.891000032424926758e+00
1.064000010490417480e+00
1.080000028014183044e-01
4.469999790191650391e+00
5.709999799728393555e-01
5.056000232696533203e+00
5.223999977111816406e+00
5.139999985694885254e-01
2.157000064849853516e+00
1.985999941825866699e+00
4.869999885559082031e-01
5.081999778747558594e+00
8.870000243186950684e-01
5.469999909400939941e-01
4.611000061035156250e+00
2.189999967813491821e-01
9.259999990463256836e-01
4.856999874114990234e+00
5.796999931335449219e+00
1.080000028014183044e-01
1.800000071525573730e-01
2.720000147819519043e-01
3.300000131130218506e-01
3.580000102519989014e-01
2.861000061035156250e+00
1.733999967575073242e+00
2.012000083923339844e+00
2.141000032424926758e+00
1.123000025749206543e+00
2.617000102996826172e+00
2.310000061988830566e-01
1.799999922513961792e-02
7.670000195503234863e-01
1.960000038146972656e+00
1.468999981880187988e+00
8.320000171661376953e-01
9.049999713897705078e-01
1.799999922513961792e-02
3.220000028610229492e+00
2.322999954223632812e+00
1.912999987602233887e+00
4.486999988555908203e+00
1.700000092387199402e-02
1.317999958992004395e+00
5.322999954223632812e+00
1.595999956130981445e+00
1.669999957084655762e-01
3.790000081062316895e-01
1.118999958038330078e+00
3.436000108718872070e+00
2.971999883651733398e+00
3.706000089645385742e+00
7.229999899864196777e-01
6.620000004768371582e-01
2.145999908447265625e+00
1.567999958992004395e+00
4.087999820709228516e+00
7.350000143051147461e-01
1.082000017166137695e+00
5.590000152587890625e-01
2.934000015258789062e+00
8.140000104904174805e-01
4.690000116825103760e-01
3.889999985694885254e-01
3.812000036239624023e+00
2.737999916076660156e+00
5.120999813079833984e+00
1.366999983787536621e+00
1.212000012397766113e+00
2.259000062942504883e+00
2.293999910354614258e+00
1.770000010728836060e-01
6.529999971389770508e-01
5.730000138282775879e-01
1.187000036239624023e+00
5.019999742507934570e-01
7.789999842643737793e-01
1.190000057220458984e+00
8.600000143051147461e-01
2.543999910354614258e+00
3.240000009536743164e-01
1.072000026702880859e+00
1.031999945640563965e+00
9.999999776482582092e-03
3.098999977111816406e+00
1.949999928474426270e-01
9.850000143051147461e-01
1.013000011444091797e+00
2.838000059127807617e+00
4.420000016689300537e-01
1.052000045776367188e+00
5.757999897003173828e+00
2.010999917984008789e+00
4.900000095367431641e-01
4.399999976158142090e-01
6.138999938964843750e+00
3.429999947547912598e-01
1.128999948501586914e+00
4.410000145435333252e-01
1.911000013351440430e+00
4.900000095367431641e-01
1.976999998092651367e+00
2.555999994277954102e+00
5.799999833106994629e-02
1.205000042915344238e+00
1.368999958038330078e+00
9.120000004768371582e-01
3.449999988079071045e-01
3.868000030517578125e+00
8.880000114440917969e-01
5.139999866485595703e+00
4.697000026702880859e+00
3.378999948501586914e+00
3.900000080466270447e-02
5.780000090599060059e-01
4.239999949932098389e-01
1.914999961853027344e+00
1.825999975204467773e+00
1.640000045299530029e-01
1.560000032186508179e-01
1.524999976158142090e+00
6.393000125885009766e+00
6.280000209808349609e-01
5.302000045776367188e+00
6.560000181198120117e-01
6.300000101327896118e-02
3.269000053405761719e+00
6.000000052154064178e-03
1.231999993324279785e+00
2.680000066757202148e-01
2.354000091552734375e+00
1.047999978065490723e+00
5.252999782562255859e+00
9.950000047683715820e-01
1.327000021934509277e+00
1.228999972343444824e+00
8.569999933242797852e-01
3.370000123977661133e-01
9.600000083446502686e-02
5.946000099182128906e+00
9.800000190734863281e-01
2.355000019073486328e+00
1.850000023841857910e-01
1.157999992370605469e+00
1.070000007748603821e-01
3.219999969005584717e-01
9.499999880790710449e-01
1.360999941825866699e+00
7.400000095367431641e-02
8.090000152587890625e-01
1.850000023841857910e+00
2.820000052452087402e-01
3.880000114440917969e-01
3.729999959468841553e-01
5.900000035762786865e-02
2.891999959945678711e+00
3.039999961853027344e+00
2.750000059604644775e-01
6.430000066757202148e-01
3.289000034332275391e+00
2.371000051498413086e+00
8.610000014305114746e-01
1.605999946594238281e+00
2.250999927520751953e+00
2.360000014305114746e-01
3.849999904632568359e-01
8.169999718666076660e-01
5.999999865889549255e-02
5.950000286102294922e-01
4.811999797821044922e+00
1.276000022888183594e+00
1.827999949455261230e+00
2.479000091552734375e+00
2.184999942779541016e+00
1.108000040054321289e+00
1.075000047683715820e+00
4.982999801635742188e+00
3.016999959945678711e+00
1.238999962806701660e+00
4.860000014305114746e-01
1.539999991655349731e-01
3.246999979019165039e+00
2.389999926090240479e-01
4.040000140666961670e-01
2.174999952316284180e+00
1.044000029563903809e+00
1.453999996185302734e+00
2.285000085830688477e+00
3.717000007629394531e+00
4.778999805450439453e+00
1.626000046730041504e+00
2.726999998092651367e+00
4.790000021457672119e-01
7.080000042915344238e-01
3.980000019073486328e+00
3.417999982833862305e+00
2.365000009536743164e+00
2.150000035762786865e-01
1.123000025749206543e+00
1.422999978065490723e+00
6.290000081062316895e-01
8.439999818801879883e-01
2.059000015258789062e+00
6.629999876022338867e-01
1.182000041007995605e+00
2.753999948501586914e+00
2.430000066757202148e+00
5.149999856948852539e-01
2.134999990463256836e+00
2.540999889373779297e+00
7.170000076293945312e-01
1.481999993324279785e+00
1.618000030517578125e+00
1.447000026702880859e+00
3.322000026702880859e+00
2.440000027418136597e-01
8.009999990463256836e-01
1.909999996423721313e-01
2.329999953508377075e-01
1.167000055313110352e+00
1.000000047497451305e-03
1.457999944686889648e+00
2.217999935150146484e+00
7.620000243186950684e-01
1.304999947547912598e+00
1.266000032424926758e+00
2.006999969482421875e+00
4.458000183105468750e+00
6.280000209808349609e-01
8.420000076293945312e-01
2.134000062942504883e+00
8.790000081062316895e-01
2.124000072479248047e+00
8.200000226497650146e-02
3.101000070571899414e+00
8.109999895095825195e-01
2.963999986648559570e+00
3.999999910593032837e-02
3.449999988079071045e-01
1.580999970436096191e+00
1.705999970436096191e+00
5.200000107288360596e-02
3.799999952316284180e-01
8.849999904632568359e-01
1.139000058174133301e+00
9.089999794960021973e-01
3.247999906539916992e+00
4.300000071525573730e-01
5.450000166893005371e-01
2.628000020980834961e+00
2.509999871253967285e-01
3.619999885559082031e-01
1.697000026702880859e+00
2.138999938964843750e+00
1.090000033378601074e+00
1.842000007629394531e+00
2.834000110626220703e+00
2.142999887466430664e+00
2.572999954223632812e+00
1.598000049591064453e+00
1.407999992370605469e+00
2.099999934434890747e-01
3.810000121593475342e-01
1.565000057220458984e+00
1.570000052452087402e-01
5.759999752044677734e-01
6.599999964237213135e-02
2.200000047683715820e+00
5.649000167846679688e+00
1.283300018310546875e+01
2.802000045776367188e+00
5.659999847412109375e-01
3.174999952316284180e+00
5.552000045776367188e+00
4.000000189989805222e-03
9.459999799728393555e-01
2.500999927520751953e+00
2.970000028610229492e+00
1.967000007629394531e+00
2.220000028610229492e-01
4.303999900817871094e+00
2.809000015258789062e+00
2.579999864101409912e-01
2.167000055313110352e+00
1.410000026226043701e-01
3.789000034332275391e+00
3.179999887943267822e-01
1.149000048637390137e+00
1.330000013113021851e-01
8.119999766349792480e-01
3.089999854564666748e-01
4.048999786376953125e+00
2.070000022649765015e-01
3.154999971389770508e+00
1.735999941825866699e+00
5.619999766349792480e-01
3.179999887943267822e-01
1.580000072717666626e-01
8.600000143051147461e-01
1.483000040054321289e+00
8.479999899864196777e-01
2.122999906539916992e+00
1.379999995231628418e+00
1.332000017166137695e+00
5.007999897003173828e+00
3.580000102519989014e-01
2.610000073909759521e-01
5.180000066757202148e-01
1.769000053405761719e+00
2.831000089645385742e+00
4.339999854564666748e-01
9.319999814033508301e-01
1.057999968528747559e+00
2.899999916553497314e-01
6.060000061988830566e-01
5.600000172853469849e-02
2.099999971687793732e-02
1.861999988555908203e+00
4.199999943375587463e-02
2.339999973773956299e-01
1.570000052452087402e-01
4.467999935150146484e+00
5.870000123977661133e-01
1.195000052452087402e+00
1.764999985694885254e+00
5.401000022888183594e+00
9.240000247955322266e-01
1.618000030517578125e+00
1.241000056266784668e+00
8.759999871253967285e-01
6.276999950408935547e+00
1.780000030994415283e-01
3.071000099182128906e+00
9.600000083446502686e-02
5.814000129699707031e+00
6.869999766349792480e-01
5.970000028610229492e-01
3.339999914169311523e-01
2.169999927282333374e-01
4.300000071525573730e-01
1.589999943971633911e-01
1.715999960899353027e+00
1.190000027418136597e-01
1.439999938011169434e-01
2.084000110626220703e+00
6.330000162124633789e-01
2.091000080108642578e+00
1.059999987483024597e-01
3.299999952316284180e+00
1.327999949455261230e+00
5.410000085830688477e-01
3.973000049591064453e+00
1.350000053644180298e-01
2.115000009536743164e+00
7.999999821186065674e-02
6.538000106811523438e+00
2.099999971687793732e-02
2.184000015258789062e+00
9.010000228881835938e-01
1.582000017166137695e+00
3.479000091552734375e+00
8.330000042915344238e-01
8.930000066757202148e-01
2.019999980926513672e+00
5.530000209808349609e+00
8.500000089406967163e-02
2.052000045776367188e+00
4.140000045299530029e-01
1.630000025033950806e-01
1.590000033378601074e+00
3.618000030517578125e+00
3.321000099182128906e+00
4.679999947547912598e-01
5.989999771118164062e-01
2.378999948501586914e+00
1.231999993324279785e+00
3.243000030517578125e+00
2.907999992370605469e+00
9.720000028610229492e-01
1.167000055313110352e+00
3.900000095367431641e+00
1.580000042915344238e+00
1.710000038146972656e-01
1.338000059127807617e+00
2.870000004768371582e-01
2.608000040054321289e+00
1.064000010490417480e+00
1.891999959945678711e+00
5.410999774932861328e+00
3.109999895095825195e-01
1.444000005722045898e+00
1.508999943733215332e+00
5.289999842643737793e-01
6.169999837875366211e-01
8.529999852180480957e-01
3.860000073909759521e-01
3.289999961853027344e+00
4.505000114440917969e+00
3.197999954223632812e+00
1.659999936819076538e-01
3.070000112056732178e-01
1.223000049591064453e+00
5.184000015258789062e+00
4.950000047683715820e-01
1.598000049591064453e+00
2.181999921798706055e+00
2.309999942779541016e+00
1.317999958992004395e+00
9.999999776482582092e-03
1.508999943733215332e+00
6.750000119209289551e-01
5.139999985694885254e-01
1.870000064373016357e-01
4.534999847412109375e+00
4.320000112056732178e-01
4.679999947547912598e-01
1.268000006675720215e+00
7.860000133514404297e-01
5.360000133514404297e-01
9.060000181198120117e-01
2.107000112533569336e+00
1.648000001907348633e+00
5.460000038146972656e-01
1.144999980926513672e+00
4.828000068664550781e+00
4.169999957084655762e-01
2.948999881744384766e+00
1.884999990463256836e+00
5.299999713897705078e-01
3.928999900817871094e+00
3.976000070571899414e+00
1.685999989509582520e+00
1.427999973297119141e+00
2.440000027418136597e-01
5.580000281333923340e-01
1.059999987483024597e-01
5.572999954223632812e+00
2.414000034332275391e+00
1.679999977350234985e-01
5.439000129699707031e+00
9.300000071525573730e-01
5.157000064849853516e+00
1.375000000000000000e+00
2.069000005722045898e+00
2.167999982833862305e+00
2.161000013351440430e+00
7.789999842643737793e-01
1.003999948501586914e+00
9.309999942779541016e-01
2.329999953508377075e-01
1.019999980926513672e-01
3.746999979019165039e+00
4.659999907016754150e-01
2.010000050067901611e-01
7.940000295639038086e-01
3.160000085830688477e+00
4.729000091552734375e+00
9.250000119209289551e-01
2.180000066757202148e+00
2.800000086426734924e-02
1.363000035285949707e+00
1.812999963760375977e+00
1.394000053405761719e+00
1.126999974250793457e+00
3.701999902725219727e+00
1.287999987602233887e+00
3.391000032424926758e+00
5.899999737739562988e-01
5.679999828338623047e+00
3.348999977111816406e+00
4.264999866485595703e+00
5.750999927520751953e+00
1.305999994277954102e+00
1.037999987602233887e+00
4.397999763488769531e+00
1.651000022888183594e+00
1.791000008583068848e+00
4.510000050067901611e-01
7.059999704360961914e-01
1.133000016212463379e+00
2.591000080108642578e+00
2.419999986886978149e-01
6.169999837875366211e-01
3.017999887466430664e+00
5.519999861717224121e-01
8.489999771118164062e-01
1.049999967217445374e-01
1.340999960899353027e+00
1.164999961853027344e+00
1.669999957084655762e+00
4.590000152587890625e+00
6.830000281333923340e-01
9.020000100135803223e-01
1.858999967575073242e+00
4.410000145435333252e-01
4.390000104904174805e-01
5.649999976158142090e-01
9.531000137329101562e+00
2.000000029802322388e-01
3.677999973297119141e+00
1.631000041961669922e+00
1.422000050544738770e+00
1.616000056266784668e+00
5.740000009536743164e-01
1.962000012397766113e+00
1.046000003814697266e+00
4.059000015258789062e+00
5.739999771118164062e+00
1.238999962806701660e+00
8.740000128746032715e-01
5.283999919891357422e+00
3.342999935150146484e+00
2.095000028610229492e+00
1.700000047683715820e+00
2.210000008344650269e-01
4.585000038146972656e+00
2.370000034570693970e-01
3.148999929428100586e+00
9.010000228881835938e-01
7.950000166893005371e-01
3.490000069141387939e-01
3.828000068664550781e+00
1.226999998092651367e+00
7.500000298023223877e-02
7.519999742507934570e-01
3.659999966621398926e-01
5.759999752044677734e-01
8.500000089406967163e-02
6.970000267028808594e-01
1.979999989271163940e-01
4.669000148773193359e+00
5.423999786376953125e+00
9.089999794960021973e-01
2.155999898910522461e+00
2.750999927520751953e+00
1.180000007152557373e-01
1.651000022888183594e+00
8.610000014305114746e-01
1.050999999046325684e+00
6.430000066757202148e-01
1.256000041961669922e+00
5.270000100135803223e-01
1.863000035285949707e+00
6.389999985694885254e-01
1.774000048637390137e+00
