1.117884033203125000e+03
1.473071044921875000e+03
1.096770019531250000e+02
6.703625000000000000e+03
1.939636962890625000e+03
2.921999931335449219e+00
2.253739929199218750e+02
3.406340026855468750e+02
4.371655761718750000e+03
1.051111914062500000e+04
5.274379882812500000e+02
2.088443115234375000e+03
3.826957031250000000e+03
4.739230957031250000e+03
2.225280029296875000e+03
6.744699707031250000e+02
7.416840209960937500e+02
5.361170043945312500e+02
2.884135009765625000e+03
7.027165039062500000e+03
2.048591064453125000e+03
4.828000068664550781e+00
8.392000198364257812e+00
5.478045898437500000e+03
3.659616943359375000e+03
1.935755981445312500e+03
3.309155029296875000e+03
1.524999976158142090e+00
5.769529785156250000e+03
8.696099853515625000e+01
3.244322998046875000e+03
7.466370239257812500e+02
1.738629028320312500e+03
6.560529785156250000e+02
1.435339965820312500e+02
5.517000198364257812e+00
2.992999877929687500e+02
1.814830017089843750e+02
9.354000091552734375e+00
6.931660156250000000e+02
1.064363037109375000e+03
5.468460083007812500e+02
4.717470092773437500e+02
9.270310058593750000e+02
1.817234008789062500e+03
3.902380065917968750e+02
2.424592041015625000e+03
1.581266967773437500e+03
3.669089965820312500e+02
6.192189941406250000e+03
1.075125976562500000e+03
8.776409912109375000e+02
2.208512939453125000e+03
2.829689941406250000e+02
3.325956054687500000e+03
7.045709838867187500e+02
3.154812988281250000e+03
1.475938964843750000e+03
3.900000095367431641e+00
4.251041992187500000e+03
1.828338012695312500e+03
6.687030029296875000e+02
2.319728027343750000e+03
4.875960937500000000e+03
2.825378906250000000e+03
5.797030761718750000e+03
2.506468994140625000e+03
3.474383056640625000e+03
5.517000198364257812e+00
1.173600952148437500e+03
6.796499633789062500e+01
2.254940917968750000e+03
1.662922973632812500e+03
1.583911010742187500e+03
9.194000244140625000e+00
2.426810058593750000e+03
1.006480026245117188e+02
3.037923095703125000e+03
3.063959960937500000e+03
2.806279907226562500e+02
2.495249938964843750e+02
1.405494018554687500e+03
5.461939941406250000e+03
4.986759765625000000e+03
2.570492919921875000e+03
2.071488037109375000e+03
3.814912109375000000e+03
9.037125000000000000e+03
3.859693115234375000e+03
5.340434082031250000e+03
5.280399780273437500e+02
5.397999763488769531e+00
3.850506103515625000e+03
3.911230957031250000e+03
1.105467041015625000e+03
2.315571044921875000e+03
1.855878051757812500e+03
1.198922973632812500e+03
5.602620117187500000e+03
4.664999961853027344e+00
2.746260986328125000e+03
3.013656982421875000e+03
2.373154052734375000e+03
8.544910278320312500e+02
1.406880981445312500e+03
3.009757080078125000e+03
5.368696777343750000e+03
2.645621093750000000e+03
6.021941894531250000e+03
5.447600173950195312e+01
7.473725097656250000e+03
1.322182983398437500e+03
2.476139892578125000e+03
1.132189941406250000e+03
3.095895019531250000e+03
7.161078125000000000e+03
6.923150024414062500e+02
1.031299972534179688e+01
7.583070068359375000e+02
2.980065917968750000e+03
1.592489013671875000e+03
2.362749938964843750e+02
2.072724121093750000e+03
5.574402832031250000e+03
4.957133789062500000e+03
4.508940917968750000e+03
1.534899997711181641e+01
2.196815917968750000e+03
9.784329833984375000e+02
1.917600059509277344e+01
2.265000104904174805e+00
9.472000122070312500e+02
1.163229980468750000e+02
4.324999809265136719e+00
1.992624023437500000e+03
3.001075927734375000e+03
9.183679809570312500e+02
8.107570190429687500e+02
4.017144042968750000e+03
1.202213012695312500e+03
4.890929870605468750e+02
2.553302978515625000e+03
7.223430175781250000e+02
1.470802001953125000e+03
2.258388916015625000e+03
2.034614990234375000e+03
6.081390136718750000e+03
8.142000198364257812e+00
4.397158203125000000e+03
4.736449890136718750e+02
1.223449951171875000e+03
1.084462036132812500e+03
1.728279052734375000e+03
1.060926025390625000e+03
2.361764892578125000e+03
2.576885986328125000e+03
2.361123046875000000e+03
5.227013183593750000e+03
8.314219970703125000e+02
1.287796997070312500e+03
9.036799621582031250e+01
1.202405029296875000e+03
1.222704956054687500e+03
1.522711059570312500e+03
2.070458007812500000e+03
1.924670043945312500e+03
2.151900024414062500e+02
3.925299835205078125e+01
5.980339965820312500e+02
4.008789978027343750e+02
2.639094970703125000e+03
4.895999908447265625e+00
1.519671020507812500e+03
1.550650024414062500e+03
2.042189941406250000e+02
8.040000200271606445e-01
1.428642944335937500e+03
2.010947021484375000e+03
1.681147949218750000e+03
5.585146972656250000e+03
6.776999950408935547e+00
2.346470031738281250e+02
2.707656005859375000e+03
1.057762939453125000e+03
3.701499938964843750e+02
8.684130249023437500e+02
5.926137207031250000e+03
1.899478027343750000e+03
8.879599761962890625e+01
3.235116943359375000e+03
1.387228027343750000e+03
4.174939941406250000e+03
8.331000328063964844e+00
7.583999633789062500e+01
3.181935058593750000e+03
1.154665039062500000e+03
1.505879974365234375e+02
5.642249755859375000e+02
2.620584960937500000e+03
3.558258056640625000e+03
1.184616943359375000e+03
5.185959960937500000e+03
2.728890075683593750e+02
2.316999912261962891e+00
1.182754028320312500e+03
2.822876953125000000e+03
3.222300109863281250e+02
1.499387939453125000e+03
6.605944824218750000e+03
3.548869934082031250e+02
1.832756958007812500e+03
1.845166015625000000e+03
1.188707031250000000e+03
1.427099990844726562e+01
8.335729980468750000e+02
2.971408935546875000e+03
6.930066894531250000e+03
4.539300155639648438e+01
2.624575927734375000e+03
1.125333007812500000e+03
3.239743896484375000e+03
6.751950073242187500e+02
1.021885986328125000e+03
3.296309082031250000e+03
5.873500061035156250e+01
9.129400024414062500e+02
1.315489959716796875e+02
3.440041992187500000e+03
1.696631958007812500e+03
2.449541992187500000e+03
1.524899959564208984e+01
2.175846923828125000e+03
2.963011962890625000e+03
1.358869018554687500e+03
3.448746093750000000e+03
1.276509033203125000e+03
1.716916015625000000e+03
8.088540039062500000e+02
1.231067016601562500e+03
5.530750122070312500e+02
1.989487060546875000e+03
1.092129974365234375e+02
6.949600219726562500e+01
1.399579925537109375e+02
2.164570007324218750e+02
9.929520263671875000e+02
1.534959960937500000e+03
3.811299896240234375e+01
5.254000186920166016e+00
1.591582031250000000e+03
7.914429931640625000e+02
2.194459991455078125e+02
3.299314941406250000e+03
1.272599975585937500e+03
1.063223022460937500e+03
9.658519897460937500e+02
3.283437988281250000e+03
4.459654785156250000e+03
4.061923095703125000e+03
7.555789794921875000e+02
1.100244921875000000e+04
3.453896972656250000e+03
6.928610229492187500e+02
2.101325927734375000e+03
2.558551025390625000e+03
5.084184082031250000e+03
4.775000095367431641e+00
3.589871093750000000e+03
3.491489013671875000e+03
5.842473144531250000e+03
6.031324218750000000e+03
3.947000026702880859e+00
3.000468994140625000e+03
3.265065917968750000e+03
1.192588989257812500e+03
4.377256835937500000e+03
2.197458007812500000e+03
1.864579925537109375e+02
4.948999881744384766e+00
1.798588012695312500e+03
2.882480957031250000e+03
1.479162963867187500e+03
1.665826049804687500e+03
1.048416992187500000e+03
1.173265991210937500e+03
1.558822021484375000e+03
4.359600067138671875e+01
2.688720092773437500e+02
1.742228027343750000e+03
5.505000114440917969e+00
9.578590087890625000e+02
2.934158935546875000e+03
1.992870971679687500e+03
2.949406005859375000e+03
2.452193115234375000e+03
2.639979003906250000e+03
3.026999950408935547e+00
5.965916015625000000e+03
3.180650024414062500e+02
2.568159912109375000e+03
1.793953002929687500e+03
2.355116943359375000e+03
2.990196044921875000e+03
5.533419799804687500e+02
2.619999885559082031e+00
8.105400085449218750e+01
1.573600006103515625e+01
1.391869964599609375e+02
1.139862060546875000e+03
1.469060058593750000e+02
4.156692871093750000e+03
2.041569946289062500e+03
2.398999929428100586e+00
5.868289794921875000e+02
6.796619873046875000e+02
2.084496093750000000e+03
1.724603027343750000e+03
3.387380065917968750e+02
1.063099975585937500e+02
1.612156005859375000e+03
2.601352050781250000e+03
1.241651000976562500e+03
3.976775878906250000e+03
1.134449996948242188e+02
8.550520019531250000e+02
7.098640136718750000e+02
2.984402099609375000e+03
1.974029998779296875e+02
3.068469970703125000e+03
1.829001953125000000e+03
3.165620117187500000e+02
1.324766967773437500e+03
3.430301025390625000e+03
6.002399826049804688e+01
3.586531982421875000e+03
1.148750976562500000e+03
3.354985107421875000e+03
2.585662109375000000e+03
1.338806030273437500e+03
2.467310028076171875e+02
1.193642944335937500e+03
9.279429931640625000e+02
4.684000015258789062e+01
2.613500061035156250e+02
5.710383789062500000e+03
1.416019628906250000e+04
2.789732910156250000e+03
1.605412963867187500e+03
1.259042968750000000e+03
9.754060058593750000e+02
1.906618041992187500e+03
6.475999832153320312e+00
5.995999813079833984e+00
4.627090148925781250e+02
2.646386962890625000e+03
3.615145019531250000e+03
3.931690063476562500e+02
6.128259887695312500e+02
1.383020019531250000e+03
4.163890075683593750e+02
2.513527099609375000e+03
1.777301025390625000e+03
3.879520019531250000e+03
1.341129028320312500e+03
3.709742919921875000e+03
7.149915039062500000e+03
4.403122070312500000e+03
1.114546020507812500e+03
7.614400024414062500e+02
2.906035888671875000e+03
4.552384765625000000e+03
2.511537109375000000e+03
3.900010986328125000e+03
4.735840148925781250e+02
4.623185058593750000e+03
9.604119873046875000e+02
1.411328979492187500e+03
1.127401977539062500e+03
1.204171997070312500e+03
2.021433959960937500e+03
7.954699707031250000e+01
1.358958984375000000e+03
2.811898925781250000e+03
1.380973999023437500e+03
4.670651855468750000e+03
3.925433105468750000e+03
4.363078125000000000e+03
9.923600006103515625e+01
5.649840087890625000e+02
3.924330139160156250e+02
5.971630249023437500e+02
4.753699874877929688e+01
1.675399932861328125e+02
9.784920043945312500e+02
1.589324951171875000e+03
1.640922973632812500e+03
3.315128906250000000e+03
3.095000028610229492e+00
1.665411010742187500e+03
2.800989013671875000e+03
4.792030029296875000e+02
2.507322021484375000e+03
1.466929931640625000e+02
2.578904052734375000e+03
1.619943969726562500e+03
5.372569824218750000e+03
1.722100067138671875e+01
2.066999912261962891e+00
4.220549926757812500e+02
8.543099975585937500e+02
3.055919921875000000e+03
1.889876953125000000e+03
3.437560119628906250e+02
1.690489959716796875e+02
1.421121948242187500e+03
1.047984985351562500e+03
1.335527954101562500e+03
2.654880065917968750e+02
2.176096923828125000e+03
3.637041992187500000e+03
3.065849914550781250e+02
2.061668945312500000e+03
5.666939697265625000e+02
5.518780761718750000e+03
2.371063964843750000e+03
7.327600097656250000e+02
1.230797973632812500e+03
2.861927001953125000e+03
9.845116210937500000e+03
1.155579956054687500e+03
7.364750976562500000e+03
5.786800003051757812e+01
1.238175048828125000e+03
1.087360961914062500e+03
4.462970214843750000e+03
3.175281005859375000e+03
3.519387939453125000e+03
2.045666015625000000e+03
3.565429992675781250e+02
1.875694946289062500e+03
2.736689941406250000e+03
4.189999023437500000e+03
2.931180114746093750e+02
2.229926025390625000e+03
9.835000038146972656e+00
2.451312011718750000e+03
4.333280029296875000e+02
3.227999925613403320e+00
1.154771972656250000e+03
5.225297851562500000e+03
4.648240051269531250e+02
5.938930053710937500e+02
3.300925048828125000e+03
7.714799804687500000e+02
7.953629760742187500e+02
9.636560058593750000e+02
1.474692993164062500e+03
2.303778076171875000e+03
2.368658935546875000e+03
2.001223999023437500e+03
1.274838012695312500e+03
6.412249755859375000e+02
3.544846923828125000e+03
2.116300048828125000e+03
2.794571044921875000e+03
5.113680114746093750e+02
1.163614990234375000e+03
1.419895996093750000e+03
3.148561035156250000e+03
1.881046020507812500e+03
3.602386962890625000e+03
4.300700073242187500e+02
6.351500244140625000e+02
1.645067993164062500e+03
1.617720031738281250e+02
1.573896972656250000e+03
3.418001953125000000e+03
2.274065917968750000e+03
3.510346923828125000e+03
1.762968017578125000e+03
3.041134033203125000e+03
2.738899993896484375e+01
2.094969940185546875e+02
1.473700046539306641e+01
5.215070190429687500e+02
1.561473999023437500e+03
3.788738037109375000e+03
4.068519897460937500e+02
8.484869995117187500e+02
3.801603027343750000e+03
9.741409912109375000e+02
3.640620117187500000e+02
5.859869995117187500e+02
3.704198974609375000e+03
2.927440917968750000e+03
2.217476074218750000e+03
1.959974975585937500e+03
4.243590087890625000e+02
1.195842041015625000e+03
1.334109985351562500e+03
1.310400009155273438e+01
3.537955078125000000e+03
5.507071777343750000e+03
4.458625000000000000e+03
3.216091064453125000e+03
3.563909912109375000e+02
5.824010009765625000e+02
6.414439697265625000e+02
3.083258056640625000e+03
5.196000099182128906e+00
3.691999912261962891e+00
3.370595947265625000e+03
5.718268066406250000e+03
1.374238037109375000e+03
5.431259765625000000e+02
1.032547973632812500e+03
2.001734985351562500e+03
2.598187988281250000e+03
1.571430053710937500e+03
2.653266113281250000e+03
6.735130004882812500e+02
5.931900024414062500e+01
2.077120056152343750e+02
2.404199981689453125e+01
7.012000083923339844e+00
3.481648925781250000e+03
2.595100021362304688e+01
2.768041992187500000e+03
3.238800048828125000e+03
8.678569946289062500e+02
5.114989929199218750e+02
7.772999763488769531e+00
1.878135986328125000e+03
3.383080139160156250e+02
1.542412963867187500e+03
3.994999885559082031e+00
5.096252929687500000e+03
1.583983032226562500e+03
5.736536132812500000e+03
1.470586059570312500e+03
2.041965942382812500e+03
1.378260986328125000e+03
1.900818969726562500e+03
5.546030273437500000e+02
1.925840942382812500e+03
4.599000000000000000e+03
4.072000026702880859e+00
2.265196044921875000e+03
4.014670898437500000e+03
3.454052001953125000e+03
1.743291015625000000e+03
3.952940063476562500e+02
2.083149902343750000e+03
6.669400024414062500e+01
1.417599964141845703e+01
1.292795043945312500e+03
1.848390045166015625e+02
2.459749023437500000e+03
5.583220214843750000e+03
7.715629882812500000e+02
5.771380004882812500e+02
3.420000076293945312e+01
1.990699958801269531e+01
9.384270019531250000e+02
1.677947998046875000e+03
1.259312011718750000e+03
9.584340209960937500e+02
1.155437011718750000e+03
2.132562988281250000e+03
5.075329101562500000e+03
2.205020019531250000e+03
7.526000022888183594e+00
1.655788940429687500e+03
1.154461059570312500e+03
6.170930175781250000e+02
1.457206054687500000e+03
2.391790008544921875e+02
5.552759765625000000e+03
4.177380065917968750e+02
5.577524902343750000e+03
3.766457031250000000e+03
7.746810302734375000e+02
6.023229003906250000e+03
2.491700927734375000e+03
1.336333007812500000e+03
1.840500068664550781e+01
4.016600036621093750e+01
4.989460144042968750e+02
3.107158935546875000e+03
8.731518554687500000e+03
5.640999794006347656e+00
3.398999929428100586e+00
3.861146972656250000e+03
1.487399959564208984e+01
3.511638916015625000e+03
1.081574951171875000e+03
5.820988769531250000e+03
2.601897949218750000e+03
5.892386230468750000e+03
1.736412963867187500e+03
4.858649902343750000e+02
1.708222045898437500e+03
2.874849121093750000e+03
1.134760986328125000e+03
3.779370117187500000e+02
1.044239990234375000e+03
2.886103027343750000e+03
1.291161987304687500e+03
3.284767089843750000e+03
6.977356933593750000e+03
3.572089111328125000e+03
1.815520996093750000e+03
1.658145996093750000e+03
1.645081054687500000e+03
2.043182006835937500e+03
2.261900024414062500e+02
9.729650268554687500e+02
8.368319702148437500e+02
1.792790069580078125e+02
4.224440917968750000e+03
5.640650024414062500e+02
2.644599914550781250e+01
1.137430053710937500e+03
4.844166992187500000e+03
2.272570068359375000e+03
6.792080078125000000e+02
5.592399978637695312e+01
7.375000000000000000e+00
8.490859985351562500e+02
5.953000068664550781e+00
9.240499877929687500e+01
3.447691894531250000e+03
1.094517944335937500e+03
5.806649780273437500e+02
1.788006958007812500e+03
4.031485107421875000e+03
2.784294921875000000e+03
3.180616943359375000e+03
2.559333984375000000e+03
9.212189941406250000e+02
7.815999984741210938e+00
5.631353027343750000e+03
3.789000034332275391e+00
6.160356933593750000e+03
9.736989746093750000e+02
2.289361083984375000e+03
3.304150085449218750e+02
9.635859375000000000e+03
3.481053955078125000e+03
2.061829986572265625e+02
4.529360046386718750e+02
2.069535888671875000e+03
3.258520019531250000e+03
5.304911132812500000e+03
1.938932983398437500e+03
5.345193847656250000e+03
1.752996948242187500e+03
5.173049926757812500e+02
6.541289062500000000e+03
1.058970031738281250e+02
2.315427001953125000e+03
2.238659973144531250e+02
5.511000156402587891e+00
5.101630859375000000e+03
1.140834960937500000e+03
1.201161010742187500e+03
2.717959899902343750e+02
9.133159790039062500e+02
3.019353027343750000e+03
2.968585937500000000e+03
9.766198242187500000e+03
3.962788085937500000e+03
8.290817382812500000e+03
6.417650146484375000e+02
2.414999961853027344e+00
5.787000179290771484e+00
6.778049804687500000e+03
6.420860839843750000e+03
1.611411987304687500e+03
3.022225097656250000e+03
1.177443969726562500e+03
3.298508056640625000e+03
8.942030029296875000e+02
2.531645019531250000e+03
2.430020996093750000e+03
1.518619995117187500e+02
1.164849023437500000e+04
2.950566894531250000e+03
1.550199985504150391e+01
3.086510009765625000e+02
7.708800048828125000e+02
8.534799957275390625e+01
8.525900268554687500e+01
1.094291992187500000e+03
4.566919860839843750e+02
4.025312988281250000e+03
1.907063964843750000e+03
6.836687988281250000e+03
5.373431152343750000e+03
3.710300064086914062e+01
4.012000083923339844e+00
1.608708007812500000e+03
2.334177978515625000e+03
2.385031005859375000e+03
4.535899963378906250e+02
1.720188964843750000e+03
6.684489746093750000e+02
4.011870117187500000e+02
2.375499023437500000e+03
7.418012207031250000e+03
7.028209838867187500e+02
2.484440002441406250e+02
2.428229003906250000e+03
3.013000011444091797e+00
1.079727050781250000e+03
5.840000152587890625e+00
4.711999893188476562e+00
1.958503051757812500e+03
6.514550170898437500e+02
5.481882812500000000e+03
9.045780029296875000e+02
1.871990051269531250e+02
6.478998046875000000e+03
6.951030273437500000e+02
5.519999980926513672e+00
1.410946044921875000e+03
7.136249023437500000e+03
1.625250976562500000e+03
1.549541992187500000e+03
2.339960021972656250e+02
3.087720947265625000e+03
2.282980041503906250e+02
1.756260009765625000e+03
5.517383789062500000e+03
5.150000095367431641e+00
3.677283935546875000e+03
3.602439880371093750e+02
3.812302978515625000e+03
3.764024902343750000e+03
8.703800201416015625e+01
1.067588574218750000e+04
2.426999969482421875e+02
2.682516113281250000e+03
2.677577880859375000e+03
3.795917968750000000e+03
2.333715087890625000e+03
3.497127929687500000e+03
6.403709716796875000e+02
5.377554199218750000e+03
2.485070068359375000e+03
4.592943847656250000e+03
9.001480102539062500e+02
2.168866943359375000e+03
5.883049926757812500e+02
4.996515136718750000e+03
1.183724975585937500e+03
1.268312988281250000e+03
1.045479965209960938e+02
4.195320129394531250e+02
8.786999702453613281e+00
5.860000133514404297e+00
6.641977050781250000e+03
5.874018066406250000e+03
4.513708984375000000e+03
8.125089721679687500e+02
2.500429931640625000e+03
4.885341796875000000e+03
1.369211059570312500e+03
2.263259033203125000e+03
1.786519927978515625e+02
3.964299926757812500e+02
2.121240966796875000e+03
1.591222045898437500e+03
3.355150878906250000e+03
2.660760986328125000e+03
4.651886230468750000e+03
3.242743896484375000e+03
4.905411132812500000e+03
2.582999944686889648e+00
2.750455078125000000e+03
2.147000074386596680e+00
1.309407958984375000e+03
5.153289794921875000e+02
3.118459960937500000e+03
8.863239746093750000e+02
1.629859924316406250e+02
2.785800048828125000e+03
1.983610961914062500e+03
2.352041992187500000e+03
2.516175048828125000e+03
6.545600097656250000e+03
6.464509887695312500e+02
6.967999935150146484e+00
4.828999996185302734e+00
4.439758789062500000e+03
1.289267944335937500e+03
7.560100097656250000e+02
3.933427978515625000e+03
7.165419921875000000e+03
5.115200042724609375e+01
2.073958984375000000e+03
8.584630126953125000e+02
2.980400085449218750e+01
3.529230041503906250e+02
4.104100036621093750e+02
1.526490020751953125e+02
1.586100952148437500e+03
6.740750122070312500e+02
3.947955078125000000e+03
4.466000080108642578e+00
3.320202880859375000e+03
1.438376953125000000e+03
6.240190917968750000e+03
3.622299957275390625e+01
2.108075927734375000e+03
4.450369873046875000e+02
6.289000034332275391e+00
1.157333984375000000e+03
6.251220092773437500e+02
1.827819946289062500e+03
3.389816894531250000e+03
1.394425048828125000e+03
1.143608032226562500e+03
1.133895996093750000e+03
4.927929992675781250e+02
6.240433105468750000e+03
3.820260009765625000e+02
3.813229980468750000e+02
8.306339721679687500e+02
2.707008056640625000e+03
7.852239990234375000e+02
2.491570068359375000e+03
1.549645019531250000e+03
8.134180297851562500e+02
1.178989990234375000e+03
4.468262207031250000e+03
2.637000083923339844e+00
3.240312988281250000e+03
8.520739746093750000e+02
2.505086914062500000e+03
1.963187988281250000e+03
2.952792968750000000e+03
3.677780029296875000e+03
9.661250000000000000e+02
3.126322021484375000e+03
2.495239013671875000e+03
1.731312988281250000e+03
3.007184082031250000e+03
2.030010070800781250e+02
1.623453979492187500e+03
8.418930053710937500e+02
3.200299835205078125e+01
1.393739990234375000e+03
3.112728027343750000e+03
1.919240966796875000e+03
2.406487060546875000e+03
2.458783935546875000e+03
7.792849731445312500e+02
1.616918945312500000e+03
1.555800048828125000e+03
3.348739929199218750e+02
4.832520019531250000e+03
3.506799926757812500e+02
9.834869995117187500e+02
2.061230010986328125e+02
2.743525878906250000e+03
1.220104980468750000e+03
3.464569091796875000e+03
7.183151855468750000e+03
3.823229980468750000e+02
2.727897949218750000e+03
5.713077148437500000e+03
2.553710021972656250e+02
2.070743896484375000e+03
2.174537109375000000e+03
2.092000007629394531e+00
2.959949951171875000e+02
7.095859985351562500e+02
2.322705078125000000e+03
2.371809082031250000e+03
8.935750122070312500e+02
2.472076904296875000e+03
6.730899810791015625e+01
3.567352050781250000e+03
9.378189697265625000e+02
1.229098999023437500e+03
2.873105957031250000e+03
1.627162963867187500e+03
1.280374023437500000e+03
7.839199829101562500e+02
4.513460083007812500e+02
2.968246093750000000e+03
1.010304016113281250e+03
8.771099853515625000e+02
2.339081054687500000e+03
1.689744018554687500e+03
1.287048950195312500e+03
6.740000247955322266e-01
1.013750000000000000e+03
5.850969848632812500e+02
1.366666015625000000e+03
2.191487060546875000e+03
2.825118896484375000e+03
5.442187988281250000e+03
2.235399932861328125e+02
3.588370117187500000e+03
2.233935058593750000e+03
9.744599914550781250e+01
1.955652954101562500e+03
1.209574951171875000e+03
3.846350097656250000e+02
1.341310058593750000e+03
7.352362792968750000e+03
5.534541015625000000e+03
2.333008056640625000e+03
2.464812988281250000e+03
5.451847167968750000e+03
1.000221008300781250e+03
1.312439062500000000e+04
2.275930023193359375e+02
3.999400878906250000e+03
6.231918945312500000e+03
4.178179199218750000e+03
3.497999906539916992e+00
8.964599609375000000e+03
2.939934082031250000e+03
2.104194091796875000e+03
2.050099945068359375e+01
4.268819885253906250e+02
1.384550048828125000e+03
5.128920288085937500e+02
2.040912963867187500e+03
2.536668945312500000e+03
3.107529907226562500e+02
7.522969970703125000e+02
1.528922973632812500e+03
5.281190185546875000e+02
3.191416992187500000e+03
5.811222167968750000e+03
1.772100067138671875e+01
8.621389770507812500e+02
3.257030029296875000e+02
1.667352050781250000e+03
2.827837890625000000e+03
5.670629882812500000e+02
7.343146972656250000e+03
5.337589721679687500e+02
3.420840148925781250e+02
6.590579833984375000e+02
1.293952026367187500e+03
2.671076904296875000e+03
4.976570129394531250e+02
2.325780029296875000e+02
3.309076904296875000e+03
1.409479003906250000e+03
3.211038085937500000e+03
2.576263916015625000e+03
2.496853027343750000e+03
1.886951049804687500e+03
7.768619995117187500e+02
1.211491943359375000e+03
1.230709960937500000e+03
3.567135009765625000e+03
9.430859985351562500e+02
1.963869995117187500e+03
1.687116943359375000e+03
2.439989929199218750e+02
1.757026000976562500e+03
8.676389770507812500e+02
4.859079895019531250e+02
5.223060302734375000e+02
4.285356933593750000e+03
2.368589935302734375e+02
5.095102050781250000e+03
1.406883056640625000e+03
1.735746948242187500e+03
1.447019042968750000e+03
2.598802978515625000e+03
9.345089721679687500e+02
1.146000003814697266e+01
8.981309814453125000e+02
4.731999874114990234e+00
6.826000213623046875e+00
1.588901977539062500e+03
2.607816894531250000e+03
7.072756835937500000e+03
4.876200103759765625e+01
1.668280029296875000e+03
2.543999910354614258e+00
1.479344970703125000e+03
6.322399902343750000e+01
1.895709960937500000e+03
4.697173828125000000e+03
3.994467041015625000e+03
4.463199996948242188e+01
1.001895019531250000e+03
7.638920288085937500e+02
1.692230072021484375e+02
4.609978027343750000e+03
1.032900047302246094e+01
