1.170143250000000000e+06
7.602414375000000000e+05
4.001289978027343750e+02
4.963395500000000000e+06
2.634034500000000000e+06
1.186940500000000000e+06
4.102483750000000000e+05
1.059270019531250000e+02
5.931096000000000000e+06
6.027599000000000000e+06
2.600785750000000000e+06
1.748119964599609375e+02
9.590033750000000000e+05
2.118926250000000000e+06
3.970971000000000000e+06
6.252582500000000000e+05
4.788696000000000000e+06
2.063567625000000000e+06
9.267501875000000000e+05
2.146831093750000000e+05
7.161732910156250000e+03
1.159677578125000000e+05
1.389846250000000000e+06
5.969709375000000000e+04
2.985759033203125000e+03
8.454321875000000000e+05
1.006292187500000000e+06
2.916881500000000000e+06
1.039506875000000000e+06
1.638159875000000000e+06
1.347421625000000000e+06
3.903208125000000000e+05
7.073076562500000000e+04
2.216291015625000000e+04
3.840083750000000000e+05
2.878207226562500000e+04
2.097670500000000000e+06
7.266877500000000000e+05
1.772747750000000000e+06
3.544814750000000000e+06
1.046270562500000000e+06
2.001742000000000000e+06
4.070281005859375000e+03
6.346957500000000000e+05
4.847723500000000000e+06
2.772962812500000000e+05
8.265000152587890625e+01
3.054313500000000000e+06
3.545026171875000000e+04
6.818610000000000000e+05
9.452828750000000000e+05
1.360365375000000000e+06
3.559780500000000000e+06
3.878874023437500000e+03
3.165996000000000000e+06
4.158281562500000000e+05
2.168470001220703125e+02
1.758080312500000000e+05
7.350130004882812500e+02
6.417713750000000000e+05
5.999307500000000000e+05
1.713118250000000000e+06
1.014533300781250000e+04
5.631409912109375000e+02
3.753966562500000000e+05
6.544623750000000000e+05
7.317879500000000000e+06
2.934404492187500000e+04
4.647238000000000000e+06
4.150605000000000000e+05
1.583927125000000000e+06
1.969801406250000000e+05
1.374861093750000000e+05
1.031805625000000000e+05
5.111539062500000000e+03
2.272550048828125000e+02
3.594031875000000000e+05
4.116879882812500000e+02
9.217246250000000000e+05
3.133370937500000000e+05
1.460526093750000000e+05
3.035151562500000000e+05
4.029408125000000000e+05
4.389918000000000000e+06
5.604015136718750000e+03
1.434296000000000000e+06
1.959028625000000000e+06
1.514300000000000000e+06
2.074801875000000000e+06
1.022187875000000000e+06
3.010314250000000000e+06
1.535948250000000000e+06
4.249240625000000000e+05
2.842744750000000000e+06
1.582018500000000000e+06
2.322015781250000000e+05
7.217300000000000000e+05
3.905424375000000000e+05
1.067331375000000000e+06
5.512835625000000000e+05
2.757118500000000000e+06
4.099014062500000000e+05
2.597982968750000000e+05
3.905592812500000000e+05
4.011339062500000000e+05
1.648275781250000000e+05
1.863253125000000000e+05
1.250397000000000000e+06
6.137243750000000000e+05
1.747612000000000000e+06
1.285925125000000000e+06
9.052999877929687500e+01
6.388898750000000000e+05
3.481585312500000000e+05
8.067461250000000000e+05
9.521170000000000000e+05
9.378849375000000000e+05
1.795950250000000000e+06
6.089911250000000000e+05
3.815315917968750000e+03
6.080460546875000000e+04
8.160116250000000000e+05
6.223301250000000000e+05
2.223585156250000000e+05
2.995822250000000000e+06
3.661932500000000000e+06
2.428007000000000000e+06
1.549876718750000000e+05
2.939395625000000000e+05
1.500913085937500000e+04
5.638686875000000000e+05
1.224694726562500000e+04
1.184199250000000000e+06
5.241379062500000000e+05
8.624223750000000000e+05
1.731138906250000000e+05
1.767152656250000000e+05
7.693285625000000000e+05
2.808773437500000000e+05
2.517811035156250000e+03
6.486960625000000000e+05
7.562040625000000000e+05
6.786597500000000000e+05
1.403275250000000000e+06
1.269277250000000000e+06
5.814277500000000000e+05
9.178928750000000000e+05
1.507858437500000000e+05
3.727134062500000000e+05
3.279312187500000000e+05
5.929544500000000000e+06
9.009628750000000000e+05
2.015712750000000000e+06
6.613426562500000000e+04
1.683061250000000000e+06
1.914969375000000000e+06
4.874035937500000000e+05
6.775888183593750000e+03
4.363454062500000000e+05
8.051247656250000000e+04
6.401099375000000000e+05
2.006357656250000000e+05
4.187520000000000000e+05
4.008277500000000000e+05
3.327173046875000000e+04
1.354527968750000000e+05
1.041505937500000000e+05
7.773761250000000000e+05
1.343047656250000000e+05
2.636433750000000000e+06
3.399790000000000000e+05
1.773939875000000000e+06
2.884148242187500000e+04
4.318675312500000000e+05
4.630739500000000000e+06
2.561003125000000000e+05
3.498171250000000000e+05
3.903288250000000000e+06
3.400465750000000000e+06
4.469793500000000000e+06
6.920223750000000000e+05
1.092487060546875000e+03
1.340564625000000000e+06
7.226125000000000000e+05
2.179265500000000000e+06
2.413980500000000000e+06
9.973218125000000000e+05
5.409203125000000000e+05
1.057648875000000000e+06
8.528815625000000000e+05
1.787475125000000000e+06
1.672765000000000000e+06
4.214400100708007812e+01
3.811300750000000000e+06
5.561038750000000000e+05
5.292209375000000000e+04
9.382884375000000000e+05
4.822370000000000000e+05
2.340147500000000000e+06
4.541020000000000000e+06
6.443106250000000000e+05
8.145720000000000000e+05
4.623065625000000000e+05
1.333925000000000000e+06
5.749018750000000000e+05
3.715043750000000000e+06
7.528649218750000000e+04
1.107519250000000000e+06
9.107533125000000000e+05
7.163070068359375000e+02
7.439318750000000000e+05
4.052269062500000000e+05
5.718836875000000000e+05
2.146249000000000000e+06
3.136296562500000000e+05
2.803675750000000000e+06
1.519726375000000000e+06
3.130081835937500000e+04
6.831798750000000000e+05
7.934683750000000000e+05
3.056184062500000000e+05
3.230400781250000000e+04
9.069685000000000000e+05
4.205072187500000000e+05
8.110546875000000000e+04
2.642394921875000000e+04
2.400589000000000000e+06
7.617842500000000000e+05
2.686321500000000000e+06
7.547011875000000000e+05
2.123437031250000000e+05
1.285037656250000000e+05
5.605934375000000000e+05
1.700425500000000000e+06
2.884397250000000000e+06
5.324507500000000000e+05
1.304417500000000000e+06
5.238805625000000000e+05
5.502824375000000000e+05
5.942939843750000000e+04
1.270361093750000000e+05
1.748847375000000000e+06
5.722540283203125000e+02
1.650043625000000000e+06
2.427767343750000000e+05
1.145407890625000000e+05
3.804083437500000000e+05
2.991584960937500000e+03
1.476271000000000000e+06
3.041165039062500000e+03
2.455379943847656250e+02
9.874602500000000000e+05
1.025327000000000000e+06
2.895132187500000000e+05
1.761221500000000000e+06
2.917819687500000000e+05
9.889235625000000000e+05
1.994860625000000000e+06
6.599988125000000000e+05
2.145074250000000000e+06
6.411026855468750000e+03
2.888178500000000000e+06
3.177541250000000000e+06
2.490350750000000000e+06
2.758376250000000000e+06
2.472703500000000000e+06
6.512082031250000000e+03
4.198443437500000000e+05
1.356402000000000000e+06
4.225220625000000000e+05
5.221570312500000000e+05
6.209524000000000000e+06
2.378836000000000000e+06
4.230216796875000000e+03
2.632572250000000000e+06
1.667649687500000000e+05
4.903590087890625000e+02
6.291328750000000000e+05
3.984888125000000000e+05
5.854170898437500000e+03
4.194772812500000000e+05
6.697012207031250000e+03
5.058282000000000000e+06
9.169282500000000000e+05
3.895844687500000000e+05
6.943080000000000000e+05
3.279421875000000000e+05
1.966119062500000000e+05
1.398277125000000000e+06
7.265033500000000000e+06
4.512153437500000000e+05
4.192674687500000000e+05
3.973178750000000000e+06
4.200926500000000000e+06
1.728166992187500000e+04
2.245780750000000000e+06
4.589566250000000000e+05
1.350171093750000000e+05
5.536752929687500000e+03
5.972445625000000000e+05
2.392508437500000000e+05
4.742317812500000000e+05
6.869074218750000000e+04
1.149205761718750000e+04
4.955640500000000000e+06
1.466422656250000000e+05
2.508157250000000000e+06
9.729646875000000000e+04
5.142747500000000000e+06
1.012653222656250000e+04
1.900243750000000000e+06
2.331271875000000000e+05
8.672159375000000000e+04
8.075910034179687500e+02
7.087125000000000000e+05
1.306876093750000000e+05
2.876308750000000000e+05
8.938060302734375000e+02
1.649631500000000000e+06
2.836439062500000000e+05
6.213287109375000000e+03
2.037095312500000000e+04
1.025768437500000000e+06
4.276439687500000000e+05
3.474752750000000000e+06
6.737732812500000000e+04
4.970564000000000000e+06
1.890144500000000000e+06
1.891665000000000000e+06
6.200130625000000000e+05
1.116539625000000000e+06
7.033760156250000000e+04
2.995647750000000000e+06
2.368417000000000000e+06
4.367260000000000000e+05
2.100056750000000000e+06
1.767057812500000000e+05
1.181176875000000000e+05
4.038251562500000000e+05
7.889253906250000000e+04
4.234601875000000000e+05
1.263446125000000000e+06
1.821592343750000000e+05
1.050235625000000000e+06
5.858367500000000000e+05
1.652765125000000000e+06
1.444909531250000000e+05
2.537766000000000000e+06
1.263362250000000000e+06
8.298448750000000000e+05
7.676917968750000000e+03
5.291784375000000000e+04
6.606652500000000000e+05
2.424467812500000000e+05
3.438506250000000000e+04
4.075979375000000000e+05
1.747982812500000000e+04
1.254981347656250000e+04
3.449535250000000000e+06
1.676248500000000000e+06
2.111617750000000000e+06
3.482406562500000000e+05
1.776435125000000000e+06
2.694886718750000000e+04
1.006670937500000000e+05
1.996821044921875000e+03
6.243691250000000000e+05
7.734193125000000000e+05
2.122188250000000000e+06
5.590938281250000000e+04
3.799472812500000000e+05
2.512930156250000000e+05
8.940773437500000000e+04
3.020768250000000000e+06
2.096285375000000000e+06
2.331721679687500000e+04
6.977695000000000000e+05
3.489656750000000000e+06
7.709928750000000000e+05
3.800764062500000000e+05
6.494637500000000000e+06
1.286872375000000000e+06
3.927201250000000000e+05
1.795746125000000000e+06
7.372530000000000000e+05
1.662896000000000000e+06
6.791565000000000000e+05
6.567112500000000000e+06
1.138902125000000000e+06
9.711934570312500000e+03
2.973838750000000000e+06
4.532803515625000000e+04
3.646244062500000000e+05
4.170004000000000000e+06
3.123009000000000000e+06
3.150718250000000000e+06
1.828792375000000000e+06
2.155743500000000000e+06
5.364017500000000000e+05
8.785601875000000000e+05
2.154576406250000000e+05
1.626334625000000000e+06
6.864485156250000000e+04
4.543153750000000000e+05
2.936714111328125000e+03
7.163681875000000000e+05
8.896610625000000000e+05
1.023543000000000000e+06
1.877297000000000000e+06
7.936936250000000000e+05
4.464496875000000000e+04
4.270559997558593750e+02
4.256362500000000000e+05
1.294367875000000000e+06
6.530896250000000000e+05
1.331075625000000000e+06
3.845635625000000000e+05
3.295645750000000000e+06
1.521569250000000000e+06
2.703656562500000000e+05
3.694714062500000000e+05
2.018169687500000000e+05
2.567615000000000000e+05
3.816717812500000000e+05
2.442617750000000000e+06
3.098935250000000000e+06
6.286743750000000000e+05
4.465971875000000000e+05
2.400445000000000000e+06
5.184716875000000000e+05
1.622582375000000000e+06
9.543531250000000000e+04
2.082954531250000000e+05
8.939415039062500000e+03
7.332556875000000000e+05
6.028175000000000000e+05
1.787593000000000000e+06
5.364813964843750000e+03
4.451220000000000000e+05
9.417439843750000000e+04
8.027456250000000000e+04
2.641431250000000000e+06
3.052617500000000000e+05
3.636327880859375000e+03
2.676963750000000000e+05
2.671456500000000000e+06
4.597548000000000000e+06
5.136986875000000000e+05
7.001868500000000000e+06
8.835428125000000000e+05
4.548881562500000000e+05
5.601500000000000000e+05
1.086811000000000000e+06
2.083537250000000000e+06
6.461444375000000000e+05
5.438604375000000000e+05
1.941986500000000000e+06
4.803305500000000000e+06
4.421218750000000000e+04
6.825350625000000000e+05
1.165240750000000000e+06
1.965064062500000000e+05
2.709118896484375000e+03
1.969249375000000000e+05
5.501878750000000000e+05
2.180212812500000000e+05
2.804767750000000000e+06
6.425896875000000000e+05
3.478990250000000000e+06
1.561566562500000000e+05
6.215905000000000000e+05
4.524672187500000000e+05
4.207640000000000000e+06
4.423218437500000000e+05
1.414745250000000000e+06
7.869605000000000000e+05
3.552653906250000000e+04
3.730559997558593750e+02
3.241140937500000000e+05
1.284999750000000000e+06
2.987908125000000000e+05
3.864218994140625000e+03
2.985222900390625000e+03
1.730428375000000000e+06
8.621011875000000000e+05
4.960624375000000000e+05
3.542629687500000000e+05
1.060819042968750000e+04
2.169189750000000000e+06
2.031978375000000000e+06
5.228750000000000000e+03
8.027057812500000000e+04
3.382858750000000000e+06
8.091975781250000000e+04
5.346847500000000000e+06
1.238843125000000000e+05
1.629075000000000000e+06
1.548157910156250000e+04
5.267295500000000000e+06
2.086481250000000000e+05
2.641170312500000000e+05
1.010265703125000000e+05
3.560813437500000000e+05
2.452367031250000000e+05
1.435505156250000000e+05
1.063233250000000000e+06
4.891422812500000000e+05
1.156654500000000000e+06
5.039892089843750000e+03
5.422703750000000000e+05
2.203023250000000000e+06
1.033075250000000000e+06
4.192718000000000000e+06
3.476925390625000000e+04
8.377280000000000000e+05
5.675147000000000000e+06
5.076894687500000000e+05
8.317741000000000000e+06
3.253680114746093750e+02
1.736091625000000000e+06
1.731837375000000000e+06
4.659020080566406250e+02
8.981167968750000000e+04
6.344986250000000000e+05
5.417776855468750000e+03
3.784978750000000000e+05
4.842720937500000000e+05
3.110106500000000000e+06
3.281021500000000000e+06
3.509333500000000000e+06
7.053373750000000000e+05
4.427807500000000000e+05
1.599715625000000000e+06
6.758148125000000000e+05
1.390130625000000000e+06
2.722080937500000000e+05
1.643430023193359375e+02
7.256793125000000000e+05
4.470821000000000000e+06
7.719463125000000000e+05
5.172025937500000000e+05
9.252776250000000000e+05
5.513094500000000000e+06
1.132056500000000000e+06
1.340295043945312500e+03
1.653940312500000000e+05
5.859710000000000000e+05
1.379029998779296875e+02
1.914128500000000000e+06
6.651448125000000000e+05
8.224996875000000000e+04
1.371180053710937500e+03
5.945788085937500000e+03
8.148459375000000000e+05
1.043710021972656250e+02
1.091258875000000000e+06
1.382907000000000000e+06
2.342550250000000000e+06
2.584808593750000000e+05
3.478547187500000000e+05
1.637788906250000000e+05
1.010992625000000000e+06
4.056393750000000000e+04
6.515592500000000000e+05
1.431503000000000000e+06
1.699812000000000000e+06
1.441779937744140625e+02
4.112090625000000000e+04
1.595214375000000000e+06
2.259384687500000000e+05
8.436360625000000000e+05
7.796028125000000000e+05
4.756232500000000000e+05
2.149230750000000000e+06
1.973827250000000000e+06
2.636015500000000000e+06
2.450178906250000000e+05
1.399550500000000000e+06
3.799121750000000000e+06
1.718938625000000000e+06
3.428744062500000000e+05
3.710405937500000000e+05
1.114618500000000000e+06
1.161864218750000000e+05
4.511406562500000000e+05
4.042040000000000000e+05
1.477841875000000000e+06
1.503431750000000000e+06
1.062737250000000000e+06
3.397868500000000000e+06
5.826125500000000000e+06
3.953900146484375000e+01
5.104744921875000000e+04
1.843225500000000000e+06
6.438210625000000000e+05
1.640359125000000000e+06
1.902026875000000000e+05
1.669189500000000000e+06
3.083885312500000000e+05
1.105739974975585938e+02
2.223226406250000000e+05
5.197689843750000000e+04
1.114773359375000000e+05
3.068845312500000000e+05
1.707833750000000000e+05
5.316201171875000000e+04
1.142055875000000000e+06
2.204356750000000000e+06
7.214535156250000000e+03
2.335463250000000000e+06
1.011719687500000000e+05
2.530607656250000000e+05
1.838208000000000000e+06
1.393438500000000000e+06
4.103948125000000000e+05
7.096596250000000000e+05
7.529177500000000000e+05
7.618887207031250000e+03
4.207085937500000000e+05
1.093498250000000000e+06
3.291721000000000000e+06
1.533405750000000000e+06
7.345901562500000000e+04
2.177151000000000000e+06
2.255627750000000000e+06
9.278708750000000000e+05
4.960583000000000000e+06
2.251331000000000000e+06
1.024425000000000000e+06
1.849700875000000000e+06
8.406879687500000000e+04
4.136321250000000000e+06
4.637255500000000000e+06
2.220119062500000000e+05
1.459014000000000000e+06
1.601901500000000000e+06
7.506032500000000000e+05
7.604680625000000000e+05
1.655685156250000000e+04
1.371788875000000000e+06
4.729595937500000000e+05
2.123640781250000000e+05
1.127014700000000000e+07
1.599677968750000000e+05
1.602441375000000000e+06
1.741322031250000000e+05
4.417370500000000000e+06
9.956701250000000000e+05
2.502297750000000000e+06
1.333311250000000000e+06
3.153559687500000000e+05
2.655312250000000000e+06
3.304033250000000000e+06
1.611229062500000000e+05
8.817208125000000000e+05
8.132975781250000000e+04
1.982171500000000000e+06
5.771743750000000000e+04
1.086293945312500000e+03
1.754446250000000000e+05
1.531115000000000000e+05
7.080385625000000000e+05
8.560675625000000000e+05
1.935584625000000000e+06
5.973181875000000000e+05
1.734441375000000000e+06
1.049684000000000000e+06
4.303979687500000000e+05
4.906794000000000000e+06
1.073352250000000000e+06
6.940365625000000000e+04
7.733637500000000000e+05
1.845448242187500000e+04
3.782284765625000000e+04
1.945928281250000000e+05
5.612171500000000000e+06
1.986294375000000000e+05
8.249484375000000000e+05
7.984031250000000000e+05
3.303823750000000000e+05
2.810810625000000000e+05
8.213579711914062500e+02
5.150755859375000000e+03
2.289630500000000000e+06
2.834423750000000000e+05
5.472644375000000000e+05
1.207742375000000000e+06
5.796435156250000000e+04
3.010025976562500000e+04
7.242039794921875000e+02
8.758421875000000000e+03
1.123387250000000000e+06
1.203950500000000000e+06
2.454677656250000000e+05
2.615138750000000000e+06
2.816509033203125000e+03
4.010926875000000000e+05
3.063575750000000000e+06
4.361761562500000000e+05
1.927883625000000000e+06
4.691281500000000000e+06
4.801664062500000000e+05
1.426702148437500000e+04
1.383149125000000000e+06
2.564219750000000000e+06
2.695733984375000000e+04
2.723979687500000000e+05
3.394194500000000000e+06
5.365880126953125000e+02
1.157460750000000000e+06
1.693285351562500000e+04
1.578547500000000000e+05
2.398084000000000000e+06
1.378699000000000000e+06
1.151012500000000000e+06
5.065399218750000000e+04
1.620671250000000000e+06
1.987253593750000000e+05
5.016369934082031250e+02
1.691037875000000000e+06
6.086098750000000000e+05
4.715303750000000000e+05
2.588025750000000000e+06
3.461289062500000000e+03
2.858531875000000000e+05
4.489704101562500000e+03
5.539269375000000000e+05
1.665242000000000000e+06
4.918386875000000000e+05
1.044387812500000000e+05
5.688268500000000000e+06
2.174623500000000000e+06
1.221381250000000000e+05
4.835880126953125000e+02
1.752209375000000000e+05
6.128810000000000000e+05
1.042678359375000000e+05
1.192090917968750000e+04
2.936086523437500000e+04
2.041204218750000000e+05
9.583565625000000000e+05
2.703969687500000000e+05
1.310542382812500000e+04
5.702076000000000000e+06
2.583671500000000000e+06
1.262738750000000000e+06
1.473046500000000000e+06
1.501368375000000000e+06
2.290055750000000000e+06
5.835105500000000000e+06
1.775852250000000000e+06
7.335998437500000000e+04
6.075313281250000000e+04
3.812567250000000000e+06
1.285175750000000000e+06
1.090282968750000000e+05
1.204881750000000000e+06
8.455910034179687500e+02
3.735915312500000000e+05
9.646594000000000000e+06
9.171534375000000000e+05
1.601151250000000000e+06
3.653360000000000000e+05
1.289708515625000000e+05
4.255192812500000000e+05
8.134112792968750000e+03
6.864339062500000000e+04
7.974053125000000000e+05
6.318676000000000000e+06
2.600373593750000000e+05
1.124494375000000000e+06
1.137850125000000000e+06
3.272988037109375000e+03
2.470450312500000000e+05
8.789022500000000000e+05
6.833053750000000000e+05
4.234632812500000000e+05
3.462748437500000000e+05
1.609517625000000000e+06
4.538925625000000000e+05
2.111181000000000000e+06
1.335841625000000000e+06
3.364319500000000000e+06
3.957500937500000000e+05
1.546117500000000000e+05
1.035496375000000000e+06
1.147721000000000000e+06
4.765800390625000000e+04
8.933380468750000000e+04
5.325744375000000000e+05
8.105955000000000000e+05
1.603687875000000000e+06
4.698657812500000000e+05
3.537579375000000000e+05
2.889577000000000000e+06
4.908644500000000000e+06
8.945369000000000000e+06
1.206145312500000000e+05
1.763837625000000000e+06
3.522781250000000000e+05
6.106783000000000000e+06
9.410355625000000000e+05
3.270233750000000000e+05
1.850784687500000000e+05
1.227775024414062500e+03
5.620862500000000000e+05
6.529213000000000000e+06
3.540356250000000000e+05
9.318749218750000000e+04
4.748239687500000000e+05
2.048959062500000000e+05
2.361953500000000000e+06
2.024716500000000000e+06
1.116724875000000000e+06
1.349978375000000000e+06
3.644772187500000000e+05
9.575296093750000000e+04
1.839941093750000000e+05
3.460124609375000000e+04
2.521045703125000000e+04
2.304792250000000000e+06
1.629023000000000000e+06
1.341587875000000000e+06
4.951961250000000000e+05
1.532539125000000000e+06
3.390328250000000000e+06
2.625644375000000000e+05
5.141726562500000000e+05
4.890137500000000000e+06
6.485752500000000000e+05
2.671441894531250000e+03
2.054014531250000000e+05
8.802641250000000000e+05
4.923129687500000000e+05
6.087240625000000000e+04
1.562878051757812500e+03
1.933286718750000000e+04
1.347109625000000000e+06
6.956241250000000000e+05
8.994215625000000000e+05
8.697493125000000000e+05
8.901293750000000000e+05
4.420619140625000000e+04
6.991586250000000000e+05
8.782093750000000000e+05
2.578462500000000000e+06
5.281983125000000000e+05
1.430914500000000000e+06
2.657966210937500000e+04
5.025950012207031250e+02
2.269754882812500000e+03
1.420074750000000000e+06
2.376005156250000000e+05
5.056563750000000000e+05
1.992886625000000000e+06
2.235872750000000000e+06
1.839428000000000000e+06
1.098816500000000000e+06
3.127896500000000000e+06
3.648159500000000000e+06
1.782412750000000000e+06
7.768073000000000000e+06
1.581960000000000000e+05
2.924917750000000000e+06
6.036670000000000000e+05
7.677315625000000000e+05
2.940955250000000000e+06
5.284490000000000000e+05
9.930449218750000000e+04
9.354113281250000000e+04
4.239080078125000000e+03
9.688822500000000000e+05
8.503190000000000000e+06
1.436895125000000000e+06
1.735423250000000000e+06
1.321120000000000000e+06
6.449834375000000000e+05
1.914395125000000000e+06
1.741446875000000000e+05
9.572251250000000000e+05
1.443102000000000000e+06
3.372302812500000000e+05
1.550290625000000000e+06
4.900200000000000000e+05
2.610954250000000000e+06
1.000611093750000000e+05
4.316299687500000000e+05
1.862372750000000000e+06
1.074954875000000000e+06
1.428405375000000000e+06
2.909776750000000000e+06
1.814411093750000000e+05
1.752490375000000000e+06
4.470444000000000000e+06
1.952609985351562500e+03
2.217038500000000000e+06
1.307560781250000000e+05
8.011828750000000000e+05
1.106803437500000000e+05
1.369071875000000000e+06
5.681353125000000000e+05
3.586333750000000000e+05
8.601749877929687500e+02
1.979906250000000000e+05
1.343068906250000000e+05
1.395518625000000000e+06
7.320232500000000000e+05
3.772259375000000000e+05
9.313878750000000000e+05
4.013301562500000000e+05
2.209188437500000000e+05
2.005554125000000000e+06
1.995833375000000000e+06
2.093318375000000000e+06
1.514882125000000000e+06
1.666031875000000000e+06
1.180337036132812500e+03
8.524442500000000000e+05
7.651336250000000000e+05
2.929462812500000000e+05
9.456406250000000000e+03
1.032288125000000000e+06
1.304614375000000000e+06
7.967521875000000000e+05
9.493586875000000000e+05
9.995587500000000000e+05
3.652203437500000000e+05
1.815974531250000000e+05
1.645405500000000000e+06
1.028984937500000000e+06
2.349363250000000000e+06
1.059400024414062500e+02
5.377696875000000000e+05
4.054178750000000000e+06
2.350545500000000000e+06
2.836923242187500000e+04
1.003476562500000000e+06
1.808713625000000000e+06
3.947277000000000000e+06
1.774326375000000000e+06
3.273328437500000000e+05
5.463595625000000000e+05
2.266431000000000000e+06
4.873043125000000000e+05
1.037785625000000000e+06
7.046749375000000000e+05
1.218222750000000000e+06
1.968983625000000000e+06
1.367633750000000000e+06
1.008012968750000000e+05
7.710831250000000000e+05
8.020720312500000000e+04
7.516259765625000000e+02
1.828449875000000000e+06
3.384270996093750000e+03
5.743590625000000000e+05
5.796294531250000000e+04
6.985834375000000000e+05
1.754719375000000000e+06
1.714408906250000000e+05
1.760327812500000000e+05
1.341206406250000000e+05
5.892543750000000000e+05
2.882686562500000000e+05
6.090416875000000000e+05
6.913561250000000000e+05
9.475765000000000000e+05
2.199303500000000000e+06
8.877502500000000000e+05
3.646464062500000000e+05
4.277123437500000000e+05
1.949328002929687500e+03
2.264431500000000000e+06
1.513698000000000000e+06
8.958952500000000000e+05
3.332794921875000000e+03
1.025451812500000000e+06
1.603262031250000000e+05
2.043327343750000000e+05
1.659888281250000000e+05
6.215595000000000000e+05
1.624125750000000000e+06
4.775459000000000000e+06
6.957212890625000000e+03
8.830386250000000000e+05
4.032988500000000000e+06
2.197582000000000000e+06
1.475960125000000000e+06
5.956675781250000000e+03
3.308132250000000000e+06
1.957834500000000000e+06
2.443122187500000000e+05
6.374344375000000000e+05
5.264385625000000000e+05
4.387622000000000000e+06
1.516483500000000000e+06
2.230933437500000000e+05
2.690118437500000000e+05
3.928112500000000000e+04
1.522016125000000000e+06
