1.746311875000000000e+05
9.956403320312500000e+03
1.884597812500000000e+05
7.174723750000000000e+05
1.136162792968750000e+04
4.320108750000000000e+05
8.775338281250000000e+04
1.531504062500000000e+05
5.144020625000000000e+05
1.545741406250000000e+05
4.990630625000000000e+05
6.288151855468750000e+03
1.494578437500000000e+05
1.216435390625000000e+05
7.176150000000000000e+04
1.153388085937500000e+04
7.767479980468750000e+03
2.038678437500000000e+05
6.857228906250000000e+04
1.060686953125000000e+05
6.538741250000000000e+05
1.202152000000000000e+06
1.352547343750000000e+05
1.038066406250000000e+05
4.687650000000000000e+05
4.172288437500000000e+05
2.313183281250000000e+05
7.366233125000000000e+05
1.687244375000000000e+05
8.120311718750000000e+04
6.867854375000000000e+05
2.067059000000000000e+06
2.510737343750000000e+05
7.488736000000000000e+06
1.403110937500000000e+04
4.957952343750000000e+04
7.314326250000000000e+05
2.759726250000000000e+05
2.008869934082031250e+02
1.269839687500000000e+05
6.193804687500000000e+04
4.381140312500000000e+05
2.107791093750000000e+05
2.342476250000000000e+06
2.700420312500000000e+05
1.329858203125000000e+04
5.496141015625000000e+04
1.953421718750000000e+05
2.421786328125000000e+04
1.863849945068359375e+02
1.148346093750000000e+05
2.275122000000000000e+06
1.775654750000000000e+06
1.389454531250000000e+05
3.004095312500000000e+05
8.144243164062500000e+03
1.120553046875000000e+05
2.310902812500000000e+05
1.996967187500000000e+04
3.143462812500000000e+05
9.423550000000000000e+05
1.669046875000000000e+05
5.539961328125000000e+04
1.331879531250000000e+05
7.902950195312500000e+03
2.167145781250000000e+05
3.302772750000000000e+06
1.900610156250000000e+04
1.417473906250000000e+05
8.478923437500000000e+04
4.100605312500000000e+05
2.806270312500000000e+05
3.900180468750000000e+04
1.363670703125000000e+04
7.014733750000000000e+05
6.237448125000000000e+05
6.834297656250000000e+04
2.900764843750000000e+04
2.819146250000000000e+05
6.469324609375000000e+04
3.610047656250000000e+04
3.139095625000000000e+05
2.641681500000000000e+06
6.597395625000000000e+05
8.492672656250000000e+04
4.581615625000000000e+05
1.171274400000000000e+07
4.173057128906250000e+03
3.526128515625000000e+04
2.615992500000000000e+06
1.429831250000000000e+05
1.393151093750000000e+05
2.199203125000000000e+05
3.099529492187500000e+04
1.913936250000000000e+06
6.592949829101562500e+02
2.063098906250000000e+05
1.484179785156250000e+04
1.273250250000000000e+06
1.484188906250000000e+05
1.589217656250000000e+05
4.903433437500000000e+05
3.186009375000000000e+05
4.625001171875000000e+04
3.612149062500000000e+05
4.541726562500000000e+05
7.646578906250000000e+04
3.628823437500000000e+04
4.344966250000000000e+05
3.275403125000000000e+05
3.533434765625000000e+04
2.719187187500000000e+05
2.275500000000000000e+05
9.539015625000000000e+04
1.582721125000000000e+06
3.090575781250000000e+04
7.003198242187500000e+03
1.003928750000000000e+05
3.547207421875000000e+04
3.693323046875000000e+04
1.008446484375000000e+04
9.857581250000000000e+05
1.571551718750000000e+05
2.932020312500000000e+05
3.239532812500000000e+05
1.727428125000000000e+05
2.836645117187500000e+04
2.694857187500000000e+05
5.670835937500000000e+04
1.437959062500000000e+05
2.113822968750000000e+05
3.490785156250000000e+04
5.520086250000000000e+05
6.119203906250000000e+04
2.299952968750000000e+05
7.589600372314453125e+01
3.101066562500000000e+05
8.307299804687500000e+01
1.338801855468750000e+04
4.259273125000000000e+05
2.502440032958984375e+02
5.128600625000000000e+05
3.382547500000000000e+06
9.370667500000000000e+05
1.899183593750000000e+04
1.698690032958984375e+02
8.235686250000000000e+05
3.160371250000000000e+05
1.252426757812500000e+04
8.530790625000000000e+04
2.695790937500000000e+05
2.385127343750000000e+04
2.062191406250000000e+05
3.666152812500000000e+05
3.128678750000000000e+05
3.479638000000000000e+06
4.770264062500000000e+05
1.851961093750000000e+05
4.478153750000000000e+05
2.354127500000000000e+05
1.806797343750000000e+05
8.477013750000000000e+05
2.152234218750000000e+05
3.625712250000000000e+06
2.215845312500000000e+05
2.780081562500000000e+05
3.042160750000000000e+06
1.705314218750000000e+05
1.167575156250000000e+05
1.796377812500000000e+05
8.840000152587890625e+01
2.538611875000000000e+05
1.904857656250000000e+05
1.720373250000000000e+06
1.718498125000000000e+05
3.079558000000000000e+06
9.715031250000000000e+04
1.465182875000000000e+06
5.641323437500000000e+04
5.125317812500000000e+05
4.008645312500000000e+04
4.508100128173828125e+01
5.550518750000000000e+04
4.680349609375000000e+04
6.629507031250000000e+04
2.121873250000000000e+06
3.542393750000000000e+04
6.653188500000000000e+06
1.424053906250000000e+05
4.858058500000000000e+06
3.545248125000000000e+05
6.233248828125000000e+04
3.077637000000000000e+06
3.416639375000000000e+05
7.609710937500000000e+04
1.537265625000000000e+05
2.784556250000000000e+05
1.180965500000000000e+06
1.573810937500000000e+04
2.050084179687500000e+04
1.703160000000000000e+05
5.317434375000000000e+05
8.791735937500000000e+04
2.513518750000000000e+04
7.831121875000000000e+04
8.063178906250000000e+04
2.004656835937500000e+04
1.622568125000000000e+05
7.776632812500000000e+04
1.982570781250000000e+05
8.912070312500000000e+04
2.670458750000000000e+05
9.170731250000000000e+04
2.112531000000000000e+06
6.663743750000000000e+04
1.981525156250000000e+05
1.563145019531250000e+04
1.267866328125000000e+05
9.984264062500000000e+04
3.581001953125000000e+04
3.843353515625000000e+04
2.570120703125000000e+04
3.316661500000000000e+06
4.085986875000000000e+05
3.608843437500000000e+05
4.532356875000000000e+05
6.553035156250000000e+04
9.004829687500000000e+04
9.074420625000000000e+05
5.902309375000000000e+05
4.424241796875000000e+04
2.009908750000000000e+05
1.379316894531250000e+04
1.259827343750000000e+05
8.004466875000000000e+05
6.925325000000000000e+05
2.225432187500000000e+05
3.985756000000000000e+06
6.329769000000000000e+06
5.793771484375000000e+04
2.927724804687500000e+04
1.528894687500000000e+05
1.860939941406250000e+02
4.807583007812500000e+03
1.679123000000000000e+06
9.774754687500000000e+04
2.721849062500000000e+05
7.377401562500000000e+04
2.891168359375000000e+04
1.512076875000000000e+05
7.791602343750000000e+04
4.192184750000000000e+06
2.204792382812500000e+04
2.274681250000000000e+04
9.088932031250000000e+04
1.373432968750000000e+05
1.114572968750000000e+05
2.520956250000000000e+05
8.840732500000000000e+05
2.595726562500000000e+04
3.247946250000000000e+06
3.219718437500000000e+05
2.146768906250000000e+05
6.874400329589843750e+01
3.464840000000000000e+05
4.185308750000000000e+05
3.079996000000000000e+06
2.037889218750000000e+05
3.006631875000000000e+05
5.768491210937500000e+03
4.255312988281250000e+03
5.857976250000000000e+05
4.152256562500000000e+05
6.247974218750000000e+04
4.496419687500000000e+05
2.001311406250000000e+05
3.975017578125000000e+04
1.229507578125000000e+05
6.571282500000000000e+05
2.363506718750000000e+05
2.642908437500000000e+05
4.868824000000000000e+06
1.711153593750000000e+05
1.409873906250000000e+05
1.130689921875000000e+05
1.100732656250000000e+05
1.373786093750000000e+05
6.730475097656250000e+03
8.776552500000000000e+05
5.059398000000000000e+06
8.180329687500000000e+04
1.137349296875000000e+05
7.856221191406250000e+03
2.206940625000000000e+05
3.391818125000000000e+05
2.388488593750000000e+05
1.850098242187500000e+04
3.009249750000000000e+06
5.029005312500000000e+05
1.408724375000000000e+06
4.530300140380859375e+01
2.913417500000000000e+05
2.215388437500000000e+05
5.576587109375000000e+04
9.112269531250000000e+04
9.309738125000000000e+05
4.728810058593750000e+03
3.801561750000000000e+06
8.184724218750000000e+04
3.939471562500000000e+05
4.570570937500000000e+05
1.833070000000000000e+05
5.819813281250000000e+04
1.322748437500000000e+05
6.523262109375000000e+04
2.706832187500000000e+05
6.039779687500000000e+04
1.303653828125000000e+05
4.336083203125000000e+04
5.497456875000000000e+05
1.713120703125000000e+04
1.712397500000000000e+05
6.119285625000000000e+05
3.841149375000000000e+05
1.588848925781250000e+04
1.204765703125000000e+05
1.541606152343750000e+04
2.678113671875000000e+04
1.870837812500000000e+05
4.944236562500000000e+05
2.329728750000000000e+06
5.278270703125000000e+04
2.846023125000000000e+05
1.997692500000000000e+05
2.188961093750000000e+05
3.377938000000000000e+06
1.015704312500000000e+06
1.916004375000000000e+05
1.293276875000000000e+05
1.774636750000000000e+06
4.287800781250000000e+04
4.525571875000000000e+04
4.086315312500000000e+05
2.292810156250000000e+04
1.197438984375000000e+05
6.382600625000000000e+05
1.778982031250000000e+05
1.477687031250000000e+05
5.283420312500000000e+04
9.258857812500000000e+04
5.082290625000000000e+05
2.265302812500000000e+05
4.863986500000000000e+06
1.496536406250000000e+05
7.538066250000000000e+05
4.816047500000000000e+05
8.401463125000000000e+05
6.570897500000000000e+05
4.347365937500000000e+05
5.339331250000000000e+04
1.546423750000000000e+05
4.801831640625000000e+04
1.258355390625000000e+05
6.100634375000000000e+04
9.207153320312500000e+03
1.314570007324218750e+02
5.187742500000000000e+06
9.347215000000000000e+05
7.512200000000000000e+06
2.721784687500000000e+05
1.998130312500000000e+05
7.378364062500000000e+04
1.292739257812500000e+04
1.100564843750000000e+05
4.752120312500000000e+05
5.344288125000000000e+05
3.567392500000000000e+05
2.099918750000000000e+06
8.536870312500000000e+04
3.411982250000000000e+06
5.137685937500000000e+04
7.549296875000000000e+04
3.486092187500000000e+04
3.736507812500000000e+05
4.266625500000000000e+06
4.656469375000000000e+05
9.996041406250000000e+04
9.964780468750000000e+04
4.944274218750000000e+04
1.000567773437500000e+04
1.334452031250000000e+05
1.596343281250000000e+05
6.799533593750000000e+04
6.043721875000000000e+05
5.158667187500000000e+05
1.005367109375000000e+05
5.587938750000000000e+05
3.305470703125000000e+04
1.221156718750000000e+05
6.620318750000000000e+05
8.733000183105468750e+01
8.823517187500000000e+04
4.456788437500000000e+05
7.811266406250000000e+04
9.357346679687500000e+03
8.423536875000000000e+05
8.069532031250000000e+04
7.381164000000000000e+06
5.063707031250000000e+04
1.495418437500000000e+05
4.987185312500000000e+05
2.425005937500000000e+05
8.228594531250000000e+04
1.278458984375000000e+05
2.044940032958984375e+02
3.091968437500000000e+05
2.875404687500000000e+05
7.718245312500000000e+04
1.643369250000000000e+06
2.118729687500000000e+05
8.899390000000000000e+05
6.162699609375000000e+04
2.170529218750000000e+05
1.865324500000000000e+06
2.310024500000000000e+06
2.426347265625000000e+04
2.220811250000000000e+05
7.885871875000000000e+04
3.894699859619140625e+01
1.466218652343750000e+04
1.548304687500000000e+05
9.683329687500000000e+04
3.282217187500000000e+05
1.070098125000000000e+05
5.249429000000000000e+06
2.598856250000000000e+06
1.945729375000000000e+05
6.279760546875000000e+04
1.444255781250000000e+05
9.301238281250000000e+04
3.100035000000000000e+06
1.066356484375000000e+05
1.313946718750000000e+05
2.192149963378906250e+02
8.247962500000000000e+04
5.540565625000000000e+04
8.339175000000000000e+04
5.814910937500000000e+04
9.333504375000000000e+05
3.291549687500000000e+05
8.852780151367187500e+02
1.447316406250000000e+05
3.333221875000000000e+05
2.626023437500000000e+05
1.767432187500000000e+05
3.158775750000000000e+06
2.936317968750000000e+04
2.711196250000000000e+06
3.389990000000000000e+05
1.483228125000000000e+05
9.513172656250000000e+04
3.556857812500000000e+05
7.063364375000000000e+05
3.365089375000000000e+05
1.236338250000000000e+06
2.938460000000000000e+05
1.372766718750000000e+05
2.266444921875000000e+04
5.010735000000000000e+05
7.908331250000000000e+05
1.370521718750000000e+05
7.644492968750000000e+04
5.542305468750000000e+04
8.794400024414062500e+01
5.908355468750000000e+04
3.535161250000000000e+06
3.772241015625000000e+04
1.527642968750000000e+05
2.849628000000000000e+06
3.399731933593750000e+03
1.277645019531250000e+03
8.207509375000000000e+04
2.680759687500000000e+05
3.724301250000000000e+05
2.664141562500000000e+05
4.496099853515625000e+01
4.116753000000000000e+06
3.134144687500000000e+05
1.375529062500000000e+05
8.209193750000000000e+05
3.395652500000000000e+05
8.841638125000000000e+05
5.232333750000000000e+05
2.972680312500000000e+05
5.723648828125000000e+04
4.472951562500000000e+04
1.078492500000000000e+05
1.550343250000000000e+06
1.793293945312500000e+03
5.573793125000000000e+05
9.715508125000000000e+05
3.083213476562500000e+04
1.674016000000000000e+06
6.631803750000000000e+05
1.408730156250000000e+05
1.725324500000000000e+06
1.372406500000000000e+06
2.032874062500000000e+05
3.293197656250000000e+04
2.420850067138671875e+02
2.682872812500000000e+05
2.529686875000000000e+05
1.174764750000000000e+06
1.793017343750000000e+05
7.543460083007812500e+02
5.486861875000000000e+05
1.397535468750000000e+05
4.990256875000000000e+05
1.493267500000000000e+05
3.933585156250000000e+04
1.301570375000000000e+06
2.194978437500000000e+05
4.281087109375000000e+04
7.030331250000000000e+04
3.565705000000000000e+06
2.262806718750000000e+05
1.501390468750000000e+05
2.712072812500000000e+05
4.967707812500000000e+05
3.103701875000000000e+05
2.809449687500000000e+05
6.740089843750000000e+04
3.218507421875000000e+04
5.505128125000000000e+05
7.231396875000000000e+04
5.139357812500000000e+05
3.229056562500000000e+05
2.252054250000000000e+06
1.403586562500000000e+05
1.177648359375000000e+05
2.078494218750000000e+05
2.457176250000000000e+05
1.319638906250000000e+05
3.940705078125000000e+04
3.371149062500000000e+05
6.876297500000000000e+05
2.094172500000000000e+06
4.838753125000000000e+04
2.934709375000000000e+05
5.723267187500000000e+04
7.678239375000000000e+05
2.495350468750000000e+05
5.249637109375000000e+04
1.969021679687500000e+04
3.680412812500000000e+05
1.151436953125000000e+05
7.450251500000000000e+06
4.980598125000000000e+05
6.529239375000000000e+05
5.445724500000000000e+06
1.784799125000000000e+06
8.717875625000000000e+05
6.024127929687500000e+03
1.630540156250000000e+05
3.848628437500000000e+05
8.147460156250000000e+04
4.629450073242187500e+02
5.612725000000000000e+05
3.880025000000000000e+04
1.247855625000000000e+05
1.093201269531250000e+04
3.810959687500000000e+05
3.879120312500000000e+05
2.098710000000000000e+05
4.263581250000000000e+04
9.474282500000000000e+05
8.283777343750000000e+03
1.883697460937500000e+04
1.673504687500000000e+05
3.087602000000000000e+06
6.548623125000000000e+05
2.078912656250000000e+05
1.503645000000000000e+05
3.227462500000000000e+05
4.655447500000000000e+06
1.934460742187500000e+04
1.429879980468750000e+04
6.776414062500000000e+04
1.518654062500000000e+05
2.658054750000000000e+06
7.675980000000000000e+05
6.272286718750000000e+04
1.599193593750000000e+05
4.806531500000000000e+06
1.940871875000000000e+06
9.790430625000000000e+05
3.151194062500000000e+05
3.475405078125000000e+04
4.248351562500000000e+05
3.519033500000000000e+06
2.520893554687500000e+04
3.370935156250000000e+04
4.842480468750000000e+04
4.959650000000000000e+04
1.886375937500000000e+05
1.422828593750000000e+05
4.888653125000000000e+04
2.392956250000000000e+05
2.671755000000000000e+05
2.626409375000000000e+05
4.877036250000000000e+05
2.200352343750000000e+05
1.418686875000000000e+06
2.450698750000000000e+05
1.282302636718750000e+04
4.536708437500000000e+05
2.740281875000000000e+05
5.499320000000000000e+06
6.192234000000000000e+06
6.321752929687500000e+03
3.882265312500000000e+05
7.758129000000000000e+06
2.623720000000000000e+06
2.304761250000000000e+05
3.385676562500000000e+05
5.081673750000000000e+05
7.901067968750000000e+04
1.299577421875000000e+05
2.681016875000000000e+05
6.018017187500000000e+04
2.127656875000000000e+05
5.945882500000000000e+05
2.725360937500000000e+05
8.445882812500000000e+03
3.446547187500000000e+05
3.934498828125000000e+04
2.014043281250000000e+05
2.516553437500000000e+05
1.047792343750000000e+05
3.289517500000000000e+05
1.712949687500000000e+05
9.739081000000000000e+06
1.328823906250000000e+05
3.320571093750000000e+04
2.800315500000000000e+06
8.210136500000000000e+06
3.243497851562500000e+04
1.732664687500000000e+05
8.785061250000000000e+05
9.744209375000000000e+04
6.217170000000000000e+05
3.297801953125000000e+04
1.397575937500000000e+05
3.382698828125000000e+04
2.040507125000000000e+06
1.440209960937500000e+02
6.539084375000000000e+05
1.006473437500000000e+05
1.102245800781250000e+04
9.542704000000000000e+06
5.309962500000000000e+05
4.774308500000000000e+06
1.175627265625000000e+05
4.446252812500000000e+05
1.162873828125000000e+04
4.978540234375000000e+04
6.159220312500000000e+04
1.682177968750000000e+05
5.515388750000000000e+05
5.389988125000000000e+05
8.947351562500000000e+04
2.913375937500000000e+05
8.730989257812500000e+03
9.787773125000000000e+05
1.093460500000000000e+06
4.110756875000000000e+05
3.902672187500000000e+05
1.337135000000000000e+05
9.051896484375000000e+03
1.789713125000000000e+05
2.604528250000000000e+06
2.874638437500000000e+05
3.662580859375000000e+04
4.805373437500000000e+04
1.458478906250000000e+04
4.147192871093750000e+03
4.508265500000000000e+06
1.271769531250000000e+04
6.928063281250000000e+04
2.551135742187500000e+04
1.631211425781250000e+04
1.465571582031250000e+04
1.082765039062500000e+04
5.477319375000000000e+05
1.264820703125000000e+05
6.878732910156250000e+03
3.102034570312500000e+04
1.085868046875000000e+05
5.788285000000000000e+05
1.834118281250000000e+05
5.604467000000000000e+06
3.609020000000000000e+05
5.187605625000000000e+05
1.538166406250000000e+05
6.192758750000000000e+05
5.408794140625000000e+04
2.578544335937500000e+04
3.526907187500000000e+05
7.819535937500000000e+04
2.401653906250000000e+05
1.094102929687500000e+04
7.441680297851562500e+02
9.519256250000000000e+05
4.295078515625000000e+04
3.480387187500000000e+05
2.840265000000000000e+05
2.708133500000000000e+06
1.176717734375000000e+05
1.933119531250000000e+05
3.317761250000000000e+05
2.979926250000000000e+05
4.561982187500000000e+05
7.707300000000000000e+04
1.610455859375000000e+04
3.251435546875000000e+04
5.255680625000000000e+05
1.511658750000000000e+06
1.769529843750000000e+05
1.971262500000000000e+05
3.182776250000000000e+05
6.898748046875000000e+03
6.352931250000000000e+04
9.599139062500000000e+04
5.214508500000000000e+06
4.775302734375000000e+04
5.135311562500000000e+05
7.787897500000000000e+06
2.514310500000000000e+06
1.348823750000000000e+05
8.111396875000000000e+05
1.175281171875000000e+05
2.229505000000000000e+05
1.471410625000000000e+05
2.494056718750000000e+05
8.990182031250000000e+04
4.053183437500000000e+05
4.608711875000000000e+05
4.024556250000000000e+05
9.969116250000000000e+05
3.115951904296875000e+03
3.329417187500000000e+05
9.779910625000000000e+05
4.887248750000000000e+05
3.416833007812500000e+03
8.780696093750000000e+04
1.065825625000000000e+05
1.261620000000000000e+06
3.713133984375000000e+04
1.751231093750000000e+05
2.934818250000000000e+06
1.240805250000000000e+06
1.957627031250000000e+05
3.011091250000000000e+06
5.459437500000000000e+04
7.055400000000000000e+04
1.105863984375000000e+05
3.508684687500000000e+05
2.044344375000000000e+05
2.570357500000000000e+05
2.278559062500000000e+05
2.948100097656250000e+03
4.097527812500000000e+05
1.718636000000000000e+06
1.142071093750000000e+04
5.234425500000000000e+06
4.359592500000000000e+05
3.086206250000000000e+05
1.363497343750000000e+05
1.491814941406250000e+03
5.806565234375000000e+04
1.783834531250000000e+05
9.682809375000000000e+05
1.883650054931640625e+02
3.579641875000000000e+05
3.152667968750000000e+03
1.331857656250000000e+05
1.003807578125000000e+05
3.083944335937500000e+04
4.673235312500000000e+05
1.006517480468750000e+04
2.973199750000000000e+06
8.715364375000000000e+05
1.015432812500000000e+05
9.131594375000000000e+05
3.681516875000000000e+05
2.424609218750000000e+05
2.744603750000000000e+05
2.071542031250000000e+05
7.082062500000000000e+05
6.799318750000000000e+04
2.105300750000000000e+06
1.105333000000000000e+06
2.153395156250000000e+05
3.249797812500000000e+05
2.918188500000000000e+06
6.400523437500000000e+04
3.985057187500000000e+05
9.936293750000000000e+04
1.849326562500000000e+04
5.110109687500000000e+05
3.509099062500000000e+05
2.327975000000000000e+06
9.416301562500000000e+04
4.221259687500000000e+05
5.635985000000000000e+05
4.737137500000000000e+05
1.302336171875000000e+05
2.995806250000000000e+05
1.156074218750000000e+05
1.852736250000000000e+06
4.564383984375000000e+04
1.360173437500000000e+05
3.119777187500000000e+05
1.479750061035156250e+02
2.164115937500000000e+05
1.208347656250000000e+05
1.726933750000000000e+05
4.832470092773437500e+02
4.730123750000000000e+05
1.332155781250000000e+05
1.628608886718750000e+04
2.835021562500000000e+05
6.131802343750000000e+04
1.279354296875000000e+05
2.238696250000000000e+06
2.794446250000000000e+05
2.588520625000000000e+05
1.249327500000000000e+06
2.163995625000000000e+05
2.030167812500000000e+05
2.300626250000000000e+06
1.803538125000000000e+05
1.012950625000000000e+05
1.026623359375000000e+05
4.872515000000000000e+06
3.828690234375000000e+04
1.094852375000000000e+06
9.041505859375000000e+03
1.087169238281250000e+04
3.356201562500000000e+05
6.866790000000000000e+05
6.241644042968750000e+03
7.375167187500000000e+04
4.023980500000000000e+06
3.603066894531250000e+03
8.997094531250000000e+04
6.452393750000000000e+05
7.422972500000000000e+05
4.510881562500000000e+05
2.102091250000000000e+06
1.331100468750000000e+05
3.888961750000000000e+06
6.388856640625000000e+04
2.888035937500000000e+05
1.700725585937500000e+04
4.064111562500000000e+05
1.157772500000000000e+05
1.353426406250000000e+05
5.812429199218750000e+03
7.937047656250000000e+04
3.946913125000000000e+05
6.189358203125000000e+04
1.574386093750000000e+05
8.359787500000000000e+04
1.855376718750000000e+05
5.401813750000000000e+05
2.127266015625000000e+04
2.077579956054687500e+02
4.819918750000000000e+05
3.579685312500000000e+05
1.838355625000000000e+06
3.707399687500000000e+05
3.167831562500000000e+05
2.955047656250000000e+04
2.426223593750000000e+05
3.006132000000000000e+06
6.614497000000000000e+06
2.623045703125000000e+04
2.237443593750000000e+05
9.571715000000000000e+06
1.625404531250000000e+05
1.059080937500000000e+05
1.591300312500000000e+05
8.462903125000000000e+05
3.873402500000000000e+05
4.822739843750000000e+04
3.677294687500000000e+05
2.930132812500000000e+05
7.065610937500000000e+04
7.969728125000000000e+04
1.257551625000000000e+06
1.748454531250000000e+05
8.108105468750000000e+04
2.326171406250000000e+05
4.912336718750000000e+04
1.582248242187500000e+04
5.267636328125000000e+04
1.496595625000000000e+06
9.420709375000000000e+05
7.478741875000000000e+05
2.034654062500000000e+05
3.161401562500000000e+04
5.695030000000000000e+05
1.800904492187500000e+04
6.812976250000000000e+05
1.136538875000000000e+06
3.353497250000000000e+06
3.292509500000000000e+06
2.873593750000000000e+04
7.263582031250000000e+04
2.390134960937500000e+04
5.312525000000000000e+05
6.437526855468750000e+03
2.363688000000000000e+06
8.339785156250000000e+04
1.479668125000000000e+05
3.459460937500000000e+05
4.021552500000000000e+05
4.698698437500000000e+04
4.802039000000000000e+06
2.782280000000000000e+05
3.199156250000000000e+05
1.793600585937500000e+04
9.691972656250000000e+04
1.000236796875000000e+05
1.425401875000000000e+05
7.360117187500000000e+03
1.985930156250000000e+05
3.086983125000000000e+05
8.324820312500000000e+04
7.002716796875000000e+03
1.038931875000000000e+06
4.920443750000000000e+04
3.418047812500000000e+05
2.287532031250000000e+05
1.607995000000000000e+05
9.223858593750000000e+04
1.110527578125000000e+05
4.641997187500000000e+05
6.250999832153320312e+01
1.957766250000000000e+05
2.032725000000000000e+05
4.074608125000000000e+05
7.850326875000000000e+05
3.535800625000000000e+05
5.839790625000000000e+04
1.537387031250000000e+05
5.696635156250000000e+04
2.271512500000000000e+04
1.532924511718750000e+04
8.514867187500000000e+04
1.949380250000000000e+06
9.221798828125000000e+03
2.007217343750000000e+05
1.110374218750000000e+05
1.595318906250000000e+05
2.385444750000000000e+06
2.190039375000000000e+05
3.753769062500000000e+05
1.211020468750000000e+05
1.377325500000000000e+06
1.129606406250000000e+05
2.637523250000000000e+06
2.729905937500000000e+05
1.233312734375000000e+05
3.153902343750000000e+04
7.510138281250000000e+04
1.868178593750000000e+05
5.546471484375000000e+04
7.673401855468750000e+03
4.530443437500000000e+05
5.958357421875000000e+04
1.958427500000000000e+05
3.816943359375000000e+04
1.991452343750000000e+05
3.362562500000000000e+06
1.342996875000000000e+05
5.540221250000000000e+05
2.712484375000000000e+05
2.220430664062500000e+04
3.622025312500000000e+05
4.072603125000000000e+04
2.357867656250000000e+05
3.093005000000000000e+05
5.050730000000000000e+05
9.503244531250000000e+04
9.991599218750000000e+04
2.743536718750000000e+04
4.683438125000000000e+05
4.577166562500000000e+05
