2.090000063180923462e-01
5.019999742507934570e-01
8.579999804496765137e-01
4.600000008940696716e-02
1.939000010490417480e+00
2.339999973773956299e-01
2.801000118255615234e+00
2.168999910354614258e+00
7.440000176429748535e-01
6.000000052154064178e-03
6.280000209808349609e-01
8.330000042915344238e-01
8.199999928474426270e-01
1.498000025749206543e+00
9.240000247955322266e-01
2.469999939203262329e-01
4.300000146031379700e-02
2.210000008344650269e-01
9.879999756813049316e-01
9.860000014305114746e-01
2.799999952316284180e+00
3.919999897480010986e-01
3.033999919891357422e+00
6.990000009536743164e-01
1.480999946594238281e+00
4.210000038146972656e-01
5.600000172853469849e-02
1.347000002861022949e+00
3.389999866485595703e-01
2.555999994277954102e+00
5.032000064849853516e+00
3.199999928474426270e-01
5.370000004768371582e-01
3.230000138282775879e-01
1.230000019073486328e+00
5.899999737739562988e-01
7.800000160932540894e-02
7.829999923706054688e-01
4.966000080108642578e+00
1.082000017166137695e+00
1.881000041961669922e+00
2.019000053405761719e+00
2.029999941587448120e-01
5.080000162124633789e-01
1.213999986648559570e+00
1.266999959945678711e+00
3.100000023841857910e-01
1.442000031471252441e+00
1.083999991416931152e+00
2.874000072479248047e+00
1.400000043213367462e-02
8.149999976158142090e-01
2.400000020861625671e-02
4.682000160217285156e+00
5.230000019073486328e-01
5.690000057220458984e-01
2.895999908447265625e+00
1.246999979019165039e+00
4.510000050067901611e-01
2.163000106811523438e+00
3.411000013351440430e+00
2.220000028610229492e-01
1.217000007629394531e+00
1.659999936819076538e-01
1.830999970436096191e+00
2.259999960660934448e-01
3.400000035762786865e-01
2.151000022888183594e+00
1.610000014305114746e+00
1.633000016212463379e+00
1.161999940872192383e+00
1.620000004768371582e-01
1.047000050544738770e+00
1.560000032186508179e-01
6.460000276565551758e-01
4.650000035762786865e-01
7.900000363588333130e-02
2.000000000000000000e+00
5.999999865889549255e-02
6.949999928474426270e-01
1.315000057220458984e+00
1.702000021934509277e+00
1.036000013351440430e+00
9.029999971389770508e-01
4.572000026702880859e+00
2.770000100135803223e-01
2.661999940872192383e+00
7.369999885559082031e-01
3.389999866485595703e-01
6.219999790191650391e-01
2.194999933242797852e+00
1.034999966621398926e+00
1.779000043869018555e+00
8.699999749660491943e-02
4.078999996185302734e+00
3.160000145435333252e-01
1.990000009536743164e-01
1.108999967575073242e+00
3.379999995231628418e-01
9.599999785423278809e-01
9.710000157356262207e-01
1.231999993324279785e+00
6.069999933242797852e-01
3.000000119209289551e-01
3.760999917984008789e+00
2.399999946355819702e-01
5.820000171661376953e-01
5.456999778747558594e+00
6.769999861717224121e-01
2.088999986648559570e+00
3.808000087738037109e+00
1.455999970436096191e+00
1.182000041007995605e+00
1.490000039339065552e-01
6.079999804496765137e-01
6.589999794960021973e-01
2.648000001907348633e+00
1.789999961853027344e+00
3.400000184774398804e-02
1.812999963760375977e+00
1.447999954223632812e+00
2.716000080108642578e+00
8.790000081062316895e-01
4.420000016689300537e-01
1.337000012397766113e+00
1.164999961853027344e+00
1.416000008583068848e+00
1.595000028610229492e+00
1.210999965667724609e+00
1.776999950408935547e+00
7.100000232458114624e-02
6.830000281333923340e-01
3.170000016689300537e-01
6.899999827146530151e-02
3.659999966621398926e-01
3.280000090599060059e-01
2.038000106811523438e+00
1.049999967217445374e-01
6.449999809265136719e-01
1.463999986648559570e+00
1.055999994277954102e+00
5.249999761581420898e-01
2.189999967813491821e-01
1.067000031471252441e+00
6.330000162124633789e-01
9.599999785423278809e-01
1.095000028610229492e+00
2.414999961853027344e+00
1.969999969005584717e-01
1.930000036954879761e-01
6.899999827146530151e-02
2.400000020861625671e-02
7.000000216066837311e-03
3.589999973773956299e-01
3.770000040531158447e-01
9.509999752044677734e-01
2.482000112533569336e+00
3.101999998092651367e+00
1.021999955177307129e+00
1.669999957084655762e+00
1.677999973297119141e+00
1.317000031471252441e+00
4.269999861717224121e-01
1.554000020027160645e+00
1.616999983787536621e+00
1.640000045299530029e-01
1.150000020861625671e-01
4.839999973773956299e-01
7.319999933242797852e-01
2.717999935150146484e+00
6.650000214576721191e-01
7.390000224113464355e-01
7.940000295639038086e-01
4.900000095367431641e-01
5.600000023841857910e-01
6.449999809265136719e-01
1.840999960899353027e+00
1.949999928474426270e-01
6.190000176429748535e-01
8.299999833106994629e-01
7.800000160932540894e-02
2.325999975204467773e+00
3.000000026077032089e-03
5.700000002980232239e-02
1.077999949455261230e+00
4.235000133514404297e+00
1.866999983787536621e+00
1.819999963045120239e-01
3.190000057220458984e-01
1.646000027656555176e+00
0.000000000000000000e+00
1.239999979734420776e-01
4.199999943375587463e-02
1.597000002861022949e+00
3.490000069141387939e-01
6.240000128746032715e-01
4.429999887943267822e-01
9.899999946355819702e-02
4.383999824523925781e+00
6.629999876022338867e-01
2.693000078201293945e+00
1.024000048637390137e+00
3.999999910593032837e-02
6.890000104904174805e-01
2.723999977111816406e+00
4.183000087738037109e+00
1.667999982833862305e+00
2.614000082015991211e+00
5.950000286102294922e-01
1.077999949455261230e+00
3.533999919891357422e+00
1.338999986648559570e+00
2.879999876022338867e-01
1.421000003814697266e+00
4.090000092983245850e-01
3.829999864101409912e-01
5.009999871253967285e-01
1.570000052452087402e-01
1.089999973773956299e-01
2.579999864101409912e-01
4.169999957084655762e-01
2.864000082015991211e+00
5.299999713897705078e-01
2.201999902725219727e+00
6.579999923706054688e-01
5.320000052452087402e-01
7.000000029802322388e-02
4.639999866485595703e-01
2.249999940395355225e-01
1.699000000953674316e+00
3.860000073909759521e-01
3.530999898910522461e+00
4.362999916076660156e+00
1.116000056266784668e+00
7.030000090599060059e-01
5.049999952316284180e-01
2.210999965667724609e+00
7.549999952316284180e-01
1.396000027656555176e+00
1.099999994039535522e-02
8.909999728202819824e-01
1.099999994039535522e-02
2.401999950408935547e+00
3.766999959945678711e+00
1.121000051498413086e+00
1.246999979019165039e+00
2.290000021457672119e-01
1.740000009536743164e+00
3.500000014901161194e-02
7.139999866485595703e-01
1.600999951362609863e+00
1.820999979972839355e+00
1.270000040531158447e-01
5.939999818801879883e-01
2.039999961853027344e-01
1.075000047683715820e+00
7.120000123977661133e-01
6.400000303983688354e-02
1.335999965667724609e+00
9.899999946355819702e-02
8.900000154972076416e-02
3.755000114440917969e+00
6.740000247955322266e-01
4.429999887943267822e-01
2.849999964237213135e-01
6.420000195503234863e-01
1.480000019073486328e-01
7.879999876022338867e-01
1.819000005722045898e+00
9.700000286102294922e-01
3.790000081062316895e-01
1.684999942779541016e+00
1.325000047683715820e+00
9.399999976158142090e-01
1.167999982833862305e+00
6.100000143051147461e-01
9.419999718666076660e-01
1.011999964714050293e+00
2.838000059127807617e+00
1.150000020861625671e-01
9.739999771118164062e-01
1.309999972581863403e-01
2.970000028610229492e+00
5.950000286102294922e-01
1.718000054359436035e+00
2.930000126361846924e-01
2.463999986648559570e+00
9.520000219345092773e-01
1.580000072717666626e-01
6.819999814033508301e-01
1.067000031471252441e+00
1.343999981880187988e+00
8.669999837875366211e-01
7.279999852180480957e-01
8.169999718666076660e-01
1.739999949932098389e-01
6.039999723434448242e-01
8.560000061988830566e-01
1.659999936819076538e-01
1.019000053405761719e+00
9.700000286102294922e-01
1.460000038146972656e+00
8.849999904632568359e-01
8.100000023841857910e-01
1.825999975204467773e+00
1.531000018119812012e+00
1.083999991416931152e+00
9.409999847412109375e-01
3.330000042915344238e-01
1.187000036239624023e+00
1.322999954223632812e+00
3.056999921798706055e+00
3.273999929428100586e+00
2.360000014305114746e-01
1.990000009536743164e-01
1.560000032186508179e-01
1.787999987602233887e+00
7.800000160932540894e-02
1.018000006675720215e+00
3.939999938011169434e-01
1.115000009536743164e+00
3.588999986648559570e+00
3.919999897480010986e-01
2.617000102996826172e+00
1.810999989509582520e+00
2.240999937057495117e+00
6.990000009536743164e-01
3.260000050067901611e-01
3.214999914169311523e+00
6.019999980926513672e-01
5.040000081062316895e-01
4.799999892711639404e-01
9.799999743700027466e-02
1.800000071525573730e-01
5.989999771118164062e-01
1.720000058412551880e-01
4.779999852180480957e-01
8.700000047683715820e-01
2.769000053405761719e+00
2.479999959468841553e-01
2.939999997615814209e-01
7.710000276565551758e-01
3.359999954700469971e-01
6.050000190734863281e-01
5.250000000000000000e+00
6.125000000000000000e+00
2.339999914169311523e+00
1.187999963760375977e+00
1.040000021457672119e-01
1.190999984741210938e+00
3.849999904632568359e-01
3.889999985694885254e-01
1.143000006675720215e+00
4.569999873638153076e-01
6.069999933242797852e-01
6.240000128746032715e-01
1.279000043869018555e+00
9.700000286102294922e-02
2.960000038146972656e-01
5.270000100135803223e-01
3.234999895095825195e+00
2.770000100135803223e-01
4.079999923706054688e-01
1.812000036239624023e+00
1.779000043869018555e+00
1.014999985694885254e+00
8.169999718666076660e-01
8.399999886751174927e-02
8.299999684095382690e-02
2.669999897480010986e-01
4.553999900817871094e+00
2.563999891281127930e+00
6.409999728202819824e-01
2.409999966621398926e-01
6.919999718666076660e-01
2.980000078678131104e-01
2.127000093460083008e+00
1.400000005960464478e-01
1.070000052452087402e+00
2.130000114440917969e+00
2.618999958038330078e+00
1.771000027656555176e+00
7.000000029802322388e-02
3.310000002384185791e-01
1.039000034332275391e+00
1.679000020027160645e+00
1.659000039100646973e+00
1.527999997138977051e+00
3.900000095367431641e+00
1.738999962806701660e+00
9.250000119209289551e-01
1.174000024795532227e+00
9.499999880790710449e-02
1.630000025033950806e-01
1.965999960899353027e+00
4.959999918937683105e-01
1.761999964714050293e+00
1.470000028610229492e+00
1.057000041007995605e+00
2.036999940872192383e+00
1.024000048637390137e+00
3.098000049591064453e+00
2.990999937057495117e+00
2.879999876022338867e-01
1.040000021457672119e-01
3.150000095367431641e+00
3.650000095367431641e-01
8.719999790191650391e-01
1.270000040531158447e-01
1.469999998807907104e-01
9.499999880790710449e-02
5.139999985694885254e-01
3.079999983310699463e-01
5.249999761581420898e-01
2.996000051498413086e+00
1.599999964237213135e-01
9.729999899864196777e-01
3.342999935150146484e+00
5.493999958038330078e+00
1.694000005722045898e+00
1.824000000953674316e+00
3.610000014305114746e-01
6.859999895095825195e-01
2.000999927520751953e+00
2.549999952316284180e-01
8.999999761581420898e-01
7.059999704360961914e-01
1.205999970436096191e+00
2.186000108718872070e+00
7.870000004768371582e-01
2.032999992370605469e+00
7.469999790191650391e-01
9.549999833106994629e-01
8.699999749660491943e-02
9.559999704360961914e-01
1.898000001907348633e+00
6.179999709129333496e-01
6.660000085830688477e-01
2.272000074386596680e+00
6.980000138282775879e-01
2.898999929428100586e+00
1.899999976158142090e-01
4.249000072479248047e+00
1.475000023841857910e+00
3.899999856948852539e-01
2.559000015258789062e+00
6.129999756813049316e-01
3.082999944686889648e+00
2.569000005722045898e+00
1.518000006675720215e+00
9.300000220537185669e-02
3.619999885559082031e-01
8.019999861717224121e-01
6.869999766349792480e-01
9.969999790191650391e-01
4.149999916553497314e-01
1.144000053405761719e+00
2.555000066757202148e+00
1.110000014305114746e+00
1.010000035166740417e-01
1.040000021457672119e-01
7.500000298023223877e-02
1.468999981880187988e+00
1.973999977111816406e+00
2.096999883651733398e+00
4.670000076293945312e-01
3.759999871253967285e-01
4.899999871850013733e-02
2.427999973297119141e+00
1.449999958276748657e-01
1.759999990463256836e-01
8.930000066757202148e-01
1.067000031471252441e+00
2.169999927282333374e-01
5.879999995231628418e-01
4.090000092983245850e-01
6.719999909400939941e-01
2.397000074386596680e+00
3.427000045776367188e+00
3.030000030994415283e-01
1.065999984741210938e+00
1.049000024795532227e+00
7.799999713897705078e-01
3.280999898910522461e+00
7.789999842643737793e-01
3.750000000000000000e-01
3.429999947547912598e-01
1.830999970436096191e+00
3.970000147819519043e-01
6.079999804496765137e-01
6.660000085830688477e-01
2.590000033378601074e-01
5.690000057220458984e-01
1.032999992370605469e+00
2.642999887466430664e+00
4.070000052452087402e-01
2.240000069141387939e-01
8.920000195503234863e-01
1.143000006675720215e+00
1.292999982833862305e+00
6.290000081062316895e-01
9.200000017881393433e-02
3.959999978542327881e-01
1.850000023841857910e+00
1.840000003576278687e-01
5.248000144958496094e+00
2.129999995231628418e-01
2.700000070035457611e-02
1.220000013709068298e-01
3.424999952316284180e+00
5.929999828338623047e+00
7.940000295639038086e-01
9.829999804496765137e-01
2.466000080108642578e+00
1.870000064373016357e-01
4.720000028610229492e-01
1.378000020980834961e+00
1.620000004768371582e-01
3.910000026226043701e-01
2.033999919891357422e+00
1.011000037193298340e+00
6.940000057220458984e-01
6.970000267028808594e-01
1.356999993324279785e+00
1.004999995231628418e+00
1.238000035285949707e+00
1.085000038146972656e+00
1.253999948501586914e+00
1.980000019073486328e+00
3.529999852180480957e-01
1.113999962806701660e+00
3.476000070571899414e+00
3.799999952316284180e-01
1.544999957084655762e+00
2.243000030517578125e+00
1.046000003814697266e+00
7.620000243186950684e-01
6.899999827146530151e-02
2.427999973297119141e+00
2.135999917984008789e+00
3.970000147819519043e-01
1.656999945640563965e+00
2.461999893188476562e+00
1.159999966621398926e-01
6.899999976158142090e-01
1.601999998092651367e+00
2.460000067949295044e-01
7.289999723434448242e-01
2.082999944686889648e+00
2.163000106811523438e+00
7.480000257492065430e-01
4.517000198364257812e+00
2.822000026702880859e+00
1.307000041007995605e+00
3.871999979019165039e+00
3.280000090599060059e-01
6.079999804496765137e-01
1.034000039100646973e+00
2.684000015258789062e+00
5.350000262260437012e-01
1.508000016212463379e+00
2.240000069141387939e-01
2.046000003814697266e+00
1.667000055313110352e+00
1.251999974250793457e+00
3.569999933242797852e-01
1.508999943733215332e+00
2.899999916553497314e-01
5.270000100135803223e-01
4.164000034332275391e+00
1.060999989509582520e+00
2.266000032424926758e+00
2.733000040054321289e+00
9.300000071525573730e-01
5.939999818801879883e-01
1.780000030994415283e-01
4.050000011920928955e-01
2.384000062942504883e+00
5.149999856948852539e-01
2.919999957084655762e-01
6.280000209808349609e-01
8.090000152587890625e-01
3.322999954223632812e+00
2.443000078201293945e+00
1.239999979734420776e-01
3.203000068664550781e+00
2.939999997615814209e-01
2.099999934434890747e-01
2.829999923706054688e-01
6.309999823570251465e-01
1.335000038146972656e+00
1.797000050544738770e+00
1.251999974250793457e+00
1.190000027418136597e-01
3.009999990463256836e-01
3.950000107288360596e-01
6.800000369548797607e-02
1.967000007629394531e+00
1.800999999046325684e+00
3.980000019073486328e-01
2.220000028610229492e-01
1.697000026702880859e+00
6.800000071525573730e-01
5.049999952316284180e-01
2.085999965667724609e+00
9.700000286102294922e-01
2.779999971389770508e-01
4.333000183105468750e+00
1.000000047497451305e-03
3.096999883651733398e+00
2.980000078678131104e-01
8.100000023841857910e-01
7.979999780654907227e-01
9.999999776482582092e-03
2.579999864101409912e-01
2.397000074386596680e+00
7.110000252723693848e-01
3.538000106811523438e+00
3.720000088214874268e-01
1.177000045776367188e+00
5.720000267028808594e-01
1.156000018119812012e+00
5.789999961853027344e-01
8.200000226497650146e-02
3.131000041961669922e+00
2.326999902725219727e+00
1.669000029563903809e+00
1.041000008583068848e+00
7.170000076293945312e-01
5.960000157356262207e-01
4.970000088214874268e-01
1.863999962806701660e+00
5.080000162124633789e-01
2.907999992370605469e+00
1.988999962806701660e+00
6.779999732971191406e-01
1.577999949455261230e+00
1.850000023841857910e-01
3.279000043869018555e+00
8.080000281333923340e-01
7.329999804496765137e-01
1.945000052452087402e+00
2.280000001192092896e-01
7.299999892711639404e-02
2.039999961853027344e-01
6.660000085830688477e-01
2.742000102996826172e+00
9.940000176429748535e-01
1.060999989509582520e+00
1.348999977111816406e+00
1.169000029563903809e+00
1.899000048637390137e+00
8.539999723434448242e-01
1.223999977111816406e+00
8.930000066757202148e-01
2.359999895095825195e+00
4.176000118255615234e+00
2.586999893188476562e+00
1.261000037193298340e+00
1.983999967575073242e+00
1.700000017881393433e-01
1.090999960899353027e+00
4.469999969005584717e-01
6.875999927520751953e+00
1.139000058174133301e+00
1.979999989271163940e-01
6.940000057220458984e-01
8.830000162124633789e-01
1.228999972343444824e+00
1.185999989509582520e+00
2.099999971687793732e-02
2.339999973773956299e-01
6.949999928474426270e-01
9.620000123977661133e-01
1.049999967217445374e-01
2.820000052452087402e-01
1.996000051498413086e+00
4.977000236511230469e+00
6.880000233650207520e-01
4.600000008940696716e-02
9.899999946355819702e-02
7.879999876022338867e-01
1.281000018119812012e+00
1.169999957084655762e+00
5.529999732971191406e-01
1.250000000000000000e-01
2.578999996185302734e+00
1.409000039100646973e+00
1.034999966621398926e+00
9.190000295639038086e-01
9.359999895095825195e-01
3.359999954700469971e-01
5.070000290870666504e-01
9.999999776482582092e-03
1.620000004768371582e-01
2.999999932944774628e-02
3.798000097274780273e+00
3.953999996185302734e+00
1.640000045299530029e-01
8.539999723434448242e-01
3.330000042915344238e-01
3.338999986648559570e+00
4.699999988079071045e-01
2.707000017166137695e+00
4.000000059604644775e-01
1.410000026226043701e-01
1.815999984741210938e+00
1.920000016689300537e-01
1.940000057220458984e-01
2.805000066757202148e+00
2.829999923706054688e-01
1.911000013351440430e+00
1.700000047683715820e+00
4.500000178813934326e-02
1.593999981880187988e+00
6.919999718666076660e-01
1.052000045776367188e+00
1.975000023841857910e+00
8.610000014305114746e-01
1.889999955892562866e-01
4.626999855041503906e+00
2.569999992847442627e-01
3.670000135898590088e-01
5.700000002980232239e-02
1.340000033378601074e+00
5.709999799728393555e-01
6.430000066757202148e-01
2.870000004768371582e-01
5.000000000000000000e-01
2.381999969482421875e+00
3.899999856948852539e-01
1.585999965667724609e+00
3.742000102996826172e+00
3.941999912261962891e+00
9.120000004768371582e-01
6.769999861717224121e-01
4.090000092983245850e-01
1.713999986648559570e+00
3.560000061988830566e-01
1.509999930858612061e-01
3.009000062942504883e+00
4.131000041961669922e+00
1.391999959945678711e+00
9.169999957084655762e-01
2.177999973297119141e+00
4.013000011444091797e+00
1.550000011920928955e-01
3.630000054836273193e-01
9.700000286102294922e-02
8.750000000000000000e-01
7.829999923706054688e-01
1.812999963760375977e+00
1.062999963760375977e+00
1.239999979734420776e-01
7.120000123977661133e-01
1.730999946594238281e+00
2.119999974966049194e-01
1.067999958992004395e+00
6.880000233650207520e-01
3.030000030994415283e-01
2.430000007152557373e-01
6.890000104904174805e-01
2.210000008344650269e-01
1.315999984741210938e+00
1.669000029563903809e+00
1.368999958038330078e+00
3.050000071525573730e-01
1.853000044822692871e+00
2.585000038146972656e+00
5.220000147819519043e-01
1.154999971389770508e+00
4.149999916553497314e-01
6.700000166893005371e-01
2.020999908447265625e+00
2.759999930858612061e-01
1.082000017166137695e+00
1.646000027656555176e+00
3.470000028610229492e-01
1.121000051498413086e+00
2.529999971389770508e+00
3.569999933242797852e-01
6.299999952316284180e-01
5.130000114440917969e-01
1.917999982833862305e+00
1.008999943733215332e+00
3.457999944686889648e+00
2.313999891281127930e+00
1.111999988555908203e+00
2.569999992847442627e-01
4.460000097751617432e-01
3.359999954700469971e-01
2.640000104904174805e+00
1.026000022888183594e+00
1.389999985694885254e-01
3.973999977111816406e+00
5.479999780654907227e-01
1.513000011444091797e+00
4.399999976158142090e-02
1.661999940872192383e+00
2.960000038146972656e-01
9.039999842643737793e-01
3.619999885559082031e-01
1.922999978065490723e+00
6.320000290870666504e-01
1.907999992370605469e+00
8.000000379979610443e-03
8.719999790191650391e-01
2.739999890327453613e-01
1.583999991416931152e+00
5.939999818801879883e-01
3.092000007629394531e+00
1.325999975204467773e+00
3.990999937057495117e+00
4.860000014305114746e-01
6.420000195503234863e-01
7.390000224113464355e-01
1.270000040531158447e-01
2.890000045299530029e-01
7.189999818801879883e-01
6.830000281333923340e-01
1.519999951124191284e-01
6.909999847412109375e-01
1.144999980926513672e+00
2.105999946594238281e+00
3.560000061988830566e-01
1.315999984741210938e+00
7.940000295639038086e-01
1.350000023841857910e+00
5.460000038146972656e-01
9.269999861717224121e-01
2.278000116348266602e+00
3.999999910593032837e-02
5.749999880790710449e-01
1.220000013709068298e-01
9.999999776482582092e-03
2.060000002384185791e-01
3.700999975204467773e+00
2.058000087738037109e+00
1.209999993443489075e-01
7.260000109672546387e-01
2.790000140666961670e-01
4.059999883174896240e-01
2.411000013351440430e+00
2.329999953508377075e-01
1.990000009536743164e-01
2.013000011444091797e+00
1.437999963760375977e+00
3.490000069141387939e-01
6.370000243186950684e-01
3.759999871253967285e-01
3.330000042915344238e-01
9.440000057220458984e-01
1.215999960899353027e+00
3.980000019073486328e-01
1.554999947547912598e+00
1.856999993324279785e+00
4.850000143051147461e-01
9.390000104904174805e-01
1.575999975204467773e+00
2.210000008344650269e-01
1.465999960899353027e+00
1.291000008583068848e+00
1.300000026822090149e-02
1.550000011920928955e-01
1.424999952316284180e+00
2.349999994039535522e-01
3.348999977111816406e+00
4.429999887943267822e-01
6.039999723434448242e-01
2.118999958038330078e+00
2.319999933242797852e-01
3.799999877810478210e-02
2.170000076293945312e+00
2.848000049591064453e+00
2.689999938011169434e-01
6.669999957084655762e-01
4.990000128746032715e-01
1.860000014305114746e+00
1.361999988555908203e+00
1.940000057220458984e+00
1.036000013351440430e+00
2.469999939203262329e-01
2.292999982833862305e+00
2.150000035762786865e-01
3.063999891281127930e+00
8.169999718666076660e-01
1.032999992370605469e+00
1.702000021934509277e+00
1.648000001907348633e+00
2.188999891281127930e+00
1.920000016689300537e-01
2.224999904632568359e+00
7.400000095367431641e-02
3.217000007629394531e+00
1.009999990463256836e+00
3.689999878406524658e-01
6.280000209808349609e+00
1.610000014305114746e+00
1.565999984741210938e+00
1.121000051498413086e+00
1.399999976158142090e+00
2.520000040531158447e-01
9.900000095367431641e-01
1.396000027656555176e+00
6.079999804496765137e-01
1.358999967575073242e+00
4.300000071525573730e-01
1.600000075995922089e-02
1.878999948501586914e+00
1.350000053644180298e-01
1.812999963760375977e+00
9.499999880790710449e-01
5.600000172853469849e-02
5.130000114440917969e-01
2.335000038146972656e+00
1.485000014305114746e+00
8.149999976158142090e-01
1.674999952316284180e+00
2.179999947547912598e-01
2.072000026702880859e+00
8.479999899864196777e-01
1.270000040531158447e-01
1.208999991416931152e+00
1.055999994277954102e+00
1.151999950408935547e+00
2.092999935150146484e+00
1.088000059127807617e+00
2.179999947547912598e-01
4.017000198364257812e+00
2.746999979019165039e+00
1.309000015258789062e+00
6.280000209808349609e-01
1.531000018119812012e+00
1.465000033378601074e+00
2.360000014305114746e-01
8.019999861717224121e-01
5.550000071525573730e-01
1.246000051498413086e+00
9.499999880790710449e-01
2.785000085830688477e+00
7.409999966621398926e-01
1.745000004768371582e+00
1.123999953269958496e+00
2.010000050067901611e-01
2.894000053405761719e+00
1.838000059127807617e+00
2.391000032424926758e+00
2.028000116348266602e+00
2.319000005722045898e+00
2.599999904632568359e-01
6.280000209808349609e-01
1.708999991416931152e+00
1.261999964714050293e+00
2.217999935150146484e+00
4.889999926090240479e-01
5.189999938011169434e-01
1.766000032424926758e+00
5.630000233650207520e-01
8.040000200271606445e-01
3.330000042915344238e-01
1.669999957084655762e-01
5.479999780654907227e-01
1.197000026702880859e+00
6.700000166893005371e-02
1.458999991416931152e+00
1.230999946594238281e+00
5.320000052452087402e-01
1.758999943733215332e+00
3.989999890327453613e-01
5.569999814033508301e-01
7.490000128746032715e-01
3.400000184774398804e-02
1.378000020980834961e+00
3.142999887466430664e+00
3.499000072479248047e+00
1.353999972343444824e+00
4.173999786376953125e+00
3.540000021457672119e-01
5.009999871253967285e-01
9.499999880790710449e-02
2.424000024795532227e+00
1.087000012397766113e+00
2.079999923706054688e+00
6.190000176429748535e-01
4.337999820709228516e+00
2.151999950408935547e+00
1.720000058412551880e-01
1.560000032186508179e-01
2.119999974966049194e-01
9.300000071525573730e-01
4.979999959468841553e-01
2.249999940395355225e-01
3.429999947547912598e-01
2.957999944686889648e+00
4.760000109672546387e-01
2.400000020861625671e-02
3.157999992370605469e+00
3.860000073909759521e-01
2.848999977111816406e+00
2.585999965667724609e+00
