1.487708593750000000e+05
5.721459960937500000e+03
2.468020625000000000e+05
1.121213281250000000e+05
1.944921289062500000e+04
1.825861328125000000e+04
2.177278437500000000e+05
1.189518906250000000e+05
9.026671250000000000e+05
1.062777246093750000e+04
5.611779785156250000e+02
2.275225585937500000e+04
2.094519042968750000e+03
2.357424609375000000e+04
1.332566210937500000e+04
1.320461059570312500e+03
8.406927343750000000e+04
3.256845947265625000e+03
1.354982714843750000e+04
3.828065312500000000e+05
2.606989990234375000e+03
1.033644453125000000e+05
1.371388476562500000e+04
1.765624218750000000e+05
2.176199218750000000e+04
1.813656093750000000e+05
3.251800155639648438e+01
1.276288940429687500e+03
9.326685546875000000e+03
2.096478320312500000e+04
1.628227500000000000e+05
2.973404687500000000e+05
2.493287343750000000e+05
5.865863671875000000e+04
2.992655468750000000e+04
1.955570312500000000e+04
1.395637597656250000e+04
4.622390136718750000e+02
2.719493125000000000e+05
3.178568115234375000e+03
1.550653417968750000e+04
7.965770019531250000e+03
4.499595703125000000e+04
3.791091250000000000e+05
4.755599218750000000e+04
4.662309875488281250e+02
4.283409179687500000e+03
1.986133056640625000e+03
1.264404052734375000e+03
2.793099121093750000e+03
2.549045000000000000e+05
4.624202343750000000e+04
1.133024023437500000e+04
2.056491992187500000e+04
2.226104296875000000e+04
2.767387109375000000e+04
2.661762939453125000e+03
1.048591601562500000e+04
1.671757031250000000e+05
2.325459218750000000e+05
2.866084179687500000e+04
3.067573750000000000e+05
8.259959716796875000e+02
3.785798828125000000e+04
1.192476855468750000e+04
1.253945605468750000e+04
8.260163085937500000e+03
3.315435000000000000e+05
3.557440312500000000e+05
1.546646093750000000e+05
1.294054589843750000e+04
6.313618164062500000e+03
3.738795625000000000e+05
1.305640722656250000e+04
1.979033281250000000e+05
3.172011328125000000e+04
2.043032958984375000e+03
7.610392968750000000e+04
1.958161132812500000e+04
4.090893750000000000e+04
4.204133203125000000e+04
2.676619062500000000e+05
5.056530151367187500e+02
5.959142089843750000e+03
1.681271093750000000e+04
4.061332812500000000e+04
2.784387304687500000e+04
1.068536010742187500e+03
2.339745117187500000e+04
5.239619750976562500e+02
1.606524218750000000e+05
8.507499694824218750e+01
3.014450625000000000e+05
2.945443125000000000e+05
4.922609863281250000e+02
5.564343750000000000e+05
1.316192500000000000e+05
3.285271972656250000e+03
7.254160156250000000e+02
2.110240781250000000e+05
2.074028125000000000e+05
6.162076875000000000e+05
3.746100312500000000e+05
2.309666601562500000e+04
1.384944946289062500e+03
1.093980957031250000e+03
3.266230625000000000e+05
2.095239531250000000e+05
1.493883007812500000e+04
9.197640625000000000e+03
1.773725195312500000e+04
3.210176250000000000e+05
4.849433105468750000e+03
1.419269433593750000e+04
1.210261328125000000e+05
6.215090820312500000e+03
4.190566015625000000e+04
3.145942187500000000e+04
4.676429199218750000e+03
1.441532187500000000e+05
2.907399414062500000e+04
5.553086914062500000e+03
3.704497500000000000e+05
2.057589062500000000e+04
4.006905859375000000e+04
3.791821875000000000e+04
4.350393437500000000e+05
2.476799531250000000e+05
3.305250976562500000e+03
2.200024687500000000e+05
6.333332500000000000e+05
4.832777734375000000e+04
1.270069335937500000e+04
4.925594687500000000e+05
8.382340087890625000e+02
1.046993515625000000e+05
1.807863437500000000e+05
8.006893066406250000e+03
5.650362500000000000e+04
4.557092773437500000e+03
1.950494335937500000e+04
3.589291015625000000e+03
2.379604003906250000e+03
2.485414687500000000e+05
3.481059875488281250e+02
3.621179296875000000e+04
4.259690312500000000e+05
1.854358007812500000e+04
1.597885468750000000e+05
3.196845937500000000e+05
1.227613964843750000e+04
5.181979980468750000e+03
5.878455078125000000e+04
1.172702343750000000e+04
2.970693115234375000e+03
3.161209960937500000e+03
6.307314375000000000e+05
8.562164062500000000e+03
1.348473437500000000e+05
5.563646484375000000e+04
2.084441894531250000e+03
7.149489746093750000e+02
5.497563671875000000e+04
4.556596484375000000e+04
1.853623593750000000e+05
2.570329895019531250e+02
6.939793945312500000e+03
1.644452734375000000e+04
3.908667812500000000e+05
1.690055053710937500e+03
2.087693750000000000e+05
2.002125000000000000e+03
5.753779907226562500e+02
3.707822187500000000e+05
5.408750000000000000e+02
2.467995312500000000e+04
7.534174218750000000e+04
1.067493515625000000e+05
9.171799926757812500e+02
1.754000390625000000e+04
2.648384765625000000e+04
2.035123281250000000e+05
3.984474609375000000e+04
5.674358750000000000e+05
5.083535625000000000e+05
1.162013476562500000e+04
1.899090468750000000e+05
1.222778710937500000e+04
5.602920898437500000e+03
5.606208984375000000e+04
4.162885546875000000e+04
2.149739990234375000e+02
2.796411562500000000e+05
1.745995312500000000e+04
3.519105937500000000e+05
1.210053710937500000e+04
1.699546093750000000e+05
5.212224121093750000e+03
2.501976953125000000e+04
1.036870996093750000e+04
2.535088281250000000e+04
5.992705468750000000e+04
1.630569433593750000e+04
3.957983125000000000e+05
1.314488037109375000e+03
9.904662109375000000e+03
3.597273046875000000e+04
3.622687988281250000e+03
9.056512695312500000e+03
3.708553750000000000e+05
3.141166406250000000e+04
2.233683398437500000e+04
1.460814843750000000e+05
6.082115234375000000e+03
8.139499664306640625e+01
3.990613281250000000e+04
1.072984960937500000e+04
7.141980000000000000e+05
1.992218554687500000e+04
2.688702187500000000e+05
8.081819824218750000e+03
2.359638671875000000e+04
1.423003906250000000e+05
9.414731250000000000e+04
2.562942968750000000e+04
4.296579895019531250e+02
5.035724218750000000e+04
6.455079956054687500e+02
3.544664062500000000e+04
1.374030957031250000e+04
3.612242968750000000e+04
5.723757500000000000e+05
1.508155029296875000e+03
3.763960625000000000e+05
1.720187187500000000e+05
1.874999023437500000e+03
6.200787109375000000e+03
2.270806884765625000e+03
1.591628051757812500e+03
2.386459218750000000e+05
1.909714218750000000e+05
2.527938867187500000e+04
3.963980102539062500e+02
6.209707031250000000e+04
5.723800048828125000e+02
6.985704687500000000e+04
3.653200927734375000e+03
6.867007812500000000e+04
5.187405078125000000e+04
1.597702812500000000e+05
5.065257031250000000e+04
7.303150024414062500e+02
4.164074687500000000e+05
1.616757812500000000e+05
7.837401855468750000e+03
4.896583984375000000e+04
4.357483886718750000e+03
2.739157958984375000e+03
2.928242187500000000e+05
4.880785000000000000e+05
4.752988769531250000e+03
8.826005859375000000e+03
2.086230010986328125e+02
1.239943969726562500e+03
2.176157958984375000e+03
1.220479965209960938e+02
6.296953750000000000e+05
2.555332421875000000e+04
3.029583007812500000e+03
1.860495625000000000e+05
5.129789687500000000e+05
5.034335937500000000e+05
1.125972812500000000e+05
1.448939971923828125e+02
1.418269531250000000e+05
5.121508203125000000e+04
7.929178222656250000e+03
2.713649902343750000e+02
2.603300195312500000e+04
2.190428125000000000e+05
4.797288750000000000e+05
2.206529843750000000e+05
7.598170166015625000e+02
3.405175937500000000e+05
5.496306250000000000e+04
5.690259765625000000e+03
3.510459960937500000e+03
4.826091875000000000e+05
5.567646875000000000e+04
2.504260009765625000e+03
1.632865820312500000e+04
7.248166015625000000e+03
4.662799804687500000e+03
3.423345312500000000e+05
2.004675048828125000e+03
2.432709570312500000e+04
2.614735107421875000e+03
2.092014892578125000e+03
2.667492919921875000e+03
2.045140014648437500e+03
2.040577343750000000e+04
4.123605078125000000e+04
6.030757812500000000e+04
2.970569062500000000e+05
7.890997500000000000e+05
3.946730957031250000e+03
1.677250312500000000e+05
6.401456875000000000e+05
3.331510986328125000e+03
3.357292968750000000e+04
2.532218017578125000e+03
4.319645312500000000e+05
1.507648906250000000e+05
2.637166015625000000e+03
3.854238125000000000e+05
1.381592041015625000e+03
1.530406250000000000e+05
3.660142187500000000e+04
1.126104980468750000e+03
1.832616875000000000e+05
3.486023046875000000e+04
1.829857226562500000e+04
5.537570312500000000e+04
1.108200546875000000e+05
4.405415312500000000e+05
3.727469921875000000e+04
6.402499023437500000e+03
6.015866015625000000e+04
2.663068437500000000e+05
2.713696484375000000e+04
1.322028808593750000e+04
3.043573242187500000e+04
8.600310058593750000e+02
4.146300125122070312e+01
5.398738671875000000e+04
6.817815000000000000e+05
1.204473828125000000e+05
2.357109985351562500e+02
6.640318847656250000e+03
2.752053955078125000e+03
6.705126875000000000e+05
1.141734843750000000e+05
5.744151250000000000e+05
2.118501367187500000e+04
2.010369531250000000e+05
2.938498828125000000e+04
5.002982812500000000e+04
1.974165312500000000e+05
5.948469848632812500e+02
5.966729736328125000e+02
2.078339062500000000e+04
9.359477539062500000e+03
3.555304931640625000e+03
1.638058125000000000e+05
2.193824531250000000e+05
4.140784179687500000e+03
1.764149932861328125e+02
2.740336914062500000e+03
2.591486083984375000e+03
1.974940234375000000e+04
2.586048046875000000e+04
2.233330468750000000e+05
7.468220214843750000e+03
3.701300048828125000e+02
2.210327968750000000e+05
6.051250000000000000e+02
7.265649902343750000e+03
4.112694921875000000e+04
1.124024047851562500e+03
1.070341718750000000e+05
9.721467968750000000e+04
1.651664453125000000e+04
7.010692871093750000e+03
3.517905625000000000e+05
2.526527734375000000e+04
2.983512812500000000e+05
8.556936523437500000e+03
3.763791015625000000e+03
4.186491406250000000e+04
1.258206738281250000e+04
1.399193359375000000e+04
2.031538940429687500e+03
3.363804687500000000e+04
1.204866699218750000e+04
2.097562304687500000e+04
2.480037890625000000e+04
1.039613671875000000e+04
2.655681562500000000e+05
3.953888916015625000e+03
2.035317578125000000e+04
2.383895507812500000e+04
1.217941796875000000e+05
2.756550585937500000e+04
1.790141210937500000e+04
6.628785000000000000e+05
9.721049804687500000e+03
5.343160937500000000e+04
3.378576250000000000e+05
6.340548828125000000e+03
1.573573906250000000e+05
4.890281250000000000e+04
1.775062187500000000e+05
1.463933906250000000e+05
2.007547973632812500e+03
7.302106933593750000e+03
1.723867812500000000e+05
7.392125000000000000e+03
2.549256640625000000e+04
1.570507226562500000e+04
5.297573750000000000e+05
8.173289062500000000e+03
2.396517187500000000e+04
1.865161875000000000e+05
2.401299072265625000e+03
3.430359375000000000e+04
7.303057031250000000e+04
1.914395312500000000e+04
1.697542968750000000e+03
6.518288085937500000e+03
7.925844238281250000e+03
8.437813281250000000e+04
3.601334765625000000e+04
7.322490234375000000e+02
3.838751250000000000e+05
5.201649780273437500e+02
3.183399687500000000e+05
5.000246875000000000e+04
1.097439941406250000e+03
1.511428906250000000e+05
3.281060058593750000e+03
1.488280029296875000e+03
1.301447578125000000e+05
2.284461562500000000e+05
4.821894921875000000e+04
7.790449829101562500e+02
1.572946250000000000e+05
1.505046997070312500e+03
1.414399804687500000e+04
9.716613281250000000e+03
1.076166210937500000e+04
6.995830078125000000e+03
1.692352050781250000e+03
3.582577343750000000e+04
4.377752929687500000e+03
4.544435546875000000e+04
7.176820068359375000e+02
8.649039916992187500e+02
5.224963281250000000e+04
1.859169531250000000e+04
4.078306884765625000e+03
6.870691875000000000e+05
6.749622656250000000e+04
1.587014062500000000e+04
8.430336914062500000e+03
1.160782958984375000e+03
6.994213125000000000e+05
9.864689062500000000e+04
2.035939843750000000e+04
5.874457031250000000e+03
1.320377343750000000e+05
1.017723750000000000e+06
4.021883056640625000e+03
1.276686035156250000e+03
5.814850625000000000e+05
1.597575937500000000e+05
5.918877500000000000e+05
1.327157324218750000e+04
6.616489062500000000e+04
3.412614013671875000e+03
1.758105000000000000e+05
1.550885742187500000e+04
7.810951875000000000e+05
1.779957031250000000e+03
1.999870312500000000e+04
2.523549957275390625e+02
1.286130065917968750e+02
2.078062109375000000e+04
3.874867919921875000e+03
8.613283203125000000e+03
3.694152099609375000e+03
4.949352050781250000e+03
1.589798828125000000e+04
1.080193969726562500e+03
2.589307343750000000e+05
1.783662812500000000e+05
2.079299926757812500e+01
1.624529052734375000e+03
1.770625000000000000e+03
1.594371406250000000e+05
1.662370156250000000e+05
1.915381958007812500e+03
8.053389843750000000e+04
1.609213437500000000e+05
1.346029589843750000e+04
2.693428125000000000e+04
2.558831875000000000e+05
4.064466064453125000e+03
1.629291015625000000e+03
2.147591601562500000e+04
2.976032812500000000e+05
6.190471191406250000e+03
2.765719909667968750e+02
1.809927978515625000e+03
1.378623242187500000e+04
9.821130468750000000e+04
3.488337890625000000e+03
7.019479980468750000e+02
8.117410278320312500e+02
1.821601953125000000e+04
1.163308984375000000e+05
3.768250122070312500e+02
8.914390625000000000e+03
3.986561035156250000e+03
1.605318457031250000e+04
2.007294921875000000e+04
1.591629687500000000e+05
1.491745781250000000e+05
4.172163750000000000e+05
3.461160156250000000e+04
5.754902500000000000e+05
1.511489013671875000e+03
1.924175976562500000e+04
1.488309936523437500e+02
5.912135937500000000e+04
4.553176875000000000e+05
2.734504882812500000e+03
1.157505468750000000e+04
3.422464375000000000e+05
4.912574218750000000e+03
2.879232187500000000e+05
1.370800048828125000e+03
8.514397656250000000e+04
1.088012939453125000e+03
1.169710006713867188e+02
3.328983203125000000e+04
5.358255000000000000e+05
5.071288085937500000e+03
4.006210937500000000e+03
1.991647812500000000e+05
2.226186250000000000e+05
1.208297973632812500e+03
3.298448828125000000e+04
1.111955957031250000e+04
5.606174804687500000e+03
4.824930114746093750e+02
4.107558437500000000e+05
1.233583203125000000e+04
3.262256054687500000e+04
2.294927656250000000e+05
4.341572265625000000e+04
1.719620625000000000e+05
9.983010253906250000e+02
7.236800781250000000e+03
3.113153437500000000e+05
5.189360625000000000e+05
1.359633007812500000e+04
3.965658935546875000e+03
2.558463085937500000e+04
4.178770141601562500e+02
4.934674609375000000e+04
1.762859570312500000e+04
4.228043359375000000e+04
3.967695625000000000e+05
1.462845117187500000e+04
6.047191015625000000e+04
1.117933398437500000e+04
2.508578906250000000e+05
8.126869140625000000e+03
4.903083007812500000e+03
6.751184082031250000e+03
4.941434082031250000e+03
2.466150468750000000e+05
3.702170898437500000e+03
1.782733984375000000e+04
6.862359863281250000e+03
8.749333593750000000e+04
6.287269897460937500e+02
1.212845947265625000e+03
9.538400000000000000e+04
2.575396484375000000e+04
4.329130468750000000e+04
1.897628051757812500e+03
2.732703906250000000e+04
8.927535156250000000e+03
1.444902187500000000e+05
4.566812187500000000e+05
8.470573125000000000e+05
1.027957031250000000e+03
1.525061035156250000e+03
5.675419921875000000e+02
1.073036987304687500e+03
3.325209375000000000e+04
2.195042187500000000e+04
1.269356640625000000e+04
1.375423950195312500e+03
2.611325390625000000e+04
1.857161562500000000e+05
5.838758203125000000e+04
6.267532226562500000e+03
9.168903906250000000e+04
9.738377343750000000e+04
1.317138593750000000e+05
1.486269824218750000e+04
1.512067187500000000e+05
2.637018066406250000e+03
1.789892187500000000e+04
3.977599609375000000e+04
1.169413940429687500e+03
1.190271972656250000e+03
6.533171875000000000e+03
6.100289916992187500e+02
1.925900781250000000e+05
9.869749755859375000e+02
2.435228710937500000e+04
1.012663593750000000e+05
3.830933750000000000e+05
6.212349218750000000e+04
1.095627832031250000e+04
5.675072656250000000e+04
1.188179687500000000e+05
3.332008203125000000e+04
9.570856250000000000e+05
2.331920507812500000e+04
2.931623046875000000e+03
3.397383056640625000e+03
4.808049375000000000e+05
2.447613085937500000e+04
8.194657226562500000e+03
1.434293281250000000e+05
1.966722851562500000e+04
1.275309570312500000e+04
1.861842041015625000e+03
1.596728281250000000e+05
8.803585625000000000e+05
1.372442500000000000e+05
1.090315390625000000e+05
4.602062988281250000e+03
4.630795898437500000e+03
8.482996093750000000e+04
2.278350067138671875e+02
4.064951562500000000e+04
1.879438085937500000e+04
1.565688750000000000e+05
1.592978750000000000e+05
1.248230234375000000e+05
1.667621948242187500e+03
4.397330017089843750e+02
2.861510156250000000e+04
4.372240234375000000e+03
2.890075000000000000e+04
1.464871948242187500e+03
1.197549609375000000e+04
7.847227050781250000e+03
2.681452812500000000e+05
3.858241562500000000e+05
3.367281005859375000e+03
2.791049687500000000e+05
6.396055859375000000e+04
1.725940625000000000e+04
2.030781005859375000e+03
3.394914453125000000e+04
3.612959899902343750e+02
1.211388125000000000e+05
2.461088437500000000e+05
5.463086718750000000e+04
6.034356250000000000e+05
1.879061035156250000e+03
5.853279296875000000e+04
1.632332910156250000e+04
1.131979980468750000e+03
2.778704375000000000e+05
2.782361083984375000e+03
2.561108906250000000e+05
5.660716406250000000e+04
5.050080078125000000e+03
4.870370117187500000e+03
5.921929931640625000e+02
3.390843359375000000e+04
5.714790039062500000e+02
2.778232812500000000e+04
1.467749023437500000e+03
2.281738037109375000e+03
1.361438964843750000e+03
4.208792500000000000e+05
2.322685546875000000e+04
7.060669531250000000e+04
1.535151367187500000e+04
1.061496948242187500e+03
6.291359863281250000e+02
2.892846250000000000e+05
1.775009033203125000e+03
2.206197851562500000e+04
6.234535156250000000e+03
5.234587890625000000e+03
1.969593945312500000e+04
5.208556152343750000e+03
2.463471289062500000e+04
5.719812109375000000e+04
9.317027343750000000e+03
5.275140136718750000e+03
2.492089218750000000e+05
6.189479980468750000e+02
1.354166796875000000e+04
1.363678417968750000e+04
8.629119873046875000e+02
4.702768066406250000e+03
5.765265625000000000e+05
9.995021875000000000e+05
6.206057128906250000e+03
6.465629882812500000e+02
7.955457031250000000e+03
2.792086914062500000e+04
1.069180053710937500e+03
1.620000076293945312e+01
2.612626093750000000e+05
1.361859008789062500e+03
1.752036328125000000e+04
2.093997265625000000e+04
2.772547119140625000e+03
1.733731093750000000e+05
5.198376171875000000e+04
2.102311035156250000e+03
7.550673750000000000e+05
1.946238593750000000e+05
3.086340026855468750e+02
1.309300234375000000e+05
1.141719687500000000e+05
3.202139892578125000e+03
1.441109008789062500e+03
4.369747070312500000e+03
2.608891406250000000e+04
4.825698242187500000e+03
4.207290039062500000e+02
1.599676660156250000e+04
2.461687109375000000e+04
1.792313964843750000e+03
1.841150781250000000e+04
1.800046997070312500e+03
3.301902187500000000e+05
4.641379062500000000e+05
2.251128906250000000e+04
2.280237968750000000e+05
3.853285625000000000e+05
2.046764062500000000e+04
8.997368750000000000e+04
5.203245000000000000e+05
2.145930023193359375e+02
4.611134765625000000e+03
2.405310351562500000e+04
1.511307006835937500e+03
6.644646875000000000e+04
2.505023925781250000e+03
1.078321777343750000e+04
8.525112500000000000e+05
1.830483203125000000e+04
2.786874062500000000e+05
5.760707031250000000e+03
2.070810546875000000e+04
1.524097851562500000e+04
2.178597265625000000e+04
1.381450195312500000e+04
4.314567187500000000e+05
6.799054375000000000e+05
3.635231250000000000e+04
1.212831171875000000e+05
1.104337500000000000e+06
6.015612500000000000e+04
1.256669628906250000e+04
1.272898828125000000e+04
1.409154218750000000e+05
2.233552148437500000e+04
6.605694824218750000e+03
2.202380273437500000e+04
2.101051171875000000e+04
2.696844687500000000e+05
1.894381562500000000e+05
3.178338085937500000e+04
1.768417656250000000e+05
2.686529687500000000e+05
1.616093359375000000e+04
6.423629760742187500e+02
1.161847031250000000e+05
2.085637939453125000e+03
6.065321875000000000e+04
6.804483593750000000e+04
9.536450195312500000e+02
2.134270019531250000e+03
4.644549609375000000e+04
5.399699707031250000e+02
1.098833593750000000e+04
6.255899810791015625e+01
1.566045507812500000e+04
2.679983593750000000e+04
5.830141113281250000e+03
3.978720092773437500e+02
2.034253750000000000e+05
2.948055859375000000e+04
1.310845996093750000e+04
3.131256562500000000e+05
2.658711250000000000e+05
7.441268066406250000e+03
9.414813476562500000e+03
2.634957226562500000e+04
1.195917578125000000e+04
4.214410937500000000e+04
9.283137695312500000e+03
1.721499609375000000e+04
1.374979980468750000e+03
7.901682812500000000e+04
5.069841015625000000e+04
2.717354980468750000e+03
1.594007519531250000e+04
1.690198974609375000e+03
4.002789062500000000e+05
9.728899375000000000e+05
8.053354003906250000e+03
1.106588867187500000e+04
3.482988750000000000e+05
1.069863378906250000e+04
3.230703437500000000e+05
1.031127734375000000e+05
1.677342656250000000e+05
9.880756250000000000e+04
4.654779968261718750e+02
8.904109375000000000e+03
8.557689819335937500e+02
4.745819921875000000e+04
2.586834218750000000e+05
1.086712036132812500e+03
7.925984863281250000e+03
2.368516015625000000e+04
9.355880126953125000e+02
5.555265625000000000e+04
7.172717968750000000e+04
2.138646875000000000e+04
1.082240332031250000e+04
3.605081640625000000e+04
3.159769531250000000e+04
7.817989062500000000e+04
1.024727812500000000e+05
2.783764892578125000e+03
7.111575781250000000e+04
2.102750000000000000e+06
1.398111621093750000e+04
1.379812500000000000e+04
1.786385986328125000e+03
7.079754882812500000e+03
7.278725097656250000e+03
6.957863281250000000e+04
8.821913281250000000e+04
1.118249218750000000e+05
2.181002929687500000e+03
2.029344970703125000e+03
3.338496250000000000e+05
1.961384179687500000e+04
3.576409687500000000e+05
2.611603027343750000e+03
3.292933593750000000e+04
5.331819921875000000e+04
3.936856640625000000e+04
8.707004687500000000e+04
3.289669531250000000e+04
3.588455468750000000e+04
8.828371093750000000e+03
4.254389160156250000e+03
6.513932128906250000e+03
2.033005156250000000e+05
3.692624687500000000e+05
7.015651562500000000e+04
7.586640014648437500e+02
1.885147187500000000e+05
5.935319824218750000e+02
2.929573750000000000e+05
2.113133125000000000e+05
2.148750000000000000e+02
1.320324218750000000e+05
1.121770996093750000e+03
6.538229980468750000e+02
4.819049987792968750e+02
2.902420043945312500e+02
7.928926757812500000e+03
1.123171000000000000e+06
7.746403750000000000e+05
4.552982031250000000e+04
6.914666250000000000e+05
1.677440032958984375e+02
4.678916406250000000e+04
4.611883125000000000e+05
1.473229062500000000e+05
3.084970092773437500e+02
4.089630126953125000e+02
2.148464531250000000e+05
6.080977734375000000e+04
2.321292968750000000e+03
7.907780151367187500e+02
1.426071972656250000e+04
7.485839843750000000e+04
2.121655273437500000e+04
1.918193750000000000e+04
1.036744824218750000e+04
1.887942187500000000e+04
1.988512109375000000e+04
5.398482421875000000e+04
6.903816894531250000e+03
3.142449951171875000e+02
3.416752734375000000e+04
7.339007812500000000e+03
2.189355664062500000e+04
4.940549804687500000e+03
9.152492187500000000e+03
1.177524511718750000e+04
9.266989746093750000e+02
5.886057812500000000e+04
2.962887890625000000e+04
2.689707500000000000e+05
9.241596093750000000e+04
2.743148925781250000e+03
9.071210000000000000e+05
5.411157226562500000e+03
6.731034375000000000e+04
2.186958789062500000e+04
2.834272500000000000e+05
1.510237343750000000e+05
8.255065429687500000e+03
1.460642480468750000e+04
3.575495312500000000e+04
1.269233828125000000e+05
3.142604492187500000e+04
4.012030937500000000e+05
7.348709716796875000e+02
1.924489013671875000e+03
1.562693125000000000e+05
1.367585742187500000e+04
2.064886962890625000e+03
6.417890014648437500e+02
1.038043164062500000e+04
1.290342089843750000e+04
2.892237695312500000e+04
2.640701367187500000e+04
9.083779296875000000e+03
5.916496250000000000e+05
4.323493125000000000e+05
5.289560058593750000e+03
3.104510742187500000e+04
6.402851074218750000e+03
1.598974902343750000e+04
1.724005937500000000e+05
8.139632812500000000e+04
1.851783906250000000e+05
1.915253051757812500e+03
7.265757812500000000e+04
2.700813671875000000e+04
8.114625000000000000e+03
1.916356250000000000e+04
4.925327734375000000e+04
2.347475097656250000e+03
2.109014218750000000e+05
3.740483203125000000e+04
1.640730312500000000e+05
1.345728750000000000e+05
9.568834960937500000e+03
6.609438750000000000e+05
1.018999316406250000e+04
2.769533984375000000e+04
1.402499531250000000e+05
2.243185546875000000e+04
3.507618896484375000e+03
9.519164062500000000e+03
2.340619964599609375e+02
1.883220703125000000e+04
1.280902187500000000e+05
8.624275000000000000e+04
1.081573046875000000e+04
8.110130004882812500e+02
9.715763281250000000e+04
1.896043945312500000e+03
1.368184179687500000e+04
2.503226171875000000e+04
1.274144453125000000e+05
3.606914375000000000e+05
1.968139953613281250e+02
1.059429199218750000e+04
1.061841699218750000e+04
5.180721250000000000e+05
5.572059936523437500e+02
4.222479858398437500e+02
4.576945625000000000e+05
1.137124921875000000e+05
4.517659912109375000e+02
5.807657226562500000e+03
5.900716250000000000e+05
2.623162109375000000e+03
8.767348437500000000e+04
5.369636230468750000e+03
1.054501093750000000e+05
1.471904980468750000e+04
2.184393164062500000e+04
1.463402500000000000e+05
3.557649902343750000e+03
9.364920043945312500e+02
