2.038100051879882812e+01
1.858099937438964844e+01
1.203100013732910156e+01
6.298999786376953125e+00
5.355999946594238281e+00
8.007399749755859375e+01
3.952349853515625000e+02
4.383999824523925781e+00
2.749600028991699219e+01
1.167740020751953125e+02
1.530399990081787109e+01
4.882290039062500000e+02
2.125509948730468750e+02
1.769839935302734375e+02
3.573949890136718750e+02
3.430809936523437500e+02
7.648500061035156250e+01
3.086419982910156250e+02
1.851589965820312500e+02
5.489970092773437500e+02
1.734600067138671875e+01
8.828000068664550781e+00
3.736800003051757812e+01
1.869400024414062500e+01
3.125000000000000000e+00
2.979280090332031250e+02
7.665999889373779297e+00
1.199540023803710938e+02
4.784999847412109375e+00
3.741199874877929688e+01
7.671999931335449219e+00
6.018000125885009766e+00
9.057900238037109375e+01
1.337899971008300781e+01
1.602799987792968750e+01
1.025155029296875000e+03
1.744940032958984375e+02
7.962999820709228516e+00
8.204799652099609375e+01
2.958739929199218750e+02
1.168276977539062500e+03
9.508300018310546875e+01
1.224081054687500000e+03
1.184479980468750000e+02
1.728300094604492188e+01
1.319499969482421875e+01
6.655000209808349609e+00
1.386229003906250000e+03
1.437100028991699219e+01
3.143700027465820312e+01
4.996799850463867188e+01
2.495919952392578125e+02
5.525000095367431641e+00
6.546760253906250000e+02
1.689700012207031250e+02
3.296200180053710938e+01
7.005000114440917969e+00
1.409099960327148438e+01
1.228635009765625000e+03
8.510000228881835938e+00
4.739500045776367188e+01
2.392660064697265625e+02
1.720199966430664062e+01
6.939409790039062500e+02
1.297399997711181641e+01
3.856800079345703125e+01
6.512200164794921875e+01
2.476999998092651367e+00
1.239700012207031250e+02
5.506199951171875000e+02
1.905720062255859375e+02
9.819999694824218750e+00
3.716000080108642578e+00
3.944000005722045898e+00
1.723719940185546875e+02
1.012600021362304688e+02
5.138600158691406250e+01
1.364199981689453125e+02
2.606599998474121094e+01
4.399830017089843750e+02
2.497800064086914062e+01
4.759830017089843750e+02
6.203809814453125000e+02
9.404000282287597656e+00
6.459200286865234375e+01
3.667999982833862305e+00
9.605729980468750000e+02
6.293000221252441406e+00
1.908009948730468750e+02
1.318269958496093750e+02
4.179330139160156250e+02
3.459000110626220703e+00
2.724200134277343750e+02
1.143088012695312500e+03
2.226600036621093750e+02
2.013400077819824219e+01
1.113899993896484375e+01
3.337609863281250000e+02
3.401000022888183594e+00
4.808970031738281250e+02
2.281645996093750000e+03
6.005500030517578125e+01
1.489517944335937500e+03
4.848120117187500000e+02
2.407870025634765625e+02
3.529305908203125000e+03
2.028400039672851562e+01
1.561200046539306641e+01
6.380042968750000000e+03
6.281000137329101562e+00
1.056656005859375000e+03
7.971000194549560547e+00
3.344000101089477539e+00
9.602000236511230469e+00
3.618500061035156250e+02
7.493612792968750000e+03
5.622000217437744141e+00
2.591000080108642578e+00
9.555999755859375000e+00
2.050900077819824219e+01
1.155179977416992188e+02
3.451659851074218750e+02
6.914000034332275391e+00
1.966600036621093750e+01
1.365799999237060547e+01
1.123201953125000000e+04
8.149902832031250000e+03
3.298550109863281250e+02
1.341352050781250000e+03
1.108000040054321289e+00
2.181999921798706055e+00
1.100990966796875000e+03
1.489859924316406250e+02
2.861100006103515625e+01
1.061029968261718750e+02
3.975010070800781250e+02
1.819700050354003906e+01
3.925000000000000000e+01
2.381589965820312500e+02
5.059000015258789062e+00
1.502920074462890625e+02
6.033790283203125000e+02
2.053589935302734375e+02
3.270880126953125000e+02
3.592908935546875000e+03
2.474999904632568359e+00
3.202789916992187500e+02
5.599999904632568359e+00
5.288000106811523438e+00
7.123000144958496094e+00
1.977499961853027344e+01
1.195281982421875000e+03
1.611700057983398438e+01
1.977089996337890625e+02
3.306000061035156250e+02
4.616086914062500000e+03
9.326000213623046875e+00
1.394999980926513672e+00
6.853000164031982422e+00
4.176300048828125000e+01
1.616791992187500000e+03
6.099399948120117188e+01
3.514700012207031250e+02
1.305700016021728516e+01
3.770800018310546875e+01
1.431900024414062500e+01
3.960589904785156250e+02
4.455500030517578125e+01
8.878480224609375000e+02
2.737909851074218750e+02
5.452009887695312500e+02
3.348600006103515625e+01
1.147819946289062500e+03
2.864000082015991211e+00
6.747899627685546875e+01
2.440149993896484375e+02
3.003999948501586914e+00
3.052090148925781250e+02
3.691510009765625000e+02
2.340890045166015625e+02
7.598930053710937500e+02
1.076809997558593750e+02
8.155799865722656250e+01
5.524000167846679688e+00
1.747800064086914062e+01
9.308419799804687500e+02
9.387000083923339844e+00
6.637410278320312500e+02
8.800560302734375000e+02
8.272999763488769531e+00
4.980199813842773438e+01
8.687300109863281250e+01
7.729039916992187500e+02
1.062060012817382812e+02
1.214749984741210938e+02
3.964999914169311523e+00
1.010579986572265625e+02
5.193441894531250000e+03
1.250000000000000000e+01
4.569200134277343750e+02
6.794550170898437500e+02
1.435116943359375000e+03
5.185537109375000000e+03
3.816500091552734375e+01
2.618899917602539062e+01
6.804999828338623047e+00
6.533999919891357422e+00
2.184099960327148438e+01
5.419599121093750000e+03
1.087360000610351562e+02
1.866049957275390625e+02
2.551999969482421875e+02
7.891959838867187500e+02
2.719429931640625000e+02
1.822900009155273438e+01
1.550599956512451172e+01
1.132312011718750000e+03
9.986560058593750000e+02
9.208999633789062500e+00
4.321080017089843750e+02
1.273900032043457031e+01
6.577000141143798828e+00
9.027999877929687500e+00
2.970000028610229492e+00
7.612757812500000000e+03
6.519000053405761719e+00
1.268850021362304688e+02
1.656500053405761719e+01
1.176630020141601562e+02
2.188999938964843750e+01
2.749760131835937500e+02
2.856999969482421875e+01
6.383999824523925781e+00
1.367199993133544922e+01
3.592770080566406250e+02
5.375207031250000000e+03
5.614999771118164062e+00
7.887199707031250000e+02
1.582790069580078125e+02
3.914999961853027344e+00
1.824270019531250000e+02
9.210189819335937500e+02
1.056220947265625000e+03
7.795000076293945312e+00
1.658699989318847656e+01
3.761600112915039062e+01
5.620500183105468750e+01
1.472900009155273438e+01
4.026999950408935547e+00
6.749940185546875000e+02
1.703499984741210938e+01
2.544499969482421875e+01
1.637800025939941406e+01
2.734199905395507812e+01
6.145999908447265625e+00
2.713429870605468750e+02
1.482180023193359375e+02
1.107699966430664062e+02
4.925000190734863281e+00
4.483550109863281250e+02
6.504799652099609375e+01
3.825929870605468750e+02
6.289000034332275391e+00
7.689099884033203125e+01
3.615000009536743164e+00
2.827899932861328125e+01
3.567300109863281250e+02
2.176959991455078125e+02
2.311000108718872070e+00
2.210679931640625000e+02
9.140299987792968750e+01
1.544850006103515625e+02
8.671399688720703125e+01
6.152230224609375000e+02
2.394499969482421875e+01
8.652799987792968750e+01
1.789000034332275391e+00
2.829500122070312500e+02
2.352429962158203125e+02
8.369999885559082031e+00
8.569400024414062500e+01
5.746010131835937500e+02
1.150633886718750000e+04
1.488500022888183594e+01
1.566800022125244141e+01
1.240449981689453125e+02
8.042839965820312500e+02
1.968000054359436035e+00
7.640859985351562500e+02
5.595299911499023438e+01
5.550999755859375000e+02
2.698489990234375000e+02
7.094749755859375000e+02
1.766000032424926758e+00
1.009399986267089844e+01
6.469200134277343750e+01
3.458609924316406250e+02
8.272999763488769531e+00
6.901999950408935547e+00
3.062199974060058594e+01
2.348814941406250000e+03
3.287400054931640625e+01
8.214409790039062500e+02
1.575652954101562500e+03
2.795000076293945312e+01
4.500270080566406250e+02
1.762250061035156250e+02
9.453000068664550781e+00
1.081875000000000000e+03
1.841900062561035156e+01
1.713699951171875000e+02
1.289519958496093750e+02
1.258720947265625000e+03
3.834700012207031250e+01
2.473483886718750000e+03
1.856100082397460938e+01
2.100480041503906250e+02
1.283199977874755859e+01
1.641900062561035156e+01
3.250400161743164062e+01
2.179999923706054688e+01
8.963000297546386719e+00
1.386100006103515625e+01
5.885800170898437500e+01
2.788630065917968750e+02
2.379129882812500000e+03
1.122500038146972656e+01
5.011000156402587891e+00
1.631880035400390625e+02
4.261770019531250000e+02
9.069999694824218750e+00
2.673590087890625000e+02
4.044000148773193359e+00
8.260000228881835938e+00
4.076239929199218750e+02
1.666569976806640625e+02
1.644300079345703125e+01
3.069799995422363281e+01
1.680178955078125000e+03
4.718290100097656250e+02
2.576229858398437500e+02
2.111419982910156250e+02
8.245469970703125000e+02
2.187000083923339844e+01
2.379061035156250000e+03
3.728499984741210938e+01
8.692999839782714844e+00
2.067890014648437500e+02
8.175999641418457031e+00
1.278499984741210938e+01
4.413000106811523438e+00
1.606210021972656250e+02
3.006100082397460938e+01
8.118299865722656250e+01
8.182999610900878906e+00
1.390299987792968750e+01
3.555870056152343750e+02
1.094999980926513672e+01
1.690699958801269531e+01
4.511679992675781250e+02
7.643000125885009766e+00
8.310000419616699219e+00
1.016966308593750000e+04
3.482958984375000000e+03
6.212599945068359375e+01
1.275540008544921875e+02
9.811065429687500000e+03
8.404999732971191406e+00
3.415999984741210938e+01
4.296999931335449219e+00
2.607900047302246094e+01
2.164399909973144531e+01
1.866000056266784668e+00
5.464149902343750000e+03
3.318700027465820312e+01
6.716000366210937500e+01
2.008600044250488281e+01
7.623000144958496094e+00
1.180088989257812500e+03
6.020261230468750000e+03
3.056200027465820312e+01
1.805119934082031250e+02
5.453300094604492188e+01
3.805090026855468750e+02
6.717999935150146484e+00
3.641999959945678711e+00
2.120980072021484375e+02
1.510529937744140625e+02
5.815999984741210938e+00
1.141230010986328125e+02
1.512600040435791016e+01
2.858476074218750000e+03
1.336269989013671875e+02
1.787700080871582031e+01
1.826700019836425781e+01
5.556800079345703125e+01
2.643068115234375000e+03
8.174099731445312500e+01
3.609999895095825195e+00
6.758999824523925781e+00
6.662730102539062500e+02
1.289722045898437500e+03
2.851000070571899414e+00
1.240299987792968750e+01
2.260839996337890625e+02
2.541880035400390625e+02
1.832660064697265625e+02
8.975000381469726562e+00
1.411100006103515625e+01
3.747999954223632812e+01
3.112290039062500000e+02
8.187000274658203125e+00
1.732189941406250000e+02
2.525200080871582031e+01
1.332100009918212891e+01
1.414770050048828125e+02
7.671409912109375000e+02
1.953017944335937500e+03
2.183249969482421875e+02
6.254730224609375000e+02
7.915999889373779297e+00
1.797089996337890625e+02
5.238600158691406250e+01
1.577769927978515625e+02
5.966000080108642578e+00
8.689199829101562500e+01
7.718999862670898438e+00
8.723999977111816406e+00
2.417120056152343750e+02
1.652230072021484375e+02
1.260400009155273438e+01
3.061159973144531250e+02
2.721100044250488281e+01
3.950939941406250000e+02
1.595795043945312500e+03
4.839570007324218750e+02
1.485829925537109375e+02
7.541999816894531250e+00
2.441679992675781250e+02
4.543340148925781250e+02
9.324000358581542969e+00
1.442099952697753906e+01
6.795809936523437500e+02
1.850399971008300781e+01
3.809999942779541016e+00
4.796470031738281250e+02
3.497000122070312500e+01
4.988089904785156250e+02
1.318329956054687500e+03
1.510299968719482422e+01
1.163970031738281250e+02
8.128330078125000000e+02
2.097469940185546875e+02
3.054928955078125000e+03
3.801000118255615234e+00
2.126970062255859375e+02
6.257700195312500000e+02
9.034999847412109375e+00
2.604000091552734375e+00
3.974999904632568359e+00
5.366299819946289062e+01
2.236400032043457031e+01
1.394600009918212891e+01
3.243000030517578125e+00
4.579639892578125000e+02
1.193999958038330078e+01
1.406700038909912109e+01
2.163359985351562500e+02
9.454999923706054688e+00
3.911983886718750000e+03
5.195650024414062500e+02
1.637800025939941406e+01
4.339089965820312500e+02
1.959440002441406250e+02
2.551899909973144531e+01
3.069999933242797852e+00
1.130589981079101562e+02
1.627980041503906250e+02
1.256145996093750000e+03
2.270100021362304688e+01
1.727899932861328125e+02
7.338319702148437500e+02
3.424000024795532227e+00
5.852000236511230469e+00
5.749000072479248047e+00
8.246999740600585938e+00
4.354209899902343750e+02
7.678500366210937500e+01
9.154999732971191406e+00
1.096979980468750000e+02
4.510400009155273438e+01
1.341670074462890625e+02
1.814000010490417480e+00
6.721680297851562500e+02
2.433000087738037109e+00
1.751000046730041504e+00
1.346500015258789062e+01
1.156999969482421875e+01
8.027999877929687500e+00
6.054299926757812500e+02
5.013000011444091797e+00
7.900000095367431641e+00
3.195220031738281250e+02
1.110677978515625000e+03
2.622130126953125000e+02
1.690999984741210938e+01
2.186199951171875000e+01
1.039199981689453125e+02
3.907199859619140625e+01
7.244300079345703125e+01
4.714599990844726562e+01
4.056000232696533203e+00
1.318048950195312500e+03
3.465140075683593750e+02
2.165900039672851562e+01
4.676990051269531250e+02
2.148653076171875000e+03
9.619000434875488281e+00
1.121000003814697266e+01
5.169500122070312500e+02
8.892000198364257812e+00
1.952599906921386719e+01
7.431000232696533203e+00
6.307890014648437500e+02
1.066600036621093750e+01
2.437999963760375977e+00
1.024179992675781250e+02
1.989900016784667969e+01
2.743400001525878906e+01
1.728199958801269531e+01
8.274849853515625000e+02
1.563799953460693359e+01
7.811999797821044922e+00
3.047669982910156250e+02
1.481999969482421875e+01
1.432972045898437500e+03
7.508809814453125000e+02
2.532000064849853516e+00
2.600260009765625000e+02
6.794489746093750000e+02
1.686303955078125000e+03
3.299849853515625000e+02
7.151000022888183594e+00
2.945079956054687500e+02
4.627600097656250000e+01
6.729599761962890625e+01
1.492416015625000000e+03
1.166480026245117188e+02
6.627999782562255859e+00
2.997999906539916992e+00
8.708999633789062500e+00
3.385999917984008789e+00
1.073190002441406250e+02
6.579999923706054688e+00
3.828510131835937500e+02
5.072999954223632812e+00
6.462999820709228516e+00
2.518869934082031250e+02
5.404499816894531250e+01
2.830119934082031250e+02
6.778679809570312500e+02
6.125070190429687500e+02
8.524099731445312500e+01
2.712599945068359375e+01
3.105599975585937500e+01
1.970220031738281250e+02
1.080099964141845703e+01
3.435580139160156250e+02
9.831999778747558594e+00
1.728522949218750000e+03
9.211000442504882812e+00
2.011660003662109375e+02
4.528280029296875000e+02
2.573299980163574219e+01
1.082649993896484375e+02
2.601999998092651367e+00
2.328580017089843750e+02
4.542900085449218750e+01
5.234409790039062500e+02
2.908499908447265625e+01
5.178400039672851562e+01
8.248300170898437500e+01
3.146199989318847656e+01
2.879010009765625000e+02
7.600999832153320312e+00
4.054700088500976562e+01
1.789699935913085938e+01
2.965699958801269531e+01
3.385889892578125000e+02
4.644939880371093750e+02
3.693000078201293945e+00
1.866200065612792969e+01
1.451599979400634766e+01
1.771087036132812500e+03
9.366000175476074219e+00
8.520000457763671875e+00
4.810999870300292969e+00
9.374299621582031250e+01
6.673999786376953125e+01
4.324000167846679688e+01
9.152999877929687500e+00
2.776000022888183594e+00
8.781999588012695312e+00
1.834625000000000000e+03
1.149430007934570312e+02
5.211810302734375000e+02
1.761400032043457031e+01
1.086780014038085938e+02
5.604399871826171875e+01
1.067500019073486328e+01
9.272969970703125000e+02
7.439000129699707031e+00
3.351999998092651367e+00
1.082637939453125000e+03
1.795859985351562500e+02
5.375999927520751953e+00
4.572999954223632812e+00
1.008698974609375000e+03
7.100999832153320312e+00
4.252279968261718750e+02
4.730000019073486328e+00
9.807299804687500000e+01
3.045610046386718750e+02
6.450399780273437500e+01
2.968007080078125000e+03
2.735220031738281250e+02
2.066999912261962891e+00
5.373689941406250000e+03
2.233829956054687500e+02
1.217599964141845703e+01
4.365399932861328125e+01
1.020318969726562500e+03
2.270999908447265625e+00
1.951199913024902344e+01
5.511000156402587891e+00
4.597000122070312500e+00
2.585999965667724609e+00
2.655780029296875000e+02
2.413199996948242188e+01
2.490048095703125000e+03
2.234861083984375000e+03
1.154499969482421875e+02
6.244999885559082031e+00
3.657000064849853516e+00
3.358000040054321289e+00
6.932499694824218750e+01
1.171839981079101562e+02
8.189609985351562500e+02
1.178820037841796875e+02
2.278600006103515625e+02
7.829080200195312500e+02
5.317717773437500000e+03
4.872179870605468750e+02
1.857526000976562500e+03
9.630999565124511719e+00
8.765000343322753906e+00
8.539999961853027344e+00
1.076470031738281250e+02
1.005500030517578125e+01
1.033379974365234375e+02
6.232030029296875000e+02
2.550299987792968750e+02
9.625040283203125000e+02
2.201999902725219727e+00
3.006099853515625000e+02
1.376599979400634766e+01
1.430178955078125000e+03
3.351999998092651367e+00
1.044592041015625000e+03
7.346000194549560547e+00
4.629000186920166016e+00
3.657239990234375000e+02
2.071500015258789062e+01
2.296069946289062500e+02
5.633560180664062500e+02
5.857500076293945312e+01
9.233713867187500000e+03
6.517609863281250000e+02
1.363556030273437500e+03
3.296999931335449219e+00
8.052000045776367188e+00
2.921849975585937500e+02
2.204599952697753906e+01
2.080070037841796875e+02
6.172829101562500000e+03
4.539999961853027344e+00
5.888729858398437500e+02
6.069799804687500000e+02
2.533989990234375000e+03
2.645999908447265625e+00
3.622999906539916992e+00
1.022049011230468750e+03
1.529000043869018555e+00
1.715999960899353027e+00
3.698800048828125000e+02
5.030000209808349609e+00
2.652579956054687500e+02
1.348200073242187500e+02
5.502027832031250000e+03
7.060250244140625000e+02
6.930899810791015625e+01
4.128030090332031250e+02
4.133999824523925781e+00
1.787409973144531250e+02
1.033300018310546875e+01
1.871199989318847656e+01
5.456600189208984375e+01
2.145517089843750000e+03
3.651629943847656250e+02
1.156785034179687500e+03
2.760859985351562500e+02
4.214099884033203125e+01
1.657180023193359375e+02
4.717470092773437500e+02
1.051000022888183594e+01
7.676339721679687500e+02
7.254060058593750000e+02
1.111600017547607422e+01
2.392830047607421875e+02
2.961239929199218750e+02
1.102999973297119141e+01
7.429999709129333496e-01
9.119499969482421875e+01
3.278000116348266602e+00
1.528100013732910156e+01
2.492210937500000000e+03
1.955800056457519531e+01
2.161000061035156250e+01
1.016199970245361328e+01
6.083330078125000000e+02
2.882609863281250000e+02
2.667074951171875000e+03
2.039100074768066406e+01
5.389229736328125000e+02
6.086700057983398438e+01
5.561099853515625000e+02
2.368240051269531250e+02
7.590089721679687500e+02
1.870760040283203125e+02
5.871300125122070312e+01
3.580060119628906250e+02
3.157070007324218750e+02
4.314849853515625000e+02
1.748130035400390625e+02
6.809999942779541016e+00
7.434000015258789062e+00
6.916999816894531250e+00
4.346395019531250000e+03
1.409570007324218750e+02
1.423419952392578125e+02
9.538999557495117188e+00
1.695999908447265625e+01
3.974519958496093750e+02
5.901599731445312500e+02
1.754524047851562500e+03
2.449399948120117188e+01
2.520189971923828125e+02
3.177300109863281250e+02
7.993999958038330078e+00
1.204140014648437500e+02
6.903790283203125000e+02
2.537489929199218750e+02
2.330747070312500000e+03
6.631000041961669922e+00
1.151321044921875000e+03
3.051229858398437500e+02
9.361040039062500000e+02
7.423419799804687500e+02
7.013530273437500000e+02
1.915500068664550781e+01
2.638999938964843750e+00
3.514280090332031250e+02
3.293429870605468750e+02
5.085000038146972656e+00
1.002487976074218750e+03
9.581999778747558594e+00
2.243190002441406250e+02
1.338529968261718750e+02
2.304906005859375000e+03
1.037800025939941406e+01
2.243199920654296875e+01
2.746000051498413086e+00
7.438660278320312500e+02
2.234960021972656250e+02
9.347999572753906250e+00
2.832630004882812500e+02
1.865200042724609375e+01
1.155744018554687500e+03
3.598829956054687500e+02
4.986000061035156250e+00
6.426000118255615234e+00
2.980400085449218750e+01
3.887799835205078125e+01
1.957214965820312500e+03
7.291079711914062500e+02
1.095199966430664062e+01
4.133900070190429688e+01
2.969000101089477539e+00
1.568799972534179688e+01
5.523619995117187500e+02
1.205570117187500000e+04
5.264199829101562500e+01
4.860000133514404297e+00
6.550599975585937500e+02
1.458930053710937500e+02
5.600999832153320312e+00
3.958869934082031250e+02
7.871829833984375000e+02
5.229769897460937500e+02
6.892299652099609375e+01
2.726099967956542969e+01
1.777899932861328125e+01
4.717999935150146484e+00
1.273700046539306641e+01
2.210700035095214844e+01
3.432959899902343750e+02
1.445199966430664062e+01
2.250180053710937500e+02
2.194099998474121094e+01
8.375000000000000000e+00
1.531000018119812012e+00
1.614200019836425781e+01
8.698389892578125000e+02
1.818240051269531250e+02
4.010599975585937500e+02
3.095729980468750000e+02
5.559000015258789062e+00
6.741200256347656250e+01
5.106999874114990234e+00
3.608999967575073242e+00
6.809999942779541016e+00
1.033899974822998047e+01
1.227720031738281250e+02
5.373899841308593750e+01
1.142700004577636719e+01
2.031900024414062500e+01
3.664200134277343750e+02
7.723000049591064453e+00
2.775799942016601562e+01
1.439200019836425781e+01
2.447999954223632812e+01
1.963350067138671875e+02
8.168999671936035156e+00
4.249000072479248047e+00
1.217982055664062500e+03
5.471030273437500000e+02
9.774500274658203125e+01
7.943489990234375000e+02
5.459000110626220703e+00
4.020999908447265625e+00
7.260980224609375000e+02
2.393600082397460938e+01
6.947999954223632812e+00
5.948999881744384766e+00
1.411999988555908203e+01
1.010690002441406250e+02
3.225979919433593750e+02
1.265159988403320312e+02
1.117649993896484375e+02
4.827000141143798828e+00
6.852300262451171875e+01
2.135789947509765625e+02
6.166999816894531250e+00
3.593670043945312500e+02
1.109722045898437500e+03
5.093999862670898438e+00
3.811834960937500000e+03
1.019489974975585938e+02
3.405339965820312500e+02
3.384999990463256836e+00
5.741000175476074219e+00
2.118000030517578125e+01
6.577300262451171875e+01
1.548400020599365234e+01
4.317999839782714844e+00
1.448484985351562500e+03
4.973000049591064453e+00
6.570939941406250000e+02
3.372999906539916992e+00
8.116999626159667969e+00
3.905719909667968750e+02
1.210240020751953125e+02
4.875099945068359375e+01
7.492000102996826172e+00
5.530481933593750000e+03
3.104000091552734375e+00
7.196660156250000000e+02
4.317820129394531250e+02
2.708450012207031250e+02
2.408439941406250000e+02
1.163599967956542969e+01
1.746100044250488281e+01
3.648000001907348633e+00
2.029599952697753906e+01
5.393410034179687500e+02
1.125915039062500000e+03
6.729979858398437500e+02
2.017689971923828125e+02
1.411200046539306641e+01
6.967999935150146484e+00
2.114719970703125000e+03
1.411000013351440430e+00
3.186499977111816406e+01
4.960000038146972656e+00
6.038399887084960938e+01
1.058399963378906250e+01
7.024000167846679688e+00
1.632105957031250000e+03
1.072799968719482422e+01
1.194745971679687500e+03
7.283999919891357422e+00
1.235799980163574219e+01
2.522895996093750000e+03
1.696800041198730469e+01
1.402994018554687500e+03
1.263099956512451172e+01
3.868299865722656250e+01
2.592900085449218750e+01
1.301713989257812500e+03
2.263040008544921875e+02
4.653312988281250000e+03
1.000599956512451172e+01
3.982030029296875000e+02
1.901179962158203125e+02
5.277399902343750000e+02
3.465999984741210938e+01
2.837718017578125000e+03
3.476361083984375000e+03
1.717000007629394531e+00
1.152354980468750000e+03
4.184600067138671875e+01
2.041600036621093750e+01
1.153659973144531250e+02
4.636839904785156250e+02
8.393399810791015625e+01
4.775000095367431641e+00
1.434550018310546875e+02
1.224300048828125000e+03
1.220469970703125000e+02
1.751162963867187500e+03
1.300399971008300781e+01
1.025399971008300781e+01
2.664137939453125000e+03
8.209819946289062500e+02
4.894000053405761719e+00
7.952100372314453125e+01
3.531979980468750000e+02
5.630000114440917969e+00
4.846679992675781250e+02
4.967999935150146484e+00
7.812219848632812500e+02
3.108150024414062500e+02
6.126900100708007812e+01
8.848350219726562500e+02
5.752999782562255859e+00
2.957000017166137695e+00
5.280400085449218750e+01
6.509100341796875000e+01
3.681999969482421875e+01
4.791799926757812500e+01
1.118000030517578125e+01
3.861000061035156250e+00
3.022550048828125000e+02
5.052430114746093750e+02
5.980000019073486328e+00
6.237399902343750000e+02
1.373150024414062500e+02
6.094999790191650391e+00
1.110400009155273438e+01
2.180999946594238281e+01
5.727780151367187500e+02
5.698999881744384766e+00
1.261400032043457031e+01
8.588999748229980469e+00
5.481299972534179688e+01
2.298800086975097656e+01
3.063199996948242188e+01
9.246800231933593750e+01
4.883999824523925781e+00
5.443399810791015625e+01
1.224400043487548828e+01
1.125199985504150391e+01
1.191800003051757812e+02
3.460000038146972656e+00
1.059700012207031250e+01
1.948260040283203125e+02
3.684020080566406250e+02
4.824300003051757812e+01
6.501999855041503906e+00
2.218899917602539062e+01
4.011000156402587891e+00
7.801000118255615234e+00
4.079400024414062500e+02
6.442999839782714844e+00
7.179900360107421875e+01
3.072040100097656250e+02
1.662000083923339844e+01
7.155000209808349609e+00
8.628000259399414062e+00
4.531239929199218750e+02
