7.126899719238281250e+01
6.930969848632812500e+02
9.430889892578125000e+02
1.373999953269958496e+00
7.290100097656250000e+01
2.775249938964843750e+02
3.145999908447265625e+00
5.330239868164062500e+02
6.749739990234375000e+02
3.539400100708007812e+01
2.556510009765625000e+02
2.182039947509765625e+02
2.017000007629394531e+01
2.411700057983398438e+01
1.229801025390625000e+03
1.293439941406250000e+02
1.808681030273437500e+03
2.741300010681152344e+01
3.249030151367187500e+02
7.326499938964843750e+01
1.805010070800781250e+02
2.289500045776367188e+01
2.551390075683593750e+02
4.302890014648437500e+02
4.529960021972656250e+02
9.277899932861328125e+01
1.900500030517578125e+02
2.116979980468750000e+02
1.469473022460937500e+03
2.897669982910156250e+02
2.011599922180175781e+01
1.361089935302734375e+02
2.485729980468750000e+02
7.968900146484375000e+02
3.815700149536132812e+01
5.081029968261718750e+02
6.916600036621093750e+01
4.421610107421875000e+02
7.748530273437500000e+02
8.897269897460937500e+02
2.318730010986328125e+02
8.679100036621093750e+01
1.302969970703125000e+02
2.226089935302734375e+02
4.237200164794921875e+01
6.082940063476562500e+02
1.594099998474121094e+01
7.137709960937500000e+02
1.310400009155273438e+01
1.718130035400390625e+02
2.644079895019531250e+02
7.115109863281250000e+02
9.014299774169921875e+01
6.982059936523437500e+02
3.877199935913085938e+01
2.844830017089843750e+02
6.609390258789062500e+02
3.415400085449218750e+02
1.269433959960937500e+03
1.931276977539062500e+03
3.965910034179687500e+02
5.786160278320312500e+02
7.994089965820312500e+02
5.956339721679687500e+02
9.564569702148437500e+02
1.324380035400390625e+02
3.988680114746093750e+02
7.313790283203125000e+02
2.652650146484375000e+02
7.292900085449218750e+01
1.152813964843750000e+03
4.952470092773437500e+02
7.000000000000000000e+00
2.621849975585937500e+02
2.692380065917968750e+02
2.765899963378906250e+02
2.450229949951171875e+02
1.266999959945678711e+00
4.736369934082031250e+02
4.978619995117187500e+02
3.163519897460937500e+02
1.837899971008300781e+01
6.906800079345703125e+01
2.796400070190429688e+01
2.219019927978515625e+02
3.436500167846679688e+01
1.212800025939941406e+01
1.602067016601562500e+03
4.527130126953125000e+02
1.376900005340576172e+01
3.212839965820312500e+02
7.285599975585937500e+02
6.287150268554687500e+02
1.588860015869140625e+02
3.513999938964843750e+00
1.719850006103515625e+02
1.113010025024414062e+02
6.782999992370605469e+00
7.011000061035156250e+01
9.234229736328125000e+02
1.351854003906250000e+03
8.146959838867187500e+02
5.631660156250000000e+02
1.469450073242187500e+02
8.168200073242187500e+02
4.326650085449218750e+02
3.849800109863281250e+01
1.195520019531250000e+02
4.994939880371093750e+02
5.586999893188476562e+00
7.455599975585937500e+01
4.233970031738281250e+02
6.416729736328125000e+02
9.968280029296875000e+02
1.686155029296875000e+03
9.009039916992187500e+02
9.878700256347656250e+01
4.008089904785156250e+02
2.994849853515625000e+02
1.115927978515625000e+03
1.865130004882812500e+02
4.685200119018554688e+01
7.022349853515625000e+02
4.372000122070312500e+02
8.464499664306640625e+01
6.173640136718750000e+02
4.556700134277343750e+01
1.696549987792968750e+02
6.967960205078125000e+02
2.532790069580078125e+02
3.726310119628906250e+02
6.602999877929687500e+01
1.076281005859375000e+03
7.639990234375000000e+02
7.494300079345703125e+01
1.304179992675781250e+02
3.796400070190429688e+01
4.458100128173828125e+01
1.621880981445312500e+03
1.476235961914062500e+03
7.749680175781250000e+02
7.278600311279296875e+01
8.267869873046875000e+02
1.470930023193359375e+02
4.626740112304687500e+02
2.359709930419921875e+02
1.648666015625000000e+03
3.008200073242187500e+01
6.778800201416015625e+01
7.307399749755859375e+01
2.991570129394531250e+02
2.204800033569335938e+01
4.768700027465820312e+01
2.382200050354003906e+01
4.954089965820312500e+02
2.086169921875000000e+03
1.818619995117187500e+02
1.400899982452392578e+01
1.312326049804687500e+03
2.077400016784667969e+01
2.759150085449218750e+02
6.609100341796875000e+01
2.501199913024902344e+01
4.250100097656250000e+02
2.149649963378906250e+02
5.554130249023437500e+02
1.070009994506835938e+02
3.465979919433593750e+02
1.287579956054687500e+02
1.347781982421875000e+03
2.889320068359375000e+02
2.320870056152343750e+02
4.550289916992187500e+02
1.255940017700195312e+02
1.171387939453125000e+03
1.845010070800781250e+02
1.274958007812500000e+03
3.456889953613281250e+02
2.148600006103515625e+02
1.059020004272460938e+02
3.584530029296875000e+02
4.577650146484375000e+02
2.075562011718750000e+03
9.095899963378906250e+01
2.358999967575073242e+00
1.085197021484375000e+03
2.133359985351562500e+02
7.572000122070312500e+01
9.952899932861328125e+01
5.470440063476562500e+02
5.384940185546875000e+02
1.741973022460937500e+03
6.310490112304687500e+02
4.560109863281250000e+02
4.342799987792968750e+02
2.556000061035156250e+02
2.995000000000000000e+02
1.561159973144531250e+02
5.934199905395507812e+01
7.913500213623046875e+01
1.204970016479492188e+02
5.474160156250000000e+02
3.308970031738281250e+02
5.119460144042968750e+02
4.670270080566406250e+02
3.158799934387207031e+01
4.596419982910156250e+02
2.567499923706054688e+01
2.343040008544921875e+02
1.258270034790039062e+02
2.613510131835937500e+02
6.462969970703125000e+02
2.164158935546875000e+03
6.844080200195312500e+02
1.281640014648437500e+02
5.509790039062500000e+02
1.716399993896484375e+02
8.161829833984375000e+02
3.540220031738281250e+02
8.861649780273437500e+02
1.067735961914062500e+03
2.129400062561035156e+01
1.424000024795532227e+00
3.996419982910156250e+02
1.174499988555908203e+01
5.867000102996826172e+00
7.556300048828125000e+02
1.075660018920898438e+02
2.799999952316284180e+00
4.339429931640625000e+02
1.885209960937500000e+02
8.453199768066406250e+01
3.448970031738281250e+02
6.502639770507812500e+02
4.969999790191650391e+00
2.403179931640625000e+02
3.287200164794921875e+01
7.970899963378906250e+01
1.813750000000000000e+02
2.215370025634765625e+02
2.929500007629394531e+01
4.910300064086914062e+01
4.392499923706054688e+01
1.929389953613281250e+02
3.257569885253906250e+02
5.890999794006347656e+00
7.397059936523437500e+02
1.194547973632812500e+03
2.267900085449218750e+01
7.050200195312500000e+02
9.931199645996093750e+01
7.531400146484375000e+02
8.356099700927734375e+01
8.139500122070312500e+02
1.545817993164062500e+03
5.375108886718750000e+03
1.474828979492187500e+03
7.064099884033203125e+01
1.552250061035156250e+02
7.134899902343750000e+02
1.142770996093750000e+03
4.983450012207031250e+02
1.248688964843750000e+03
3.291870117187500000e+02
2.263999938964843750e+00
3.957199859619140625e+01
3.065999984741210938e+00
5.497630004882812500e+02
3.988720092773437500e+02
1.106552978515625000e+03
9.688600158691406250e+01
1.210459976196289062e+02
4.617049865722656250e+02
6.214329833984375000e+02
3.333609924316406250e+02
4.065000152587890625e+01
1.429649963378906250e+02
5.091400146484375000e+01
1.340657958984375000e+03
5.061800003051757812e+01
3.654639892578125000e+02
1.158500003814697266e+01
8.390000343322753906e+00
8.974099731445312500e+01
2.173900032043457031e+01
7.581539916992187500e+02
4.050199890136718750e+01
2.607600021362304688e+01
4.543469848632812500e+02
6.627420043945312500e+02
4.089809875488281250e+02
1.467890014648437500e+02
1.350420074462890625e+02
2.145379943847656250e+02
3.117319946289062500e+02
1.772790069580078125e+02
7.925000190734863281e+00
7.227600097656250000e+01
3.813810119628906250e+02
6.012910156250000000e+02
2.467409973144531250e+02
6.525419921875000000e+02
3.937099838256835938e+01
6.924800109863281250e+01
4.400920104980468750e+02
6.739169921875000000e+02
1.259599971771240234e+01
6.908899688720703125e+01
4.790399932861328125e+01
4.706170043945312500e+02
2.201060028076171875e+02
1.198769989013671875e+02
2.201159973144531250e+02
5.639050292968750000e+02
5.251699829101562500e+02
1.997480010986328125e+02
1.933208984375000000e+03
2.573999881744384766e+00
5.074399948120117188e+01
8.773889770507812500e+02
1.162800025939941406e+01
3.914360046386718750e+02
2.877899932861328125e+01
1.444850006103515625e+02
8.254599761962890625e+01
2.148930053710937500e+02
5.913250122070312500e+02
6.322299804687500000e+02
2.849900054931640625e+01
9.550800323486328125e+01
2.740548095703125000e+03
4.334909973144531250e+02
1.246920013427734375e+02
1.966759948730468750e+02
4.547000122070312500e+01
8.362639770507812500e+02
1.362740020751953125e+02
2.173000097274780273e+00
6.144300079345703125e+01
5.372100067138671875e+01
1.081463989257812500e+03
3.113599967956542969e+01
4.836100006103515625e+01
1.713769989013671875e+02
3.770800018310546875e+01
4.400719909667968750e+02
1.170599975585937500e+02
8.158250122070312500e+02
4.381050109863281250e+02
3.456000089645385742e+00
2.625200080871582031e+01
6.150050048828125000e+02
3.966999816894531250e+01
5.581800079345703125e+01
9.288250122070312500e+02
3.695589904785156250e+02
7.172000122070312500e+01
6.013399887084960938e+01
4.307300186157226562e+01
5.978380126953125000e+02
5.431680297851562500e+02
2.456250000000000000e+02
2.632225097656250000e+03
1.348200035095214844e+01
1.039049987792968750e+02
8.880079956054687500e+02
1.302961059570312500e+03
5.516939697265625000e+02
2.149609985351562500e+02
4.984500122070312500e+01
7.480310058593750000e+02
2.177059936523437500e+02
2.430999994277954102e+00
1.184840942382812500e+03
3.152799987792968750e+01
6.201350097656250000e+02
2.592245117187500000e+03
1.916200065612792969e+01
1.770100021362304688e+01
3.154999923706054688e+01
7.919999694824218750e+01
5.952500152587890625e+01
1.826390075683593750e+02
2.511977050781250000e+03
1.592619934082031250e+02
1.151233032226562500e+03
2.305149993896484375e+02
3.482099914550781250e+01
1.159177978515625000e+03
2.419599914550781250e+01
5.762260131835937500e+02
5.774349975585937500e+02
3.753499984741210938e+01
7.863270263671875000e+02
1.679800033569335938e+01
5.217900085449218750e+01
7.521049804687500000e+02
8.604100036621093750e+01
6.436399841308593750e+01
3.389400100708007812e+01
3.266130065917968750e+02
4.887770080566406250e+02
5.889730224609375000e+02
7.677899932861328125e+01
3.506800079345703125e+01
7.585800170898437500e+01
2.039000034332275391e+00
7.181409912109375000e+02
4.089909973144531250e+02
1.043566040039062500e+03
1.642399978637695312e+01
1.010200023651123047e+01
1.307890014648437500e+02
4.361000061035156250e+00
1.003297973632812500e+03
1.079699993133544922e+01
1.996500015258789062e+01
8.055300140380859375e+01
1.905440063476562500e+02
5.594840087890625000e+02
1.936730041503906250e+02
4.486399841308593750e+01
7.763369750976562500e+02
1.694009033203125000e+03
2.455390014648437500e+02
6.432360229492187500e+02
1.564599990844726562e+01
3.285929870605468750e+02
6.718199920654296875e+01
7.243999958038330078e+00
2.312299957275390625e+02
3.246619873046875000e+02
3.618030090332031250e+02
1.309999942779541016e+00
1.632330017089843750e+02
9.567600250244140625e+01
1.002939987182617188e+02
2.534199981689453125e+02
1.457720947265625000e+03
1.401750030517578125e+02
4.360109863281250000e+02
3.859769897460937500e+02
2.486400032043457031e+01
2.754991943359375000e+03
7.077789916992187500e+02
2.200799942016601562e+01
1.240739974975585938e+02
2.635209960937500000e+02
3.661849975585937500e+02
4.314960021972656250e+02
7.992609863281250000e+02
1.393040008544921875e+02
9.215000152587890625e+00
4.530039978027343750e+02
2.265839996337890625e+02
1.086119995117187500e+02
4.282999992370605469e+00
1.067324951171875000e+03
1.953910064697265625e+02
1.364477050781250000e+03
9.257949829101562500e+02
2.657460021972656250e+02
4.706990051269531250e+02
1.243229980468750000e+02
1.111029968261718750e+02
9.408599853515625000e+01
9.699099731445312500e+01
3.817309875488281250e+02
1.304599952697753906e+01
5.992800140380859375e+01
1.297900009155273438e+01
4.055699920654296875e+01
1.186470031738281250e+02
3.691929931640625000e+02
4.551300048828125000e+01
5.968099975585937500e+01
1.126000022888183594e+01
1.608390045166015625e+02
5.903799819946289062e+01
3.410490112304687500e+02
1.382700042724609375e+02
7.581989746093750000e+02
2.324889984130859375e+02
1.274290008544921875e+02
2.971870117187500000e+02
7.715380249023437500e+02
5.889999866485595703e+00
5.354000244140625000e+02
1.460021972656250000e+03
1.282400035858154297e+01
4.524200057983398438e+01
1.900410003662109375e+02
6.979899902343750000e+02
2.259270019531250000e+02
1.126940002441406250e+02
5.174099731445312500e+02
4.271999835968017578e+00
7.556510009765625000e+02
1.104100036621093750e+01
5.474999904632568359e+00
3.187189941406250000e+02
2.916229858398437500e+02
2.488390045166015625e+02
5.360490112304687500e+02
8.717780151367187500e+02
7.157280273437500000e+02
5.152700042724609375e+01
5.378820190429687500e+02
1.574349975585937500e+02
5.903599929809570312e+01
1.675300025939941406e+01
5.091099929809570312e+01
8.666999816894531250e+00
7.483020019531250000e+02
1.024410034179687500e+03
1.021965026855468750e+03
2.391200065612792969e+01
9.446999549865722656e+00
1.091156982421875000e+03
5.720839843750000000e+02
1.264000034332275391e+01
1.025813964843750000e+03
1.948860015869140625e+02
1.110640029907226562e+02
9.205899810791015625e+01
2.198780059814453125e+02
1.879400062561035156e+01
2.891250000000000000e+02
7.024130249023437500e+02
7.376399993896484375e+01
4.128200149536132812e+01
2.432270050048828125e+02
1.274437988281250000e+03
3.771699905395507812e+01
1.064131958007812500e+03
1.059686035156250000e+03
1.329599952697753906e+01
1.407661987304687500e+03
3.027300071716308594e+01
6.885170288085937500e+02
5.833859863281250000e+02
9.657349853515625000e+02
9.809999847412109375e+01
5.044750061035156250e+02
8.428299713134765625e+01
6.928500366210937500e+01
1.960789947509765625e+02
5.771799850463867188e+01
6.606400299072265625e+01
4.443630065917968750e+02
1.037657958984375000e+03
9.253500366210937500e+01
1.649699974060058594e+01
1.083430053710937500e+03
8.480999946594238281e+00
3.233499908447265625e+01
1.418359985351562500e+02
1.007880020141601562e+02
1.095979980468750000e+03
4.803210144042968750e+02
9.295209960937500000e+02
1.674669952392578125e+02
2.749880065917968750e+02
7.501580200195312500e+02
5.966400146484375000e+01
2.939679870605468750e+02
2.855559997558593750e+02
5.197020263671875000e+02
3.040050048828125000e+02
1.296067993164062500e+03
1.879239959716796875e+02
5.198690185546875000e+02
2.411329956054687500e+02
5.858930053710937500e+02
2.383130035400390625e+02
1.360299968719482422e+01
6.216699829101562500e+02
3.640800094604492188e+01
8.134860229492187500e+02
1.299400043487548828e+01
1.577079925537109375e+02
9.205000305175781250e+01
1.546700000762939453e+01
2.435659942626953125e+02
4.069289855957031250e+02
8.000000000000000000e+01
6.342499923706054688e+01
9.795880126953125000e+02
7.035880126953125000e+02
5.931200027465820312e+01
1.303139953613281250e+02
1.422140045166015625e+02
2.294700050354003906e+01
5.524010009765625000e+02
1.059300003051757812e+02
4.872019958496093750e+02
2.940289916992187500e+02
1.573499965667724609e+01
1.073540039062500000e+03
2.598900032043457031e+01
1.743079986572265625e+02
1.202927001953125000e+03
1.506620971679687500e+03
1.070100021362304688e+01
6.009749755859375000e+02
9.090599975585937500e+02
1.210299968719482422e+01
4.200130004882812500e+02
1.328840026855468750e+02
3.425690002441406250e+02
1.551000061035156250e+02
9.645050048828125000e+02
4.450600051879882812e+01
3.399100112915039062e+01
6.251300048828125000e+01
7.017730102539062500e+02
8.098799896240234375e+01
1.521899986267089844e+01
5.671079711914062500e+02
4.982950134277343750e+02
1.909550018310546875e+02
8.315490112304687500e+02
8.670040283203125000e+02
1.063679962158203125e+02
3.585620117187500000e+02
1.099270019531250000e+02
6.320269775390625000e+02
3.199089965820312500e+02
5.878350219726562500e+02
2.731977050781250000e+03
3.123840026855468750e+02
8.189879760742187500e+02
8.303900146484375000e+01
6.688700103759765625e+01
6.699999809265136719e+00
3.003269958496093750e+02
3.103699951171875000e+02
1.233899974822998047e+01
2.129000091552734375e+01
6.348040161132812500e+02
4.412900161743164062e+01
2.978519897460937500e+02
1.015110015869140625e+02
5.408900070190429688e+01
1.144110961914062500e+03
2.678030090332031250e+02
9.508799743652343750e+01
4.532699966430664062e+01
1.911309967041015625e+02
1.372900009155273438e+01
1.770460052490234375e+02
2.906500053405761719e+01
1.530300045013427734e+01
1.666000008583068848e+00
3.144700050354003906e+01
6.279229736328125000e+02
8.298790283203125000e+02
1.095589981079101562e+02
1.202700042724609375e+01
2.237100028991699219e+01
1.938860015869140625e+02
1.029854003906250000e+03
6.997670288085937500e+02
1.244288940429687500e+03
9.265469970703125000e+02
8.594559936523437500e+02
7.659459838867187500e+02
2.716979980468750000e+02
4.780520019531250000e+02
1.116569976806640625e+02
4.063309936523437500e+02
3.785780029296875000e+02
7.572030029296875000e+02
2.111292968750000000e+03
8.829900360107421875e+01
5.366580200195312500e+02
6.521610107421875000e+02
3.023479919433593750e+02
6.177639770507812500e+02
8.718920288085937500e+02
5.053400039672851562e+01
1.256999969482421875e+01
1.147060012817382812e+02
4.576440124511718750e+02
1.193858032226562500e+03
2.394999980926513672e+00
5.488999938964843750e+01
4.247000122070312500e+01
1.470000028610229492e+00
4.153370056152343750e+02
4.858299865722656250e+02
8.743499755859375000e+01
3.824900054931640625e+01
4.401499938964843750e+01
3.138956054687500000e+03
6.693399810791015625e+01
1.530900001525878906e+01
2.583529968261718750e+02
3.387319946289062500e+02
4.804289855957031250e+02
1.525630035400390625e+02
7.060999870300292969e+00
1.343999981880187988e+00
2.416790008544921875e+02
1.987250061035156250e+02
1.587932983398437500e+03
1.638176025390625000e+03
2.310420074462890625e+02
4.722499847412109375e+01
5.894039916992187500e+02
1.011039962768554688e+02
1.938459930419921875e+02
3.419039916992187500e+02
1.281572998046875000e+03
4.751350097656250000e+02
2.915999889373779297e+00
1.505989990234375000e+02
2.356533935546875000e+03
6.662360229492187500e+02
8.489099884033203125e+01
1.222900009155273438e+01
2.417090087890625000e+03
4.458000183105468750e+01
1.093956054687500000e+03
3.211500167846679688e+01
2.826919860839843750e+02
6.226799926757812500e+02
4.328949890136718750e+02
1.377350006103515625e+02
6.052000122070312500e+02
3.649790039062500000e+02
5.567089843750000000e+02
1.505070037841796875e+02
1.005296997070312500e+03
2.251979980468750000e+02
1.103822998046875000e+03
3.956200027465820312e+01
9.651599884033203125e+01
2.099600028991699219e+01
1.272440032958984375e+02
8.571999549865722656e+00
6.434949951171875000e+02
6.920800018310546875e+01
1.442874023437500000e+03
1.366098999023437500e+03
7.372039794921875000e+02
2.454739990234375000e+02
6.237500000000000000e+02
1.041029968261718750e+02
4.796599960327148438e+01
4.069639892578125000e+02
1.051295043945312500e+03
2.372999906539916992e+00
1.772699928283691406e+01
4.935999870300292969e+00
1.222000002861022949e+00
1.499770050048828125e+02
7.536430053710937500e+02
1.568500041961669922e+01
1.156182983398437500e+03
3.175799942016601562e+01
5.868389892578125000e+02
1.414080047607421875e+02
6.465009765625000000e+02
5.052000045776367188e+00
9.162000274658203125e+01
1.752409973144531250e+02
8.480400085449218750e+01
2.387000083923339844e+00
9.600900268554687500e+01
1.138135009765625000e+03
4.164799880981445312e+01
1.018379974365234375e+02
9.006999969482421875e+00
1.407359924316406250e+02
8.916999816894531250e+00
9.877869873046875000e+02
1.514200019836425781e+01
1.236900043487548828e+01
4.082659912109375000e+02
1.126310058593750000e+03
2.487999916076660156e+01
6.089400100708007812e+01
1.421219940185546875e+02
1.494200038909912109e+01
2.590910034179687500e+02
1.368589935302734375e+02
3.356050109863281250e+02
7.810500335693359375e+01
7.939680175781250000e+02
8.673999786376953125e+00
1.142399978637695312e+01
6.225510253906250000e+02
5.067300033569335938e+01
8.754399871826171875e+01
2.934599914550781250e+02
6.092599868774414062e+01
5.294669799804687500e+02
1.013655029296875000e+03
3.770509948730468750e+02
1.009955993652343750e+03
7.639099884033203125e+01
2.880200004577636719e+01
8.857340087890625000e+02
1.494969940185546875e+02
7.630969848632812500e+02
3.475899887084960938e+01
4.493999958038330078e+00
8.365620117187500000e+02
3.684999942779541016e+00
9.400000000000000000e+01
7.323100280761718750e+01
1.618600082397460938e+01
7.023850097656250000e+02
3.362799835205078125e+01
4.126539916992187500e+02
8.862400054931640625e+01
4.629679870605468750e+02
5.991270141601562500e+02
8.937599945068359375e+01
3.328999996185302734e+00
4.483269958496093750e+02
8.247000122070312500e+01
4.718000030517578125e+01
9.250000000000000000e+00
4.073999881744384766e+00
3.124000072479248047e+00
1.623993041992187500e+03
1.807089996337890625e+02
2.100279998779296875e+02
1.018440017700195312e+02
4.860450134277343750e+02
1.298086059570312500e+03
9.808540039062500000e+02
9.917219848632812500e+02
1.865769958496093750e+02
2.672500000000000000e+02
1.338399963378906250e+02
3.792000055313110352e+00
6.879499816894531250e+01
7.905400085449218750e+01
4.119999885559082031e+00
2.343400001525878906e+01
9.446999549865722656e+00
1.428379974365234375e+02
1.511479949951171875e+02
6.349900054931640625e+01
7.193720092773437500e+02
1.214368041992187500e+03
3.502299880981445312e+01
7.942299652099609375e+01
5.448569946289062500e+02
6.215139770507812500e+02
6.131259765625000000e+02
3.071000099182128906e+00
2.495608886718750000e+03
2.712500000000000000e+01
1.152999997138977051e+00
2.949549865722656250e+02
1.351920013427734375e+02
7.074630126953125000e+02
8.412739868164062500e+02
3.656260070800781250e+02
1.971197998046875000e+03
9.347130126953125000e+02
3.557409973144531250e+02
5.063710021972656250e+02
9.956400299072265625e+01
3.999100036621093750e+02
1.826999969482421875e+02
2.980700073242187500e+02
3.015669860839843750e+02
2.078040008544921875e+02
6.863500213623046875e+01
6.684359741210937500e+02
8.119970092773437500e+02
2.456599998474121094e+01
7.700059814453125000e+02
1.037630004882812500e+02
1.108897949218750000e+03
8.378150024414062500e+02
1.252460021972656250e+02
5.814000129699707031e+00
4.876900100708007812e+01
2.014850006103515625e+02
2.755220031738281250e+02
1.110462036132812500e+03
1.869112060546875000e+03
6.160650024414062500e+02
5.664699935913085938e+01
7.801259765625000000e+02
2.729299926757812500e+01
9.455799865722656250e+01
1.230161010742187500e+03
4.143399810791015625e+01
1.014500045776367188e+01
2.837822021484375000e+03
2.214859924316406250e+02
5.792000122070312500e+02
5.121500244140625000e+02
8.247399902343750000e+01
4.795480041503906250e+02
6.415999889373779297e+00
3.576549987792968750e+02
9.592800292968750000e+02
9.013899993896484375e+01
8.661240234375000000e+02
3.435979919433593750e+02
3.537400054931640625e+01
7.727300262451171875e+01
1.448229980468750000e+02
1.203479995727539062e+02
1.594089965820312500e+02
3.251699829101562500e+01
3.398649902343750000e+02
3.967300033569335938e+01
3.063049926757812500e+02
1.658499908447265625e+01
3.524472900390625000e+03
4.183110046386718750e+02
4.466500091552734375e+01
1.512640075683593750e+02
5.270009765625000000e+02
1.614450073242187500e+02
4.151400146484375000e+02
7.736000061035156250e+00
1.219699954986572266e+01
7.696099853515625000e+01
2.399149932861328125e+02
4.052799987792968750e+02
2.009223022460937500e+03
2.395000076293945312e+01
7.998000335693359375e+01
9.492979736328125000e+02
5.445319824218750000e+02
9.414559936523437500e+02
1.539499969482421875e+02
3.160000085830688477e+00
1.696979980468750000e+02
4.615650024414062500e+02
6.494589843750000000e+02
1.775583007812500000e+03
2.794100036621093750e+02
2.386700057983398438e+01
2.646100044250488281e+01
3.315200042724609375e+01
4.065079956054687500e+02
1.372350006103515625e+02
3.789575927734375000e+03
6.089000225067138672e+00
1.075100040435791016e+01
2.264640045166015625e+02
7.698500061035156250e+01
1.825420074462890625e+02
2.649799919128417969e+01
7.535789794921875000e+02
4.076800155639648438e+01
5.221300125122070312e+01
2.565999984741210938e+01
3.403020019531250000e+02
3.992430114746093750e+02
3.263322021484375000e+03
6.513999938964843750e+00
1.245400047302246094e+01
2.423159942626953125e+02
5.050220031738281250e+02
1.562760009765625000e+02
1.062329956054687500e+03
5.214619750976562500e+02
8.651599884033203125e+01
8.076640014648437500e+02
1.296151977539062500e+03
8.676710205078125000e+02
6.236999988555908203e+00
3.524200057983398438e+01
1.323619995117187500e+02
1.576700019836425781e+01
3.540999889373779297e+00
1.517740020751953125e+02
1.742818969726562500e+03
3.679052001953125000e+03
4.553499984741210938e+01
7.218640136718750000e+02
6.942600250244140625e+01
7.401359863281250000e+02
4.160499954223632812e+01
1.135000038146972656e+01
7.363549804687500000e+02
7.206500244140625000e+01
6.646999835968017578e+00
3.727130126953125000e+02
2.264900016784667969e+01
1.227720031738281250e+02
2.461629943847656250e+02
9.071499633789062500e+01
8.789370117187500000e+02
3.370710144042968750e+02
2.665169982910156250e+02
9.537400054931640625e+01
4.555090026855468750e+02
