8.171420e+02
8.952121e+03
3.900424e+08
6.720918e+08
6.210291e+03
2.659300e+01
1.137201e+03
8.621313e+07
1.478200e+01
2.719070e+07
7.661962e+07
7.246021e+05
7.982751e+07
5.514829e+07
3.661647e+08
2.641397e+08
5.444146e+04
1.694555e+08
1.646570e+06
2.617798e+08
4.326461e+04
3.325655e+03
2.467231e+03
1.615834e+04
7.097561e+07
2.082315e+08
5.571600e+07
3.536410e+05
1.415055e+07
1.644507e+08
9.049433e+08
8.043476e+05
4.804970e+02
1.183897e+05
3.333674e+08
1.087129e+04
5.411777e+03
6.892592e+08
1.974354e+08
8.187000e+01
1.499094e+06
1.795920e+02
7.011790e+02
1.468737e+08
4.085269e+03
3.284857e+04
1.038308e+04
3.069757e+04
1.189424e+04
1.179548e+03
2.832254e+04
7.633560e+02
1.960901e+04
8.217950e+02
4.562922e+03
9.079183e+08
6.947127e+03
2.054999e+03
9.571611e+05
1.434154e+08
1.186394e+04
8.267216e+03
1.554651e+08
8.798550e+03
9.888526e+05
4.954435e+04
1.484419e+03
2.811365e+08
5.750368e+08
3.976315e+08
8.700248e+03
3.077310e+08
8.912908e+06
3.289600e+01
2.224114e+04
4.659718e+07
7.380127e+06
6.384471e+05
3.369107e+03
7.391568e+03
1.731954e+05
7.614610e+06
2.005691e+07
3.097908e+08
8.416888e+08
2.662248e+08
7.600235e+03
1.396530e+06
3.246545e+03
1.550518e+04
2.143936e+08
5.148521e+03
8.223763e+03
9.203224e+03
9.203224e+03
2.005275e+08
2.818855e+08
1.278394e+05
9.745045e+03
3.779482e+03
2.046533e+08
8.247063e+03
5.494600e+01
1.064844e+08
1.192442e+06
1.071765e+07
8.164385e+04
8.164385e+04
1.490742e+03
1.178007e+05
1.811985e+05
6.241466e+03
9.470302e+06
1.418553e+06
1.710885e+06
2.772688e+03
3.973000e+02
1.185120e+05
1.171757e+07
4.096834e+08
2.461921e+07
1.961677e+06
4.989078e+08
4.418726e+07
9.640653e+04
4.587840e+08
5.792357e+08
7.460700e+01
6.400200e+08
3.139516e+08
4.105925e+03
1.076553e+08
6.377131e+06
3.371879e+08
6.326327e+03
1.083195e+08
1.083195e+08
3.907677e+06
2.941883e+05
3.382650e+07
2.075874e+08
5.636000e+00
1.191622e+04
5.994000e+00
1.011660e+02
1.526471e+08
8.430189e+08
2.747463e+03
1.350253e+08
1.542489e+05
8.977036e+08
1.533920e+04
8.769687e+08
5.702438e+03
2.837237e+05
6.446350e+05
2.861621e+03
4.423914e+08
4.423914e+08
3.529830e+02
1.483479e+04
1.455531e+03
1.542740e+04
1.717767e+08
1.047600e+02
4.747598e+03
2.316363e+08
1.683875e+03
1.097214e+08
8.136164e+07
7.899720e+07
4.485942e+03
9.774975e+03
3.958688e+03
2.594615e+06
1.542399e+04
2.800134e+08
2.791675e+04
7.962240e+08
2.015077e+03
3.484020e+02
3.793151e+07
1.324261e+04
2.246939e+07
1.130730e+08
1.180153e+05
4.939393e+06
7.059058e+03
5.036240e+02
9.353644e+04
5.614373e+08
2.461053e+08
3.198730e+07
5.688538e+03
3.580910e+02
6.992799e+03
1.486749e+04
1.108995e+08
2.866206e+08
4.244000e+01
2.801604e+07
2.731498e+08
1.636974e+08
3.599882e+03
1.259344e+08
7.612803e+03
2.296408e+07
6.675443e+06
6.601892e+06
7.725016e+08
1.936408e+07
2.100344e+06
4.635485e+07
3.086816e+08
5.377598e+08
9.790670e+02
3.703279e+08
9.660593e+03
7.506712e+07
7.480974e+06
4.150340e+02
3.873299e+04
6.362860e+02
