1.225999951362609863e+00
8.190000057220458984e-01
1.159000039100646973e+00
1.150000020861625671e-01
1.838000059127807617e+00
8.799999952316284180e-02
1.179000020027160645e+00
4.760000109672546387e-01
9.039999842643737793e-01
1.001999974250793457e+00
1.330000013113021851e-01
1.150000020861625671e-01
1.780000030994415283e-01
3.154999971389770508e+00
2.638000011444091797e+00
6.800000369548797607e-02
3.265000104904174805e+00
1.781999945640563965e+00
6.940000057220458984e-01
4.009999930858612061e-01
2.367000102996826172e+00
5.272999763488769531e+00
5.059999823570251465e-01
2.015000104904174805e+00
1.439999938011169434e-01
6.340000033378601074e-01
1.019999980926513672e-01
5.270000100135803223e-01
7.179999947547912598e-01
6.069999933242797852e-01
3.299999982118606567e-02
1.799999922513961792e-02
5.999999865889549255e-02
3.700000047683715820e-02
1.899999976158142090e-01
1.679999977350234985e-01
4.574999809265136719e+00
5.400000140070915222e-02
1.899999976158142090e+00
7.000000029802322388e-02
7.000000216066837311e-03
4.860000014305114746e-01
1.302999973297119141e+00
9.789999723434448242e-01
1.707999944686889648e+00
1.513000011444091797e+00
1.340000033378601074e-01
3.915999889373779297e+00
9.000000357627868652e-02
3.120000064373016357e-01
2.591000080108642578e+00
1.411999940872192383e+00
2.608000040054321289e+00
1.407999992370605469e+00
1.682999968528747559e+00
1.400000043213367462e-02
1.049999967217445374e-01
1.149000048637390137e+00
3.359999954700469971e-01
3.022000074386596680e+00
4.440000057220458984e-01
1.057999968528747559e+00
1.222000002861022949e+00
1.129999980330467224e-01
4.800000041723251343e-02
4.440000057220458984e-01
4.189999997615814209e-01
8.719999790191650391e-01
8.399999886751174927e-02
4.979999959468841553e-01
1.870000064373016357e-01
2.010000050067901611e-01
3.071000099182128906e+00
1.899999976158142090e-01
1.402999997138977051e+00
4.749999940395355225e-01
2.380000114440917969e+00
1.453999996185302734e+00
1.284000039100646973e+00
5.050000190734863281e+00
9.909999966621398926e-01
2.560000121593475342e-01
4.800000041723251343e-02
7.599999755620956421e-02
4.899999871850013733e-02
9.129999876022338867e-01
6.430000066757202148e-01
1.749999970197677612e-01
2.700999975204467773e+00
1.123000025749206543e+00
2.520000040531158447e-01
9.940000176429748535e-01
1.345000028610229492e+00
2.147000074386596680e+00
1.037999987602233887e+00
1.733999967575073242e+00
1.853000044822692871e+00
9.710000157356262207e-01
4.539999961853027344e-01
9.200000017881393433e-02
5.410000085830688477e-01
4.079999923706054688e-01
4.379999935626983643e-01
1.690999984741210938e+00
4.530000090599060059e-01
3.089999854564666748e-01
1.983999967575073242e+00
3.109999895095825195e-01
2.561000108718872070e+00
1.768000006675720215e+00
2.779999971389770508e-01
4.059999883174896240e-01
1.280000060796737671e-01
2.572999954223632812e+00
2.421999931335449219e+00
6.919999718666076660e-01
1.960999965667724609e+00
6.700000166893005371e-02
6.729999780654907227e-01
1.832000017166137695e+00
1.669999957084655762e-01
7.850000262260437012e-01
4.379999935626983643e-01
2.257999897003173828e+00
1.973000049591064453e+00
1.383999943733215332e+00
4.390000104904174805e-01
3.020999908447265625e+00
2.150000035762786865e-01
3.549999892711639404e-01
3.548000097274780273e+00
3.819999933242797852e+00
2.080000042915344238e-01
1.988000035285949707e+00
3.289999961853027344e-01
8.799999952316284180e-02
1.241999983787536621e+00
5.360000133514404297e-01
1.241999983787536621e+00
1.488000035285949707e+00
1.409000039100646973e+00
5.099999904632568359e-01
4.600000083446502686e-01
6.140000224113464355e-01
1.557999968528747559e+00
6.560000181198120117e-01
1.802999973297119141e+00
1.014000058174133301e+00
3.379999995231628418e-01
2.016999959945678711e+00
2.151000022888183594e+00
8.550000190734863281e-01
1.998999953269958496e+00
1.144000053405761719e+00
1.761000037193298340e+00
2.538000106811523438e+00
4.880000054836273193e-01
1.661000013351440430e+00
1.251999974250793457e+00
3.819999992847442627e-01
1.613000035285949707e+00
1.146999955177307129e+00
6.061999797821044922e+00
9.629999995231628418e-01
1.047000050544738770e+00
7.530000209808349609e-01
1.669999957084655762e-01
4.769999980926513672e-01
8.909999728202819824e-01
8.989999890327453613e-01
1.059999987483024597e-01
2.828999996185302734e+00
2.039999961853027344e-01
1.156999945640563965e+00
1.000000014901161194e-01
5.600000023841857910e-01
3.350000083446502686e-01
1.258999943733215332e+00
9.449999928474426270e-01
1.700000017881393433e-01
2.960000038146972656e-01
2.088999986648559570e+00
2.519999980926513672e+00
2.189999967813491821e-01
8.259999752044677734e-01
1.399999976158142090e+00
2.269999980926513672e-01
1.677000045776367188e+00
2.360000014305114746e-01
4.250000119209289551e-01
1.802999973297119141e+00
3.078000068664550781e+00
1.014000058174133301e+00
1.705000042915344238e+00
1.169000029563903809e+00
9.499999880790710449e-02
3.059999942779541016e-01
3.490000069141387939e-01
6.199999898672103882e-02
8.769999742507934570e-01
2.109999954700469971e-01
4.169999957084655762e-01
3.619999885559082031e-01
6.480000019073486328e-01
6.570000052452087402e-01
8.999999761581420898e-01
6.639999747276306152e-01
1.322999954223632812e+00
4.900000095367431641e-01
1.476999998092651367e+00
1.600000075995922089e-02
1.516000032424926758e+00
5.669999718666076660e-01
1.442000031471252441e+00
7.800000160932540894e-02
5.295000076293945312e+00
1.309999972581863403e-01
6.880000233650207520e-01
2.638999938964843750e+00
1.588000059127807617e+00
3.100000023841857910e-01
1.148000001907348633e+00
3.183000087738037109e+00
1.146999955177307129e+00
1.463000059127807617e+00
1.330000042915344238e+00
7.329999804496765137e-01
3.477999925613403320e+00
7.960000038146972656e-01
1.720000058412551880e-01
5.569999814033508301e-01
2.197000026702880859e+00
9.980000257492065430e-01
3.358000040054321289e+00
4.790000021457672119e-01
2.773999929428100586e+00
4.723000049591064453e+00
7.969999909400939941e-01
3.560000061988830566e-01
2.078000068664550781e+00
7.839999794960021973e-01
5.249999761581420898e-01
8.719999790191650391e-01
1.116999983787536621e+00
2.819000005722045898e+00
1.036999940872192383e+00
3.033999919891357422e+00
6.779999732971191406e-01
7.749999761581420898e-01
2.109999954700469971e-01
3.019999861717224121e-01
2.500000000000000000e-01
1.740000009536743164e+00
1.480000019073486328e-01
2.446000099182128906e+00
1.799999952316284180e+00
7.300000190734863281e-01
2.773999929428100586e+00
5.450000166893005371e-01
2.907999992370605469e+00
1.442000031471252441e+00
4.939999878406524658e-01
3.154999971389770508e+00
2.926000118255615234e+00
8.709999918937683105e-01
5.170000195503234863e-01
3.766999959945678711e+00
5.220000147819519043e-01
7.139999866485595703e-01
2.368999958038330078e+00
3.729999959468841553e-01
2.219000101089477539e+00
1.049999952316284180e+00
5.099999904632568359e-02
1.330000013113021851e-01
3.269999921321868896e-01
2.000000094994902611e-03
1.906000018119812012e+00
9.679999947547912598e-01
1.805999994277954102e+00
1.638000011444091797e+00
5.709000110626220703e+00
3.720000088214874268e-01
3.610000014305114746e-01
1.243999958038330078e+00
2.360000014305114746e-01
1.630000025033950806e-01
3.989999890327453613e-01
6.549999713897705078e-01
1.300000026822090149e-02
5.000000074505805969e-02
3.042999982833862305e+00
6.162000179290771484e+00
6.280000209808349609e-01
2.911000013351440430e+00
1.649999976158142090e+00
3.569999933242797852e-01
1.274999976158142090e+00
1.018000006675720215e+00
2.409999966621398926e-01
1.860000044107437134e-01
2.790000140666961670e-01
9.679999947547912598e-01
5.279999971389770508e-01
5.669999718666076660e-01
1.574000000953674316e+00
7.039999961853027344e-01
7.519999742507934570e-01
1.469999998807907104e-01
4.149999916553497314e-01
3.052000045776367188e+00
7.220000028610229492e-01
5.830000042915344238e-01
2.700000047683715820e+00
9.350000023841857910e-01
4.580000042915344238e-01
2.860000133514404297e-01
1.766000032424926758e+00
3.611999988555908203e+00
5.584000110626220703e+00
3.440000116825103760e-01
1.722000002861022949e+00
4.379999935626983643e-01
1.585000038146972656e+00
2.642999887466430664e+00
4.743000030517578125e+00
9.430000185966491699e-01
7.419999837875366211e-01
3.668999910354614258e+00
1.118000030517578125e+00
5.799999833106994629e-01
7.000000216066837311e-03
5.299999713897705078e-01
3.319999873638153076e-01
3.848000049591064453e+00
8.690000176429748535e-01
9.720000028610229492e-01
8.009999990463256836e-01
9.259999990463256836e-01
9.649999737739562988e-01
3.467000007629394531e+00
1.843999981880187988e+00
2.349999904632568359e+00
1.589999943971633911e-01
7.000000029802322388e-02
7.039999961853027344e-01
5.609999895095825195e-01
1.589999943971633911e-01
4.473999977111816406e+00
1.911000013351440430e+00
5.700000002980232239e-02
9.999999776482582092e-03
2.090000063180923462e-01
1.150000020861625671e-01
2.639999985694885254e-01
4.289999902248382568e-01
1.386999964714050293e+00
4.819999933242797852e-01
7.950000166893005371e-01
1.592000007629394531e+00
2.756999969482421875e+00
1.518000006675720215e+00
1.459999978542327881e-01
2.879999876022338867e-01
6.650000214576721191e-01
1.023000001907348633e+00
2.129999995231628418e-01
1.258000016212463379e+00
1.363999962806701660e+00
1.802999973297119141e+00
1.990000009536743164e-01
2.967999935150146484e+00
2.099999934434890747e-01
1.394000053405761719e+00
2.552000045776367188e+00
9.259999990463256836e-01
2.349999994039535522e-01
4.629999995231628418e-01
1.999999955296516418e-02
1.776999950408935547e+00
5.099999904632568359e-02
2.639999985694885254e-01
4.300000146031379700e-02
1.570000052452087402e+00
2.829999923706054688e-01
1.774000048637390137e+00
1.710999965667724609e+00
2.500000000000000000e+00
9.700000286102294922e-01
1.340999960899353027e+00
4.914999961853027344e+00
4.199999943375587463e-02
7.850000262260437012e-01
1.990000009536743164e-01
8.650000095367431641e-01
3.910000026226043701e-01
8.750000000000000000e-01
2.569999992847442627e-01
9.160000085830688477e-01
1.302000045776367188e+00
2.000999927520751953e+00
9.789999723434448242e-01
9.999999776482582092e-03
1.141999959945678711e+00
2.769000053405761719e+00
1.768000006675720215e+00
1.449000000953674316e+00
1.509999930858612061e-01
3.779999911785125732e-01
1.016999959945678711e+00
8.970000147819519043e-01
5.669999718666076660e-01
3.910000026226043701e-01
1.957000017166137695e+00
1.376999974250793457e+00
1.136999964714050293e+00
4.569999873638153076e-01
2.714999914169311523e+00
1.179999947547912598e+00
2.670000076293945312e+00
6.309999823570251465e-01
2.610000073909759521e-01
1.856999993324279785e+00
9.810000061988830566e-01
2.456000089645385742e+00
5.189999938011169434e-01
1.151000022888183594e+00
1.965000033378601074e+00
2.540000081062316895e-01
1.370000004768371582e+00
1.583999991416931152e+00
2.489999979734420776e-01
2.927999973297119141e+00
1.199999973177909851e-01
1.521000027656555176e+00
1.123000025749206543e+00
1.099999994039535522e-02
1.054000020027160645e+00
8.989999890327453613e-01
4.009999930858612061e-01
3.599999845027923584e-02
1.208999991416931152e+00
6.359999775886535645e-01
8.069999814033508301e-01
3.529999852180480957e-01
3.773000001907348633e+00
2.509000062942504883e+00
1.411000013351440430e+00
2.999999932944774628e-02
5.999999865889549255e-02
4.720000028610229492e-01
1.034999966621398926e+00
8.679999709129333496e-01
2.257999897003173828e+00
2.049000024795532227e+00
5.046000003814697266e+00
8.100000023841857910e-01
6.740000247955322266e-01
1.590999960899353027e+00
5.149999856948852539e-01
1.371999979019165039e+00
2.860000133514404297e-01
5.900000035762786865e-02
7.889999747276306152e-01
5.131000041961669922e+00
9.070000052452087402e-01
8.230000138282775879e-01
1.625000000000000000e+00
1.799999922513961792e-02
1.167000055313110352e+00
1.110000014305114746e-01
9.869999885559082031e-01
2.000000029802322388e-01
1.099999994039535522e-01
4.931000232696533203e+00
4.269999861717224121e-01
2.765000104904174805e+00
2.176000118255615234e+00
4.810000061988830566e-01
2.407999992370605469e+00
1.899999938905239105e-02
3.680000007152557373e-01
5.120000243186950684e-01
4.869999885559082031e-01
2.319000005722045898e+00
2.710000038146972656e+00
9.900000095367431641e-01
2.678999900817871094e+00
2.969999909400939941e-01
4.390000104904174805e-01
2.899999916553497314e-01
3.884999990463256836e+00
4.322000026702880859e+00
3.680000007152557373e-01
8.009999990463256836e-01
1.190000027418136597e-01
4.081999778747558594e+00
3.050000071525573730e-01
1.019000053405761719e+00
8.180000185966491699e-01
2.497999906539916992e+00
3.289999961853027344e-01
6.409999728202819824e-01
6.299999952316284180e-01
3.263999938964843750e+00
2.029999941587448120e-01
8.149999976158142090e-01
9.599999785423278809e-01
3.325000047683715820e+00
1.077999949455261230e+00
9.000000357627868652e-02
3.036000013351440430e+00
5.899999737739562988e-01
1.582999944686889648e+00
4.089000225067138672e+00
2.204999923706054688e+00
3.260000050067901611e-01
2.700000107288360596e-01
3.230000138282775879e-01
1.700000092387199402e-02
4.959999918937683105e-01
1.059000015258789062e+00
3.391000032424926758e+00
8.320000171661376953e-01
1.009999990463256836e+00
1.430000066757202148e-01
1.256999969482421875e+00
3.330000042915344238e-01
5.580000281333923340e-01
1.950000047683715820e+00
6.090000271797180176e-01
7.680000066757202148e-01
7.609999775886535645e-01
4.569999873638153076e-01
5.870000123977661133e-01
1.980000019073486328e+00
1.036999940872192383e+00
5.223000049591064453e+00
3.099999949336051941e-02
3.289999961853027344e-01
6.899999827146530151e-02
2.430000007152557373e-01
1.266000032424926758e+00
4.359999895095825195e-01
1.366999983787536621e+00
3.280000090599060059e-01
1.904000043869018555e+00
3.440999984741210938e+00
2.119999974966049194e-01
3.790000081062316895e-01
1.425999999046325684e+00
2.210000008344650269e-01
3.510000109672546387e-01
2.800000011920928955e-01
1.059999942779541016e+00
1.452999949455261230e+00
9.600000083446502686e-02
5.799999833106994629e-02
4.219999909400939941e-01
5.445000171661376953e+00
1.412999987602233887e+00
8.000000379979610443e-03
1.047000050544738770e+00
1.287999987602233887e+00
2.081000089645385742e+00
1.381000041961669922e+00
1.300000026822090149e-02
1.116000056266784668e+00
4.280000030994415283e-01
1.250000000000000000e+00
1.239999979734420776e-01
4.199999943375587463e-02
2.141999959945678711e+00
4.676000118255615234e+00
1.749999970197677612e-01
1.294999957084655762e+00
1.161000013351440430e+00
5.299999713897705078e-01
1.469999998807907104e-01
3.569999933242797852e-01
6.700000166893005371e-01
6.100000068545341492e-02
1.289999932050704956e-01
1.261999988555908203e+01
3.328000068664550781e+00
2.006000041961669922e+00
1.175999999046325684e+00
4.280000209808349609e+00
7.590000033378601074e-01
5.379999876022338867e-01
1.470000028610229492e+00
1.570000052452087402e-01
9.100000262260437012e-01
3.230000138282775879e-01
1.054000020027160645e+00
6.159999966621398926e-01
1.319999992847442627e-01
3.989999890327453613e-01
6.959999799728393555e-01
1.100000023841857910e+00
1.759999990463256836e-01
2.752000093460083008e+00
8.299999684095382690e-02
7.379999756813049316e-01
6.499999761581420898e-01
1.620000004768371582e-01
1.899000048637390137e+00
1.230000033974647522e-01
1.291000008583068848e+00
6.349999904632568359e-01
3.075999975204467773e+00
9.620000123977661133e-01
8.399999737739562988e-01
7.139999866485595703e-01
4.499999880790710449e-01
6.529999971389770508e-01
1.850000023841857910e-01
2.716000080108642578e+00
8.900000154972076416e-02
3.407000064849853516e+00
2.249999940395355225e-01
1.040000021457672119e-01
1.812000036239624023e+00
2.072999954223632812e+00
8.420000076293945312e-01
2.832999944686889648e+00
2.020000070333480835e-01
2.199999988079071045e-01
5.189999938011169434e-01
1.040000021457672119e-01
1.866000056266784668e+00
5.780000090599060059e-01
9.279999732971191406e-01
1.399999976158142090e+00
3.179999887943267822e-01
2.230999946594238281e+00
3.631000041961669922e+00
1.236999988555908203e+00
1.126000046730041504e+00
2.820000052452087402e-01
3.230000138282775879e-01
2.150000035762786865e-01
1.720999956130981445e+00
2.385999917984008789e+00
1.195999979972839355e+00
1.304999947547912598e+00
8.299999684095382690e-02
2.232000112533569336e+00
5.260000228881835938e-01
1.378000020980834961e+00
5.171000003814697266e+00
1.876000046730041504e+00
2.112999916076660156e+00
6.890000104904174805e-01
2.470000028610229492e+00
7.299999892711639404e-02
2.513999938964843750e+00
8.140000104904174805e-01
8.700000047683715820e-01
3.400000184774398804e-02
4.534999847412109375e+00
1.641000032424926758e+00
1.223000049591064453e+00
3.045000076293945312e+00
1.475000023841857910e+00
6.729999780654907227e-01
1.597000002861022949e+00
5.000999927520751953e+00
1.572000026702880859e+00
4.059999883174896240e-01
7.599999904632568359e-01
2.447000026702880859e+00
1.883000016212463379e+00
3.709999918937683105e-01
4.000000059604644775e-01
5.400000214576721191e-01
1.414000034332275391e+00
2.540000081062316895e-01
2.410000085830688477e+00
1.759999990463256836e-01
8.379999995231628418e-01
1.768000006675720215e+00
1.601999998092651367e+00
4.230000078678131104e-01
2.558000087738037109e+00
1.299999952316284180e-01
6.159999966621398926e-01
1.562999963760375977e+00
3.957000017166137695e+00
5.619999766349792480e-01
4.639999866485595703e-01
2.868999958038330078e+00
5.269000053405761719e+00
7.199999690055847168e-02
4.979999959468841553e-01
2.802000045776367188e+00
1.302999973297119141e+00
1.211499977111816406e+01
2.319999933242797852e-01
1.037999987602233887e+00
2.020000070333480835e-01
1.800000071525573730e-01
2.020000070333480835e-01
1.633999943733215332e+00
9.530000090599060059e-01
7.350000143051147461e-01
9.670000076293945312e-01
4.899000167846679688e+00
2.065000057220458984e+00
1.187999963760375977e+00
1.289999961853027344e+00
4.749999940395355225e-01
6.320000290870666504e-01
8.529999852180480957e-01
3.000000026077032089e-03
1.217000007629394531e+00
2.263999938964843750e+00
2.119999974966049194e-01
2.549999952316284180e-01
1.049000024795532227e+00
3.670000135898590088e-01
5.950000286102294922e-01
4.740000069141387939e-01
1.065000057220458984e+00
4.776999950408935547e+00
9.200000017881393433e-02
4.100000113248825073e-02
2.098999977111816406e+00
1.040000021457672119e-01
8.280000090599060059e-01
5.057000160217285156e+00
6.750000119209289551e-01
5.720000267028808594e-01
4.428999900817871094e+00
6.700000166893005371e-02
1.009999990463256836e+00
2.199999988079071045e-02
8.790000081062316895e-01
1.739999949932098389e-01
1.807999968528747559e+00
1.728000044822692871e+00
3.120000064373016357e-01
3.230000138282775879e-01
1.110000014305114746e-01
3.000000026077032089e-03
1.809999942779541016e-01
8.379999995231628418e-01
3.835999965667724609e+00
5.830000042915344238e-01
2.302000045776367188e+00
9.890000224113464355e-01
2.342000007629394531e+00
5.500000119209289551e-01
2.389999926090240479e-01
2.213000059127807617e+00
6.980000138282775879e-01
2.559999942779541016e+00
6.400000303983688354e-02
6.959999799728393555e-01
2.154000043869018555e+00
2.507999897003173828e+00
1.819000005722045898e+00
9.900000095367431641e-01
5.230000019073486328e-01
1.689000010490417480e+00
5.370000004768371582e-01
1.205000042915344238e+00
2.430000007152557373e-01
3.750000000000000000e-01
3.903000116348266602e+00
2.555000066757202148e+00
7.999999821186065674e-02
6.438000202178955078e+00
2.259999960660934448e-01
5.849999785423278809e-01
3.227999925613403320e+00
3.600000143051147461e-01
1.345999956130981445e+00
9.240000247955322266e-01
1.327999949455261230e+00
1.000000014901161194e-01
5.499999970197677612e-02
2.529999911785125732e-01
1.368999958038330078e+00
1.067000031471252441e+00
3.280000090599060059e-01
3.033999919891357422e+00
3.125000000000000000e+00
6.710000038146972656e-01
1.430000066757202148e-01
6.240000128746032715e-01
4.350000023841857910e-01
9.010000228881835938e-01
1.399000048637390137e+00
2.070000022649765015e-01
2.463999986648559570e+00
1.000000047497451305e-03
8.719999790191650391e-01
1.343999981880187988e+00
4.160000085830688477e-01
3.828999996185302734e+00
7.670000195503234863e-01
8.889999985694885254e-01
3.600000143051147461e-01
1.014000058174133301e+00
1.156999945640563965e+00
2.042999982833862305e+00
2.479999959468841553e-01
3.283999919891357422e+00
9.509999752044677734e-01
2.829999923706054688e-01
8.709999918937683105e-01
4.000000189989805222e-03
7.149999737739562988e-01
1.402999997138977051e+00
3.109999895095825195e-01
5.440000295639038086e-01
1.690999984741210938e+00
4.149999916553497314e-01
2.174999952316284180e+00
6.330000162124633789e-01
1.279000043869018555e+00
2.179999947547912598e-01
2.529999911785125732e-01
2.240000069141387939e-01
1.040000021457672119e-01
7.929999828338623047e-01
1.248000025749206543e+00
1.430000066757202148e-01
2.917000055313110352e+00
3.009999990463256836e-01
1.899999938905239105e-02
1.120000034570693970e-01
1.739999949932098389e-01
4.447000026702880859e+00
9.060000181198120117e-01
1.710999965667724609e+00
8.479999899864196777e-01
1.993999958038330078e+00
1.450000047683715820e+00
7.557000160217285156e+00
5.061999797821044922e+00
6.959999799728393555e-01
5.640000104904174805e-01
1.200000010430812836e-02
1.190999984741210938e+00
4.451000213623046875e+00
1.146999955177307129e+00
5.939999818801879883e-01
2.419999986886978149e-01
8.399999886751174927e-02
4.320000112056732178e-01
1.263000011444091797e+00
9.229999780654907227e-01
5.939999818801879883e-01
1.360000073909759521e-01
6.280000209808349609e-01
1.057000041007995605e+00
1.420000046491622925e-01
1.304999947547912598e+00
7.900000363588333130e-02
1.159000039100646973e+00
4.609999954700469971e-01
1.739999949932098389e-01
8.949999809265136719e-01
5.099999904632568359e-01
5.939999818801879883e-01
2.000000029802322388e-01
5.830000042915344238e-01
1.040000021457672119e-01
1.169999957084655762e+00
4.629999995231628418e-01
2.191999912261962891e+00
1.850000023841857910e-01
1.541000008583068848e+00
2.030999898910522461e+00
1.855999946594238281e+00
1.468999981880187988e+00
4.970000088214874268e-01
9.940000176429748535e-01
8.920000195503234863e-01
9.499999880790710449e-01
2.080000042915344238e-01
8.809999823570251465e-01
1.689000010490417480e+00
4.235000133514404297e+00
4.323999881744384766e+00
2.269999980926513672e-01
2.963000059127807617e+00
1.509999930858612061e-01
1.032999992370605469e+00
2.060000002384185791e-01
2.849999964237213135e-01
6.769999861717224121e-01
7.870000004768371582e-01
1.940000057220458984e-01
3.959999978542327881e-01
9.340000152587890625e-01
2.000000094994902611e-03
1.177999973297119141e+00
3.536000013351440430e+00
2.569999992847442627e-01
1.286999940872192383e+00
1.070000007748603821e-01
3.350000083446502686e-01
4.000000189989805222e-03
1.169999957084655762e+00
6.370000243186950684e-01
1.297000050544738770e+00
2.252000093460083008e+00
4.620000123977661133e-01
1.848000049591064453e+00
6.669999957084655762e-01
9.449999928474426270e-01
8.080000281333923340e-01
3.689999878406524658e-01
1.057999968528747559e+00
2.680000066757202148e-01
9.499999880790710449e-01
1.082999944686889648e+00
1.674999952316284180e+00
1.650000065565109253e-01
4.079999923706054688e-01
4.239999949932098389e-01
7.799999713897705078e-01
1.437999963760375977e+00
2.926000118255615234e+00
3.900000080466270447e-02
8.519999980926513672e-01
1.180999994277954102e+00
1.266000032424926758e+00
9.599999785423278809e-01
7.879999876022338867e-01
4.959999918937683105e-01
5.479999780654907227e-01
2.709999978542327881e-01
9.499999880790710449e-02
8.053999900817871094e+00
3.999999910593032837e-02
1.891000032424926758e+00
1.739999949932098389e-01
8.130000233650207520e-01
3.939999938011169434e-01
1.930000036954879761e-01
3.569999933242797852e+00
5.149999856948852539e-01
3.190000057220458984e+00
1.529999971389770508e-01
8.519999980926513672e-01
3.127000093460083008e+00
1.906000018119812012e+00
2.199999988079071045e-02
7.350000143051147461e-01
1.179000020027160645e+00
1.589999943971633911e-01
1.184999942779541016e+00
3.889999985694885254e-01
3.569000005722045898e+00
7.720000147819519043e-01
1.713999986648559570e+00
4.189999997615814209e-01
2.450000047683715820e-01
1.969999969005584717e-01
3.449999988079071045e-01
2.389999926090240479e-01
7.329999804496765137e-01
2.871999979019165039e+00
1.730000019073486328e+00
1.636999964714050293e+00
6.159999966621398926e-01
2.179999947547912598e-01
7.319999933242797852e-01
2.579999864101409912e-01
4.979999959468841553e-01
1.735000014305114746e+00
9.919999837875366211e-01
3.959999978542327881e-01
2.450000047683715820e-01
4.394999980926513672e+00
7.799999713897705078e-01
5.619999766349792480e-01
7.379999756813049316e-01
7.459999918937683105e-01
1.072999954223632812e+00
2.453999996185302734e+00
3.382999897003173828e+00
2.102999925613403320e+00
3.310000002384185791e-01
2.409999966621398926e-01
3.109999895095825195e-01
6.489999890327453613e-01
1.110000014305114746e+00
2.129999995231628418e-01
6.420000195503234863e-01
4.320000112056732178e-01
1.659999936819076538e-01
1.613000035285949707e+00
7.549999952316284180e-01
9.879999756813049316e-01
2.779999971389770508e-01
