1.005599975585937500e+01
1.197000026702880859e+00
5.903799819946289062e+01
8.852000236511230469e+00
3.076860046386718750e+02
7.885000228881835938e+00
1.940500068664550781e+01
1.545690002441406250e+02
7.453099822998046875e+01
1.787400054931640625e+01
1.234690017700195312e+02
1.620290069580078125e+02
5.358599853515625000e+01
2.599099922180175781e+01
1.693700027465820312e+01
4.395299911499023438e+01
2.704599952697753906e+01
4.497299957275390625e+01
1.277000045776367188e+01
1.157999992370605469e+00
1.547649993896484375e+02
1.894000053405761719e+00
2.705599975585937500e+01
4.782600021362304688e+01
3.766999959945678711e+00
2.928700065612792969e+01
2.155999946594238281e+01
2.958099937438964844e+01
5.085000038146972656e+00
1.918910064697265625e+02
1.679440002441406250e+02
1.699000000953674316e+00
1.282800006866455078e+01
8.868000030517578125e+00
2.337199974060058594e+01
3.151300048828125000e+01
2.385199928283691406e+01
1.325999975204467773e+00
3.410300064086914062e+01
8.085299682617187500e+01
7.549999952316284180e-01
5.165399932861328125e+01
5.982500076293945312e+01
4.468999862670898438e+00
7.164000034332275391e+00
3.672200012207031250e+01
2.260440063476562500e+02
1.907420043945312500e+02
3.312999963760375977e+00
1.834099960327148438e+01
8.020999908447265625e+00
1.201799964904785156e+01
3.766600036621093750e+01
2.336199951171875000e+01
3.602700042724609375e+01
2.362899971008300781e+01
9.911399841308593750e+01
1.555300045013427734e+01
1.729219970703125000e+02
5.536500167846679688e+01
1.127490005493164062e+02
5.217699813842773438e+01
1.945899963378906250e+01
5.657000064849853516e+00
4.298300170898437500e+01
3.754280090332031250e+02
5.307099914550781250e+01
6.981999969482421875e+01
9.553600311279296875e+01
3.401100158691406250e+01
4.649000167846679688e+00
9.677600097656250000e+01
6.446000099182128906e+00
8.112999916076660156e+00
1.451029968261718750e+02
3.177899932861328125e+01
9.664900207519531250e+01
7.908999633789062500e+01
1.392599964141845703e+01
4.434000015258789062e+00
1.332199954986572266e+01
3.277399826049804688e+01
7.419999694824218750e+01
4.715000152587890625e+00
6.225899887084960938e+01
1.984850006103515625e+02
6.839600372314453125e+01
1.422299957275390625e+01
9.857599639892578125e+01
1.597900009155273438e+01
1.753999948501586914e+00
3.493000030517578125e+00
3.332600021362304688e+01
1.572830047607421875e+02
4.250400161743164062e+01
4.349000167846679688e+01
1.018200016021728516e+01
2.157460021972656250e+02
8.414499664306640625e+01
5.105610046386718750e+02
5.587200164794921875e+01
1.377310028076171875e+02
1.146139984130859375e+02
1.761860046386718750e+02
5.618000030517578125e+00
8.017999649047851562e+00
4.459000110626220703e+00
4.324700164794921875e+01
1.065210037231445312e+02
5.335599899291992188e+01
5.764999866485595703e+00
1.278310012817382812e+02
1.421100044250488281e+01
2.696199989318847656e+01
1.922369995117187500e+02
7.744200134277343750e+01
9.618000030517578125e+00
9.455200195312500000e+01
7.830300140380859375e+01
6.454900360107421875e+01
1.715359954833984375e+02
5.552899932861328125e+01
3.838700103759765625e+01
1.830000042915344238e+00
3.970299911499023438e+01
1.677559967041015625e+02
1.265589981079101562e+02
6.318199920654296875e+01
3.909099960327148438e+01
1.714100074768066406e+01
2.717929992675781250e+02
9.104399871826171875e+01
7.501999855041503906e+00
4.530300140380859375e+01
2.377400016784667969e+01
3.720700073242187500e+01
1.774000048637390137e+00
1.795100021362304688e+01
1.860400009155273438e+01
2.227199935913085938e+01
1.197000026702880859e+01
2.512100028991699219e+01
2.873099975585937500e+02
9.652999877929687500e+00
6.883699798583984375e+01
4.338000106811523438e+01
3.599800109863281250e+01
4.315999984741210938e+00
6.692900085449218750e+01
3.142300033569335938e+01
4.403799819946289062e+01
1.027600002288818359e+01
1.672100067138671875e+01
1.861269989013671875e+02
2.742000102996826172e+00
4.729199981689453125e+01
1.846599960327148438e+01
8.298999786376953125e+00
1.106099987030029297e+01
4.259799957275390625e+01
3.413399963378906250e+02
3.922200012207031250e+01
1.952899932861328125e+01
1.124150009155273438e+02
5.673600006103515625e+01
2.902700042724609375e+01
5.626699829101562500e+01
4.085900115966796875e+01
2.071719970703125000e+02
9.796600341796875000e+01
1.258000030517578125e+02
1.073180007934570312e+02
3.922399902343750000e+01
3.406719970703125000e+02
5.833700180053710938e+01
7.029599761962890625e+01
5.434999942779541016e+00
1.860700035095214844e+01
9.595300292968750000e+01
5.605400085449218750e+01
1.593200016021728516e+01
1.215200042724609375e+01
3.604100036621093750e+01
6.175999832153320312e+01
1.127630004882812500e+02
2.747599983215332031e+01
2.736100006103515625e+01
4.250000000000000000e+01
2.287400054931640625e+01
5.182000160217285156e+00
2.975900077819824219e+01
2.305930023193359375e+02
2.076000022888183594e+01
8.859700012207031250e+01
3.607500076293945312e+01
1.689399909973144531e+01
1.301299953460693359e+01
4.104999923706054688e+01
1.684799957275390625e+01
6.646399688720703125e+01
8.146099853515625000e+01
2.731800079345703125e+01
8.626999855041503906e+00
9.279199981689453125e+01
3.864000082015991211e+00
8.196800231933593750e+01
1.170690002441406250e+02
3.357199859619140625e+01
5.649000167846679688e+00
2.966600036621093750e+01
1.209380035400390625e+02
1.311699962615966797e+01
9.993000030517578125e+00
4.485000133514404297e+00
1.817000007629394531e+01
5.303999900817871094e+00
2.527799987792968750e+01
7.916999816894531250e+00
1.083800029754638672e+01
5.329899978637695312e+01
7.169000148773193359e+00
2.417209930419921875e+02
2.542499923706054688e+01
1.134399986267089844e+01
5.395500183105468750e+01
1.792839965820312500e+02
1.395300006866455078e+01
2.601099967956542969e+01
2.221999931335449219e+01
2.816699981689453125e+01
1.381999969482421875e+01
5.568600082397460938e+01
4.881499862670898438e+01
2.760400009155273438e+01
2.160410003662109375e+02
2.708200073242187500e+01
1.487920074462890625e+02
3.732400131225585938e+01
7.153600311279296875e+01
3.418299865722656250e+01
8.890999794006347656e+00
1.003560028076171875e+02
7.677000045776367188e+00
1.278899955749511719e+01
5.871799850463867188e+01
1.323600006103515625e+01
5.445000076293945312e+01
1.813400077819824219e+01
2.331599998474121094e+01
1.190429992675781250e+02
1.862689971923828125e+02
1.252600002288818359e+01
1.882099914550781250e+01
1.044000015258789062e+02
8.460000038146972656e+00
1.665220031738281250e+02
2.142300033569335938e+01
1.901909942626953125e+02
2.127619934082031250e+02
4.057300186157226562e+01
1.905100059509277344e+01
7.885000228881835938e+00
2.601629943847656250e+02
9.916999816894531250e+00
9.690399932861328125e+01
1.931239929199218750e+02
2.846299934387207031e+01
1.558890075683593750e+02
2.565800094604492188e+01
6.268000125885009766e+00
6.164799880981445312e+01
7.780899810791015625e+01
2.148299980163574219e+01
1.459889984130859375e+02
8.958000183105468750e+00
1.777199935913085938e+01
1.229860000610351562e+02
2.858200073242187500e+01
2.517399978637695312e+01
1.292500019073486328e+01
9.009999847412109375e+01
8.376799774169921875e+01
6.826399993896484375e+01
1.685400009155273438e+01
3.980400085449218750e+01
2.349300003051757812e+01
9.781000137329101562e+00
2.040500068664550781e+01
1.533399963378906250e+01
1.049160003662109375e+02
3.181200027465820312e+01
4.150000095367431641e+00
3.959799957275390625e+01
2.282999992370605469e+00
8.604999542236328125e+00
5.922999858856201172e+00
2.082999944686889648e+00
6.605200195312500000e+01
2.402499961853027344e+01
1.088300037384033203e+01
8.855500030517578125e+01
5.672499847412109375e+01
4.340299987792968750e+01
2.368099975585937500e+01
3.858999967575073242e+00
3.364799880981445312e+01
1.256470031738281250e+02
1.233140029907226562e+02
1.910400009155273438e+01
2.299000024795532227e+00
1.680900001525878906e+01
4.065100097656250000e+01
2.431200027465820312e+01
3.825999832153320312e+01
4.964000225067138672e+00
2.879500007629394531e+01
3.793399810791015625e+01
8.126599884033203125e+01
4.047999954223632812e+01
3.352319946289062500e+02
5.360000133514404297e+00
1.030530014038085938e+02
1.153519973754882812e+02
3.399300003051757812e+01
4.674499893188476562e+01
8.363400268554687500e+01
3.460999965667724609e+00
1.819499969482421875e+01
3.617100143432617188e+01
1.362100028991699219e+01
5.068799972534179688e+01
1.211600017547607422e+01
1.341880035400390625e+02
1.092899990081787109e+01
5.927999973297119141e+00
3.637300109863281250e+01
4.589199829101562500e+01
1.874699974060058594e+01
1.425520019531250000e+02
1.535700035095214844e+01
9.660500335693359375e+01
2.373880004882812500e+02
4.339500045776367188e+01
5.504899978637695312e+01
6.508999824523925781e+00
1.687400054931640625e+01
1.463520050048828125e+02
5.739300155639648438e+01
5.427999973297119141e+00
1.880200004577636719e+01
1.010900020599365234e+01
1.704279937744140625e+02
2.537400054931640625e+01
3.310599899291992188e+01
4.773199844360351562e+01
3.243700027465820312e+01
6.323199844360351562e+01
3.907000064849853516e+00
2.539000034332275391e+00
1.560599994659423828e+01
9.684100341796875000e+01
4.958300018310546875e+01
3.382400131225585938e+01
8.892000198364257812e+00
5.435699844360351562e+01
5.546599960327148438e+01
4.744100189208984375e+01
8.699999809265136719e+00
8.739000320434570312e+00
5.713899993896484375e+01
2.484040069580078125e+02
3.029700088500976562e+01
2.825399971008300781e+01
9.773500061035156250e+01
8.468000411987304688e+00
7.255100250244140625e+01
1.245300006866455078e+01
7.897699737548828125e+01
5.941999912261962891e+00
4.973999977111816406e+00
1.228850021362304688e+02
9.786000251770019531e+00
1.870379943847656250e+02
3.043999910354614258e+00
1.715999960899353027e+00
3.943999862670898438e+01
1.484899997711181641e+01
1.396399974822998047e+01
3.812300109863281250e+01
1.009850006103515625e+02
1.430610046386718750e+02
1.636600036621093750e+02
1.815440063476562500e+02
1.485249938964843750e+02
8.392000198364257812e+00
4.553499984741210938e+01
1.709099960327148438e+01
1.366399955749511719e+01
1.953899993896484375e+02
3.048200035095214844e+01
1.048320007324218750e+02
1.765800094604492188e+01
3.763499832153320312e+01
7.321399688720703125e+01
7.727000236511230469e+00
4.187699890136718750e+01
4.304199981689453125e+01
1.937199974060058594e+01
6.686999797821044922e+00
2.098299980163574219e+01
4.200500106811523438e+01
1.222399978637695312e+02
1.421100044250488281e+01
2.610300064086914062e+01
5.264999866485595703e+00
1.146599960327148438e+01
7.947999954223632812e+00
2.141300010681152344e+01
1.294850006103515625e+02
2.051099967956542969e+01
1.352799987792968750e+01
2.002799987792968750e+01
2.237189941406250000e+02
7.791999816894531250e+01
1.963950042724609375e+02
1.957299995422363281e+01
6.033800125122070312e+01
1.249570007324218750e+02
4.158300018310546875e+01
1.425570068359375000e+02
2.691600036621093750e+01
2.994710083007812500e+02
8.882900238037109375e+01
1.264299964904785156e+01
8.786999702453613281e+00
2.114100074768066406e+01
1.684640045166015625e+02
7.202200317382812500e+01
2.676199951171875000e+02
1.937700080871582031e+01
7.107999801635742188e+00
4.256299972534179688e+01
1.622619934082031250e+02
5.514099884033203125e+01
1.348480072021484375e+02
1.518410034179687500e+02
2.477099990844726562e+01
4.611000061035156250e+01
1.009500026702880859e+01
1.580260009765625000e+02
1.473000049591064453e+00
6.134999847412109375e+01
1.288659973144531250e+02
1.657749938964843750e+02
9.704000473022460938e+00
3.967999935150146484e+00
1.556199951171875000e+02
7.021199798583984375e+01
2.884499931335449219e+01
1.705100059509277344e+01
3.880099868774414062e+01
5.679700088500976562e+01
9.497799682617187500e+01
2.920400047302246094e+01
1.814900016784667969e+01
4.492499923706054688e+01
2.961800003051757812e+01
2.931999921798706055e+00
2.539299926757812500e+02
2.690399932861328125e+01
3.346200180053710938e+01
5.058000087738037109e+00
1.159380035400390625e+02
1.302200012207031250e+02
1.097330017089843750e+02
6.047700119018554688e+01
1.505099964141845703e+01
9.653800201416015625e+01
1.193200016021728516e+01
1.013000011444091797e+01
1.453589935302734375e+02
7.975999832153320312e+00
5.778599929809570312e+01
5.581600189208984375e+01
1.958399963378906250e+01
3.704999923706054688e+00
1.206700038909912109e+01
8.337999725341796875e+01
1.939680023193359375e+02
1.035099983215332031e+01
6.040999889373779297e+00
2.308200073242187500e+01
1.716329956054687500e+02
4.200699996948242188e+01
1.096399974822998047e+01
3.529000091552734375e+01
9.067000389099121094e+00
4.537400054931640625e+01
8.927000045776367188e+00
2.630000114440917969e+00
8.955899810791015625e+01
6.017000198364257812e+00
2.262899971008300781e+01
1.852000045776367188e+01
1.597200012207031250e+01
1.206599998474121094e+01
6.809000015258789062e+00
1.705000042915344238e+00
1.004639968872070312e+02
2.166600036621093750e+01
5.442599868774414062e+01
1.301700019836425781e+01
3.520000076293945312e+01
2.925300025939941406e+01
1.075749969482421875e+02
1.798600006103515625e+01
1.209200000762939453e+01
4.083000183105468750e+00
7.787000179290771484e+00
3.029199981689453125e+01
2.543700027465820312e+01
3.641099929809570312e+01
5.337900161743164062e+01
4.518000125885009766e+00
9.885099792480468750e+01
6.563899993896484375e+01
3.008200073242187500e+01
3.943999862670898438e+01
9.619100189208984375e+01
5.110699844360351562e+01
1.749799919128417969e+01
3.663199996948242188e+01
5.551599884033203125e+01
3.965000152587890625e+01
6.286999893188476562e+01
1.045729980468750000e+02
1.611100006103515625e+02
4.427000045776367188e+00
4.761199951171875000e+01
3.689199829101562500e+01
1.186900043487548828e+01
9.449999809265136719e+00
9.112000465393066406e+00
4.634700012207031250e+01
2.253100013732910156e+01
4.823500061035156250e+01
1.830900001525878906e+01
1.218799972534179688e+01
3.573999881744384766e+00
5.907899856567382812e+01
5.284400177001953125e+01
5.608300018310546875e+01
1.514299964904785156e+01
7.633999824523925781e+00
2.985650024414062500e+02
1.283800029754638672e+01
1.032949981689453125e+02
5.763000011444091797e+00
8.859700012207031250e+01
2.519599914550781250e+01
4.633999824523925781e+00
2.630400085449218750e+01
2.471299934387207031e+01
1.180000019073486328e+01
1.560799980163574219e+01
3.033499908447265625e+01
6.469599914550781250e+01
9.706600189208984375e+01
1.159500026702880859e+01
4.416099929809570312e+01
2.088400077819824219e+01
3.959199905395507812e+01
5.433200073242187500e+01
5.337699890136718750e+01
2.640440063476562500e+02
5.900000095367431641e+00
3.553099822998046875e+01
3.235599899291992188e+01
4.453000068664550781e+00
3.615499877929687500e+01
6.588099670410156250e+01
1.058150024414062500e+02
3.345000076293945312e+01
1.497700023651123047e+01
8.084500122070312500e+01
2.473399925231933594e+01
1.460180053710937500e+02
2.972999954223632812e+01
2.156620025634765625e+02
6.801000118255615234e+00
9.122599792480468750e+01
2.340290069580078125e+02
2.762999916076660156e+01
4.880699920654296875e+01
4.538800048828125000e+01
1.658799934387207031e+01
2.896500015258789062e+01
8.434000015258789062e+00
1.337559967041015625e+02
1.979899978637695312e+01
2.533600044250488281e+01
6.359999847412109375e+01
3.056599998474121094e+01
6.330099868774414062e+01
4.400999832153320312e+01
9.782999992370605469e+00
1.073109970092773438e+02
1.514200019836425781e+01
1.420140075683593750e+02
7.081999778747558594e+00
3.027899932861328125e+01
1.643600082397460938e+01
6.419000148773193359e+00
8.731199645996093750e+01
4.616899871826171875e+01
1.511299991607666016e+01
3.438700103759765625e+01
1.187669982910156250e+02
7.277700042724609375e+01
2.553800010681152344e+01
1.568569946289062500e+02
2.551640014648437500e+02
6.578000068664550781e+00
5.639899826049804688e+01
3.304100036621093750e+01
1.060999965667724609e+01
1.167399978637695312e+02
2.332399940490722656e+01
5.372000217437744141e+00
1.165600013732910156e+01
3.515000104904174805e+00
1.846500015258789062e+01
3.772600173950195312e+01
8.057299804687500000e+01
1.623350067138671875e+02
3.232000112533569336e+00
7.569100189208984375e+01
2.023000001907348633e+00
2.585999965667724609e+00
2.079299926757812500e+01
1.514200019836425781e+01
3.687000036239624023e+00
3.907400131225585938e+01
8.388500213623046875e+01
1.542949981689453125e+02
4.864699935913085938e+01
1.250139999389648438e+02
2.297699928283691406e+01
5.636000156402587891e+00
3.478400039672851562e+01
7.110299682617187500e+01
5.030000209808349609e+00
8.307399749755859375e+01
7.504000091552734375e+01
1.054599952697753906e+01
4.199999868869781494e-01
8.650000000000000000e+01
1.771500015258789062e+01
2.974129943847656250e+02
2.323699951171875000e+01
6.807599639892578125e+01
1.307699966430664062e+01
1.436529998779296875e+02
2.050099945068359375e+01
6.655000209808349609e+00
5.518799972534179688e+01
2.474500083923339844e+01
2.026159973144531250e+02
1.064769973754882812e+02
1.196399974822998047e+01
1.497500038146972656e+01
2.252400016784667969e+01
1.927839965820312500e+02
1.967000007629394531e+01
2.289299964904785156e+01
4.236800003051757812e+01
8.872499847412109375e+01
3.469900131225585938e+01
1.317250061035156250e+02
2.511599922180175781e+01
4.651499938964843750e+01
1.598489990234375000e+02
4.381700134277343750e+01
3.238199996948242188e+01
7.509100341796875000e+01
3.184000015258789062e+00
1.027529983520507812e+02
2.777499961853027344e+01
3.465999984741210938e+01
3.613199996948242188e+01
2.271100044250488281e+01
1.794099998474121094e+01
1.563359985351562500e+02
3.523899841308593750e+01
4.520000076293945312e+01
5.955799865722656250e+01
2.641200065612792969e+01
6.346699905395507812e+01
6.309999942779541016e+00
1.886800003051757812e+01
5.506100082397460938e+01
2.364600067138671875e+02
2.757980041503906250e+02
1.733999967575073242e+00
4.112799835205078125e+01
4.072000026702880859e+00
2.562199974060058594e+01
2.674999952316284180e+00
2.890000104904174805e+00
1.609199905395507812e+01
4.843999862670898438e+00
5.912699890136718750e+01
8.387599945068359375e+01
1.102000045776367188e+01
2.456770019531250000e+02
8.890100097656250000e+01
2.296999931335449219e+00
6.180699920654296875e+01
3.512699890136718750e+01
6.185300064086914062e+01
2.280370025634765625e+02
6.749299621582031250e+01
6.311500167846679688e+01
1.074369964599609375e+02
1.832500076293945312e+01
7.806000232696533203e+00
9.836000442504882812e+00
9.286199951171875000e+01
2.403199958801269531e+01
3.084410095214843750e+02
7.947100067138671875e+01
2.938800048828125000e+01
7.480599975585937500e+01
1.789200019836425781e+01
1.916200065612792969e+01
8.272000312805175781e+00
5.945600128173828125e+01
1.710000038146972656e+01
2.113589935302734375e+02
1.306289978027343750e+02
2.129140014648437500e+02
8.424299621582031250e+01
1.963600006103515625e+02
8.643099975585937500e+01
5.081700134277343750e+01
1.436600017547607422e+01
7.912000179290771484e+00
4.060459899902343750e+02
8.876000404357910156e+00
1.924300003051757812e+01
2.224900054931640625e+01
8.911999702453613281e+00
1.368179931640625000e+02
3.840299987792968750e+01
4.537099838256835938e+01
1.198629989624023438e+02
1.638699913024902344e+01
7.708000183105468750e+00
2.229100036621093750e+01
1.156360015869140625e+02
5.337999820709228516e+00
6.227000236511230469e+00
1.820919952392578125e+02
1.043410034179687500e+02
2.138999938964843750e+00
8.753600311279296875e+01
7.934300231933593750e+01
3.296200180053710938e+01
3.259999990463256836e+00
7.986000061035156250e+00
2.499200057983398438e+01
5.730699920654296875e+01
6.195700073242187500e+01
1.699300003051757812e+01
1.481000041961669922e+01
1.403459930419921875e+02
1.807369995117187500e+02
7.752600097656250000e+01
8.813400268554687500e+01
1.838000030517578125e+02
5.867000102996826172e+00
3.276699829101562500e+01
1.702099990844726562e+01
8.019499969482421875e+01
1.093700027465820312e+01
1.122310028076171875e+02
6.003300094604492188e+01
9.752700042724609375e+01
4.958000183105468750e+00
2.441799926757812500e+01
6.331999778747558594e+00
1.066880035400390625e+02
3.875600051879882812e+01
4.078999996185302734e+00
1.127300033569335938e+02
2.694799995422363281e+01
7.374900054931640625e+01
1.250100040435791016e+01
5.933900070190429688e+01
6.901999950408935547e+00
6.623000144958496094e+00
1.083899993896484375e+02
5.717300033569335938e+01
7.634200286865234375e+01
5.639300155639648438e+01
1.812899971008300781e+01
1.936419982910156250e+02
4.013499832153320312e+01
4.431000232696533203e+00
1.733470001220703125e+02
3.634500122070312500e+01
2.164299964904785156e+01
2.734799957275390625e+01
1.112199974060058594e+01
5.416699981689453125e+01
1.584700012207031250e+01
5.827099990844726562e+01
4.223300170898437500e+01
2.350249938964843750e+02
1.258059997558593750e+02
1.392000007629394531e+01
4.643199920654296875e+01
4.928599929809570312e+01
2.890000104904174805e+00
1.878049926757812500e+02
4.580400085449218750e+01
4.603000164031982422e+00
3.739300155639648438e+01
2.841300010681152344e+01
2.536170043945312500e+02
5.171500015258789062e+01
9.534000396728515625e+00
1.581060028076171875e+02
6.572799682617187500e+01
4.502600097656250000e+01
1.213399982452392578e+01
1.748999977111816406e+01
7.941999912261962891e+00
8.821600341796875000e+01
5.630699920654296875e+01
2.309700012207031250e+01
3.543199920654296875e+01
3.747200012207031250e+01
3.100000000000000000e+01
3.338199996948242188e+01
1.168200016021728516e+01
1.082499980926513672e+01
1.443860015869140625e+02
8.244999885559082031e+00
3.024600028991699219e+01
1.027490005493164062e+02
1.573400020599365234e+01
2.149900054931640625e+01
2.088950042724609375e+02
2.793300056457519531e+01
2.250559997558593750e+02
1.749799919128417969e+01
6.363499832153320312e+01
4.059999942779541016e+00
5.122000217437744141e+00
2.458650054931640625e+02
1.253899955749511719e+01
4.772600173950195312e+01
6.997899627685546875e+01
4.010699844360351562e+01
2.114880065917968750e+02
1.111259994506835938e+02
6.671999931335449219e+00
1.849699974060058594e+01
6.058100128173828125e+01
3.047999954223632812e+01
3.187700080871582031e+01
1.115999984741210938e+01
4.581800079345703125e+01
6.655400085449218750e+01
8.076999664306640625e+00
7.013999938964843750e+01
3.206900024414062500e+01
8.509899902343750000e+01
4.030500030517578125e+01
6.893099975585937500e+01
5.934600067138671875e+01
8.010500335693359375e+01
7.962999725341796875e+01
7.579999923706054688e+00
2.337000083923339844e+01
7.918099975585937500e+01
9.182999610900878906e+00
4.302799987792968750e+01
1.403589935302734375e+02
2.713000059127807617e+00
6.114099884033203125e+01
1.157699966430664062e+01
2.500999927520751953e+00
8.635999679565429688e+00
8.229000091552734375e+01
1.351599979400634766e+01
2.977099990844726562e+01
7.950000166893005371e-01
3.047299957275390625e+01
1.496439971923828125e+02
2.627199935913085938e+01
1.271979980468750000e+02
5.246900177001953125e+01
7.985000133514404297e+00
8.056400299072265625e+01
1.624500083923339844e+01
1.224059982299804688e+02
8.593000411987304688e+00
1.961400032043457031e+01
6.108300018310546875e+01
7.001799774169921875e+01
4.677099990844726562e+01
4.114099884033203125e+01
3.146500015258789062e+01
8.404000282287597656e+00
1.889999961853027344e+01
7.463600158691406250e+01
5.025500106811523438e+01
2.384799957275390625e+01
1.467980041503906250e+02
2.642340087890625000e+02
9.510800170898437500e+01
4.923699951171875000e+01
1.399699974060058594e+01
2.035700035095214844e+01
6.206999778747558594e+00
3.247600173950195312e+01
5.520199966430664062e+01
4.448680114746093750e+02
1.596569976806640625e+02
1.301900024414062500e+02
1.058180007934570312e+02
1.257289962768554688e+02
2.925900077819824219e+01
4.565499877929687500e+01
1.719599914550781250e+01
7.877100372314453125e+01
3.890100097656250000e+01
2.563179931640625000e+02
1.504409942626953125e+02
1.936380004882812500e+02
1.387530059814453125e+02
7.245899963378906250e+01
1.596100044250488281e+01
1.806200027465820312e+01
3.266999816894531250e+01
2.007779998779296875e+02
3.082500076293945312e+01
8.874199676513671875e+01
1.053040008544921875e+02
7.789600372314453125e+01
1.626700019836425781e+01
1.784170074462890625e+02
1.379100036621093750e+02
1.559420013427734375e+02
7.576200103759765625e+01
1.459799957275390625e+01
1.834099960327148438e+01
2.599799919128417969e+01
1.500050048828125000e+02
1.847000002861022949e+00
3.086899948120117188e+01
4.038199996948242188e+01
2.745999908447265625e+01
9.156199645996093750e+01
9.492900085449218750e+01
3.254199981689453125e+01
5.086500167846679688e+01
3.499499893188476562e+01
6.102000236511230469e+00
8.434500122070312500e+01
1.980789947509765625e+02
5.497999954223632812e+01
5.636500167846679688e+01
7.006300354003906250e+01
1.787199974060058594e+01
6.291899871826171875e+01
5.089000225067138672e+00
3.894300079345703125e+01
4.609000205993652344e+00
1.909700012207031250e+01
4.310499954223632812e+01
1.937299919128417969e+01
6.368099975585937500e+01
4.116199874877929688e+01
3.255000114440917969e+00
8.090000152587890625e-01
7.264999866485595703e+00
1.573670043945312500e+02
5.237799835205078125e+01
1.446300029754638672e+01
2.337299919128417969e+01
1.204029998779296875e+02
1.871500015258789062e+01
5.155500030517578125e+01
3.713999986648559570e+00
6.864999771118164062e+00
4.106900024414062500e+01
1.407899932861328125e+02
