4.271629943847656250e+02
7.593590087890625000e+02
9.561560058593750000e+02
1.024999976158142090e+00
8.354799652099609375e+01
1.589550018310546875e+02
5.879999995231628418e-01
6.394689941406250000e+02
2.510290069580078125e+02
1.927669982910156250e+02
2.862619934082031250e+02
8.631099700927734375e+01
6.308109741210937500e+02
2.190000057220458984e+00
1.901999950408935547e+00
1.322949981689453125e+02
7.004940185546875000e+02
2.184049987792968750e+02
1.050999999046325684e+00
2.358999967575073242e+00
2.023670043945312500e+02
2.408232910156250000e+03
9.031290283203125000e+02
1.628000020980834961e+00
8.627680053710937500e+02
2.940999984741210938e+00
1.046327026367187500e+03
1.604803955078125000e+03
5.501820068359375000e+02
2.760350036621093750e+02
1.580500030517578125e+01
6.573999881744384766e+00
7.955300140380859375e+01
1.207999944686889648e+00
2.107000112533569336e+00
3.311380004882812500e+02
2.280800056457519531e+01
7.584600067138671875e+01
5.649459838867187500e+02
7.222000122070312500e+00
4.333000183105468750e+00
6.861599731445312500e+01
4.943999767303466797e+00
2.015480041503906250e+02
6.504599761962890625e+01
2.178400039672851562e+01
1.143460006713867188e+02
2.115000009536743164e+00
2.783909912109375000e+02
5.068729858398437500e+02
2.187999963760375977e+00
2.914999961853027344e+00
2.436000108718872070e+00
1.281849975585937500e+02
1.583500003814697266e+01
1.887640075683593750e+02
9.399199676513671875e+01
1.372826049804687500e+03
3.818640136718750000e+02
2.889570007324218750e+02
3.634999990463256836e+00
3.088179931640625000e+02
1.777359924316406250e+02
1.006299972534179688e+01
8.827730102539062500e+02
4.952000141143798828e+00
5.590000152587890625e+00
2.663089904785156250e+02
2.768680114746093750e+02
1.463659973144531250e+02
3.682749938964843750e+02
6.298410034179687500e+02
3.013699913024902344e+01
8.712789916992187500e+02
5.038000106811523438e+01
9.038939819335937500e+02
7.416729736328125000e+02
5.951829833984375000e+02
1.747189941406250000e+02
2.302400054931640625e+02
3.870589904785156250e+02
3.725950012207031250e+02
6.512700195312500000e+02
5.435999870300292969e+00
2.180999946594238281e+01
4.147900009155273438e+01
2.844099998474121094e+01
5.855900268554687500e+02
4.166299819946289062e+01
2.598000049591064453e+00
1.700000000000000000e+01
1.565099945068359375e+02
7.290919799804687500e+02
6.075699996948242188e+01
4.881310119628906250e+02
1.638299942016601562e+01
7.320700073242187500e+01
5.332869873046875000e+02
1.569799995422363281e+01
4.226499938964843750e+01
4.925000190734863281e+00
1.237399959564208984e+01
4.833330078125000000e+02
8.952100372314453125e+01
3.871459960937500000e+02
7.400000095367431641e+00
2.367740020751953125e+02
1.007723022460937500e+03
1.588328979492187500e+03
3.717000007629394531e+00
3.423420104980468750e+02
7.019689941406250000e+02
1.561600017547607422e+01
7.731300048828125000e+02
6.987890014648437500e+02
7.513250122070312500e+02
3.590800094604492188e+01
4.339999854564666748e-01
3.351999998092651367e+00
4.264060058593750000e+02
1.538635986328125000e+03
1.869859924316406250e+02
3.145119934082031250e+02
1.631499938964843750e+02
1.358600044250488281e+01
1.114200019836425781e+01
9.232999801635742188e+00
8.218999862670898438e+00
7.436599731445312500e+01
5.274760131835937500e+02
1.044900035858154297e+01
1.421000003814697266e+00
3.185199928283691406e+01
4.130000114440917969e+00
7.415390014648437500e+02
2.147000074386596680e+00
2.546519927978515625e+02
1.673979949951171875e+02
7.509840087890625000e+02
6.955479736328125000e+02
3.355999946594238281e+00
3.439190063476562500e+02
2.827101074218750000e+03
1.086699962615966797e+01
2.408999919891357422e+00
2.594989929199218750e+02
1.423600006103515625e+01
1.209290008544921875e+02
2.769890136718750000e+02
6.801719970703125000e+02
1.411329956054687500e+02
1.236378051757812500e+03
6.069619750976562500e+02
1.085057006835937500e+03
7.000099945068359375e+01
5.455300292968750000e+02
7.268399810791015625e+01
2.152236083984375000e+03
4.105620117187500000e+02
4.669429931640625000e+02
8.399999737739562988e-01
1.868000030517578125e+00
1.992359924316406250e+02
8.774349975585937500e+02
1.509000015258789062e+01
3.052319946289062500e+02
4.979999959468841553e-01
2.445119934082031250e+02
2.029000043869018555e+00
8.887799835205078125e+01
3.157650146484375000e+02
1.991399955749511719e+01
5.847600173950195312e+01
7.782999992370605469e+00
2.636719970703125000e+02
3.496669921875000000e+02
3.996000051498413086e+00
1.716832031250000000e+03
1.525390014648437500e+02
3.140000104904174805e+00
6.663969726562500000e+02
5.785800170898437500e+01
8.590999603271484375e+00
1.771090942382812500e+03
9.544599914550781250e+01
7.135670166015625000e+02
1.783412963867187500e+03
9.312000274658203125e+00
3.010999917984008789e+00
5.304979858398437500e+02
3.989849853515625000e+02
4.710000038146972656e+00
2.155999898910522461e+00
2.666759948730468750e+02
3.914000034332275391e+00
9.923900146484375000e+02
1.315619964599609375e+02
6.044680175781250000e+02
6.380000114440917969e-01
2.538209991455078125e+02
1.851519927978515625e+02
4.861839904785156250e+02
9.437349853515625000e+02
8.279970092773437500e+02
2.054899978637695312e+01
5.309589843750000000e+02
2.359739990234375000e+02
7.111439819335937500e+02
1.331200027465820312e+01
2.047980041503906250e+02
9.883000373840332031e+00
2.627000093460083008e+00
1.042401000976562500e+03
3.599469909667968750e+02
3.492659912109375000e+02
1.697999954223632812e+00
1.801289978027343750e+02
1.978800010681152344e+01
2.461159973144531250e+02
2.267129974365234375e+02
5.230369873046875000e+02
6.854000091552734375e+00
2.533260040283203125e+02
4.174169921875000000e+02
5.198999881744384766e+00
8.262699890136718750e+01
1.578699951171875000e+02
5.433449707031250000e+02
5.124899902343750000e+02
6.513999938964843750e+00
8.623000144958496094e+00
7.823909912109375000e+02
1.750785034179687500e+03
6.609600067138671875e+01
2.909249877929687500e+02
2.365999937057495117e+00
8.567000389099121094e+00
2.792600059509277344e+01
2.312500000000000000e+02
2.012220001220703125e+02
9.319999814033508301e-01
1.358619995117187500e+02
1.950800018310546875e+02
2.923200035095214844e+01
1.475950012207031250e+02
2.884883056640625000e+03
2.967499923706054688e+01
2.146499938964843750e+02
1.315870056152343750e+02
3.837420043945312500e+02
2.462660064697265625e+02
4.941199874877929688e+01
3.507330017089843750e+02
7.201610107421875000e+02
1.075999975204467773e+00
4.033999919891357422e+00
1.231307983398437500e+03
8.114359741210937500e+02
1.024188964843750000e+03
2.167929992675781250e+02
3.008810119628906250e+02
6.048469848632812500e+02
2.838829956054687500e+02
5.720809936523437500e+02
3.046449890136718750e+02
8.810089721679687500e+02
3.813850097656250000e+02
2.443000078201293945e+00
1.101060028076171875e+02
6.381600189208984375e+01
7.256000041961669922e+00
1.272600952148437500e+03
2.436700057983398438e+01
7.686999797821044922e+00
3.842749938964843750e+02
5.084779968261718750e+02
6.510739746093750000e+02
1.577171997070312500e+03
1.148590011596679688e+02
1.108187011718750000e+03
1.698600006103515625e+02
2.895999908447265625e+00
1.074057006835937500e+03
5.980999946594238281e+00
2.692770080566406250e+02
1.118691040039062500e+03
7.983820190429687500e+02
4.113299942016601562e+01
3.326159973144531250e+02
1.852720031738281250e+02
1.764999985694885254e+00
1.317800045013427734e+01
3.092900085449218750e+02
7.434999942779541016e+00
1.840999960899353027e+00
3.056340026855468750e+02
8.445520019531250000e+02
3.246099853515625000e+01
5.911300048828125000e+02
5.157630004882812500e+02
1.273970031738281250e+02
5.711199951171875000e+02
8.651680297851562500e+02
1.300984985351562500e+03
3.759179992675781250e+02
1.559759979248046875e+02
2.879729919433593750e+02
5.887000083923339844e+00
2.389049987792968750e+02
1.773536987304687500e+03
7.260500335693359375e+01
3.588399963378906250e+02
5.277260131835937500e+02
8.940339965820312500e+02
2.420180053710937500e+02
2.669099998474121094e+01
1.330897949218750000e+03
7.005000114440917969e+00
5.122810058593750000e+02
9.701770019531250000e+02
1.415699958801269531e+01
1.943799972534179688e+01
4.962619934082031250e+02
4.674689941406250000e+02
2.167600059509277344e+01
3.797420043945312500e+02
1.801349945068359375e+02
6.246779785156250000e+02
5.868899917602539062e+01
5.410300292968750000e+02
1.354470062255859375e+02
6.263569946289062500e+02
3.219460144042968750e+02
3.712049865722656250e+02
4.141999816894531250e+01
2.678030090332031250e+02
1.525719970703125000e+03
3.220859985351562500e+02
6.342900085449218750e+01
4.559989929199218750e+02
3.595999956130981445e+00
5.362839965820312500e+02
2.870820007324218750e+02
1.926600074768066406e+01
4.037300109863281250e+02
7.656000137329101562e+00
7.672699737548828125e+01
1.093000054359436035e+00
4.473999977111816406e+00
5.121500244140625000e+02
1.368177978515625000e+03
1.624270019531250000e+02
2.418999910354614258e+00
7.600999832153320312e+00
2.364001953125000000e+03
2.147680053710937500e+02
9.920880126953125000e+02
4.235360107421875000e+02
2.250670013427734375e+02
8.532769775390625000e+02
5.315999984741210938e+00
1.160347045898437500e+03
7.337799835205078125e+01
2.536670074462890625e+02
2.809999942779541016e+00
1.337145019531250000e+03
4.250299987792968750e+02
4.392000198364257812e+00
1.455999970436096191e+00
3.714999914169311523e+00
4.947000026702880859e+00
4.979760131835937500e+02
1.423849945068359375e+02
7.878600311279296875e+01
1.099859008789062500e+03
9.453400268554687500e+02
4.059999942779541016e+00
1.921900024414062500e+02
2.075370025634765625e+02
6.027199935913085938e+01
1.960870056152343750e+02
9.121129760742187500e+02
2.671050109863281250e+02
1.257060012817382812e+02
9.253809814453125000e+02
5.055570068359375000e+02
1.100889968872070312e+02
2.081490020751953125e+02
2.382129974365234375e+02
4.202000141143798828e+00
2.763980102539062500e+02
2.417729949951171875e+02
7.439900207519531250e+01
6.554370117187500000e+02
4.132439880371093750e+02
1.264000058174133301e+00
6.771939697265625000e+02
1.338300037384033203e+01
8.907319946289062500e+02
1.304407958984375000e+03
1.941799926757812500e+02
2.516390075683593750e+02
3.386650085449218750e+02
1.094915039062500000e+03
7.666999816894531250e+01
4.916400146484375000e+01
6.100999832153320312e+00
1.338425048828125000e+03
8.211000442504882812e+00
1.095019989013671875e+02
4.687229919433593750e+02
9.168000221252441406e+00
1.073854980468750000e+03
9.118389892578125000e+02
1.000780029296875000e+02
8.732299804687500000e+01
2.617999877929687500e+02
5.364569702148437500e+02
1.262542968750000000e+03
3.283959960937500000e+02
5.017309875488281250e+02
3.709000110626220703e+00
9.625590209960937500e+02
2.385999917984008789e+00
5.157230224609375000e+02
1.166949996948242188e+02
6.077089843750000000e+02
1.896999955177307129e+00
2.365562011718750000e+03
4.254000186920166016e+00
1.215248046875000000e+03
3.821820068359375000e+02
2.006258056640625000e+03
9.765620117187500000e+02
6.802999877929687500e+02
9.807800292968750000e+01
8.657349853515625000e+02
8.030330200195312500e+02
2.177599906921386719e+01
2.055549926757812500e+02
1.003750000000000000e+03
8.181680297851562500e+02
3.475140075683593750e+02
8.320000171661376953e-01
3.104540100097656250e+02
3.257550048828125000e+02
1.435599994659423828e+01
2.184779968261718750e+02
1.107022949218750000e+03
1.228817016601562500e+03
1.981399993896484375e+02
3.233999967575073242e+00
1.088919982910156250e+02
1.078326049804687500e+03
6.464970092773437500e+02
2.460379943847656250e+02
6.376999855041503906e+00
9.118000030517578125e+00
3.019920898437500000e+03
1.722000002861022949e+00
7.032000064849853516e+00
9.762050170898437500e+02
1.718897949218750000e+03
3.191999912261962891e+00
7.847459716796875000e+02
4.708299865722656250e+02
3.105000019073486328e+00
6.502509765625000000e+02
1.330000042915344238e+00
9.580000042915344238e-01
4.641910095214843750e+02
3.112569885253906250e+02
4.901399993896484375e+01
1.306991943359375000e+03
7.585000038146972656e+00
3.446979980468750000e+02
5.187329711914062500e+02
2.222969970703125000e+02
8.546339721679687500e+02
1.056439971923828125e+02
7.513000011444091797e+00
3.224100112915039062e+01
1.211620971679687500e+03
8.627500152587890625e+01
3.786999940872192383e+00
1.419669952392578125e+02
1.927489929199218750e+02
1.043494995117187500e+03
1.144999980926513672e+00
2.366300048828125000e+02
1.921563964843750000e+03
4.174410095214843750e+02
5.468999862670898438e+00
8.197499847412109375e+01
1.130733032226562500e+03
6.854599761962890625e+01
1.929000020027160645e+00
4.232520141601562500e+02
6.446799926757812500e+02
4.596940002441406250e+02
7.906600189208984375e+01
1.560930023193359375e+02
2.863199996948242188e+01
1.721710052490234375e+02
2.942950134277343750e+02
4.615950012207031250e+02
1.038954956054687500e+03
1.800619964599609375e+02
1.723297973632812500e+03
7.289829711914062500e+02
8.634600067138671875e+01
1.666937988281250000e+03
8.894999694824218750e+01
2.258339996337890625e+02
7.475159912109375000e+02
1.998860015869140625e+02
6.934979858398437500e+02
2.166091064453125000e+03
2.274669952392578125e+02
1.494400024414062500e+01
9.989000320434570312e+00
7.996030273437500000e+02
3.028989868164062500e+02
1.876167968750000000e+03
2.017300033569335938e+01
5.098859863281250000e+02
1.086640014648437500e+02
4.297999858856201172e+00
5.798469848632812500e+02
5.625000000000000000e+00
1.210083007812500000e+03
3.008729858398437500e+02
3.209500122070312500e+02
4.077780151367187500e+02
4.118999958038330078e+00
1.234500026702880859e+01
3.693000078201293945e+00
3.432879943847656250e+02
5.686619873046875000e+02
6.538600158691406250e+01
2.722139892578125000e+02
4.463450012207031250e+02
9.138159790039062500e+02
1.218400001525878906e+01
2.922593017578125000e+03
1.960249938964843750e+02
2.675820007324218750e+02
7.782000064849853516e+00
1.700104003906250000e+03
1.018700027465820312e+01
7.799920043945312500e+02
3.547330017089843750e+02
5.650000000000000000e+01
2.471999931335449219e+01
7.638000011444091797e+00
3.010000038146972656e+01
2.164399909973144531e+01
6.553999900817871094e+00
4.752999782562255859e+00
4.591000080108642578e+00
1.973800086975097656e+01
2.697599983215332031e+01
8.160830078125000000e+02
1.303650054931640625e+02
1.860010070800781250e+02
2.515520996093750000e+03
4.598460083007812500e+02
2.605999946594238281e+00
4.720000028610229492e-01
2.455916015625000000e+03
1.330069946289062500e+03
1.360999941825866699e+00
7.860900115966796875e+01
4.553179931640625000e+02
4.902999877929687500e+00
6.886000156402587891e+00
1.334099960327148438e+01
1.807420043945312500e+02
7.161118164062500000e+03
7.436999797821044922e+00
1.707359924316406250e+02
6.977059936523437500e+02
7.576539916992187500e+02
5.199719848632812500e+02
1.960762939453125000e+03
3.665140075683593750e+02
8.798999786376953125e+01
1.355000019073486328e+00
1.371186035156250000e+03
2.851650085449218750e+02
6.106820068359375000e+02
7.852000236511230469e+00
2.188390045166015625e+02
9.605759887695312500e+02
9.338969726562500000e+02
3.170000076293945312e+01
8.022599792480468750e+01
8.413099670410156250e+01
5.835089721679687500e+02
2.533529968261718750e+02
3.674999952316284180e+00
3.500780029296875000e+02
1.217279052734375000e+03
1.087894042968750000e+03
8.662699890136718750e+01
1.064336059570312500e+03
5.844999790191650391e+00
3.699880065917968750e+02
8.456740112304687500e+02
2.259999990463256836e+00
1.715600013732910156e+01
6.540469970703125000e+02
1.485070037841796875e+02
1.663009033203125000e+03
1.273625976562500000e+03
3.019159851074218750e+02
2.814500045776367188e+01
3.736000061035156250e+00
2.578000068664550781e+00
8.590380249023437500e+02
6.291359863281250000e+02
3.641199951171875000e+02
2.492000102996826172e+00
7.934000015258789062e+00
1.025670013427734375e+02
2.809379882812500000e+02
6.493250122070312500e+02
2.568000078201293945e+00
1.944850006103515625e+02
1.315639953613281250e+02
8.704000091552734375e+01
9.728280029296875000e+02
2.949330139160156250e+02
1.077999949455261230e+00
1.263320007324218750e+02
3.128500061035156250e+02
7.283759765625000000e+02
2.049900054931640625e+01
1.729360961914062500e+03
1.340469970703125000e+02
1.161200046539306641e+01
1.680240020751953125e+02
1.165512939453125000e+03
5.236000061035156250e+00
4.684000015258789062e+00
5.612520141601562500e+02
8.952999877929687500e+01
1.432600021362304688e+01
1.805130004882812500e+03
2.818630065917968750e+02
7.407000064849853516e+00
9.743099975585937500e+02
6.345919799804687500e+02
4.253900146484375000e+01
4.229649963378906250e+02
1.577740020751953125e+02
2.868410034179687500e+02
8.540029907226562500e+02
1.088022949218750000e+03
9.812329711914062500e+02
2.121000051498413086e+00
9.310390014648437500e+02
5.835000038146972656e+00
6.651000022888183594e+00
7.093859863281250000e+02
1.949210052490234375e+02
7.097280273437500000e+02
6.045600128173828125e+01
6.136000156402587891e+00
7.213800048828125000e+01
4.511820068359375000e+02
3.033999919891357422e+00
4.089660034179687500e+02
1.664999961853027344e+00
5.617000102996826172e+00
1.135781982421875000e+03
5.711970214843750000e+02
1.110000014305114746e+00
1.920714965820312500e+03
3.545729980468750000e+02
4.080999851226806641e+00
2.232690917968750000e+03
6.868779907226562500e+02
4.568959960937500000e+02
7.206290283203125000e+02
1.295169982910156250e+02
1.029739990234375000e+02
4.318819885253906250e+02
5.620999813079833984e+00
1.411442993164062500e+03
8.282080078125000000e+02
2.608000040054321289e+00
2.016000032424926758e+00
1.409940032958984375e+02
7.380689697265625000e+02
4.016530151367187500e+02
9.450540161132812500e+02
9.743000030517578125e+01
7.822999954223632812e+00
4.335450134277343750e+02
9.126000404357910156e+00
8.118000030517578125e+00
1.414940032958984375e+02
6.721749877929687500e+02
1.166844970703125000e+03
9.537470092773437500e+02
2.470540008544921875e+02
1.973999977111816406e+00
1.479819946289062500e+02
1.102990036010742188e+02
2.654000043869018555e+00
2.470999908447265625e+01
1.520699977874755859e+01
6.114689941406250000e+02
1.614400024414062500e+03
6.812390136718750000e+02
3.437619934082031250e+02
3.898460083007812500e+02
1.627319946289062500e+02
1.919712036132812500e+03
1.304969940185546875e+02
1.922800064086914062e+01
5.292199707031250000e+02
1.021353027343750000e+03
1.312800025939941406e+01
1.573700046539306641e+01
4.604562988281250000e+03
1.761499977111816406e+01
9.390000104904174805e-01
9.926200103759765625e+01
1.017490005493164062e+02
4.135459899902343750e+02
5.002999877929687500e+01
1.208011962890625000e+03
4.735699844360351562e+01
1.097440032958984375e+02
1.576620025634765625e+02
4.258999824523925781e+00
6.806699829101562500e+02
1.268919982910156250e+02
6.812399902343750000e+02
1.368650054931640625e+02
7.679190063476562500e+02
5.054689941406250000e+02
1.570959930419921875e+02
2.759999990463256836e+00
9.436299896240234375e+01
4.389240112304687500e+02
8.774900054931640625e+01
4.883750000000000000e+02
3.717619934082031250e+02
6.112069702148437500e+02
2.695299911499023438e+01
4.940900039672851562e+01
3.326999902725219727e+00
3.697690124511718750e+02
2.979000091552734375e+00
4.637149963378906250e+02
2.240200042724609375e+01
2.973000049591064453e+00
6.870600128173828125e+01
1.457599945068359375e+02
2.989599990844726562e+01
1.740052001953125000e+03
2.932560119628906250e+02
1.013799953460693359e+01
3.217000007629394531e+00
4.208000183105468750e+00
3.114689941406250000e+02
6.760759887695312500e+02
1.498400020599365234e+01
2.812000036239624023e+00
5.544000148773193359e+00
9.253999710083007812e+00
4.153120117187500000e+02
8.986000061035156250e+00
1.568529968261718750e+02
6.442670288085937500e+02
1.451000022888183594e+01
1.193900012969970703e+01
7.968999862670898438e+00
2.708822021484375000e+03
1.208693969726562500e+03
2.259000062942504883e+00
5.814400100708007812e+01
1.925559997558593750e+02
3.437720031738281250e+02
1.993999958038330078e+00
6.942999839782714844e+00
7.660999755859375000e+02
1.465828002929687500e+03
1.383860015869140625e+02
1.375901000976562500e+03
4.472000122070312500e+00
2.089999914169311523e+00
1.552344970703125000e+03
9.243930053710937500e+02
3.665200042724609375e+01
1.401880035400390625e+02
1.531770019531250000e+02
3.930000066757202148e+00
2.789679870605468750e+02
4.551849975585937500e+02
1.218500041961669922e+01
2.010543945312500000e+03
2.375290069580078125e+02
4.967749938964843750e+02
1.877420043945312500e+02
1.775427978515625000e+03
2.148620117187500000e+03
1.581999969482421875e+02
8.793999671936035156e+00
3.270809936523437500e+02
5.060999870300292969e+00
2.964620056152343750e+02
5.855700073242187500e+02
6.359470214843750000e+02
6.044639892578125000e+02
1.253499984741210938e+01
6.855150146484375000e+02
2.726390075683593750e+02
5.278560180664062500e+02
1.733809967041015625e+02
1.929450073242187500e+02
1.502961059570312500e+03
9.117890014648437500e+02
2.641000032424926758e+00
6.422509765625000000e+02
5.519920043945312500e+02
2.998900146484375000e+02
2.688980102539062500e+02
4.839000225067138672e+00
1.240832031250000000e+03
4.630090026855468750e+02
7.103010253906250000e+02
9.890999794006347656e+00
5.812900161743164062e+01
2.387230072021484375e+02
1.633289947509765625e+02
6.578700256347656250e+01
1.039599990844726562e+01
3.352730102539062500e+02
1.836599922180175781e+01
1.153067016601562500e+03
1.600000023841857910e+00
9.606770019531250000e+02
7.268040161132812500e+02
1.043306030273437500e+03
7.457479858398437500e+02
4.508999824523925781e+00
7.760949707031250000e+02
2.023557006835937500e+03
8.805000305175781250e+00
3.622999906539916992e+00
5.949000167846679688e+01
2.252000093460083008e+00
3.958420104980468750e+02
3.968199920654296875e+01
3.851499938964843750e+01
2.478699951171875000e+02
4.485150146484375000e+02
2.504641113281250000e+03
1.821940002441406250e+02
1.012143981933593750e+03
8.819050292968750000e+02
7.435999870300292969e+00
8.537709960937500000e+02
5.715000152587890625e+00
6.431550292968750000e+02
9.417099761962890625e+01
5.088899993896484375e+01
3.601019897460937500e+02
1.461100006103515625e+01
3.953000068664550781e+00
8.190999984741210938e+00
1.349084960937500000e+03
6.407509765625000000e+02
1.379599952697753906e+01
8.459479980468750000e+02
1.000319976806640625e+02
4.017590026855468750e+02
4.189199829101562500e+01
3.041359863281250000e+02
1.926199913024902344e+01
2.290010070800781250e+02
7.951480102539062500e+02
4.933720092773437500e+02
2.757999897003173828e+00
1.820000052452087402e+00
1.400850067138671875e+02
4.976499938964843750e+01
1.167199993133544922e+01
3.236999988555908203e+00
1.097796997070312500e+03
3.928999900817871094e+00
7.414530029296875000e+02
5.964630126953125000e+02
1.219600009918212891e+01
1.597401000976562500e+03
5.193770141601562500e+02
2.789999961853027344e+00
2.462290039062500000e+02
2.603729858398437500e+02
6.583750000000000000e+02
2.708039855957031250e+02
2.339200019836425781e+01
7.320500183105468750e+01
7.694300079345703125e+01
7.176989746093750000e+02
7.416999816894531250e+00
3.917510070800781250e+02
1.468409057617187500e+03
1.857850036621093750e+02
1.950850067138671875e+02
2.766000032424926758e+00
6.918079833984375000e+02
1.142300033569335938e+01
6.731929931640625000e+02
7.929979858398437500e+02
9.819999933242797852e-01
9.048000335693359375e+00
2.365999937057495117e+00
2.707999992370605469e+01
3.101000070571899414e+00
1.104637939453125000e+03
3.315700073242187500e+02
2.866399955749511719e+01
2.159499931335449219e+01
1.020156005859375000e+03
6.149100112915039062e+01
2.039499969482421875e+02
3.830320129394531250e+02
2.646470031738281250e+02
8.401799774169921875e+01
4.288529968261718750e+02
4.763309936523437500e+02
7.109000205993652344e+00
6.439000129699707031e+00
1.975799942016601562e+01
3.102999925613403320e+00
1.187916015625000000e+03
1.093021972656250000e+03
5.739400100708007812e+01
4.591000080108642578e+00
8.109000205993652344e+00
8.104509887695312500e+02
8.751000404357910156e+00
4.178999900817871094e+00
2.131883056640625000e+03
3.428999900817871094e+00
1.566640014648437500e+02
6.125999832153320312e+01
9.075529785156250000e+02
1.020589981079101562e+02
2.308049926757812500e+02
4.494719848632812500e+02
5.636090087890625000e+02
3.221029968261718750e+02
6.032400131225585938e+01
1.123448974609375000e+03
3.180499877929687500e+02
1.132500000000000000e+02
1.317999958992004395e+00
1.462570037841796875e+02
2.252270019531250000e+03
8.429799652099609375e+01
1.483999938964843750e+02
1.461202026367187500e+03
1.022549972534179688e+02
1.625059967041015625e+02
2.180870056152343750e+02
2.244899940490722656e+01
1.428209991455078125e+02
2.054500007629394531e+01
7.997399902343750000e+01
1.692799949645996094e+01
2.432940063476562500e+02
9.087800292968750000e+02
5.278999805450439453e+00
3.209450073242187500e+02
5.169790039062500000e+02
2.581659851074218750e+02
6.785500335693359375e+01
1.283679962158203125e+02
6.329840087890625000e+02
3.150239868164062500e+02
8.640999794006347656e+00
3.730329895019531250e+02
3.748150024414062500e+02
1.341406982421875000e+03
5.419000148773193359e+00
3.475299835205078125e+01
1.027512939453125000e+03
7.076000213623046875e+00
6.494310302734375000e+02
2.253145996093750000e+03
2.054290008544921875e+02
3.507699966430664062e+01
9.368000030517578125e+00
2.039500045776367188e+01
