1.011196582031250000e+04
8.291813476562500000e+03
3.499700012207031250e+02
7.617400360107421875e+01
1.886262939453125000e+03
3.356070703125000000e+04
4.121367187500000000e+03
2.138864687500000000e+05
5.900798046875000000e+04
6.926799926757812500e+02
6.520071777343750000e+03
5.878663750000000000e+05
5.160599899291992188e+01
3.832047812500000000e+05
2.606104003906250000e+03
1.003098999023437500e+03
3.747176953125000000e+04
5.811083984375000000e+03
4.465000000000000000e+02
1.481260070800781250e+02
3.521780090332031250e+02
1.053320703125000000e+05
6.048974121093750000e+03
1.314330000000000000e+05
3.018990966796875000e+03
7.765939941406250000e+02
2.958824023437500000e+04
9.427442968750000000e+04
7.444599914550781250e+01
3.339100000000000000e+05
4.216700134277343750e+02
3.814475000000000000e+04
2.539219970703125000e+02
5.923790039062500000e+03
5.550323828125000000e+04
5.254010156250000000e+04
4.541716796875000000e+03
2.776750000000000000e+03
2.946892089843750000e+03
8.830819702148437500e+02
5.499436328125000000e+04
7.198708007812500000e+03
1.010247985839843750e+03
7.612739868164062500e+02
5.566731875000000000e+05
2.230750976562500000e+03
1.883361406250000000e+05
1.686936875000000000e+05
9.698670043945312500e+02
6.153671484375000000e+04
2.112446718750000000e+05
3.614226074218750000e+03
9.810729980468750000e+02
7.426868164062500000e+03
4.157651855468750000e+03
2.321195156250000000e+05
1.670990966796875000e+03
2.910593017578125000e+03
1.341979003906250000e+03
2.434218994140625000e+03
7.004919921875000000e+03
8.900759887695312500e+02
6.896979003906250000e+03
3.280730957031250000e+03
2.115636962890625000e+03
6.498664062500000000e+03
4.308281250000000000e+05
3.289159912109375000e+03
3.936637939453125000e+03
2.370100021362304688e+01
4.200899887084960938e+01
1.329188906250000000e+05
1.915050781250000000e+05
2.289100074768066406e+01
8.319379882812500000e+02
2.388923095703125000e+03
2.740316562500000000e+05
8.859028750000000000e+05
2.014701875000000000e+05
1.230875976562500000e+03
2.846839375000000000e+05
1.561430053710937500e+02
4.559365234375000000e+03
1.593209960937500000e+03
3.103661562500000000e+05
8.443581054687500000e+03
3.069230041503906250e+02
1.436982055664062500e+03
3.162750976562500000e+03
4.447784179687500000e+03
2.476964062500000000e+04
2.235443115234375000e+03
1.438926025390625000e+03
3.804113750000000000e+05
1.710697187500000000e+05
9.338530273437500000e+02
1.024166015625000000e+03
7.748189697265625000e+02
1.589350952148437500e+03
2.943794687500000000e+05
4.167238750000000000e+05
5.519003515625000000e+04
5.914483984375000000e+04
1.469115000000000000e+05
3.227640937500000000e+05
1.025761230468750000e+04
1.645213012695312500e+03
5.153628906250000000e+04
1.408948974609375000e+03
9.092150390625000000e+03
1.325516967773437500e+03
4.191669921875000000e+02
4.733452734375000000e+04
7.291154785156250000e+03
2.459600097656250000e+03
1.731916992187500000e+03
4.040472900390625000e+03
3.296570129394531250e+02
3.766885986328125000e+03
3.904060937500000000e+05
5.163698437500000000e+05
2.910587812500000000e+05
1.864120025634765625e+02
3.677343125000000000e+05
1.555545043945312500e+03
2.235420156250000000e+05
1.543373339843750000e+04
1.419619921875000000e+04
8.017695800781250000e+03
1.002793203125000000e+05
9.491779785156250000e+02
8.401420898437500000e+03
2.716419982910156250e+02
9.493525390625000000e+03
5.773679809570312500e+02
1.302910034179687500e+03
1.058279843750000000e+05
6.698785937500000000e+04
1.580390991210937500e+03
5.280595625000000000e+05
8.249010742187500000e+03
1.646146875000000000e+05
1.191586328125000000e+05
2.444163085937500000e+03
1.322823974609375000e+03
3.094009375000000000e+05
1.164440002441406250e+02
4.197674804687500000e+03
2.747913437500000000e+05
8.761710205078125000e+02
7.305332812500000000e+04
5.780599975585937500e+01
5.152529687500000000e+05
1.007697998046875000e+03
2.900830078125000000e+02
1.127800000000000000e+05
2.901220092773437500e+02
2.090823437500000000e+05
7.457149218750000000e+04
4.323874218750000000e+04
1.822810000000000000e+05
3.119809082031250000e+03
1.311199531250000000e+05
7.566842187500000000e+04
2.372757031250000000e+05
1.478372558593750000e+04
2.018816406250000000e+05
3.739117919921875000e+03
1.793580017089843750e+02
3.906495117187500000e+03
5.187291875000000000e+05
5.026260070800781250e+02
6.959966796875000000e+03
1.770549926757812500e+02
4.849020019531250000e+03
5.757949829101562500e+02
1.046227050781250000e+03
1.927964375000000000e+05
4.456700134277343750e+02
1.527849414062500000e+04
2.487950927734375000e+03
3.893779907226562500e+02
5.333068847656250000e+03
8.800011250000000000e+05
2.466017089843750000e+03
2.546164062500000000e+03
2.151349609375000000e+04
9.862178710937500000e+03
3.562969970703125000e+02
9.532080078125000000e+02
3.454059082031250000e+03
1.445393652343750000e+04
1.590047973632812500e+03
8.129091250000000000e+05
1.160663515625000000e+05
2.915910034179687500e+02
1.554510040283203125e+02
6.778414062500000000e+03
1.555240020751953125e+02
1.987771972656250000e+03
4.522473144531250000e+03
3.916789855957031250e+02
6.525219726562500000e+02
5.363070068359375000e+02
2.887221923828125000e+03
2.887000083923339844e+01
4.344076562500000000e+04
1.000478417968750000e+04
1.188020019531250000e+02
5.906399917602539062e+01
8.552479858398437500e+02
7.122776855468750000e+03
3.025781005859375000e+03
1.990731093750000000e+05
1.780343281250000000e+05
5.289025878906250000e+03
1.233711562500000000e+05
7.613007812500000000e+03
8.731700195312500000e+03
6.188385000000000000e+05
2.707172119140625000e+03
4.142637207031250000e+03
2.677395019531250000e+03
2.831343994140625000e+03
3.949931562500000000e+05
2.466902031250000000e+05
4.244361816406250000e+03
4.428198437500000000e+04
5.925668750000000000e+05
7.932189941406250000e+02
5.817310180664062500e+02
2.881936250000000000e+05
3.635615966796875000e+03
3.530539855957031250e+02
4.598098144531250000e+03
3.363348437500000000e+05
4.307293437500000000e+05
2.114458984375000000e+03
1.924392031250000000e+05
1.131370010375976562e+02
3.814818115234375000e+03
2.643359179687500000e+04
4.083781640625000000e+04
1.051607055664062500e+03
4.191591796875000000e+03
3.175880126953125000e+02
4.378070068359375000e+02
4.705218750000000000e+05
8.576900024414062500e+02
5.336259765625000000e+03
4.316219062500000000e+05
4.931570129394531250e+02
1.069999980926513672e+01
9.252290039062500000e+02
3.569896972656250000e+03
1.009451484375000000e+05
3.461320000000000000e+05
2.710260009765625000e+02
5.291850625000000000e+05
3.277841562500000000e+05
4.068087890625000000e+03
3.029294921875000000e+03
3.356565917968750000e+03
7.109609985351562500e+02
2.735192500000000000e+05
1.311350937500000000e+05
2.007084960937500000e+03
1.905370971679687500e+03
3.449020996093750000e+03
4.330127812500000000e+05
4.453215820312500000e+03
1.094675195312500000e+04
3.732769042968750000e+03
1.639519958496093750e+02
5.189130249023437500e+02
1.077050018310546875e+02
3.906459960937500000e+02
1.089079971313476562e+02
1.536397949218750000e+03
1.594104843750000000e+05
2.292697998046875000e+03
1.819325937500000000e+05
9.401300048828125000e+02
3.417125000000000000e+03
6.211226074218750000e+03
3.655154062500000000e+05
1.596026074218750000e+04
1.159837036132812500e+03
2.326375000000000000e+03
3.157659912109375000e+03
6.522505859375000000e+03
3.502141113281250000e+03
1.604920000000000000e+05
4.731086875000000000e+05
3.605169375000000000e+05
1.524258056640625000e+03
2.731759375000000000e+05
3.236408935546875000e+03
2.803798750000000000e+05
1.159523984375000000e+05
4.166937011718750000e+03
8.866640014648437500e+02
1.186769042968750000e+03
6.617235937500000000e+04
6.283369750976562500e+02
5.726024375000000000e+05
4.690841796875000000e+03
2.688970031738281250e+02
2.285908437500000000e+05
9.648296093750000000e+04
2.371520996093750000e+03
2.780763125000000000e+05
2.531096923828125000e+03
4.910994375000000000e+05
3.516902099609375000e+03
4.922892812500000000e+05
3.369120117187500000e+03
2.169799995422363281e+01
1.255400009155273438e+02
2.061460781250000000e+05
1.201565546875000000e+05
2.861145996093750000e+03
5.853472656250000000e+04
4.440486250000000000e+05
6.037199707031250000e+02
9.065809936523437500e+02
1.614600067138671875e+02
3.772640075683593750e+02
2.575679931640625000e+02
2.369600067138671875e+02
1.469306030273437500e+03
2.957596923828125000e+03
1.653521972656250000e+03
8.172584375000000000e+04
9.163020019531250000e+02
1.897371948242187500e+03
4.370094531250000000e+04
1.793182656250000000e+05
7.423495117187500000e+03
6.462804199218750000e+03
2.270437988281250000e+03
4.424590148925781250e+02
1.912067343750000000e+05
7.598110156250000000e+04
4.397402812500000000e+05
2.261020050048828125e+02
3.627210083007812500e+02
1.145192773437500000e+04
6.482736718750000000e+04
1.190171997070312500e+03
8.713232421875000000e+03
1.150348999023437500e+03
6.441676757812500000e+03
2.883039855957031250e+02
3.461782958984375000e+03
3.321397500000000000e+05
3.618737060546875000e+03
8.948368750000000000e+04
6.404112500000000000e+04
8.126307500000000000e+05
1.179785468750000000e+05
8.210667187500000000e+04
3.319424062500000000e+05
1.899605957031250000e+03
1.793323974609375000e+03
9.407330468750000000e+04
3.730035888671875000e+03
5.443820190429687500e+02
8.218199920654296875e+01
4.517653125000000000e+05
3.885684687500000000e+05
3.846622812500000000e+05
3.626049609375000000e+04
3.730499877929687500e+02
4.164890136718750000e+02
1.332503051757812500e+03
2.506892089843750000e+03
1.040693671875000000e+05
1.022914978027343750e+03
9.199641601562500000e+03
1.182550703125000000e+05
3.333332031250000000e+03
3.032340087890625000e+02
8.498000335693359375e+01
2.620456562500000000e+05
3.219102050781250000e+03
1.217533515625000000e+05
4.124591875000000000e+05
7.228033593750000000e+04
5.980570068359375000e+02
2.304472900390625000e+03
4.461497070312500000e+03
6.396128906250000000e+04
8.110620117187500000e+02
3.923649902343750000e+03
1.043820037841796875e+02
6.845407226562500000e+03
1.654788940429687500e+03
4.740993750000000000e+05
5.225280151367187500e+02
1.827364062500000000e+05
1.499629974365234375e+02
1.776291992187500000e+04
3.430082421875000000e+04
8.009689941406250000e+02
2.393845947265625000e+03
7.644000244140625000e+02
2.352462890625000000e+03
1.672651875000000000e+05
3.379214111328125000e+03
4.778675625000000000e+05
7.972899627685546875e+01
3.978010009765625000e+03
1.607572021484375000e+03
1.421300048828125000e+03
1.242780468750000000e+04
2.519821044921875000e+03
2.371708984375000000e+03
5.428560180664062500e+02
1.060921020507812500e+03
2.350949375000000000e+05
6.619489746093750000e+02
2.599777539062500000e+04
5.836459960937500000e+03
2.326600036621093750e+02
4.082222900390625000e+03
4.060140075683593750e+02
6.172664062500000000e+03
3.964599990844726562e+01
2.536845947265625000e+03
8.654559936523437500e+02
6.957700347900390625e+01
9.919499969482421875e+01
2.444150878906250000e+03
5.361937011718750000e+03
1.956276000976562500e+03
6.928199768066406250e+01
3.729863750000000000e+05
2.517574951171875000e+03
1.224060000000000000e+05
2.757330017089843750e+02
5.911550292968750000e+02
4.391062500000000000e+04
1.877946044921875000e+03
4.403336914062500000e+03
5.940215820312500000e+03
2.752937011718750000e+03
2.279423095703125000e+03
3.587749938964843750e+02
4.792439880371093750e+02
1.069084140625000000e+05
4.299823242187500000e+03
1.894525024414062500e+03
4.262874023437500000e+03
7.970992968750000000e+04
2.323835937500000000e+03
1.718316040039062500e+03
2.481119995117187500e+02
2.715776250000000000e+05
1.829357968750000000e+05
2.640986083984375000e+03
2.646983886718750000e+03
9.515772656250000000e+04
4.871050109863281250e+02
1.303755004882812500e+03
1.637246948242187500e+03
2.899683437500000000e+05
4.171350097656250000e+03
1.676260009765625000e+03
2.597269897460937500e+02
4.956530151367187500e+02
8.454955468750000000e+04
7.739730224609375000e+02
2.063441796875000000e+04
3.720281982421875000e+03
2.286212968750000000e+05
1.394275937500000000e+05
3.644792968750000000e+03
1.051018437500000000e+05
1.471310058593750000e+03
1.021893981933593750e+03
2.812551250000000000e+05
1.796540039062500000e+03
4.200320800781250000e+03
1.487091992187500000e+04
4.531250976562500000e+03
3.248553955078125000e+03
6.345500183105468750e+01
4.537455078125000000e+04
1.500610046386718750e+02
1.283928359375000000e+05
1.294156005859375000e+03
1.970639953613281250e+02
1.669910034179687500e+03
1.063222045898437500e+03
4.543039855957031250e+02
2.428193115234375000e+03
4.953210144042968750e+02
3.690632080078125000e+03
2.098574414062500000e+04
7.993089062500000000e+04
7.282750244140625000e+02
5.754169921875000000e+02
1.285028750000000000e+05
1.503586093750000000e+05
1.287712036132812500e+03
4.620687988281250000e+03
2.087539978027343750e+02
4.509355957031250000e+03
1.936027954101562500e+03
4.667642089843750000e+03
1.465395000000000000e+05
2.510619964599609375e+02
6.813259887695312500e+02
1.479041015625000000e+03
2.070929931640625000e+03
4.809507812500000000e+03
6.297307500000000000e+05
1.779450073242187500e+02
1.412893593750000000e+05
3.424899902343750000e+02
2.919649963378906250e+02
1.399659057617187500e+03
3.346765312500000000e+05
5.266179809570312500e+02
4.037133984375000000e+04
1.182604843750000000e+05
3.019989929199218750e+02
6.509111816406250000e+03
1.558343281250000000e+05
4.133869934082031250e+02
8.062114062500000000e+04
1.723999977111816406e+01
1.501012939453125000e+03
2.004968994140625000e+03
2.315087890625000000e+03
1.856457031250000000e+05
2.241922070312500000e+04
6.977462890625000000e+03
2.908501953125000000e+03
1.781200027465820312e+01
2.992155937500000000e+05
1.764109843750000000e+05
5.203309936523437500e+02
8.306199645996093750e+01
6.439339453125000000e+04
4.986795898437500000e+03
4.083834960937500000e+03
3.888229003906250000e+03
3.506045312500000000e+04
1.473197998046875000e+03
5.719498828125000000e+04
5.563610229492187500e+02
1.804902954101562500e+03
1.733228593750000000e+05
6.186295898437500000e+03
1.267440032958984375e+02
4.872677187500000000e+05
4.754121093750000000e+03
1.469089965820312500e+03
1.413540039062500000e+02
7.079026562500000000e+04
4.422349375000000000e+05
4.453744375000000000e+05
1.161235625000000000e+05
5.282931250000000000e+05
2.322208906250000000e+05
3.650700073242187500e+02
4.304133437500000000e+05
3.936513916015625000e+03
5.560283203125000000e+03
7.673157812500000000e+04
6.673525781250000000e+04
1.871586718750000000e+05
6.105717773437500000e+03
7.663150024414062500e+02
4.514410095214843750e+02
1.598879028320312500e+03
2.944215820312500000e+04
8.641646875000000000e+04
5.849650781250000000e+04
7.955040283203125000e+02
1.057580156250000000e+05
5.649162109375000000e+03
5.563668945312500000e+03
8.027700042724609375e+01
1.773419952392578125e+02
2.581371093750000000e+04
1.937376953125000000e+03
3.390921250000000000e+05
3.020220312500000000e+04
1.413269042968750000e+03
7.522734863281250000e+03
1.991569726562500000e+04
9.364491210937500000e+03
3.491808105468750000e+03
9.818653906250000000e+04
3.272364687500000000e+05
4.921549987792968750e+02
3.702099990844726562e+01
1.269828979492187500e+03
1.336409218750000000e+05
1.333339965820312500e+03
7.266706250000000000e+04
3.892031005859375000e+03
4.661207031250000000e+03
5.164340209960937500e+02
3.717399978637695312e+01
1.567143125000000000e+05
1.519383625000000000e+06
4.452358750000000000e+05
3.975153076171875000e+03
3.009179992675781250e+02
1.864485961914062500e+03
1.547694687500000000e+05
3.864679870605468750e+02
1.310616875000000000e+05
6.130104003906250000e+03
2.889866250000000000e+05
4.880724121093750000e+03
2.781133437500000000e+05
4.637068847656250000e+03
2.715052539062500000e+04
2.068568115234375000e+03
3.886500167846679688e+01
4.434212890625000000e+03
5.184929809570312500e+02
4.899503750000000000e+05
1.992557983398437500e+03
1.491872265625000000e+04
2.856345947265625000e+03
2.930649902343750000e+03
3.343510131835937500e+02
2.014260468750000000e+05
8.637833593750000000e+04
1.029623437500000000e+05
4.328859863281250000e+02
3.896354980468750000e+03
7.286792187500000000e+04
3.039186132812500000e+04
8.797829101562500000e+03
2.898270996093750000e+03
1.966541015625000000e+03
3.059027500000000000e+05
4.144019042968750000e+03
3.148410034179687500e+02
2.967229980468750000e+03
6.425239868164062500e+02
3.342877187500000000e+05
1.018934921875000000e+05
1.098533515625000000e+05
1.245515000000000000e+06
6.857081054687500000e+03
1.111757890625000000e+05
2.443699951171875000e+02
2.141989013671875000e+03
5.280559375000000000e+05
1.517817812500000000e+05
1.210712304687500000e+04
4.981459960937500000e+02
7.336199951171875000e+01
1.102996948242187500e+03
2.295612968750000000e+05
4.215880126953125000e+02
7.552899932861328125e+01
4.598930053710937500e+02
1.783174414062500000e+04
1.445406982421875000e+03
2.976042812500000000e+05
2.476477148437500000e+04
6.592180175781250000e+02
8.235250244140625000e+02
5.657280273437500000e+02
3.909895625000000000e+05
5.287672851562500000e+03
4.351426757812500000e+03
9.198649902343750000e+02
1.247239990234375000e+02
3.345620117187500000e+02
1.697934375000000000e+05
1.632046250000000000e+05
3.449342578125000000e+04
2.925767187500000000e+05
1.975508056640625000e+03
1.223671020507812500e+03
2.855767089843750000e+03
1.121559982299804688e+02
1.581077968750000000e+05
9.576607812500000000e+04
6.747111816406250000e+03
1.262186035156250000e+03
7.962979736328125000e+02
1.448140468750000000e+05
1.661673950195312500e+03
4.772179870605468750e+02
3.616225000000000000e+05
1.078768437500000000e+05
8.579940185546875000e+02
1.539736250000000000e+05
3.049843017578125000e+03
2.374291992187500000e+03
2.594469218750000000e+05
9.223156250000000000e+03
3.742678750000000000e+05
3.106977050781250000e+03
1.186930053710937500e+03
1.396260070800781250e+02
2.869288671875000000e+04
2.412822998046875000e+03
2.339470062255859375e+02
2.598796093750000000e+05
1.953583125000000000e+05
1.388270996093750000e+03
1.138144042968750000e+03
3.756429687500000000e+04
8.868841406250000000e+04
1.283967265625000000e+05
6.403060302734375000e+02
1.067576250000000000e+05
2.972219375000000000e+05
6.580363769531250000e+03
2.365269927978515625e+02
4.995801757812500000e+03
1.598262939453125000e+03
1.597533437500000000e+05
2.461659062500000000e+05
4.096647812500000000e+05
1.559135986328125000e+03
4.140440063476562500e+02
7.312825195312500000e+03
2.039508789062500000e+04
5.943099975585937500e+02
1.759833281250000000e+05
5.483001953125000000e+03
2.842602050781250000e+03
3.509700012207031250e+01
1.836590937500000000e+05
7.670721875000000000e+04
2.593689880371093750e+02
3.532540039062500000e+03
1.430035468750000000e+05
1.617077026367187500e+03
7.829000244140625000e+02
9.312373437500000000e+04
3.748821093750000000e+04
2.552986083984375000e+03
3.726740112304687500e+02
4.499104980468750000e+03
3.158851250000000000e+05
4.201200103759765625e+01
3.338916015625000000e+03
5.621467187500000000e+04
1.695614990234375000e+03
2.275914062500000000e+03
1.187586059570312500e+03
9.424470214843750000e+02
5.140629882812500000e+03
6.091375000000000000e+03
4.758651562500000000e+04
3.221353027343750000e+03
1.588941093750000000e+05
3.478849375000000000e+05
1.811544335937500000e+04
1.882641093750000000e+05
3.572870117187500000e+03
8.035446875000000000e+04
1.509492500000000000e+05
4.192139843750000000e+04
1.634984008789062500e+03
1.002229003906250000e+03
3.249400024414062500e+02
3.835349062500000000e+05
4.635300781250000000e+03
2.180734218750000000e+05
2.807154375000000000e+05
1.388113037109375000e+03
3.355364013671875000e+03
2.883215429687500000e+04
1.026697021484375000e+03
4.770923828125000000e+03
7.181891113281250000e+03
5.035403808593750000e+03
8.738831250000000000e+04
7.248125976562500000e+03
9.275650024414062500e+02
6.362050170898437500e+02
3.441201904296875000e+03
2.839726875000000000e+05
4.118104003906250000e+03
4.077428955078125000e+03
4.504470214843750000e+03
4.317527832031250000e+03
4.825294921875000000e+03
1.139660034179687500e+02
2.019430859375000000e+04
7.951735839843750000e+03
1.151511562500000000e+05
2.823599853515625000e+02
4.947019687500000000e+05
2.037259979248046875e+02
8.755300781250000000e+04
1.248931030273437500e+03
2.968518066406250000e+03
2.585126875000000000e+05
1.772109985351562500e+02
3.420116943359375000e+03
9.216841796875000000e+03
1.041555234375000000e+05
4.164497812500000000e+05
1.750431250000000000e+04
1.563560468750000000e+05
9.545500183105468750e+01
5.748199844360351562e+01
1.831816093750000000e+05
1.722146972656250000e+03
2.941834375000000000e+05
5.933579711914062500e+02
5.624858125000000000e+05
3.650822187500000000e+05
1.099569687500000000e+05
4.153609924316406250e+02
2.124666992187500000e+03
3.248969970703125000e+03
6.026161875000000000e+05
1.091509033203125000e+03
1.005022421875000000e+05
2.569559936523437500e+02
9.738700103759765625e+01
4.579700088500976562e+01
1.323486093750000000e+05
1.636197021484375000e+03
2.192072998046875000e+03
4.403229980468750000e+02
9.101400000000000000e+04
8.998309936523437500e+02
1.207386035156250000e+04
7.691527500000000000e+05
3.942805908203125000e+03
8.644322265625000000e+03
2.398800086975097656e+01
2.953266113281250000e+03
1.422618847656250000e+04
5.307011250000000000e+05
1.622202026367187500e+03
6.289380468750000000e+04
5.678349609375000000e+04
2.636860107421875000e+03
3.329321044921875000e+03
1.113094970703125000e+03
6.949359741210937500e+02
2.459404218750000000e+05
5.903400039672851562e+01
2.488216064453125000e+03
1.557807006835937500e+03
7.784520263671875000e+02
2.046762500000000000e+05
4.266689941406250000e+03
1.793228281250000000e+05
5.503889770507812500e+02
6.668555000000000000e+05
3.038340148925781250e+02
6.809047851562500000e+03
7.505300140380859375e+01
2.214843906250000000e+05
4.446291015625000000e+03
5.804390258789062500e+02
2.370335625000000000e+05
3.860696044921875000e+03
2.628617919921875000e+03
1.651749023437500000e+03
4.283628125000000000e+05
3.499190063476562500e+02
6.757323437500000000e+04
3.131750000000000000e+03
6.146380004882812500e+02
1.179352050781250000e+03
4.657905937500000000e+05
4.521400070190429688e+01
2.456825927734375000e+03
3.049704101562500000e+03
6.253171250000000000e+05
1.545133281250000000e+05
3.963623750000000000e+05
8.869210205078125000e+02
2.850440063476562500e+02
5.253699874877929688e+01
7.499979858398437500e+02
1.368266967773437500e+03
2.816342041015625000e+03
2.950727050781250000e+03
3.526690063476562500e+02
2.006753051757812500e+03
1.418285034179687500e+03
2.370533593750000000e+05
4.451035156250000000e+03
5.920700073242187500e+02
5.285709960937500000e+03
6.999060058593750000e+02
3.755419921875000000e+02
7.593280029296875000e+02
1.396012656250000000e+05
3.672590026855468750e+02
4.266736816406250000e+03
1.694666015625000000e+03
1.527870025634765625e+02
2.365547656250000000e+05
7.888637207031250000e+03
1.135026977539062500e+03
5.402389160156250000e+03
8.554052734375000000e+03
1.404969940185546875e+02
2.980720000000000000e+05
9.022444335937500000e+03
1.320282958984375000e+03
3.900809936523437500e+02
2.864675000000000000e+05
1.650619018554687500e+03
2.746910095214843750e+02
3.786980957031250000e+03
1.260154980468750000e+04
4.485720937500000000e+05
1.143283906250000000e+05
3.329408935546875000e+03
1.182980156250000000e+05
2.215600097656250000e+03
5.274249877929687500e+02
2.227039947509765625e+02
1.951700019836425781e+01
9.840438750000000000e+05
4.615559997558593750e+02
2.245700073242187500e+02
6.526370625000000000e+05
7.082356250000000000e+05
7.223999786376953125e+01
6.945970312500000000e+04
2.388906005859375000e+03
1.209272265625000000e+05
6.115378125000000000e+05
5.141316875000000000e+05
8.873325195312500000e+03
2.060650024414062500e+02
3.128706054687500000e+03
2.300383125000000000e+05
8.079509887695312500e+02
1.738959960937500000e+03
1.396493041992187500e+03
1.962999916076660156e+01
2.100759062500000000e+05
2.444562011718750000e+03
1.898576049804687500e+03
1.969548906250000000e+05
1.598126953125000000e+03
5.277399826049804688e+01
1.180321972656250000e+04
7.143419799804687500e+02
2.046902812500000000e+05
3.637194140625000000e+04
7.660469970703125000e+02
8.064053222656250000e+03
7.931986816406250000e+03
6.296060180664062500e+02
1.753875976562500000e+03
1.874374023437500000e+03
6.651892089843750000e+03
1.259519042968750000e+03
1.489339965820312500e+03
5.592062988281250000e+03
2.317604003906250000e+03
6.620422656250000000e+04
2.072706562500000000e+05
6.472961250000000000e+05
1.264170546875000000e+05
8.707060156250000000e+04
2.832420937500000000e+05
5.452639160156250000e+03
5.013940124511718750e+02
1.061714965820312500e+03
1.221435058593750000e+03
6.795107812500000000e+04
3.479800048828125000e+03
7.051710205078125000e+02
7.184273437500000000e+04
7.989900207519531250e+01
1.118647949218750000e+03
5.825988671875000000e+04
5.633289794921875000e+02
3.336702880859375000e+03
1.534279937744140625e+02
4.992166250000000000e+05
1.362129974365234375e+02
1.204339965820312500e+03
1.989568125000000000e+05
4.043298750000000000e+05
4.611130859375000000e+03
1.966580047607421875e+02
2.303083593750000000e+05
7.568794531250000000e+04
4.115319687500000000e+05
7.705410156250000000e+02
1.112422973632812500e+03
