6.038381640625000000e+04
5.265101250000000000e+05
5.577399902343750000e+02
6.609821093750000000e+04
3.484298828125000000e+04
1.134436796875000000e+05
6.742369995117187500e+02
1.186915625000000000e+06
6.752890000000000000e+05
1.836738750000000000e+06
1.756149687500000000e+05
4.247384765625000000e+04
1.185371796875000000e+05
2.025026093750000000e+05
3.233070068359375000e+02
9.421370312500000000e+04
1.777451250000000000e+05
5.436040039062500000e+02
8.131599731445312500e+02
5.709467500000000000e+05
1.036815937500000000e+06
5.589237792968750000e+03
8.989992187500000000e+03
5.837550048828125000e+02
9.528700256347656250e+01
1.186425625000000000e+06
6.666400146484375000e+01
6.802427343750000000e+04
7.742200625000000000e+05
7.675780029296875000e+02
1.334185375000000000e+06
1.108730546875000000e+05
2.495285000000000000e+06
2.698200035095214844e+01
2.306312988281250000e+03
8.343700781250000000e+04
2.427006250000000000e+05
5.314687890625000000e+04
9.370905000000000000e+05
1.158151875000000000e+05
2.957760009765625000e+02
7.301499938964843750e+01
1.934338593750000000e+05
1.166890029907226562e+02
2.314929962158203125e+02
1.549049987792968750e+02
1.863769989013671875e+02
2.703461132812500000e+04
1.624750061035156250e+02
2.109542500000000000e+05
2.505044843750000000e+05
6.251399993896484375e+01
1.151076953125000000e+05
1.266110000610351562e+02
2.193014218750000000e+05
2.842430114746093750e+02
1.503897750000000000e+06
2.063059997558593750e+02
1.464779052734375000e+03
1.247746484375000000e+05
1.851968017578125000e+03
2.110639953613281250e+02
1.929470062255859375e+02
8.737200164794921875e+01
1.435720062255859375e+02
3.559949951171875000e+02
3.799439687500000000e+05
1.605586093750000000e+05
8.069411718750000000e+04
1.242030029296875000e+02
4.935917187500000000e+04
1.238030014038085938e+02
2.568866093750000000e+05
7.572499023437500000e+03
1.840255156250000000e+05
1.356554375000000000e+06
4.267889062500000000e+05
1.593799972534179688e+01
3.396706562500000000e+05
2.329013281250000000e+05
6.314416875000000000e+05
8.068665039062500000e+03
7.027666406250000000e+04
1.393001750000000000e+06
1.945119687500000000e+05
1.283422343750000000e+05
3.227901250000000000e+05
4.907693437500000000e+05
2.742403125000000000e+05
4.845399856567382812e+01
1.555919628906250000e+04
4.906250000000000000e+02
5.049706054687500000e+03
1.235039978027343750e+02
3.790509948730468750e+02
1.368370937500000000e+05
6.907942187500000000e+04
4.031087812500000000e+05
2.743239062500000000e+04
7.915770263671875000e+02
3.669460312500000000e+05
4.394212812500000000e+05
7.484815000000000000e+05
5.860689697265625000e+02
2.907276875000000000e+05
7.281959375000000000e+05
3.256026875000000000e+05
1.052677001953125000e+03
3.294540100097656250e+02
1.893119964599609375e+02
2.098619995117187500e+02
1.040707031250000000e+03
1.989369964599609375e+02
4.771400146484375000e+02
1.141159973144531250e+02
8.443616875000000000e+05
7.158178906250000000e+04
2.706694500000000000e+06
1.861664375000000000e+06
1.245823046875000000e+05
2.055032421875000000e+04
5.346186250000000000e+05
3.113424687500000000e+05
2.098993125000000000e+05
3.908229980468750000e+02
1.757757125000000000e+06
1.456402148437500000e+04
1.100391967773437500e+03
7.183699951171875000e+02
1.426089935302734375e+02
1.853159942626953125e+02
8.879199981689453125e+01
6.971178125000000000e+04
9.515399932861328125e+01
1.112819976806640625e+02
1.776510009765625000e+02
1.418589935302734375e+02
3.753357500000000000e+05
7.476599731445312500e+02
7.746810302734375000e+02
2.771146250000000000e+05
3.762799835205078125e+01
1.194410018920898438e+02
2.119570007324218750e+02
6.148079833984375000e+02
2.194894062500000000e+05
1.022779998779296875e+02
1.308040008544921875e+02
5.510088281250000000e+04
3.562694062500000000e+05
4.937415625000000000e+05
2.409532031250000000e+05
1.617640075683593750e+02
5.769900131225585938e+01
4.869200134277343750e+02
1.674755000000000000e+06
1.181969985961914062e+02
2.900559997558593750e+02
2.151699981689453125e+02
1.784179992675781250e+02
1.874344970703125000e+03
1.288712109375000000e+04
1.107224843750000000e+05
2.782313125000000000e+05
7.022899627685546875e+01
9.108011718750000000e+04
8.712175781250000000e+04
4.155117500000000000e+05
3.303900146484375000e+01
2.260859985351562500e+02
8.182667968750000000e+04
1.275480078125000000e+04
2.121840057373046875e+02
6.625099945068359375e+01
5.017380065917968750e+02
1.007710037231445312e+02
1.240439500000000000e+06
1.682547968750000000e+05
5.311306875000000000e+05
1.915489959716796875e+02
6.204048437500000000e+04
1.105449062500000000e+05
4.826200103759765625e+01
3.837549062500000000e+05
1.612147343750000000e+05
1.483930053710937500e+02
2.434018906250000000e+05
1.837542187500000000e+05
9.271299743652343750e+01
2.173558750000000000e+05
4.730299062500000000e+05
4.776069946289062500e+02
3.697980468750000000e+04
5.074200057983398438e+01
1.892742578125000000e+04
2.256421406250000000e+05
3.363446250000000000e+05
2.981194091796875000e+03
4.530010070800781250e+02
5.738251250000000000e+05
4.418034375000000000e+04
8.812871875000000000e+04
6.402597500000000000e+05
2.953670043945312500e+02
9.837443750000000000e+04
2.198699951171875000e+02
5.655180053710937500e+02
5.137476250000000000e+05
7.380246093750000000e+04
8.301499938964843750e+01
7.468152832031250000e+03
1.626869964599609375e+02
1.040999984741210938e+02
4.533300018310546875e+01
5.027539978027343750e+02
2.915400085449218750e+02
9.278049926757812500e+02
1.499666718750000000e+05
8.164210625000000000e+05
1.763789978027343750e+02
1.643970031738281250e+02
4.047929992675781250e+02
2.492129974365234375e+02
6.390820000000000000e+05
2.970411562500000000e+05
1.169990005493164062e+02
3.817690124511718750e+02
1.033949951171875000e+03
3.639422187500000000e+05
5.512599945068359375e+01
7.563200378417968750e+01
4.347614062500000000e+05
2.348997656250000000e+05
3.549346250000000000e+05
1.025449981689453125e+02
4.304199981689453125e+01
1.161720937500000000e+05
6.257314843750000000e+04
4.287169140625000000e+04
2.821010937500000000e+05
1.931312750000000000e+06
2.651849975585937500e+02
2.271896093750000000e+05
4.261229858398437500e+02
6.137500000000000000e+02
2.347381875000000000e+05
3.557340087890625000e+02
2.547610015869140625e+02
7.331291406250000000e+04
3.388295312500000000e+05
1.896104375000000000e+06
2.068333593750000000e+04
1.838948750000000000e+05
2.654880937500000000e+05
1.967295000000000000e+06
2.009222187500000000e+05
6.258399963378906250e+01
3.671300048828125000e+02
2.506909942626953125e+02
1.428119726562500000e+04
9.709839843750000000e+04
6.599403906250000000e+04
4.628588750000000000e+05
3.066215429687500000e+04
8.595286718750000000e+04
1.862070007324218750e+02
5.434774609375000000e+04
1.676450042724609375e+02
3.607919921875000000e+02
1.392969687500000000e+05
4.390220031738281250e+02
1.041419982910156250e+02
1.238967421875000000e+05
3.627991875000000000e+05
5.381195703125000000e+04
5.364847656250000000e+04
4.539840087890625000e+02
7.989146093750000000e+04
3.054796250000000000e+05
2.860000000000000000e+02
6.262300109863281250e+01
4.196699905395507812e+01
1.630502031250000000e+05
5.093442812500000000e+05
2.054700012207031250e+02
5.963999938964843750e+01
2.784744062500000000e+05
3.724165312500000000e+05
9.598291015625000000e+03
1.730566250000000000e+05
8.747200012207031250e+01
1.808769989013671875e+02
3.875780029296875000e+02
4.911917812500000000e+05
2.224566718750000000e+05
3.643359985351562500e+02
1.941593359375000000e+04
1.757464257812500000e+04
1.437235625000000000e+05
9.338288281250000000e+04
2.585482812500000000e+05
7.761526562500000000e+04
3.583480468750000000e+04
2.699209899902343750e+02
3.221210021972656250e+02
2.620898906250000000e+05
5.339164453125000000e+04
2.526586250000000000e+05
1.333540039062500000e+02
2.354186718750000000e+05
2.269980010986328125e+02
3.273460083007812500e+02
7.172299957275390625e+01
9.988700103759765625e+01
1.723981250000000000e+04
2.440124062500000000e+05
5.640100097656250000e+01
1.533733906250000000e+05
1.691759948730468750e+02
4.847189941406250000e+02
7.977100372314453125e+01
1.739073828125000000e+04
1.580503281250000000e+05
1.012491375000000000e+06
4.524790039062500000e+02
3.454100036621093750e+02
5.197388750000000000e+05
6.809573125000000000e+05
6.396799850463867188e+01
9.666209716796875000e+02
1.793899917602539062e+01
5.380760625000000000e+05
2.731151171875000000e+04
1.661940002441406250e+02
2.688479919433593750e+02
6.855949707031250000e+02
1.297769927978515625e+02
7.697968750000000000e+04
4.574949951171875000e+02
2.935250625000000000e+05
3.279799000000000000e+06
6.614840087890625000e+02
4.942189941406250000e+02
1.309783515625000000e+05
1.033395375000000000e+06
3.051589965820312500e+02
2.680840148925781250e+02
2.581800079345703125e+01
3.216979101562500000e+04
2.021549987792968750e+02
1.272180023193359375e+02
2.465468164062500000e+04
5.817575000000000000e+05
1.818704250000000000e+06
1.533463012695312500e+03
2.333851718750000000e+05
2.812699890136718750e+02
3.277665000000000000e+05
1.428603027343750000e+04
1.208450012207031250e+02
7.858698125000000000e+05
4.192386250000000000e+05
1.756849975585937500e+02
6.928600311279296875e+01
1.341430053710937500e+02
1.869720001220703125e+02
9.332836914062500000e+03
6.983367968750000000e+04
3.333909912109375000e+02
1.879109954833984375e+02
1.037241943359375000e+03
1.164806015625000000e+05
7.671428125000000000e+05
4.073214843750000000e+04
1.232983750000000000e+06
1.899579925537109375e+02
3.269005312500000000e+05
4.438832812500000000e+04
1.563746875000000000e+05
1.626552187500000000e+05
3.780379943847656250e+02
6.048063750000000000e+05
2.665726171875000000e+04
3.054490051269531250e+02
1.663191406250000000e+05
3.192359924316406250e+02
4.074463750000000000e+05
1.553755625000000000e+06
2.360853906250000000e+05
2.057820625000000000e+05
2.305989990234375000e+02
4.044217968750000000e+04
2.463090057373046875e+02
2.499239959716796875e+02
3.482529907226562500e+02
1.791979980468750000e+02
2.141759948730468750e+02
4.036899948120117188e+01
6.069249218750000000e+04
5.052720031738281250e+02
5.662817187500000000e+04
2.025337812500000000e+05
1.312369995117187500e+02
1.164319992065429688e+02
1.873150024414062500e+02
1.081029968261718750e+02
1.338811562500000000e+05
4.568065312500000000e+05
6.229999923706054688e+01
6.579390258789062500e+02
1.204960021972656250e+02
5.172646093750000000e+04
2.269825937500000000e+05
1.307599945068359375e+02
4.130369873046875000e+02
2.660977734375000000e+04
3.379665000000000000e+05
1.910417656250000000e+05
6.886889843750000000e+04
8.728006250000000000e+04
3.482739868164062500e+02
2.724435937500000000e+05
2.932780151367187500e+02
1.106070022583007812e+02
9.235099792480468750e+01
1.797070781250000000e+05
3.351017812500000000e+05
6.484151855468750000e+03
1.581740820312500000e+04
1.901779937744140625e+02
1.837188750000000000e+05
3.816299819946289062e+01
7.925725000000000000e+04
6.136110229492187500e+02
1.058653437500000000e+05
5.480841015625000000e+04
1.494476250000000000e+06
1.805244218750000000e+05
7.131800079345703125e+01
2.338500061035156250e+02
6.510739746093750000e+02
1.649179992675781250e+02
1.328039062500000000e+04
1.235192343750000000e+05
9.966899871826171875e+01
1.401238750000000000e+05
9.430300140380859375e+01
3.162480468750000000e+04
1.142438359375000000e+05
4.741073437500000000e+05
1.325069946289062500e+03
1.119422000000000000e+06
1.509516967773437500e+03
2.643730000000000000e+05
7.362371093750000000e+04
5.847083125000000000e+05
1.750090781250000000e+05
1.985570068359375000e+02
9.263899993896484375e+01
1.606795937500000000e+05
5.795313125000000000e+05
4.992212109375000000e+04
1.262890014648437500e+02
1.196653203125000000e+05
1.470378320312500000e+04
9.564299774169921875e+01
5.751560000000000000e+05
3.587933593750000000e+04
7.326599884033203125e+01
3.416084765625000000e+04
1.190363828125000000e+05
1.471109924316406250e+02
1.736193281250000000e+05
7.921478125000000000e+05
6.344853515625000000e+04
3.868030090332031250e+02
1.939219970703125000e+02
6.919979858398437500e+02
2.559122070312500000e+03
1.220999984741210938e+02
1.280083125000000000e+06
1.807722265625000000e+04
7.859286875000000000e+05
5.176359375000000000e+05
6.559500122070312500e+01
1.836107031250000000e+04
3.073241943359375000e+03
7.958899688720703125e+01
9.806196093750000000e+04
1.304409863281250000e+04
3.657974375000000000e+05
1.047303750000000000e+05
4.809999847412109375e+01
1.760064843750000000e+05
2.002535937500000000e+05
5.219722265625000000e+04
1.831093125000000000e+05
1.552132187500000000e+05
2.861199687500000000e+05
1.171880035400390625e+02
4.743796093750000000e+04
8.283960000000000000e+05
3.073130625000000000e+05
1.642403250000000000e+06
1.817100067138671875e+02
3.332630004882812500e+02
5.684000015258789062e+01
1.151510009765625000e+02
5.609199905395507812e+01
2.460919952392578125e+02
2.587431875000000000e+05
1.372137031250000000e+05
1.415889687500000000e+05
4.550488671875000000e+04
3.182586523437500000e+04
1.845079956054687500e+02
1.416329956054687500e+02
3.694809875488281250e+02
1.441975750000000000e+06
5.954497265625000000e+04
5.278499984741210938e+01
7.719367968750000000e+04
9.076129882812500000e+03
6.927982500000000000e+05
3.441799926757812500e+02
3.451661718750000000e+04
5.696071250000000000e+05
6.555788281250000000e+04
6.181999969482421875e+01
2.918224121093750000e+03
1.508732968750000000e+05
3.532049865722656250e+02
4.338900146484375000e+02
1.400587125000000000e+06
2.981758750000000000e+05
2.343540039062500000e+02
2.670119934082031250e+02
3.185499954223632812e+01
2.280370312500000000e+04
1.665749969482421875e+02
4.009270019531250000e+02
1.209802734375000000e+05
1.289080047607421875e+02
4.210130004882812500e+02
3.005069885253906250e+02
8.648100280761718750e+01
5.556190185546875000e+02
2.119500625000000000e+05
1.769299926757812500e+02
1.324956562500000000e+05
1.103824951171875000e+03
9.402857031250000000e+04
1.337903125000000000e+04
5.506487500000000000e+05
1.185199966430664062e+02
2.277899932861328125e+01
1.149625546875000000e+05
5.529299926757812500e+01
5.725199890136718750e+01
4.287789916992187500e+02
2.234409942626953125e+02
2.660247812500000000e+05
3.061750781250000000e+04
1.201520004272460938e+02
2.060000038146972656e+01
1.025950012207031250e+02
1.408838593750000000e+05
1.270380020141601562e+02
1.301959991455078125e+02
3.832412187500000000e+05
2.659410095214843750e+02
1.890976250000000000e+05
2.901889953613281250e+02
4.056200027465820312e+01
5.328090209960937500e+02
9.925427500000000000e+05
1.784539947509765625e+02
1.853540039062500000e+02
8.531495312500000000e+04
1.177509994506835938e+02
1.817460021972656250e+02
5.124715312500000000e+05
3.309461250000000000e+05
1.141056000000000000e+06
5.752589721679687500e+02
3.765270080566406250e+02
1.837200012207031250e+02
1.229264218750000000e+05
2.288439941406250000e+02
1.693639984130859375e+02
4.556162500000000000e+04
7.599175781250000000e+04
5.147633984375000000e+04
1.971320312500000000e+05
4.060360107421875000e+02
5.389438125000000000e+05
1.730820007324218750e+02
4.964539375000000000e+05
5.232424062500000000e+05
2.536027099609375000e+03
6.004253125000000000e+04
3.287850036621093750e+02
8.416067187500000000e+04
1.594662656250000000e+05
5.012979062500000000e+05
4.177883789062500000e+03
1.664072625000000000e+06
7.768460083007812500e+02
9.536000061035156250e+01
4.552369995117187500e+02
4.215729980468750000e+02
1.958506054687500000e+04
8.054448125000000000e+05
3.236034687500000000e+05
1.770146562500000000e+05
2.544170074462890625e+02
1.978271250000000000e+05
8.797699737548828125e+01
9.845899963378906250e+01
3.409864062500000000e+05
2.391164843750000000e+05
8.540499877929687500e+01
6.190599822998046875e+01
3.077571250000000000e+05
8.637657031250000000e+04
2.165130004882812500e+02
4.412691875000000000e+05
1.004040312500000000e+06
1.012310028076171875e+02
4.111520080566406250e+02
3.331200312500000000e+05
1.112570037841796875e+02
2.909629375000000000e+05
3.185620117187500000e+02
5.166652812500000000e+05
1.049489974975585938e+02
7.328070312500000000e+04
9.495623046875000000e+03
2.187709960937500000e+02
2.515169982910156250e+02
1.760059967041015625e+02
6.270916250000000000e+05
9.120500183105468750e+01
2.018735250000000000e+06
1.829689941406250000e+02
1.412480010986328125e+02
1.226080312500000000e+05
5.378903125000000000e+04
1.298399963378906250e+02
1.336699981689453125e+02
9.686808125000000000e+05
1.328289947509765625e+02
2.431999969482421875e+02
2.494317343750000000e+05
8.306300354003906250e+01
2.367660064697265625e+02
2.838594500000000000e+06
4.926126875000000000e+05
3.070769958496093750e+02
9.990599822998046875e+01
4.796990625000000000e+05
1.090057578125000000e+05
7.219589843750000000e+02
1.046342109375000000e+05
3.627909851074218750e+02
2.592940063476562500e+02
2.236269989013671875e+02
3.220490112304687500e+02
6.785988281250000000e+04
1.932785034179687500e+03
1.898040468750000000e+05
1.157377187500000000e+05
6.298206640625000000e+04
4.080602187500000000e+05
3.620719375000000000e+05
1.673200073242187500e+02
2.786350000000000000e+06
4.586480102539062500e+02
1.939100074768066406e+01
3.206749877929687500e+02
7.229450073242187500e+02
1.822769927978515625e+02
2.775593017578125000e+03
5.612100219726562500e+02
1.402812500000000000e+06
1.058027954101562500e+03
3.281960144042968750e+02
9.586624218750000000e+04
1.466009979248046875e+02
3.878309936523437500e+02
1.476620025634765625e+02
4.011602187500000000e+05
8.791400146484375000e+01
5.228720092773437500e+02
5.285742578125000000e+04
4.839899902343750000e+02
4.824179375000000000e+05
2.458360742187500000e+04
1.032918906250000000e+05
3.226142812500000000e+05
2.373260040283203125e+02
2.538245507812500000e+04
7.634799957275390625e+01
9.001474218750000000e+04
2.072039947509765625e+02
6.667911718750000000e+04
1.391809997558593750e+02
3.586568125000000000e+05
2.219629687500000000e+05
1.057541015625000000e+03
8.467949829101562500e+02
1.666730041503906250e+02
4.563850390625000000e+04
2.581241718750000000e+05
2.351470156250000000e+05
1.985959930419921875e+02
2.641405000000000000e+06
1.180808125000000000e+05
1.729196250000000000e+05
8.273900146484375000e+02
3.219899902343750000e+02
9.066699981689453125e+01
2.255390014648437500e+02
6.642700195312500000e+01
8.545099639892578125e+01
3.077609863281250000e+02
1.661399993896484375e+02
1.877239990234375000e+02
3.119369921875000000e+04
6.483416015625000000e+03
1.825469970703125000e+02
2.078509979248046875e+02
4.978738281250000000e+04
2.911189880371093750e+02
2.505800056457519531e+01
1.585571718750000000e+05
4.089628125000000000e+05
1.270999984741210938e+02
6.953212500000000000e+04
9.522310180664062500e+02
4.320424687500000000e+05
1.559125937500000000e+05
2.571600036621093750e+02
6.358900070190429688e+01
5.808050000000000000e+05
4.854164062500000000e+03
3.033750000000000000e+02
1.268501406250000000e+05
2.018499946594238281e+01
1.803119687500000000e+05
1.313529968261718750e+02
1.576742812500000000e+05
1.200709991455078125e+02
2.495839375000000000e+05
2.117494750000000000e+06
2.468019531250000000e+04
6.723053906250000000e+04
3.857589687500000000e+05
1.705019218750000000e+05
1.206767578125000000e+05
2.605530090332031250e+02
1.577070007324218750e+02
2.454523125000000000e+05
3.111289978027343750e+02
3.706731562500000000e+05
3.219811562500000000e+05
1.751089935302734375e+02
9.327700042724609375e+01
3.417499923706054688e+01
4.625849914550781250e+02
4.938593750000000000e+05
1.649819946289062500e+02
1.019120025634765625e+02
2.359855781250000000e+05
8.313591406250000000e+04
5.763241875000000000e+05
1.126522949218750000e+03
5.357050170898437500e+02
1.506219940185546875e+02
3.658924072265625000e+03
7.829370117187500000e+02
1.776367968750000000e+05
5.840100097656250000e+01
3.027531250000000000e+05
9.415863125000000000e+05
5.341449218750000000e+04
3.941789855957031250e+02
2.503117187500000000e+05
2.068559375000000000e+05
1.537268250000000000e+06
9.544300079345703125e+01
3.626910095214843750e+02
3.293399963378906250e+02
2.206894687500000000e+05
2.075863750000000000e+05
5.864229736328125000e+02
1.442907343750000000e+05
1.661071562500000000e+05
5.719265234375000000e+04
1.019609985351562500e+02
2.368070068359375000e+02
1.091309967041015625e+02
1.102131958007812500e+03
2.097275878906250000e+03
7.785077343750000000e+04
2.812084687500000000e+05
1.860919952392578125e+02
1.118863125000000000e+06
5.815700149536132812e+01
5.765999984741210938e+01
6.795992187500000000e+04
4.541600036621093750e+01
8.196594531250000000e+04
2.064203593750000000e+05
4.981740112304687500e+02
5.662800781250000000e+03
2.891289978027343750e+02
1.255070037841796875e+02
1.787238750000000000e+05
6.729249877929687500e+02
3.432200937500000000e+05
1.345260253906250000e+04
9.023261875000000000e+05
1.645440063476562500e+02
2.076965625000000000e+05
7.426499938964843750e+01
2.544051718750000000e+05
2.793869934082031250e+02
3.092520141601562500e+02
8.084279785156250000e+02
3.581417812500000000e+05
1.775039978027343750e+02
1.972640075683593750e+02
5.705741250000000000e+05
6.701010131835937500e+02
2.614633250000000000e+06
3.347099914550781250e+02
5.707470092773437500e+02
1.549793906250000000e+05
1.723650054931640625e+02
6.512002734375000000e+04
4.465779296875000000e+04
1.703741015625000000e+04
6.460910156250000000e+04
1.700330047607421875e+02
2.270936718750000000e+04
9.417099761962890625e+01
1.629340057373046875e+02
1.247021093750000000e+05
9.168290625000000000e+05
4.923439941406250000e+02
3.514209899902343750e+02
1.487189941406250000e+02
1.994779968261718750e+02
2.640099906921386719e+01
4.075209960937500000e+03
3.842820129394531250e+02
9.660285625000000000e+05
2.032429962158203125e+02
2.955851562500000000e+05
3.532119531250000000e+04
2.255082968750000000e+05
6.220486250000000000e+05
1.002050018310546875e+02
2.605290937500000000e+05
1.071053750000000000e+05
4.581820068359375000e+02
2.598529968261718750e+02
1.310266967773437500e+03
7.648159790039062500e+02
5.261066796875000000e+04
2.422177968750000000e+05
2.686361250000000000e+05
1.083860961914062500e+03
2.505699920654296875e+01
9.681146875000000000e+05
5.396530151367187500e+02
7.800350000000000000e+05
1.688437500000000000e+06
1.541691250000000000e+06
7.805000305175781250e+01
2.039490051269531250e+02
4.898095625000000000e+05
4.424690625000000000e+04
4.526456562500000000e+05
2.087697500000000000e+05
3.066860046386718750e+02
2.851170043945312500e+02
3.707908437500000000e+05
2.542888125000000000e+05
7.176848125000000000e+05
1.940899963378906250e+02
2.222019218750000000e+05
3.767969970703125000e+02
5.194579687500000000e+05
2.494589996337890625e+02
8.506099700927734375e+01
2.031409843750000000e+05
4.849890136718750000e+02
7.526000213623046875e+01
9.262879687500000000e+04
2.060240020751953125e+02
5.684106250000000000e+05
1.339300468750000000e+05
2.495957500000000000e+05
6.300981640625000000e+04
3.122683437500000000e+05
8.851100158691406250e+01
1.289929962158203125e+02
1.577769927978515625e+02
1.415899047851562500e+03
8.917680468750000000e+04
2.352983125000000000e+05
4.657030029296875000e+02
1.495972812500000000e+05
1.783209991455078125e+02
1.846774687500000000e+05
1.421660003662109375e+02
6.419520263671875000e+02
6.766750000000000000e+04
4.119055625000000000e+05
1.509762375000000000e+06
4.138359985351562500e+02
3.932277812500000000e+05
1.401889953613281250e+02
3.229549865722656250e+02
1.140110015869140625e+02
3.469599914550781250e+02
7.749317500000000000e+05
2.245000076293945312e+01
7.342760009765625000e+02
1.839550018310546875e+02
5.975774218750000000e+04
3.708009062500000000e+05
4.415708984375000000e+04
2.128829531250000000e+05
1.797724062500000000e+05
8.522946875000000000e+04
7.845285156250000000e+04
1.701739843750000000e+05
6.848449707031250000e+02
6.505100250244140625e+01
2.453976718750000000e+05
5.853144921875000000e+04
1.452755937500000000e+05
3.803147656250000000e+04
1.639709930419921875e+02
5.108160156250000000e+04
5.094946484375000000e+04
4.542499923706054688e+01
1.439120025634765625e+02
8.716180468750000000e+04
1.591280059814453125e+02
7.182700347900390625e+01
2.978680114746093750e+02
5.125376250000000000e+05
3.630069885253906250e+02
2.388393125000000000e+05
5.802869873046875000e+02
5.740540161132812500e+02
5.492094531250000000e+04
1.438470001220703125e+02
3.280899810791015625e+01
1.086736484375000000e+05
3.842576250000000000e+05
1.810989990234375000e+02
4.997991250000000000e+05
2.814252812500000000e+05
3.733359985351562500e+02
1.482189941406250000e+02
1.230791796875000000e+05
1.428630065917968750e+02
2.217149963378906250e+02
2.269839935302734375e+02
3.801059875488281250e+02
1.387969970703125000e+02
3.068260742187500000e+04
3.470193750000000000e+05
4.537170104980468750e+02
7.759046093750000000e+04
4.400926250000000000e+05
3.987200164794921875e+01
1.758338593750000000e+05
1.256677343750000000e+05
6.025500106811523438e+01
1.498215937500000000e+05
3.908685058593750000e+03
8.608205625000000000e+05
2.225427343750000000e+05
8.492199707031250000e+01
3.730846250000000000e+05
8.289755468750000000e+04
4.597999877929687500e+02
1.143649978637695312e+02
6.907299804687500000e+01
3.954590148925781250e+02
9.294470214843750000e+02
2.772950134277343750e+02
6.641785625000000000e+05
2.266418359375000000e+04
