2.966604296875000000e+04
6.360382812500000000e+03
6.286826171875000000e+03
4.850669860839843750e+02
5.571410156250000000e+03
8.710433593750000000e+03
6.115324218750000000e+03
2.150343017578125000e+03
1.498239160156250000e+04
8.701090087890625000e+02
1.052625976562500000e+03
4.524900054931640625e+01
2.844677001953125000e+03
2.467342041015625000e+03
3.356478027343750000e+03
1.948569946289062500e+02
5.514653808593750000e+03
5.717990112304687500e+02
7.840380249023437500e+02
4.621096191406250000e+03
1.046828613281250000e+04
6.475423828125000000e+03
1.782429962158203125e+02
1.112109985351562500e+02
4.626704101562500000e+03
3.115899963378906250e+02
5.375672851562500000e+03
2.931139892578125000e+03
9.272969970703125000e+02
1.753878051757812500e+03
3.533540039062500000e+02
9.821430664062500000e+03
5.622119750976562500e+02
1.643480072021484375e+02
5.807009887695312500e+02
3.866010131835937500e+02
2.295570068359375000e+02
3.719800109863281250e+02
1.738600006103515625e+02
1.985769958496093750e+02
1.159064941406250000e+03
3.159219970703125000e+02
1.464700031280517578e+01
4.570452148437500000e+03
2.406390075683593750e+02
9.440160156250000000e+03
5.794279785156250000e+02
1.135039978027343750e+02
1.663009948730468750e+02
5.285850219726562500e+02
8.843920288085937500e+02
1.441275024414062500e+03
1.000142382812500000e+04
5.097879943847656250e+02
1.897108032226562500e+03
1.360760040283203125e+02
1.753370056152343750e+02
2.072899932861328125e+02
3.756619873046875000e+02
4.156832031250000000e+03
4.043090087890625000e+03
8.133399963378906250e+01
1.297927001953125000e+03
8.743028320312500000e+03
5.548989868164062500e+02
6.954475097656250000e+03
5.105000000000000000e+02
2.932145019531250000e+03
8.712089843750000000e+02
2.750109863281250000e+02
4.547278808593750000e+03
2.612319946289062500e+02
2.428741943359375000e+03
1.975890045166015625e+02
2.990629882812500000e+02
8.153629760742187500e+02
5.814329833984375000e+02
2.674919921875000000e+03
9.249028320312500000e+03
5.853270263671875000e+02
1.009745971679687500e+03
5.495969848632812500e+02
5.745789794921875000e+02
1.230500030517578125e+02
2.214537109375000000e+03
1.478809967041015625e+02
3.080122070312500000e+03
8.433589843750000000e+03
8.369799804687500000e+01
2.101147949218750000e+03
5.241060180664062500e+02
2.399177001953125000e+03
1.866549987792968750e+02
8.170604980468750000e+03
2.970711914062500000e+03
7.074500274658203125e+01
5.338214843750000000e+03
7.458010253906250000e+02
2.931722900390625000e+03
3.291875976562500000e+03
1.696561035156250000e+03
2.522749938964843750e+02
2.315579986572265625e+02
8.773566406250000000e+03
1.301443969726562500e+03
1.443390045166015625e+02
2.476513916015625000e+03
3.233622070312500000e+03
7.552380859375000000e+03
6.541810302734375000e+02
5.997271972656250000e+03
1.147740966796875000e+03
2.306340026855468750e+02
6.048280761718750000e+03
4.312789916992187500e+02
3.461940002441406250e+02
3.436589965820312500e+02
1.145147949218750000e+03
4.720509948730468750e+02
4.849410095214843750e+02
7.201992187500000000e+03
4.910310058593750000e+02
7.803939819335937500e+02
2.354999923706054688e+01
7.951667968750000000e+03
3.874753906250000000e+03
5.656060180664062500e+02
1.134478027343750000e+03
7.096870117187500000e+02
1.764353027343750000e+03
2.607860107421875000e+02
9.445280151367187500e+02
1.112039843750000000e+04
4.012225097656250000e+03
9.776699829101562500e+01
2.620621093750000000e+03
6.184888183593750000e+03
9.673850097656250000e+02
6.287773925781250000e+03
3.388379882812500000e+03
4.416303222656250000e+03
7.798200225830078125e+01
2.906830139160156250e+02
5.028649902343750000e+02
8.216699981689453125e+01
1.303681030273437500e+03
6.334500122070312500e+01
3.820264892578125000e+03
3.528959960937500000e+02
1.417180053710937500e+03
7.618562011718750000e+03
3.622269897460937500e+02
9.006050781250000000e+03
1.486360015869140625e+02
1.538060058593750000e+03
3.881470031738281250e+02
5.874108886718750000e+03
3.062929992675781250e+02
1.804982055664062500e+03
1.191787890625000000e+04
8.850735351562500000e+03
9.203969726562500000e+02
3.423670043945312500e+02
3.829049987792968750e+02
1.248651660156250000e+04
8.347150268554687500e+02
7.335984863281250000e+03
2.581000061035156250e+02
5.983779907226562500e+02
1.815014038085937500e+03
3.388014892578125000e+03
1.497171997070312500e+03
2.345756103515625000e+03
2.354830078125000000e+03
4.272520141601562500e+02
2.515071044921875000e+03
2.906010131835937500e+02
1.837319946289062500e+03
6.263540039062500000e+02
2.852699951171875000e+03
5.346220092773437500e+02
3.725969848632812500e+02
5.666149902343750000e+02
2.162096923828125000e+03
3.331696044921875000e+03
1.000950012207031250e+02
2.271798095703125000e+03
6.310641113281250000e+03
1.144973999023437500e+03
4.897850036621093750e+02
1.809082617187500000e+04
9.339589843750000000e+02
6.333550781250000000e+03
2.352010040283203125e+02
9.748469848632812500e+02
9.450100097656250000e+02
3.084939880371093750e+02
7.841929931640625000e+02
2.326623046875000000e+03
4.126359863281250000e+02
2.942439880371093750e+02
1.477579956054687500e+02
2.981669921875000000e+03
4.043697021484375000e+03
1.951954296875000000e+04
5.689210205078125000e+02
9.828120117187500000e+02
1.233379974365234375e+02
1.574519958496093750e+02
1.010213989257812500e+03
3.673009948730468750e+02
5.444516113281250000e+03
5.030450134277343750e+02
8.742839965820312500e+02
1.954722656250000000e+04
6.401200103759765625e+01
1.928833007812500000e+03
7.237386230468750000e+03
2.454059082031250000e+03
1.282745971679687500e+03
1.269639968872070312e+02
9.408269531250000000e+03
3.356180114746093750e+02
6.345048828125000000e+03
6.601210937500000000e+03
1.569029998779296875e+02
1.505508056640625000e+03
6.106016113281250000e+03
1.564389953613281250e+02
2.176488037109375000e+03
3.879270019531250000e+02
3.991488037109375000e+03
1.453088989257812500e+03
5.812273925781250000e+03
1.603970031738281250e+02
1.314217041015625000e+03
1.498979949951171875e+02
6.135009765625000000e+02
2.943349914550781250e+02
6.207199859619140625e+01
5.934700012207031250e+01
1.379129943847656250e+02
2.659997070312500000e+03
3.860419921875000000e+02
4.003190917968750000e+03
1.243779983520507812e+02
3.813649902343750000e+02
8.114069824218750000e+02
3.962799987792968750e+02
7.787109985351562500e+02
1.502539978027343750e+02
6.753359985351562500e+02
7.199528808593750000e+03
1.987297973632812500e+03
9.194039916992187500e+02
3.960889892578125000e+03
4.759500122070312500e+01
7.676229858398437500e+02
2.102736718750000000e+04
4.850369873046875000e+02
6.115724121093750000e+03
5.182739868164062500e+02
5.326499938964843750e+01
3.103869934082031250e+02
4.302659912109375000e+02
9.950875976562500000e+03
3.463260986328125000e+03
7.586060180664062500e+02
3.787354003906250000e+03
4.574079895019531250e+02
5.688675781250000000e+03
5.747960205078125000e+02
2.632730102539062500e+02
3.203720092773437500e+02
1.379821044921875000e+03
6.516094238281250000e+03
8.139619750976562500e+02
3.183880004882812500e+02
4.699193847656250000e+03
1.745463989257812500e+03
6.755720214843750000e+02
2.492359924316406250e+02
9.274642578125000000e+03
1.798334960937500000e+03
5.167810058593750000e+03
2.737870117187500000e+03
3.800029907226562500e+02
4.044580078125000000e+02
1.297986523437500000e+04
1.382270050048828125e+02
8.576919921875000000e+03
6.120652832031250000e+03
5.970011230468750000e+03
6.392373046875000000e+03
1.214125000000000000e+03
8.540360107421875000e+02
2.513294921875000000e+03
1.121277954101562500e+03
1.724080047607421875e+02
6.644000244140625000e+01
9.505650024414062500e+02
9.897420043945312500e+02
6.030099868774414062e+01
7.838939819335937500e+02
8.009739990234375000e+02
1.209160003662109375e+02
2.751102050781250000e+03
2.952630004882812500e+02
2.818987060546875000e+03
1.352918945312500000e+03
2.902000122070312500e+02
3.629612060546875000e+03
1.160419998168945312e+02
1.038420028686523438e+02
2.060610107421875000e+03
5.695490112304687500e+02
1.386060028076171875e+02
2.566997070312500000e+03
2.044552734375000000e+04
2.907269897460937500e+02
9.727689819335937500e+02
1.948183959960937500e+03
3.960050048828125000e+02
1.111660034179687500e+03
1.809785034179687500e+03
3.300109863281250000e+02
1.342411523437500000e+04
7.067550048828125000e+02
1.563630065917968750e+02
1.550019989013671875e+02
3.052445068359375000e+03
1.339936425781250000e+04
1.841594140625000000e+04
9.987599945068359375e+01
3.128760070800781250e+02
6.528371093750000000e+03
7.022942871093750000e+03
3.506250000000000000e+02
6.502705078125000000e+03
1.557550048828125000e+02
6.677821777343750000e+03
4.185389160156250000e+03
8.617260131835937500e+02
6.192219848632812500e+02
3.182680053710937500e+02
5.612080078125000000e+02
4.540660095214843750e+02
9.281569824218750000e+02
7.091290283203125000e+02
4.595299987792968750e+02
8.180980224609375000e+02
1.066579956054687500e+03
2.316961914062500000e+03
1.704989929199218750e+02
1.991500976562500000e+03
6.796846191406250000e+03
5.615262207031250000e+03
3.414685058593750000e+03
5.804016113281250000e+03
1.232796997070312500e+03
3.753554931640625000e+03
1.264940136718750000e+04
1.410980072021484375e+02
2.342140045166015625e+02
1.830790820312500000e+04
6.332979736328125000e+02
2.997699928283691406e+01
2.552577880859375000e+03
9.057579956054687500e+02
5.463619995117187500e+02
1.235189971923828125e+02
3.404700927734375000e+03
6.887500000000000000e+01
1.130739974975585938e+02
4.575150146484375000e+02
3.362000976562500000e+03
8.777266601562500000e+03
1.346970898437500000e+04
1.115874804687500000e+04
3.352919921875000000e+02
5.996075195312500000e+03
7.565089721679687500e+02
6.318163085937500000e+03
4.117578125000000000e+03
1.969459991455078125e+02
3.752733886718750000e+03
6.699140136718750000e+03
3.396217041015625000e+03
1.286852148437500000e+04
6.257180175781250000e+02
2.737134033203125000e+03
9.320999908447265625e+01
1.272912963867187500e+03
7.289210205078125000e+02
2.710729980468750000e+02
8.218617187500000000e+03
8.680739746093750000e+02
3.229320068359375000e+02
3.502749938964843750e+02
4.501770019531250000e+02
2.782239990234375000e+02
3.015809936523437500e+02
1.839830017089843750e+02
9.489050292968750000e+02
2.624004882812500000e+03
5.336658203125000000e+03
6.805204101562500000e+03
8.749879760742187500e+02
6.373850097656250000e+02
2.063404492187500000e+04
6.041699981689453125e+01
3.096177001953125000e+03
2.599159851074218750e+02
4.030488037109375000e+03
8.866983398437500000e+03
6.158859863281250000e+02
5.129979858398437500e+02
1.058660034179687500e+03
2.310140075683593750e+02
1.405420043945312500e+03
6.027429809570312500e+02
4.528937988281250000e+03
4.824298828125000000e+03
1.403324902343750000e+04
3.143429870605468750e+02
7.450330200195312500e+02
3.845310058593750000e+02
3.725663085937500000e+03
1.374739013671875000e+03
4.897574218750000000e+03
3.311595947265625000e+03
9.881172851562500000e+03
3.920774902343750000e+03
6.598389892578125000e+02
4.433760070800781250e+02
2.354304931640625000e+03
7.700397949218750000e+03
8.186856933593750000e+03
3.376359863281250000e+02
5.416640014648437500e+02
1.784490051269531250e+02
5.656680175781250000e+03
1.393540039062500000e+02
7.724069824218750000e+02
1.544968261718750000e+04
2.392485107421875000e+03
1.170849990844726562e+02
6.013486816406250000e+03
5.531060180664062500e+02
1.019700012207031250e+02
5.460096191406250000e+03
1.118515014648437500e+03
3.656589965820312500e+02
2.229999923706054688e+01
2.869800109863281250e+02
1.362198974609375000e+03
4.065350036621093750e+02
2.836519042968750000e+03
7.238330078125000000e+02
4.144599914550781250e+01
1.552468994140625000e+03
6.228709716796875000e+02
1.904350952148437500e+03
6.388779907226562500e+02
1.550760009765625000e+03
8.775573242187500000e+03
6.893848144531250000e+03
4.718960937500000000e+03
4.847147949218750000e+03
3.241412109375000000e+03
6.556309814453125000e+02
8.730300140380859375e+01
2.096169921875000000e+03
2.528761962890625000e+03
1.602060058593750000e+03
5.273929199218750000e+03
3.295570068359375000e+02
2.819295898437500000e+03
1.343146972656250000e+03
4.460599899291992188e+01
1.764058959960937500e+03
8.831700134277343750e+01
8.317328125000000000e+03
4.775933105468750000e+03
3.206279907226562500e+02
1.128745971679687500e+03
2.993989868164062500e+02
5.307130126953125000e+02
2.441537109375000000e+03
1.691432006835937500e+03
2.713593994140625000e+03
2.599540100097656250e+02
7.515951171875000000e+03
2.668250976562500000e+03
2.274426025390625000e+03
1.047051025390625000e+03
5.713800048828125000e+02
2.649769897460937500e+02
1.921979003906250000e+03
1.976478027343750000e+03
3.526929931640625000e+02
9.262736328125000000e+03
1.689378051757812500e+03
2.965559997558593750e+02
3.723407958984375000e+03
3.839218017578125000e+03
1.868970947265625000e+03
1.173104980468750000e+03
1.020920028686523438e+02
3.778200073242187500e+02
7.774240112304687500e+02
2.643399963378906250e+02
1.019351989746093750e+03
4.320969848632812500e+02
2.451379882812500000e+03
1.456647949218750000e+03
2.980469970703125000e+02
5.182280761718750000e+03
1.918953979492187500e+03
3.864809875488281250e+02
1.524299926757812500e+02
1.231050033569335938e+02
3.241659851074218750e+02
3.371759948730468750e+02
1.030864990234375000e+03
2.474995117187500000e+03
2.225260009765625000e+02
5.286895996093750000e+03
2.746695068359375000e+03
2.411300048828125000e+02
5.032770080566406250e+02
4.105812011718750000e+03
2.406010009765625000e+03
6.461589965820312500e+02
9.591430053710937500e+02
3.361839904785156250e+02
1.549859985351562500e+03
6.088560180664062500e+02
8.446259765625000000e+02
5.980520019531250000e+02
9.001160278320312500e+02
5.619889160156250000e+03
2.873259887695312500e+02
7.894400024414062500e+02
1.004880004882812500e+03
1.263265722656250000e+04
2.723330078125000000e+02
3.309339904785156250e+02
2.307127929687500000e+03
7.309580078125000000e+02
5.721434082031250000e+03
1.080194628906250000e+04
3.029866943359375000e+03
1.332703002929687500e+03
4.332956054687500000e+03
2.606820068359375000e+03
2.513820037841796875e+02
2.482785888671875000e+03
1.042750000000000000e+03
4.023160888671875000e+03
6.341619873046875000e+02
1.025004028320312500e+03
2.319270019531250000e+02
1.256219970703125000e+03
2.323849945068359375e+02
1.136526977539062500e+03
6.764842773437500000e+03
1.765795043945312500e+03
1.142699951171875000e+03
2.297100067138671875e+02
1.794032958984375000e+03
6.810579833984375000e+02
1.229484008789062500e+03
3.762179870605468750e+02
1.450193969726562500e+03
1.011692016601562500e+03
4.355858886718750000e+03
1.509060058593750000e+02
8.921929931640625000e+02
7.080999755859375000e+02
1.437862060546875000e+03
4.093180908203125000e+03
4.469873046875000000e+03
3.865700149536132812e+01
8.438600158691406250e+01
3.859542968750000000e+03
5.183800125122070312e+01
1.041736328125000000e+04
1.863619995117187500e+02
7.451320190429687500e+02
4.537539978027343750e+02
1.372761132812500000e+04
1.333328979492187500e+03
5.902360229492187500e+02
1.326305664062500000e+04
7.256605957031250000e+03
3.131780029296875000e+03
1.048832031250000000e+03
2.210221923828125000e+03
1.531453979492187500e+03
2.306556884765625000e+03
9.314349609375000000e+03
1.001267028808593750e+03
3.119894042968750000e+03
8.323709716796875000e+02
6.744198242187500000e+03
4.642460021972656250e+02
1.055205273437500000e+04
1.165670013427734375e+02
5.558613769531250000e+03
2.858309936523437500e+02
1.497680053710937500e+03
7.533485839843750000e+03
1.759947998046875000e+03
2.679625000000000000e+03
2.055974121093750000e+03
1.177900028228759766e+01
5.155690917968750000e+03
1.435807324218750000e+04
1.325520019531250000e+02
5.319315917968750000e+03
1.799730072021484375e+02
6.399813964843750000e+03
2.327252929687500000e+03
1.324895996093750000e+03
1.491529998779296875e+02
6.703670043945312500e+02
2.581809997558593750e+02
1.121385009765625000e+03
2.478300018310546875e+02
7.063560058593750000e+03
5.475900268554687500e+02
2.632053955078125000e+03
5.542760009765625000e+02
1.181093017578125000e+03
4.250180175781250000e+03
9.686622070312500000e+03
1.298318969726562500e+03
7.612440185546875000e+02
3.803500061035156250e+02
1.138447998046875000e+03
4.309292968750000000e+03
4.064199829101562500e+01
1.383959960937500000e+02
1.174697021484375000e+03
1.364769042968750000e+03
4.273945800781250000e+03
5.855759887695312500e+02
1.687456835937500000e+04
1.621014062500000000e+04
6.314400100708007812e+01
1.377732055664062500e+03
1.240334960937500000e+03
9.225900268554687500e+01
1.299598022460937500e+03
1.705550048828125000e+03
6.520902832031250000e+03
2.952990112304687500e+02
2.614970092773437500e+02
2.854190917968750000e+03
6.296389770507812500e+02
2.886153076171875000e+03
1.104450195312500000e+04
4.317460021972656250e+02
7.680899810791015625e+01
9.419704101562500000e+03
4.874830017089843750e+02
6.674489746093750000e+02
7.856942871093750000e+03
1.028125000000000000e+03
3.592641113281250000e+03
1.371052001953125000e+03
3.368673095703125000e+03
3.405679931640625000e+02
1.156807006835937500e+03
2.344197998046875000e+03
8.916550292968750000e+02
3.742070007324218750e+02
1.256549987792968750e+02
6.909769897460937500e+02
4.370299911499023438e+01
3.068104980468750000e+03
5.778629760742187500e+02
4.492820129394531250e+02
3.119500122070312500e+02
4.549287109375000000e+03
6.196784179687500000e+03
1.003723730468750000e+04
2.437619934082031250e+02
2.098072021484375000e+03
4.099033203125000000e+03
1.073436035156250000e+03
2.131457421875000000e+04
5.645138183593750000e+03
8.655560302734375000e+02
8.889810180664062500e+02
2.665989990234375000e+02
1.304702441406250000e+04
1.917697656250000000e+04
1.972359924316406250e+02
7.733384765625000000e+03
4.272455078125000000e+03
9.520620117187500000e+03
1.909057983398437500e+03
1.732339935302734375e+02
1.016250000000000000e+02
2.270209960937500000e+03
1.376073974609375000e+03
7.087000274658203125e+01
3.224360046386718750e+02
9.028551757812500000e+03
1.123053027343750000e+04
1.128802001953125000e+03
5.593874023437500000e+03
2.347832031250000000e+03
2.248182617187500000e+04
2.337040039062500000e+03
5.480699920654296875e+01
1.205009033203125000e+03
2.230410003662109375e+02
4.875736816406250000e+03
5.341729736328125000e+02
1.611491943359375000e+03
1.021518005371093750e+03
4.178300094604492188e+01
4.234360046386718750e+02
1.346162109375000000e+04
4.265790100097656250e+02
6.672080078125000000e+02
3.358389892578125000e+02
2.093637939453125000e+03
9.574379882812500000e+02
2.427149963378906250e+02
1.252380004882812500e+03
9.386100006103515625e+01
3.913525878906250000e+03
5.062801757812500000e+03
7.655865234375000000e+03
5.648770996093750000e+03
2.280410003662109375e+02
1.560662207031250000e+04
3.044519958496093750e+02
7.878076171875000000e+03
9.723159790039062500e+02
2.000604980468750000e+03
1.962545043945312500e+03
5.797138183593750000e+03
5.550410156250000000e+02
1.345807983398437500e+03
1.804352050781250000e+03
8.722841796875000000e+03
2.884216064453125000e+03
2.782148925781250000e+03
2.795813964843750000e+03
1.852420043945312500e+02
3.398799896240234375e+01
1.943442993164062500e+03
2.520370025634765625e+02
1.695781005859375000e+03
1.502338012695312500e+03
2.561780090332031250e+02
2.615808105468750000e+03
7.908699798583984375e+01
2.513275878906250000e+03
5.869320068359375000e+02
1.281119995117187500e+02
2.474016113281250000e+03
6.493670043945312500e+02
1.498320007324218750e+02
2.199799957275390625e+02
9.078500366210937500e+01
3.898359985351562500e+02
3.312570068359375000e+03
1.318172973632812500e+03
7.875819702148437500e+02
3.591619873046875000e+02
2.355110015869140625e+02
1.028770703125000000e+04
1.117020019531250000e+03
8.137500000000000000e+01
3.965419921875000000e+02
6.167139892578125000e+02
5.971688964843750000e+03
1.065463989257812500e+03
9.000241210937500000e+03
3.686539916992187500e+02
4.160650024414062500e+02
8.065046875000000000e+03
1.846000976562500000e+03
1.491670043945312500e+03
9.229719848632812500e+02
4.511770019531250000e+02
4.078177001953125000e+03
1.643063964843750000e+03
1.228389843750000000e+04
1.842026977539062500e+03
3.410532958984375000e+03
1.310602050781250000e+03
9.620776367187500000e+03
8.821969726562500000e+03
2.318518066406250000e+03
4.120589904785156250e+02
3.082214111328125000e+03
1.143634033203125000e+03
3.499519958496093750e+02
6.331748046875000000e+03
9.773350219726562500e+02
2.178659973144531250e+02
2.763299072265625000e+03
2.989281005859375000e+03
7.174371093750000000e+03
1.915379943847656250e+02
1.171460839843750000e+04
1.400850067138671875e+02
1.727931054687500000e+04
5.628540039062500000e+02
5.049408203125000000e+03
1.278343359375000000e+04
8.777059936523437500e+02
4.059728027343750000e+03
5.717189941406250000e+02
1.417381958007812500e+03
2.476522949218750000e+03
4.169777832031250000e+03
4.341133789062500000e+03
1.342441040039062500e+03
9.472799682617187500e+01
1.091677001953125000e+03
5.951777832031250000e+03
2.372310028076171875e+02
5.254000000000000000e+03
6.932168945312500000e+03
3.237019958496093750e+02
1.541049957275390625e+02
4.934974121093750000e+03
1.510196582031250000e+04
5.968442871093750000e+03
4.439880065917968750e+02
5.325975097656250000e+03
7.292630004882812500e+02
7.321740112304687500e+02
1.740473632812500000e+04
2.205264892578125000e+03
3.565052001953125000e+03
4.739300781250000000e+03
2.414510040283203125e+02
1.554179992675781250e+02
2.567933105468750000e+03
1.277020034790039062e+02
2.626033935546875000e+03
9.183992187500000000e+03
1.308621948242187500e+03
1.496909057617187500e+03
4.607399902343750000e+02
1.407934375000000000e+04
2.200269927978515625e+02
7.381148925781250000e+03
7.394678222656250000e+03
6.490700073242187500e+02
1.160411010742187500e+03
1.787680053710937500e+02
9.791480102539062500e+02
9.638150024414062500e+02
1.363677001953125000e+03
4.633469848632812500e+02
2.308754882812500000e+03
3.661319885253906250e+02
5.846970214843750000e+02
2.296623046875000000e+03
5.275749023437500000e+03
1.494438085937500000e+04
2.118520050048828125e+02
5.775615234375000000e+03
1.451656005859375000e+03
5.079250976562500000e+03
1.963583007812500000e+03
4.294540100097656250e+02
1.278828002929687500e+03
9.307310180664062500e+02
1.541670074462890625e+02
5.519541992187500000e+03
9.379598632812500000e+03
2.951329956054687500e+02
3.119270019531250000e+02
1.032249984741210938e+02
7.909200286865234375e+01
1.250559997558593750e+02
1.539960021972656250e+02
3.814479003906250000e+03
2.128869934082031250e+02
5.643750000000000000e+02
8.767490234375000000e+02
4.709410095214843750e+02
3.362799987792968750e+02
9.225231445312500000e+03
1.593873046875000000e+03
9.166480102539062500e+02
1.411394042968750000e+03
4.041438964843750000e+03
2.089438964843750000e+03
8.071066894531250000e+03
1.691292968750000000e+03
2.692650146484375000e+02
9.825219726562500000e+02
1.623978125000000000e+04
2.434280029296875000e+03
3.739410095214843750e+02
5.245889892578125000e+02
2.956904052734375000e+03
3.216430053710937500e+02
1.026920312500000000e+04
7.034004882812500000e+03
7.283590087890625000e+02
8.276777343750000000e+03
8.966209716796875000e+02
8.176459960937500000e+02
1.102767944335937500e+03
1.456072167968750000e+04
1.223284057617187500e+03
2.736720947265625000e+03
6.059539794921875000e+02
5.374479980468750000e+02
3.161539916992187500e+02
1.185198974609375000e+03
1.330074951171875000e+03
2.137724121093750000e+03
8.832630004882812500e+02
6.153439941406250000e+02
5.111270141601562500e+02
6.777768066406250000e+03
1.263411010742187500e+03
2.346959991455078125e+02
7.076209716796875000e+02
6.213765136718750000e+03
5.825330200195312500e+02
1.117929992675781250e+02
2.801886962890625000e+03
1.737899932861328125e+02
5.485269775390625000e+02
1.627189941406250000e+02
1.212162963867187500e+03
4.466742187500000000e+03
4.549979858398437500e+02
1.281430053710937500e+03
5.822609863281250000e+02
5.255255859375000000e+03
2.890772949218750000e+03
1.923540039062500000e+02
1.665936035156250000e+03
1.164874023437500000e+03
1.206819992065429688e+02
2.466829986572265625e+02
1.201952026367187500e+03
1.508199977874755859e+01
2.003939971923828125e+02
1.823322021484375000e+03
4.390329895019531250e+02
7.444559936523437500e+02
8.924409790039062500e+02
3.499980957031250000e+03
2.470064941406250000e+03
1.461828002929687500e+03
1.408180053710937500e+03
2.621678515625000000e+04
1.246816113281250000e+04
3.545899963378906250e+01
4.246140136718750000e+03
2.612739868164062500e+02
2.854833007812500000e+03
2.721480102539062500e+02
2.838084960937500000e+03
1.544929962158203125e+02
3.938320007324218750e+02
3.945570068359375000e+02
7.520000000000000000e+02
1.577062988281250000e+03
8.364399719238281250e+01
1.007349975585937500e+03
6.278649902343750000e+03
6.351049804687500000e+02
2.392195068359375000e+03
2.343350067138671875e+02
1.136259994506835938e+02
1.004886816406250000e+04
1.107369995117187500e+02
8.582199859619140625e+01
4.734832031250000000e+03
4.615499877929687500e+02
8.388300170898437500e+02
4.701669921875000000e+02
2.323289947509765625e+02
5.496387207031250000e+03
2.201080017089843750e+02
2.035809936523437500e+02
4.369243164062500000e+03
3.564824951171875000e+03
1.965286010742187500e+03
2.122612060546875000e+03
2.992763916015625000e+03
1.204145019531250000e+03
