1.177093125000000000e+06
1.010864900000000000e+07
2.538000106811523438e+00
1.457150875000000000e+06
3.210523437500000000e+05
9.223999977111816406e+00
1.717896000000000000e+06
1.198582600000000000e+07
4.414000034332275391e+00
1.567114600000000000e+07
9.126126000000000000e+06
3.296000003814697266e+00
1.414105400000000000e+07
7.334000110626220703e+00
4.122000217437744141e+00
4.140859062500000000e+05
1.940517750000000000e+06
4.570431875000000000e+05
2.424000024795532227e+00
7.682903750000000000e+05
1.136472900000000000e+07
7.468880004882812500e+02
5.840663000000000000e+06
1.272588100000000000e+07
3.816999912261962891e+00
3.020411500000000000e+06
7.694916000000000000e+06
6.585000038146972656e+00
6.380714453125000000e+04
7.507092500000000000e+06
6.397903500000000000e+06
3.483879250000000000e+06
3.870600128173828125e+01
3.490149750000000000e+06
1.945012400000000000e+07
6.884593500000000000e+06
3.757119750000000000e+06
6.747753125000000000e+05
1.618829956054687500e+03
1.961114013671875000e+03
4.280599975585937500e+01
2.571220092773437500e+02
1.879275500000000000e+06
2.151085750000000000e+06
5.257732000000000000e+06
1.692669750000000000e+06
2.689289855957031250e+02
9.252829000000000000e+06
1.654634100000000000e+07
6.395016000000000000e+06
1.810082400000000000e+07
4.330423437500000000e+05
6.768690185546875000e+02
1.145607200000000000e+07
4.709000110626220703e+00
5.645951000000000000e+06
7.056133000000000000e+06
1.099770500000000000e+07
3.578695500000000000e+06
4.175287250000000000e+06
1.194108032226562500e+03
7.568938125000000000e+05
1.001000046730041504e+00
9.348310000000000000e+06
7.412904000000000000e+06
5.427439500000000000e+06
4.784691000000000000e+06
5.864220500000000000e+06
7.427000045776367188e+00
5.664651000000000000e+06
1.606506875000000000e+06
1.273900032043457031e+01
1.786999940872192383e+00
3.560846923828125000e+03
7.361218000000000000e+06
9.590937500000000000e+05
2.101000070571899414e+00
8.442700000000000000e+06
2.111651500000000000e+06
4.113193000000000000e+06
3.101910000000000000e+05
2.665999889373779297e+00
5.012093000000000000e+06
8.232984375000000000e+05
3.475556800000000000e+07
2.037178125000000000e+05
1.920211875000000000e+06
2.753857000000000000e+06
2.040551200000000000e+07
3.851999998092651367e+00
1.953307875000000000e+06
9.508000373840332031e+00
1.035869000000000000e+07
9.066729736328125000e+02
4.080873500000000000e+06
7.953106500000000000e+06
5.609420166015625000e+02
6.761448500000000000e+06
3.621387250000000000e+06
2.093510986328125000e+03
2.525540200000000000e+07
3.790900000000000000e+05
2.913588500000000000e+06
5.541639500000000000e+06
2.462742000000000000e+06
1.641820300000000000e+07
5.702069702148437500e+02
3.322929250000000000e+06
3.405469970703125000e+03
7.737775000000000000e+05
1.144925400000000000e+07
1.163557100000000000e+07
2.164021800000000000e+07
8.212668000000000000e+06
6.667046875000000000e+04
3.712632250000000000e+06
4.143899917602539062e+01
2.177210000000000000e+07
2.201654843750000000e+05
3.948102250000000000e+06
2.313529062500000000e+05
7.363349000000000000e+06
7.144237500000000000e+06
5.015184000000000000e+06
3.052000045776367188e+00
4.161839750000000000e+06
6.503517500000000000e+05
1.524160250000000000e+06
2.011181093750000000e+05
4.359404500000000000e+06
2.498205500000000000e+06
2.138013750000000000e+06
2.026000022888183594e+00
4.973018750000000000e+05
1.400029100000000000e+07
1.621535468750000000e+05
2.404000043869018555e+00
3.196299934387207031e+01
2.002348625000000000e+06
3.900842500000000000e+06
9.822110000000000000e+06
9.605448125000000000e+05
1.041028500000000000e+07
4.392825937500000000e+05
3.912476000000000000e+06
2.057365966796875000e+03
2.558799934387207031e+01
3.276904500000000000e+06
1.110032958984375000e+03
1.012773750000000000e+06
2.880651000000000000e+07
3.643177750000000000e+06
1.449216500000000000e+07
1.989593250000000000e+06
4.474289500000000000e+06
2.019629000000000000e+07
3.785706750000000000e+06
3.855000019073486328e+00
1.808695500000000000e+06
4.533975500000000000e+06
1.821170043945312500e+03
1.702492375000000000e+06
6.504870000000000000e+06
1.895451000000000000e+07
2.042654750000000000e+06
2.025050048828125000e+02
1.110557500000000000e+06
3.841767250000000000e+06
1.178843125000000000e+06
2.739467500000000000e+06
9.706078125000000000e+05
1.133589100000000000e+07
1.125599750000000000e+06
3.748133437500000000e+05
3.871000051498413086e+00
4.296000003814697266e+00
1.436536010742187500e+03
8.102002500000000000e+06
2.192601000000000000e+06
3.585898000000000000e+06
3.935405000000000000e+06
3.805159500000000000e+06
9.678593000000000000e+06
5.617000102996826172e+00
3.346306750000000000e+06
1.420247100000000000e+07
7.091854500000000000e+06
8.810910000000000000e+05
7.256797000000000000e+06
4.812938500000000000e+06
1.461399875000000000e+06
1.134114500000000000e+07
4.041539375000000000e+05
1.698619750000000000e+06
1.177511600000000000e+07
6.027221000000000000e+06
5.179999828338623047e+00
4.185999870300292969e+00
4.943266000000000000e+06
3.423000097274780273e+00
6.041879000000000000e+06
4.040374250000000000e+06
1.706960500000000000e+06
1.114800500000000000e+07
4.254511000000000000e+06
6.373205000000000000e+06
2.239317031250000000e+05
2.379400062561035156e+01
1.497532100000000000e+07
8.536290000000000000e+06
2.570474500000000000e+06
1.470000028610229492e+00
1.594697375000000000e+06
2.728070750000000000e+06
4.708698000000000000e+06
5.243025500000000000e+06
1.604975300000000000e+07
4.391056000000000000e+06
2.203699500000000000e+06
1.609093017578125000e+03
1.073352375000000000e+06
1.808972200000000000e+07
1.429459960937500000e+03
9.274000167846679688e+00
2.764696000000000000e+06
2.124750061035156250e+02
3.118669000000000000e+06
3.403479919433593750e+02
2.136869250000000000e+06
5.292696000000000000e+06
4.977916000000000000e+06
1.775015468750000000e+05
3.399806884765625000e+03
2.312696500000000000e+06
4.717499000000000000e+06
3.156264500000000000e+06
2.645565000000000000e+06
2.041340026855468750e+02
8.708069000000000000e+06
8.952108000000000000e+06
2.858540039062500000e+02
7.018828500000000000e+06
1.929721562500000000e+05
5.647685000000000000e+06
1.142762939453125000e+03
1.415022949218750000e+03
3.363125000000000000e+05
3.527438750000000000e+06
2.618999958038330078e+00
5.530536000000000000e+06
6.944339500000000000e+06
2.224340057373046875e+02
1.797999978065490723e+00
4.085000038146972656e+00
3.426000118255615234e+00
3.111539750000000000e+06
1.592983032226562500e+03
1.355963250000000000e+06
5.323166015625000000e+03
2.848426562500000000e+05
1.654000091552734375e+01
9.904256000000000000e+06
1.254999995231628418e+00
2.644140750000000000e+06
5.048084500000000000e+06
1.476064200000000000e+07
6.676407000000000000e+06
8.404999732971191406e+00
5.979999899864196777e-01
3.924288000000000000e+06
1.552516750000000000e+06
5.266154000000000000e+06
2.525273925781250000e+03
1.387760009765625000e+02
1.240304600000000000e+07
1.440429625000000000e+06
1.456299125000000000e+06
3.356290750000000000e+06
5.912206000000000000e+06
7.230503125000000000e+05
1.585999965667724609e+00
1.298920500000000000e+07
3.189454600000000000e+07
1.923686000000000000e+07
9.726113000000000000e+06
1.173546750000000000e+06
5.515599822998046875e+01
3.056726562500000000e+05
5.989199000000000000e+06
3.282438000000000000e+06
2.739940000000000000e+06
2.934361000000000000e+06
1.173715400000000000e+07
7.118999958038330078e+00
8.172203125000000000e+05
2.955440917968750000e+03
7.959140500000000000e+06
2.390254500000000000e+06
8.240135000000000000e+06
7.158835000000000000e+06
4.997563500000000000e+06
8.235170000000000000e+06
3.367430500000000000e+06
1.230641600000000000e+07
2.707124500000000000e+06
6.125788750000000000e+05
1.407454000000000000e+07
3.849376250000000000e+05
2.994103500000000000e+06
5.810762207031250000e+03
9.323138125000000000e+05
3.372999906539916992e+00
5.005000114440917969e+00
1.561029875000000000e+06
1.051981200000000000e+07
8.513646000000000000e+06
7.677871000000000000e+06
1.965387000000000000e+06
9.657378000000000000e+06
1.797643400000000000e+07
1.536589375000000000e+05
7.045124000000000000e+06
2.112767750000000000e+06
1.092868900000000000e+07
2.251864200000000000e+07
9.109253000000000000e+06
4.016852000000000000e+06
7.875913750000000000e+05
3.708197250000000000e+06
5.019999742507934570e-01
2.075992500000000000e+05
2.238400077819824219e+01
2.437999963760375977e+00
2.056880250000000000e+06
8.693755000000000000e+05
5.541262500000000000e+06
2.472158000000000000e+06
8.893031000000000000e+06
6.000799942016601562e+01
8.682128000000000000e+06
4.685800170898437500e+01
4.824489687500000000e+05
3.995206250000000000e+06
2.969000101089477539e+00
3.377862812500000000e+05
3.443999500000000000e+06
3.114613000000000000e+06
1.124805900000000000e+07
2.492688250000000000e+06
1.003628125000000000e+06
2.430996500000000000e+06
3.203738250000000000e+06
7.607746500000000000e+06
1.365486000000000000e+07
1.258552625000000000e+06
5.166070312500000000e+05
2.514111000000000000e+07
5.265829500000000000e+06
8.398620000000000000e+06
9.309525000000000000e+06
3.608583750000000000e+06
1.583444375000000000e+06
4.729859924316406250e+02
4.839650625000000000e+05
1.100312375000000000e+06
7.413183500000000000e+06
2.937013500000000000e+06
1.364400005340576172e+01
8.720848000000000000e+06
1.792141250000000000e+06
4.784406000000000000e+06
9.356758000000000000e+06
7.204495500000000000e+06
7.637958750000000000e+05
3.257979003906250000e+03
2.901000022888183594e+00
1.225167200000000000e+07
3.495940500000000000e+06
4.450777500000000000e+06
4.449975500000000000e+06
5.300877500000000000e+06
4.566799926757812500e+01
4.639602000000000000e+06
9.364649000000000000e+06
1.337032400000000000e+07
4.719004500000000000e+06
1.613955273437500000e+04
5.132486000000000000e+06
1.628529875000000000e+06
1.554466100000000000e+07
2.916940500000000000e+06
5.722714500000000000e+06
3.143105750000000000e+06
1.800573000000000000e+06
6.503288500000000000e+06
2.355146000000000000e+06
5.861531000000000000e+06
4.330999851226806641e+00
1.556651000000000000e+06
2.211941750000000000e+06
7.772051500000000000e+06
3.745067750000000000e+06
9.040676000000000000e+06
1.078699951171875000e+03
3.544546875000000000e+05
8.623140000000000000e+05
1.359080625000000000e+06
5.714581000000000000e+06
1.499423950195312500e+03
1.484464750000000000e+06
1.678742000000000000e+07
1.261424500000000000e+06
1.470375976562500000e+03
2.531918750000000000e+06
5.150000095367431641e+00
4.849689062500000000e+05
4.330799865722656250e+01
2.015034062500000000e+05
4.748375312500000000e+05
1.246626900000000000e+07
2.732845750000000000e+06
4.870403500000000000e+06
2.336058500000000000e+06
7.045000076293945312e+00
2.039360046386718750e+02
5.578319500000000000e+06
1.201822800000000000e+07
1.753231200000000000e+07
1.347349300000000000e+07
5.012109985351562500e+02
9.802081000000000000e+06
1.130214400000000000e+07
7.443818125000000000e+05
5.611953500000000000e+06
6.995499000000000000e+06
5.711925500000000000e+06
2.467999935150146484e+00
2.299120250000000000e+06
3.017999887466430664e+00
7.876338125000000000e+05
1.031064200000000000e+07
5.424753000000000000e+06
8.744007000000000000e+06
8.550538000000000000e+06
1.664545875000000000e+06
2.398800086975097656e+01
4.758595500000000000e+06
8.233879375000000000e+05
1.363000035285949707e+00
1.070933125000000000e+05
3.261191500000000000e+06
7.043291500000000000e+06
1.475487109375000000e+04
3.413239500000000000e+06
8.624538000000000000e+06
3.229402750000000000e+06
1.447740750000000000e+06
2.969384750000000000e+06
3.208182250000000000e+06
1.163500000000000000e+03
1.510184300000000000e+07
7.485896875000000000e+04
7.784509887695312500e+02
2.049000024795532227e+00
9.931548000000000000e+06
1.708286200000000000e+07
2.707334750000000000e+06
1.262721500000000000e+07
3.323999881744384766e+00
5.290999889373779297e+00
2.921550400000000000e+07
6.323619995117187500e+02
1.242041900000000000e+07
1.383000016212463379e+00
1.096883000000000000e+06
5.297372000000000000e+06
5.216000080108642578e+00
1.176900005340576172e+01
8.230398125000000000e+05
1.521181900000000000e+07
1.543569687500000000e+05
8.900479375000000000e+05
5.355000019073486328e+00
1.513000011444091797e+00
2.338099000000000000e+06
1.827065500000000000e+06
1.461355900000000000e+07
4.953577000000000000e+06
3.587540000000000000e+06
2.009468875000000000e+06
8.879623125000000000e+05
2.320899963378906250e+01
2.217979500000000000e+06
1.289662000000000000e+07
1.592872500000000000e+07
8.951950000000000000e+06
2.833185500000000000e+06
1.302882000000000000e+06
9.589999914169311523e-01
1.898443800000000000e+07
1.463999986648559570e+00
1.753000020980834961e+00
8.634800000000000000e+06
4.216969238281250000e+03
3.844277000000000000e+06
5.750000000000000000e+00
4.319721500000000000e+06
3.959476500000000000e+06
7.776064000000000000e+06
3.797642750000000000e+06
3.919361250000000000e+06
9.834033125000000000e+05
9.687436875000000000e+05
4.676830000000000000e+06
1.168403500000000000e+07
1.631699943542480469e+01
3.535000085830688477e+00
1.601999998092651367e+00
3.399882187500000000e+05
6.940778808593750000e+03
1.220317500000000000e+07
1.535904250000000000e+06
4.262901500000000000e+06
3.271002250000000000e+06
1.345285700000000000e+07
4.797371500000000000e+06
9.745196000000000000e+06
3.566999912261962891e+00
4.984313000000000000e+06
3.154443500000000000e+06
6.325399000000000000e+06
1.413627125000000000e+06
2.677000045776367188e+00
6.609233500000000000e+06
2.564937500000000000e+06
4.343980102539062500e+02
1.317052625000000000e+06
4.159469375000000000e+05
2.054014000000000000e+06
5.327918000000000000e+06
2.742885000000000000e+06
2.096644375000000000e+06
8.065362000000000000e+06
1.466825250000000000e+06
1.105632600000000000e+07
6.255652500000000000e+06
2.213981250000000000e+06
8.636498000000000000e+06
2.906540000000000000e+06
9.105453000000000000e+06
8.296571000000000000e+06
1.574724218750000000e+05
1.248537800000000000e+07
2.263075500000000000e+06
9.612864000000000000e+06
5.357064500000000000e+06
6.092465625000000000e+05
9.363899993896484375e+01
7.059403750000000000e+05
7.667784500000000000e+06
1.390778625000000000e+06
6.580628500000000000e+06
7.407578750000000000e+05
6.705393500000000000e+06
5.230797812500000000e+05
7.610862500000000000e+06
1.409094600000000000e+07
3.362483437500000000e+05
1.528615966796875000e+03
4.174692250000000000e+06
2.335720250000000000e+06
4.460702500000000000e+06
1.050641100000000000e+07
1.582641250000000000e+06
1.893993375000000000e+06
3.892596750000000000e+06
1.176313500000000000e+06
1.492865400000000000e+07
2.292494000000000000e+06
4.757500000000000000e+02
2.699682750000000000e+06
5.067166000000000000e+06
1.367008800000000000e+07
1.174334800000000000e+07
5.544169500000000000e+06
3.520650000000000000e+05
1.452540800000000000e+07
6.753827500000000000e+06
8.478800201416015625e+01
6.692242500000000000e+06
3.156530250000000000e+06
3.507796750000000000e+06
1.628129000000000000e+07
4.307000160217285156e+00
4.787061000000000000e+06
1.686824875000000000e+06
3.545354250000000000e+06
6.485772000000000000e+06
4.078518750000000000e+06
5.969004500000000000e+06
2.754257500000000000e+06
8.821850625000000000e+05
1.056809700000000000e+07
9.555256000000000000e+06
6.778286500000000000e+06
5.434816796875000000e+04
4.477545000000000000e+06
6.129199829101562500e+02
2.119601000000000000e+06
3.540999889373779297e+00
1.046226400000000000e+07
2.568000078201293945e+00
7.539897500000000000e+06
4.424488769531250000e+03
2.137320500000000000e+06
2.512175250000000000e+06
6.173789500000000000e+06
1.028816800000000000e+07
2.563493896484375000e+03
1.919469400000000000e+07
4.234845000000000000e+06
1.310388700000000000e+07
4.687230000000000000e+06
4.120800250000000000e+06
4.810637812500000000e+05
3.521950073242187500e+02
4.763510131835937500e+02
1.187760200000000000e+07
1.996971875000000000e+06
2.703570500000000000e+06
8.845992500000000000e+05
9.134966000000000000e+06
9.135227000000000000e+06
2.135199928283691406e+01
6.569046500000000000e+06
7.004125000000000000e+06
5.053278400000000000e+07
3.305697500000000000e+06
1.671499000000000000e+06
5.133257000000000000e+06
1.737298750000000000e+06
7.812608000000000000e+06
5.435356933593750000e+03
2.456907500000000000e+06
1.862810875000000000e+06
1.989869200000000000e+07
5.063000202178955078e+00
6.623000144958496094e+00
7.961845500000000000e+06
2.531608593750000000e+05
4.622000217437744141e+00
3.931865000000000000e+05
8.730000257492065430e-01
6.160408000000000000e+06
1.152866500000000000e+06
1.724182500000000000e+06
1.145969100000000000e+07
1.382874900000000000e+07
1.138986800000000000e+07
8.263514000000000000e+06
2.272355000000000000e+06
6.531720000000000000e+05
1.068176800000000000e+07
1.698891967773437500e+03
5.676259500000000000e+06
1.036979900000000000e+07
1.005427200000000000e+07
1.758708500000000000e+06
4.057000160217285156e+00
4.043868500000000000e+06
7.831984375000000000e+05
6.534804375000000000e+05
9.973836250000000000e+05
7.277399375000000000e+05
1.312953000000000000e+06
4.525469500000000000e+06
2.297526400000000000e+07
7.944055000000000000e+06
4.174855500000000000e+06
2.890354250000000000e+06
7.901742000000000000e+06
3.165031005859375000e+03
3.502574000000000000e+06
1.917399978637695312e+01
2.813720092773437500e+02
3.825999832153320312e+01
4.695846500000000000e+06
3.628724250000000000e+06
1.429148000000000000e+07
9.082173000000000000e+06
2.743702800000000000e+07
2.839206000000000000e+06
7.173551875000000000e+05
6.548850000000000000e+06
3.891766250000000000e+06
7.184876000000000000e+06
4.250999927520751953e+00
3.331532958984375000e+03
1.085485600000000000e+07
7.101704375000000000e+05
2.549000024795532227e+00
4.436110000000000000e+06
1.723501953125000000e+03
5.100178000000000000e+06
7.426463000000000000e+06
8.756033000000000000e+06
5.808599853515625000e+01
1.780378625000000000e+06
9.652999877929687500e+00
2.440050250000000000e+06
6.450495500000000000e+06
1.691154531250000000e+05
2.189262500000000000e+06
1.459028906250000000e+05
3.550911250000000000e+06
1.412200600000000000e+07
8.201218500000000000e+06
1.055429300000000000e+07
1.832507000000000000e+07
4.668731000000000000e+06
1.211400032043457031e+01
2.670515250000000000e+06
5.353170500000000000e+06
6.490234000000000000e+06
3.873600006103515625e+01
2.188731000000000000e+07
1.725200625000000000e+06
2.953243250000000000e+06
9.871760253906250000e+02
4.207314453125000000e+04
1.213899993896484375e+01
5.353200000000000000e+04
3.510335937500000000e+05
7.493148000000000000e+06
1.402755375000000000e+06
5.226747500000000000e+06
1.624236093750000000e+05
2.610225000000000000e+06
1.381300048828125000e+03
1.107769900000000000e+07
7.510811500000000000e+06
1.098603027343750000e+03
1.154546020507812500e+03
8.872598750000000000e+05
4.260000228881835938e+00
5.432506000000000000e+06
3.186201250000000000e+06
9.885448000000000000e+06
1.984076049804687500e+03
4.094302500000000000e+05
2.148999929428100586e+00
1.952710625000000000e+05
2.068361125000000000e+06
2.388479882812500000e+04
6.210085000000000000e+06
7.455749000000000000e+06
1.544954750000000000e+06
2.603672119140625000e+03
3.845000028610229492e+00
1.310030400000000000e+07
5.051331000000000000e+06
7.366331500000000000e+06
3.693087500000000000e+06
2.892282000000000000e+06
1.883705250000000000e+06
3.670473250000000000e+06
1.528526375000000000e+06
9.648761250000000000e+05
5.993191500000000000e+06
1.480270900000000000e+07
8.695111000000000000e+06
1.135234625000000000e+06
1.220446500000000000e+06
1.427362060546875000e+03
7.099275878906250000e+03
3.042999982833862305e+00
1.371213300000000000e+07
5.378744000000000000e+06
4.428287187500000000e+05
3.793287750000000000e+06
2.076616500000000000e+06
4.383581000000000000e+06
2.732302500000000000e+06
9.351617000000000000e+06
3.852999925613403320e+00
3.493499200000000000e+07
2.767999887466430664e+00
1.734885600000000000e+07
3.498801562500000000e+05
3.974291250000000000e+06
3.940733500000000000e+06
1.470254125000000000e+06
5.274359500000000000e+06
1.174029998779296875e+02
5.800871500000000000e+06
2.598500061035156250e+01
1.244938700000000000e+07
1.788439375000000000e+06
8.625499725341796875e+01
4.812235000000000000e+06
1.297000050544738770e+00
7.519899749755859375e+01
1.471948375000000000e+06
2.767777099609375000e+03
3.503000020980834961e+00
1.550175000000000000e+07
1.353700125000000000e+06
1.201101125000000000e+06
2.174887200000000000e+07
1.318901100000000000e+07
3.335689000000000000e+06
6.242294375000000000e+05
6.987956500000000000e+06
1.156395250000000000e+06
3.153181000000000000e+06
6.421086875000000000e+05
1.018949966430664062e+02
3.639506750000000000e+06
1.654244700000000000e+07
4.208262500000000000e+06
3.638459062500000000e+05
9.574952500000000000e+05
3.692783250000000000e+06
9.504108000000000000e+06
3.717436750000000000e+06
1.099600028991699219e+01
1.426027954101562500e+03
3.117639600000000000e+07
2.954700500000000000e+06
6.725963281250000000e+04
8.302994375000000000e+05
2.047123375000000000e+06
4.281893000000000000e+06
8.289999500000000000e+06
6.879614375000000000e+05
3.529304500000000000e+06
2.451356000000000000e+06
3.031100082397460938e+01
1.313248600000000000e+07
3.216058500000000000e+06
3.862346250000000000e+06
1.761265625000000000e+06
1.880456125000000000e+06
1.913272125000000000e+06
3.774309500000000000e+06
1.573202500000000000e+06
5.140627500000000000e+05
3.558000087738037109e+00
2.762973250000000000e+06
2.970149750000000000e+06
1.086547100000000000e+07
6.232373500000000000e+06
1.019213375000000000e+06
7.155022000000000000e+06
1.984652200000000000e+07
6.570050048828125000e+02
1.242353203125000000e+05
1.566105000000000000e+06
6.013503500000000000e+06
8.898418000000000000e+06
3.921369250000000000e+06
5.656846500000000000e+06
6.897500500000000000e+06
1.327451400000000000e+07
3.482378250000000000e+06
2.752656000000000000e+06
4.395497500000000000e+06
3.258296000000000000e+06
8.609818000000000000e+06
1.283475937500000000e+05
1.165041750000000000e+06
4.324206000000000000e+06
1.754314800000000000e+07
1.996721000000000000e+06
4.776354000000000000e+06
2.922583984375000000e+03
3.047582250000000000e+06
1.033773600000000000e+07
7.811999797821044922e+00
7.238642187500000000e+04
8.283581000000000000e+06
3.576878250000000000e+06
9.868181000000000000e+06
4.012488000000000000e+06
6.895363750000000000e+05
3.667948250000000000e+06
3.869041875000000000e+05
2.288252929687500000e+03
6.371698500000000000e+06
1.169755400000000000e+07
6.837386500000000000e+06
1.242261875000000000e+06
1.037235100000000000e+07
1.289652250000000000e+06
4.249366500000000000e+06
8.940330200195312500e+02
2.868000030517578125e+00
6.527218000000000000e+06
6.091268750000000000e+05
2.214284250000000000e+06
1.841428375000000000e+06
1.255976125000000000e+06
2.446946250000000000e+05
7.518472000000000000e+06
4.100999832153320312e+00
2.812373500000000000e+06
3.173872750000000000e+06
2.334526600000000000e+07
3.104776250000000000e+06
9.670190000000000000e+06
1.873633600000000000e+07
1.211253600000000000e+07
2.296999931335449219e+00
3.193673250000000000e+06
1.480000019073486328e+00
8.548588125000000000e+05
2.245579986572265625e+02
2.786608750000000000e+06
1.272626953125000000e+03
1.723268000000000000e+07
2.362479250000000000e+06
1.702855400000000000e+07
2.073195468750000000e+05
4.482946875000000000e+05
1.150383056640625000e+03
5.295109000000000000e+06
1.632058500000000000e+06
3.923401000000000000e+06
7.042678000000000000e+06
3.765400750000000000e+06
7.592987500000000000e+05
5.290009000000000000e+06
2.245146500000000000e+06
3.654907750000000000e+06
2.791628750000000000e+06
8.482552500000000000e+05
2.403681000000000000e+07
9.636843125000000000e+05
1.162977500000000000e+07
8.946476000000000000e+06
7.108319702148437500e+02
2.141415250000000000e+06
5.431591500000000000e+06
5.528372000000000000e+06
4.531700500000000000e+06
1.164000034332275391e+00
4.507432500000000000e+06
2.408291093750000000e+05
7.822999954223632812e+00
3.028129500000000000e+06
8.880000114440917969e-01
6.348337000000000000e+06
1.070800018310546875e+01
2.003962800000000000e+07
1.912800025939941406e+01
2.218125000000000000e+03
1.070583875000000000e+06
1.519548300000000000e+07
3.940111250000000000e+06
1.599794500000000000e+06
4.346746000000000000e+06
4.997851000000000000e+06
4.442999839782714844e+00
3.448745937500000000e+05
2.444200500000000000e+06
9.954498000000000000e+06
9.094580000000000000e+06
6.914099731445312500e+02
1.594481406250000000e+05
8.579280625000000000e+05
1.667070007324218750e+02
8.672304000000000000e+06
1.615649700000000000e+07
2.624000072479248047e+00
9.230072000000000000e+06
5.137053500000000000e+06
3.714293437500000000e+05
1.320339965820312500e+02
1.162963125000000000e+06
8.450919000000000000e+06
4.068582000000000000e+06
8.024518500000000000e+06
9.020135000000000000e+06
2.684424800000000000e+07
8.411262000000000000e+06
5.550963500000000000e+06
2.476486250000000000e+06
3.561000108718872070e+00
1.690411375000000000e+06
3.540999889373779297e+00
1.086031900000000000e+07
1.342924500000000000e+06
6.307138125000000000e+05
1.393114875000000000e+06
3.207000017166137695e+00
5.131016250000000000e+05
5.888816500000000000e+06
2.040385500000000000e+06
5.926224000000000000e+06
6.474837109375000000e+04
