1.469857324218750000e+04
1.112422558593750000e+04
2.405171093750000000e+05
1.019151464843750000e+04
4.884737109375000000e+04
2.996470031738281250e+02
1.669534057617187500e+03
2.295345937500000000e+05
2.459076406250000000e+05
9.072705468750000000e+04
3.702785937500000000e+04
2.549815625000000000e+04
5.524824218750000000e+03
1.460433959960937500e+03
2.961987695312500000e+04
2.441763085937500000e+04
1.579898535156250000e+04
1.807590942382812500e+03
2.000124609375000000e+04
2.539048046875000000e+04
1.736287963867187500e+03
1.127757187500000000e+05
5.082315917968750000e+03
4.433575195312500000e+03
1.259175976562500000e+04
4.440595703125000000e+04
1.920677031250000000e+05
4.778305468750000000e+04
6.290567871093750000e+03
3.001040937500000000e+05
9.363625000000000000e+03
3.309422119140625000e+03
1.485378437500000000e+05
3.626575927734375000e+03
2.757369995117187500e+02
2.219509062500000000e+05
1.994249804687500000e+04
1.731307983398437500e+03
8.417746875000000000e+04
2.626678710937500000e+04
3.857595947265625000e+03
3.906095312500000000e+04
5.271575390625000000e+04
3.370364062500000000e+05
6.699626562500000000e+04
3.690230957031250000e+03
1.919253320312500000e+04
1.489374414062500000e+04
3.785368359375000000e+04
3.777696875000000000e+04
5.614927734375000000e+04
4.623351562500000000e+04
1.016075546875000000e+05
8.829583007812500000e+03
8.448777343750000000e+04
2.303373046875000000e+03
1.977272500000000000e+05
4.340071777343750000e+03
5.388575390625000000e+04
1.463269531250000000e+04
9.744536132812500000e+03
2.119314257812500000e+04
9.019107421875000000e+03
1.382617812500000000e+05
2.452751562500000000e+04
3.015190917968750000e+03
6.723207031250000000e+03
9.817332031250000000e+04
1.775469970703125000e+03
9.467420898437500000e+03
4.899984765625000000e+04
1.367181738281250000e+04
2.084075390625000000e+04
6.138528808593750000e+03
8.611069946289062500e+02
1.069760156250000000e+04
1.343070068359375000e+02
1.863631835937500000e+04
5.193044531250000000e+04
2.670975097656250000e+03
3.624241406250000000e+04
1.077611035156250000e+04
1.362457343750000000e+05
9.798499755859375000e+02
1.260285742187500000e+04
1.713442578125000000e+04
1.422829956054687500e+03
6.733560937500000000e+04
9.727753906250000000e+03
2.689076562500000000e+04
2.233823632812500000e+04
8.740059814453125000e+02
7.307705078125000000e+03
9.264327343750000000e+04
3.194413437500000000e+05
4.463464375000000000e+05
5.218367187500000000e+03
2.776991943359375000e+03
1.251320037841796875e+02
1.547587988281250000e+04
9.392992187500000000e+04
2.246756103515625000e+03
9.736358398437500000e+03
3.264653320312500000e+04
6.768588281250000000e+04
1.064070234375000000e+05
5.583398925781250000e+03
7.304270312500000000e+04
4.837335937500000000e+03
1.835008007812500000e+04
7.571510937500000000e+04
8.337189941406250000e+02
5.715884765625000000e+04
1.847999375000000000e+05
1.076453979492187500e+03
2.699708984375000000e+03
4.048008984375000000e+04
2.823871484375000000e+04
8.090525000000000000e+04
2.362586328125000000e+04
1.981128320312500000e+04
3.654689062500000000e+04
6.052188671875000000e+04
1.825004028320312500e+03
1.390167968750000000e+03
1.744414218750000000e+05
1.434732812500000000e+05
3.466843750000000000e+04
1.209150488281250000e+04
1.781028710937500000e+04
2.705722656250000000e+04
1.561563085937500000e+04
3.785527099609375000e+03
1.011383300781250000e+04
1.751871875000000000e+05
9.676719970703125000e+02
4.290242187500000000e+03
2.468010351562500000e+04
4.091087890625000000e+04
4.644658203125000000e+03
5.511775878906250000e+03
1.430677148437500000e+04
6.645092187500000000e+04
1.884404052734375000e+03
8.133754882812500000e+03
4.644397656250000000e+04
7.391361718750000000e+04
5.116406250000000000e+04
2.097626953125000000e+03
5.796740234375000000e+04
1.435051074218750000e+04
2.337666015625000000e+03
2.627798095703125000e+03
4.305933105468750000e+03
6.211311035156250000e+03
1.026621640625000000e+05
5.419210205078125000e+02
4.617847167968750000e+03
2.884154052734375000e+03
3.070235156250000000e+04
1.488413940429687500e+03
1.465543945312500000e+03
6.515546875000000000e+03
1.956338989257812500e+03
1.016565136718750000e+04
8.492036718750000000e+04
1.393344687500000000e+05
2.968589111328125000e+03
5.929772949218750000e+03
2.221737695312500000e+04
3.172650312500000000e+05
2.350608789062500000e+04
1.087460703125000000e+05
1.534531933593750000e+04
1.258733300781250000e+04
1.857970947265625000e+03
1.255426074218750000e+04
1.033526015625000000e+05
3.914090625000000000e+04
1.624613906250000000e+05
8.286959838867187500e+02
4.858174804687500000e+03
5.131806640625000000e+04
3.185150625000000000e+05
2.666404052734375000e+03
1.112045625000000000e+05
4.481034179687500000e+03
2.081084960937500000e+03
4.500248828125000000e+04
5.262596093750000000e+04
1.424504028320312500e+03
1.169823535156250000e+04
3.975023925781250000e+03
9.845541992187500000e+03
3.615545703125000000e+04
1.984377500000000000e+05
1.432793125000000000e+05
5.405708984375000000e+03
2.435938867187500000e+04
8.468239746093750000e+02
3.545037109375000000e+03
1.432738476562500000e+04
2.487491015625000000e+04
1.170293203125000000e+05
3.373562500000000000e+05
1.031256958007812500e+03
3.749085625000000000e+05
4.824228906250000000e+04
1.620952539062500000e+04
8.723874218750000000e+04
1.431140312500000000e+05
1.725353515625000000e+04
5.463869531250000000e+04
2.263376562500000000e+04
1.918214648437500000e+04
1.449046020507812500e+03
6.140269775390625000e+02
1.950469921875000000e+04
3.690443750000000000e+05
1.324504199218750000e+04
9.582633789062500000e+03
7.534360937500000000e+04
2.135611523437500000e+04
2.308162109375000000e+03
2.580749023437500000e+03
2.953541406250000000e+04
6.177399826049804688e+01
1.805150468750000000e+05
2.303181835937500000e+04
9.639325195312500000e+03
2.473602050781250000e+03
5.742023437500000000e+04
6.154690625000000000e+04
6.573954687500000000e+04
2.621570937500000000e+05
2.582032343750000000e+05
6.606140136718750000e+02
8.409229736328125000e+02
4.546863769531250000e+03
1.458523046875000000e+04
2.038753051757812500e+03
1.685586523437500000e+04
4.111516113281250000e+03
8.381920166015625000e+02
5.339199609375000000e+04
3.811481250000000000e+04
2.086457031250000000e+03
8.850049804687500000e+03
2.847673095703125000e+03
3.846504882812500000e+03
2.998091406250000000e+04
2.330661523437500000e+04
1.608994018554687500e+03
2.211709960937500000e+03
1.557907656250000000e+05
3.231556054687500000e+04
3.771753906250000000e+04
1.018758750000000000e+05
1.422063281250000000e+05
5.668239746093750000e+02
2.418574951171875000e+03
1.600039453125000000e+04
1.942977343750000000e+04
3.014609960937500000e+04
2.058900585937500000e+04
1.330063085937500000e+04
5.941583984375000000e+03
7.304449218750000000e+04
1.518810937500000000e+04
8.253410937500000000e+04
7.887744140625000000e+03
1.126472734375000000e+05
1.084084960937500000e+03
6.874020996093750000e+03
6.666046875000000000e+04
3.165444091796875000e+03
1.481531738281250000e+04
1.312699609375000000e+04
2.347729003906250000e+03
1.521833007812500000e+03
1.698028281250000000e+05
9.686288085937500000e+03
1.174307006835937500e+03
8.572674218750000000e+04
1.457141699218750000e+04
1.135535703125000000e+05
1.682505981445312500e+03
6.508949218750000000e+03
6.674494531250000000e+04
2.657808984375000000e+04
2.809125000000000000e+03
4.768479919433593750e+02
9.866126562500000000e+04
2.830559765625000000e+04
2.334350585937500000e+04
4.881932812500000000e+04
4.021148046875000000e+04
4.144570800781250000e+03
7.912946777343750000e+03
7.344099731445312500e+02
7.165158203125000000e+03
1.051804765625000000e+05
1.112303203125000000e+05
3.888814843750000000e+04
3.326488671875000000e+04
9.707325781250000000e+04
5.210187011718750000e+03
1.107983032226562500e+03
3.311901562500000000e+05
6.580110937500000000e+04
4.263274609375000000e+04
1.726145019531250000e+03
3.312569885253906250e+02
1.038578710937500000e+04
1.344510546875000000e+04
3.319423437500000000e+04
6.719341406250000000e+04
1.100369995117187500e+03
2.373111406250000000e+05
2.203728750000000000e+05
2.780949062500000000e+05
3.093523632812500000e+04
2.441269042968750000e+03
4.480164062500000000e+04
1.959597045898437500e+03
1.193237402343750000e+04
6.241242187500000000e+03
8.507753906250000000e+03
1.191235390625000000e+05
5.231926757812500000e+03
8.135700195312500000e+03
2.230186035156250000e+03
3.710354687500000000e+04
6.733589843750000000e+03
7.810464062500000000e+04
5.594456250000000000e+04
1.401379394531250000e+04
1.091935253906250000e+04
2.654254687500000000e+04
9.884099609375000000e+03
6.001587500000000000e+05
1.689160034179687500e+03
5.093044921875000000e+03
2.211449951171875000e+03
3.591672119140625000e+03
7.425821777343750000e+03
6.127050000000000000e+04
1.529163671875000000e+04
1.541580078125000000e+04
2.082104687500000000e+04
1.970617382812500000e+04
2.272906718750000000e+05
2.891044921875000000e+03
1.901145996093750000e+03
2.312720031738281250e+02
2.271255664062500000e+04
1.591851093750000000e+05
2.791193115234375000e+03
6.201273828125000000e+04
3.235164648437500000e+04
4.443491210937500000e+03
3.583647949218750000e+03
2.658005273437500000e+04
5.284854980468750000e+03
1.337927636718750000e+04
2.775026875000000000e+05
1.255257734375000000e+05
1.902504101562500000e+04
1.268489990234375000e+03
5.708795625000000000e+05
2.131860107421875000e+03
1.940706054687500000e+04
3.522645312500000000e+04
1.408529199218750000e+04
1.168219985961914062e+02
6.013859375000000000e+04
3.419850390625000000e+04
8.221859741210937500e+02
3.481669140625000000e+04
7.231872070312500000e+03
5.604859375000000000e+05
2.533602050781250000e+03
8.513400268554687500e+01
2.385499023437500000e+03
4.735821875000000000e+04
7.941009375000000000e+04
7.156677343750000000e+04
1.485876562500000000e+04
1.363534960937500000e+04
2.268885009765625000e+03
1.920223022460937500e+03
3.644664062500000000e+04
3.719841064453125000e+03
2.116252343750000000e+04
2.744672070312500000e+04
7.584890136718750000e+02
5.332857910156250000e+03
2.798975097656250000e+03
2.629134765625000000e+04
1.137155664062500000e+04
6.379390136718750000e+03
2.802292968750000000e+03
8.097722167968750000e+03
5.548205078125000000e+03
1.705553281250000000e+05
1.209277656250000000e+05
4.757767187500000000e+04
2.761519042968750000e+03
5.167307421875000000e+04
5.179097167968750000e+03
1.812033437500000000e+05
1.246408281250000000e+05
1.134412265625000000e+05
5.407130078125000000e+04
1.462953808593750000e+04
4.976333593750000000e+04
5.238889770507812500e+02
1.022974921875000000e+05
1.803311406250000000e+05
3.696950073242187500e+02
2.054382080078125000e+03
2.787532958984375000e+03
1.705175390625000000e+04
7.652290039062500000e+03
1.223370000000000000e+05
2.165636962890625000e+03
1.762834375000000000e+04
1.546584960937500000e+04
4.002768750000000000e+04
3.153372656250000000e+04
6.379796875000000000e+04
9.443980102539062500e+02
8.075094238281250000e+03
8.626695312500000000e+04
7.139682128906250000e+03
4.692232421875000000e+04
5.000687109375000000e+04
7.110958984375000000e+03
2.770093359375000000e+04
3.557658125000000000e+05
9.274148437500000000e+03
3.168151367187500000e+04
1.064541992187500000e+04
1.400251269531250000e+04
1.745553320312500000e+04
3.371218994140625000e+03
4.482925781250000000e+03
2.289126367187500000e+04
2.039147851562500000e+04
8.950613281250000000e+03
7.195245312500000000e+04
1.876075976562500000e+04
9.783009765625000000e+03
2.694372460937500000e+04
1.434282968750000000e+05
4.028634375000000000e+04
1.101894433593750000e+04
4.243207031250000000e+04
1.585771582031250000e+04
1.381876367187500000e+04
4.620386230468750000e+03
2.471264375000000000e+05
2.166991406250000000e+04
1.935822021484375000e+03
1.683560937500000000e+04
4.395887207031250000e+03
2.543318906250000000e+05
1.619901660156250000e+04
1.998558959960937500e+03
2.221904882812500000e+04
2.672586914062500000e+03
3.749503906250000000e+03
1.378569375000000000e+05
9.856660156250000000e+02
2.229997265625000000e+04
1.820894687500000000e+05
4.870032812500000000e+04
2.017427656250000000e+05
6.693984863281250000e+03
4.633917187500000000e+04
5.783048046875000000e+04
4.791396875000000000e+04
3.786328125000000000e+05
6.313983593750000000e+04
2.049970947265625000e+03
3.145479003906250000e+03
5.949341796875000000e+03
2.661605664062500000e+04
9.491409912109375000e+02
6.522689819335937500e+02
8.172912109375000000e+03
3.146738037109375000e+03
1.336328027343750000e+04
1.286328613281250000e+04
2.274383203125000000e+04
7.864829711914062500e+02
7.097684082031250000e+03
1.953843750000000000e+05
6.796036718750000000e+04
1.905421997070312500e+03
5.178103027343750000e+03
2.539159375000000000e+04
1.751552001953125000e+03
4.329067187500000000e+04
1.162045703125000000e+04
7.139599121093750000e+03
1.027107656250000000e+05
5.543836328125000000e+04
8.034771972656250000e+03
1.474324414062500000e+04
9.133167968750000000e+04
4.853308984375000000e+04
3.337217041015625000e+03
1.360300195312500000e+04
1.152610351562500000e+04
1.065862207031250000e+04
9.668681640625000000e+03
1.279073144531250000e+04
1.718978437500000000e+05
1.582948437500000000e+05
2.153225156250000000e+05
7.149087890625000000e+03
5.242001250000000000e+05
1.010156445312500000e+04
1.818508789062500000e+04
8.037169921875000000e+03
2.333287656250000000e+05
4.653893437500000000e+05
1.579767871093750000e+04
2.104757812500000000e+04
3.017416015625000000e+04
6.995394042968750000e+03
5.085513183593750000e+03
2.511705859375000000e+04
5.258362890625000000e+04
8.914007812500000000e+03
1.112935156250000000e+05
9.458098437500000000e+04
2.473187988281250000e+03
1.293890722656250000e+04
2.969215429687500000e+04
8.954718750000000000e+04
1.582046972656250000e+04
6.190401855468750000e+03
5.076958203125000000e+04
2.269490966796875000e+03
9.057113281250000000e+03
1.799170781250000000e+05
7.176642187500000000e+04
1.700289257812500000e+04
6.467538085937500000e+03
1.654108032226562500e+03
5.609652734375000000e+04
1.472196044921875000e+03
5.847276855468750000e+03
6.061460937500000000e+03
8.384236328125000000e+03
9.545428710937500000e+03
2.069320312500000000e+04
5.299001875000000000e+05
1.517056030273437500e+03
1.103697998046875000e+03
9.926595312500000000e+04
5.584142187500000000e+04
7.839129687500000000e+04
8.630601562500000000e+03
4.756800079345703125e+01
5.359914062500000000e+03
1.313948632812500000e+04
1.570203593750000000e+05
1.009298906250000000e+05
2.236548046875000000e+04
6.003372656250000000e+04
1.006709375000000000e+04
8.454307031250000000e+04
1.527729394531250000e+04
7.374147656250000000e+04
4.001291992187500000e+03
1.760475952148437500e+03
8.951849975585937500e+02
4.278527832031250000e+03
7.670810156250000000e+04
4.363128125000000000e+04
1.574270898437500000e+04
7.901572656250000000e+04
2.015308959960937500e+03
2.678146289062500000e+04
2.989940039062500000e+04
7.785561718750000000e+04
1.000488964843750000e+04
3.467850097656250000e+03
1.880307031250000000e+04
9.103639062500000000e+04
3.778688964843750000e+03
8.945478125000000000e+04
7.379664843750000000e+04
5.805549926757812500e+02
2.027359924316406250e+02
6.122204101562500000e+03
6.788229980468750000e+02
1.965574951171875000e+03
2.371870117187500000e+03
2.888146875000000000e+04
8.673449218750000000e+03
1.570971718750000000e+05
8.641510742187500000e+03
2.152446093750000000e+05
1.178523828125000000e+04
7.025907812500000000e+04
5.140816894531250000e+03
9.173532812500000000e+04
2.199879492187500000e+04
1.929405029296875000e+03
5.897465625000000000e+04
1.509390991210937500e+03
6.538105957031250000e+03
7.569878906250000000e+04
2.558708007812500000e+03
2.212281835937500000e+04
7.149909179687500000e+03
2.384895468750000000e+05
1.700597265625000000e+04
3.386433984375000000e+04
1.244654052734375000e+03
1.659318281250000000e+05
9.533763671875000000e+03
1.867577734375000000e+04
4.843739062500000000e+04
5.197228027343750000e+03
3.196794921875000000e+03
1.618652954101562500e+03
1.171376953125000000e+03
1.141602187500000000e+05
7.353708007812500000e+03
1.400707714843750000e+04
2.288752929687500000e+04
8.368217773437500000e+03
6.537899780273437500e+02
3.328239062500000000e+04
7.823299218750000000e+04
2.841301025390625000e+03
3.632750390625000000e+04
6.260185937500000000e+04
7.130024218750000000e+04
9.086463867187500000e+03
7.612196875000000000e+04
5.932011718750000000e+04
8.456139843750000000e+04
9.941757812500000000e+04
1.633451464843750000e+04
5.845382812500000000e+03
1.489568969726562500e+03
3.747440234375000000e+04
4.185836250000000000e+05
5.550209960937500000e+02
6.538352050781250000e+03
1.846832031250000000e+03
2.006796093750000000e+04
2.834710546875000000e+04
1.386175585937500000e+04
5.603316015625000000e+04
2.938972900390625000e+03
1.316593554687500000e+04
1.537792187500000000e+05
1.536210253906250000e+04
9.108469726562500000e+03
5.502216875000000000e+05
3.299977734375000000e+04
2.690119726562500000e+04
7.197188964843750000e+03
9.794595703125000000e+03
2.257831445312500000e+04
3.495159375000000000e+04
3.987500000000000000e+02
2.237051025390625000e+03
1.501287963867187500e+03
6.612667968750000000e+04
9.289101562500000000e+04
1.854290008544921875e+02
1.926433984375000000e+04
1.393642944335937500e+03
4.574662109375000000e+03
6.340390136718750000e+03
1.215346679687500000e+04
5.663558984375000000e+04
1.392269843750000000e+05
8.023752343750000000e+04
3.075118896484375000e+03
1.794259960937500000e+04
1.295684531250000000e+05
4.810382812500000000e+04
2.714427978515625000e+03
3.572865625000000000e+04
1.922529052734375000e+03
9.468970312500000000e+04
3.652931884765625000e+03
5.359785156250000000e+03
1.821046997070312500e+03
1.287520898437500000e+04
3.006092041015625000e+03
9.473823242187500000e+03
3.974223828125000000e+04
2.739664062500000000e+05
3.629841562500000000e+05
6.114498046875000000e+03
1.646757812500000000e+04
1.885097656250000000e+04
5.472984765625000000e+04
6.486890258789062500e+02
1.345426855468750000e+04
9.404949218750000000e+03
1.082448828125000000e+04
7.623206250000000000e+04
2.515775195312500000e+04
2.008619531250000000e+04
9.968034375000000000e+04
2.156690063476562500e+02
1.386176025390625000e+03
1.738453979492187500e+03
2.128680908203125000e+03
8.820669921875000000e+03
3.761726562500000000e+04
1.220460781250000000e+05
4.602576171875000000e+04
7.583500000000000000e+04
1.064178027343750000e+04
8.628005859375000000e+03
3.947683593750000000e+04
7.172647949218750000e+03
7.863060302734375000e+02
1.057783300781250000e+04
5.038989062500000000e+04
8.538177734375000000e+03
7.307935156250000000e+04
1.256949996948242188e+02
4.908348144531250000e+03
1.701367968750000000e+04
1.698115625000000000e+04
1.606472187500000000e+05
3.575806884765625000e+03
2.870876953125000000e+03
1.322885986328125000e+03
4.385215234375000000e+04
1.510483300781250000e+04
5.858857031250000000e+04
4.034329101562500000e+03
7.290567871093750000e+03
9.488927734375000000e+03
1.434229003906250000e+03
2.375122851562500000e+04
1.078042265625000000e+05
2.813466406250000000e+04
6.850462890625000000e+03
1.798811250000000000e+05
1.888001093750000000e+05
3.768029687500000000e+04
4.191645312500000000e+04
2.794442578125000000e+04
3.408934765625000000e+04
1.016043984375000000e+05
5.350008789062500000e+03
2.018942016601562500e+03
8.291350097656250000e+02
1.424551250000000000e+05
9.595436718750000000e+04
6.736220214843750000e+03
4.867485156250000000e+04
1.410933959960937500e+03
2.811517773437500000e+04
5.532172851562500000e+03
2.374341992187500000e+04
2.745766015625000000e+04
1.537691699218750000e+04
8.663571289062500000e+03
1.542509033203125000e+03
6.134798828125000000e+03
1.599282421875000000e+04
4.867510070800781250e+02
4.077388916015625000e+03
5.418488125000000000e+05
4.953027812500000000e+05
7.744367187500000000e+03
1.299675625000000000e+05
1.072490527343750000e+04
1.690194726562500000e+04
2.944022070312500000e+04
2.366112304687500000e+04
3.227687109375000000e+04
1.137443969726562500e+03
3.720091064453125000e+03
8.789183593750000000e+03
4.605080000000000000e+05
4.974225097656250000e+03
2.967582031250000000e+03
1.272504140625000000e+05
2.405376757812500000e+04
1.751768281250000000e+05
1.958147656250000000e+04
1.816133593750000000e+05
7.613673828125000000e+03
4.368583007812500000e+03
1.229303984375000000e+05
1.633600878906250000e+04
3.778531005859375000e+03
2.231466064453125000e+03
3.839778076171875000e+03
1.842410034179687500e+03
1.359227050781250000e+03
4.997321777343750000e+03
1.255363037109375000e+03
1.630834960937500000e+03
3.101599121093750000e+03
4.035920703125000000e+04
1.845253051757812500e+03
4.071842968750000000e+04
1.231647734375000000e+05
3.395625976562500000e+03
2.241085937500000000e+04
1.497240429687500000e+04
9.134900390625000000e+03
9.421180664062500000e+03
1.151511425781250000e+04
1.050340625000000000e+04
4.608735937500000000e+04
9.796226562500000000e+03
9.911350781250000000e+04
1.022462890625000000e+04
1.165744375000000000e+05
3.936046484375000000e+04
1.412766967773437500e+03
1.386859687500000000e+05
9.029880468750000000e+04
9.064605468750000000e+04
6.043150024414062500e+02
1.748656250000000000e+04
2.685143359375000000e+04
4.380118359375000000e+04
1.313402441406250000e+04
8.501490625000000000e+04
1.021658007812500000e+04
3.385127929687500000e+03
1.013281982421875000e+03
2.327072460937500000e+04
9.678282226562500000e+03
1.857989990234375000e+03
6.381370117187500000e+03
2.271473828125000000e+04
4.945435058593750000e+03
1.307363037109375000e+03
3.103065917968750000e+03
2.462857031250000000e+04
7.016260937500000000e+04
6.044604980468750000e+03
2.592673828125000000e+04
5.549613769531250000e+03
9.364656250000000000e+03
6.787217968750000000e+04
1.019957421875000000e+05
2.860452880859375000e+03
3.591511718750000000e+04
1.338239941406250000e+04
6.728778808593750000e+03
1.286321250000000000e+05
8.374737304687500000e+03
1.870045043945312500e+03
5.078783593750000000e+04
1.538010986328125000e+03
6.904039916992187500e+02
2.245686093750000000e+05
7.407408203125000000e+03
1.834104218750000000e+05
1.108778359375000000e+05
1.010995410156250000e+04
3.767281250000000000e+04
7.813300781250000000e+03
4.637522949218750000e+03
1.994509570312500000e+04
9.560617968750000000e+04
1.533718554687500000e+04
9.376866406250000000e+04
3.819879882812500000e+03
1.605543066406250000e+04
2.371139984130859375e+02
1.818700937500000000e+05
3.622878906250000000e+03
6.814539062500000000e+04
3.906610546875000000e+04
5.178366015625000000e+04
1.555297753906250000e+04
6.782039794921875000e+02
1.078913940429687500e+03
3.045111083984375000e+03
2.094481933593750000e+03
1.321390075683593750e+02
2.262042382812500000e+04
1.342665156250000000e+05
7.953896972656250000e+03
8.720169531250000000e+04
1.576478417968750000e+04
2.149404375000000000e+05
1.579837109375000000e+04
3.506798828125000000e+04
1.558012695312500000e+04
2.538499218750000000e+04
1.270994218750000000e+05
3.328195000000000000e+05
5.942207031250000000e+03
2.846369921875000000e+04
4.063262890625000000e+04
8.542830200195312500e+02
4.969800186157226562e+01
5.652347167968750000e+03
4.932479296875000000e+04
2.335927929687500000e+04
2.720831054687500000e+04
1.734587304687500000e+04
3.737430078125000000e+04
4.520289916992187500e+02
2.351430053710937500e+02
1.214269843750000000e+05
2.433562011718750000e+03
9.946107421875000000e+03
2.988359179687500000e+04
1.675858593750000000e+05
2.589222187500000000e+05
1.975475585937500000e+04
2.545319140625000000e+04
1.160487792968750000e+04
7.303553222656250000e+03
2.827457226562500000e+04
4.752386230468750000e+03
1.105564355468750000e+04
1.256621386718750000e+04
1.149042343750000000e+05
1.036409988403320312e+02
1.524951093750000000e+05
1.632938964843750000e+03
6.121660156250000000e+04
2.919287500000000000e+05
7.945592187500000000e+04
3.899201562500000000e+04
2.006808984375000000e+04
2.822528076171875000e+03
2.087702031250000000e+05
3.260871289062500000e+04
5.125795312500000000e+04
5.093965312500000000e+05
3.984197021484375000e+03
3.802310058593750000e+03
1.580953437500000000e+05
1.494789531250000000e+05
6.865702148437500000e+03
1.037004765625000000e+05
3.398337500000000000e+04
3.626947656250000000e+04
9.827789916992187500e+02
3.974979980468750000e+03
5.126082421875000000e+04
1.298411484375000000e+05
1.894149047851562500e+03
7.924561718750000000e+04
6.721336718750000000e+04
1.017304199218750000e+04
1.873902954101562500e+03
2.152284912109375000e+03
5.333137207031250000e+03
1.249552148437500000e+04
4.074884033203125000e+03
1.893465468750000000e+05
1.670034179687500000e+04
7.429589062500000000e+04
2.855978125000000000e+04
3.518873828125000000e+04
7.019929809570312500e+02
1.584070019531250000e+04
1.233525024414062500e+03
2.001909375000000000e+04
8.528371093750000000e+04
3.390788281250000000e+04
1.557750195312500000e+04
5.997743164062500000e+03
9.165964843750000000e+03
2.289271972656250000e+03
4.681524902343750000e+03
1.690224414062500000e+04
4.009360156250000000e+04
1.029340039062500000e+04
1.768159179687500000e+04
6.514320068359375000e+02
2.065065039062500000e+04
1.565536987304687500e+03
5.094412109375000000e+03
1.791694335937500000e+04
3.655579296875000000e+04
6.521601953125000000e+04
6.403903808593750000e+03
3.349160888671875000e+03
3.799263916015625000e+03
1.199593994140625000e+03
1.536661425781250000e+04
