5.548500061035156250e+01
1.083899974822998047e+01
9.500529785156250000e+02
2.730009033203125000e+03
4.746300125122070312e+01
5.963530273437500000e+02
1.501534057617187500e+03
1.588459930419921875e+02
9.907299804687500000e+02
1.012059997558593750e+03
9.620809936523437500e+02
1.746880035400390625e+02
1.292874023437500000e+03
2.641860046386718750e+02
1.391536010742187500e+03
2.035010070800781250e+02
7.677999877929687500e+02
7.760399627685546875e+01
2.020549926757812500e+02
2.869999885559082031e+00
1.803515014648437500e+03
1.939750061035156250e+02
9.616119995117187500e+02
9.814099884033203125e+01
1.008437011718750000e+03
1.143468017578125000e+03
2.991759948730468750e+02
4.911140136718750000e+02
1.311269989013671875e+02
3.263389892578125000e+02
1.669788940429687500e+03
5.183800125122070312e+01
5.895170288085937500e+02
3.311299896240234375e+01
7.515180053710937500e+02
3.045369873046875000e+02
5.431900024414062500e+01
2.218840026855468750e+02
5.586399841308593750e+01
1.850290069580078125e+02
2.125099945068359375e+01
1.810536010742187500e+03
1.597299957275390625e+01
8.980100250244140625e+01
3.226000070571899414e+00
8.760170288085937500e+02
7.835930175781250000e+02
1.583921020507812500e+03
1.139440002441406250e+02
2.776889953613281250e+02
1.177750015258789062e+02
3.601510009765625000e+02
4.654899978637695312e+01
7.574050292968750000e+02
1.332805053710937500e+03
3.535699844360351562e+01
2.846400146484375000e+02
4.648510131835937500e+02
6.412999725341796875e+01
3.036849975585937500e+02
1.152588989257812500e+03
2.552000045776367188e+00
2.844750061035156250e+02
3.523999929428100586e+00
7.241409912109375000e+02
4.257500076293945312e+01
1.469440002441406250e+02
4.134899902343750000e+01
2.898380126953125000e+02
1.003187988281250000e+03
9.049130249023437500e+02
1.045940017700195312e+02
1.093820037841796875e+02
2.357000112533569336e+00
3.506170043945312500e+02
1.119604980468750000e+03
2.953100013732910156e+01
1.071446044921875000e+03
2.696040039062500000e+02
1.261490020751953125e+02
8.908150024414062500e+02
5.187799835205078125e+01
2.892390136718750000e+02
4.293200073242187500e+02
1.150699996948242188e+01
1.735700035095214844e+01
4.837500000000000000e+01
2.919119873046875000e+02
4.354000091552734375e+00
1.978000044822692871e+00
4.447500000000000000e+02
1.166167968750000000e+03
6.174900054931640625e+01
4.363630065917968750e+02
6.143299865722656250e+01
1.521224975585937500e+03
4.765000152587890625e+01
8.997100067138671875e+01
2.793099975585937500e+01
2.372169952392578125e+02
5.552099990844726562e+01
1.036187011718750000e+03
1.269569946289062500e+03
8.387999534606933594e+00
3.532000064849853516e+00
2.487290039062500000e+02
2.736969970703125000e+03
7.667299652099609375e+01
9.942299804687500000e+02
1.277979965209960938e+02
6.977300262451171875e+01
1.492072021484375000e+03
3.452319946289062500e+02
1.398299980163574219e+01
2.766000032424926758e+00
1.762380065917968750e+02
3.395999908447265625e+01
6.483899688720703125e+01
5.884899902343750000e+01
1.285200042724609375e+02
5.459299926757812500e+02
2.306999969482421875e+01
4.044159851074218750e+02
1.501714965820312500e+03
2.507890014648437500e+02
8.613700103759765625e+01
4.565469970703125000e+02
4.268700027465820312e+01
3.720109863281250000e+02
6.143000125885009766e+00
6.542199707031250000e+01
4.294200134277343750e+01
3.242449951171875000e+02
2.598000049591064453e+00
2.263757080078125000e+03
3.486899948120117188e+01
4.251470031738281250e+02
2.945859985351562500e+02
8.051539916992187500e+02
5.814769897460937500e+02
3.329620056152343750e+02
2.697019958496093750e+02
3.858278076171875000e+03
1.008850021362304688e+02
1.331569976806640625e+02
1.892010040283203125e+02
1.834250030517578125e+02
9.258899688720703125e+01
3.486600112915039062e+01
1.360854003906250000e+03
1.181800003051757812e+02
6.747490234375000000e+02
2.024949951171875000e+02
2.168520050048828125e+02
1.733046997070312500e+03
4.903047851562500000e+03
9.131909790039062500e+02
3.810900115966796875e+01
4.797999858856201172e+00
8.254499816894531250e+01
1.084249023437500000e+03
1.033482055664062500e+03
2.159120025634765625e+02
2.090500068664550781e+01
3.276359863281250000e+02
4.996900024414062500e+02
3.769000053405761719e+00
3.383900146484375000e+02
9.396989746093750000e+02
4.234309997558593750e+02
6.572999954223632812e+00
4.235020141601562500e+02
2.469889984130859375e+02
8.982890014648437500e+02
2.211210021972656250e+02
1.710919952392578125e+02
9.593029785156250000e+02
2.582219848632812500e+02
4.866929931640625000e+02
1.045210037231445312e+02
3.569999933242797852e+00
2.731719970703125000e+02
1.659259948730468750e+02
1.693657958984375000e+03
5.051350097656250000e+02
4.376430053710937500e+02
9.212520141601562500e+02
1.204350952148437500e+03
3.648959960937500000e+02
3.473120117187500000e+02
9.203679809570312500e+02
4.336999893188476562e+00
7.801000118255615234e+00
4.263580017089843750e+02
1.435200023651123047e+01
1.751979980468750000e+02
4.051640014648437500e+02
2.288130035400390625e+02
6.898300170898437500e+02
5.219599914550781250e+01
7.778800201416015625e+01
3.047739868164062500e+02
1.986845947265625000e+03
1.382209930419921875e+02
9.295600128173828125e+01
9.665000152587890625e+01
1.272624023437500000e+03
6.913300323486328125e+01
1.426677978515625000e+03
1.224469985961914062e+02
2.920119934082031250e+02
1.109291015625000000e+03
1.358520050048828125e+02
1.725600051879882812e+01
5.266250000000000000e+02
3.230999946594238281e+00
1.304052001953125000e+03
2.401946044921875000e+03
3.831220092773437500e+02
3.281549987792968750e+02
1.710917968750000000e+03
2.313410034179687500e+02
6.068729858398437500e+02
1.712010986328125000e+03
1.543704956054687500e+03
1.395187988281250000e+03
2.069000005722045898e+00
9.362999916076660156e+00
3.001799964904785156e+01
1.205510025024414062e+02
7.289000034332275391e+00
1.593549957275390625e+02
1.677818969726562500e+03
5.948699951171875000e+01
6.861170043945312500e+02
1.011499977111816406e+01
5.203999996185302734e+00
4.119119873046875000e+02
1.124489974975585938e+02
1.226630020141601562e+02
4.244100189208984375e+01
1.347160034179687500e+02
2.243329925537109375e+02
4.426640014648437500e+02
2.987899971008300781e+01
4.027650146484375000e+02
3.919429931640625000e+02
2.607260131835937500e+02
3.599830017089843750e+02
7.315999984741210938e+00
3.424979858398437500e+02
9.351820068359375000e+02
3.082630004882812500e+02
3.778699874877929688e+01
1.351670074462890625e+02
1.654698974609375000e+03
3.239570007324218750e+02
1.648209991455078125e+02
2.068820037841796875e+02
9.612699890136718750e+01
6.505000305175781250e+01
4.979199981689453125e+01
3.041950073242187500e+02
1.823730010986328125e+02
2.255699920654296875e+01
1.320600032806396484e+01
1.566510009765625000e+02
4.130440063476562500e+02
5.186740112304687500e+02
3.799970092773437500e+02
1.365470947265625000e+03
4.731900024414062500e+01
1.024499988555908203e+01
9.381700134277343750e+01
1.537169952392578125e+02
2.457660064697265625e+02
7.696929931640625000e+02
3.494410095214843750e+02
1.574369964599609375e+02
3.437500000000000000e+01
1.355800018310546875e+02
2.448070068359375000e+02
6.882700347900390625e+01
8.376699829101562500e+01
3.205400085449218750e+01
7.381300048828125000e+02
9.152799987792968750e+01
4.753949890136718750e+02
6.665040283203125000e+02
3.778000116348266602e+00
1.242060012817382812e+02
3.104649963378906250e+02
1.338557006835937500e+03
1.426250000000000000e+02
8.413500213623046875e+01
5.904149780273437500e+02
2.436860046386718750e+02
7.049119873046875000e+02
3.034445068359375000e+03
3.153700065612792969e+01
1.397910034179687500e+03
5.497200012207031250e+01
3.114070129394531250e+02
3.316858886718750000e+03
1.083699989318847656e+01
1.330509948730468750e+02
4.130000114440917969e+00
1.318734985351562500e+03
8.198999786376953125e+01
5.467000007629394531e+00
4.687680053710937500e+02
4.212400054931640625e+01
4.860180053710937500e+02
4.144899902343750000e+02
1.820610046386718750e+02
3.677500152587890625e+01
4.060109863281250000e+02
3.618500137329101562e+01
8.764399719238281250e+01
4.793930053710937500e+02
9.576999664306640625e+01
5.113179931640625000e+02
6.099699707031250000e+02
1.023776977539062500e+03
2.359199905395507812e+01
5.614210205078125000e+02
1.303630065917968750e+02
3.851709899902343750e+02
6.245500183105468750e+01
1.160520019531250000e+02
8.791999816894531250e+01
1.538103027343750000e+03
1.642250061035156250e+02
2.039459991455078125e+02
3.927409973144531250e+02
1.099459960937500000e+03
1.177000045776367188e+01
1.773034057617187500e+03
7.744060058593750000e+02
7.042169799804687500e+02
1.163654052734375000e+03
9.439080200195312500e+02
5.690479736328125000e+02
7.286799621582031250e+01
3.443280029296875000e+02
1.369200038909912109e+01
2.571879882812500000e+02
1.095319976806640625e+02
5.684489746093750000e+02
5.620600128173828125e+01
8.804520263671875000e+02
2.466390075683593750e+02
1.110299987792968750e+02
1.810910034179687500e+02
3.750199890136718750e+02
6.698999881744384766e+00
1.219329986572265625e+02
1.758159942626953125e+02
2.502779998779296875e+02
2.256799926757812500e+02
8.248959960937500000e+02
1.245810012817382812e+02
4.176740112304687500e+02
1.819470062255859375e+02
9.746119995117187500e+02
3.572640075683593750e+02
7.299290161132812500e+02
2.983970031738281250e+02
8.078000068664550781e+00
3.417000055313110352e+00
1.114478027343750000e+03
6.342020263671875000e+02
1.130700016021728516e+01
6.614030151367187500e+02
3.449159851074218750e+02
6.855999946594238281e+00
6.933640136718750000e+02
1.886958007812500000e+03
1.027951049804687500e+03
1.478865966796875000e+03
1.534900024414062500e+03
1.425800037384033203e+01
5.512709960937500000e+02
3.737630004882812500e+02
5.715059814453125000e+02
3.241699981689453125e+01
1.417547973632812500e+03
1.384869995117187500e+02
9.045999526977539062e+00
2.767300033569335938e+01
2.355130004882812500e+02
4.713499832153320312e+01
2.480050048828125000e+02
4.926220092773437500e+02
1.548809967041015625e+02
1.552330017089843750e+02
5.955679931640625000e+02
2.233410034179687500e+02
1.731369934082031250e+02
5.716630249023437500e+02
7.559500122070312500e+02
1.240699958801269531e+01
1.144889984130859375e+02
1.779790039062500000e+02
8.277999877929687500e+00
7.781099700927734375e+01
1.352932006835937500e+03
1.970220031738281250e+02
2.746500015258789062e+01
2.583886962890625000e+03
1.268769989013671875e+02
1.741860046386718750e+02
6.408569946289062500e+02
4.724920043945312500e+02
7.513519897460937500e+02
2.154290008544921875e+02
3.373300170898437500e+01
6.371489868164062500e+02
3.568169860839843750e+02
4.900369873046875000e+02
6.165900039672851562e+01
3.231900024414062500e+02
1.188000011444091797e+01
7.353150024414062500e+02
1.183750000000000000e+02
4.260360107421875000e+02
1.811300048828125000e+02
7.885000228881835938e+00
4.525690002441406250e+02
3.667699890136718750e+02
2.561745117187500000e+03
7.860600280761718750e+01
3.699700012207031250e+02
3.342300033569335938e+01
1.244200038909912109e+01
2.611400146484375000e+02
5.065100097656250000e+01
9.305899810791015625e+01
2.765480041503906250e+02
9.456800079345703125e+01
2.209570007324218750e+02
1.441900024414062500e+02
5.282780151367187500e+02
6.090900039672851562e+01
4.290199890136718750e+02
7.007700347900390625e+01
1.194039993286132812e+02
2.714049987792968750e+02
8.613289794921875000e+02
2.437019042968750000e+03
6.662000274658203125e+01
5.354910278320312500e+02
1.792900085449218750e+01
1.730100059509277344e+01
6.984300231933593750e+01
7.081220092773437500e+02
1.263769989013671875e+02
1.641929931640625000e+02
8.027400207519531250e+01
1.060845947265625000e+03
2.399369964599609375e+02
9.068829956054687500e+02
3.011489868164062500e+02
2.636409912109375000e+02
2.178549957275390625e+02
1.012300033569335938e+02
6.723759765625000000e+02
9.300999641418457031e+00
4.607300186157226562e+01
3.228479919433593750e+02
3.709999847412109375e+01
6.075830078125000000e+02
2.402429962158203125e+02
8.045880126953125000e+02
1.328999996185302734e+00
3.230039978027343750e+02
2.327500000000000000e+02
1.018570022583007812e+02
1.264900016784667969e+01
2.535989990234375000e+02
1.097799968719482422e+01
3.190000000000000000e+02
7.903099822998046875e+01
3.435299987792968750e+02
6.326279907226562500e+02
6.498400268554687500e+02
5.199509887695312500e+02
3.928869934082031250e+02
2.663309936523437500e+02
3.940270080566406250e+02
9.579000473022460938e+00
5.743700027465820312e+01
1.540299987792968750e+01
1.693240051269531250e+02
6.627799987792968750e+01
1.643860015869140625e+02
3.210459899902343750e+02
1.065166992187500000e+03
3.260763916015625000e+03
3.172009887695312500e+02
3.122049865722656250e+02
3.947700119018554688e+01
5.249010009765625000e+02
3.821430053710937500e+02
6.055289916992187500e+02
8.612940063476562500e+02
1.304884033203125000e+03
7.648850097656250000e+02
1.022461975097656250e+03
1.114380035400390625e+02
5.646999835968017578e+00
2.667090148925781250e+02
1.480714965820312500e+03
1.614299964904785156e+01
1.265670013427734375e+02
1.357859954833984375e+02
7.612119750976562500e+02
8.423999786376953125e+00
7.269099731445312500e+02
1.159369964599609375e+02
8.251539916992187500e+02
1.943000030517578125e+02
2.789999961853027344e+00
1.742160034179687500e+02
2.174519958496093750e+02
5.061319885253906250e+02
2.472350006103515625e+02
2.792900085449218750e+01
7.258999824523925781e+00
5.886779785156250000e+02
2.894999980926513672e+00
6.634359741210937500e+02
3.591159973144531250e+02
4.696900177001953125e+01
8.417199707031250000e+01
9.534140014648437500e+02
2.435300064086914062e+01
9.296999931335449219e+00
2.062400054931640625e+01
2.716799926757812500e+02
1.782532958984375000e+03
1.353079986572265625e+02
6.914299774169921875e+01
5.716829833984375000e+02
1.504609985351562500e+02
3.773999929428100586e+00
1.005839996337890625e+02
8.595059814453125000e+02
3.739389953613281250e+02
5.207400131225585938e+01
1.055000019073486328e+01
6.994500122070312500e+02
1.021853027343750000e+03
1.233359008789062500e+03
2.280780029296875000e+02
3.268799972534179688e+01
6.830850219726562500e+02
2.250645996093750000e+03
4.770999908447265625e+00
1.197796020507812500e+03
2.777499961853027344e+01
2.263780059814453125e+02
6.111329956054687500e+02
1.983020019531250000e+02
7.162199707031250000e+02
7.850239868164062500e+02
7.357930297851562500e+02
3.774900054931640625e+01
6.522999763488769531e+00
5.647890014648437500e+02
7.638909912109375000e+02
4.786960144042968750e+02
1.079942993164062500e+03
3.671449890136718750e+02
1.155650024414062500e+02
1.443930053710937500e+02
2.369199943542480469e+01
1.941043945312500000e+03
8.998200225830078125e+01
2.695409851074218750e+02
1.046201049804687500e+03
5.444599914550781250e+01
1.310900020599365234e+01
2.873269958496093750e+02
1.339680053710937500e+03
1.472145019531250000e+03
2.064010009765625000e+02
2.717499923706054688e+01
1.177718017578125000e+03
2.291609954833984375e+02
5.335399780273437500e+02
1.533904052734375000e+03
1.082682983398437500e+03
1.064843017578125000e+03
9.149589843750000000e+02
1.545359954833984375e+02
7.131000041961669922e+00
1.036583007812500000e+03
2.379080047607421875e+02
1.002400016784667969e+01
7.479929809570312500e+02
2.807850036621093750e+02
3.427219848632812500e+02
2.247830047607421875e+02
1.588161987304687500e+03
6.825700378417968750e+01
2.367400054931640625e+02
1.240448974609375000e+03
4.937290039062500000e+02
2.232299957275390625e+02
4.985800170898437500e+01
5.652000045776367188e+01
1.996869964599609375e+02
3.915639953613281250e+02
4.587810058593750000e+02
3.330874023437500000e+03
4.374119873046875000e+02
4.814100036621093750e+02
1.967019958496093750e+02
6.413400268554687500e+01
3.027488037109375000e+03
1.450079956054687500e+02
2.524770050048828125e+02
1.286400032043457031e+01
7.147849731445312500e+02
1.288390045166015625e+02
9.424019775390625000e+02
3.261019897460937500e+02
5.450400161743164062e+01
1.429927978515625000e+03
6.490800170898437500e+02
3.194599914550781250e+01
6.772299957275390625e+01
8.182000160217285156e+00
9.689379882812500000e+02
1.647359985351562500e+03
1.986800003051757812e+01
6.999270019531250000e+02
1.831699943542480469e+01
3.582959899902343750e+02
2.768080139160156250e+02
3.195100097656250000e+02
3.203999996185302734e+00
5.756900024414062500e+02
2.775000095367431641e+00
3.200790100097656250e+02
1.041094970703125000e+03
4.608529968261718750e+02
8.162160034179687500e+02
1.347259979248046875e+02
9.762999725341796875e+01
3.498420104980468750e+02
1.717936035156250000e+03
7.339299926757812500e+02
7.068839721679687500e+02
8.231700134277343750e+01
5.067699813842773438e+01
6.210549926757812500e+02
1.016984985351562500e+03
7.549920043945312500e+02
6.993800354003906250e+01
4.945000171661376953e+00
1.152859985351562500e+03
1.073840026855468750e+02
1.501771972656250000e+03
6.877730102539062500e+02
3.178999900817871094e+00
1.144169998168945312e+02
2.198000030517578125e+02
1.183500003814697266e+01
4.302000045776367188e+00
6.963859863281250000e+02
8.230100250244140625e+01
4.558000087738037109e+00
4.959500122070312500e+01
1.588390045166015625e+02
1.297180023193359375e+02
2.667999982833862305e+00
1.726999969482421875e+02
6.145399856567382812e+01
2.483829101562500000e+03
7.763350219726562500e+02
1.310319976806640625e+02
1.178290023803710938e+02
9.286209716796875000e+02
6.953200073242187500e+02
2.390489959716796875e+02
1.856990051269531250e+02
1.055780029296875000e+02
1.832220001220703125e+02
1.325930023193359375e+02
1.942000031471252441e+00
1.202419967651367188e+02
8.173000335693359375e+00
1.066060028076171875e+02
5.713640136718750000e+02
5.665999889373779297e+00
6.236800003051757812e+01
1.085849990844726562e+02
1.174199981689453125e+02
5.746200180053710938e+01
7.416810302734375000e+02
4.235969848632812500e+02
2.588840026855468750e+02
2.052999973297119141e+00
7.730830078125000000e+02
1.066831054687500000e+03
2.027579956054687500e+02
8.575099945068359375e+01
5.332899856567382812e+01
1.855549926757812500e+02
2.278970031738281250e+02
9.089580078125000000e+02
4.957279968261718750e+02
5.325180053710937500e+02
1.044380004882812500e+03
6.739500122070312500e+02
1.142700004577636719e+01
6.327020263671875000e+02
1.498767944335937500e+03
1.887839965820312500e+02
1.690699951171875000e+03
8.154499816894531250e+01
6.681439819335937500e+02
1.244390991210937500e+03
4.110000133514404297e+00
6.022160034179687500e+02
3.848799896240234375e+01
1.050839965820312500e+03
8.416999816894531250e+00
4.351300048828125000e+01
1.776069946289062500e+02
2.193190002441406250e+02
1.407259979248046875e+02
2.620440063476562500e+02
2.016999959945678711e+00
9.013670043945312500e+02
4.229909973144531250e+02
5.168000221252441406e+00
1.864790039062500000e+02
4.926400146484375000e+02
3.358229980468750000e+02
1.311905029296875000e+03
3.967330017089843750e+02
1.299750061035156250e+02
4.560790100097656250e+02
3.976300048828125000e+02
4.731100082397460938e+01
1.618589935302734375e+02
4.914150085449218750e+02
1.372826049804687500e+03
3.047219848632812500e+02
2.101199913024902344e+01
7.315300292968750000e+02
2.592510070800781250e+02
1.768229980468750000e+02
5.904399871826171875e+01
3.403129882812500000e+02
2.764859924316406250e+02
6.750700378417968750e+01
2.453529968261718750e+02
4.284999847412109375e+00
1.634700012207031250e+01
3.896510009765625000e+02
1.236220016479492188e+02
2.552031982421875000e+03
2.394799995422363281e+01
2.578640136718750000e+02
1.106119995117187500e+02
6.527550048828125000e+02
8.451300048828125000e+02
4.304849853515625000e+02
9.880079956054687500e+02
4.598049926757812500e+02
1.542836059570312500e+03
2.404999971389770508e+00
2.967229919433593750e+02
1.070019989013671875e+02
1.230884033203125000e+03
6.779199981689453125e+01
8.615360107421875000e+02
1.003219985961914062e+02
7.869879760742187500e+02
7.542319946289062500e+02
1.043580017089843750e+02
4.542600097656250000e+02
1.593599987030029297e+01
7.568579711914062500e+02
1.794300079345703125e+01
1.119411010742187500e+03
7.338800048828125000e+01
7.505759887695312500e+02
3.701999902725219727e+00
9.023170166015625000e+02
1.692070007324218750e+02
3.174399948120117188e+01
3.789070129394531250e+02
3.786999940872192383e+00
1.759999990463256836e+00
2.770999908447265625e+00
4.882550048828125000e+02
7.993499755859375000e+01
1.918609985351562500e+03
1.983895019531250000e+03
3.168799972534179688e+01
5.265729980468750000e+02
1.005036010742187500e+03
3.460830078125000000e+02
1.953269958496093750e+02
1.063728027343750000e+03
2.855169982910156250e+02
7.374010009765625000e+02
5.113700103759765625e+01
5.854260253906250000e+02
1.659530029296875000e+02
3.185029907226562500e+02
1.338309936523437500e+02
8.681999969482421875e+01
7.067099761962890625e+01
7.051100158691406250e+01
1.173529968261718750e+02
3.568799972534179688e+01
6.714099884033203125e+01
1.876130065917968750e+02
4.207179870605468750e+02
1.299759979248046875e+02
1.071598999023437500e+03
3.859979858398437500e+02
1.830831054687500000e+03
6.459479980468750000e+02
1.052600002288818359e+01
9.656900024414062500e+02
1.421049957275390625e+02
7.715200042724609375e+01
5.796400070190429688e+01
1.453499984741210938e+01
1.052959976196289062e+02
5.078099822998046875e+01
4.470960083007812500e+02
9.105500030517578125e+01
1.040711059570312500e+03
2.480440063476562500e+02
1.942890014648437500e+02
1.278999996185302734e+01
1.308529968261718750e+02
1.929199981689453125e+01
1.178100013732910156e+01
1.918710021972656250e+02
2.432019958496093750e+02
3.381019897460937500e+02
2.191949951171875000e+03
2.061410064697265625e+02
1.842640075683593750e+02
4.637699890136718750e+01
8.316459960937500000e+02
2.987879943847656250e+02
4.094840087890625000e+02
1.353400039672851562e+01
1.382449951171875000e+02
8.263300323486328125e+01
5.041950073242187500e+02
4.801130065917968750e+02
4.587189941406250000e+02
7.867319946289062500e+02
6.221779785156250000e+02
2.447000026702880859e+00
4.467000007629394531e+00
1.129866943359375000e+03
6.594589843750000000e+02
1.424484985351562500e+03
6.359999847412109375e+01
3.826792968750000000e+03
4.640000152587890625e+01
1.286389038085937500e+03
2.809280090332031250e+02
5.217030029296875000e+02
3.415999889373779297e+00
4.437380065917968750e+02
1.257450027465820312e+02
2.620610046386718750e+02
1.598000049591064453e+00
3.255700073242187500e+02
2.995039978027343750e+02
4.768000030517578125e+01
1.564000010490417480e+00
9.203679809570312500e+02
1.315529937744140625e+02
5.126329956054687500e+02
1.003830032348632812e+02
5.506690063476562500e+02
7.846420288085937500e+02
9.670869750976562500e+02
8.127100372314453125e+01
4.217399978637695312e+01
1.537953979492187500e+03
1.126439971923828125e+02
4.895660095214843750e+02
7.912420043945312500e+02
2.855620117187500000e+02
3.809000015258789062e+00
9.500520019531250000e+02
5.833100128173828125e+01
4.782199859619140625e+01
1.086269989013671875e+02
1.432100009918212891e+01
4.359799957275390625e+01
1.053199958801269531e+01
8.076799774169921875e+01
3.891740112304687500e+02
6.136450195312500000e+02
1.829299926757812500e+01
3.809799957275390625e+01
3.148819885253906250e+02
1.732048950195312500e+03
4.229289855957031250e+02
2.951362060546875000e+03
2.059040069580078125e+02
1.784459991455078125e+02
3.656109924316406250e+02
1.090309982299804688e+02
9.591300048828125000e+02
3.036679992675781250e+02
6.012470092773437500e+02
1.494133056640625000e+03
1.517689971923828125e+02
1.729500007629394531e+01
3.900400085449218750e+02
4.798869934082031250e+02
8.523400115966796875e+01
4.380260009765625000e+02
3.413619995117187500e+02
5.662739868164062500e+02
2.646430053710937500e+02
1.383390045166015625e+02
3.566839904785156250e+02
7.099700164794921875e+01
8.262999725341796875e+01
1.253670043945312500e+03
2.741789855957031250e+02
4.338899993896484375e+01
1.435099983215332031e+01
3.743700027465820312e+01
1.679909973144531250e+02
2.104357910156250000e+03
2.654729919433593750e+02
2.481200027465820312e+01
3.787599945068359375e+01
4.573500061035156250e+01
1.486178955078125000e+03
8.929199981689453125e+01
4.146319885253906250e+02
4.938070068359375000e+02
1.719440002441406250e+02
2.553739929199218750e+02
1.356360015869140625e+02
3.598080139160156250e+02
3.739000082015991211e+00
2.237339935302734375e+02
3.580639953613281250e+02
1.642120056152343750e+02
6.451719970703125000e+02
1.032610015869140625e+02
4.779429931640625000e+02
3.067470092773437500e+02
1.188799953460693359e+01
8.416799926757812500e+01
5.799569702148437500e+02
1.082199954986572266e+01
4.383999824523925781e+00
2.859949951171875000e+02
5.824700164794921875e+01
8.609819946289062500e+02
2.714999961853027344e+01
4.742640075683593750e+02
1.120425048828125000e+03
3.992770080566406250e+02
3.921319885253906250e+02
4.996679992675781250e+02
2.252519989013671875e+02
2.984110107421875000e+02
1.538780059814453125e+02
5.286420288085937500e+02
5.186399841308593750e+01
1.250488037109375000e+03
6.440889892578125000e+02
2.187999963760375977e+00
2.504210052490234375e+02
1.330099964141845703e+01
1.707614013671875000e+03
5.041950073242187500e+02
1.534589996337890625e+02
2.498459930419921875e+02
7.722509765625000000e+02
5.697999954223632812e+00
3.095620117187500000e+02
3.703160095214843750e+02
3.053004882812500000e+03
1.365690002441406250e+02
1.187180023193359375e+02
2.454400024414062500e+02
