1.754968994140625000e+03
1.542234985351562500e+03
3.551760009765625000e+03
1.301740966796875000e+03
2.434125000000000000e+03
4.325450134277343750e+02
2.074369964599609375e+02
4.006059875488281250e+02
3.127019958496093750e+02
1.257672973632812500e+03
1.347115966796875000e+03
5.757480000000000000e+05
3.757562011718750000e+03
8.936589965820312500e+02
1.134527954101562500e+03
6.620640258789062500e+02
3.388810119628906250e+02
5.189019775390625000e+02
4.527680053710937500e+02
1.588330625000000000e+05
3.425650024414062500e+02
4.213819885253906250e+02
5.241857910156250000e+03
8.233859863281250000e+02
1.097600021362304688e+02
1.945788940429687500e+03
6.954099731445312500e+02
1.641054843750000000e+05
5.315989990234375000e+02
1.038098999023437500e+03
1.107947998046875000e+03
8.398339843750000000e+02
4.809360046386718750e+02
1.212411010742187500e+03
1.436611875000000000e+05
2.056907958984375000e+03
2.307977031250000000e+05
7.859979858398437500e+02
1.971100006103515625e+02
3.126990051269531250e+02
1.871759948730468750e+02
7.611920166015625000e+02
2.614800109863281250e+02
2.155009033203125000e+03
2.187430908203125000e+03
4.123339843750000000e+03
5.933989868164062500e+02
4.938309936523437500e+02
8.462819824218750000e+02
8.438250122070312500e+02
1.884609985351562500e+02
7.594450073242187500e+02
1.660740051269531250e+02
4.019389953613281250e+02
4.649830017089843750e+02
3.126709899902343750e+02
4.150580139160156250e+02
1.578412343750000000e+05
6.958079833984375000e+02
1.286528250000000000e+06
7.293759765625000000e+02
8.263820190429687500e+02
5.128239746093750000e+02
1.238534057617187500e+03
5.867109985351562500e+02
1.657489990234375000e+03
7.014110107421875000e+02
2.139403076171875000e+03
3.990092041015625000e+03
4.861560058593750000e+02
1.067693969726562500e+03
7.889539794921875000e+02
6.435965000000000000e+05
1.113514038085937500e+03
3.376211914062500000e+03
5.473690185546875000e+02
1.221461625000000000e+06
3.347619934082031250e+02
4.851149902343750000e+02
1.039772949218750000e+03
1.885039978027343750e+02
4.138720092773437500e+02
1.276404052734375000e+03
7.848150024414062500e+02
7.991250000000000000e+02
4.448259887695312500e+02
2.193450012207031250e+02
1.349813964843750000e+03
1.220628051757812500e+03
1.406317016601562500e+03
1.266296997070312500e+03
5.676539916992187500e+02
3.780621093750000000e+03
4.013370056152343750e+02
4.764440002441406250e+02
2.034066718750000000e+05
9.537210083007812500e+02
1.394089965820312500e+02
1.023149921875000000e+05
1.064286010742187500e+03
9.154470214843750000e+02
2.037599945068359375e+02
1.377270050048828125e+02
5.215159912109375000e+02
5.181500244140625000e+02
2.459750976562500000e+03
1.926699981689453125e+02
2.391031982421875000e+03
5.421760253906250000e+02
1.709545043945312500e+03
2.563101406250000000e+05
1.246840942382812500e+03
7.371729736328125000e+02
7.242039794921875000e+02
4.843919982910156250e+02
3.489419860839843750e+02
1.059589125000000000e+06
1.897536010742187500e+03
1.648933959960937500e+03
2.553954687500000000e+05
1.254741943359375000e+03
1.877449951171875000e+02
2.479072021484375000e+03
2.179660034179687500e+02
9.514700317382812500e+01
2.484089965820312500e+02
1.482620410156250000e+04
1.340549926757812500e+02
1.390012939453125000e+03
6.927399902343750000e+02
1.666779937744140625e+02
1.131791992187500000e+03
8.866250000000000000e+02
4.663129882812500000e+02
4.990599822998046875e+01
4.151740234375000000e+03
1.500365966796875000e+03
7.598005625000000000e+05
1.534759979248046875e+02
1.544563964843750000e+03
1.297843994140625000e+03
3.435270080566406250e+02
4.465740051269531250e+02
5.903410034179687500e+02
1.283602050781250000e+03
9.622039794921875000e+02
4.215740051269531250e+02
1.725781005859375000e+03
4.766002929687500000e+03
5.223220214843750000e+02
1.218550048828125000e+03
3.363709960937500000e+03
1.381419982910156250e+02
2.646990051269531250e+02
3.194299926757812500e+02
2.732951904296875000e+03
2.748500061035156250e+01
1.309507875000000000e+06
2.181762939453125000e+03
3.992630004882812500e+02
8.945189819335937500e+02
1.020018005371093750e+03
7.679940185546875000e+02
8.488200378417968750e+01
2.319732910156250000e+03
3.510889892578125000e+02
2.783800048828125000e+02
1.826759033203125000e+03
1.160756958007812500e+03
3.682049865722656250e+02
3.560849121093750000e+03
2.536239929199218750e+02
2.055688964843750000e+03
7.965139770507812500e+02
9.986580200195312500e+02
2.486340026855468750e+02
1.694505004882812500e+03
7.398070068359375000e+02
3.709119873046875000e+02
5.900050048828125000e+02
6.788380126953125000e+02
8.094749755859375000e+02
8.151630249023437500e+02
1.768661010742187500e+03
2.065930023193359375e+02
2.171849975585937500e+02
5.908969726562500000e+02
6.772520141601562500e+02
7.638239746093750000e+02
1.664279937744140625e+02
2.757606933593750000e+03
1.265979995727539062e+02
3.179320068359375000e+02
5.857509765625000000e+02
2.607070007324218750e+02
1.304640045166015625e+02
3.992529907226562500e+02
8.217393750000000000e+05
5.827645312500000000e+04
7.188469848632812500e+02
9.008499908447265625e+01
7.946290283203125000e+02
8.651680297851562500e+02
2.165619964599609375e+02
2.733999938964843750e+02
1.800269927978515625e+02
6.042630004882812500e+02
2.493760070800781250e+02
2.663760070800781250e+02
1.597662963867187500e+03
8.956099853515625000e+02
3.056696044921875000e+03
6.814199829101562500e+02
8.536459960937500000e+02
5.731439819335937500e+02
1.654109008789062500e+03
1.795654052734375000e+03
8.743229980468750000e+02
2.767680053710937500e+02
2.232389984130859375e+02
8.865836250000000000e+05
3.420820007324218750e+02
1.584230041503906250e+02
2.941549987792968750e+02
5.725490112304687500e+02
4.475710144042968750e+02
6.359359741210937500e+02
1.617563964843750000e+03
1.227071044921875000e+03
3.299533750000000000e+05
6.478729858398437500e+02
9.185930175781250000e+02
2.837662109375000000e+03
8.266890258789062500e+02
1.252869625000000000e+06
1.618363037109375000e+03
6.795540161132812500e+02
1.535495971679687500e+03
1.356827026367187500e+03
1.102119979858398438e+02
5.400821250000000000e+05
7.039479980468750000e+02
6.513729858398437500e+02
4.048120117187500000e+02
7.864110107421875000e+02
1.270230026245117188e+02
4.101159973144531250e+02
5.823889770507812500e+02
1.475208984375000000e+03
1.402169952392578125e+02
5.703460083007812500e+02
2.469720156250000000e+05
2.503503906250000000e+03
6.779019775390625000e+02
8.636110229492187500e+02
8.810360107421875000e+02
3.210350036621093750e+02
7.326030273437500000e+02
8.346500244140625000e+02
3.300108125000000000e+05
1.582035034179687500e+03
5.964210205078125000e+02
9.821580200195312500e+02
8.575529785156250000e+02
1.637474975585937500e+03
2.047125000000000000e+03
1.776781005859375000e+03
6.318850097656250000e+02
1.280515991210937500e+03
1.380725156250000000e+05
4.117305468750000000e+04
7.641270141601562500e+02
1.419680023193359375e+02
5.613569946289062500e+02
1.251480957031250000e+03
2.291080017089843750e+02
6.770889892578125000e+02
7.123289794921875000e+02
4.118630065917968750e+02
7.403870625000000000e+05
1.525038940429687500e+03
1.056656982421875000e+03
1.562104000000000000e+06
1.031746948242187500e+03
5.525869750976562500e+02
8.226599731445312500e+02
1.678738037109375000e+03
7.338050625000000000e+05
7.893159790039062500e+02
4.365790100097656250e+02
9.235919799804687500e+02
1.369499969482421875e+02
1.210202812500000000e+05
5.738729858398437500e+02
1.429033375000000000e+06
5.812039794921875000e+02
5.299559936523437500e+02
1.550290069580078125e+02
2.867793945312500000e+03
1.822712036132812500e+03
9.112139892578125000e+02
4.139249877929687500e+02
1.446220947265625000e+03
4.794089965820312500e+02
7.308640136718750000e+02
6.071913750000000000e+05
4.345660095214843750e+02
7.254310302734375000e+02
6.584206250000000000e+04
5.423579711914062500e+02
4.594500122070312500e+02
2.215099531250000000e+05
6.385520019531250000e+02
3.203630065917968750e+02
8.995689697265625000e+02
3.697170104980468750e+02
1.222337036132812500e+03
5.641770019531250000e+02
2.446770019531250000e+02
3.171019042968750000e+03
8.990720214843750000e+02
1.602654052734375000e+03
4.055740051269531250e+02
2.440480041503906250e+02
1.042087036132812500e+03
4.687400054931640625e+01
2.477669982910156250e+02
1.735363037109375000e+03
2.098070068359375000e+02
4.525299835205078125e+01
1.001916015625000000e+03
1.012351013183593750e+03
5.797100219726562500e+02
9.201760253906250000e+02
1.009927978515625000e+03
1.450411987304687500e+03
9.384669799804687500e+02
4.835950012207031250e+02
5.273809814453125000e+02
4.112153906250000000e+04
2.394072998046875000e+03
5.865331640625000000e+04
2.004818969726562500e+03
3.165599975585937500e+02
7.228980102539062500e+02
2.787488037109375000e+03
1.338609008789062500e+03
2.647879943847656250e+02
1.726380004882812500e+02
1.179562988281250000e+03
1.396349975585937500e+03
1.229953979492187500e+03
8.232520141601562500e+02
1.293659057617187500e+03
9.525720214843750000e+02
8.015969848632812500e+02
9.955035000000000000e+05
9.569050292968750000e+02
1.869395996093750000e+03
6.966279907226562500e+02
2.922420043945312500e+02
8.333800048828125000e+02
2.427070468750000000e+05
2.735534912109375000e+03
4.506270141601562500e+02
3.594010986328125000e+03
2.784325927734375000e+03
1.311280029296875000e+03
8.732800292968750000e+02
6.821879882812500000e+02
1.692449951171875000e+02
2.102854980468750000e+03
6.143980102539062500e+02
1.139411987304687500e+03
7.646207500000000000e+05
1.508004028320312500e+03
8.347659912109375000e+02
4.854089965820312500e+02
6.916859741210937500e+02
1.126459960937500000e+03
3.293989868164062500e+02
2.807760986328125000e+03
2.757858437500000000e+05
7.006840209960937500e+02
2.407444091796875000e+03
2.752950134277343750e+02
3.110530090332031250e+02
3.180119934082031250e+02
2.950599975585937500e+02
3.545660095214843750e+02
2.446444091796875000e+03
3.374531982421875000e+03
1.181813375000000000e+06
6.181030273437500000e+02
1.866548950195312500e+03
1.567593994140625000e+03
7.005700073242187500e+02
1.540552001953125000e+03
1.619669952392578125e+02
5.786979980468750000e+02
3.669549865722656250e+02
8.238629760742187500e+02
8.062750244140625000e+02
5.189799804687500000e+02
5.370399780273437500e+02
1.798381958007812500e+03
5.903380126953125000e+02
6.984110107421875000e+02
9.727410278320312500e+02
8.406270141601562500e+02
1.739053955078125000e+03
1.205994995117187500e+03
4.395480041503906250e+02
9.236270141601562500e+02
1.050116943359375000e+03
5.057310058593750000e+03
2.478930053710937500e+02
3.692490625000000000e+05
1.270541992187500000e+03
1.430034057617187500e+03
1.777621948242187500e+03
3.122940063476562500e+02
2.494490051269531250e+02
6.834200286865234375e+01
1.768527954101562500e+03
5.063640136718750000e+02
3.332120056152343750e+02
3.959620056152343750e+02
3.048039855957031250e+02
1.980970001220703125e+02
4.545440063476562500e+02
2.389944091796875000e+03
3.693450012207031250e+02
1.864779052734375000e+03
3.994087890625000000e+03
9.032099914550781250e+01
1.130901977539062500e+03
1.625079956054687500e+02
6.368643359375000000e+04
2.476280059814453125e+02
1.431510009765625000e+02
6.669619750976562500e+02
2.123865966796875000e+03
7.681550292968750000e+02
1.362035034179687500e+03
1.536701049804687500e+03
5.338179931640625000e+02
2.617195068359375000e+03
2.029600067138671875e+02
1.314632125000000000e+06
8.735310058593750000e+02
8.149275000000000000e+04
4.888729858398437500e+02
3.184415039062500000e+03
1.124343994140625000e+03
3.513949375000000000e+05
4.228120117187500000e+02
6.312620239257812500e+02
1.448718017578125000e+03
1.338078002929687500e+03
1.783384033203125000e+03
5.508569946289062500e+02
1.439505004882812500e+03
2.440106933593750000e+03
1.648517944335937500e+03
1.910739013671875000e+03
3.833345937500000000e+05
7.355079956054687500e+02
6.683020019531250000e+02
1.310234008789062500e+03
1.376495971679687500e+03
3.851830139160156250e+02
4.666130065917968750e+02
7.189400024414062500e+02
6.578250122070312500e+02
1.599459960937500000e+03
2.357114013671875000e+03
1.232843994140625000e+03
1.886677978515625000e+03
1.544019927978515625e+02
4.471919860839843750e+02
8.729103125000000000e+04
6.323179931640625000e+02
3.697269897460937500e+02
4.472377500000000000e+05
1.126610961914062500e+03
9.495520019531250000e+02
2.059283750000000000e+05
1.167552978515625000e+03
9.242249755859375000e+02
5.991749877929687500e+02
2.972929992675781250e+02
3.942000122070312500e+02
1.267192016601562500e+03
4.652430114746093750e+02
7.064385625000000000e+05
1.235109008789062500e+03
4.194289855957031250e+02
2.630281005859375000e+03
7.661939697265625000e+02
4.146570129394531250e+02
8.970099639892578125e+01
8.911525000000000000e+05
1.612255004882812500e+03
5.910349731445312500e+02
8.347379760742187500e+02
3.513755468750000000e+04
1.640052978515625000e+03
3.242020996093750000e+03
3.342780151367187500e+02
7.544580078125000000e+02
2.947977050781250000e+03
4.005400085449218750e+02
1.742394042968750000e+03
1.355670013427734375e+02
2.397189941406250000e+03
1.942343017578125000e+03
8.419990234375000000e+02
2.105100097656250000e+03
4.658004882812500000e+03
3.340549926757812500e+02
1.833609985351562500e+03
9.570479736328125000e+02
3.181654052734375000e+03
1.459830017089843750e+02
4.216929931640625000e+02
1.379839965820312500e+03
6.336400146484375000e+02
4.364960021972656250e+02
3.220920104980468750e+02
4.995076171875000000e+03
9.257039794921875000e+02
2.298450012207031250e+02
2.953590087890625000e+02
7.859949951171875000e+02
4.384960021972656250e+02
2.139559082031250000e+03
8.826211875000000000e+05
9.056810302734375000e+02
2.014130981445312500e+03
1.222379028320312500e+03
8.611749877929687500e+02
8.694520263671875000e+02
3.276229858398437500e+02
1.129873046875000000e+03
5.931560058593750000e+02
8.434260253906250000e+02
1.505740051269531250e+02
7.596299743652343750e+01
2.614119873046875000e+02
5.086409912109375000e+02
1.306699981689453125e+02
1.527428955078125000e+03
8.854599761962890625e+01
1.414428955078125000e+03
9.763289794921875000e+02
1.771130004882812500e+03
4.040050048828125000e+02
2.655608886718750000e+03
2.626149902343750000e+02
1.100427001953125000e+03
1.073779983520507812e+02
4.825179687500000000e+04
2.379299926757812500e+02
1.446171997070312500e+03
6.096710205078125000e+02
7.354000244140625000e+02
2.046730041503906250e+02
5.034790039062500000e+02
5.539340209960937500e+02
6.000250244140625000e+02
6.966420288085937500e+02
4.813479919433593750e+02
1.085344970703125000e+03
1.436469970703125000e+03
2.615781982421875000e+03
2.675169982910156250e+02
2.943560058593750000e+03
3.490800094604492188e+01
3.354710083007812500e+02
6.993129882812500000e+02
1.508239990234375000e+03
2.489946044921875000e+03
4.039179992675781250e+02
2.173209991455078125e+02
6.603800048828125000e+02
2.255535888671875000e+03
1.676114013671875000e+03
3.098240051269531250e+02
5.639190063476562500e+02
2.172978027343750000e+03
1.508331054687500000e+03
1.010924011230468750e+03
5.807689819335937500e+02
6.343159790039062500e+02
2.975719909667968750e+02
1.116792000000000000e+06
2.183916992187500000e+03
2.955441210937500000e+04
2.504369964599609375e+02
3.792879943847656250e+02
7.025789794921875000e+02
2.928399963378906250e+02
1.423880004882812500e+02
1.113581054687500000e+03
1.381030029296875000e+03
1.231302978515625000e+03
2.007387939453125000e+03
9.497990112304687500e+02
6.468029785156250000e+02
2.621069946289062500e+02
2.290912109375000000e+03
1.637510986328125000e+03
7.601110229492187500e+02
1.550796020507812500e+03
4.123097812500000000e+05
2.254360046386718750e+02
1.937595947265625000e+03
3.993195000000000000e+05
2.335010070800781250e+02
1.549801025390625000e+03
3.047969970703125000e+02
1.785612060546875000e+03
2.733579101562500000e+03
9.976389770507812500e+02
2.015833007812500000e+03
9.606749375000000000e+05
6.593670043945312500e+02
1.627733437500000000e+05
8.523699951171875000e+02
6.107570190429687500e+02
1.024541015625000000e+03
4.150260009765625000e+02
6.300659790039062500e+02
5.173406562500000000e+05
1.125843994140625000e+03
4.679979858398437500e+02
9.743629760742187500e+02
1.162873046875000000e+03
3.261210021972656250e+02
4.391854062500000000e+05
1.223463012695312500e+03
1.367057006835937500e+03
2.024779968261718750e+02
7.578519897460937500e+02
2.047411500000000000e+06
1.050358032226562500e+03
7.447730102539062500e+02
2.388613750000000000e+05
1.043770996093750000e+03
1.284353027343750000e+03
1.555715942382812500e+03
2.678460083007812500e+02
2.647319946289062500e+02
1.944109954833984375e+02
2.675910034179687500e+02
8.542299804687500000e+02
1.390076049804687500e+03
8.540109863281250000e+02
2.887309875488281250e+02
2.874165039062500000e+03
1.204412963867187500e+03
1.528109985351562500e+03
8.806770019531250000e+02
2.189731933593750000e+03
1.839114013671875000e+03
1.217697998046875000e+03
6.887559814453125000e+02
3.801570129394531250e+02
2.230870056152343750e+02
3.343720092773437500e+02
5.539000244140625000e+02
1.083840026855468750e+02
2.858800048828125000e+02
9.162130126953125000e+02
7.591733125000000000e+05
7.314819946289062500e+02
1.717061406250000000e+05
3.170369873046875000e+02
6.348319702148437500e+02
8.001380004882812500e+02
2.329195068359375000e+03
1.185203002929687500e+03
1.570534057617187500e+03
1.467098750000000000e+06
9.158968750000000000e+05
1.047411987304687500e+03
2.768098437500000000e+05
2.033410034179687500e+02
1.369991943359375000e+03
3.498943115234375000e+03
2.137052978515625000e+03
1.095994995117187500e+03
2.470829925537109375e+02
6.060629882812500000e+02
1.636522949218750000e+03
3.380312988281250000e+03
2.683619995117187500e+02
7.682150268554687500e+02
2.964630126953125000e+02
2.091677978515625000e+03
1.236432006835937500e+03
3.691700134277343750e+02
7.682599639892578125e+01
5.791790161132812500e+02
1.225881958007812500e+03
8.542206250000000000e+05
1.327562031250000000e+05
1.181660003662109375e+02
3.144559936523437500e+02
4.496820068359375000e+02
1.495442016601562500e+03
2.381660003662109375e+02
9.258399963378906250e+01
1.134374023437500000e+03
2.802798095703125000e+03
4.836199951171875000e+01
2.601666015625000000e+03
2.982597900390625000e+03
7.936320190429687500e+02
1.645166992187500000e+03
2.715989990234375000e+02
3.501760009765625000e+03
4.652770080566406250e+02
3.538627929687500000e+03
1.162062988281250000e+03
1.236526977539062500e+03
1.450807006835937500e+03
4.970299987792968750e+02
9.354039916992187500e+02
3.841227343750000000e+04
3.696987187500000000e+05
1.785749969482421875e+02
2.019208007812500000e+03
1.339922973632812500e+03
1.967469940185546875e+02
7.938239746093750000e+02
9.741199951171875000e+02
9.153369750976562500e+02
1.311810058593750000e+03
3.225205937500000000e+05
1.101531982421875000e+03
4.652430114746093750e+02
2.296300048828125000e+02
1.238006958007812500e+03
8.048020019531250000e+02
1.726384033203125000e+03
6.776699829101562500e+02
2.644478027343750000e+03
2.874339904785156250e+02
1.018973999023437500e+03
4.787349853515625000e+02
4.138980102539062500e+02
2.091260986328125000e+03
1.092180023193359375e+02
1.908084960937500000e+03
4.996960144042968750e+02
3.605400085449218750e+02
1.613832000000000000e+06
6.255560302734375000e+02
1.681759033203125000e+03
5.242349853515625000e+02
4.853890075683593750e+02
1.801826049804687500e+03
4.185570068359375000e+02
2.232999992370605469e+01
5.369379882812500000e+02
4.326287109375000000e+03
5.005823242187500000e+03
2.869119873046875000e+02
7.510170288085937500e+02
4.427879943847656250e+02
6.624210205078125000e+02
4.496073828125000000e+04
1.543026000976562500e+03
4.968429870605468750e+02
1.216381625000000000e+06
1.337948974609375000e+03
1.941824951171875000e+03
2.998742919921875000e+03
1.343141967773437500e+03
6.058410034179687500e+02
1.584940500000000000e+06
1.044226000000000000e+06
9.887329711914062500e+02
1.266678955078125000e+03
1.070729980468750000e+02
1.385244995117187500e+03
5.269300079345703125e+01
8.263540039062500000e+02
6.271500244140625000e+02
8.955960083007812500e+02
1.374759033203125000e+03
9.864450073242187500e+02
5.634145625000000000e+05
1.416800022125244141e+01
2.400045898437500000e+03
3.905610046386718750e+02
5.709080200195312500e+02
4.537619934082031250e+02
3.481470031738281250e+02
8.429400024414062500e+02
4.290589904785156250e+02
7.497930297851562500e+02
9.639699707031250000e+02
1.332386962890625000e+03
1.797807006835937500e+03
1.044820022583007812e+02
1.380860961914062500e+03
2.139825927734375000e+03
1.101303955078125000e+03
3.132609863281250000e+02
8.307620239257812500e+02
8.044660034179687500e+02
1.284920043945312500e+02
1.629944946289062500e+03
8.595430297851562500e+02
8.588129882812500000e+02
3.281690063476562500e+02
2.532079925537109375e+02
4.192630004882812500e+02
2.949689941406250000e+02
6.310100097656250000e+02
1.006026000976562500e+03
1.102713989257812500e+03
1.301238037109375000e+03
2.123000030517578125e+02
6.302869873046875000e+02
8.756099700927734375e+01
1.192891967773437500e+03
3.370199890136718750e+02
1.653699951171875000e+02
7.971350097656250000e+02
2.715966064453125000e+03
2.706329956054687500e+02
1.847541015625000000e+03
6.752762500000000000e+05
3.253420104980468750e+02
2.917176025390625000e+03
2.469056884765625000e+03
2.712854003906250000e+03
6.970624375000000000e+05
2.876409912109375000e+02
1.028075937500000000e+06
1.517661010742187500e+03
1.311095947265625000e+03
6.342069702148437500e+02
4.927176250000000000e+05
7.590720214843750000e+02
1.013580017089843750e+02
1.058359985351562500e+03
2.096694091796875000e+03
1.270088012695312500e+03
2.449112060546875000e+03
7.975700378417968750e+01
7.087570190429687500e+02
5.843199920654296875e+01
2.746717041015625000e+03
9.393989868164062500e+02
3.874400878906250000e+03
5.561248750000000000e+05
2.990209960937500000e+02
1.300569946289062500e+03
1.097917250000000000e+06
1.278040008544921875e+02
7.842399902343750000e+02
8.453870239257812500e+02
8.641320190429687500e+02
7.397830200195312500e+02
5.856519775390625000e+02
1.184514038085937500e+03
4.096419982910156250e+02
1.177335375000000000e+06
6.159439697265625000e+02
1.692540039062500000e+03
1.281123046875000000e+03
2.819219970703125000e+02
1.152365966796875000e+03
1.145265991210937500e+03
3.513829101562500000e+03
1.543359985351562500e+02
7.262659912109375000e+02
6.450109863281250000e+02
2.227669982910156250e+02
6.359910278320312500e+02
2.349819946289062500e+02
4.515390014648437500e+02
5.847048750000000000e+05
3.206350097656250000e+02
7.760549926757812500e+02
4.019185058593750000e+03
1.420370025634765625e+02
7.288330078125000000e+02
1.340399932861328125e+02
1.836531500000000000e+06
1.392630004882812500e+02
1.168590942382812500e+03
3.896199951171875000e+02
9.086420288085937500e+02
7.549249877929687500e+02
1.123909988403320312e+02
1.068836059570312500e+03
5.720910034179687500e+02
1.561782958984375000e+03
1.917805053710937500e+03
5.314320068359375000e+02
4.593599853515625000e+02
2.667809082031250000e+03
2.549568115234375000e+03
1.151266967773437500e+03
2.475910034179687500e+02
7.778729858398437500e+02
2.550467031250000000e+05
2.558437988281250000e+03
7.474780273437500000e+02
3.566418945312500000e+03
4.901599884033203125e+01
8.020819702148437500e+02
5.396669921875000000e+02
6.206799926757812500e+02
2.281860046386718750e+02
4.827179870605468750e+02
4.123489990234375000e+02
2.565146972656250000e+03
1.292248046875000000e+03
4.207566015625000000e+04
1.990261962890625000e+03
3.164760986328125000e+03
1.546000000000000000e+03
2.113132812500000000e+05
3.521283935546875000e+03
6.189229736328125000e+02
6.927969970703125000e+02
1.204104980468750000e+03
3.008196044921875000e+03
1.954708007812500000e+03
2.329455078125000000e+03
4.058326904296875000e+03
1.350402954101562500e+03
8.404399871826171875e+01
5.054179992675781250e+02
3.119939880371093750e+02
1.092414921875000000e+05
5.472659912109375000e+02
1.327330017089843750e+02
1.592113875000000000e+06
2.500528076171875000e+03
6.115560302734375000e+02
3.069400024414062500e+01
2.491300048828125000e+02
4.422369995117187500e+02
1.384563378906250000e+04
2.025600952148437500e+03
1.015760562500000000e+06
7.086699829101562500e+02
2.937846923828125000e+03
5.996929931640625000e+02
6.489366210937500000e+03
9.363400268554687500e+01
7.620059814453125000e+02
2.840670898437500000e+03
2.866220092773437500e+02
2.125410003662109375e+02
9.841719970703125000e+02
1.327343017578125000e+03
3.101034912109375000e+03
8.201359863281250000e+02
3.520230102539062500e+02
1.429804500000000000e+06
1.709697021484375000e+03
3.808448974609375000e+03
2.008209960937500000e+03
7.720370312500000000e+04
2.992711914062500000e+03
1.485319976806640625e+02
2.006192016601562500e+03
9.179035625000000000e+05
1.244055750000000000e+06
1.313350067138671875e+02
8.434910278320312500e+02
5.149650268554687500e+02
8.264669799804687500e+02
5.020770312500000000e+05
2.276307968750000000e+05
1.019252014160156250e+03
3.786499938964843750e+02
8.624890136718750000e+02
1.796309967041015625e+02
1.510625976562500000e+03
1.373990966796875000e+03
3.057388916015625000e+03
7.039569702148437500e+02
6.575510253906250000e+02
6.589763750000000000e+05
4.990899963378906250e+02
4.310095214843750000e+03
2.044457617187500000e+04
4.249403750000000000e+05
9.660750122070312500e+02
1.704360046386718750e+02
