1.035656484375000000e+05
2.782600021362304688e+01
9.467430664062500000e+03
2.040901171875000000e+04
1.147001406250000000e+05
6.505058984375000000e+04
7.822200012207031250e+01
1.354072998046875000e+03
3.155900001525878906e+01
2.125194091796875000e+03
4.443828125000000000e+04
1.831813593750000000e+05
3.522000122070312500e+01
5.310641113281250000e+03
1.150449981689453125e+02
3.086861562500000000e+05
1.924029052734375000e+03
1.023663024902343750e+03
4.648678906250000000e+04
1.136256958007812500e+03
4.124880859375000000e+03
1.882175781250000000e+05
4.442132812500000000e+03
1.994571044921875000e+03
3.738830078125000000e+03
1.056777109375000000e+05
8.532203125000000000e+03
2.119933437500000000e+05
1.094515859375000000e+05
1.950596093750000000e+04
2.591981445312500000e+04
7.790399780273437500e+02
1.856352343750000000e+04
4.504625000000000000e+03
1.380794218750000000e+05
9.395073437500000000e+04
2.087193164062500000e+04
1.973406640625000000e+04
2.322699928283691406e+01
1.008608886718750000e+04
4.934644921875000000e+04
5.526239062500000000e+04
3.290685937500000000e+04
5.377229980468750000e+03
3.033198125000000000e+05
5.036401855468750000e+03
1.233013574218750000e+04
4.085906640625000000e+04
5.620725390625000000e+04
4.539243164062500000e+03
2.754510351562500000e+04
7.383359985351562500e+02
5.338204101562500000e+03
5.850481640625000000e+04
2.618147070312500000e+04
3.919880078125000000e+04
8.380187500000000000e+04
1.204449996948242188e+02
8.874323437500000000e+04
3.367364453125000000e+04
2.673304687500000000e+05
1.116486406250000000e+05
3.477204687500000000e+04
8.548500061035156250e+01
9.116999626159667969e+00
8.253266601562500000e+03
3.901949062500000000e+05
1.394012939453125000e+03
4.190100097656250000e+01
8.015454101562500000e+03
8.270148437500000000e+04
1.506388378906250000e+04
5.835376953125000000e+03
5.977042968750000000e+03
2.439292968750000000e+05
2.603599929809570312e+01
7.629498437500000000e+04
4.635600097656250000e+03
6.880500030517578125e+01
6.501323242187500000e+03
1.773314062500000000e+05
4.819874023437500000e+03
1.566021093750000000e+05
6.700919921875000000e+03
4.016826904296875000e+03
8.599489746093750000e+02
1.312056445312500000e+04
3.259766406250000000e+04
6.826370312500000000e+04
2.353447021484375000e+03
1.059478027343750000e+03
1.173543945312500000e+03
1.371811425781250000e+04
1.993288940429687500e+03
8.528866210937500000e+03
4.185876953125000000e+03
4.705407421875000000e+04
1.725060058593750000e+03
1.249439941406250000e+03
9.208746093750000000e+04
2.256064843750000000e+05
1.333878808593750000e+04
5.458100128173828125e+01
1.074225488281250000e+04
3.374271875000000000e+05
3.957999944686889648e+00
7.706364062500000000e+04
2.023769335937500000e+04
2.897799987792968750e+02
1.502383056640625000e+03
1.949479980468750000e+02
5.565506250000000000e+04
4.374855468750000000e+04
5.958752929687500000e+03
4.674700164794921875e+01
3.134450073242187500e+02
3.589133203125000000e+04
8.923239843750000000e+04
4.806800781250000000e+03
1.624880065917968750e+02
1.154307983398437500e+03
2.793234179687500000e+04
2.971604980468750000e+03
1.133367656250000000e+05
5.807076953125000000e+04
2.521770468750000000e+05
4.446440917968750000e+03
1.952000045776367188e+01
7.283839721679687500e+02
8.076661132812500000e+03
7.725268750000000000e+04
1.666233032226562500e+03
3.072944335937500000e+04
8.369180297851562500e+02
1.224500156250000000e+05
7.852467968750000000e+04
1.419836059570312500e+03
2.937299072265625000e+03
5.642498046875000000e+03
5.340022949218750000e+03
2.111376093750000000e+05
2.171046875000000000e+04
1.362588593750000000e+05
8.809474609375000000e+03
9.366814453125000000e+03
7.771504687500000000e+04
1.616131406250000000e+05
2.037812500000000000e+05
3.046745312500000000e+04
2.164679931640625000e+03
2.446884570312500000e+04
8.644286718750000000e+04
2.265299987792968750e+01
1.914661718750000000e+05
1.065645996093750000e+03
6.168105859375000000e+04
8.474791250000000000e+05
1.357278281250000000e+05
1.386770996093750000e+04
5.358203906250000000e+04
5.835516250000000000e+05
5.461119995117187500e+02
1.120985781250000000e+05
1.463755004882812500e+03
4.373152812500000000e+05
2.884434082031250000e+03
1.584200000762939453e+01
2.067597265625000000e+04
1.504067382812500000e+04
2.455647460937500000e+04
2.627499961853027344e+01
4.240980937500000000e+05
7.973999977111816406e+00
3.435048828125000000e+04
2.838142812500000000e+05
5.832275781250000000e+04
3.501841875000000000e+05
1.246792968750000000e+03
2.262367578125000000e+04
4.295480041503906250e+02
5.800154785156250000e+03
1.231931152343750000e+04
5.940711914062500000e+03
1.423660351562500000e+04
7.090097167968750000e+03
6.391596191406250000e+03
2.433526250000000000e+05
7.245780761718750000e+03
1.414586093750000000e+05
1.256093261718750000e+04
7.399400024414062500e+02
3.589799880981445312e+01
2.383131250000000000e+04
9.626403125000000000e+04
8.305192187500000000e+04
2.885099983215332031e+01
3.295899963378906250e+01
6.651275781250000000e+04
2.147660888671875000e+03
5.141116796875000000e+04
8.590932031250000000e+04
1.361208691406250000e+04
1.336814843750000000e+05
1.774223750000000000e+05
7.068109741210937500e+02
2.529999923706054688e+01
1.366823046875000000e+04
2.905764687500000000e+05
2.276799926757812500e+02
1.565584082031250000e+04
2.279578710937500000e+04
7.371760253906250000e+02
3.735626171875000000e+04
9.740414062500000000e+03
1.612186523437500000e+04
2.176171406250000000e+05
1.049076953125000000e+05
3.111979980468750000e+02
9.686046875000000000e+03
4.177744531250000000e+04
1.659241796875000000e+04
2.101301757812500000e+04
1.724907958984375000e+03
4.895229980468750000e+03
2.721905029296875000e+03
2.016986328125000000e+04
1.011291015625000000e+03
1.719301025390625000e+03
2.833446250000000000e+05
6.912428906250000000e+04
4.930390014648437500e+02
1.544157031250000000e+05
2.114117968750000000e+04
3.775693359375000000e+04
5.328449218750000000e+03
1.707769927978515625e+02
5.040969238281250000e+03
5.473985546875000000e+04
2.058815625000000000e+04
8.120054199218750000e+03
3.033699951171875000e+03
2.193881445312500000e+04
1.956131562500000000e+05
5.353056152343750000e+03
1.599582812500000000e+05
1.125516601562500000e+04
2.061472656250000000e+04
9.767099218750000000e+04
3.133163281250000000e+04
2.901193750000000000e+05
2.812553125000000000e+04
1.180833203125000000e+05
2.327696406250000000e+05
6.346290283203125000e+02
2.556689648437500000e+04
5.717139892578125000e+02
9.098999977111816406e+00
2.465284531250000000e+05
1.169572265625000000e+04
5.245051953125000000e+04
8.912383593750000000e+04
1.481268437500000000e+05
6.420146875000000000e+04
1.822610015869140625e+02
3.400800000000000000e+04
2.931362060546875000e+03
3.710830078125000000e+04
4.024371093750000000e+03
1.081222753906250000e+04
1.408398437500000000e+05
8.609990234375000000e+02
5.904123125000000000e+05
3.146537500000000000e+04
6.895878906250000000e+03
1.159590429687500000e+04
5.842957421875000000e+04
2.620827929687500000e+04
5.071759765625000000e+03
8.454820312500000000e+04
4.305119140625000000e+04
1.182867773437500000e+04
1.163745703125000000e+04
3.648047265625000000e+04
1.298932324218750000e+04
7.984974218750000000e+04
9.306728515625000000e+03
1.638867500000000000e+05
4.225921875000000000e+03
3.746667968750000000e+04
1.178627343750000000e+05
1.086040039062500000e+03
1.323706054687500000e+03
6.036133984375000000e+04
2.490129296875000000e+04
1.364720898437500000e+04
6.156000137329101562e+00
2.452339935302734375e+02
1.922131718750000000e+05
1.079459179687500000e+04
8.098226562500000000e+04
1.045410003662109375e+02
1.628858984375000000e+04
1.695286523437500000e+04
1.547017944335937500e+03
2.752741250000000000e+05
2.758028320312500000e+04
1.782799911499023438e+01
1.342337968750000000e+05
4.802370117187500000e+03
4.538812011718750000e+03
1.105198144531250000e+04
1.756452539062500000e+04
7.745759887695312500e+02
4.889669921875000000e+03
1.625743750000000000e+05
1.007760009765625000e+02
9.266899871826171875e+01
9.633589843750000000e+04
9.409983593750000000e+04
2.408170013427734375e+02
7.170900268554687500e+02
1.806276562500000000e+05
5.189949218750000000e+04
2.684832617187500000e+04
2.025083984375000000e+03
1.134096484375000000e+04
2.952372265625000000e+04
1.701320037841796875e+02
1.249227050781250000e+03
3.647785156250000000e+04
2.945669860839843750e+02
6.424352343750000000e+04
9.042334960937500000e+03
1.218072031250000000e+05
2.250198125000000000e+05
1.781877656250000000e+05
2.310710156250000000e+04
1.078239746093750000e+04
7.186178906250000000e+04
7.255941894531250000e+03
1.650532421875000000e+04
3.311626953125000000e+04
1.753840026855468750e+02
2.591198437500000000e+05
6.596763183593750000e+03
1.068400001525878906e+01
7.997735937500000000e+04
6.276829296875000000e+04
1.231159057617187500e+03
7.267921875000000000e+04
2.120141796875000000e+04
3.801766406250000000e+04
2.640748828125000000e+04
5.071400070190429688e+01
8.779486328125000000e+03
1.880017187500000000e+05
4.205755625000000000e+05
2.104682617187500000e+04
1.565182812500000000e+05
2.330001757812500000e+04
1.545076049804687500e+03
1.181143164062500000e+04
1.562310028076171875e+02
4.665301757812500000e+03
1.068123046875000000e+03
1.219184765625000000e+04
2.185820007324218750e+02
1.267805234375000000e+05
1.662908593750000000e+05
9.503174218750000000e+04
4.431448046875000000e+04
1.683523437500000000e+05
4.711516015625000000e+04
1.425520781250000000e+05
2.174474121093750000e+03
4.279008203125000000e+04
2.726453750000000000e+05
4.730039978027343750e+02
4.228456640625000000e+04
3.555020141601562500e+02
7.761439819335937500e+02
7.170163085937500000e+03
5.451920166015625000e+02
6.308980102539062500e+02
3.362399062500000000e+05
1.895000076293945312e+01
3.049050048828125000e+03
2.925638671875000000e+04
2.518810546875000000e+04
1.783041875000000000e+05
1.641130981445312500e+03
2.779693359375000000e+04
8.940306250000000000e+05
3.163049926757812500e+02
5.408494921875000000e+04
2.703674414062500000e+04
2.022849023437500000e+04
7.272579101562500000e+03
1.258699989318847656e+01
1.101707421875000000e+05
4.831483437500000000e+05
3.924179931640625000e+03
7.902732031250000000e+04
6.898464062500000000e+04
1.309418593750000000e+05
1.448780059814453125e+02
2.369700050354003906e+01
8.216850585937500000e+03
1.184705859375000000e+04
1.614100074768066406e+01
5.043999862670898438e+01
9.058036718750000000e+04
2.048339996337890625e+02
1.679299926757812500e+01
2.753800010681152344e+01
4.639496093750000000e+03
2.626436562500000000e+05
2.446380004882812500e+02
5.994039916992187500e+02
1.115103515625000000e+04
1.175885390625000000e+05
5.570378125000000000e+04
1.202145390625000000e+05
1.277035625000000000e+05
2.985160625000000000e+05
3.078957187500000000e+05
5.096491796875000000e+04
4.418309375000000000e+04
6.120327148437500000e+03
1.041592041015625000e+03
7.257117187500000000e+04
1.445326406250000000e+05
3.519472900390625000e+03
8.982640625000000000e+04
1.560311562500000000e+05
2.080811035156250000e+03
3.944599914550781250e+01
3.165809936523437500e+02
3.470007080078125000e+03
9.690817382812500000e+03
4.556640014648437500e+02
1.972319062500000000e+05
1.361156005859375000e+03
3.727069091796875000e+03
2.053277968750000000e+05
6.273500061035156250e+01
2.113104980468750000e+03
1.833342041015625000e+03
7.414041015625000000e+03
9.571091406250000000e+04
1.630100059509277344e+01
2.545688476562500000e+04
2.875616796875000000e+04
1.651537109375000000e+04
2.847821044921875000e+03
2.652340087890625000e+02
1.021557324218750000e+04
5.236779785156250000e+02
9.314584375000000000e+04
1.758172460937500000e+04
4.085282958984375000e+03
3.222213125000000000e+05
1.098186132812500000e+04
1.408130035400390625e+02
3.399623046875000000e+03
3.019731933593750000e+03
1.158495971679687500e+03
2.583289648437500000e+04
2.281007812500000000e+04
2.509496562500000000e+05
1.318000030517578125e+01
1.729920043945312500e+02
2.972120056152343750e+02
4.402575000000000000e+04
2.116524902343750000e+03
2.492583750000000000e+05
8.190357812500000000e+04
9.238135156250000000e+04
1.275501855468750000e+04
3.221506250000000000e+04
6.744076171875000000e+03
5.701399993896484375e+01
1.664260351562500000e+04
2.251199913024902344e+01
3.677874218750000000e+04
1.428078002929687500e+03
9.473988281250000000e+04
1.778083007812500000e+03
7.122400781250000000e+04
2.374588085937500000e+04
2.856589965820312500e+02
1.332412968750000000e+05
5.301784179687500000e+03
5.202701171875000000e+03
1.014541992187500000e+03
2.613041015625000000e+03
1.688053125000000000e+04
2.395388671875000000e+04
4.526628125000000000e+04
1.432517250000000000e+06
1.474804843750000000e+05
9.805675000000000000e+04
4.359786132812500000e+03
3.536160156250000000e+04
7.043469848632812500e+02
2.036493164062500000e+04
1.933206250000000000e+05
2.531636328125000000e+04
5.014304687500000000e+04
1.757611328125000000e+04
5.221300125122070312e+01
1.246303437500000000e+05
1.542300033569335938e+01
1.596516503906250000e+04
8.796430468750000000e+04
1.103832031250000000e+05
2.753094970703125000e+03
2.317243906250000000e+05
4.226452343750000000e+04
6.719979980468750000e+03
2.507491943359375000e+03
6.788999938964843750e+01
4.511050109863281250e+02
6.826890625000000000e+04
1.183750195312500000e+04
1.660593945312500000e+04
4.074509887695312500e+02
1.123540703125000000e+05
2.719696875000000000e+04
3.734883593750000000e+04
1.042706328125000000e+05
3.771399902343750000e+03
5.926826562500000000e+04
3.230224121093750000e+03
3.995555078125000000e+04
1.739443969726562500e+03
4.894624609375000000e+04
4.162340087890625000e+02
1.944369531250000000e+05
4.237522656250000000e+04
1.851555468750000000e+04
2.470487031250000000e+05
6.156914453125000000e+04
4.065937011718750000e+03
3.543497070312500000e+03
1.566600036621093750e+01
5.445426757812500000e+03
4.578354980468750000e+03
2.424828906250000000e+05
3.271599960327148438e+01
1.310646191406250000e+04
8.379792187500000000e+04
6.541315234375000000e+04
3.892499923706054688e+01
2.615673437500000000e+04
5.981177734375000000e+04
3.872638125000000000e+05
7.889955078125000000e+03
6.099124023437500000e+03
1.801835156250000000e+05
2.274225781250000000e+05
1.347222968750000000e+05
1.493906982421875000e+03
5.358020625000000000e+05
1.720224414062500000e+04
3.890266113281250000e+03
2.319593906250000000e+05
5.495635546875000000e+04
3.981904062500000000e+05
2.703431835937500000e+04
3.096450927734375000e+03
1.502132226562500000e+04
1.752114013671875000e+03
5.673442871093750000e+03
1.602872753906250000e+04
7.290780029296875000e+02
9.141749877929687500e+02
3.078086914062500000e+03
1.652369726562500000e+04
6.115986718750000000e+04
3.590580078125000000e+03
2.456986083984375000e+03
2.126936718750000000e+05
1.148293847656250000e+04
3.200273437500000000e+04
6.152578125000000000e+03
6.688800048828125000e+01
5.368951171875000000e+04
1.829109375000000000e+05
2.073584218750000000e+05
3.926380000000000000e+05
3.696314062500000000e+04
4.811999797821044922e+00
3.182634033203125000e+03
6.573853906250000000e+04
9.082837500000000000e+04
7.607522949218750000e+03
6.687300109863281250e+01
2.977400016784667969e+01
2.351380078125000000e+04
2.486832617187500000e+04
5.497490234375000000e+02
1.100262109375000000e+05
1.220787812500000000e+05
5.059465625000000000e+04
4.102705078125000000e+04
1.877630004882812500e+02
3.956438671875000000e+04
3.658977050781250000e+03
4.446133789062500000e+03
2.701836132812500000e+04
1.200092480468750000e+04
1.700456093750000000e+05
4.591870117187500000e+02
5.319013671875000000e+04
8.443993750000000000e+04
5.146363769531250000e+03
8.060195800781250000e+03
6.504149902343750000e+03
2.072910156250000000e+05
1.017155781250000000e+05
1.254807983398437500e+03
3.136510009765625000e+02
4.259799957275390625e+01
2.304625976562500000e+03
5.386339721679687500e+02
6.218055175781250000e+03
4.089239843750000000e+04
3.365299987792968750e+01
3.181273750000000000e+05
2.150672187500000000e+05
2.928680078125000000e+04
2.080136962890625000e+03
3.894070129394531250e+02
2.738457031250000000e+04
3.612752343750000000e+04
4.004074218750000000e+04
1.582889038085937500e+03
1.543756738281250000e+04
1.543326406250000000e+05
1.652319531250000000e+04
2.530500312500000000e+05
1.119457031250000000e+05
6.841152832031250000e+03
4.301615234375000000e+03
7.033750000000000000e+02
1.368904531250000000e+05
1.114111562500000000e+05
1.526553593750000000e+05
3.407482187500000000e+05
2.806460312500000000e+05
8.142620239257812500e+02
2.064880065917968750e+02
4.624800109863281250e+01
1.903177929687500000e+04
1.126978125000000000e+05
1.573854980468750000e+03
2.028911914062500000e+04
3.886143359375000000e+04
1.465350468750000000e+05
5.952449951171875000e+02
5.746472167968750000e+03
1.470505312500000000e+05
2.738018554687500000e+04
3.447701171875000000e+04
1.681744995117187500e+03
4.598541406250000000e+04
6.787159179687500000e+03
5.419274609375000000e+04
1.269879589843750000e+04
8.138973437500000000e+04
4.190126562500000000e+04
1.965694726562500000e+04
7.912407031250000000e+04
1.072710037231445312e+02
5.143513183593750000e+03
2.047094921875000000e+04
3.752383056640625000e+03
1.652077148437500000e+04
3.196467041015625000e+03
2.325875000000000000e+03
1.477532968750000000e+05
2.211756875000000000e+05
1.896150054931640625e+02
2.978230000000000000e+05
8.506759375000000000e+04
5.134265136718750000e+03
1.036866640625000000e+05
9.616477539062500000e+03
1.212849375000000000e+05
6.550038085937500000e+03
7.099757812500000000e+04
4.238402832031250000e+03
2.531919335937500000e+04
1.402834843750000000e+05
7.123300170898437500e+01
3.240635986328125000e+03
1.522919921875000000e+04
2.133677031250000000e+05
1.240454296875000000e+05
1.148817089843750000e+04
9.142371093750000000e+03
1.949563964843750000e+03
5.482346875000000000e+04
3.283818125000000000e+05
1.635557006835937500e+03
4.951421093750000000e+04
1.262390917968750000e+04
3.960311328125000000e+04
2.359515429687500000e+04
3.034399986267089844e+01
1.045999984741210938e+02
5.354370117187500000e+02
1.215890820312500000e+04
3.231457031250000000e+03
8.147133593750000000e+04
1.523116562500000000e+05
1.750338125000000000e+05
5.077299880981445312e+01
1.148461796875000000e+05
1.562956152343750000e+04
5.001279907226562500e+02
1.273089981079101562e+02
1.815335312500000000e+05
1.972526977539062500e+03
3.735719909667968750e+02
3.365753906250000000e+03
1.667897812500000000e+05
4.056916015625000000e+04
1.039548632812500000e+04
3.238789978027343750e+02
2.126035156250000000e+04
4.415999889373779297e+00
3.540599822998046875e+01
2.169797343750000000e+05
3.391040039062500000e+03
3.701940002441406250e+02
6.618685058593750000e+03
5.887232421875000000e+04
2.770700073242187500e+01
2.273908593750000000e+04
1.769000053405761719e+01
1.251126855468750000e+04
3.299943115234375000e+03
1.083303906250000000e+04
2.381269989013671875e+02
1.075751796875000000e+05
1.657454956054687500e+03
1.314929962158203125e+02
6.468641796875000000e+04
1.092056030273437500e+03
2.108499908447265625e+01
8.166999816894531250e+00
2.553300048828125000e+03
1.530715468750000000e+05
9.217760156250000000e+04
7.393844238281250000e+03
1.994099023437500000e+04
3.331480102539062500e+02
2.191528437500000000e+05
2.161535937500000000e+04
1.010891113281250000e+04
3.928102734375000000e+04
8.369499969482421875e+01
3.439799880981445312e+01
1.593749531250000000e+05
1.950645703125000000e+04
5.132047851562500000e+03
9.456719970703125000e+02
6.971464062500000000e+04
6.253734765625000000e+04
1.604785468750000000e+05
1.204300022125244141e+01
1.323730010986328125e+02
3.535543437500000000e+05
8.416000366210937500e+00
7.779054199218750000e+03
3.503249023437500000e+03
7.151018066406250000e+03
7.068210937500000000e+03
1.467233886718750000e+04
2.940234179687500000e+04
1.758979949951171875e+02
3.966657031250000000e+04
4.060325000000000000e+04
8.780083593750000000e+04
8.030621875000000000e+04
4.559199905395507812e+01
2.154810546875000000e+04
9.665005468750000000e+04
1.320204843750000000e+05
1.477571250000000000e+05
1.183813046875000000e+05
5.308751953125000000e+04
2.408090057373046875e+02
2.836382031250000000e+04
2.360583593750000000e+04
3.001458007812500000e+03
4.995429992675781250e+02
4.954296875000000000e+04
6.339587890625000000e+04
4.337041015625000000e+03
7.671409912109375000e+02
9.027043750000000000e+04
3.148795898437500000e+03
2.359986132812500000e+04
8.468453125000000000e+04
2.763979980468750000e+03
2.316920013427734375e+02
7.610082031250000000e+04
1.502464531250000000e+05
7.069920312500000000e+04
4.569405078125000000e+04
3.149511328125000000e+04
1.612970781250000000e+05
2.503700065612792969e+01
1.907760937500000000e+04
1.731849375000000000e+05
3.494481933593750000e+03
9.195349218750000000e+04
4.448859863281250000e+02
1.465556250000000000e+05
4.253059997558593750e+02
1.525632031250000000e+05
1.100312988281250000e+03
4.215423437500000000e+04
1.764271718750000000e+05
2.522142968750000000e+05
4.094927978515625000e+03
7.998000335693359375e+01
5.727799804687500000e+03
5.039089843750000000e+03
1.816233984375000000e+04
1.621067993164062500e+03
9.922310937500000000e+04
5.939199829101562500e+01
2.465864531250000000e+05
4.114838671875000000e+04
2.628330078125000000e+03
1.379272070312500000e+04
1.398981835937500000e+04
1.439670625000000000e+05
1.441677978515625000e+03
2.812000083923339844e+01
9.679984375000000000e+04
9.207833007812500000e+03
9.024496093750000000e+03
2.836383056640625000e+03
2.645273828125000000e+04
2.201395156250000000e+05
1.885612060546875000e+03
1.164413378906250000e+04
8.333799743652343750e+01
4.212239990234375000e+02
5.032371093750000000e+03
7.800839843750000000e+02
3.719614062500000000e+05
2.439302343750000000e+05
2.380096923828125000e+03
4.464083007812500000e+03
1.030547460937500000e+04
8.644627929687500000e+03
4.893267089843750000e+03
1.195762207031250000e+04
8.293000221252441406e+00
7.851358886718750000e+03
7.798362500000000000e+04
1.214110031127929688e+02
2.900886328125000000e+04
2.164538281250000000e+04
2.051723437500000000e+04
1.845815000000000000e+05
5.001383984375000000e+04
1.277108032226562500e+03
2.388108886718750000e+03
7.026617187500000000e+04
2.899877500000000000e+05
3.239148925781250000e+03
1.369962036132812500e+03
1.852000045776367188e+01
5.578619140625000000e+04
1.852881958007812500e+03
3.467500976562500000e+03
1.831010000000000000e+05
3.143629882812500000e+03
2.294601074218750000e+03
3.411090087890625000e+02
6.628510131835937500e+02
1.094410058593750000e+04
7.022978125000000000e+04
5.938600158691406250e+01
3.156100082397460938e+01
1.026048437500000000e+04
2.325109062500000000e+05
1.349579687500000000e+05
1.084179992675781250e+02
2.724699218750000000e+04
8.492878125000000000e+04
1.906182006835937500e+03
1.990286523437500000e+04
7.352200317382812500e+01
5.998159375000000000e+04
1.187500000000000000e+01
6.808897949218750000e+03
7.115180053710937500e+02
2.014344531250000000e+04
2.324056445312500000e+04
5.230536718750000000e+04
5.697683750000000000e+05
6.128848144531250000e+03
8.707196875000000000e+04
2.236599922180175781e+01
1.366262939453125000e+03
1.077330017089843750e+02
3.785611083984375000e+03
2.482359375000000000e+05
4.412056640625000000e+04
7.665570800781250000e+03
2.411599922180175781e+01
4.691969531250000000e+04
2.883584960937500000e+03
1.476153281250000000e+05
2.875063281250000000e+04
1.025445019531250000e+04
1.188799953460693359e+01
1.164868359375000000e+05
2.601909912109375000e+03
7.174299621582031250e+01
5.002751875000000000e+05
6.043017089843750000e+03
2.010483203125000000e+04
7.187020312500000000e+04
1.271002343750000000e+05
1.406509179687500000e+04
1.487446679687500000e+04
1.017989453125000000e+04
1.129480312500000000e+05
2.852042968750000000e+04
3.446481933593750000e+03
4.065379943847656250e+02
2.895109863281250000e+02
6.031201953125000000e+04
8.530400085449218750e+01
2.608999843750000000e+05
2.271065234375000000e+04
7.089668945312500000e+03
6.480611328125000000e+04
6.476610546875000000e+04
2.724756103515625000e+03
2.614217382812500000e+04
2.242784912109375000e+03
1.037628046875000000e+05
9.006199645996093750e+01
8.734692968750000000e+04
6.977162109375000000e+03
2.108832968750000000e+05
8.654539062500000000e+04
1.647875976562500000e+03
6.745919799804687500e+02
9.903729858398437500e+02
2.875676562500000000e+04
3.457942968750000000e+04
4.122973144531250000e+03
9.456400299072265625e+01
6.469526855468750000e+03
1.533648242187500000e+04
8.045319824218750000e+02
1.570450312500000000e+05
4.168085937500000000e+03
2.344114990234375000e+03
5.357700000000000000e+05
8.695921875000000000e+03
6.375287500000000000e+04
5.872460937500000000e+03
5.609915234375000000e+04
2.260227539062500000e+04
1.299580175781250000e+04
2.699998828125000000e+04
1.657662031250000000e+05
1.050967343750000000e+05
2.918446250000000000e+05
5.231619873046875000e+02
2.981200027465820312e+01
5.230625976562500000e+03
1.385643593750000000e+05
1.216780014038085938e+02
3.518680114746093750e+02
5.639999866485595703e+00
1.296478828125000000e+05
1.560590312500000000e+05
4.871382812500000000e+03
6.569498046875000000e+03
1.994170074462890625e+02
3.312099838256835938e+01
7.055995312500000000e+04
5.188063125000000000e+05
1.475812597656250000e+04
7.005033203125000000e+03
7.310349731445312500e+02
4.327300109863281250e+02
