2.355366e+03
7.828194e+06
5.859582e+04
1.471255e+04
2.512030e+02
1.526620e+05
2.108260e+03
2.522884e+03
3.560192e+04
5.319020e+06
2.041900e+02
7.727656e+04
2.543996e+04
7.171642e+03
5.928976e+03
1.003051e+07
3.314552e+03
4.200049e+04
8.500908e+04
3.180345e+06
2.537991e+03
9.659600e+03
8.837350e+02
1.755735e+04
9.821000e+01
1.268698e+07
1.755096e+05
5.238454e+03
7.360468e+04
5.551894e+03
1.183956e+05
7.879950e+04
2.208598e+03
1.910300e+01
6.439300e+01
5.085822e+05
2.456584e+04
5.835041e+03
1.841156e+04
1.015149e+04
1.329092e+04
1.228524e+04
1.966960e+04
1.232085e+04
1.240677e+04
7.209812e+04
1.350596e+04
2.670449e+05
1.266438e+04
1.638191e+04
4.416943e+03
6.400387e+03
3.120923e+04
1.641550e+04
1.744671e+05
2.385294e+03
8.679253e+04
1.939815e+04
1.016841e+03
2.341668e+04
8.186508e+04
2.445530e+02
9.707402e+06
5.903475e+04
1.110972e+03
4.663152e+04
7.929304e+04
5.723029e+06
1.355680e+04
2.035214e+03
2.271269e+05
4.621047e+05
3.510137e+06
3.097192e+04
6.067828e+03
5.758850e+02
9.900011e+03
2.324848e+04
4.770570e+02
2.200428e+04
3.688865e+03
3.429235e+06
7.161769e+03
3.005539e+06
1.122528e+04
2.721160e+04
3.566245e+04
2.953956e+03
5.168869e+05
1.047043e+04
8.164796e+04
8.464059e+04
2.439569e+04
3.365870e+02
6.714850e+04
3.141591e+03
3.994859e+05
1.534839e+06
9.929026e+03
5.053657e+04
1.222902e+05
8.968311e+03
8.482818e+04
5.392800e+07
3.612277e+03
5.797592e+03
8.908863e+03
1.311000e+01
1.623531e+03
5.042671e+03
2.705450e+07
9.770700e+02
7.268356e+04
6.696877e+03
3.581289e+03
5.486443e+06
1.803325e+04
2.236284e+07
3.985917e+03
1.446144e+04
2.762779e+06
8.684019e+06
3.182760e+02
2.403345e+04
8.884029e+04
8.391582e+03
1.960273e+04
7.285075e+03
5.666587e+06
1.293282e+05
4.743900e+03
1.888572e+03
1.147951e+04
2.933594e+03
7.581927e+04
3.247400e+04
1.653178e+04
1.167960e+02
7.766451e+03
4.408716e+06
4.581653e+03
5.666750e+02
1.276068e+04
6.124000e+01
2.152894e+07
2.570871e+03
4.035107e+03
2.883115e+04
3.399259e+04
5.137000e+01
4.551926e+04
1.943040e+03
1.258644e+05
9.005571e+03
5.092800e+01
6.124229e+03
2.040182e+03
3.149230e+02
1.343454e+04
9.340484e+04
4.207695e+04
1.864931e+04
1.537229e+05
1.541491e+05
2.475190e+06
2.704251e+03
3.964951e+04
7.783590e+02
2.028064e+04
1.260473e+05
1.760430e+02
2.293587e+04
2.222847e+04
5.697500e+01
9.439147e+03
9.240231e+03
2.899310e+02
7.789871e+06
6.215603e+04
7.896750e+02
1.361988e+04
5.649198e+03
9.212109e+06
1.146906e+05
1.523020e+02
4.935994e+04
3.346338e+04
1.319960e+02
2.315861e+03
1.776888e+04
6.748715e+03
6.240551e+03
2.460416e+04
7.821170e+02
4.025617e+04
4.911306e+03
1.361000e+01
2.708399e+06
3.544789e+06
4.304060e+02
5.504450e+02
2.410978e+03
5.741302e+04
7.176928e+04
5.512210e+02
3.217167e+04
3.781861e+06
1.040724e+07
1.459776e+07
9.300494e+06
7.598133e+04
2.088216e+05
3.005700e+01
3.811450e+04
1.120477e+07
1.387495e+07
4.571179e+03
7.293340e+04
9.631939e+06
3.477178e+03
5.948020e+02
7.609540e+03
2.526641e+03
1.504021e+03
7.065835e+06
2.932395e+04
5.346510e+02
8.212637e+05
4.527170e+04
8.473282e+03
1.457202e+05
2.352892e+07
2.150384e+05
1.127548e+05
1.252720e+04
1.793507e+04
5.761660e+04
9.132482e+03
4.264208e+06
6.822950e+02
1.973625e+04
1.421810e+02
4.988218e+03
3.068964e+03
1.987571e+04
7.028670e+03
1.411564e+05
2.301187e+05
7.358595e+06
3.101756e+03
1.641798e+04
4.239444e+03
1.163996e+03
2.826340e+02
1.399414e+03
5.766043e+03
1.508865e+03
5.935185e+06
6.568936e+07
1.447784e+03
5.573070e+04
1.173375e+03
1.382937e+03
2.339926e+04
1.213755e+07
2.907175e+04
9.189551e+03
9.618680e+03
7.139432e+04
5.076763e+03
8.130043e+03
2.464262e+04
2.530722e+04
5.518110e+04
2.184390e+02
2.726960e+04
2.028321e+05
9.640375e+06
2.600008e+04
1.358999e+05
1.328464e+04
1.433877e+03
8.378234e+03
1.797530e+02
1.724298e+03
4.193950e+04
2.132746e+05
5.632070e+02
9.751080e+02
1.418183e+07
4.827502e+03
7.888018e+04
1.610089e+04
1.299677e+03
6.590900e+02
1.509412e+04
1.646902e+04
5.993167e+04
1.851409e+04
1.113975e+04
2.897968e+04
9.029700e+04
6.243874e+06
2.114326e+05
6.735721e+04
6.052900e+01
6.446201e+04
3.853029e+03
7.824210e+06
2.632143e+04
1.935287e+06
1.798740e+02
3.815258e+03
5.018400e+03
1.434020e+03
4.929570e+02
6.058083e+04
5.936239e+03
4.909300e+01
2.084017e+04
5.113338e+04
1.745435e+05
1.465991e+07
2.821782e+03
1.281584e+07
1.041753e+04
1.297040e+06
8.328471e+03
1.060033e+04
1.220974e+07
1.674879e+03
2.506700e+01
4.287475e+04
7.824870e+02
5.281143e+03
6.585683e+06
1.045356e+04
8.184016e+03
7.534820e+02
4.816708e+04
2.022110e+02
1.219364e+07
4.364138e+04
2.758174e+06
2.242602e+06
9.137258e+03
1.856844e+07
5.967658e+04
1.100569e+07
6.449633e+04
5.090050e+02
5.279018e+03
6.825297e+04
2.799846e+03
3.831720e+02
8.027940e+04
9.626534e+04
6.075710e+02
2.393323e+06
4.169807e+03
4.389666e+07
3.105884e+03
2.540796e+05
5.740200e+01
6.020100e+01
5.306850e+02
2.457027e+06
3.132873e+04
8.664500e+02
2.363798e+03
7.712068e+05
4.567456e+06
6.806746e+03
1.503599e+03
2.091793e+04
6.798042e+03
5.324160e+02
2.008642e+04
1.489889e+03
1.719044e+05
1.484440e+02
1.420265e+04
7.214892e+06
8.971700e+01
9.417401e+03
1.456397e+07
3.847463e+04
6.996740e+02
8.399262e+03
1.068087e+04
5.154611e+03
2.013481e+05
4.037147e+04
1.652869e+04
2.087928e+03
1.146050e+07
1.291283e+03
9.497673e+03
1.461473e+07
1.012600e+02
1.981137e+03
4.331170e+02
1.305597e+04
4.339548e+03
1.108191e+07
2.597440e+02
7.158295e+04
3.467772e+04
8.441663e+03
7.399945e+04
2.139014e+04
1.360013e+04
3.387942e+03
3.183592e+03
1.531637e+05
3.166052e+06
5.263104e+03
3.030178e+04
6.742626e+05
2.481384e+03
4.020757e+03
2.491339e+04
2.964249e+04
6.581710e+03
4.471120e+02
6.248528e+04
8.969181e+03
8.389200e+01
1.630667e+06
2.392713e+03
1.520892e+03
5.811358e+07
8.599040e+02
1.862917e+03
6.131300e+06
1.585634e+04
4.327657e+04
2.425522e+04
1.949377e+06
1.106954e+04
9.313100e+01
1.362032e+04
1.418254e+05
2.800300e+01
1.042318e+06
1.076335e+07
9.379348e+03
1.065332e+07
5.662631e+05
6.358109e+03
1.947415e+07
2.476180e+04
8.719680e+04
4.441433e+04
1.839518e+04
9.962910e+03
2.315817e+07
4.773738e+04
6.404875e+03
8.384604e+04
3.954670e+04
1.133780e+05
5.697097e+04
7.480953e+03
8.161828e+03
1.033782e+04
5.144711e+04
3.150802e+03
9.322333e+06
3.078950e+02
1.373414e+04
6.962088e+06
6.356082e+03
2.550058e+04
3.982212e+03
1.448850e+04
1.950652e+04
2.451367e+04
7.692294e+03
1.429688e+05
3.644514e+03
1.285514e+05
2.500674e+04
1.316023e+05
7.890840e+02
1.346885e+03
2.564013e+05
7.070837e+03
7.174992e+03
1.875184e+03
1.109400e+01
1.034789e+04
1.219408e+05
3.399788e+04
1.017510e+06
5.573886e+03
2.457100e+02
8.916800e+06
6.795800e+01
5.184949e+03
4.968561e+06
9.524800e+01
6.318163e+06
4.342824e+04
2.199606e+03
3.659800e+01
3.279484e+03
2.463699e+04
4.474446e+03
1.528270e+04
1.132942e+03
1.599270e+06
1.930115e+04
1.446867e+07
1.015404e+03
6.597271e+04
9.912170e+02
6.336711e+05
3.262182e+04
9.595640e+02
8.711660e+05
3.420998e+04
1.990204e+07
2.292080e+02
1.585422e+06
4.038190e+02
5.543700e+01
9.844787e+06
3.135169e+03
1.443463e+05
3.654628e+04
1.168330e+02
1.305585e+07
1.499554e+04
1.579880e+02
6.173360e+03
2.044825e+07
1.120439e+04
2.363300e+01
5.500349e+04
7.885476e+03
1.396581e+04
2.833452e+07
3.769029e+03
6.980819e+03
3.155369e+03
6.280714e+06
2.038760e+07
3.658531e+04
4.658875e+04
3.766161e+03
1.007031e+06
2.292777e+03
2.628517e+03
1.452541e+07
3.796473e+03
7.756000e+00
1.339311e+04
1.566624e+04
2.519835e+07
3.423770e+02
6.968641e+06
2.392839e+03
3.199052e+03
5.740125e+04
8.126045e+04
1.528687e+03
1.593230e+02
3.776282e+04
1.063193e+03
7.065600e+02
4.609028e+04
2.465928e+03
1.673512e+03
3.036430e+02
6.328873e+03
1.018767e+04
5.163730e+02
1.120003e+04
4.345938e+03
2.453610e+04
3.841408e+04
3.355003e+04
4.588812e+04
7.831610e+02
1.104260e+04
4.062620e+06
3.268065e+06
1.617425e+04
8.798592e+04
1.031079e+04
4.724143e+07
1.190771e+05
2.851585e+03
4.590436e+04
9.376011e+03
4.837581e+03
4.395348e+03
1.048225e+03
3.954173e+04
3.427710e+03
2.385342e+03
1.036585e+04
1.503400e+02
3.182027e+05
3.398942e+05
1.716129e+06
5.954710e+02
7.930300e+01
3.499615e+06
1.431949e+04
1.573178e+05
2.776148e+05
6.644214e+06
1.801339e+04
9.604276e+04
2.908300e+01
2.221149e+07
1.301196e+04
5.204682e+04
5.400425e+03
9.905804e+03
5.926767e+04
1.405839e+06
8.840332e+03
1.620048e+04
9.280693e+03
1.870125e+05
2.013001e+06
8.933569e+04
2.932686e+04
9.084400e+01
3.101261e+04
3.108775e+04
1.363147e+03
4.690900e+02
3.594978e+04
1.132651e+03
2.214473e+03
1.403279e+03
4.478291e+04
4.043523e+03
2.597570e+02
3.010266e+06
1.666704e+04
7.144491e+04
6.296177e+03
2.276023e+05
3.565700e+01
3.470691e+03
1.881110e+02
6.373323e+03
3.633878e+04
1.129221e+04
6.093741e+04
5.358050e+02
1.044184e+03
2.956896e+04
2.164248e+04
1.541454e+03
7.600711e+03
1.261230e+02
5.709195e+04
8.493499e+03
2.989140e+02
3.687872e+03
5.890327e+04
8.547365e+03
1.035147e+07
8.013970e+02
1.160231e+05
1.194137e+07
4.404068e+04
4.294300e+02
3.575814e+06
3.726172e+04
1.604855e+06
1.348642e+05
1.994787e+06
2.533069e+03
1.093886e+04
8.316647e+03
1.391115e+03
2.337557e+06
1.166414e+04
3.323369e+06
2.199567e+04
4.073610e+02
1.351926e+04
1.110317e+05
5.548613e+05
3.420412e+03
1.912469e+06
1.203810e+02
4.181071e+04
3.615444e+03
1.764890e+02
1.832103e+05
1.030119e+03
7.283740e+06
1.878104e+04
1.247444e+04
1.659964e+03
8.845261e+06
1.604281e+03
4.389703e+06
1.589914e+03
1.391980e+02
1.871816e+03
1.268173e+03
1.473342e+06
5.935650e+05
3.404935e+04
1.277989e+06
3.985469e+04
1.012975e+04
4.670609e+03
7.182963e+04
5.022607e+06
2.244825e+07
5.344530e+02
5.841654e+03
1.308180e+07
3.055310e+02
1.433847e+04
4.637170e+02
7.772720e+03
5.858574e+03
7.386342e+04
5.115600e+01
2.576275e+06
1.312596e+03
3.922388e+03
6.075300e+01
2.452643e+03
2.568620e+02
4.210800e+01
3.024759e+05
1.267936e+03
2.802464e+04
1.470580e+02
4.811340e+02
1.220951e+06
2.016322e+03
9.603557e+06
2.830288e+03
3.177340e+02
1.442890e+04
3.751709e+03
1.152307e+03
1.811189e+07
6.862029e+03
2.760420e+02
2.140381e+04
1.921123e+06
2.299211e+04
3.442952e+04
7.562900e+02
3.647030e+02
7.587212e+04
3.793956e+04
5.677105e+03
2.480992e+04
2.302504e+03
5.451890e+03
1.588938e+03
4.593412e+03
1.144290e+07
3.551948e+06
1.980829e+04
3.283330e+03
1.888002e+04
3.952048e+06
2.167802e+03
4.756554e+03
5.585256e+03
1.500847e+04
1.800581e+05
2.663440e+02
3.015881e+04
1.169580e+02
9.406082e+04
6.938612e+03
2.539339e+04
1.107978e+03
2.317010e+02
3.580332e+03
6.808375e+03
1.652833e+03
1.661866e+04
2.390818e+03
4.677500e+04
1.416550e+02
1.320868e+05
7.993700e+01
9.300324e+04
1.821254e+04
1.050379e+05
9.841848e+03
8.195450e+02
8.662283e+04
2.337974e+04
4.619990e+02
1.020341e+07
2.716769e+04
2.943606e+06
1.327842e+07
1.483877e+03
1.247080e+04
2.829994e+06
2.918028e+03
6.215210e+06
2.971823e+04
2.636260e+03
1.685627e+03
1.377065e+05
1.475962e+05
3.884696e+04
2.608000e+02
7.171060e+02
7.466015e+03
9.308056e+03
6.653241e+04
9.915453e+06
1.669930e+04
2.746967e+04
1.461534e+05
1.810084e+04
2.665550e+02
2.581195e+03
1.545319e+03
2.465631e+04
3.542792e+04
6.313437e+06
1.724908e+04
5.643975e+03
1.342938e+06
1.055517e+05
1.515472e+06
1.203650e+02
4.591594e+03
5.940369e+03
1.592852e+03
4.726925e+06
9.960020e+02
5.792419e+05
2.951631e+05
2.677229e+04
3.367999e+04
1.363880e+02
3.991299e+06
6.737034e+03
1.462428e+05
4.367166e+04
1.643020e+02
1.165840e+05
6.445050e+04
4.211400e+01
6.778468e+03
3.323219e+04
1.156939e+07
1.020976e+03
5.617072e+05
7.243795e+03
8.984320e+02
1.801398e+04
7.910200e+02
1.400104e+04
3.685939e+04
7.526032e+06
4.276330e+02
3.512837e+06
3.250569e+04
3.244180e+02
1.240823e+06
2.773489e+03
2.305788e+06
8.076800e+06
1.754947e+04
2.539143e+07
3.463012e+04
1.230600e+04
3.013170e+02
3.680000e+01
2.324038e+04
7.867700e+01
2.794498e+03
9.422752e+05
1.057745e+04
1.323976e+04
2.626704e+03
1.506075e+05
6.884840e+02
4.258810e+02
2.572585e+03
3.807235e+04
8.830600e+01
8.494327e+04
1.146570e+03
7.552810e+02
1.168532e+03
1.252908e+04
6.189103e+04
3.906154e+07
2.222688e+03
2.907129e+03
3.262970e+02
5.760063e+03
7.312406e+06
1.842223e+04
4.976950e+02
2.611028e+04
6.846143e+03
1.279490e+04
3.126496e+03
2.068611e+04
2.324518e+06
6.017515e+06
1.578651e+03
2.265640e+02
1.940298e+04
1.513159e+04
1.570675e+03
2.685609e+04
6.743800e+01
2.352873e+05
7.930758e+04
6.701422e+03
1.665529e+04
7.949135e+06
2.809647e+04
4.484577e+04
8.654816e+04
2.849467e+04
5.308091e+03
5.448122e+04
4.748210e+02
9.982037e+06
2.747102e+04
4.710963e+04
2.109799e+07
2.749112e+03
1.055157e+04
3.716318e+04
7.092997e+06
3.362956e+04
2.901982e+04
3.024630e+03
5.836110e+02
9.697279e+04
1.489386e+04
4.554974e+03
3.458668e+04
6.515647e+03
2.087560e+07
3.172330e+03
1.596332e+04
7.449985e+06
1.571772e+07
4.917939e+04
3.587001e+03
2.070782e+05
4.176960e+02
3.213560e+02
2.190518e+04
5.104104e+03
1.192150e+02
1.090759e+03
1.398829e+06
3.309706e+03
2.244826e+04
1.409147e+04
7.063639e+03
1.961128e+04
1.430305e+04
6.296176e+03
1.955551e+03
3.584301e+04
3.302324e+05
1.307052e+04
4.587246e+03
3.335465e+06
5.396493e+04
3.292479e+03
2.483205e+04
1.649564e+06
3.996277e+04
2.938900e+01
5.931414e+03
5.922245e+04
2.283371e+03
4.294102e+06
8.172464e+04
4.292223e+03
2.390820e+04
2.510195e+03
5.898821e+06
1.307579e+03
3.787140e+04
1.901840e+04
