2.259321484375000000e+04
1.686659218750000000e+05
9.380010937500000000e+04
7.205388183593750000e+03
3.747851074218750000e+03
5.219215625000000000e+04
2.808242187500000000e+05
1.223695117187500000e+04
3.020156445312500000e+04
1.527938476562500000e+04
1.280722558593750000e+04
7.959476074218750000e+03
5.883965234375000000e+04
2.729571484375000000e+04
3.109413281250000000e+04
4.330119140625000000e+03
1.824965234375000000e+04
2.949336750000000000e+06
1.134763500000000000e+06
1.945237500000000000e+05
1.350485625000000000e+05
1.354808750000000000e+05
9.407230468750000000e+04
1.813383398437500000e+04
5.036855468750000000e+04
2.357662890625000000e+04
2.538220062255859375e+02
6.489177343750000000e+04
1.844624023437500000e+03
4.153160937500000000e+05
8.732994140625000000e+03
3.179193115234375000e+03
1.115786010742187500e+03
3.163257080078125000e+03
5.266687500000000000e+04
3.333220703125000000e+04
3.349618750000000000e+04
1.460377929687500000e+04
6.149611328125000000e+04
3.886650085449218750e+02
2.597549687500000000e+05
4.008760937500000000e+04
5.846925000000000000e+05
2.697810058593750000e+03
8.389399719238281250e+01
6.928910937500000000e+04
2.820022265625000000e+04
7.393354980468750000e+03
4.806963281250000000e+04
6.165144531250000000e+04
7.305902500000000000e+05
3.456164062500000000e+04
2.476421679687500000e+04
8.490516601562500000e+03
3.284542812500000000e+05
8.995450625000000000e+05
7.158161132812500000e+03
2.370915039062500000e+03
9.084825000000000000e+04
6.139463125000000000e+05
1.510032875000000000e+06
4.340757812500000000e+05
1.523825781250000000e+04
5.676490000000000000e+05
2.545350036621093750e+02
1.331131718750000000e+05
5.743669921875000000e+04
6.138512890625000000e+04
4.456749877929687500e+02
1.922068750000000000e+04
9.004539794921875000e+02
2.021999969482421875e+02
1.461986914062500000e+04
1.097421191406250000e+04
3.269735742187500000e+04
9.744939062500000000e+04
2.840105957031250000e+03
1.460950000000000000e+05
3.548457812500000000e+04
8.456329956054687500e+02
7.036363281250000000e+04
2.501449023437500000e+04
1.864995507812500000e+04
3.042138437500000000e+05
1.724932006835937500e+03
1.055759687500000000e+05
1.437837207031250000e+04
3.618930937500000000e+05
8.324855468750000000e+04
1.089073974609375000e+03
1.552711718750000000e+05
5.838488769531250000e+03
1.310141015625000000e+04
1.580828613281250000e+04
1.480493554687500000e+04
5.428465820312500000e+03
1.420665937500000000e+05
5.162371875000000000e+04
1.217975937500000000e+05
1.346882519531250000e+04
1.047149414062500000e+04
1.640213593750000000e+05
3.235825927734375000e+03
1.034339062500000000e+04
2.577367578125000000e+04
6.787780468750000000e+04
3.033541992187500000e+04
8.531464843750000000e+03
1.317677656250000000e+05
1.054145019531250000e+04
8.138931152343750000e+03
4.124082421875000000e+04
7.391049804687500000e+03
2.780068250000000000e+06
1.248457500000000000e+05
9.974832031250000000e+03
9.401277343750000000e+03
8.136891113281250000e+03
2.480879882812500000e+03
1.005401171875000000e+05
3.009632421875000000e+04
4.014396484375000000e+04
2.690589375000000000e+05
1.294725234375000000e+05
7.426434082031250000e+03
1.240622109375000000e+05
2.741924414062500000e+04
4.852899932861328125e+01
1.412309531250000000e+05
3.909859924316406250e+02
1.167915156250000000e+05
3.446143437500000000e+05
6.363092578125000000e+04
2.805748046875000000e+04
9.660177343750000000e+04
5.697739843750000000e+04
3.445584375000000000e+04
2.136331750000000000e+06
1.744631958007812500e+03
2.510670312500000000e+05
5.698535156250000000e+04
3.162230937500000000e+05
1.816725781250000000e+04
3.527593125000000000e+05
6.034099960327148438e+01
1.415021718750000000e+05
4.971200390625000000e+04
1.570617675781250000e+04
2.781854882812500000e+04
4.310644140625000000e+04
2.373383593750000000e+04
1.192273875000000000e+06
7.266055468750000000e+04
4.227771093750000000e+04
1.777327343750000000e+04
1.191709976196289062e+02
3.604608984375000000e+04
1.025566328125000000e+05
3.278052978515625000e+03
7.390728125000000000e+05
1.456467578125000000e+04
1.526056875000000000e+05
3.025378125000000000e+04
1.660714062500000000e+05
2.477957617187500000e+04
1.510528437500000000e+05
1.773047343750000000e+05
6.265206054687500000e+03
3.932500076293945312e+01
5.628355957031250000e+03
5.861000625000000000e+05
5.353394921875000000e+04
3.693111718750000000e+04
6.906551562500000000e+04
5.821598828125000000e+04
6.679526562500000000e+04
1.893542968750000000e+03
6.758194824218750000e+03
6.635628125000000000e+04
4.501277734375000000e+04
5.140229980468750000e+03
6.457392187500000000e+04
3.051616943359375000e+03
2.179827656250000000e+05
6.814060156250000000e+04
1.731188867187500000e+04
7.033692968750000000e+04
1.088509667968750000e+04
3.777933593750000000e+04
8.408647656250000000e+04
2.075251406250000000e+05
7.840269042968750000e+03
1.159980000000000000e+05
1.363090781250000000e+05
1.063316125000000000e+06
2.093012890625000000e+04
3.479649963378906250e+02
3.649357031250000000e+04
1.356625781250000000e+04
3.876126562500000000e+04
7.046259765625000000e+02
2.940108789062500000e+04
1.381613281250000000e+05
6.274651875000000000e+05
1.172551171875000000e+05
1.556949375000000000e+05
7.227857812500000000e+04
1.205985781250000000e+05
3.878434082031250000e+03
5.694362792968750000e+03
3.613292187500000000e+04
8.150667968750000000e+03
6.985108750000000000e+05
2.912406250000000000e+04
4.701474609375000000e+04
1.463327929687500000e+04
1.062728906250000000e+04
4.750627343750000000e+04
1.347995937500000000e+05
1.061389218750000000e+05
1.611774023437500000e+04
2.952396875000000000e+04
3.583355957031250000e+03
1.398235351562500000e+04
2.088616796875000000e+04
7.202317187500000000e+04
1.715702734375000000e+04
3.297980041503906250e+02
3.849463671875000000e+04
1.205957265625000000e+05
5.493313671875000000e+04
1.079425234375000000e+05
1.042806640625000000e+04
7.263699951171875000e+02
5.147499847412109375e+01
2.383667500000000000e+05
3.116088000000000000e+06
3.141492382812500000e+04
3.999287187500000000e+05
4.852669982910156250e+02
3.455855468750000000e+04
1.431060742187500000e+04
1.872230273437500000e+04
2.662596679687500000e+04
3.405647656250000000e+04
1.801560156250000000e+04
7.988146875000000000e+04
5.246877734375000000e+04
4.336039062500000000e+04
5.286078906250000000e+04
2.098873437500000000e+04
1.489879750000000000e+06
2.255590057373046875e+02
1.774350250000000000e+06
2.699587187500000000e+05
1.490480750000000000e+06
2.198959531250000000e+05
6.011014375000000000e+05
3.561930859375000000e+04
5.461039843750000000e+04
1.261413359375000000e+05
1.312402636718750000e+04
4.232278750000000000e+05
9.159838281250000000e+04
1.431210021972656250e+02
3.578994062500000000e+05
1.789582617187500000e+04
1.930910034179687500e+02
1.315621289062500000e+04
1.059379765625000000e+05
1.964928906250000000e+05
1.478436500000000000e+06
3.346789855957031250e+02
1.396283437500000000e+05
1.064467500000000000e+05
2.784983750000000000e+05
2.923904492187500000e+04
1.532532031250000000e+04
4.354600143432617188e+01
8.562091796875000000e+03
1.618413281250000000e+05
2.394192382812500000e+04
3.208699951171875000e+02
2.503255273437500000e+04
2.500211093750000000e+05
1.048806875000000000e+05
7.753859863281250000e+02
2.556005664062500000e+04
5.564574218750000000e+03
2.532924687500000000e+05
4.005975781250000000e+04
1.502070750000000000e+06
6.691310937500000000e+04
7.926943750000000000e+04
3.781180468750000000e+04
1.492183437500000000e+05
2.043066625000000000e+06
3.570817187500000000e+05
7.919077343750000000e+04
1.846685351562500000e+04
2.947414257812500000e+04
3.763273750000000000e+05
1.649768906250000000e+05
1.611182006835937500e+03
5.516149902343750000e+02
1.073883000000000000e+06
8.903971875000000000e+04
6.911992187500000000e+04
3.180805664062500000e+04
4.146713671875000000e+04
5.579041406250000000e+04
4.366085937500000000e+05
2.183640468750000000e+05
1.149530390625000000e+05
4.463887500000000000e+04
8.315185937500000000e+04
1.515200042724609375e+02
3.324484375000000000e+04
1.335860937500000000e+04
2.292734570312500000e+04
9.118211718750000000e+04
1.008997968750000000e+05
7.240590820312500000e+03
5.181698437500000000e+04
1.674046093750000000e+04
3.510460156250000000e+04
1.170697998046875000e+03
1.122696679687500000e+04
1.067607714843750000e+04
5.966160278320312500e+02
9.994332812500000000e+04
2.091154625000000000e+06
1.400069687500000000e+05
1.035139562500000000e+06
3.347734765625000000e+04
1.158866171875000000e+05
1.012229980468750000e+03
4.254729919433593750e+02
7.434684375000000000e+04
5.523326953125000000e+04
3.486117578125000000e+04
6.550623046875000000e+04
3.475450134277343750e+02
5.230758593750000000e+04
5.172903125000000000e+04
2.908915937500000000e+05
1.413752539062500000e+04
6.438313281250000000e+04
1.394829980468750000e+04
1.453675625000000000e+05
9.493833593750000000e+04
1.595154394531250000e+04
6.269077500000000000e+05
6.707795000000000000e+05
1.344700781250000000e+05
1.423127656250000000e+05
1.471940002441406250e+02
7.289318750000000000e+04
3.259850097656250000e+03
1.841807031250000000e+05
1.051685253906250000e+04
1.124570875000000000e+06
1.238902148437500000e+04
6.004310302734375000e+02
2.365107910156250000e+03
8.251689062500000000e+04
4.289022265625000000e+04
4.665378906250000000e+04
3.693455468750000000e+04
3.378209250000000000e+06
4.721909179687500000e+03
1.027841015625000000e+05
6.219182421875000000e+04
4.557305175781250000e+03
4.904464687500000000e+05
1.739665312500000000e+05
4.139162750000000000e+06
2.421108593750000000e+04
3.892023046875000000e+04
1.506931933593750000e+04
3.151712304687500000e+04
4.515190312500000000e+05
2.004533789062500000e+04
4.780469970703125000e+02
1.205457031250000000e+03
3.486719970703125000e+02
2.032775000000000000e+06
9.071826562500000000e+04
5.626448046875000000e+04
1.472926025390625000e+03
3.033011132812500000e+04
7.110688281250000000e+04
2.035544218750000000e+05
1.870350312500000000e+05
1.380040125000000000e+06
1.131666015625000000e+05
1.878617578125000000e+04
4.120646875000000000e+05
5.966625000000000000e+03
3.600016406250000000e+04
2.059445703125000000e+04
2.982931054687500000e+04
1.365848828125000000e+04
1.066246953125000000e+05
2.711005468750000000e+04
2.995834179687500000e+04
2.841753320312500000e+04
1.324096406250000000e+05
2.229996718750000000e+05
8.306438281250000000e+04
7.635898437500000000e+04
1.738941040039062500e+03
1.594982128906250000e+04
5.563148828125000000e+04
9.990283593750000000e+04
1.174774296875000000e+05
1.947899932861328125e+02
3.729321484375000000e+04
6.753040161132812500e+02
1.475633886718750000e+04
2.451611914062500000e+04
2.258561718750000000e+05
9.971735937500000000e+04
7.589630468750000000e+04
3.685641113281250000e+03
2.673982812500000000e+05
9.492307617187500000e+03
1.583292031250000000e+05
6.101909179687500000e+03
9.284322656250000000e+04
4.024150878906250000e+03
1.438641967773437500e+03
1.790313281250000000e+04
4.511554199218750000e+03
2.654778710937500000e+04
1.862859954833984375e+02
1.078460644531250000e+04
1.313272187500000000e+05
1.449026367187500000e+04
8.616980468750000000e+04
1.209449996948242188e+02
6.440517968750000000e+04
4.238330078125000000e+02
2.065506445312500000e+04
2.411017187500000000e+05
1.070218203125000000e+05
3.375017089843750000e+03
8.492322656250000000e+04
6.428560156250000000e+04
1.279036987304687500e+03
3.762282421875000000e+04
3.122190000000000000e+05
1.029608203125000000e+05
2.576759570312500000e+04
2.215718945312500000e+04
2.764844726562500000e+04
6.079208007812500000e+03
3.428228125000000000e+04
3.451521093750000000e+04
4.937805625000000000e+05
6.605297851562500000e+03
4.329038671875000000e+04
2.854371562500000000e+05
3.141295312500000000e+04
5.827890014648437500e+02
6.158292968750000000e+03
1.093000390625000000e+04
3.294679296875000000e+04
1.985211523437500000e+04
1.402969875000000000e+06
1.376081835937500000e+04
1.826712500000000000e+04
4.264892187500000000e+04
1.655642968750000000e+04
1.640008437500000000e+05
2.134718750000000000e+04
2.291444921875000000e+04
5.919226562500000000e+04
9.319711914062500000e+03
3.195916015625000000e+04
1.965524000000000000e+06
1.375151000976562500e+03
7.623280029296875000e+02
4.472331640625000000e+04
2.436191210937500000e+04
8.570213281250000000e+04
3.933689880371093750e+02
5.310291015625000000e+04
9.374396484375000000e+03
8.406125000000000000e+04
1.143338515625000000e+05
1.144111796875000000e+05
5.974603125000000000e+04
1.597497460937500000e+04
2.419200937500000000e+05
1.319872753906250000e+04
1.378376562500000000e+05
1.483201250000000000e+05
5.468842500000000000e+05
2.344980010986328125e+02
3.785101562500000000e+04
6.932819531250000000e+04
6.214695000000000000e+05
2.190906718750000000e+05
5.126798437500000000e+04
1.508359008789062500e+03
4.680426562500000000e+04
2.127199935913085938e+01
1.673477929687500000e+04
4.146889843750000000e+04
7.433130468750000000e+04
4.741195800781250000e+03
1.676991406250000000e+04
1.972923950195312500e+03
8.580079956054687500e+02
7.032293125000000000e+05
7.627840625000000000e+04
8.773917187500000000e+04
2.686387890625000000e+04
5.627180468750000000e+04
2.561102343750000000e+04
8.062607910156250000e+03
3.172193750000000000e+05
3.344661250000000000e+05
2.823119531250000000e+04
5.112112890625000000e+04
3.215712500000000000e+04
7.133969238281250000e+03
1.057093593750000000e+05
2.238839111328125000e+03
2.749282617187500000e+04
2.208856445312500000e+04
2.627560000000000000e+05
8.390345312500000000e+04
7.400950781250000000e+04
2.169238671875000000e+04
3.502850390625000000e+04
1.085720156250000000e+05
9.758817382812500000e+03
3.157999804687500000e+04
1.218211328125000000e+05
1.589902636718750000e+04
1.038482324218750000e+04
1.591092968750000000e+04
2.233726093750000000e+05
1.069245800781250000e+04
5.433100128173828125e+01
1.495188750000000000e+05
8.558401562500000000e+04
8.724716796875000000e+03
1.192748925781250000e+04
1.619163906250000000e+05
6.982548437500000000e+04
1.391070410156250000e+04
2.946749877929687500e+02
1.169890375000000000e+06
7.838952500000000000e+05
3.296734765625000000e+04
7.869767968750000000e+04
5.282902734375000000e+04
1.580865820312500000e+04
4.739466406250000000e+04
1.404959472656250000e+04
9.889828125000000000e+03
3.813122500000000000e+05
2.745593750000000000e+04
3.866951250000000000e+06
1.372622656250000000e+04
2.621129687500000000e+04
8.950020141601562500e+02
1.448800468750000000e+05
1.032179394531250000e+04
9.499792968750000000e+04
5.050842773437500000e+03
3.635881250000000000e+04
3.526946484375000000e+04
4.184980000000000000e+05
2.370338085937500000e+04
5.818750000000000000e+02
1.188575000000000000e+04
1.201403027343750000e+04
2.304113037109375000e+03
6.120807031250000000e+04
4.011043000000000000e+06
6.092876953125000000e+04
9.498978125000000000e+05
2.766109924316406250e+02
2.409613037109375000e+03
3.300519375000000000e+05
2.213342041015625000e+03
1.249504492187500000e+04
1.403948906250000000e+05
9.190905468750000000e+04
6.950139062500000000e+04
2.303633203125000000e+04
2.808139062500000000e+04
2.483826718750000000e+05
1.510189648437500000e+04
9.231520312500000000e+04
3.115700976562500000e+04
8.989426562500000000e+04
1.937633203125000000e+04
8.026688281250000000e+04
5.302082500000000000e+05
6.773856875000000000e+05
8.165595625000000000e+05
2.827517382812500000e+04
8.084020312500000000e+04
4.384534062500000000e+05
1.059893593750000000e+05
3.433355957031250000e+03
5.950361250000000000e+05
1.357440136718750000e+04
1.112971250000000000e+06
5.113840026855468750e+02
7.432875781250000000e+04
1.235309982299804688e+02
1.502068437500000000e+05
9.324508593750000000e+04
9.435201562500000000e+04
1.401996582031250000e+04
2.360891992187500000e+04
2.636879882812500000e+02
5.321915039062500000e+03
2.663200976562500000e+04
3.744100781250000000e+04
1.685001875000000000e+05
3.171015937500000000e+05
7.720380249023437500e+02
2.875907031250000000e+04
1.153931030273437500e+03
7.545951562500000000e+04
2.657181054687500000e+04
1.066185742187500000e+04
8.557453906250000000e+04
5.757616406250000000e+04
3.020209375000000000e+04
8.098200225830078125e+01
1.962018437500000000e+05
2.429869995117187500e+02
2.845443750000000000e+04
7.873371875000000000e+04
1.494895875000000000e+06
3.488706250000000000e+04
3.720575500000000000e+06
1.484960021972656250e+02
1.668927001953125000e+03
8.697234375000000000e+04
1.191760078125000000e+05
4.590947265625000000e+04
1.938323828125000000e+04
3.847796093750000000e+04
3.287547656250000000e+04
2.812533984375000000e+04
2.360158935546875000e+03
2.252570156250000000e+05
1.764258750000000000e+06
8.343409375000000000e+04
1.961128593750000000e+05
2.716562011718750000e+03
8.302871875000000000e+04
6.866853906250000000e+04
8.489086914062500000e+03
2.114515234375000000e+04
4.388219909667968750e+02
1.158829687500000000e+04
8.991019897460937500e+02
1.882379882812500000e+04
9.831103125000000000e+04
4.689488671875000000e+04
3.702004296875000000e+04
2.118399963378906250e+02
8.896585937500000000e+04
1.017515937500000000e+05
2.243487304687500000e+04
6.125062011718750000e+03
1.582836875000000000e+05
1.539820000000000000e+06
3.814117919921875000e+03
4.673376171875000000e+04
4.482580468750000000e+04
3.317030468750000000e+04
8.719307812500000000e+04
6.680544531250000000e+04
6.850898437500000000e+04
6.915739746093750000e+02
7.739510156250000000e+04
4.139574609375000000e+04
1.948959765625000000e+04
2.069666796875000000e+04
3.124250976562500000e+04
1.829112500000000000e+05
2.443270312500000000e+04
9.151532226562500000e+03
1.155862402343750000e+04
1.292989959716796875e+02
5.671860937500000000e+04
1.495459765625000000e+04
1.659030664062500000e+04
1.619069976806640625e+02
1.217916406250000000e+04
6.528993750000000000e+04
2.252668554687500000e+04
5.096384687500000000e+05
2.338542000000000000e+06
1.002534570312500000e+04
4.205648925781250000e+03
1.862920781250000000e+05
3.108846679687500000e+04
1.289308906250000000e+05
1.550352832031250000e+04
8.229036718750000000e+04
3.885870117187500000e+03
1.856328002929687500e+03
5.294195800781250000e+03
7.952730468750000000e+04
2.486871679687500000e+04
7.339673437500000000e+04
1.196095312500000000e+04
3.154769897460937500e+02
4.721811035156250000e+03
6.569955468750000000e+04
2.892212500000000000e+06
6.378076953125000000e+04
3.424780078125000000e+04
1.182199951171875000e+03
2.740929375000000000e+05
1.929784687500000000e+05
1.686601250000000000e+05
1.684274062500000000e+05
5.880591250000000000e+05
1.402979980468750000e+04
1.039596972656250000e+04
1.090692382812500000e+04
3.349485546875000000e+04
3.603221562500000000e+05
9.706678710937500000e+03
7.012231250000000000e+04
4.420932421875000000e+04
8.645429687500000000e+03
2.489210052490234375e+02
2.503225976562500000e+04
1.247285703125000000e+05
4.935167968750000000e+03
4.814480078125000000e+04
8.485875000000000000e+04
3.824804687500000000e+05
1.497963989257812500e+03
2.336728320312500000e+04
2.163467343750000000e+05
1.260524140625000000e+05
5.337228515625000000e+04
3.925045312500000000e+04
2.689806054687500000e+04
1.519866699218750000e+04
1.438385781250000000e+05
3.642072265625000000e+04
3.043689880371093750e+02
1.159072890625000000e+05
8.245099609375000000e+03
3.756397187500000000e+05
1.970935058593750000e+03
2.030982421875000000e+04
4.239496093750000000e+03
2.937829895019531250e+02
1.023705993652343750e+03
2.225320068359375000e+03
8.627575781250000000e+04
8.380439062500000000e+04
7.009575781250000000e+04
9.284669799804687500e+02
5.019877812500000000e+05
3.528112109375000000e+04
1.191478027343750000e+03
9.141500091552734375e+01
2.674729003906250000e+03
2.139248250000000000e+06
3.478730859375000000e+04
8.292871093750000000e+04
1.310438867187500000e+04
2.298679962158203125e+02
1.790818906250000000e+05
1.274638964843750000e+04
4.237020312500000000e+04
2.457084179687500000e+04
4.748124609375000000e+04
1.150263378906250000e+04
9.071883593750000000e+04
1.442307500000000000e+05
6.330902343750000000e+04
1.992602968750000000e+05
3.367685312500000000e+05
8.937607421875000000e+03
1.833919140625000000e+04
1.023184218750000000e+05
5.014304687500000000e+04
2.542559967041015625e+02
3.039998242187500000e+04
3.876101074218750000e+03
2.064456054687500000e+04
8.995891406250000000e+04
5.223179931640625000e+02
2.241407031250000000e+04
1.604424707031250000e+04
2.127933593750000000e+05
7.625557812500000000e+04
3.133194335937500000e+04
4.198223828125000000e+04
3.645216500000000000e+06
1.406999687500000000e+05
1.141300048828125000e+03
1.411173906250000000e+05
2.228904062500000000e+05
9.859530468750000000e+04
2.700543250000000000e+06
2.170976171875000000e+04
1.310108828125000000e+05
3.894769897460937500e+02
3.501629943847656250e+02
2.040779687500000000e+04
3.510604980468750000e+03
1.809790375000000000e+06
8.534098437500000000e+04
1.417194062500000000e+05
2.286828500000000000e+06
7.106352343750000000e+04
1.726132031250000000e+04
5.754703125000000000e+04
1.685538625000000000e+06
1.205785546875000000e+04
4.596873437500000000e+05
5.200316894531250000e+03
1.103606640625000000e+04
7.918270996093750000e+03
1.662374609375000000e+04
4.861319140625000000e+04
8.670038125000000000e+05
4.692677734375000000e+04
4.339665000000000000e+05
1.570993750000000000e+05
1.526711035156250000e+04
1.652784057617187500e+03
5.277706640625000000e+04
1.305183984375000000e+04
8.031339062500000000e+04
2.854147812500000000e+05
2.632322021484375000e+03
4.388677734375000000e+04
1.759888281250000000e+04
8.851475000000000000e+04
1.030532812500000000e+05
1.924530000000000000e+06
4.188039855957031250e+02
4.538742187500000000e+04
1.669247265625000000e+04
1.079421997070312500e+03
6.162181640625000000e+04
9.142256250000000000e+05
2.218170013427734375e+02
4.542590026855468750e+02
1.732180859375000000e+04
2.255670000000000000e+05
3.355579687500000000e+04
1.020677929687500000e+04
5.711589453125000000e+04
2.594560625000000000e+05
1.998684179687500000e+04
6.590619531250000000e+04
1.020746562500000000e+05
1.808820037841796875e+02
4.137077734375000000e+04
2.160529052734375000e+03
2.541581250000000000e+04
3.532656982421875000e+03
1.362401125000000000e+06
1.620341894531250000e+04
1.686535625000000000e+05
4.690900039672851562e+01
5.168000000000000000e+04
3.161700057983398438e+01
1.441641718750000000e+05
1.276750390625000000e+04
1.618708984375000000e+03
9.569763281250000000e+04
1.313020000000000000e+06
1.014000015258789062e+02
3.558435000000000000e+05
8.463275000000000000e+05
2.438681640625000000e+04
1.234086484375000000e+05
1.447454625000000000e+06
4.991459960937500000e+02
6.278420625000000000e+05
1.359044433593750000e+04
1.363361621093750000e+04
2.879782958984375000e+03
2.530930859375000000e+04
3.662010312500000000e+05
1.630014648437500000e+04
3.389970625000000000e+05
4.849724609375000000e+04
3.071369934082031250e+02
3.140428750000000000e+05
4.815348437500000000e+04
2.065648828125000000e+04
2.488399062500000000e+05
1.074256875000000000e+06
4.858633789062500000e+03
1.704913437500000000e+05
1.267228906250000000e+05
3.102776562500000000e+04
8.593338281250000000e+04
3.091851074218750000e+03
1.083079986572265625e+02
2.719025585937500000e+04
3.235492919921875000e+03
1.088482031250000000e+04
8.867674218750000000e+04
4.025792968750000000e+04
1.377324218750000000e+04
2.434564941406250000e+03
1.893826171875000000e+04
2.450038281250000000e+04
5.305747070312500000e+03
9.458099975585937500e+02
1.247179765625000000e+05
3.438896484375000000e+04
2.201170703125000000e+04
3.191934179687500000e+04
3.161561132812500000e+04
5.029238281250000000e+04
5.828956250000000000e+04
3.292275937500000000e+05
4.179400024414062500e+02
1.483910064697265625e+02
1.387198242187500000e+04
8.733191406250000000e+03
1.506235961914062500e+03
1.947819976806640625e+02
9.241378125000000000e+05
1.245578375000000000e+06
1.980780312500000000e+05
5.728359863281250000e+03
4.555455859375000000e+04
1.690523828125000000e+04
2.547406982421875000e+03
1.042651312500000000e+06
3.235903437500000000e+05
1.369148535156250000e+04
6.651720214843750000e+03
2.746279687500000000e+04
2.018406054687500000e+04
7.541939697265625000e+02
4.516480859375000000e+04
5.248071875000000000e+04
4.170902734375000000e+04
8.636652343750000000e+04
2.129604492187500000e+04
1.395605371093750000e+04
2.046113281250000000e+04
4.130558593750000000e+04
1.116097656250000000e+05
2.782509033203125000e+03
1.289300585937500000e+04
4.708601875000000000e+05
8.278456250000000000e+04
2.269666992187500000e+04
8.500639843750000000e+04
2.678337304687500000e+04
6.886322656250000000e+04
4.719426562500000000e+04
1.850557968750000000e+05
6.045230468750000000e+04
2.022760750000000000e+06
2.141152734375000000e+04
4.350700073242187500e+02
2.088873632812500000e+04
9.424558593750000000e+04
9.110492187500000000e+03
4.000010546875000000e+04
3.343865625000000000e+04
8.416875000000000000e+04
5.727132421875000000e+04
2.350465039062500000e+04
2.753730273437500000e+04
1.850675125000000000e+06
1.924146875000000000e+04
4.707354687500000000e+04
3.804129943847656250e+02
1.228193750000000000e+05
2.256715625000000000e+04
1.073359985351562500e+02
1.323864013671875000e+03
5.318801953125000000e+04
1.960261406250000000e+05
2.346318359375000000e+04
4.141393359375000000e+04
3.044731445312500000e+04
2.022741796875000000e+04
3.343920703125000000e+04
