1.246031933593750000e+04
1.393734843750000000e+05
4.799680078125000000e+04
9.080523437500000000e+04
7.958381250000000000e+04
1.163753828125000000e+05
9.737800781250000000e+03
4.572726074218750000e+03
5.751962890625000000e+03
2.464837890625000000e+04
5.111500167846679688e+01
1.401023593750000000e+05
9.615399780273437500e+02
4.486363769531250000e+03
8.388237500000000000e+04
4.875027832031250000e+03
5.932600021362304688e+01
1.213671171875000000e+05
1.373856562500000000e+05
3.850167968750000000e+04
1.142597343750000000e+05
1.626019687500000000e+05
1.541061562500000000e+05
2.567424072265625000e+03
2.337782958984375000e+03
7.836691406250000000e+04
1.320908437500000000e+05
7.621537500000000000e+04
6.007647265625000000e+04
4.064159765625000000e+04
3.165797500000000000e+05
2.023943125000000000e+05
2.481495703125000000e+04
7.633257031250000000e+04
3.405038671875000000e+04
7.338399902343750000e+03
8.179886230468750000e+03
1.169629921875000000e+05
4.454470312500000000e+04
1.191900390625000000e+04
1.275334375000000000e+05
4.420339453125000000e+04
1.911478027343750000e+03
7.147024902343750000e+03
9.091915625000000000e+04
1.988259765625000000e+04
4.091899871826171875e+01
1.653583007812500000e+03
2.334418945312500000e+04
8.393018750000000000e+04
1.121279687500000000e+04
2.536850195312500000e+04
1.603769042968750000e+04
7.271270141601562500e+02
5.167637109375000000e+04
1.333586059570312500e+03
3.031374023437500000e+04
7.095260009765625000e+02
2.739770019531250000e+03
1.707058789062500000e+04
4.626909179687500000e+03
1.800330468750000000e+04
1.068912343750000000e+05
1.279286035156250000e+04
7.182674218750000000e+04
2.188457187500000000e+05
2.213029937744140625e+02
1.420725097656250000e+04
1.707755981445312500e+03
1.170568203125000000e+05
5.091430859375000000e+04
4.352657812500000000e+04
1.733337343750000000e+05
1.521805781250000000e+05
1.738659843750000000e+05
3.315920312500000000e+04
2.971027812500000000e+05
9.880316406250000000e+03
1.200948242187500000e+04
1.811970156250000000e+05
2.365889062500000000e+05
2.815243896484375000e+03
6.364990234375000000e+02
6.612358593750000000e+04
5.136078125000000000e+04
5.256669140625000000e+04
4.895468359375000000e+04
4.342100143432617188e+01
4.953479003906250000e+03
2.569658593750000000e+05
1.179490468750000000e+05
8.410765625000000000e+04
5.147932031250000000e+04
8.208372656250000000e+04
1.925624609375000000e+04
4.144100189208984375e+01
2.585934179687500000e+04
3.623166992187500000e+03
6.095437109375000000e+04
4.159788281250000000e+04
7.397410156250000000e+04
8.571904296875000000e+03
1.518220062255859375e+02
3.413318750000000000e+04
1.940505625000000000e+05
3.155743164062500000e+04
2.135401757812500000e+04
6.936284375000000000e+04
2.124320068359375000e+02
1.768458984375000000e+03
2.135823437500000000e+05
1.771635546875000000e+04
2.081682812500000000e+05
7.750793750000000000e+04
3.250400000000000000e+05
3.456435156250000000e+04
5.685472265625000000e+04
1.026251953125000000e+04
7.047039794921875000e+02
9.815100097656250000e+01
3.942682031250000000e+04
3.582746093750000000e+03
2.949110107421875000e+03
1.142347343750000000e+05
9.246090625000000000e+04
2.174500083923339844e+01
2.181055908203125000e+03
1.862912343750000000e+05
1.764589062500000000e+04
6.031666992187500000e+03
2.505268359375000000e+04
6.208111328125000000e+04
4.272623046875000000e+03
4.647131640625000000e+04
5.338798046875000000e+04
2.678075390625000000e+04
3.749359765625000000e+04
6.541200390625000000e+04
2.687986328125000000e+04
2.784725781250000000e+04
1.634098022460937500e+03
3.146874804687500000e+04
1.762586875000000000e+05
1.160583203125000000e+05
2.377395312500000000e+04
9.439863281250000000e+03
9.868946875000000000e+04
4.151281640625000000e+04
8.586639843750000000e+04
5.442814843750000000e+04
1.968256562500000000e+05
9.027536132812500000e+03
4.991857812500000000e+04
9.868370312500000000e+04
9.082499694824218750e+01
1.073581093750000000e+05
9.112568750000000000e+04
3.882919921875000000e+02
1.054626074218750000e+04
7.112294531250000000e+04
3.121400070190429688e+01
4.241603125000000000e+04
6.226945800781250000e+03
7.045609741210937500e+02
3.162149023437500000e+04
6.395484863281250000e+03
6.193467968750000000e+04
1.803061035156250000e+03
1.185785000000000000e+05
1.999656718750000000e+05
1.005381875000000000e+05
2.716749218750000000e+04
8.520490625000000000e+04
4.981751953125000000e+03
7.484249877929687500e+02
1.966250000000000000e+05
6.435022265625000000e+04
9.826763281250000000e+04
5.663017578125000000e+04
4.676852734375000000e+04
8.320293750000000000e+04
4.322794531250000000e+04
8.170831250000000000e+04
1.782535312500000000e+05
3.971318115234375000e+03
3.785986083984375000e+03
8.773167968750000000e+04
3.521150000000000000e+04
1.131809062500000000e+05
2.178888916015625000e+03
7.543006250000000000e+04
1.638310253906250000e+04
1.094726757812500000e+04
2.756063125000000000e+05
4.529752343750000000e+04
1.449029998779296875e+02
2.289998593750000000e+05
1.748237060546875000e+03
6.851200103759765625e+01
5.084345214843750000e+03
2.506708007812500000e+03
4.840843750000000000e+04
1.403261914062500000e+04
8.043734375000000000e+04
2.870149218750000000e+04
3.174589648437500000e+04
1.011888977050781250e+03
1.039958750000000000e+05
3.823804931640625000e+03
8.286749877929687500e+02
2.855194091796875000e+03
1.392837500000000000e+05
1.169400024414062500e+01
1.245269433593750000e+04
7.927050781250000000e+03
4.593854687500000000e+04
1.453752187500000000e+05
2.345819375000000000e+05
4.787050781250000000e+04
2.152793945312500000e+04
2.711789855957031250e+02
3.440399932861328125e+01
5.138400268554687500e+02
1.247284570312500000e+04
3.614785888671875000e+03
1.025217187500000000e+05
1.339004028320312500e+03
1.257355078125000000e+05
8.999368750000000000e+04
4.903389892578125000e+02
4.123798828125000000e+04
5.573949609375000000e+04
8.710641406250000000e+04
7.062300109863281250e+01
2.606856933593750000e+03
2.285150878906250000e+03
1.523760070800781250e+02
1.499570703125000000e+04
4.803016015625000000e+04
4.178640312500000000e+05
3.075562812500000000e+05
2.197223750000000000e+05
1.688481250000000000e+05
2.824817382812500000e+04
1.459950312500000000e+05
4.487392089843750000e+03
3.596796484375000000e+04
1.837899971008300781e+01
1.109801718750000000e+05
1.069443593750000000e+05
2.388999938964843750e+02
1.801660003662109375e+02
8.856834960937500000e+03
9.650197656250000000e+04
5.304000244140625000e+02
1.476031005859375000e+03
6.739392968750000000e+04
6.298918945312500000e+03
4.739222265625000000e+04
5.788256835937500000e+03
6.955083593750000000e+04
1.181136718750000000e+05
7.927883789062500000e+03
6.406509765625000000e+04
3.750796875000000000e+04
1.724583984375000000e+03
9.639435156250000000e+04
2.904392812500000000e+05
3.226817812500000000e+05
5.686619873046875000e+02
1.481635546875000000e+04
3.050633789062500000e+04
9.330443359375000000e+03
1.485140075683593750e+02
1.491575937500000000e+05
1.480569628906250000e+04
4.501393750000000000e+04
1.596965942382812500e+03
1.324774531250000000e+05
1.524098999023437500e+03
1.747801875000000000e+05
6.128064062500000000e+04
1.095982187500000000e+05
2.443099975585937500e+01
1.279039993286132812e+02
9.155046875000000000e+04
4.615792968750000000e+03
6.167727734375000000e+04
2.383198906250000000e+05
1.438600006103515625e+02
1.821532617187500000e+04
2.782405029296875000e+03
3.671841064453125000e+03
2.526729062500000000e+05
1.042520078125000000e+05
5.490839843750000000e+02
1.273073437500000000e+05
6.790831250000000000e+04
6.684064843750000000e+04
1.090834687500000000e+05
4.606809082031250000e+03
1.188507421875000000e+04
5.079700088500976562e+01
2.983879882812500000e+03
1.624303906250000000e+04
2.201104687500000000e+04
3.461093750000000000e+04
2.008930053710937500e+02
3.357600021362304688e+01
4.977344238281250000e+03
3.611194531250000000e+04
1.417676718750000000e+05
6.421970214843750000e+02
1.098436640625000000e+05
7.839198242187500000e+03
1.002452031250000000e+05
1.246111484375000000e+05
5.911864843750000000e+04
2.575282656250000000e+05
9.024144531250000000e+04
7.792669921875000000e+03
9.750720312500000000e+04
1.662673125000000000e+05
7.498584375000000000e+04
3.134203125000000000e+05
1.099886328125000000e+05
7.380222656250000000e+04
2.804999923706054688e+01
1.272360961914062500e+03
1.299688671875000000e+05
4.334390625000000000e+04
1.559689941406250000e+02
3.334819946289062500e+02
9.230856250000000000e+04
9.364465625000000000e+04
1.087846875000000000e+04
1.046159765625000000e+04
1.430552187500000000e+05
2.740770507812500000e+04
4.024190063476562500e+02
4.903928222656250000e+03
5.314704687500000000e+04
6.162591796875000000e+04
2.469842041015625000e+03
4.801903125000000000e+04
1.742808398437500000e+04
1.796359960937500000e+04
1.785130981445312500e+03
2.614908984375000000e+04
1.815838281250000000e+04
1.802458437500000000e+05
9.428709375000000000e+04
6.893729858398437500e+02
7.393091406250000000e+04
5.703265625000000000e+04
1.875227929687500000e+04
8.204311523437500000e+03
5.467294921875000000e+04
7.829599761962890625e+01
3.065746093750000000e+03
1.452667773437500000e+04
2.291815917968750000e+03
6.935001953125000000e+03
3.377959765625000000e+04
2.892130126953125000e+02
5.925793359375000000e+04
9.702965820312500000e+03
2.486748593750000000e+05
2.812390136718750000e+02
8.209598437500000000e+04
6.421259765625000000e+04
6.074685058593750000e+03
7.944130468750000000e+04
5.789217773437500000e+03
4.271300125122070312e+01
2.692907031250000000e+04
2.016379882812500000e+04
2.504895117187500000e+04
5.507755859375000000e+03
8.234320068359375000e+02
3.786681640625000000e+04
5.404940185546875000e+02
5.721478515625000000e+04
1.752754531250000000e+05
1.136699962615966797e+01
3.164790039062500000e+02
8.008242968750000000e+04
7.537801250000000000e+05
1.151636562500000000e+05
5.868500137329101562e+01
9.362342187500000000e+04
1.752187011718750000e+03
1.262402343750000000e+05
1.303232187500000000e+05
5.762810058593750000e+02
1.181940781250000000e+05
2.567389257812500000e+04
5.715798046875000000e+04
4.823398046875000000e+04
1.464043437500000000e+05
3.256267968750000000e+04
1.185780078125000000e+05
2.195581562500000000e+05
1.087022265625000000e+05
1.505833300781250000e+04
6.823857031250000000e+04
2.325045117187500000e+04
1.183097109375000000e+05
8.866378906250000000e+03
9.739840087890625000e+02
7.947361718750000000e+04
1.306085234375000000e+05
4.740386328125000000e+04
2.002398437500000000e+04
4.660828125000000000e+03
1.404070000000000000e+05
5.021760156250000000e+04
4.642619934082031250e+02
2.351146679687500000e+04
2.826499938964843750e+02
6.576898925781250000e+03
1.014522031250000000e+05
2.024539947509765625e+02
1.239523906250000000e+05
5.723410156250000000e+03
3.477921093750000000e+04
1.256215312500000000e+05
2.793835351562500000e+04
2.815375976562500000e+04
1.825858906250000000e+05
6.248540625000000000e+04
1.267887500000000000e+05
7.284293750000000000e+04
5.171838867187500000e+03
9.115598632812500000e+03
4.469734765625000000e+04
8.665107031250000000e+04
2.163500022888183594e+01
2.379209375000000000e+05
1.469234008789062500e+03
1.206269218750000000e+05
1.775671679687500000e+04
1.545700073242187500e+02
3.795077812500000000e+05
1.289308496093750000e+04
1.994875976562500000e+03
1.278113906250000000e+05
1.593904062500000000e+05
1.669275937500000000e+05
2.704596093750000000e+04
1.368970031738281250e+02
1.777090942382812500e+03
5.972860107421875000e+02
4.894206054687500000e+03
1.088927636718750000e+04
1.177312890625000000e+05
4.380242968750000000e+04
5.001610107421875000e+02
8.822921875000000000e+04
1.122176660156250000e+04
1.371557031250000000e+04
4.373186875000000000e+05
8.844902343750000000e+04
8.018492187500000000e+04
1.909224531250000000e+05
2.426176757812500000e+04
2.002649218750000000e+04
7.422313964843750000e+03
3.433114062500000000e+04
1.014233750000000000e+05
3.458503906250000000e+03
1.311625683593750000e+04
5.518660937500000000e+04
1.980531445312500000e+04
8.673096093750000000e+04
4.106519042968750000e+03
2.028237187500000000e+05
5.748989868164062500e+02
1.485012500000000000e+05
2.384177734375000000e+04
3.195619921875000000e+04
2.157399940490722656e+01
2.114534531250000000e+05
6.861150781250000000e+04
7.641815917968750000e+03
1.031355000000000000e+05
3.440100097656250000e+01
7.996865625000000000e+04
3.013236328125000000e+04
2.304833281250000000e+05
8.905000305175781250e+01
7.482861718750000000e+04
1.524080047607421875e+02
6.336790161132812500e+02
1.414020156250000000e+05
8.236799621582031250e+01
1.461081445312500000e+04
1.321488593750000000e+05
3.760433984375000000e+04
1.013523984375000000e+05
1.288576406250000000e+05
3.810007031250000000e+04
6.744277832031250000e+03
1.844467578125000000e+04
3.148218359375000000e+04
2.444553320312500000e+04
1.585033593750000000e+05
1.398427929687500000e+04
1.065701484375000000e+05
1.054465429687500000e+04
6.214560937500000000e+04
1.899490051269531250e+02
1.123800703125000000e+05
8.726449218750000000e+03
7.303399658203125000e+01
6.677370117187500000e+03
2.736899609375000000e+04
2.877499961853027344e+01
1.458427978515625000e+03
2.116091562500000000e+05
2.665541250000000000e+05
2.587960156250000000e+04
3.629212890625000000e+04
4.355522949218750000e+03
5.476567871093750000e+03
3.615355625000000000e+05
4.803900146484375000e+01
1.222480010986328125e+02
4.094649963378906250e+02
9.319448437500000000e+04
2.059326953125000000e+04
3.895549926757812500e+02
7.587740234375000000e+03
2.568910000000000000e+05
9.219352343750000000e+04
1.606006933593750000e+04
3.483685937500000000e+04
3.265290937500000000e+05
5.035189843750000000e+04
2.333530664062500000e+04
3.087522949218750000e+03
1.535585351562500000e+04
6.317428906250000000e+04
2.513991875000000000e+05
7.278031250000000000e+04
1.623248437500000000e+05
7.416820068359375000e+02
7.873033203125000000e+03
8.948213281250000000e+04
2.319614013671875000e+03
4.555440063476562500e+02
4.110209960937500000e+02
4.347260131835937500e+02
1.495316308593750000e+04
1.374502968750000000e+05
1.178290023803710938e+02
1.309473022460937500e+03
2.899249877929687500e+02
1.649411328125000000e+04
1.470474843750000000e+05
2.285184082031250000e+03
3.259042382812500000e+04
1.110635234375000000e+05
1.162695000000000000e+05
3.618399810791015625e+01
2.299366943359375000e+03
8.678731445312500000e+03
1.686900625000000000e+05
1.288129785156250000e+04
4.477799804687500000e+03
1.109424687500000000e+05
1.903885781250000000e+05
1.200480371093750000e+04
1.513500061035156250e+02
9.449415039062500000e+03
2.717779052734375000e+03
1.057516967773437500e+03
1.197076250000000000e+05
7.443475781250000000e+04
3.591785546875000000e+04
8.143000030517578125e+01
2.881717041015625000e+03
1.043491503906250000e+04
2.942000007629394531e+01
8.480997656250000000e+04
4.087515234375000000e+04
7.562239990234375000e+02
2.229401093750000000e+05
3.422800064086914062e+01
7.722472167968750000e+03
1.090515546875000000e+05
3.496470031738281250e+02
2.615713125000000000e+05
9.670587500000000000e+04
5.301254296875000000e+04
4.374685937500000000e+04
5.122063671875000000e+04
6.738067968750000000e+04
3.263999938964843750e+02
3.726324951171875000e+03
1.459950468750000000e+05
2.895899963378906250e+01
1.995860468750000000e+05
5.148078906250000000e+04
2.825900077819824219e+01
3.333179931640625000e+02
1.425485781250000000e+05
1.748748906250000000e+05
1.524054003906250000e+04
2.552773046875000000e+04
1.524510312500000000e+05
1.559380035400390625e+02
3.462658593750000000e+04
4.100596250000000000e+05
1.317922343750000000e+05
4.026919860839843750e+02
8.405764062500000000e+04
2.168480078125000000e+04
1.965441040039062500e+03
1.786364990234375000e+03
7.011599731445312500e+01
3.697398437500000000e+04
6.229570703125000000e+04
1.218220947265625000e+03
8.516849975585937500e+02
4.136820800781250000e+03
3.265352148437500000e+04
9.413759375000000000e+04
1.876519927978515625e+02
6.012958125000000000e+05
5.405139770507812500e+02
2.481091064453125000e+03
3.357880078125000000e+04
1.037188964843750000e+03
1.831545117187500000e+04
4.826193847656250000e+03
8.601615234375000000e+03
5.297900009155273438e+01
2.083569946289062500e+02
1.403725195312500000e+04
7.773927343750000000e+04
1.208599975585937500e+03
9.855251562500000000e+04
5.319921875000000000e+03
4.856969909667968750e+02
9.291534375000000000e+04
8.299289062500000000e+03
2.324135156250000000e+05
4.094490051269531250e+02
2.178729062500000000e+05
1.577200031280517578e+01
1.050174414062500000e+04
1.124251875000000000e+05
1.286799926757812500e+02
3.328552734375000000e+04
4.034899902343750000e+02
5.174799218750000000e+04
4.039389843750000000e+04
3.339428906250000000e+04
1.324187812500000000e+05
3.779590148925781250e+02
1.378608593750000000e+05
7.533190625000000000e+04
1.283638906250000000e+05
9.811213281250000000e+04
1.254613906250000000e+05
1.967939218750000000e+05
3.409224218750000000e+04
3.563858593750000000e+04
1.132474453125000000e+05
7.459653125000000000e+04
2.230452031250000000e+05
4.481514375000000000e+05
2.617250976562500000e+03
4.319868164062500000e+03
8.584450000000000000e+04
2.363710021972656250e+02
1.160189062500000000e+05
2.529840937500000000e+05
1.404032812500000000e+05
2.229397949218750000e+03
1.811468164062500000e+04
7.672376562500000000e+04
1.750253320312500000e+04
5.713071777343750000e+03
5.603508789062500000e+03
1.864750000000000000e+03
3.252873046875000000e+03
5.837799835205078125e+01
5.861244921875000000e+04
1.154294140625000000e+05
6.943477343750000000e+04
8.511329956054687500e+02
1.419499969482421875e+01
1.025630035400390625e+02
3.493204101562500000e+03
7.508070068359375000e+02
3.703448437500000000e+04
1.304947021484375000e+03
5.434680468750000000e+04
1.007590026855468750e+02
4.115891015625000000e+04
1.165880703125000000e+05
1.376006718750000000e+05
2.240062343750000000e+05
7.912539843750000000e+04
3.646235156250000000e+04
2.381656005859375000e+03
2.078847343750000000e+05
3.897900009155273438e+01
6.002497656250000000e+04
6.928600311279296875e+01
1.964092968750000000e+05
8.194236718750000000e+04
1.423747968750000000e+05
1.802564843750000000e+05
4.843456054687500000e+03
1.274262792968750000e+04
9.741630468750000000e+04
5.323993750000000000e+04
3.625867919921875000e+03
2.893721923828125000e+03
8.080421875000000000e+04
1.063720117187500000e+04
1.852956093750000000e+05
3.033647949218750000e+03
6.911606933593750000e+03
3.516819921875000000e+04
1.973509687500000000e+05
1.721925156250000000e+05
2.268375000000000000e+03
8.351100000000000000e+04
6.345450781250000000e+04
2.644870625000000000e+05
4.923533203125000000e+03
4.545450000000000000e+04
2.356402148437500000e+04
7.405621093750000000e+03
1.614828125000000000e+04
5.889799880981445312e+01
1.029690017700195312e+02
1.019793828125000000e+05
2.243500061035156250e+02
1.016540781250000000e+05
7.025337500000000000e+04
2.679468554687500000e+04
1.449323828125000000e+04
3.656716796875000000e+04
7.841761718750000000e+04
3.649037890625000000e+04
7.852999877929687500e+01
8.652884375000000000e+04
3.898458593750000000e+04
1.261610031127929688e+02
6.737991210937500000e+03
3.448076562500000000e+04
2.081017500000000000e+05
6.777938281250000000e+04
1.063289140625000000e+05
4.542300109863281250e+02
1.661229980468750000e+03
3.062604687500000000e+04
1.565795156250000000e+05
4.198699951171875000e+01
2.713710021972656250e+02
1.201383593750000000e+05
3.244650000000000000e+04
2.450600051879882812e+01
6.621323437500000000e+04
2.130311328125000000e+04
5.162172265625000000e+04
2.029530029296875000e+02
2.819698437500000000e+05
7.997008593750000000e+04
3.309830468750000000e+04
3.085799980163574219e+01
1.511051855468750000e+04
2.327841210937500000e+04
1.165540008544921875e+02
1.894705078125000000e+04
1.991526093750000000e+05
1.567732031250000000e+05
1.393970937500000000e+05
1.985619018554687500e+03
1.966810156250000000e+04
1.086634843750000000e+05
6.117632812500000000e+03
1.448765625000000000e+04
3.107719970703125000e+03
9.655599975585937500e+01
1.011715625000000000e+04
5.116299819946289062e+01
6.668800354003906250e+01
6.695267187500000000e+04
2.016600036621093750e+01
4.261499938964843750e+02
5.534573437500000000e+04
1.498501875000000000e+05
9.481433593750000000e+04
6.305590209960937500e+02
1.038429765625000000e+05
2.952146972656250000e+03
6.453876562500000000e+04
1.622876953125000000e+03
1.714706445312500000e+04
4.394125781250000000e+04
1.292967968750000000e+04
8.449900054931640625e+01
1.222743828125000000e+05
2.237960742187500000e+04
5.682976562500000000e+04
6.186142089843750000e+03
1.286170468750000000e+05
1.298036796875000000e+05
1.976993281250000000e+05
1.882850036621093750e+02
5.909431640625000000e+04
2.242852148437500000e+04
1.690239843750000000e+05
6.010089453125000000e+04
5.401772265625000000e+04
5.330975097656250000e+03
3.275486083984375000e+03
7.609137500000000000e+04
1.504030312500000000e+05
4.988966796875000000e+03
3.027359924316406250e+02
2.300900077819824219e+01
8.102985156250000000e+04
4.012260546875000000e+04
8.149426562500000000e+04
1.365904052734375000e+03
6.525080078125000000e+04
1.151995859375000000e+05
6.567692968750000000e+04
6.217486816406250000e+03
4.420301171875000000e+04
9.976486328125000000e+03
8.176286718750000000e+04
1.871869687500000000e+05
4.944900781250000000e+04
1.167479980468750000e+03
2.529658935546875000e+03
4.071476875000000000e+05
7.109760937500000000e+04
1.230824951171875000e+03
8.181800079345703125e+01
1.383630065917968750e+02
1.117926796875000000e+05
1.104151269531250000e+04
3.174901171875000000e+04
1.975529937744140625e+02
2.699543164062500000e+04
2.153049072265625000e+03
8.578600311279296875e+01
2.894769897460937500e+02
7.297773437500000000e+04
4.622369995117187500e+02
2.242320703125000000e+04
9.233183593750000000e+04
1.461688593750000000e+05
6.057329711914062500e+02
9.525079956054687500e+02
8.798493164062500000e+03
4.974570800781250000e+03
2.874500083923339844e+01
1.347967089843750000e+04
5.365930175781250000e+02
4.784758789062500000e+03
9.796775390625000000e+03
5.683319702148437500e+02
8.209514062500000000e+04
1.708179931640625000e+02
2.083283593750000000e+04
9.874335156250000000e+04
2.188285312500000000e+05
2.232322343750000000e+05
6.651678125000000000e+04
1.199875878906250000e+04
1.723954956054687500e+03
1.040369218750000000e+05
2.563552978515625000e+03
1.454260468750000000e+05
4.118585937500000000e+03
9.261000000000000000e+03
1.484439062500000000e+05
4.827857812500000000e+04
1.882001562500000000e+04
1.250896250000000000e+05
4.781397656250000000e+04
4.355932812500000000e+04
2.580127148437500000e+04
2.837550781250000000e+04
3.104758789062500000e+04
1.230502578125000000e+05
7.053399658203125000e+01
8.866512500000000000e+04
2.804621093750000000e+04
6.573300170898437500e+01
4.386998828125000000e+04
1.131859970092773438e+02
2.536808203125000000e+04
2.659719848632812500e+02
1.596247031250000000e+05
2.155930023193359375e+02
4.037032421875000000e+04
2.562544140625000000e+04
1.550711425781250000e+04
6.229030151367187500e+02
3.568569531250000000e+04
2.500290069580078125e+02
1.464487792968750000e+04
8.950821093750000000e+04
8.332993750000000000e+04
1.048829062500000000e+05
1.467436406250000000e+05
2.463095947265625000e+03
5.446385156250000000e+04
6.371712890625000000e+03
3.245153437500000000e+05
9.445614062500000000e+04
4.794776855468750000e+03
5.433730859375000000e+04
1.282364921875000000e+05
4.282333007812500000e+03
5.777253515625000000e+04
5.458679809570312500e+02
8.439265625000000000e+04
1.696976953125000000e+04
2.423996679687500000e+04
6.878614843750000000e+04
8.818918750000000000e+04
9.220682617187500000e+03
4.721653808593750000e+03
2.905749218750000000e+04
1.513737060546875000e+03
2.824901757812500000e+04
4.555548828125000000e+03
1.202765156250000000e+05
1.219503828125000000e+05
2.493709960937500000e+04
2.796855859375000000e+04
9.680040283203125000e+02
3.455407812500000000e+04
3.453176953125000000e+04
2.769325927734375000e+03
2.739161328125000000e+04
3.999945068359375000e+03
4.067959765625000000e+04
1.162620000000000000e+05
1.501380004882812500e+02
6.953732910156250000e+03
1.227222343750000000e+05
5.685474609375000000e+04
2.382322656250000000e+04
6.438270263671875000e+02
1.037912500000000000e+04
2.593740966796875000e+03
6.702853125000000000e+04
5.344739453125000000e+04
1.637603593750000000e+05
8.223701171875000000e+03
2.452385312500000000e+05
4.878589062500000000e+04
1.742928955078125000e+03
1.956675000000000000e+05
5.394940185546875000e+02
2.915900039672851562e+01
4.521634765625000000e+03
1.159061035156250000e+03
4.787714843750000000e+04
3.538333984375000000e+04
4.354760131835937500e+02
1.819179992675781250e+02
6.511160278320312500e+02
1.001897265625000000e+05
3.959661328125000000e+04
7.146863769531250000e+03
5.491756640625000000e+04
4.443930078125000000e+04
2.516646289062500000e+04
2.042354687500000000e+04
2.459193593750000000e+05
9.258300018310546875e+01
8.651018554687500000e+03
1.874392578125000000e+04
1.305568515625000000e+05
9.622499847412109375e+01
2.601061718750000000e+04
3.924291015625000000e+03
6.089911132812500000e+03
1.527019238281250000e+04
2.234280468750000000e+04
2.729278515625000000e+04
8.660299682617187500e+01
1.482115468750000000e+05
1.001890029907226562e+02
8.937988281250000000e+04
4.510771875000000000e+04
3.846063964843750000e+03
