1.187999963760375977e+00
2.080000042915344238e-01
5.999999865889549255e-02
8.259999752044677734e-01
1.417000055313110352e+00
1.174999952316284180e+00
1.266000032424926758e+00
6.238999843597412109e+00
9.250000119209289551e-01
1.019999980926513672e-01
2.026999950408935547e+00
2.450000047683715820e-01
2.528000116348266602e+00
3.409999907016754150e-01
1.567000031471252441e+00
3.642999887466430664e+00
1.457999944686889648e+00
2.092999935150146484e+00
7.739999890327453613e-01
1.470999956130981445e+00
4.399999976158142090e-02
1.677999973297119141e+00
4.110000133514404297e-01
2.310000061988830566e-01
1.582000017166137695e+00
2.460000067949295044e-01
2.013000011444091797e+00
7.459999918937683105e-01
3.910000026226043701e-01
1.728000044822692871e+00
1.146999955177307129e+00
4.950000047683715820e-01
3.321000099182128906e+00
1.319999992847442627e-01
6.551000118255615234e+00
1.322999954223632812e+00
1.636000037193298340e+00
1.623999953269958496e+00
1.475000023841857910e+00
4.690000116825103760e-01
5.999999865889549255e-02
2.085999965667724609e+00
5.499999970197677612e-02
3.627000093460083008e+00
5.149999856948852539e-01
1.710000038146972656e-01
2.528000116348266602e+00
6.549999713897705078e-01
7.229999899864196777e-01
4.066999912261962891e+00
1.800000071525573730e-01
1.019999980926513672e-01
1.589999943971633911e-01
1.376000046730041504e+00
2.874000072479248047e+00
4.230999946594238281e+00
1.539000034332275391e+00
1.572999954223632812e+00
5.740000009536743164e-01
1.424000024795532227e+00
5.950000286102294922e-01
2.170000076293945312e+00
2.150000035762786865e-01
9.470000267028808594e-01
1.092000007629394531e+00
8.820000290870666504e-01
1.715000033378601074e+00
3.089999854564666748e-01
5.450000166893005371e-01
3.148999929428100586e+00
1.166000008583068848e+00
4.741000175476074219e+00
6.010000109672546387e-01
3.193000078201293945e+00
6.340000033378601074e-01
3.642999887466430664e+00
1.233999967575073242e+00
3.349999904632568359e+00
4.359999895095825195e-01
4.919000148773193359e+00
4.460000097751617432e-01
3.828000068664550781e+00
3.039999902248382568e-01
1.099999994039535522e-01
3.659999966621398926e-01
3.253999948501586914e+00
4.218999862670898438e+00
4.243000030517578125e+00
3.980000019073486328e-01
8.900000154972076416e-02
3.338999986648559570e+00
1.167000055313110352e+00
3.210999965667724609e+00
9.860000014305114746e-01
6.177000045776367188e+00
5.339999794960021973e-01
8.270000219345092773e-01
1.506999969482421875e+00
6.589999794960021973e-01
1.286999940872192383e+00
1.351999998092651367e+00
1.312000036239624023e+00
1.583999991416931152e+00
2.178999900817871094e+00
2.834000110626220703e+00
9.679999947547912598e-01
3.670000076293945312e+00
3.535000085830688477e+00
9.419999718666076660e-01
1.101999998092651367e+00
9.419999718666076660e-01
1.582000017166137695e+00
1.353000044822692871e+00
1.499999966472387314e-02
2.197999954223632812e+00
5.009999871253967285e-01
3.700000047683715820e-01
8.439999818801879883e-01
2.739999890327453613e-01
4.990000128746032715e-01
1.501999974250793457e+00
7.239999771118164062e-01
1.307000041007995605e+00
2.180999994277954102e+00
1.307999968528747559e+00
9.720000028610229492e-01
6.723999977111816406e+00
1.534999966621398926e+00
3.849999904632568359e-01
2.099999971687793732e-02
2.319999933242797852e-01
1.427000045776367188e+00
4.889999926090240479e-01
3.910000026226043701e-01
6.400000303983688354e-02
3.489000082015991211e+00
1.016999959945678711e+00
2.259999960660934448e-01
1.547000050544738770e+00
9.499999880790710449e-01
4.300000071525573730e-01
6.420000195503234863e-01
4.090000092983245850e-01
1.371999979019165039e+00
8.299999833106994629e-01
2.552999973297119141e+00
1.949000000953674316e+00
2.960000038146972656e-01
2.029999941587448120e-01
5.360000133514404297e-01
3.428999900817871094e+00
7.900000214576721191e-01
1.718000054359436035e+00
1.100000023841857910e+00
1.649999976158142090e+00
9.419999718666076660e-01
2.610000073909759521e-01
2.852999925613403320e+00
4.300000146031379700e-02
3.157999992370605469e+00
2.355999946594238281e+00
1.304000020027160645e+00
2.700000107288360596e-01
4.289999902248382568e-01
3.389999866485595703e-01
1.110000014305114746e+00
3.904999971389770508e+00
1.521000027656555176e+00
1.282999992370605469e+00
1.991000056266784668e+00
1.286000013351440430e+00
9.190000295639038086e-01
6.330000162124633789e-01
3.519999980926513672e-01
9.369999766349792480e-01
2.039999961853027344e+00
1.999999955296516418e-02
2.051000118255615234e+00
1.531000018119812012e+00
1.036000013351440430e+00
7.080000042915344238e-01
2.226000070571899414e+00
8.130000233650207520e-01
8.659999966621398926e-01
2.996000051498413086e+00
2.532999992370605469e+00
5.600000172853469849e-02
2.026000022888183594e+00
1.949999928474426270e-01
1.679999977350234985e-01
1.463999986648559570e+00
4.869999885559082031e-01
1.373000025749206543e+00
4.480000138282775879e-01
7.540000081062316895e-01
2.305999994277954102e+00
7.229999899864196777e-01
3.930000066757202148e-01
1.656000018119812012e+00
9.649999737739562988e-01
1.651000022888183594e+00
1.557999968528747559e+00
4.199999868869781494e-01
3.899999856948852539e-01
3.414999961853027344e+00
3.639999926090240479e-01
1.462000012397766113e+00
3.828999996185302734e+00
2.080000042915344238e-01
6.250000000000000000e-01
1.159000039100646973e+00
6.159999966621398926e-01
2.213999986648559570e+00
7.100000232458114624e-02
3.502000093460083008e+00
4.959999918937683105e-01
6.132999897003173828e+00
4.620000123977661133e-01
7.900000214576721191e-01
1.782999992370605469e+00
1.720000058412551880e-01
2.987999916076660156e+00
5.090000033378601074e-01
7.218999862670898438e+00
3.582999944686889648e+00
3.310000002384185791e-01
5.080000162124633789e-01
2.983000040054321289e+00
2.953999996185302734e+00
3.309000015258789062e+00
1.687000036239624023e+00
3.140000104904174805e-01
2.689999938011169434e-01
4.467999935150146484e+00
2.020999908447265625e+00
1.416000008583068848e+00
1.400000005960464478e-01
5.950000286102294922e-01
1.369999945163726807e-01
2.660000085830688477e+00
2.000000094994902611e-03
5.519999861717224121e-01
7.960000038146972656e-01
1.410000026226043701e-01
4.309999942779541016e-01
2.592000007629394531e+00
2.419999986886978149e-01
1.093999981880187988e+00
1.527999997138977051e+00
1.031999945640563965e+00
2.759999930858612061e-01
4.799999892711639404e-01
1.539999991655349731e-01
4.329999983310699463e-01
2.240000009536743164e+00
3.632999897003173828e+00
1.610000014305114746e+00
1.437999963760375977e+00
2.860000133514404297e-01
4.959999918937683105e-01
6.209999918937683105e-01
1.969999969005584717e-01
5.900000095367431641e+00
1.259999990463256836e+00
1.559000015258789062e+00
4.429999887943267822e-01
9.760000109672546387e-01
1.256999969482421875e+00
3.079999983310699463e-01
1.684000015258789062e+00
3.089999854564666748e-01
1.613000035285949707e+00
2.540000081062316895e-01
5.070000290870666504e-01
9.190000295639038086e-01
1.430000066757202148e-01
6.930000185966491699e-01
9.150000214576721191e-01
3.900000080466270447e-02
5.475999832153320312e+00
6.700000166893005371e-01
9.620000123977661133e-01
2.730000019073486328e-01
2.992000102996826172e+00
5.860000252723693848e-01
2.590000033378601074e-01
3.384000062942504883e+00
2.460000067949295044e-01
7.900000363588333130e-02
9.079999923706054688e-01
7.030000090599060059e-01
1.027999997138977051e+00
1.113000035285949707e+00
2.645999908447265625e+00
1.444000005722045898e+00
2.854000091552734375e+00
3.220000028610229492e+00
4.749999940395355225e-01
2.493000030517578125e+00
1.866000056266784668e+00
5.370000004768371582e-01
1.473000049591064453e+00
3.651999950408935547e+00
1.213999986648559570e+00
3.095999956130981445e+00
7.739999890327453613e-01
9.899999946355819702e-02
6.047999858856201172e+00
1.077999949455261230e+00
7.500000298023223877e-02
1.873999953269958496e+00
2.560000121593475342e-01
1.590000033378601074e+00
6.387000083923339844e+00
1.289999932050704956e-01
1.375000000000000000e+00
3.857000112533569336e+00
2.529999911785125732e-01
3.880000114440917969e-01
8.519999980926513672e-01
4.699999839067459106e-02
2.667999982833862305e+00
6.300000101327896118e-02
3.174000024795532227e+00
3.750000000000000000e-01
7.093999862670898438e+00
1.478999972343444824e+00
4.500000178813934326e-02
2.076999902725219727e+00
3.019999861717224121e-01
5.490000247955322266e-01
9.969999790191650391e-01
4.946000099182128906e+00
1.432000041007995605e+00
1.065999984741210938e+00
2.371999979019165039e+00
9.929999709129333496e-01
1.187000036239624023e+00
1.409000039100646973e+00
3.371999979019165039e+00
3.221999883651733398e+00
3.330000042915344238e-01
1.435999989509582520e+00
5.360000133514404297e-01
1.495000004768371582e+00
3.601000070571899414e+00
1.595000028610229492e+00
9.340000152587890625e-01
7.799999713897705078e-01
2.969999909400939941e-01
1.052999973297119141e+00
9.300000220537185669e-02
6.370000243186950684e-01
2.899999916553497314e-01
2.953999996185302734e+00
2.286000013351440430e+00
3.959999978542327881e-01
8.000000119209289551e-01
5.728000164031982422e+00
2.729000091552734375e+00
1.978999972343444824e+00
2.125999927520751953e+00
2.694000005722045898e+00
1.949999928474426270e-01
8.569999933242797852e-01
1.827999949455261230e+00
1.914000034332275391e+00
1.850000023841857910e+00
7.080000042915344238e-01
8.040000200271606445e-01
3.020999908447265625e+00
5.619999766349792480e-01
4.460000097751617432e-01
9.089999794960021973e-01
2.389999926090240479e-01
4.580000042915344238e-01
1.036999940872192383e+00
1.560000032186508179e-01
1.238999962806701660e+00
1.920000016689300537e-01
2.200999975204467773e+00
6.704999923706054688e+00
2.076999902725219727e+00
2.536000013351440430e+00
9.010000228881835938e-01
2.649999856948852539e-01
5.809999704360961914e-01
4.469999969005584717e-01
3.789999961853027344e+00
5.480000019073486328e+00
2.599999904632568359e-01
8.259999752044677734e-01
5.249999761581420898e-01
2.569999992847442627e-01
6.399999856948852539e-01
7.300000190734863281e-01
1.822000026702880859e+00
3.437000036239624023e+00
2.805999994277954102e+00
6.579999923706054688e-01
2.191999912261962891e+00
5.490000247955322266e-01
6.650000214576721191e-01
2.138000011444091797e+00
8.840000033378601074e-01
1.404999971389770508e+00
3.050000071525573730e-01
2.460000067949295044e-01
2.085999965667724609e+00
3.409999907016754150e-01
2.800000011920928955e-01
1.128999948501586914e+00
9.229999780654907227e-01
6.990000009536743164e-01
3.589999973773956299e-01
7.760000228881835938e-01
2.919999957084655762e-01
6.499999761581420898e-01
3.914000034332275391e+00
1.519000053405761719e+00
1.363000035285949707e+00
3.278000116348266602e+00
9.539999961853027344e-01
3.736999988555908203e+00
4.454999923706054688e+00
1.419000029563903809e+00
9.639999866485595703e-01
4.920000076293945312e+00
5.780000090599060059e-01
3.980000019073486328e-01
1.070000052452087402e+00
4.801000118255615234e+00
3.289999961853027344e-01
1.610999941825866699e+00
5.009999871253967285e-01
2.549999952316284180e-01
1.111999988555908203e+00
1.843000054359436035e+00
4.199999868869781494e-01
1.738000035285949707e+00
1.720000058412551880e-01
1.120000034570693970e-01
4.589000225067138672e+00
3.300000131130218506e-01
2.400000020861625671e-02
5.700000002980232239e-02
3.099999949336051941e-02
2.821000099182128906e+00
1.850000023841857910e-01
1.407999992370605469e+00
4.100000113248825073e-02
2.030999898910522461e+00
1.399000048637390137e+00
9.850000143051147461e-01
2.150000035762786865e-01
1.585000038146972656e+00
1.110000014305114746e-01
1.692000031471252441e+00
2.453999996185302734e+00
2.167000055313110352e+00
4.230999946594238281e+00
1.279999971389770508e+00
2.849999964237213135e-01
1.459999978542327881e-01
2.654999971389770508e+00
5.540000200271606445e-01
5.419999957084655762e-01
1.799999922513961792e-02
2.671999931335449219e+00
2.410000085830688477e+00
1.016999959945678711e+00
4.850000143051147461e-01
4.560000002384185791e-01
4.600000008940696716e-02
1.605999946594238281e+00
7.080000042915344238e-01
1.184999942779541016e+00
7.770000100135803223e-01
1.315000057220458984e+00
1.034999966621398926e+00
2.046000003814697266e+00
4.740000069141387939e-01
9.679999947547912598e-01
4.605000019073486328e+00
3.479999899864196777e-01
3.200000047683715820e+00
3.039999902248382568e-01
1.809999942779541016e-01
1.044000029563903809e+00
7.839999794960021973e-01
5.111999988555908203e+00
2.365999937057495117e+00
1.442999958992004395e+00
2.879999876022338867e-01
9.309999942779541016e-01
1.368000030517578125e+00
8.100000023841857910e-01
1.317000031471252441e+00
1.400000043213367462e-02
5.230000019073486328e-01
1.838000059127807617e+00
8.799999952316284180e-01
8.560000061988830566e-01
4.624000072479248047e+00
4.519999921321868896e-01
2.687999963760375977e+00
3.919999897480010986e-01
2.417000055313110352e+00
2.335999965667724609e+00
3.931999921798706055e+00
1.814000010490417480e+00
2.766000032424926758e+00
5.180000066757202148e-01
1.120000034570693970e-01
3.923000097274780273e+00
5.955999851226806641e+00
3.050000071525573730e-01
7.580000162124633789e-01
6.693999767303466797e+00
2.177999973297119141e+00
2.566999912261962891e+00
2.960000038146972656e-01
9.120000004768371582e-01
3.849999904632568359e+00
2.552000045776367188e+00
7.100000232458114624e-02
2.000000029802322388e-01
4.000000059604644775e-01
1.609999984502792358e-01
3.599999845027923584e-02
3.840000033378601074e-01
7.100000232458114624e-02
4.251999855041503906e+00
4.703999996185302734e+00
7.960000038146972656e-01
4.320000171661376953e+00
2.203999996185302734e+00
6.809999942779541016e-01
1.269000053405761719e+00
5.879999995231628418e-01
2.329999953508377075e-01
7.720000147819519043e-01
1.184999942779541016e+00
9.099999815225601196e-02
8.870000243186950684e-01
2.441999912261962891e+00
9.600000083446502686e-02
6.859999895095825195e-01
2.910000085830688477e-01
1.463000059127807617e+00
1.618999958038330078e+00
8.590000271797180176e-01
1.014999985694885254e+00
5.410000085830688477e-01
2.039999961853027344e-01
6.200000047683715820e-01
4.609999954700469971e-01
6.032000064849853516e+00
3.444999933242797852e+00
2.960000038146972656e-01
4.280000209808349609e+00
9.428999900817871094e+00
3.976000070571899414e+00
3.073999881744384766e+00
9.200000017881393433e-02
9.049999713897705078e-01
2.388000011444091797e+00
4.500000178813934326e-02
5.987999916076660156e+00
2.709999978542327881e-01
3.181999921798706055e+00
4.289999902248382568e-01
5.490000247955322266e-01
2.663000106811523438e+00
4.639999866485595703e-01
6.520000100135803223e-01
1.700999975204467773e+00
1.723000049591064453e+00
7.910000085830688477e-01
2.058000087738037109e+00
2.540999889373779297e+00
6.179999709129333496e-01
9.099999815225601196e-02
1.560999989509582520e+00
1.575000047683715820e+00
6.340000033378601074e-01
1.430999994277954102e+00
1.929999947547912598e+00
9.399999976158142090e-01
7.409999966621398926e-01
4.793000221252441406e+00
2.389999926090240479e-01
2.010000050067901611e-01
3.871999979019165039e+00
1.010000035166740417e-01
5.335999965667724609e+00
4.760000109672546387e-01
1.174000024795532227e+00
4.809000015258789062e+00
1.860000014305114746e+00
7.160000205039978027e-01
1.547000050544738770e+00
3.782999992370605469e+00
7.730000019073486328e-01
1.613000035285949707e+00
2.479999959468841553e-01
8.230000138282775879e-01
4.012000083923339844e+00
7.990000247955322266e-01
1.294999957084655762e+00
4.198999881744384766e+00
3.489000082015991211e+00
1.226999998092651367e+00
2.300000041723251343e-01
2.181999921798706055e+00
1.222000002861022949e+00
1.733000040054321289e+00
4.460000097751617432e-01
4.790000021457672119e-01
4.070000052452087402e-01
5.803999900817871094e+00
2.799000024795532227e+00
4.580000042915344238e-01
6.320000290870666504e-01
4.500000178813934326e-02
5.879999995231628418e-01
4.300000146031379700e-02
2.399999946355819702e-01
3.149999976158142090e-01
3.321000099182128906e+00
1.899999938905239105e-02
6.132999897003173828e+00
1.439999938011169434e-01
7.644000053405761719e+00
3.598000049591064453e+00
4.783999919891357422e+00
9.470000267028808594e-01
1.822999954223632812e+00
1.529999971389770508e-01
3.420000076293945312e+00
3.736999988555908203e+00
3.278000116348266602e+00
1.088999986648559570e+00
1.161999940872192383e+00
5.669999718666076660e-01
2.779000043869018555e+00
1.146999955177307129e+00
1.930999994277954102e+00
1.274999976158142090e+00
3.770000040531158447e-01
1.439999938011169434e-01
4.219999909400939941e-01
1.141999959945678711e+00
8.970000147819519043e-01
1.157999992370605469e+00
1.879999935626983643e-01
5.578999996185302734e+00
1.521000027656555176e+00
3.515000104904174805e+00
7.120000123977661133e-01
6.719999909400939941e-01
9.409999847412109375e-01
4.480000138282775879e-01
1.220000013709068298e-01
3.409999907016754150e-01
4.500000178813934326e-02
3.689999878406524658e-01
9.600000083446502686e-02
2.526999950408935547e+00
6.380000114440917969e-01
3.076999902725219727e+00
2.062999963760375977e+00
4.162000179290771484e+00
3.670000135898590088e-01
4.144000053405761719e+00
2.164999961853027344e+00
2.510999917984008789e+00
1.197999954223632812e+00
1.980000019073486328e+00
1.319000005722045898e+00
4.282999992370605469e+00
4.269999861717224121e-01
3.490000069141387939e-01
2.046999931335449219e+00
1.902999997138977051e+00
3.013999938964843750e+00
1.010000035166740417e-01
8.920000195503234863e-01
1.985000014305114746e+00
1.960000038146972656e+00
9.089999794960021973e-01
3.860000073909759521e-01
9.129999876022338867e-01
1.095000028610229492e+00
7.260000109672546387e-01
1.963000059127807617e+00
1.473000049591064453e+00
1.258999943733215332e+00
2.546999931335449219e+00
2.090000063180923462e-01
4.160000085830688477e-01
1.027999997138977051e+00
7.580000162124633789e-01
1.726999998092651367e+00
1.250000000000000000e-01
2.319000005722045898e+00
3.273999929428100586e+00
7.710000276565551758e-01
1.702000021934509277e+00
1.368000030517578125e+00
7.580000162124633789e-01
1.815000057220458984e+00
4.034999847412109375e+00
1.103999972343444824e+00
3.440000116825103760e-01
1.300999999046325684e+00
1.485999941825866699e+00
2.430000007152557373e-01
4.650000035762786865e-01
4.800000041723251343e-02
2.237999916076660156e+00
3.300000131130218506e-01
3.335999965667724609e+00
3.299999982118606567e-02
4.790000021457672119e-01
6.769999861717224121e-01
9.589999914169311523e-01
5.429999828338623047e-01
2.588000059127807617e+00
1.638000011444091797e+00
8.650000095367431641e-01
4.198999881744384766e+00
3.310000002384185791e-01
2.095999956130981445e+00
2.974999904632568359e+00
1.740000009536743164e+00
5.182000160217285156e+00
1.294000029563903809e+00
1.034999966621398926e+00
7.196000099182128906e+00
5.609999895095825195e-01
2.560000121593475342e-01
1.169999986886978149e-01
2.094000101089477539e+00
1.960000038146972656e+00
1.027999997138977051e+00
3.519999980926513672e-01
8.259999752044677734e-01
1.509999930858612061e-01
6.029999852180480957e-01
3.342000007629394531e+00
5.989999771118164062e-01
5.939999818801879883e-01
8.209999799728393555e-01
7.229999899864196777e-01
2.046000003814697266e+00
9.940000176429748535e-01
3.257999897003173828e+00
1.802999973297119141e+00
1.929000020027160645e+00
5.049999952316284180e-01
1.542000055313110352e+00
1.169000029563903809e+00
9.750000238418579102e-01
3.109999895095825195e-01
7.059999704360961914e-01
2.010000050067901611e-01
5.289999842643737793e-01
1.759999990463256836e-01
4.729999899864196777e-01
2.088000059127807617e+00
1.384999990463256836e+00
1.074000000953674316e+00
1.572000026702880859e+00
9.049999713897705078e-01
4.679999947547912598e-01
3.476999998092651367e+00
2.210999965667724609e+00
1.733000040054321289e+00
9.639999866485595703e-01
2.387000083923339844e+00
1.799000024795532227e+00
1.870000064373016357e-01
1.819999963045120239e-01
1.679999977350234985e-01
5.339999794960021973e-01
4.569999873638153076e-01
1.450000047683715820e+00
1.099999994039535522e-01
2.346999883651733398e+00
2.418999910354614258e+00
8.000000379979610443e-03
1.925999999046325684e+00
2.226000070571899414e+00
5.344999790191650391e+00
1.067000031471252441e+00
1.842000007629394531e+00
9.660000205039978027e-01
1.534999966621398926e+00
3.190000057220458984e-01
1.258000016212463379e+00
3.599999904632568359e+00
1.394000053405761719e+00
4.530000090599060059e-01
2.342000007629394531e+00
2.466000080108642578e+00
1.463000059127807617e+00
2.199999988079071045e-01
1.095999956130981445e+00
1.657999992370605469e+00
5.381999969482421875e+00
3.559000015258789062e+00
4.553999900817871094e+00
3.387000083923339844e+00
5.749999880790710449e-01
1.899999938905239105e-02
2.915999889373779297e+00
2.835999965667724609e+00
1.059999987483024597e-01
1.358999967575073242e+00
1.531000018119812012e+00
1.383999943733215332e+00
5.220000147819519043e-01
1.935999989509582520e+00
5.605999946594238281e+00
2.197999954223632812e+00
8.859999775886535645e-01
3.882999897003173828e+00
3.303999900817871094e+00
4.155000209808349609e+00
7.100000232458114624e-02
9.599999785423278809e-01
5.230000019073486328e-01
5.170000195503234863e-01
2.900000095367431641e+00
6.250000000000000000e-01
1.121999979019165039e+00
1.511000037193298340e+00
4.250000119209289551e-01
2.717999935150146484e+00
3.657000064849853516e+00
1.340000033378601074e+00
1.682000041007995605e+00
1.589999943971633911e-01
5.872000217437744141e+00
2.099999904632568359e+00
1.246999979019165039e+00
1.508000016212463379e+00
1.274000048637390137e+00
9.029999971389770508e-01
4.990000128746032715e-01
8.830000162124633789e-01
5.189999938011169434e-01
8.550000190734863281e-01
9.029999971389770508e-01
7.103000164031982422e+00
2.444000005722045898e+00
6.905000209808349609e+00
1.611999988555908203e+00
2.734999895095825195e+00
5.255000114440917969e+00
2.529999911785125732e-01
1.766000032424926758e+00
1.837000012397766113e+00
6.460000276565551758e-01
2.300000041723251343e-01
2.255000114440917969e+00
1.049000024795532227e+00
2.387000083923339844e+00
6.043000221252441406e+00
7.369999885559082031e-01
7.850000262260437012e-01
5.809999704360961914e-01
1.790000051259994507e-01
1.406000018119812012e+00
1.381999969482421875e+00
1.980000019073486328e+00
2.543999910354614258e+00
3.894999980926513672e+00
9.269999861717224121e-01
1.202999949455261230e+00
3.571000099182128906e+00
2.434999942779541016e+00
1.682000041007995605e+00
9.689999818801879883e-01
1.036000013351440430e+00
6.788000106811523438e+00
9.879999756813049316e-01
3.849999904632568359e-01
9.639999866485595703e-01
5.030000209808349609e-01
7.160000205039978027e-01
8.569999933242797852e-01
8.740000128746032715e-01
1.565000057220458984e+00
2.125999927520751953e+00
1.955999970436096191e+00
5.999999865889549255e-02
9.710000157356262207e-01
1.034000039100646973e+00
6.453999996185302734e+00
6.209000110626220703e+00
9.099999815225601196e-02
3.799999952316284180e-01
2.540000081062316895e-01
3.085999965667724609e+00
1.866000056266784668e+00
2.302000045776367188e+00
1.116000056266784668e+00
1.835999965667724609e+00
1.116999983787536621e+00
1.419999957084655762e+00
2.370000034570693970e-01
3.919999897480010986e-01
3.650000095367431641e-01
2.529999911785125732e-01
7.139999866485595703e-01
6.340000033378601074e-01
1.378999948501586914e+00
3.451999902725219727e+00
2.671999931335449219e+00
1.248999953269958496e+00
1.621000051498413086e+00
5.759999752044677734e-01
3.565999984741210938e+00
3.610000014305114746e-01
1.939000010490417480e+00
5.960000157356262207e-01
9.999999776482582092e-03
9.899999946355819702e-02
2.999999932944774628e-02
1.758000016212463379e+00
3.039999902248382568e-01
2.099999934434890747e-01
1.542000055313110352e+00
9.980000257492065430e-01
2.070000022649765015e-01
1.439999938011169434e-01
1.228000044822692871e+00
7.179999947547912598e-01
5.630000114440917969e+00
2.460000067949295044e-01
4.429999887943267822e-01
3.389999866485595703e-01
5.350000262260437012e-01
2.750000059604644775e-01
2.549999952316284180e+00
1.269000053405761719e+00
3.580000102519989014e-01
3.278000116348266602e+00
1.010000035166740417e-01
9.319999814033508301e-01
1.587000012397766113e+00
9.840000271797180176e-01
2.809999883174896240e-01
7.409999966621398926e-01
3.234999895095825195e+00
6.355999946594238281e+00
1.129999980330467224e-01
4.600000083446502686e-01
2.390000104904174805e+00
3.569999933242797852e-01
6.570000052452087402e-01
5.740000009536743164e-01
3.720000088214874268e-01
3.009999990463256836e-01
3.140000104904174805e+00
8.159999847412109375e-01
6.300000101327896118e-02
2.500000037252902985e-02
1.715999960899353027e+00
1.585000038146972656e+00
1.256000041961669922e+00
2.953999996185302734e+00
7.279999852180480957e-01
1.292999982833862305e+00
2.167000055313110352e+00
1.077000021934509277e+00
5.440000295639038086e-01
9.829999804496765137e-01
3.030000030994415283e-01
2.360000014305114746e-01
6.549999713897705078e-01
4.138999938964843750e+00
3.490000009536743164e+00
1.037999987602233887e+00
1.082999944686889648e+00
6.790000200271606445e-01
1.599999964237213135e-01
3.500000014901161194e-02
1.501999974250793457e+00
1.411999940872192383e+00
2.193000078201293945e+00
1.230000019073486328e+00
2.713999986648559570e+00
1.164999961853027344e+00
1.340000033378601074e+00
2.430000066757202148e+00
2.503000020980834961e+00
5.699999928474426270e-01
