2.232000112533569336e+00
2.365600013732910156e+01
3.734400177001953125e+01
8.545289916992187500e+02
1.685069946289062500e+03
2.013870971679687500e+03
1.930774047851562500e+03
1.583899974822998047e+01
3.118000030517578125e+00
6.558300018310546875e+01
8.899010009765625000e+02
3.575699996948242188e+01
4.740599822998046875e+01
1.003330001831054688e+02
8.023300170898437500e+01
4.721200180053710938e+01
4.994999885559082031e+00
5.263000011444091797e+00
1.907850036621093750e+02
7.442999839782714844e+00
3.071010131835937500e+02
9.711000442504882812e+00
8.621800231933593750e+01
3.926000118255615234e+00
8.258000373840332031e+00
4.343799972534179688e+01
3.337349853515625000e+02
1.177499961853027344e+01
5.093900146484375000e+02
1.902099990844726562e+01
2.059000015258789062e+00
1.959400024414062500e+02
1.369499969482421875e+01
2.415900039672851562e+01
1.521100044250488281e+01
6.672500000000000000e+02
2.881500053405761719e+01
2.008277954101562500e+03
8.395999908447265625e+00
2.487246093750000000e+03
1.223999977111816406e+00
1.764709930419921875e+02
1.006033020019531250e+03
1.013000011444091797e+00
7.328999996185302734e+00
5.824630126953125000e+02
9.795999526977539062e+00
2.894000053405761719e+00
7.058820190429687500e+02
7.939000129699707031e+00
3.842999935150146484e+00
4.427999973297119141e+00
1.674999952316284180e+00
3.175350036621093750e+02
1.096890029907226562e+02
7.655400085449218750e+01
9.380000233650207520e-01
6.059329833984375000e+02
2.504800033569335938e+01
1.434147949218750000e+03
1.069799995422363281e+01
3.765000104904174805e+00
5.965700149536132812e+01
4.051449890136718750e+02
2.243000030517578125e+00
4.539930114746093750e+02
2.743308105468750000e+03
8.314479980468750000e+02
6.619999885559082031e+00
3.538000106811523438e+00
5.566199874877929688e+01
9.887000083923339844e+00
4.790999889373779297e+00
1.809999942779541016e+00
9.380699920654296875e+01
1.113999962806701660e+00
6.547399902343750000e+01
8.907999992370605469e+00
1.828503051757812500e+03
1.208100032806396484e+01
2.675099945068359375e+01
3.921780090332031250e+02
2.871699905395507812e+01
2.891200065612792969e+01
1.828982055664062500e+03
2.688999891281127930e+00
4.793529968261718750e+02
1.134469985961914062e+02
1.275196044921875000e+03
1.163739013671875000e+03
1.911000013351440430e+00
6.805699920654296875e+01
2.907030029296875000e+02
1.317000031471252441e+00
1.335099983215332031e+01
8.140770263671875000e+02
8.075310058593750000e+02
4.778049926757812500e+02
2.621999979019165039e+00
6.943352050781250000e+03
1.314400005340576172e+01
1.571300029754638672e+01
8.357000350952148438e+00
6.501999855041503906e+00
1.253899955749511719e+01
1.032461059570312500e+03
5.978000164031982422e+00
8.366810302734375000e+02
1.906000018119812012e+00
9.105999755859375000e+01
1.091020019531250000e+03
6.968999862670898438e+00
1.619620056152343750e+02
2.426000118255615234e+00
1.033089981079101562e+02
1.011100006103515625e+01
1.637199974060058594e+01
2.344000101089477539e+00
2.755999946594238281e+01
2.480999946594238281e+00
1.446700000762939453e+01
1.874099922180175781e+01
2.489500045776367188e+01
2.984754882812500000e+03
1.065641967773437500e+03
1.216499996185302734e+01
3.058000087738037109e+00
6.556480102539062500e+02
8.605899810791015625e+01
2.609710083007812500e+02
7.938000202178955078e+00
1.548249969482421875e+02
8.020999908447265625e+00
4.640999794006347656e+00
9.688629760742187500e+02
2.234099960327148438e+01
1.152000976562500000e+03
6.534100341796875000e+01
2.250000000000000000e+00
9.320000000000000000e+02
3.854500122070312500e+02
8.928999900817871094e+00
3.429060058593750000e+02
2.471569976806640625e+02
1.843899917602539062e+01
3.474769897460937500e+02
5.456119995117187500e+02
7.027999877929687500e+01
4.831850097656250000e+03
1.715900039672851562e+01
1.522299957275390625e+01
1.700000047683715820e+00
7.500000000000000000e+00
9.459669799804687500e+02
2.391300010681152344e+01
3.665700149536132812e+01
7.844999790191650391e+00
7.088500213623046875e+01
3.025710144042968750e+02
1.572200012207031250e+01
1.322299957275390625e+01
5.335999965667724609e+00
3.233999967575073242e+00
1.235608032226562500e+03
1.015299987792968750e+01
1.165823974609375000e+03
2.097319946289062500e+02
6.344999790191650391e+00
6.533999919891357422e+00
2.444999933242797852e+00
2.922699928283691406e+01
2.266000032424926758e+00
3.312579956054687500e+02
3.710000038146972656e+00
4.192999839782714844e+00
2.397100067138671875e+01
2.556385009765625000e+03
6.841000080108642578e+00
4.355599975585937500e+01
1.368000030517578125e+00
2.024052978515625000e+03
5.000899887084960938e+01
1.460999965667724609e+00
1.827400016784667969e+01
9.429900360107421875e+01
2.744999885559082031e+00
2.644999980926513672e+00
1.387300014495849609e+01
4.923429870605468750e+02
7.146999835968017578e+00
1.617879943847656250e+02
5.016390075683593750e+02
8.328569946289062500e+02
1.947000026702880859e+00
1.878999948501586914e+00
1.068599987030029297e+01
1.032699966430664062e+01
3.132999897003173828e+00
3.533999919891357422e+00
9.095000267028808594e+00
9.781929931640625000e+02
3.813499832153320312e+01
4.715000152587890625e+00
2.266999959945678711e+00
1.736400032043457031e+01
1.925999999046325684e+00
7.118999958038330078e+00
3.492330017089843750e+02
1.323799991607666016e+01
5.198999881744384766e+00
1.691029968261718750e+02
1.060170043945312500e+03
8.517999649047851562e+00
2.951600074768066406e+01
3.179299926757812500e+01
3.171000003814697266e+00
3.880333007812500000e+03
7.081999778747558594e+00
1.753029937744140625e+02
6.431000232696533203e+00
1.755944946289062500e+03
2.513000011444091797e+00
1.373229980468750000e+02
3.367499923706054688e+01
2.293700027465820312e+01
1.599899959564208984e+01
2.686519042968750000e+03
5.683599853515625000e+01
1.774999976158142090e+00
3.502999877929687500e+01
4.703089904785156250e+02
1.142788940429687500e+03
4.727000236511230469e+00
1.521000003814697266e+01
1.544000029563903809e+00
1.562699985504150391e+01
3.595000028610229492e+00
7.519119873046875000e+02
5.972000122070312500e+01
6.840000152587890625e+00
7.066600036621093750e+01
4.893799972534179688e+01
3.190500068664550781e+01
2.422920074462890625e+02
1.450100040435791016e+01
8.446770019531250000e+02
7.936389770507812500e+02
2.053080078125000000e+03
6.407000064849853516e+00
8.326999664306640625e+00
1.022399997711181641e+01
8.946589965820312500e+02
8.803999900817871094e+00
4.932600021362304688e+01
2.726000070571899414e+00
1.236299991607666016e+01
6.675000190734863281e+00
5.058000087738037109e+00
1.524960021972656250e+02
7.057399749755859375e+01
8.777000122070312500e+02
4.938999938964843750e+01
7.087999820709228516e+00
2.951749877929687500e+02
2.779999971389770508e-01
1.081499958038330078e+01
1.950999975204467773e+00
3.259999990463256836e+00
3.615399932861328125e+01
1.253732055664062500e+03
8.866999626159667969e+00
4.743000030517578125e+00
1.602400016784667969e+01
4.387000083923339844e+00
2.143000030517578125e+01
4.834000110626220703e+00
2.076000022888183594e+01
2.290999889373779297e+00
3.763899993896484375e+01
1.394699954986572266e+01
3.328000068664550781e+00
1.919199943542480469e+01
2.003400039672851562e+01
6.140999794006347656e+00
1.608200073242187500e+01
7.000000000000000000e+00
6.000999927520751953e+00
1.051037963867187500e+03
3.114000082015991211e+00
1.216300010681152344e+01
1.474300003051757812e+01
4.823999881744384766e+00
1.621999979019165039e+00
6.475199890136718750e+01
7.419599914550781250e+01
1.238656005859375000e+03
1.551799964904785156e+01
3.167000055313110352e+00
1.457364990234375000e+03
7.729000091552734375e+00
8.906069946289062500e+02
3.497200012207031250e+01
1.133300018310546875e+01
3.401999950408935547e+00
1.263399982452392578e+01
3.932040100097656250e+02
6.352000236511230469e+00
1.409709930419921875e+02
1.029206054687500000e+03
8.121000289916992188e+00
4.085699844360351562e+01
2.283999919891357422e+00
9.664760131835937500e+02
1.179830017089843750e+02
1.496199989318847656e+01
8.635600280761718750e+01
7.179940185546875000e+02
8.890999794006347656e+00
7.105869750976562500e+02
1.502265014648437500e+03
3.218700027465820312e+01
7.525199890136718750e+01
5.834700012207031250e+01
1.635400009155273438e+01
3.434999942779541016e+00
1.063332031250000000e+03
1.289776977539062500e+03
6.023300170898437500e+01
4.550000190734863281e+00
1.464730072021484375e+02
8.817000389099121094e+00
3.049000024795532227e+00
1.049807983398437500e+03
7.591999816894531250e+01
4.463710021972656250e+02
8.048999786376953125e+00
1.408399963378906250e+01
1.362199974060058594e+01
7.360000133514404297e+00
1.188500022888183594e+01
9.118699645996093750e+01
8.036499786376953125e+01
4.660069885253906250e+02
3.352999925613403320e+00
4.176000118255615234e+00
2.686560058593750000e+03
2.041834960937500000e+03
4.421999931335449219e+00
1.288500022888183594e+01
2.818237060546875000e+03
1.467300033569335938e+01
2.233999967575073242e+00
4.726069946289062500e+02
4.783200073242187500e+01
4.225999832153320312e+00
1.065605957031250000e+03
3.880000114440917969e+00
1.075899982452392578e+01
1.372099971771240234e+01
9.010999679565429688e+00
1.138390014648437500e+03
4.051800155639648438e+01
4.970800018310546875e+01
1.421700000762939453e+01
4.081999778747558594e+00
4.254856933593750000e+03
9.930000305175781250e+00
4.423229980468750000e+02
1.279000043869018555e+00
4.824200057983398438e+01
9.209970092773437500e+02
4.248000144958496094e+00
2.954899978637695312e+01
2.062800025939941406e+01
3.619999885559082031e+00
8.144000053405761719e+00
3.830199813842773438e+01
3.228599929809570312e+01
1.204316040039062500e+03
3.842300033569335938e+01
2.670220031738281250e+02
8.746160278320312500e+02
8.796999931335449219e+00
4.686600112915039062e+01
3.420299911499023438e+01
2.760899925231933594e+01
3.394999980926513672e+00
6.673660278320312500e+02
2.772599983215332031e+01
1.546707031250000000e+03
5.047800064086914062e+01
5.236399841308593750e+01
4.270199966430664062e+01
2.301000118255615234e+00
6.974800109863281250e+01
4.410100173950195312e+01
1.473200035095214844e+01
7.091999816894531250e+01
4.310849914550781250e+02
1.514165039062500000e+03
1.154857055664062500e+03
1.818300056457519531e+01
1.021138000488281250e+03
5.706032226562500000e+03
4.154500122070312500e+02
2.252109985351562500e+02
2.777175048828125000e+03
1.209700012207031250e+01
1.742700004577636719e+01
2.023353027343750000e+03
1.344043945312500000e+03
2.763500022888183594e+01
6.266600036621093750e+01
1.070899963378906250e+01
1.661300086975097656e+01
5.234000205993652344e+00
5.948540039062500000e+02
6.019000053405761719e+00
6.139400100708007812e+01
1.625099945068359375e+01
6.429580078125000000e+02
4.197439880371093750e+02
2.184989929199218750e+02
5.744790039062500000e+02
5.723799896240234375e+01
1.832826049804687500e+03
3.598000049591064453e+00
7.180759887695312500e+02
3.471400070190429688e+01
2.348563964843750000e+03
2.615000009536743164e+00
2.975099945068359375e+01
8.247780151367187500e+02
4.308689880371093750e+02
1.002900028228759766e+01
2.206259033203125000e+03
6.404320068359375000e+02
2.360099983215332031e+01
5.519000053405761719e+00
4.658999919891357422e+00
1.081880035400390625e+02
7.397999763488769531e+00
9.612000465393066406e+00
6.182000160217285156e+00
1.559500026702880859e+01
1.828200073242187500e+02
4.255000114440917969e+00
2.152940063476562500e+02
5.708499755859375000e+02
3.095999956130981445e+00
5.823300170898437500e+01
4.796080017089843750e+02
1.906599998474121094e+01
1.933499908447265625e+01
6.163000106811523438e+00
5.114999771118164062e+00
1.563828002929687500e+03
5.086999893188476562e+00
6.882499694824218750e+01
8.727550048828125000e+02
4.615929870605468750e+02
1.164782958984375000e+03
6.681079711914062500e+02
2.855000019073486328e+00
7.901000213623046875e+01
1.451099967956542969e+01
7.005000305175781250e+01
2.594460144042968750e+02
1.090400028228759766e+01
4.546999931335449219e+00
3.586999893188476562e+00
1.624490966796875000e+03
2.877000093460083008e+00
6.142000198364257812e+00
9.606439819335937500e+02
3.944000005722045898e+00
4.120899963378906250e+01
4.793000221252441406e+00
7.053399658203125000e+01
3.590559997558593750e+02
1.968600082397460938e+01
1.255500030517578125e+01
1.644999980926513672e+00
3.040999889373779297e+00
1.410879974365234375e+02
4.428850097656250000e+02
3.621200180053710938e+01
9.354000091552734375e+00
1.590443969726562500e+03
2.566200065612792969e+01
5.285999774932861328e+00
2.203659973144531250e+02
8.142999649047851562e+00
7.658999919891357422e+00
6.475999832153320312e+00
1.606587036132812500e+03
8.642999649047851562e+00
3.436199951171875000e+02
4.301399993896484375e+01
5.844140014648437500e+02
3.012000083923339844e+00
2.474999904632568359e+00
7.389390258789062500e+02
3.819900131225585938e+01
1.260099983215332031e+01
1.360499954223632812e+01
1.932409973144531250e+02
2.664500045776367188e+01
3.415900039672851562e+01
6.585999965667724609e+00
2.355999946594238281e+00
4.971400070190429688e+01
8.923999786376953125e+00
5.797200012207031250e+01
4.090000152587890625e+00
1.708200073242187500e+01
2.509000062942504883e+00
5.958000183105468750e+00
1.501629943847656250e+02
1.792399978637695312e+01
1.329161010742187500e+03
7.449489746093750000e+02
5.251713867187500000e+03
3.582510070800781250e+02
3.522000074386596680e+00
2.349999904632568359e+00
8.772999763488769531e+00
3.185099983215332031e+01
5.822999954223632812e+01
1.501093017578125000e+03
1.953333984375000000e+03
2.302000045776367188e+00
2.632999897003173828e+00
6.100999832153320312e+00
2.028300094604492188e+01
5.021999835968017578e+00
7.717869873046875000e+02
2.151868896484375000e+03
3.534799957275390625e+01
4.081000137329101562e+01
3.643700027465820312e+01
3.617399978637695312e+01
2.378300094604492188e+01
6.665999889373779297e+00
2.879287109375000000e+03
3.529999971389770508e+00
2.179999947547912598e-01
1.023000001907348633e+00
8.430100250244140625e+01
4.823999881744384766e+00
5.132999897003173828e+00
8.586999893188476562e+00
2.200999975204467773e+00
5.188105957031250000e+03
3.217229919433593750e+02
3.323915039062500000e+03
2.704999923706054688e+00
6.168799972534179688e+01
9.930989990234375000e+02
9.361000061035156250e+00
7.124000072479248047e+00
1.244699954986572266e+01
2.146199989318847656e+01
5.666279907226562500e+02
2.057440032958984375e+02
7.688000202178955078e+00
8.001783203125000000e+03
2.099300003051757812e+01
5.677999973297119141e+00
6.448999881744384766e+00
4.822000026702880859e+00
9.454000473022460938e+00
2.187000036239624023e+00
4.165354980468750000e+03
1.884300041198730469e+01
4.644108886718750000e+03
6.782999992370605469e+00
2.115999937057495117e+00
2.058834960937500000e+03
9.100759887695312500e+02
1.342000007629394531e+00
7.953430175781250000e+02
5.381600189208984375e+01
1.509999930858612061e-01
2.453999996185302734e+00
2.809300041198730469e+01
2.357000112533569336e+00
9.259999990463256836e-01
3.578000068664550781e+00
1.601281005859375000e+03
2.328999996185302734e+00
3.683000087738037109e+00
2.757579956054687500e+02
8.545000076293945312e+00
7.817999839782714844e+00
1.029599952697753906e+01
9.314000129699707031e+00
5.446110229492187500e+02
7.052999973297119141e+00
2.648900032043457031e+01
7.640999794006347656e+00
1.519799995422363281e+01
1.356200027465820312e+01
1.177000045776367188e+01
9.069999694824218750e+00
7.385399627685546875e+01
7.265299987792968750e+01
6.263679809570312500e+02
8.969300079345703125e+01
5.144000053405761719e+00
6.819999814033508301e-01
3.635710144042968750e+02
1.016333007812500000e+03
8.595800018310546875e+01
4.887000083923339844e+00
7.798999786376953125e+00
6.346300125122070312e+01
7.345269775390625000e+02
1.569200038909912109e+01
6.991069946289062500e+02
1.582900047302246094e+01
1.361957031250000000e+03
1.315000057220458984e+00
4.195000171661376953e+00
9.022000312805175781e+00
3.374000072479248047e+00
6.375199890136718750e+01
7.678999900817871094e+00
9.265720214843750000e+02
7.026999950408935547e+00
6.997990112304687500e+02
4.697994140625000000e+03
1.201000022888183594e+01
5.085289916992187500e+02
2.061300086975097656e+01
6.990699768066406250e+01
8.772999763488769531e+00
1.803199958801269531e+01
9.334039916992187500e+02
2.712250000000000000e+03
5.031000137329101562e+00
4.029499816894531250e+01
3.493000030517578125e+01
4.642300033569335938e+01
8.116999626159667969e+00
8.725999832153320312e+00
2.511238037109375000e+03
1.375797973632812500e+03
5.934999847412109375e+01
2.668400001525878906e+01
1.168059997558593750e+02
1.386300048828125000e+02
8.507599639892578125e+01
6.218330078125000000e+02
4.929600143432617188e+01
4.472900009155273438e+01
7.418000221252441406e+00
9.010000228881835938e-01
4.585000038146972656e+00
7.342999877929687500e+02
9.810000061988830566e-01
1.287069946289062500e+03
4.605000019073486328e+00
1.295133056640625000e+03
7.112680053710937500e+02
3.959799957275390625e+01
4.809000015258789062e+00
7.140599822998046875e+01
3.686000108718872070e+00
1.172417968750000000e+03
1.848500061035156250e+01
4.693999862670898438e+01
7.585000038146972656e+00
1.179599952697753906e+01
1.924900054931640625e+01
1.457999944686889648e+00
2.308600006103515625e+02
4.565969848632812500e+02
4.952000141143798828e+00
1.404960021972656250e+02
2.957999944686889648e+00
5.041099929809570312e+01
3.830719909667968750e+02
2.791600036621093750e+01
6.796000003814697266e+00
2.841000080108642578e+00
4.361999988555908203e+00
8.255000114440917969e+00
4.138999938964843750e+00
3.064800071716308594e+01
1.597645996093750000e+03
7.823950195312500000e+02
2.834300041198730469e+01
3.039999961853027344e+00
6.974459838867187500e+02
1.250199985504150391e+01
1.463999986648559570e+00
2.502519989013671875e+02
5.815999984741210938e+00
1.294799995422363281e+01
1.399980010986328125e+02
3.257999897003173828e+00
1.701615966796875000e+03
5.538930053710937500e+02
1.676000022888183594e+01
1.552999973297119141e+00
1.613999962806701660e+00
4.332569885253906250e+02
2.510999917984008789e+00
1.777530059814453125e+02
1.868040008544921875e+02
3.039999961853027344e+00
3.958900070190429688e+01
3.798199844360351562e+01
1.681318969726562500e+03
2.050799942016601562e+01
1.272299957275390625e+01
1.427700042724609375e+01
7.355999946594238281e+00
3.668799972534179688e+01
1.002400016784667969e+01
7.898079833984375000e+02
3.788399887084960938e+01
1.794810028076171875e+02
3.653460083007812500e+02
5.812099838256835938e+01
6.742000102996826172e+00
1.552499961853027344e+01
1.343599987030029297e+01
1.428499984741210938e+01
7.913519897460937500e+02
1.369999980926513672e+01
5.518000125885009766e+00
9.091270141601562500e+02
1.396501953125000000e+03
2.749400024414062500e+02
1.090400028228759766e+01
8.435910034179687500e+02
1.833600044250488281e+01
1.724603027343750000e+03
7.796600341796875000e+01
4.095979919433593750e+02
2.477300071716308594e+01
4.862599945068359375e+01
9.015799713134765625e+01
9.546959838867187500e+02
3.550400161743164062e+01
3.059900093078613281e+01
1.954707031250000000e+03
1.921999931335449219e+01
1.243389968872070312e+02
2.933200073242187500e+01
2.364530029296875000e+02
1.838999986648559570e+00
5.427000045776367188e+01
5.830999851226806641e+00
9.715999603271484375e+00
5.170399856567382812e+01
7.505799865722656250e+01
5.626999855041503906e+00
1.966560058593750000e+02
2.521100044250488281e+01
1.294499969482421875e+01
4.485000133514404297e+00
2.382129974365234375e+02
2.611199951171875000e+01
5.271999835968017578e+00
1.400199985504150391e+01
5.560999870300292969e+00
2.377269042968750000e+03
2.006299972534179688e+01
7.757830200195312500e+02
3.291925048828125000e+03
8.913000106811523438e+00
7.177000045776367188e+00
1.904999971389770508e+00
3.954999923706054688e+00
4.587049865722656250e+02
1.560090026855468750e+02
4.428999900817871094e+00
1.045899963378906250e+01
2.285000085830688477e+00
2.034739990234375000e+03
3.368000030517578125e+00
8.218000411987304688e+00
1.166600036621093750e+01
1.577299976348876953e+01
5.952299880981445312e+01
4.604000091552734375e+00
8.090000152587890625e-01
2.470299911499023438e+01
3.267160034179687500e+02
6.099999904632568359e+00
5.173699951171875000e+01
1.108100032806396484e+01
8.689999580383300781e+00
4.190999984741210938e+00
4.613899993896484375e+01
2.494999885559082031e+00
6.514999866485595703e+00
2.262879943847656250e+02
6.268600082397460938e+01
2.404999971389770508e+00
6.183154785156250000e+03
5.959000110626220703e+00
1.111900043487548828e+01
5.085999965667724609e+00
2.852999925613403320e+00
8.397999763488769531e+00
3.214999914169311523e+00
2.285499954223632812e+01
1.407699966430664062e+01
1.908121948242187500e+03
2.050300025939941406e+01
5.732429809570312500e+02
8.513099670410156250e+01
2.842799949645996094e+01
2.003000020980834961e+00
2.173399925231933594e+01
8.885000228881835938e+00
1.146700000762939453e+01
1.160960006713867188e+02
7.033999919891357422e+00
9.591469726562500000e+02
1.577069946289062500e+03
7.042400360107421875e+01
1.735499954223632812e+01
1.904999971389770508e+00
8.652999877929687500e+00
9.121000289916992188e+00
1.358504028320312500e+03
5.589000225067138672e+00
6.243999958038330078e+00
2.113035888671875000e+03
2.800799942016601562e+01
9.107000350952148438e+00
2.459499931335449219e+01
4.651999950408935547e+00
1.591499996185302734e+01
6.445000171661376953e+00
8.079000473022460938e+00
2.875999927520751953e+00
1.324300003051757812e+01
1.466800022125244141e+01
1.481099987030029297e+01
1.473200035095214844e+01
4.407999023437500000e+03
5.010100173950195312e+01
3.615900039672851562e+01
3.274949951171875000e+02
6.255800170898437500e+02
9.843889770507812500e+02
1.374199962615966797e+01
1.487218017578125000e+03
7.315000057220458984e+00
1.806399917602539062e+01
1.755900001525878906e+01
4.957300186157226562e+01
8.116649780273437500e+02
7.272999763488769531e+00
9.350000023841857910e-01
2.844499969482421875e+01
1.380428955078125000e+03
3.413894042968750000e+03
3.689099884033203125e+01
5.070000171661376953e+00
3.489530029296875000e+02
3.627000093460083008e+00
1.183570022583007812e+02
2.027400016784667969e+01
6.553999900817871094e+00
1.472330017089843750e+02
2.809000015258789062e+00
6.774900054931640625e+01
1.800999999046325684e+00
1.351799964904785156e+01
2.629574951171875000e+03
4.871599960327148438e+01
4.184999942779541016e+00
1.325500011444091797e+01
2.622100067138671875e+01
6.764999866485595703e+00
2.377499961853027344e+01
3.815999984741210938e+00
5.675000190734863281e+00
2.156599998474121094e+01
6.427100372314453125e+01
5.689000129699707031e+00
3.541279907226562500e+02
5.678028808593750000e+03
5.506999969482421875e+01
3.335000038146972656e+00
4.348000049591064453e+00
1.143500041961669922e+01
1.864400024414062500e+02
2.640000104904174805e+00
1.811599922180175781e+01
1.991600036621093750e+01
6.328300094604492188e+01
2.351999998092651367e+00
2.928800010681152344e+01
9.340299987792968750e+01
2.323746093750000000e+03
1.951508056640625000e+03
6.041999816894531250e+00
4.973799896240234375e+01
4.169000148773193359e+00
1.255099964141845703e+01
2.495540008544921875e+02
2.055100059509277344e+01
1.452700042724609375e+01
4.844660034179687500e+02
5.068869934082031250e+02
5.010599899291992188e+01
6.201599884033203125e+01
6.925399780273437500e+01
1.189329956054687500e+03
8.301200103759765625e+01
7.686660156250000000e+02
1.583800029754638672e+01
2.710000038146972656e+00
1.313077026367187500e+03
8.093820190429687500e+02
1.519000053405761719e+00
3.343299865722656250e+01
3.066780090332031250e+02
6.912000179290771484e+00
5.440999984741210938e+00
1.467099952697753906e+01
9.119409790039062500e+02
7.955999851226806641e+00
1.553472045898437500e+03
1.570999979972839355e+00
1.206900024414062500e+01
1.151000022888183594e+01
1.352700042724609375e+01
3.996999979019165039e+00
1.401920013427734375e+02
2.115999937057495117e+00
6.251999855041503906e+00
7.923439941406250000e+02
2.458740966796875000e+03
1.058600044250488281e+01
2.072999954223632812e+00
1.364000034332275391e+01
6.584000110626220703e+00
4.930000007152557373e-01
2.582000017166137695e+00
1.519999980926513672e+01
6.177000045776367188e+00
1.256000041961669922e+00
2.103829956054687500e+02
2.656969909667968750e+02
1.505500030517578125e+01
2.409000015258789062e+01
2.379700088500976562e+01
1.578880981445312500e+03
1.919360046386718750e+02
3.704999923706054688e+00
3.695739990234375000e+03
3.001310119628906250e+02
4.144000053405761719e+00
3.831659851074218750e+02
3.185451904296875000e+03
1.203400039672851562e+01
8.784999847412109375e+00
1.723000049591064453e+00
8.262500000000000000e+01
1.780299949645996094e+01
2.871000051498413086e+00
9.081999778747558594e+00
2.873900146484375000e+02
1.889999985694885254e+00
5.593640136718750000e+02
8.398300170898437500e+01
1.745100021362304688e+01
1.668780059814453125e+02
1.211499977111816406e+01
1.028437011718750000e+03
1.814699935913085938e+01
1.212399978637695312e+02
2.102922119140625000e+03
7.838750000000000000e+02
9.779999732971191406e+00
2.276999950408935547e+00
5.187429809570312500e+02
4.418000221252441406e+00
6.308000087738037109e+00
1.120859008789062500e+03
1.980000019073486328e+00
7.870000004768371582e-01
4.300500106811523438e+01
3.796000003814697266e+00
1.884000015258789062e+01
1.560799980163574219e+01
4.732500076293945312e+01
5.527479858398437500e+02
3.827150878906250000e+03
1.394918945312500000e+03
2.273492919921875000e+03
