8.643469848632812500e+02
1.904280664062500000e+04
5.685059814453125000e+02
9.094359741210937500e+02
1.851999969482421875e+02
5.766095214843750000e+03
3.104964111328125000e+03
5.010300064086914062e+01
1.110333984375000000e+03
1.632819976806640625e+02
4.441969238281250000e+03
1.922016967773437500e+03
4.537251953125000000e+04
7.914349975585937500e+02
1.363715917968750000e+04
4.431735156250000000e+04
1.899844140625000000e+04
9.087317382812500000e+03
1.007230761718750000e+04
1.051433959960937500e+03
6.022345312500000000e+04
7.395700073242187500e+02
8.550199890136718750e+01
5.378119140625000000e+03
4.744833984375000000e+03
1.519600390625000000e+04
2.346574951171875000e+03
4.020800018310546875e+01
7.016644042968750000e+03
1.930939941406250000e+03
1.066100006103515625e+02
2.048401367187500000e+04
2.108591796875000000e+04
1.726770019531250000e+03
5.002539978027343750e+02
1.447736914062500000e+04
1.606739959716796875e+02
9.036017578125000000e+03
4.993120117187500000e+02
1.060307006835937500e+03
8.440833007812500000e+03
1.560328979492187500e+03
1.515667968750000000e+03
8.783449707031250000e+02
4.980631250000000000e+04
4.485639953613281250e+02
5.624008984375000000e+04
6.305739746093750000e+02
3.960287500000000000e+04
2.163080078125000000e+04
1.316779937744140625e+02
6.096799850463867188e+01
1.943531982421875000e+03
2.499479980468750000e+02
2.283360107421875000e+03
4.299710083007812500e+02
1.096596679687500000e+04
7.765126562500000000e+04
1.184383056640625000e+03
2.862156005859375000e+03
1.082512109375000000e+04
2.194969970703125000e+03
6.859589843750000000e+02
6.161749877929687500e+02
6.441305078125000000e+04
6.829784179687500000e+03
9.122670288085937500e+02
1.948899993896484375e+02
1.232618457031250000e+04
3.296300048828125000e+02
2.352079101562500000e+03
8.964539794921875000e+02
3.836083984375000000e+04
3.016258398437500000e+04
7.330830078125000000e+02
4.835078125000000000e+03
1.433919982910156250e+02
1.224494995117187500e+03
8.416920166015625000e+02
1.177353027343750000e+03
1.867595312500000000e+04
8.861538281250000000e+04
5.466859741210937500e+02
5.049039916992187500e+02
3.504802978515625000e+03
1.234036718750000000e+04
1.953285034179687500e+03
3.774320068359375000e+02
1.117886962890625000e+03
3.697191015625000000e+04
7.390020141601562500e+02
8.912030029296875000e+02
7.489069824218750000e+02
3.739530078125000000e+04
7.726290283203125000e+02
4.526204101562500000e+03
2.622645019531250000e+03
1.333433959960937500e+03
4.053640136718750000e+02
1.516824951171875000e+03
1.716834960937500000e+03
4.109722167968750000e+03
2.490637109375000000e+04
8.449269531250000000e+04
7.215629882812500000e+02
3.198502343750000000e+04
6.690565625000000000e+04
4.752839965820312500e+02
3.391939941406250000e+03
1.264993041992187500e+03
2.758407958984375000e+03
4.031309082031250000e+03
3.271353125000000000e+04
1.974900054931640625e+01
2.054730072021484375e+02
2.247630004882812500e+02
3.108977734375000000e+04
6.995650024414062500e+02
1.350651000976562500e+03
1.301056152343750000e+04
1.664114013671875000e+03
5.255767968750000000e+04
2.188963476562500000e+04
2.012598022460937500e+03
3.366899871826171875e+01
6.330182031250000000e+04
2.514106933593750000e+03
1.854767773437500000e+04
1.013507019042968750e+03
2.908791210937500000e+04
1.518407812500000000e+04
5.174940185546875000e+02
1.140576049804687500e+03
3.727857421875000000e+04
8.451987304687500000e+03
4.442150000000000000e+04
2.830352050781250000e+03
1.120749023437500000e+03
2.119760986328125000e+03
5.009200134277343750e+02
5.827203125000000000e+03
1.495336132812500000e+04
5.852249755859375000e+02
1.150807006835937500e+03
1.479741992187500000e+04
5.680607031250000000e+04
2.048079101562500000e+03
9.847235351562500000e+03
1.093629028320312500e+03
4.678800048828125000e+02
2.291390075683593750e+02
1.534369995117187500e+03
2.091270996093750000e+03
6.561060180664062500e+02
2.959110107421875000e+02
2.293782031250000000e+04
1.905319976806640625e+02
8.543403320312500000e+03
6.273958007812500000e+03
8.413640136718750000e+02
1.311699981689453125e+02
5.438591796875000000e+03
1.649409942626953125e+02
5.669991210937500000e+03
7.644459838867187500e+02
2.911944335937500000e+04
3.313999938964843750e+02
2.866595703125000000e+04
6.399100112915039062e+01
2.908829956054687500e+02
2.378471484375000000e+04
2.191610107421875000e+03
7.428350219726562500e+02
9.988600158691406250e+01
6.303853027343750000e+03
2.245021972656250000e+03
6.150076562500000000e+04
4.199140014648437500e+02
1.353432983398437500e+03
2.847498828125000000e+04
3.183347900390625000e+03
1.596244921875000000e+04
4.670596191406250000e+03
4.649700012207031250e+02
2.031893359375000000e+04
5.459975390625000000e+04
2.120812011718750000e+03
7.851896093750000000e+04
4.038479919433593750e+02
4.808416992187500000e+03
5.055390014648437500e+02
2.642655029296875000e+03
5.739110107421875000e+02
5.809155468750000000e+04
3.370899963378906250e+02
1.956571093750000000e+04
1.312339935302734375e+02
4.551512890625000000e+04
3.954738037109375000e+03
8.215248046875000000e+03
1.795283984375000000e+04
1.164209976196289062e+02
3.455299987792968750e+02
7.484349975585937500e+02
4.833373046875000000e+03
9.216253906250000000e+03
7.259279785156250000e+02
3.014270019531250000e+03
4.594140136718750000e+03
1.674454956054687500e+03
5.360037109375000000e+03
2.093499414062500000e+04
1.383488037109375000e+03
1.266463989257812500e+03
2.356995117187500000e+03
1.757439941406250000e+03
3.190998632812500000e+04
7.150034375000000000e+04
5.475789794921875000e+02
1.711781250000000000e+04
5.788049804687500000e+03
7.953410034179687500e+02
3.736800048828125000e+03
1.998941992187500000e+04
2.940211328125000000e+04
1.059124023437500000e+03
2.755159570312500000e+04
4.842932128906250000e+03
3.826439062500000000e+04
5.618830468750000000e+04
1.470285058593750000e+04
4.658179931640625000e+02
1.514697998046875000e+03
3.214346289062500000e+04
8.732199707031250000e+02
6.113889843750000000e+04
3.514917187500000000e+04
1.368339965820312500e+03
1.304885546875000000e+04
6.714050292968750000e+02
2.121837890625000000e+03
1.033848022460937500e+03
8.217542968750000000e+03
6.347579956054687500e+02
1.047435742187500000e+04
1.158781982421875000e+03
5.074200057983398438e+01
1.551571044921875000e+03
2.029576049804687500e+03
4.553045898437500000e+03
7.191843750000000000e+04
8.554060058593750000e+02
1.987494995117187500e+03
9.637175781250000000e+04
3.071394042968750000e+03
3.425576562500000000e+04
1.632312988281250000e+03
9.250900268554687500e+02
5.804981640625000000e+04
2.141964111328125000e+03
4.243982421875000000e+04
5.921220092773437500e+02
2.228145507812500000e+04
3.967378906250000000e+03
3.313160095214843750e+02
1.150743437500000000e+05
9.469744140625000000e+03
1.610324121093750000e+04
1.475638671875000000e+04
4.243370056152343750e+02
2.202340234375000000e+04
3.011419982910156250e+02
5.026828906250000000e+04
8.089499664306640625e+01
2.329629974365234375e+02
7.011610107421875000e+02
2.834795898437500000e+03
3.823017187500000000e+04
7.873855957031250000e+03
2.759899414062500000e+04
5.019190063476562500e+02
9.803579711914062500e+02
4.639375976562500000e+03
1.524243041992187500e+03
6.011560058593750000e+02
2.066358886718750000e+03
3.269900131225585938e+01
7.248350781250000000e+04
1.981593017578125000e+03
2.025150781250000000e+04
1.048420028686523438e+02
7.699221093750000000e+04
1.473479980468750000e+03
1.418847045898437500e+03
5.515141113281250000e+03
4.901435058593750000e+03
7.409279785156250000e+02
2.309380035400390625e+02
2.286329956054687500e+02
2.509286523437500000e+04
5.311179809570312500e+02
2.637556250000000000e+04
3.638747656250000000e+04
3.635108203125000000e+04
1.066136962890625000e+03
7.093720092773437500e+02
4.908181640625000000e+04
4.371317871093750000e+03
9.661550292968750000e+02
4.081273925781250000e+03
1.674033984375000000e+04
2.581125781250000000e+04
1.073720016479492188e+02
1.757099914550781250e+01
2.768810119628906250e+02
7.078249218750000000e+04
6.612029785156250000e+03
7.217260131835937500e+02
1.652014843750000000e+04
2.784667773437500000e+04
3.040628906250000000e+03
5.826859741210937500e+02
3.248759033203125000e+03
4.644551953125000000e+04
4.112981933593750000e+03
1.021377990722656250e+03
9.724583007812500000e+03
6.531030273437500000e+02
2.246049957275390625e+02
5.025743164062500000e+03
1.819172851562500000e+04
7.479459375000000000e+04
1.125347045898437500e+03
1.069724296875000000e+05
8.775659790039062500e+02
4.753710021972656250e+02
1.826303955078125000e+03
3.046665039062500000e+03
7.366110229492187500e+02
1.126313476562500000e+04
1.430571972656250000e+04
3.162277099609375000e+03
7.801430053710937500e+02
1.570199966430664062e+01
3.003649902343750000e+02
4.037789916992187500e+02
3.984943359375000000e+04
1.100744140625000000e+04
4.531590820312500000e+03
3.952199218750000000e+04
2.487384765625000000e+04
1.184454956054687500e+03
1.309799957275390625e+01
4.649150878906250000e+03
5.257869873046875000e+02
7.722958007812500000e+03
4.723854003906250000e+03
1.538375000000000000e+03
1.130150024414062500e+03
9.612899780273437500e+01
2.458547119140625000e+03
3.974410888671875000e+03
3.678410888671875000e+03
9.263720092773437500e+02
3.295524902343750000e+03
7.212919921875000000e+02
2.164096875000000000e+04
2.222807226562500000e+04
7.635507812500000000e+04
2.414327880859375000e+03
3.092806445312500000e+04
1.776199913024902344e+01
2.301482812500000000e+04
1.126479980468750000e+03
3.967900085449218750e+01
4.301059875488281250e+02
4.596530151367187500e+02
8.705219726562500000e+02
5.092191894531250000e+03
2.173352050781250000e+03
6.043599121093750000e+03
3.731995117187500000e+03
1.082699951171875000e+03
4.795369140625000000e+03
1.412771972656250000e+03
3.534615234375000000e+04
1.185459472656250000e+04
3.282624218750000000e+04
1.066324951171875000e+03
8.439660034179687500e+02
5.078225097656250000e+03
1.265415039062500000e+03
1.526871948242187500e+03
4.872153808593750000e+03
5.681861328125000000e+04
1.879857055664062500e+03
1.026745971679687500e+03
1.284043945312500000e+03
2.934159851074218750e+02
7.408599853515625000e+01
1.393663940429687500e+03
3.821409912109375000e+02
1.334901977539062500e+03
1.147540039062500000e+03
6.730473144531250000e+03
2.262030029296875000e+02
9.269000053405761719e+00
3.452960546875000000e+04
6.712219848632812500e+02
9.176468750000000000e+03
2.063225097656250000e+03
3.436818115234375000e+03
1.322368847656250000e+04
6.478557812500000000e+04
5.120210937500000000e+04
6.147658203125000000e+03
1.073137939453125000e+03
1.849130004882812500e+03
1.724311914062500000e+04
6.655717187500000000e+04
6.996217187500000000e+04
2.873542968750000000e+03
4.988622070312500000e+03
1.002905029296875000e+03
1.500420117187500000e+04
2.576484570312500000e+04
1.074974902343750000e+04
1.182847045898437500e+03
4.796000061035156250e+02
2.061568593750000000e+05
9.448575195312500000e+03
1.568780059814453125e+02
2.049637939453125000e+03
1.450047973632812500e+03
5.741569824218750000e+02
5.077520141601562500e+02
1.227907958984375000e+03
1.242623828125000000e+04
2.202666992187500000e+03
1.626257519531250000e+04
3.534239990234375000e+03
5.791719970703125000e+02
9.890380249023437500e+02
5.725005859375000000e+03
5.170910156250000000e+04
3.918852050781250000e+03
3.443659973144531250e+02
7.967199707031250000e+02
1.907337036132812500e+03
3.658625000000000000e+04
1.593185058593750000e+03
5.097080078125000000e+02
1.620449951171875000e+03
3.957678955078125000e+03
3.849103125000000000e+04
6.584049804687500000e+03
3.269903076171875000e+03
2.576967968750000000e+04
1.816104003906250000e+03
2.439938281250000000e+04
5.332799911499023438e+01
2.975220031738281250e+02
6.182266113281250000e+03
2.645700073242187500e+01
2.660425195312500000e+04
3.321203125000000000e+04
2.513410546875000000e+04
4.157208593750000000e+04
2.363573828125000000e+04
3.705109863281250000e+02
1.296645019531250000e+03
3.852322656250000000e+04
5.840287890625000000e+04
1.793757421875000000e+04
1.916229003906250000e+03
7.789187011718750000e+03
1.214843017578125000e+03
7.686700781250000000e+04
6.833189697265625000e+02
5.082148437500000000e+04
4.829100390625000000e+04
1.067669982910156250e+02
2.821850390625000000e+04
6.465304199218750000e+03
9.202810937500000000e+04
1.272463378906250000e+04
4.788525000000000000e+04
1.927499961853027344e+01
1.017474218750000000e+05
1.309601367187500000e+04
7.605419921875000000e+02
7.189299774169921875e+01
7.384730224609375000e+02
9.597730102539062500e+02
2.468869934082031250e+02
7.103600311279296875e+01
2.426604687500000000e+04
3.854362109375000000e+04
1.889175048828125000e+03
1.570377929687500000e+04
1.011521972656250000e+03
3.101229296875000000e+04
3.365509948730468750e+02
6.226626953125000000e+03
6.451119995117187500e+02
1.577871948242187500e+03
1.618015014648437500e+03
3.994755078125000000e+04
2.508721093750000000e+04
1.121263378906250000e+04
2.346854980468750000e+03
2.154768945312500000e+04
5.611693847656250000e+03
1.173887939453125000e+03
8.530919799804687500e+02
1.202093017578125000e+03
2.335438964843750000e+03
4.913434082031250000e+03
9.516810302734375000e+02
6.185300064086914062e+01
7.086158203125000000e+03
2.099215087890625000e+03
3.546336914062500000e+03
8.692871093750000000e+03
1.488178955078125000e+03
6.023566015625000000e+04
7.879882812500000000e+03
5.378606933593750000e+03
1.535483032226562500e+03
5.368768066406250000e+03
3.487460021972656250e+02
1.402397949218750000e+03
6.679450073242187500e+02
1.047772968750000000e+05
2.819150195312500000e+04
7.382620239257812500e+02
5.689665234375000000e+04
2.317859954833984375e+02
5.537700195312500000e+02
4.718302734375000000e+04
4.600387890625000000e+04
2.328680273437500000e+04
1.363187011718750000e+03
2.677142773437500000e+04
2.597343017578125000e+03
2.037159057617187500e+03
2.078073437500000000e+04
4.376972656250000000e+04
2.673259887695312500e+02
2.830082031250000000e+04
7.208617187500000000e+03
7.677399902343750000e+02
1.373416875000000000e+05
1.653385156250000000e+04
2.878061718750000000e+04
4.944893066406250000e+03
4.718708984375000000e+03
2.621350097656250000e+02
4.282449951171875000e+02
7.406975000000000000e+04
1.576526000976562500e+03
4.351320800781250000e+03
5.043540039062500000e+02
5.514896972656250000e+03
1.858051562500000000e+04
1.115095947265625000e+03
1.041736425781250000e+04
1.353887939453125000e+03
2.178812988281250000e+03
5.499639892578125000e+02
1.736581054687500000e+03
1.319645117187500000e+04
1.570728437500000000e+05
7.394660034179687500e+02
2.758600044250488281e+01
2.272760009765625000e+02
3.421312011718750000e+03
1.718954956054687500e+03
1.119990005493164062e+02
6.529400024414062500e+02
7.999929809570312500e+02
6.556060180664062500e+02
2.430304687500000000e+04
3.590167968750000000e+03
3.168370056152343750e+02
5.301399993896484375e+01
1.915031982421875000e+03
8.531629687500000000e+04
3.745692578125000000e+04
1.827795043945312500e+03
5.212199218750000000e+03
4.851575195312500000e+03
1.009330993652343750e+03
6.906525878906250000e+03
2.756188671875000000e+04
8.152066894531250000e+03
4.210310058593750000e+02
3.660990966796875000e+03
8.144119873046875000e+02
4.257840820312500000e+03
2.111314941406250000e+03
4.467120056152343750e+02
4.157814453125000000e+04
5.212976074218750000e+03
2.872220947265625000e+03
2.367099952697753906e+01
2.770147949218750000e+03
2.194290008544921875e+02
6.907816894531250000e+03
1.699961914062500000e+04
2.174318115234375000e+03
6.926190185546875000e+02
1.351484985351562500e+03
2.148392382812500000e+04
2.155859985351562500e+02
9.388457031250000000e+03
4.000859985351562500e+02
6.623750781250000000e+04
3.142499923706054688e+01
1.625134570312500000e+04
1.920692382812500000e+04
1.181517968750000000e+04
1.634859924316406250e+02
4.409544921875000000e+04
5.408439941406250000e+02
2.088278076171875000e+03
3.083885986328125000e+03
3.356000061035156250e+02
4.412016015625000000e+04
2.222864990234375000e+03
1.551062011718750000e+03
3.277179687500000000e+04
1.591564941406250000e+03
7.742008593750000000e+04
5.810139160156250000e+03
1.015028027343750000e+04
7.308280029296875000e+02
1.260912109375000000e+05
4.216879882812500000e+02
2.688227929687500000e+04
4.136310156250000000e+04
2.531100082397460938e+01
3.568862109375000000e+04
5.767540283203125000e+02
1.368399707031250000e+04
3.315284375000000000e+04
2.785886132812500000e+04
2.728398925781250000e+03
7.715799713134765625e+01
9.422150268554687500e+02
1.483014038085937500e+03
1.015731018066406250e+03
5.080178222656250000e+03
1.771149047851562500e+03
1.114822021484375000e+03
1.297261328125000000e+04
1.385438964843750000e+03
1.612298950195312500e+03
8.743980102539062500e+02
1.291595410156250000e+04
2.725379882812500000e+03
5.560830468750000000e+04
4.509299850463867188e+01
2.486553955078125000e+03
4.902330017089843750e+02
3.633026953125000000e+04
3.424064843750000000e+04
2.028775024414062500e+03
7.280438964843750000e+03
2.305924072265625000e+03
2.742865966796875000e+03
3.144051562500000000e+04
1.056565917968750000e+04
2.134516113281250000e+03
5.810660156250000000e+04
9.317586914062500000e+03
1.966642944335937500e+03
5.213662109375000000e+03
4.847380859375000000e+04
1.223058593750000000e+04
7.594164062500000000e+03
6.822499847412109375e+01
7.346539916992187500e+02
1.310843457031250000e+04
1.025697656250000000e+04
4.467790234375000000e+04
2.901956054687500000e+03
1.634505004882812500e+03
1.154177001953125000e+03
7.062812500000000000e+04
1.107287011718750000e+04
2.360339965820312500e+02
6.784730224609375000e+02
2.105009765625000000e+04
1.486442993164062500e+03
1.581097558593750000e+04
4.259863769531250000e+03
1.141839981079101562e+02
3.528506250000000000e+04
8.829183593750000000e+04
4.715599822998046875e+01
2.691399955749511719e+01
9.171792968750000000e+03
1.735033593750000000e+04
2.465021875000000000e+04
4.138465625000000000e+04
1.146359985351562500e+03
4.701399993896484375e+01
9.684550000000000000e+04
9.442646093750000000e+04
8.176680297851562500e+02
1.506604980468750000e+04
5.963899993896484375e+01
1.498222363281250000e+04
1.380773046875000000e+04
8.561126953125000000e+03
1.894047851562500000e+04
8.778500366210937500e+01
6.944761718750000000e+04
1.357201953125000000e+04
7.657576562500000000e+04
2.199997070312500000e+04
8.647249755859375000e+02
1.638479980468750000e+03
1.598970312500000000e+04
8.093880004882812500e+02
1.172601855468750000e+04
1.575839648437500000e+04
1.858900070190429688e+01
1.304004028320312500e+03
3.410839111328125000e+03
4.960971875000000000e+04
4.383251953125000000e+03
6.153969726562500000e+02
6.639110107421875000e+02
3.915365234375000000e+04
1.657194946289062500e+03
5.035000000000000000e+02
2.201730041503906250e+02
5.553816894531250000e+03
7.098989868164062500e+02
6.972119750976562500e+02
8.130889160156250000e+03
4.030429992675781250e+02
1.784930053710937500e+03
2.663251367187500000e+04
1.139865917968750000e+04
1.476609954833984375e+02
1.889951757812500000e+04
3.495878906250000000e+03
1.699402031250000000e+05
1.370850952148437500e+03
5.015312500000000000e+04
8.885396093750000000e+04
1.246640014648437500e+03
1.406901660156250000e+04
2.084568554687500000e+04
2.006702148437500000e+04
6.974479980468750000e+02
3.960740051269531250e+02
1.537749609375000000e+04
2.645520019531250000e+03
4.207254882812500000e+03
3.240115820312500000e+04
5.616779785156250000e+02
2.391936035156250000e+03
2.211997265625000000e+04
1.120501640625000000e+05
1.452568969726562500e+03
7.627410156250000000e+03
8.311630249023437500e+02
1.212481347656250000e+04
1.942791992187500000e+04
4.532679199218750000e+03
5.464710083007812500e+02
1.695746875000000000e+05
2.733381103515625000e+03
1.489828979492187500e+03
1.464228027343750000e+03
1.903800010681152344e+01
2.593664453125000000e+04
2.024669952392578125e+02
6.706389770507812500e+02
1.923030078125000000e+04
2.134415039062500000e+04
1.702839965820312500e+02
1.854647949218750000e+03
5.463347167968750000e+03
1.101499023437500000e+03
5.301699829101562500e+01
3.059639892578125000e+02
4.541582812500000000e+04
8.581959838867187500e+02
6.249108886718750000e+03
4.855939941406250000e+02
8.822599792480468750e+01
1.052524047851562500e+03
7.700000781250000000e+04
2.664820068359375000e+03
5.096329956054687500e+02
3.813260937500000000e+04
4.745700073242187500e+02
1.370182983398437500e+03
5.268291406250000000e+04
1.042484985351562500e+03
3.404794921875000000e+03
5.575040283203125000e+02
6.129624023437500000e+03
4.246228027343750000e+03
2.454884033203125000e+03
1.694722045898437500e+03
6.350910034179687500e+02
1.322835253906250000e+04
6.681370239257812500e+02
7.983720092773437500e+02
2.260847900390625000e+03
2.864530029296875000e+02
3.886920312500000000e+04
2.497426757812500000e+04
1.051650009155273438e+02
8.247791992187500000e+03
5.081910095214843750e+02
5.280296484375000000e+04
6.936846093750000000e+04
5.978285546875000000e+04
1.395119995117187500e+03
1.998432617187500000e+04
6.344394042968750000e+03
1.384879296875000000e+04
7.124099731445312500e+01
8.019069824218750000e+02
1.007299765625000000e+05
1.225576049804687500e+03
2.140800018310546875e+02
1.208769042968750000e+03
4.914693847656250000e+03
1.744607055664062500e+03
1.073991943359375000e+03
3.731390075683593750e+02
3.034786718750000000e+04
2.693653125000000000e+04
2.994023828125000000e+04
9.443969726562500000e+02
2.368109179687500000e+04
8.549390258789062500e+02
3.299364990234375000e+03
3.318327880859375000e+03
4.308739929199218750e+02
1.939845947265625000e+03
9.942180175781250000e+02
8.920369140625000000e+03
3.030917382812500000e+04
7.731999969482421875e+01
7.515499877929687500e+01
2.153549957275390625e+02
2.873895996093750000e+03
3.834812011718750000e+03
4.775999832153320312e+01
1.407579956054687500e+02
9.023100781250000000e+04
2.457198046875000000e+04
1.886064941406250000e+03
1.007394140625000000e+04
4.145936035156250000e+03
8.375800170898437500e+02
6.394699859619140625e+01
4.435356933593750000e+03
5.705040283203125000e+02
8.583380126953125000e+02
3.545448437500000000e+04
1.339259948730468750e+02
4.640159912109375000e+02
1.910568969726562500e+03
7.161772949218750000e+03
2.549734570312500000e+04
1.779708007812500000e+03
7.343043945312500000e+03
1.739968017578125000e+03
3.142730102539062500e+02
1.272708984375000000e+03
8.448720092773437500e+02
3.711142089843750000e+03
4.337149218750000000e+04
1.445274511718750000e+04
1.690697998046875000e+03
1.377906982421875000e+03
2.922589111328125000e+03
2.667318115234375000e+03
2.554784912109375000e+03
1.637749938964843750e+02
6.243199920654296875e+01
1.918707031250000000e+04
6.524943847656250000e+03
9.037860107421875000e+02
1.084914160156250000e+04
4.658810119628906250e+02
2.965447070312500000e+04
7.524799804687500000e+02
3.959321044921875000e+03
3.709710937500000000e+03
1.462510070800781250e+02
7.220599975585937500e+02
2.818965087890625000e+03
2.480051757812500000e+04
2.353458593750000000e+04
1.072470947265625000e+03
1.691498242187500000e+04
1.632708984375000000e+03
3.746554687500000000e+04
2.951529052734375000e+03
1.262482714843750000e+04
1.103328002929687500e+03
2.784825976562500000e+04
4.063266113281250000e+03
2.478631103515625000e+03
5.790155761718750000e+03
5.458566796875000000e+04
7.065157226562500000e+03
2.201580047607421875e+02
2.580269042968750000e+03
1.254637939453125000e+03
1.461458984375000000e+03
3.857349853515625000e+02
7.143109741210937500e+02
2.465759033203125000e+03
1.458677978515625000e+03
1.077025024414062500e+03
1.325702734375000000e+04
1.784435937500000000e+04
1.906599975585937500e+03
4.634655761718750000e+03
1.210000000000000000e+02
3.959309997558593750e+02
2.198801025390625000e+03
4.938489990234375000e+02
2.762659912109375000e+02
7.342360229492187500e+02
1.000065527343750000e+04
4.764745312500000000e+04
2.786935937500000000e+04
4.342292968750000000e+04
2.386000061035156250e+01
6.435549926757812500e+02
2.904324951171875000e+03
4.539280090332031250e+02
2.752562988281250000e+03
1.808097045898437500e+03
5.398831054687500000e+03
1.907102734375000000e+04
4.088047119140625000e+03
1.100656982421875000e+03
4.646098144531250000e+03
9.440759887695312500e+02
1.041415039062500000e+03
5.570037109375000000e+03
1.408163940429687500e+03
2.444375000000000000e+03
6.888510131835937500e+02
2.476750000000000000e+03
2.440780029296875000e+02
1.661531005859375000e+03
9.047279687500000000e+04
7.246140136718750000e+02
9.879299926757812500e+01
1.550564941406250000e+03
1.946546484375000000e+04
2.808079101562500000e+03
5.694998437500000000e+04
4.118819885253906250e+02
6.342900085449218750e+01
4.013184375000000000e+04
4.764200134277343750e+02
3.907746093750000000e+03
2.669283203125000000e+04
6.856260156250000000e+04
2.691978710937500000e+04
1.174688964843750000e+03
4.861102343750000000e+04
3.800850097656250000e+03
3.491534912109375000e+03
3.524030151367187500e+02
6.199229736328125000e+02
4.340644140625000000e+04
3.559340087890625000e+03
1.398548281250000000e+05
5.439180297851562500e+02
2.516378906250000000e+03
7.982849731445312500e+02
3.061889953613281250e+02
4.167208203125000000e+04
8.068750000000000000e+02
1.525900024414062500e+03
3.053717041015625000e+03
6.266699981689453125e+01
1.972999954223632812e+01
2.127060937500000000e+04
1.467946044921875000e+03
1.214517944335937500e+03
2.789360046386718750e+02
1.973566015625000000e+04
