5.561999797821044922e+00
1.097000026702880859e+01
6.009669799804687500e+02
1.974600028991699219e+01
1.537850036621093750e+02
1.675900077819824219e+01
2.644499969482421875e+01
2.536450927734375000e+03
7.423999786376953125e+00
8.923000335693359375e+00
7.529799652099609375e+01
3.301800155639648438e+01
1.080805053710937500e+03
2.864270019531250000e+02
1.562399959564208984e+01
4.196979980468750000e+02
1.753100013732910156e+01
1.306099987030029297e+01
2.339999961853027344e+01
4.925199890136718750e+01
5.806030273437500000e+02
5.279700088500976562e+01
5.772999763488769531e+00
2.366809997558593750e+02
4.046400070190429688e+01
9.725529785156250000e+02
1.334300041198730469e+01
2.373800048828125000e+02
1.978999972343444824e+00
8.631060180664062500e+02
2.068799972534179688e+01
5.749039916992187500e+02
1.198999977111816406e+01
1.232666015625000000e+03
1.930399932861328125e+02
9.663999557495117188e+00
1.263399982452392578e+01
1.175916015625000000e+03
1.314915039062500000e+03
2.992709960937500000e+02
2.007999992370605469e+01
2.231170043945312500e+02
9.974000244140625000e+02
4.307210083007812500e+02
2.428400039672851562e+01
1.317755981445312500e+03
1.440535034179687500e+03
1.608186035156250000e+03
1.489309997558593750e+02
5.760800170898437500e+01
6.733280029296875000e+02
3.240350036621093750e+02
1.427689971923828125e+02
8.574000358581542969e+00
6.007860107421875000e+02
8.107169799804687500e+02
8.927990112304687500e+02
5.827399826049804688e+01
7.760500335693359375e+01
1.036362060546875000e+03
4.205500030517578125e+01
6.222399902343750000e+01
2.928540039062500000e+02
1.563923950195312500e+03
4.030000209808349609e+00
2.754030151367187500e+02
2.746999979019165039e+00
1.031649047851562500e+03
2.958819885253906250e+02
1.536963012695312500e+03
3.643229980468750000e+02
2.982479858398437500e+02
3.803999900817871094e+00
4.164000034332275391e+00
1.808699989318847656e+01
3.888370056152343750e+02
3.403670043945312500e+02
1.019099998474121094e+01
8.135000228881835938e+00
2.076269989013671875e+02
4.919000148773193359e+00
1.209399986267089844e+01
5.201049804687500000e+02
2.509600067138671875e+01
2.123549957275390625e+02
1.325999975204467773e+00
1.022999954223632812e+01
2.365200042724609375e+01
6.306000232696533203e+00
8.137000274658203125e+01
1.217402954101562500e+03
3.330899810791015625e+01
2.111899948120117188e+01
3.622800064086914062e+01
9.081999778747558594e+00
1.852833984375000000e+03
1.870871948242187500e+03
5.162000122070312500e+02
2.676499938964843750e+01
6.140390014648437500e+02
2.073394042968750000e+03
2.285789947509765625e+02
8.939999938011169434e-01
8.423000335693359375e+00
3.711080017089843750e+02
6.039999961853027344e+00
2.507409973144531250e+02
2.942600059509277344e+01
6.684999942779541016e+00
8.814000129699707031e+00
3.187070007324218750e+02
6.160999774932861328e+00
6.605000019073486328e+00
6.725800323486328125e+01
1.514001953125000000e+03
3.724599838256835938e+01
1.983725952148437500e+03
3.613899993896484375e+01
1.058905029296875000e+03
7.271030273437500000e+02
7.330999851226806641e+00
6.144000053405761719e+00
3.131599998474121094e+01
1.131918945312500000e+03
2.319010009765625000e+02
5.923999786376953125e+00
3.419560058593750000e+03
2.047599983215332031e+01
1.174764038085937500e+03
1.163180007934570312e+02
1.314900016784667969e+01
3.802560119628906250e+02
7.678120117187500000e+02
9.401000022888183594e+00
1.227499961853027344e+01
2.457900047302246094e+01
1.442500019073486328e+01
2.612800025939941406e+01
1.132691040039062500e+03
3.113020019531250000e+02
2.137230072021484375e+02
1.961100006103515625e+01
8.979999542236328125e+00
1.831384033203125000e+03
3.496300048828125000e+02
8.619000434875488281e+00
1.969519958496093750e+02
2.214929962158203125e+02
9.033220214843750000e+02
2.924000024795532227e+00
1.225309982299804688e+02
6.047999858856201172e+00
1.874010009765625000e+02
1.651189941406250000e+03
3.195100021362304688e+01
6.303419799804687500e+02
1.313286010742187500e+03
1.050759963989257812e+02
1.744700050354003906e+01
1.178280029296875000e+02
2.717319946289062500e+02
1.310595947265625000e+03
2.981599998474121094e+01
3.929999923706054688e+01
1.863119964599609375e+02
2.844309997558593750e+02
5.930300140380859375e+01
1.245817016601562500e+03
1.005700016021728516e+01
2.503379974365234375e+02
3.513689880371093750e+02
1.814358032226562500e+03
3.713269958496093750e+02
1.205999970436096191e+00
2.624630126953125000e+02
2.188580017089843750e+02
6.875000000000000000e+00
5.467000007629394531e+00
1.192129974365234375e+02
1.630900001525878906e+01
1.835240020751953125e+02
4.612799835205078125e+01
1.430300045013427734e+01
7.632999897003173828e+00
1.175000000000000000e+01
1.157046020507812500e+03
2.646010131835937500e+02
3.318199920654296875e+01
2.111390075683593750e+02
8.474639892578125000e+02
4.167080078125000000e+02
3.571669921875000000e+02
5.007999897003173828e+00
1.486569976806640625e+02
6.133999824523925781e+00
2.226300048828125000e+01
1.233564941406250000e+03
2.318225097656250000e+03
4.621329956054687500e+02
6.155209960937500000e+02
1.127620010375976562e+02
3.409540100097656250e+02
2.172999954223632812e+01
4.466000080108642578e+00
5.989089965820312500e+02
1.393431030273437500e+03
4.823930053710937500e+02
3.905000000000000000e+02
1.009268005371093750e+03
1.787220001220703125e+02
1.916560058593750000e+02
1.020499992370605469e+01
3.462900161743164062e+01
4.550559997558593750e+02
1.535729980468750000e+03
7.211459960937500000e+02
7.097000122070312500e+00
3.801000118255615234e+00
4.741000175476074219e+00
7.015999794006347656e+00
4.395639953613281250e+02
1.592000007629394531e+00
3.908999919891357422e+00
1.854400062561035156e+01
1.420370971679687500e+03
1.353916015625000000e+03
1.780166992187500000e+03
1.851100006103515625e+02
6.864320068359375000e+02
1.553400039672851562e+01
3.223619995117187500e+02
2.170899963378906250e+01
4.839530029296875000e+02
9.375199890136718750e+01
2.090800094604492188e+01
1.240600013732910156e+01
6.813899993896484375e+01
6.618999958038330078e+00
7.992470092773437500e+02
2.786999940872192383e+00
8.115799713134765625e+01
8.436699829101562500e+02
2.948500061035156250e+01
1.565999984741210938e+00
1.470832031250000000e+03
1.479199981689453125e+01
2.690900039672851562e+01
2.847299957275390625e+01
1.994799995422363281e+01
1.179057006835937500e+03
1.078100013732910156e+01
4.743999958038330078e+00
4.894000053405761719e+00
2.985060119628906250e+02
4.388499832153320312e+01
1.761000061035156250e+01
2.011885009765625000e+03
2.308995117187500000e+03
3.374000072479248047e+00
4.572999954223632812e+00
4.814300155639648438e+01
1.957099914550781250e+01
3.454800033569335938e+01
8.866489868164062500e+02
1.280200004577636719e+01
2.675589904785156250e+02
1.780200004577636719e+01
2.025900077819824219e+01
1.865970001220703125e+02
4.089000225067138672e+00
4.313039855957031250e+02
8.937089843750000000e+02
5.749970092773437500e+02
6.217500000000000000e+02
2.575600051879882812e+01
5.408999919891357422e+00
2.844000101089477539e+00
4.328499984741210938e+01
6.532399749755859375e+01
1.998999953269958496e+00
4.183399963378906250e+01
1.459099960327148438e+01
1.283670043945312500e+02
1.911899948120117188e+01
2.466620025634765625e+02
2.079400062561035156e+01
2.277000045776367188e+01
3.955899810791015625e+01
2.426600074768066406e+01
5.447499847412109375e+01
4.816820068359375000e+02
3.557099914550781250e+01
8.024999618530273438e+00
2.521739959716796875e+02
6.482340087890625000e+02
1.015600013732910156e+01
1.010700035095214844e+01
1.111699962615966797e+01
8.352000236511230469e+00
4.942900085449218750e+01
1.158762939453125000e+03
8.751000404357910156e+00
6.912899780273437500e+01
8.551899719238281250e+01
6.249000072479248047e+00
2.980000019073486328e+00
2.260099983215332031e+01
2.394099998474121094e+01
3.865999937057495117e+00
4.052000045776367188e+00
4.985220031738281250e+02
7.669539794921875000e+02
1.295729980468750000e+02
4.898099899291992188e+01
1.556299972534179688e+01
4.601200103759765625e+01
5.308300018310546875e+01
1.430508056640625000e+03
1.500699996948242188e+01
1.129069976806640625e+02
7.369589843750000000e+02
7.520629882812500000e+02
2.053300094604492188e+01
7.600200195312500000e+02
6.501999855041503906e+00
9.172600097656250000e+02
1.292420043945312500e+02
1.289913940429687500e+03
2.803980102539062500e+02
3.163299942016601562e+01
9.136929931640625000e+02
1.260499954223632812e+01
4.725999832153320312e+00
4.276499938964843750e+01
5.352869873046875000e+02
1.962519989013671875e+02
3.088259887695312500e+02
1.442599964141845703e+01
9.817509765625000000e+02
6.143000125885009766e+00
1.000616027832031250e+03
7.578099822998046875e+01
1.317546020507812500e+03
1.487500000000000000e+01
2.027850036621093750e+02
5.308530273437500000e+02
2.826600074768066406e+01
4.261449890136718750e+02
4.756299972534179688e+01
1.066426025390625000e+03
5.011000156402587891e+00
9.672429809570312500e+02
4.690999984741210938e+00
5.667020263671875000e+02
8.046339721679687500e+02
1.332800006866455078e+01
4.993999958038330078e+00
1.760099983215332031e+01
4.307799911499023438e+01
1.268239974975585938e+02
3.309729919433593750e+02
3.608000040054321289e+00
2.146020050048828125e+02
2.100699996948242188e+01
2.224109954833984375e+02
1.963800048828125000e+01
1.948100090026855469e+01
2.143260040283203125e+02
1.110192016601562500e+03
8.814210205078125000e+02
1.303100013732910156e+01
5.781989746093750000e+02
2.161100006103515625e+02
9.715120239257812500e+02
4.258800125122070312e+01
5.337999820709228516e+00
1.379422973632812500e+03
1.114200019836425781e+01
2.922730102539062500e+02
1.011190002441406250e+03
1.189200019836425781e+01
7.890999794006347656e+00
1.141199970245361328e+01
3.894999980926513672e+00
1.521800041198730469e+01
2.387749938964843750e+02
2.595409851074218750e+02
1.734799957275390625e+01
4.977799987792968750e+01
5.543300170898437500e+02
1.462129974365234375e+02
2.473699951171875000e+01
4.690000057220458984e+00
1.315030059814453125e+02
1.451203979492187500e+03
2.850200080871582031e+01
7.767099761962890625e+01
3.299700164794921875e+01
5.168380126953125000e+02
2.356299972534179688e+01
1.912800025939941406e+01
1.443900012969970703e+01
4.481159973144531250e+02
4.462569885253906250e+02
4.093770141601562500e+02
5.002099914550781250e+02
1.921750000000000000e+03
3.005100059509277344e+01
7.729000091552734375e+00
1.152200031280517578e+01
2.516219940185546875e+02
1.664200019836425781e+01
8.467000007629394531e+00
3.476740112304687500e+02
6.906000137329101562e+00
4.464500045776367188e+01
6.620999813079833984e+00
6.521199798583984375e+01
9.508999824523925781e+00
1.068219985961914062e+02
6.272999763488769531e+00
1.145199966430664062e+01
5.539999961853027344e+00
8.929719848632812500e+02
2.615159912109375000e+02
3.084000110626220703e+00
2.344099998474121094e+01
4.067900085449218750e+02
8.388610229492187500e+02
1.584599971771240234e+01
1.196520004272460938e+02
1.459000015258789062e+01
2.154299926757812500e+01
3.325950012207031250e+02
1.043799972534179688e+01
7.517239990234375000e+02
9.263790283203125000e+02
1.654709930419921875e+02
9.347499847412109375e+01
1.239285034179687500e+03
7.105750122070312500e+02
1.772500038146972656e+01
1.506400012969970703e+01
1.000098022460937500e+03
8.807219848632812500e+02
2.047299957275390625e+01
1.679599952697753906e+01
2.579590148925781250e+02
2.008499908447265625e+01
6.067999839782714844e+00
8.786000251770019531e+00
1.258800029754638672e+01
1.938309936523437500e+02
4.897229919433593750e+02
1.303786987304687500e+03
3.738450012207031250e+02
4.786500167846679688e+01
1.658958007812500000e+03
4.142499923706054688e+01
2.212120056152343750e+02
6.697200012207031250e+01
1.540806030273437500e+03
7.142570190429687500e+02
1.162042968750000000e+03
3.779000043869018555e+00
2.887599945068359375e+01
1.557999968528747559e+00
1.366800022125244141e+01
7.679199829101562500e+02
2.100600051879882812e+01
4.586830139160156250e+02
9.480999946594238281e+00
5.049300003051757812e+01
5.976409912109375000e+02
1.097269973754882812e+02
8.430799865722656250e+01
5.084219970703125000e+02
1.270795043945312500e+03
1.594600009918212891e+01
1.062199974060058594e+01
4.029299926757812500e+02
8.705720214843750000e+02
1.022085998535156250e+03
3.482739868164062500e+02
3.062529907226562500e+02
3.048909912109375000e+02
5.065999984741210938e+00
3.022900085449218750e+02
1.798999977111816406e+01
3.230999946594238281e+00
2.935893066406250000e+03
7.497000217437744141e+00
3.236999988555908203e+00
1.554300022125244141e+01
1.179442016601562500e+03
9.101699829101562500e+01
8.406610107421875000e+02
1.919999957084655762e+00
4.079700088500976562e+01
1.023250000000000000e+03
4.570239868164062500e+02
1.160599994659423828e+01
4.920100021362304688e+01
2.224649963378906250e+02
1.054719970703125000e+03
2.375563964843750000e+03
6.841259765625000000e+02
9.760000109672546387e-01
8.862300109863281250e+01
5.237099838256835938e+01
1.666229980468750000e+03
7.531959838867187500e+02
5.961999893188476562e+01
5.010699844360351562e+01
9.628330078125000000e+02
1.003015991210937500e+03
1.422000050544738770e+00
1.502814941406250000e+03
2.126399993896484375e+01
1.633799934387207031e+01
9.154999732971191406e+00
9.330839843750000000e+02
2.313199996948242188e+01
9.350999832153320312e+00
1.798817993164062500e+03
1.888500022888183594e+01
1.285019989013671875e+02
8.667960205078125000e+02
3.924700012207031250e+02
1.593760070800781250e+02
2.503899993896484375e+02
3.433000183105468750e+01
1.248275024414062500e+03
3.722999954223632812e+01
5.973909912109375000e+02
1.030300045013427734e+01
7.324769897460937500e+02
5.598189697265625000e+02
2.468360107421875000e+03
5.223999977111816406e+00
3.834140014648437500e+02
3.906600189208984375e+01
3.584379882812500000e+02
1.334399986267089844e+01
4.892780151367187500e+02
2.461999893188476562e+00
8.095599975585937500e+02
3.216999816894531250e+01
5.843999862670898438e+00
1.771540069580078125e+02
6.752999782562255859e+00
2.478809967041015625e+02
3.721260070800781250e+02
1.398600006103515625e+01
8.079000473022460938e+00
5.611450195312500000e+02
6.177700042724609375e+01
9.260000228881835938e+00
1.679700088500976562e+01
5.889999866485595703e+00
1.592427978515625000e+03
4.188000202178955078e+00
1.148058959960937500e+03
1.614699935913085938e+01
1.851000022888183594e+01
5.612999916076660156e+00
7.385880126953125000e+02
5.977340087890625000e+02
3.187000036239624023e+00
4.478099975585937500e+02
1.110200023651123047e+01
1.941806030273437500e+03
1.724300003051757812e+01
2.604849853515625000e+02
1.958910064697265625e+02
8.001799926757812500e+02
2.590699958801269531e+01
7.835000038146972656e+00
1.515499973297119141e+01
1.173929977416992188e+02
2.785383056640625000e+03
5.114039916992187500e+02
7.584300231933593750e+01
4.945130004882812500e+02
1.287733032226562500e+03
9.760999679565429688e+00
1.738489990234375000e+02
1.567169952392578125e+02
9.222999572753906250e+00
1.277080001831054688e+02
6.435999870300292969e+00
1.830200004577636719e+01
6.632139892578125000e+02
1.910499954223632812e+01
7.222659912109375000e+02
4.981499862670898438e+01
1.833130004882812500e+03
4.724129943847656250e+02
1.528499984741210938e+01
5.201399993896484375e+01
3.443599853515625000e+02
1.571100044250488281e+01
2.902019958496093750e+02
2.308499908447265625e+01
3.120580139160156250e+02
3.219809875488281250e+02
1.150699996948242188e+01
3.623199844360351562e+01
2.305469970703125000e+02
4.241839904785156250e+02
1.317199993133544922e+01
9.710000038146972656e+00
8.711999893188476562e+00
2.840399932861328125e+01
8.989999771118164062e+00
5.581000137329101562e+01
1.203999996185302734e+01
6.230399780273437500e+02
1.205890991210937500e+03
1.976999998092651367e+00
7.348209838867187500e+02
2.728599929809570312e+01
6.379000186920166016e+00
4.689000129699707031e+00
1.175098999023437500e+03
9.499340209960937500e+02
1.105920028686523438e+02
1.886599922180175781e+01
3.229217041015625000e+03
1.074949951171875000e+03
2.937599945068359375e+01
1.030347045898437500e+03
4.124000072479248047e+00
3.888000106811523438e+01
1.582609985351562500e+03
1.901000022888183594e+01
2.344020019531250000e+03
5.021999835968017578e+00
3.488410034179687500e+02
1.468900012969970703e+01
6.379000186920166016e+00
7.976929931640625000e+02
9.514970092773437500e+02
9.209999847412109375e+01
1.296199989318847656e+01
1.309895019531250000e+03
5.864790039062500000e+02
9.383000373840332031e+00
9.777000427246093750e+00
8.260000228881835938e+00
5.154699707031250000e+02
3.576999902725219727e+00
2.507469940185546875e+02
4.026400146484375000e+02
2.255400085449218750e+01
3.642200088500976562e+01
1.011939025878906250e+03
1.492899932861328125e+02
2.473999977111816406e+00
4.248460083007812500e+02
1.382900047302246094e+01
3.131999969482421875e+00
2.700699996948242188e+01
7.856760253906250000e+02
2.432999992370605469e+01
3.071380004882812500e+02
4.504270019531250000e+02
2.434980010986328125e+02
1.526001953125000000e+03
3.963499832153320312e+01
1.922469940185546875e+02
1.167099952697753906e+01
2.650109863281250000e+02
8.913899993896484375e+01
2.046639038085937500e+03
3.767800140380859375e+01
1.285499954223632812e+01
3.110520019531250000e+02
2.672200012207031250e+01
2.185899963378906250e+02
7.900000095367431641e+00
5.391500091552734375e+01
2.232099914550781250e+01
1.762400054931640625e+02
1.172599983215332031e+01
3.934599914550781250e+02
9.533430175781250000e+02
3.022250061035156250e+02
9.531879882812500000e+02
7.466000080108642578e+00
4.652999877929687500e+00
1.777499961853027344e+01
2.535630035400390625e+02
1.061880035400390625e+02
9.362400054931640625e+01
1.603400039672851562e+01
4.533100128173828125e+01
1.319088989257812500e+03
9.614000320434570312e+00
1.028598999023437500e+03
4.289000034332275391e+00
8.879000244140625000e+02
4.769000053405761719e+00
1.157800006866455078e+01
8.055999755859375000e+00
2.082799911499023438e+01
1.374620056152343750e+02
3.255960083007812500e+02
3.548590087890625000e+02
1.195480957031250000e+03
1.744484985351562500e+03
1.690469970703125000e+02
2.430999994277954102e+00
4.789099884033203125e+01
2.264293945312500000e+03
1.148064941406250000e+03
1.738899993896484375e+01
1.687700080871582031e+01
7.491000175476074219e+00
8.163000106811523438e+00
9.160000085830688477e-01
9.562999725341796875e+00
1.262625000000000000e+03
8.404000282287597656e+00
1.779400062561035156e+01
6.521999835968017578e+00
4.365599822998046875e+01
1.575027954101562500e+03
4.831999778747558594e+00
3.354800033569335938e+01
1.271723022460937500e+03
9.354500122070312500e+02
4.216400146484375000e+01
1.147921997070312500e+03
5.008049926757812500e+02
6.681979980468750000e+02
1.780260986328125000e+03
6.964630126953125000e+02
8.774999618530273438e+00
6.585859985351562500e+02
1.451005981445312500e+03
1.309200000762939453e+01
3.428400039672851562e+01
8.927000045776367188e+00
6.216530151367187500e+02
7.480000019073486328e+00
4.086809997558593750e+02
7.863999843597412109e+00
4.748810119628906250e+02
7.305180053710937500e+02
1.090080032348632812e+02
2.333300018310546875e+01
4.403640136718750000e+02
1.687963989257812500e+03
9.794400024414062500e+01
7.157080078125000000e+02
8.582499694824218750e+01
2.016500091552734375e+01
5.278629760742187500e+02
9.668999671936035156e+00
1.285447021484375000e+03
4.166999816894531250e+00
4.428760070800781250e+02
4.828200149536132812e+01
8.343610229492187500e+02
5.425299835205078125e+01
2.413269958496093750e+02
2.288100051879882812e+01
2.452799987792968750e+01
9.491999626159667969e+00
1.969099998474121094e+01
3.387799835205078125e+01
8.522000312805175781e+00
1.161432983398437500e+03
2.102400016784667969e+01
7.394000053405761719e+00
7.150499725341796875e+01
5.776300048828125000e+01
2.225639953613281250e+02
5.100450134277343750e+02
1.768818969726562500e+03
2.238500022888183594e+01
3.371780090332031250e+02
1.138779983520507812e+02
1.945000052452087402e+00
5.654459838867187500e+02
1.726999998092651367e+00
2.824699974060058594e+01
9.922899780273437500e+02
1.346973999023437500e+03
1.244299983978271484e+01
1.621899986267089844e+01
1.417959960937500000e+03
4.921000003814697266e+00
2.873999977111816406e+01
1.499499988555908203e+01
4.116199874877929688e+01
3.159400024414062500e+02
1.683300018310546875e+01
6.394999980926513672e+00
2.727199935913085938e+01
1.021300029754638672e+01
2.675099945068359375e+01
1.952530059814453125e+02
5.447399902343750000e+01
2.357993896484375000e+03
2.095549926757812500e+02
7.183000087738037109e+00
2.128000020980834961e+00
2.506599998474121094e+01
8.260989990234375000e+02
3.342900085449218750e+01
1.488799953460693359e+01
4.618829956054687500e+02
3.523999929428100586e+00
1.769859924316406250e+02
1.422099971771240234e+01
3.208900070190429688e+01
1.718099975585937500e+01
1.124327026367187500e+03
4.847399902343750000e+01
2.289909973144531250e+02
7.578199768066406250e+01
4.832590026855468750e+02
1.317199993133544922e+01
9.100000381469726562e+00
1.351280059814453125e+02
2.795299911499023438e+01
8.368920288085937500e+02
1.102968017578125000e+03
8.741999626159667969e+00
1.296999969482421875e+02
1.960672973632812500e+03
7.947999954223632812e+00
2.173860015869140625e+02
5.468560180664062500e+02
1.363199996948242188e+01
2.951799964904785156e+01
4.642000198364257812e+00
2.990000009536743164e+00
7.692199707031250000e+01
8.667180175781250000e+02
2.047137939453125000e+03
1.056099987030029297e+01
2.032000064849853516e+00
7.640799713134765625e+01
3.194000053405761719e+01
9.124260253906250000e+02
6.797399902343750000e+01
2.485277099609375000e+03
3.282219848632812500e+02
6.464600372314453125e+01
9.061660156250000000e+02
9.779999852180480957e-01
1.304999947547912598e+00
2.269949951171875000e+02
2.733999967575073242e+00
2.885999917984008789e+00
2.053999900817871094e+00
2.024399948120117188e+01
7.211999893188476562e+00
2.356800079345703125e+01
9.270800018310546875e+01
2.186499938964843750e+02
6.941160278320312500e+02
7.843999862670898438e+00
1.454599952697753906e+01
8.366500091552734375e+01
5.301000118255615234e+00
1.005820007324218750e+02
1.540900039672851562e+01
1.682000041007995605e+00
3.868000030517578125e+00
8.263999938964843750e+00
9.958999633789062500e+00
1.867300033569335938e+01
1.716300010681152344e+01
1.524699974060058594e+01
4.154379882812500000e+02
1.025399971008300781e+01
1.729629974365234375e+02
6.965000152587890625e+00
4.292510070800781250e+02
4.856289978027343750e+02
1.609909973144531250e+02
4.650000095367431641e+00
1.078949966430664062e+02
3.619089965820312500e+02
3.936299896240234375e+01
1.123520019531250000e+03
8.347000122070312500e+00
6.693599700927734375e+01
2.840800094604492188e+01
4.722630004882812500e+02
1.065541992187500000e+03
5.922999858856201172e+00
1.074339981079101562e+02
5.701100158691406250e+01
3.417006103515625000e+03
1.804578979492187500e+03
8.228229980468750000e+02
2.153000116348266602e+00
1.187300014495849609e+01
1.017466979980468750e+03
3.912550048828125000e+02
2.865889892578125000e+02
2.575200080871582031e+01
1.065785034179687500e+03
1.582940063476562500e+02
2.331860046386718750e+02
4.235130004882812500e+02
2.995000076293945312e+01
2.391439971923828125e+02
1.037699985504150391e+01
2.951300048828125000e+01
4.698999881744384766e+00
4.019899902343750000e+02
2.279599952697753906e+01
1.046500015258789062e+01
6.233000183105468750e+01
1.194668945312500000e+03
1.432900047302246094e+01
2.258580078125000000e+03
3.533300018310546875e+01
3.901000022888183594e+00
1.906119995117187500e+03
1.501799964904785156e+01
1.076396972656250000e+03
4.335999965667724609e+00
1.451900005340576172e+01
4.973000049591064453e+00
1.514700031280517578e+01
1.048799991607666016e+01
1.434994995117187500e+03
9.279000282287597656e+00
1.577700042724609375e+01
6.864999771118164062e+00
7.207599639892578125e+01
4.445700073242187500e+01
4.265329895019531250e+02
2.058499908447265625e+01
2.426756103515625000e+03
2.317968994140625000e+03
5.760599899291992188e+01
8.666119995117187500e+02
7.277109985351562500e+02
1.421869964599609375e+02
4.993000030517578125e+00
2.618000030517578125e+01
1.081022949218750000e+03
2.642529907226562500e+02
2.129479980468750000e+02
1.884099960327148438e+01
1.240781982421875000e+03
3.134999990463256836e+00
2.049790039062500000e+02
1.384999990463256836e+00
2.406200027465820312e+01
1.567099952697753906e+01
1.207744995117187500e+03
3.621999979019165039e+00
6.521600341796875000e+01
1.071760025024414062e+02
1.456720947265625000e+03
7.578000068664550781e+00
7.947999954223632812e+00
2.433000087738037109e+00
7.206800079345703125e+01
5.008599853515625000e+01
1.252172973632812500e+03
4.114899826049804688e+01
1.792200012207031250e+02
7.548660278320312500e+02
1.221500015258789062e+01
7.982999801635742188e+00
1.346500015258789062e+01
8.005999565124511719e+00
6.743959960937500000e+02
2.987100028991699219e+01
8.201430053710937500e+02
4.651200103759765625e+01
1.738199996948242188e+01
5.403099822998046875e+01
1.440108032226562500e+03
1.376999974250793457e+00
6.075759887695312500e+02
2.640000104904174805e+00
3.385900115966796875e+01
1.519600009918212891e+01
4.492399978637695312e+01
7.199999809265136719e+00
8.998000144958496094e+00
1.007695983886718750e+03
5.296999931335449219e+00
1.756000041961669922e+00
2.375630035400390625e+02
5.585999965667724609e+00
1.525579986572265625e+02
1.991000056266784668e+00
3.921969909667968750e+02
