6.514508984375000000e+04
3.169193359375000000e+04
3.499073974609375000e+03
3.232422656250000000e+04
1.021497421875000000e+05
8.212940063476562500e+02
1.382525625000000000e+05
3.947505468750000000e+04
2.609196875000000000e+04
2.632814062500000000e+04
1.895192187500000000e+04
1.393281562500000000e+05
5.968115000000000000e+05
1.136992656250000000e+05
1.486213437500000000e+05
1.793778906250000000e+05
2.185556250000000000e+04
4.626014453125000000e+04
1.174241328125000000e+05
4.711219921875000000e+04
6.777089843750000000e+04
1.636360312500000000e+05
2.004550585937500000e+04
1.261856152343750000e+04
1.395787187500000000e+05
2.952730102539062500e+02
2.762031445312500000e+04
9.331392968750000000e+04
1.774731054687500000e+04
2.051023828125000000e+04
4.556387890625000000e+04
2.317605957031250000e+03
3.475721923828125000e+03
9.992351562500000000e+04
1.170988828125000000e+05
1.158068281250000000e+05
1.509188964843750000e+03
1.330637656250000000e+05
8.647477343750000000e+04
1.684837656250000000e+05
7.040911132812500000e+03
1.825323974609375000e+03
1.596985625000000000e+05
8.644589843750000000e+02
1.572845781250000000e+05
9.613133593750000000e+04
1.907762695312500000e+04
3.693117968750000000e+04
1.807858789062500000e+04
8.246482812500000000e+04
1.496084218750000000e+05
1.439111718750000000e+05
3.382469970703125000e+03
1.414141250000000000e+05
3.154314453125000000e+04
9.625658593750000000e+04
3.425820007324218750e+02
1.420365000000000000e+05
4.044205468750000000e+04
2.378856054687500000e+04
1.270555053710937500e+03
9.850430664062500000e+03
7.941904687500000000e+04
1.525025781250000000e+05
9.731193750000000000e+04
4.841470031738281250e+02
1.103299296875000000e+05
4.187932421875000000e+04
1.436887031250000000e+05
1.401885312500000000e+05
2.984565312500000000e+05
1.048120000000000000e+05
5.182969970703125000e+02
2.871323437500000000e+04
7.260264160156250000e+03
8.825223437500000000e+04
1.036388671875000000e+05
2.510369335937500000e+04
5.828559375000000000e+04
4.325972265625000000e+04
6.976871093750000000e+04
8.747227343750000000e+04
2.132004687500000000e+04
3.574407812500000000e+05
5.665455468750000000e+04
2.017174804687500000e+04
6.621141406250000000e+04
7.812339062500000000e+04
9.746957031250000000e+04
5.706379687500000000e+04
1.624047753906250000e+04
1.976780468750000000e+05
4.005850390625000000e+04
1.256778320312500000e+04
6.804713281250000000e+04
4.458170703125000000e+04
1.028597656250000000e+04
1.052582656250000000e+05
1.754081054687500000e+03
1.033567421875000000e+05
2.622956054687500000e+04
1.548254687500000000e+05
1.488903125000000000e+05
1.280343261718750000e+04
9.570377929687500000e+03
1.107710156250000000e+05
3.394076904296875000e+03
4.568772949218750000e+03
2.226765625000000000e+05
5.124569702148437500e+02
6.266999816894531250e+01
1.470468994140625000e+03
9.202020312500000000e+04
3.909323437500000000e+04
2.516549072265625000e+03
1.302179062500000000e+05
2.836191562500000000e+05
2.039929101562500000e+04
2.211801562500000000e+05
1.955981835937500000e+04
1.874711059570312500e+03
8.611860937500000000e+04
1.472884687500000000e+05
4.788789062500000000e+03
5.559699707031250000e+02
4.369712500000000000e+04
3.113789978027343750e+02
5.641310937500000000e+04
6.945935937500000000e+04
1.040531835937500000e+04
7.125318750000000000e+04
1.510703027343750000e+04
2.855393359375000000e+04
2.442072812500000000e+05
6.346308105468750000e+03
1.256908359375000000e+05
3.733108203125000000e+04
7.281208593750000000e+04
2.355496679687500000e+04
7.268180468750000000e+04
2.083774902343750000e+03
1.990891718750000000e+05
2.608026757812500000e+04
5.832889160156250000e+03
9.250009765625000000e+02
1.063770234375000000e+05
1.062906796875000000e+05
7.067159375000000000e+04
4.553425781250000000e+03
1.805838671875000000e+04
4.039752343750000000e+04
5.276435937500000000e+04
1.891876562500000000e+05
3.120086523437500000e+04
4.686560058593750000e+02
6.370079956054687500e+02
3.539514892578125000e+03
2.361362500000000000e+04
1.022941113281250000e+04
6.914673437500000000e+04
1.132698359375000000e+05
2.469059765625000000e+04
1.123872109375000000e+05
7.083292968750000000e+04
6.278403906250000000e+04
6.324712109375000000e+04
3.395266113281250000e+03
1.024276953125000000e+05
1.461770996093750000e+03
2.810980957031250000e+03
6.100963671875000000e+04
3.734799957275390625e+01
3.569457812500000000e+04
1.368257812500000000e+04
7.321368750000000000e+04
9.773529296875000000e+03
3.232224414062500000e+04
1.516707324218750000e+04
2.061647949218750000e+03
3.417083007812500000e+03
5.427513183593750000e+03
8.289947656250000000e+04
4.301238281250000000e+04
9.455776367187500000e+03
2.278682187500000000e+05
1.887353906250000000e+04
3.087876562500000000e+04
3.405440063476562500e+02
1.743100625000000000e+05
1.177529492187500000e+04
2.946987500000000000e+04
1.266083984375000000e+05
3.687002187500000000e+05
6.591033593750000000e+04
5.755514062500000000e+04
3.939012939453125000e+03
2.692248437500000000e+04
2.550561718750000000e+04
2.429628906250000000e+03
4.745159912109375000e+02
1.751465156250000000e+05
1.924783125000000000e+05
6.175480957031250000e+03
2.427810058593750000e+02
2.351356250000000000e+04
1.267758398437500000e+04
1.155133984375000000e+05
2.857243554687500000e+04
4.300409375000000000e+04
4.901809997558593750e+02
1.393725000000000000e+05
1.021126406250000000e+05
2.452199951171875000e+03
4.341623046875000000e+04
2.758298242187500000e+04
1.177550390625000000e+05
3.132339453125000000e+04
4.938403515625000000e+04
2.496363750000000000e+05
1.927449843750000000e+05
5.331496093750000000e+03
1.836966406250000000e+04
6.114346875000000000e+04
5.092539978027343750e+02
1.308515234375000000e+05
4.868678125000000000e+04
3.177670898437500000e+03
1.078894687500000000e+05
1.085729589843750000e+04
6.651061718750000000e+04
1.747164843750000000e+04
1.503259082031250000e+04
1.656976406250000000e+05
2.451327880859375000e+03
5.245900390625000000e+04
7.680453125000000000e+04
1.148889999389648438e+02
3.529468750000000000e+04
1.713567993164062500e+03
1.097024511718750000e+04
8.136654785156250000e+03
1.315592656250000000e+05
5.787105000000000000e+05
1.010260156250000000e+05
9.449429687500000000e+04
1.700709375000000000e+04
5.646104687500000000e+04
6.723613281250000000e+04
1.951281250000000000e+05
1.199943593750000000e+05
1.069485961914062500e+03
7.308052343750000000e+04
7.525620117187500000e+02
1.409661987304687500e+03
1.254795800781250000e+04
1.225700312500000000e+05
1.635354375000000000e+05
7.166329956054687500e+02
1.992501367187500000e+04
1.425366250000000000e+05
7.165463281250000000e+04
4.951163085937500000e+03
8.754055664062500000e+03
8.449638281250000000e+04
2.036947968750000000e+05
2.313394042968750000e+03
7.684558105468750000e+03
2.965080468750000000e+04
1.562912963867187500e+03
1.097661010742187500e+03
4.354205625000000000e+05
2.019866943359375000e+03
2.257515625000000000e+04
3.489364453125000000e+04
8.433108593750000000e+04
4.276128906250000000e+04
6.493098144531250000e+03
7.984278125000000000e+04
1.663369726562500000e+04
2.885116406250000000e+04
1.217536328125000000e+05
3.067609863281250000e+02
1.087506406250000000e+05
8.965496875000000000e+04
1.349155937500000000e+05
5.841681640625000000e+04
3.730991943359375000e+03
8.258019531250000000e+03
7.361160156250000000e+04
9.884671875000000000e+04
1.601749843750000000e+05
3.050684179687500000e+04
2.950563476562500000e+04
1.352334375000000000e+04
2.345834570312500000e+04
1.357020996093750000e+03
1.053518906250000000e+05
3.760699951171875000e+03
9.193489062500000000e+04
1.968884687500000000e+05
1.181655703125000000e+05
8.241110156250000000e+04
2.502101074218750000e+03
2.728199951171875000e+03
1.913615966796875000e+03
4.113801171875000000e+04
4.436200000000000000e+04
2.121184375000000000e+04
1.104103281250000000e+05
3.178546679687500000e+04
7.197249755859375000e+02
3.856807812500000000e+05
5.743417968750000000e+03
9.986819531250000000e+04
1.010933906250000000e+05
1.887765014648437500e+03
8.294140014648437500e+02
1.100352343750000000e+05
1.270995156250000000e+05
2.926250976562500000e+04
3.599389953613281250e+02
1.071242187500000000e+05
8.742875000000000000e+04
2.296991250000000000e+05
2.171231054687500000e+04
1.010220781250000000e+05
1.480142500000000000e+05
7.260922656250000000e+04
1.337903437500000000e+05
1.700439257812500000e+04
1.148300097656250000e+04
7.921825000000000000e+04
2.559816894531250000e+03
2.677833007812500000e+03
1.088724804687500000e+04
1.408924531250000000e+05
1.276490937500000000e+05
7.139261718750000000e+04
2.387084960937500000e+04
4.933157812500000000e+04
1.632979843750000000e+05
3.887902343750000000e+04
3.545903906250000000e+04
2.564049023437500000e+04
9.192483398437500000e+03
7.283138281250000000e+04
2.751507080078125000e+03
1.266414843750000000e+05
9.480520019531250000e+02
2.497551406250000000e+05
1.714040069580078125e+02
8.253865625000000000e+04
4.384701171875000000e+04
6.273115625000000000e+05
3.808116406250000000e+04
6.932309082031250000e+03
1.521137890625000000e+04
2.428270312500000000e+04
7.513300323486328125e+01
1.638530029296875000e+03
2.488366943359375000e+03
1.001656005859375000e+03
9.576904296875000000e+03
4.511872265625000000e+04
2.281700927734375000e+03
1.610150292968750000e+04
2.107408906250000000e+05
4.673346191406250000e+03
1.893609924316406250e+02
7.896480102539062500e+02
6.761348144531250000e+03
5.290407421875000000e+04
1.981637500000000000e+05
2.747773925781250000e+03
7.862367187500000000e+04
4.983330859375000000e+04
1.015715625000000000e+05
3.053514257812500000e+04
8.195783593750000000e+04
2.179031445312500000e+04
1.996672851562500000e+04
9.637839843750000000e+03
1.142812304687500000e+04
1.116317993164062500e+03
1.337829296875000000e+04
3.349833007812500000e+03
4.895240234375000000e+04
8.711086718750000000e+04
3.646529375000000000e+05
9.993284179687500000e+03
1.199452929687500000e+04
9.869489062500000000e+04
1.397047187500000000e+05
4.437363769531250000e+03
1.432589062500000000e+05
4.716040625000000000e+04
1.757389038085937500e+03
2.360890625000000000e+04
3.481770019531250000e+02
3.145830859375000000e+04
1.915959765625000000e+04
9.970247070312500000e+03
6.440349731445312500e+02
9.477822265625000000e+03
1.950272460937500000e+04
1.081831738281250000e+04
3.714728027343750000e+03
1.743739929199218750e+02
1.251430625000000000e+05
1.173979199218750000e+04
3.884259948730468750e+02
2.333657226562500000e+04
9.669657031250000000e+04
5.929220312500000000e+04
5.861253515625000000e+04
2.080995117187500000e+03
7.656600189208984375e+01
1.840780029296875000e+03
1.290045019531250000e+04
1.848509979248046875e+02
4.986306640625000000e+04
1.147229003906250000e+03
2.316303710937500000e+04
1.238619843750000000e+05
5.753291406250000000e+04
3.531851171875000000e+04
2.473673437500000000e+04
1.078924609375000000e+04
2.800130468750000000e+04
1.737748828125000000e+04
5.558186718750000000e+04
1.913404687500000000e+04
2.302919921875000000e+03
1.689721875000000000e+05
5.381471484375000000e+04
2.717553515625000000e+04
7.412042968750000000e+04
2.063412695312500000e+04
1.481390991210937500e+03
1.035544218750000000e+05
9.802475000000000000e+04
1.353910937500000000e+05
5.791353515625000000e+04
2.277900312500000000e+05
1.762623046875000000e+04
7.528425781250000000e+03
4.916241210937500000e+03
8.484426757812500000e+03
6.946767968750000000e+04
3.921958007812500000e+03
1.815868437500000000e+05
1.047933959960937500e+03
1.161893437500000000e+05
7.093356250000000000e+04
4.504410095214843750e+02
2.316780078125000000e+04
1.203425781250000000e+05
2.738872460937500000e+04
7.311066406250000000e+04
6.032260546875000000e+04
1.713554218750000000e+05
5.417831250000000000e+04
1.489173281250000000e+05
3.249580664062500000e+04
2.571402148437500000e+04
7.394346093750000000e+04
5.907022265625000000e+04
9.735405468750000000e+04
5.017210083007812500e+02
1.398068969726562500e+03
1.039383828125000000e+05
3.247527099609375000e+03
4.277283593750000000e+04
1.430394531250000000e+04
2.103483593750000000e+04
1.476600937500000000e+05
5.209086328125000000e+04
1.860793750000000000e+05
1.153101718750000000e+05
1.207861640625000000e+05
4.091334765625000000e+04
4.067093017578125000e+03
4.798827343750000000e+04
7.043930053710937500e+02
2.336641992187500000e+04
6.073838281250000000e+04
2.949506103515625000e+03
8.166932128906250000e+03
2.016131093750000000e+05
2.262599945068359375e+02
1.256614990234375000e+03
8.834056250000000000e+04
1.964040039062500000e+03
7.405388183593750000e+03
2.981574062500000000e+05
1.014201171875000000e+04
6.866600036621093750e+01
4.161589965820312500e+02
9.317322656250000000e+04
1.063369018554687500e+03
8.628867187500000000e+04
5.973901562500000000e+04
1.726072500000000000e+05
5.539715820312500000e+03
8.222160034179687500e+02
3.682866406250000000e+04
2.424558105468750000e+03
5.610916406250000000e+04
5.511356640625000000e+04
1.525711406250000000e+05
1.653177978515625000e+03
1.623326660156250000e+04
2.193567656250000000e+05
8.813186718750000000e+04
7.158930053710937500e+02
6.066291015625000000e+03
2.353373593750000000e+05
3.551245312500000000e+04
1.355816040039062500e+03
1.196384033203125000e+03
1.686523046875000000e+04
2.023441093750000000e+05
1.243851640625000000e+05
1.942703515625000000e+04
1.728467041015625000e+03
7.217963281250000000e+04
5.508266796875000000e+04
7.583842968750000000e+04
7.513063281250000000e+04
1.382629531250000000e+05
3.671061035156250000e+03
3.920345703125000000e+04
1.138531015625000000e+05
2.145647343750000000e+05
3.425705468750000000e+04
1.481960156250000000e+05
5.981229858398437500e+02
2.157837890625000000e+04
1.546156982421875000e+03
1.219447812500000000e+05
1.941832968750000000e+05
2.656172119140625000e+03
4.535827734375000000e+04
5.051309765625000000e+04
1.763547812500000000e+05
4.747816015625000000e+04
1.453753515625000000e+04
2.859396250000000000e+05
6.092050781250000000e+03
2.571561250000000000e+05
1.050609570312500000e+04
1.477777954101562500e+03
1.913270117187500000e+04
4.450432421875000000e+04
5.094189941406250000e+03
9.622390136718750000e+02
4.410717773437500000e+03
8.099517187500000000e+04
2.307426250000000000e+05
5.271729736328125000e+02
1.581687792968750000e+04
2.746275976562500000e+04
8.885703125000000000e+04
3.335094687500000000e+05
2.082899902343750000e+03
2.486514687500000000e+05
3.515471875000000000e+04
1.741025156250000000e+05
3.799131103515625000e+03
7.178579711914062500e+02
3.846711914062500000e+03
5.674909375000000000e+04
1.178772949218750000e+03
1.822285034179687500e+03
4.875928515625000000e+04
2.057489648437500000e+04
7.876909790039062500e+02
2.509102050781250000e+03
5.744851875000000000e+05
4.023844970703125000e+03
9.116105468750000000e+04
2.241448632812500000e+04
1.126105957031250000e+03
3.439785888671875000e+03
3.196239257812500000e+04
1.459560839843750000e+04
6.749339062500000000e+04
1.142657343750000000e+05
1.851017944335937500e+03
5.501865625000000000e+04
2.143371679687500000e+04
5.956573046875000000e+04
2.520676025390625000e+03
6.108907812500000000e+04
3.977326562500000000e+04
2.109415429687500000e+04
2.229948242187500000e+04
7.114271972656250000e+03
7.780465625000000000e+04
6.325833007812500000e+03
2.518532421875000000e+04
2.228871250000000000e+05
4.933368164062500000e+03
2.945653320312500000e+04
5.671773925781250000e+03
1.415068969726562500e+03
9.382685937500000000e+04
5.127861816406250000e+03
3.049369531250000000e+04
4.205511230468750000e+03
2.771600976562500000e+04
8.862589721679687500e+02
7.125998437500000000e+04
2.848533984375000000e+04
5.559091796875000000e+03
1.880741210937500000e+04
4.051339843750000000e+04
1.316699981689453125e+02
1.650475625000000000e+05
3.136959179687500000e+04
1.323849945068359375e+02
2.364710937500000000e+05
5.062220214843750000e+03
5.093898925781250000e+03
6.438752929687500000e+03
4.799003125000000000e+04
1.207320703125000000e+04
2.347521679687500000e+04
5.683948046875000000e+04
4.771510009765625000e+02
2.728892812500000000e+05
1.317606054687500000e+04
8.311531250000000000e+03
1.198677343750000000e+05
2.262487109375000000e+04
3.609392089843750000e+03
2.376977929687500000e+04
3.706635546875000000e+04
2.617957031250000000e+04
4.258196484375000000e+04
1.831606835937500000e+04
1.042699921875000000e+05
6.801095312500000000e+04
2.223875468750000000e+05
1.314089965820312500e+02
2.247529882812500000e+04
6.411422656250000000e+04
3.468142500000000000e+05
1.560709960937500000e+03
3.910171484375000000e+04
3.277458593750000000e+04
5.135666992187500000e+03
1.375081093750000000e+05
7.656444531250000000e+04
1.401366503906250000e+04
8.189225097656250000e+03
1.111952578125000000e+05
1.680912812500000000e+05
3.402552343750000000e+04
1.547713750000000000e+05
1.202472500000000000e+05
1.423718554687500000e+04
1.272661230468750000e+04
2.715048828125000000e+04
1.333110046386718750e+02
1.046753515625000000e+05
3.754377734375000000e+04
1.383326406250000000e+05
1.005849843750000000e+05
1.200063828125000000e+05
2.792200012207031250e+02
3.359384765625000000e+04
2.574630126953125000e+02
1.414642968750000000e+05
2.235632656250000000e+05
1.472218847656250000e+04
1.402970507812500000e+04
1.721570781250000000e+05
1.105597812500000000e+05
9.182340087890625000e+02
8.094875781250000000e+04
1.091434375000000000e+05
9.719515625000000000e+03
1.026512031250000000e+05
1.971385468750000000e+05
1.143548671875000000e+05
2.255789375000000000e+05
9.381947265625000000e+03
1.751285546875000000e+04
5.856378515625000000e+04
1.007188828125000000e+05
1.156458906250000000e+05
6.191014453125000000e+04
9.186908593750000000e+04
3.572825781250000000e+04
5.050147265625000000e+04
1.701000625000000000e+05
2.867342968750000000e+04
4.087435937500000000e+04
9.930422851562500000e+03
1.998709960937500000e+04
5.941023925781250000e+03
3.812896972656250000e+03
8.043835937500000000e+04
8.584211718750000000e+04
3.268649902343750000e+02
3.513329687500000000e+04
7.333916406250000000e+04
6.315090234375000000e+04
3.608614453125000000e+04
3.987353125000000000e+04
7.351676757812500000e+03
4.692541796875000000e+04
3.736397656250000000e+04
1.307978515625000000e+05
1.022977656250000000e+05
1.243320019531250000e+04
2.804621250000000000e+05
1.259666250000000000e+05
8.758285937500000000e+04
1.228858750000000000e+05
7.167017968750000000e+04
1.403444531250000000e+05
9.800921093750000000e+04
1.288196044921875000e+03
1.705843750000000000e+04
3.468741015625000000e+04
8.172769775390625000e+02
9.778492187500000000e+03
2.209018750000000000e+05
1.475444375000000000e+05
3.113808398437500000e+04
2.321022812500000000e+05
1.341502343750000000e+05
6.083636328125000000e+04
1.478879101562500000e+04
1.627606562500000000e+05
9.838899993896484375e+01
1.656558959960937500e+03
1.534996777343750000e+04
2.829766796875000000e+04
2.286196875000000000e+04
3.085737890625000000e+04
1.931222031250000000e+05
2.572094970703125000e+03
1.427407031250000000e+04
3.901675048828125000e+03
2.900329296875000000e+04
3.011341064453125000e+03
5.756690063476562500e+02
1.484880625000000000e+05
1.753314062500000000e+04
3.515436328125000000e+04
3.754240112304687500e+02
3.861205078125000000e+04
2.011937988281250000e+03
3.695738125000000000e+05
1.240641015625000000e+05
2.936106875000000000e+05
1.865336914062500000e+04
8.230146875000000000e+04
8.908930053710937500e+02
2.535658750000000000e+05
6.242944824218750000e+03
2.948020312500000000e+04
1.270532656250000000e+05
3.503500976562500000e+03
1.371692382812500000e+04
1.479534375000000000e+05
4.395758593750000000e+04
1.948571679687500000e+04
1.487056542968750000e+04
3.394368359375000000e+04
1.093862734375000000e+05
6.408845214843750000e+03
2.396328125000000000e+04
2.728202929687500000e+04
3.401694921875000000e+04
3.153316210937500000e+04
1.470418281250000000e+05
5.046038085937500000e+03
1.781111562500000000e+05
8.203520312500000000e+04
1.324741250000000000e+05
2.733058105468750000e+03
5.441691796875000000e+04
1.088882226562500000e+04
1.012539218750000000e+05
1.907719843750000000e+05
6.501785937500000000e+04
1.339109062500000000e+05
1.425420000000000000e+05
2.113682031250000000e+05
2.059154062500000000e+05
1.018946250000000000e+05
8.044917187500000000e+04
1.885686328125000000e+04
9.398839721679687500e+02
9.983528906250000000e+04
1.559418125000000000e+05
1.432448593750000000e+05
5.543392089843750000e+03
1.146132128906250000e+04
4.735900115966796875e+01
3.024190820312500000e+04
6.104247656250000000e+04
1.430447812500000000e+05
2.984802734375000000e+04
4.052959899902343750e+02
1.750431718750000000e+05
1.647598046875000000e+04
1.174416308593750000e+04
2.482843017578125000e+03
1.247087421875000000e+05
1.134709960937500000e+04
1.550140075683593750e+02
2.182722968750000000e+05
1.470892656250000000e+05
1.836377343750000000e+04
1.299239959716796875e+02
1.290160034179687500e+03
5.673090209960937500e+02
2.675428320312500000e+04
7.495032031250000000e+04
1.782980041503906250e+02
4.799508593750000000e+04
3.743657958984375000e+03
1.029349975585937500e+02
1.187709375000000000e+05
7.263682031250000000e+04
1.968714062500000000e+04
2.421184765625000000e+04
4.316233593750000000e+04
9.148553125000000000e+04
4.941338281250000000e+04
1.214971484375000000e+05
7.034837890625000000e+03
8.312298437500000000e+04
5.302953125000000000e+03
3.852621875000000000e+04
1.407432983398437500e+03
4.938248828125000000e+04
4.840169140625000000e+04
1.235940000000000000e+05
9.953450781250000000e+04
1.368359687500000000e+05
5.017850000000000000e+04
6.049617578125000000e+04
1.095851015625000000e+05
3.722815917968750000e+03
1.602731093750000000e+05
7.753732812500000000e+04
1.218639941406250000e+04
4.944923046875000000e+04
1.044918125000000000e+05
1.596202026367187500e+03
1.406125976562500000e+04
1.694726757812500000e+04
3.209012187500000000e+05
2.212585156250000000e+05
1.212362656250000000e+05
3.313629882812500000e+03
7.418061718750000000e+04
3.923861718750000000e+04
2.402320703125000000e+04
1.269947167968750000e+04
9.082673828125000000e+03
8.023439062500000000e+04
2.597416210937500000e+04
2.365451757812500000e+04
6.987028125000000000e+04
6.342517578125000000e+04
4.127291992187500000e+03
8.681142968750000000e+04
1.597866875000000000e+05
1.124799140625000000e+05
6.970975000000000000e+04
2.625849687500000000e+05
9.135230468750000000e+04
4.664760937500000000e+04
1.099221250000000000e+05
7.251969531250000000e+04
2.855706562500000000e+05
7.634880468750000000e+04
5.916070800781250000e+03
2.301618896484375000e+03
2.941709765625000000e+04
3.197226757812500000e+04
1.291371718750000000e+05
4.891544921875000000e+04
5.174907421875000000e+04
1.238950156250000000e+05
6.364856640625000000e+04
2.416324023437500000e+04
2.298211523437500000e+04
7.235145312500000000e+04
2.380243554687500000e+04
2.809426025390625000e+03
7.451530151367187500e+02
1.916605468750000000e+04
5.916830468750000000e+04
7.772880249023437500e+02
1.012737031250000000e+05
1.232942812500000000e+05
7.059926562500000000e+04
4.162268750000000000e+04
1.167511328125000000e+05
1.542952968750000000e+05
1.297437500000000000e+04
4.414542968750000000e+03
7.068424218750000000e+04
1.033687265625000000e+05
5.782652343750000000e+04
4.882486718750000000e+04
5.107469140625000000e+04
1.487946718750000000e+05
1.341706718750000000e+05
1.372416875000000000e+05
1.324695156250000000e+05
1.205889038085937500e+03
1.699846718750000000e+05
2.856030859375000000e+04
2.395400047302246094e+01
1.294575859375000000e+05
1.731876562500000000e+05
8.422200012207031250e+01
3.342209375000000000e+04
1.678362968750000000e+05
9.303862304687500000e+03
1.606215820312500000e+04
2.367152539062500000e+04
5.901183984375000000e+04
7.633932812500000000e+04
2.212630004882812500e+02
1.069073125000000000e+05
1.050726875000000000e+05
1.364080781250000000e+05
3.178789843750000000e+04
2.441760009765625000e+03
1.205665703125000000e+05
5.092152343750000000e+04
1.596112968750000000e+05
3.368420104980468750e+02
6.381582031250000000e+03
8.964398437500000000e+04
8.660730468750000000e+04
3.978868896484375000e+03
2.690387187500000000e+05
5.288975390625000000e+04
6.850168750000000000e+04
5.720261230468750000e+03
5.704972656250000000e+04
3.705119531250000000e+04
8.650043945312500000e+03
4.901617578125000000e+04
6.751275000000000000e+04
1.359070312500000000e+05
1.261835937500000000e+05
1.536296093750000000e+05
2.973278906250000000e+04
1.366788281250000000e+04
1.935378320312500000e+04
4.371433984375000000e+04
1.970133007812500000e+04
4.361247265625000000e+04
3.345823125000000000e+05
4.882627929687500000e+03
1.428296020507812500e+03
2.935350195312500000e+04
2.296683203125000000e+04
1.572378222656250000e+04
1.205307421875000000e+05
1.206638671875000000e+05
2.853288085937500000e+03
3.616640625000000000e+04
3.304970092773437500e+02
2.561442968750000000e+04
7.403427343750000000e+04
5.965969140625000000e+04
3.300107187500000000e+05
6.343951171875000000e+04
1.951324951171875000e+03
7.408477343750000000e+04
3.605485937500000000e+04
2.828012939453125000e+03
4.305698828125000000e+04
1.602748046875000000e+03
7.792984375000000000e+04
4.611918359375000000e+04
4.470228515625000000e+04
4.211752343750000000e+04
1.626694531250000000e+04
9.205647656250000000e+04
1.045171093750000000e+04
5.740157031250000000e+04
1.851397656250000000e+05
7.566437500000000000e+04
4.275082812500000000e+04
3.186865937500000000e+05
4.210055175781250000e+03
