2.997464687500000000e+05
2.808333007812500000e+04
2.325784765625000000e+04
2.146974687500000000e+05
1.039184863281250000e+04
2.009979843750000000e+05
1.419383281250000000e+05
6.132260131835937500e+02
2.370729062500000000e+05
6.768515136718750000e+03
3.383149218750000000e+04
7.316867187500000000e+04
9.643165625000000000e+04
1.287532812500000000e+05
1.518299961090087891e+01
3.490767578125000000e+04
8.762677343750000000e+04
2.369107031250000000e+04
2.953825937500000000e+05
3.492613037109375000e+03
1.317962500000000000e+05
2.311682421875000000e+04
3.741446093750000000e+04
9.121313281250000000e+04
4.072576953125000000e+04
5.180544921875000000e+04
5.049804687500000000e+05
1.653692773437500000e+04
9.885320312500000000e+04
1.020291640625000000e+05
1.293564765625000000e+05
2.428110312500000000e+05
1.410136093750000000e+05
2.068624687500000000e+05
2.869899218750000000e+04
2.454693554687500000e+04
4.582699966430664062e+01
1.065305000000000000e+05
2.052473281250000000e+05
9.176553125000000000e+04
4.758678750000000000e+05
4.936641113281250000e+03
4.099198750000000000e+05
2.160477031250000000e+05
3.872025390625000000e+04
2.861063750000000000e+05
2.757533203125000000e+04
9.551682617187500000e+03
2.518026250000000000e+05
1.722746484375000000e+04
3.575458984375000000e+03
2.515498437500000000e+04
6.195657031250000000e+04
3.139702734375000000e+04
1.351013750000000000e+05
2.308839843750000000e+05
1.205468203125000000e+05
6.862742187500000000e+04
7.008072500000000000e+05
2.135478437500000000e+05
1.132829296875000000e+05
2.876598437500000000e+05
4.014010156250000000e+04
1.811752734375000000e+04
1.361156738281250000e+04
1.693959375000000000e+05
7.911399841308593750e+01
3.924635009765625000e+03
2.489753125000000000e+05
1.342974531250000000e+05
1.016309375000000000e+04
3.481290000000000000e+05
6.951976562500000000e+04
1.972632226562500000e+04
4.733805078125000000e+04
6.388508984375000000e+04
1.155406093750000000e+05
3.720594921875000000e+04
2.679308789062500000e+04
1.381269726562500000e+04
6.094611250000000000e+05
1.011410312500000000e+05
4.576200103759765625e+01
3.596621484375000000e+04
2.218700000000000000e+05
1.110725546875000000e+05
1.942200781250000000e+04
1.894217500000000000e+05
5.058793750000000000e+04
6.480536718750000000e+04
1.514238750000000000e+05
6.831282812500000000e+04
3.692500976562500000e+03
4.802205078125000000e+03
1.200555664062500000e+04
1.904446562500000000e+05
2.917174062500000000e+05
7.905043750000000000e+04
6.824538281250000000e+04
1.425013476562500000e+04
2.371563964843750000e+03
3.568186035156250000e+03
2.866033125000000000e+05
2.787959062500000000e+05
3.876834687500000000e+05
1.262677421875000000e+05
3.223354375000000000e+05
8.689130000000000000e+05
1.846884687500000000e+05
3.854414687500000000e+05
3.567183437500000000e+05
1.549844062500000000e+05
1.703077187500000000e+05
2.567720625000000000e+05
3.653314687500000000e+05
2.995157617187500000e+04
2.644898437500000000e+05
3.279462187500000000e+05
2.090168359375000000e+04
2.116150781250000000e+04
4.322399902343750000e+01
1.653205937500000000e+05
4.208713867187500000e+03
1.496580312500000000e+05
3.385251953125000000e+04
1.906480156250000000e+05
4.967438437500000000e+05
1.478735937500000000e+05
1.829555273437500000e+04
1.457897812500000000e+05
6.675325000000000000e+04
1.554313183593750000e+04
2.675476875000000000e+05
5.954229687500000000e+04
8.422179687500000000e+03
2.752710937500000000e+04
2.410822070312500000e+04
1.894292187500000000e+05
4.744231562500000000e+05
7.115506250000000000e+04
3.780609375000000000e+04
7.222978125000000000e+04
4.331914843750000000e+04
7.097248125000000000e+05
5.722394921875000000e+04
5.191083593750000000e+04
6.557015136718750000e+03
2.281912656250000000e+05
3.722897187500000000e+05
2.350277187500000000e+05
2.081650312500000000e+05
2.705050000000000000e+05
7.990877343750000000e+04
3.998239375000000000e+05
3.231913437500000000e+05
1.802759375000000000e+04
1.018895312500000000e+05
1.517999609375000000e+04
2.907548125000000000e+05
2.064294335937500000e+04
1.206486425781250000e+04
1.273623671875000000e+05
7.397056250000000000e+04
7.773589843750000000e+03
9.558999633789062500e+01
2.284530029296875000e+02
1.769192773437500000e+04
5.820461718750000000e+04
1.367217871093750000e+04
4.394636328125000000e+04
1.128569843750000000e+05
1.741058906250000000e+05
1.780578906250000000e+05
8.088657226562500000e+03
1.175658437500000000e+05
2.815799375000000000e+05
2.563989843750000000e+05
7.028425781250000000e+04
1.494553125000000000e+05
8.806332812500000000e+04
1.568035546875000000e+04
2.376589062500000000e+05
7.327626562500000000e+04
1.101994687500000000e+05
2.875510312500000000e+05
1.699956406250000000e+05
2.290985937500000000e+05
6.822221093750000000e+04
1.765408125000000000e+05
6.445627500000000000e+05
3.303341875000000000e+05
3.842886962890625000e+03
1.041826269531250000e+04
1.866459843750000000e+05
1.165153984375000000e+05
2.817260131835937500e+02
8.246450781250000000e+04
2.586172343750000000e+05
2.613825156250000000e+05
2.303669218750000000e+05
8.624379882812500000e+02
2.041034960937500000e+04
2.677235351562500000e+04
9.292647656250000000e+04
1.403624121093750000e+04
1.809581250000000000e+05
1.066800292968750000e+04
2.030132187500000000e+05
2.745441015625000000e+04
2.157605781250000000e+05
1.781087343750000000e+05
2.522766875000000000e+05
1.283185546875000000e+05
1.696682343750000000e+05
1.828656250000000000e+05
1.148450546875000000e+05
6.533483886718750000e+03
1.637677812500000000e+05
1.141921953125000000e+05
3.334240625000000000e+04
6.996790161132812500e+02
1.061080664062500000e+04
6.389693750000000000e+04
3.155378906250000000e+04
7.188700103759765625e+01
3.615470937500000000e+05
2.289268906250000000e+05
1.529147031250000000e+05
1.918395703125000000e+04
5.285162109375000000e+04
1.322799531250000000e+05
3.221366601562500000e+04
2.615595312500000000e+05
1.731014062500000000e+05
2.101939218750000000e+05
5.050509765625000000e+03
1.638940312500000000e+05
2.120462812500000000e+05
1.292505234375000000e+05
1.481992187500000000e+04
2.126770019531250000e+02
7.593957812500000000e+04
6.651337500000000000e+04
4.332235546875000000e+04
1.142985468750000000e+05
7.472239062500000000e+04
2.770667187500000000e+05
2.405751757812500000e+04
1.142567500000000000e+05
1.021797265625000000e+05
1.490123281250000000e+05
3.967326875000000000e+05
1.818450312500000000e+05
2.772720312500000000e+04
2.142089843750000000e+04
4.835563281250000000e+04
1.520697343750000000e+05
1.557118041992187500e+03
1.666421406250000000e+05
2.851978906250000000e+04
5.592023125000000000e+05
7.076531250000000000e+04
2.782263867187500000e+04
1.330534531250000000e+05
1.112589609375000000e+05
2.418269140625000000e+04
7.137882031250000000e+04
2.818107031250000000e+04
1.957494531250000000e+04
1.249100078125000000e+05
1.492381093750000000e+05
2.086217812500000000e+05
5.333002734375000000e+04
6.680304687500000000e+04
2.457019375000000000e+05
4.634211914062500000e+03
3.689875390625000000e+04
1.281768164062500000e+04
1.751047265625000000e+04
2.461341992187500000e+04
1.646753125000000000e+05
2.021094062500000000e+05
1.961371484375000000e+04
1.867479003906250000e+03
1.603311562500000000e+05
3.416467578125000000e+04
5.686401875000000000e+05
1.620594375000000000e+05
6.530200195312500000e+02
2.968035937500000000e+05
1.515185312500000000e+05
7.647289843750000000e+04
1.994747031250000000e+05
4.785331250000000000e+04
6.560396093750000000e+04
1.175139687500000000e+05
1.426076049804687500e+03
3.707063671875000000e+04
3.563298125000000000e+05
5.809478515625000000e+04
2.614902539062500000e+04
8.617933593750000000e+04
2.780837890625000000e+04
2.269516250000000000e+05
1.133027578125000000e+05
1.382295937500000000e+05
2.795261875000000000e+05
3.433545625000000000e+05
2.211183105468750000e+03
1.776239375000000000e+05
7.843365625000000000e+04
6.467664843750000000e+04
5.231273437500000000e+04
6.981909790039062500e+02
2.651371093750000000e+04
2.353668281250000000e+05
3.082836914062500000e+03
2.969879687500000000e+05
1.791458906250000000e+05
3.937052734375000000e+04
2.613465156250000000e+05
1.017199140625000000e+05
2.877621250000000000e+05
7.365289062500000000e+03
2.399004882812500000e+03
1.854004687500000000e+05
6.408015234375000000e+04
1.086208496093750000e+04
1.102606953125000000e+05
1.885482656250000000e+05
1.967362656250000000e+05
2.795660095214843750e+02
1.367577026367187500e+03
1.637671406250000000e+05
1.819378906250000000e+05
2.393698828125000000e+04
3.667443359375000000e+04
3.488900625000000000e+05
1.071375683593750000e+04
2.584236250000000000e+05
3.305648828125000000e+04
2.464494218750000000e+05
3.519164843750000000e+04
1.602131250000000000e+05
1.007948203125000000e+05
1.072438574218750000e+04
6.407846875000000000e+04
2.859710083007812500e+02
2.030626171875000000e+04
8.284764062500000000e+04
5.252145312500000000e+04
4.975263183593750000e+03
2.279885000000000000e+05
1.635937500000000000e+05
3.127595898437500000e+04
4.868334960937500000e+03
9.677546093750000000e+04
8.313244531250000000e+04
6.753772656250000000e+04
8.906191406250000000e+04
1.900014531250000000e+05
9.976653906250000000e+04
4.812487109375000000e+04
5.047219848632812500e+02
1.299998593750000000e+05
4.972722265625000000e+04
2.434014531250000000e+05
3.020155078125000000e+04
2.328495468750000000e+05
1.425575468750000000e+05
5.658405078125000000e+04
2.228704882812500000e+04
5.705461914062500000e+03
3.271233750000000000e+05
4.532397949218750000e+03
8.466285937500000000e+04
1.849642944335937500e+03
4.737779296875000000e+04
1.358996250000000000e+05
3.234215937500000000e+05
1.936319062500000000e+05
1.944855000000000000e+05
1.300902539062500000e+04
6.157169921875000000e+04
8.104503125000000000e+04
2.474227050781250000e+03
1.215153613281250000e+04
4.080045312500000000e+04
9.486213281250000000e+04
4.209259948730468750e+02
1.206622421875000000e+05
9.910665625000000000e+04
1.277071093750000000e+05
1.028922753906250000e+04
5.954289453125000000e+04
1.011208046875000000e+05
2.120666406250000000e+04
3.699586914062500000e+03
8.765985351562500000e+03
1.829032617187500000e+04
1.215869018554687500e+03
6.511561328125000000e+04
9.559291406250000000e+04
1.162950234375000000e+05
1.686519375000000000e+05
2.062561718750000000e+04
2.718400195312500000e+04
1.125093593750000000e+05
1.086279983520507812e+02
6.602618164062500000e+03
4.562958593750000000e+04
2.961749687500000000e+05
3.601569921875000000e+04
1.329465942382812500e+03
1.234183203125000000e+05
3.711976074218750000e+03
9.313644531250000000e+04
3.835883750000000000e+05
5.088390136718750000e+03
8.543652343750000000e+04
9.910200781250000000e+04
1.096926093750000000e+05
1.610561328125000000e+04
1.171713984375000000e+05
4.689812011718750000e+03
2.812755468750000000e+04
3.228183125000000000e+05
5.931464453125000000e+04
1.919218281250000000e+05
3.389103125000000000e+05
5.829368750000000000e+05
1.848299531250000000e+05
4.815168359375000000e+04
6.764743750000000000e+04
3.387697500000000000e+05
5.611547265625000000e+04
2.663132812500000000e+05
4.394419531250000000e+04
1.200272265625000000e+05
5.798228515625000000e+04
3.061911328125000000e+04
1.498691210937500000e+04
1.035418457031250000e+04
7.517924218750000000e+04
1.511144531250000000e+05
3.764975000000000000e+05
2.644319375000000000e+05
5.014208593750000000e+04
1.321165937500000000e+05
3.814595312500000000e+05
5.636672500000000000e+05
3.091851875000000000e+05
2.855283125000000000e+05
1.376673593750000000e+05
2.932679375000000000e+05
3.022940039062500000e+04
7.427532812500000000e+04
3.639908750000000000e+05
2.654604687500000000e+04
3.103578710937500000e+04
2.097974687500000000e+05
1.159307187500000000e+05
1.620533593750000000e+04
1.075096718750000000e+05
7.143165625000000000e+04
1.748111523437500000e+04
7.735980224609375000e+02
1.696442343750000000e+05
8.070181250000000000e+04
1.486247363281250000e+04
1.588144628906250000e+04
6.686146093750000000e+04
2.522274218750000000e+04
3.203397460937500000e+04
1.476172973632812500e+03
2.934364375000000000e+05
1.102626464843750000e+04
2.669869995117187500e+02
3.297776953125000000e+04
1.186210253906250000e+04
5.106441015625000000e+04
2.802105078125000000e+04
1.625330468750000000e+05
3.429776250000000000e+05
1.192745000000000000e+05
7.395775878906250000e+03
5.832255468750000000e+04
6.292380859375000000e+04
2.949259948730468750e+02
2.637399804687500000e+04
6.487533203125000000e+04
1.265259375000000000e+05
6.632199859619140625e+01
4.095784062500000000e+05
2.946989687500000000e+05
4.009196875000000000e+05
1.016191875000000000e+05
4.863970703125000000e+04
1.320930023193359375e+02
9.109217187500000000e+04
5.034547656250000000e+04
1.465607519531250000e+04
2.289793125000000000e+05
3.910583203125000000e+04
7.435423437500000000e+04
2.112006093750000000e+05
3.431019687500000000e+05
6.659275878906250000e+03
2.839734687500000000e+05
4.754719921875000000e+04
2.189731875000000000e+05
9.096827148437500000e+03
1.681761523437500000e+04
2.301465468750000000e+05
5.116018125000000000e+05
1.309954921875000000e+05
1.556581054687500000e+03
3.402821484375000000e+04
5.533388183593750000e+03
5.711349609375000000e+04
3.638722187500000000e+05
4.150332812500000000e+04
3.252616250000000000e+05
9.404879687500000000e+04
8.323424218750000000e+04
1.980910312500000000e+05
7.478029785156250000e+03
3.071510937500000000e+04
4.926001171875000000e+04
1.144652265625000000e+05
6.928034375000000000e+04
2.728115966796875000e+03
2.224449951171875000e+03
2.951510546875000000e+04
1.508531093750000000e+05
1.501748535156250000e+04
8.165967968750000000e+04
1.222485839843750000e+04
5.810975781250000000e+04
1.236981484375000000e+05
1.937766406250000000e+04
3.062884062500000000e+05
5.897616250000000000e+05
1.917274062500000000e+05
1.579714218750000000e+05
4.195251875000000000e+05
1.313902246093750000e+04
1.680497812500000000e+05
3.943945625000000000e+05
9.973010156250000000e+04
2.028047812500000000e+05
1.865688906250000000e+05
1.373110312500000000e+05
4.920532421875000000e+04
7.826900024414062500e+02
4.196994140625000000e+04
4.111459960937500000e+02
6.209850781250000000e+04
7.800025625000000000e+05
2.684602148437500000e+04
6.123008593750000000e+04
4.044680468750000000e+04
2.253119843750000000e+05
1.689359570312500000e+04
1.067353203125000000e+05
3.239213437500000000e+05
1.247567578125000000e+05
1.461372656250000000e+05
2.080153281250000000e+05
4.638505859375000000e+04
9.288243750000000000e+04
1.055012734375000000e+05
1.825800585937500000e+04
3.148083125000000000e+05
5.546225781250000000e+04
2.912735625000000000e+05
9.948330468750000000e+04
1.102987812500000000e+05
1.437433437500000000e+05
2.713910312500000000e+05
5.355730468750000000e+04
3.902324062500000000e+05
7.564904687500000000e+04
8.342902343750000000e+04
4.314838671875000000e+04
1.152596953125000000e+05
4.263034765625000000e+04
1.392348437500000000e+04
1.670335156250000000e+05
6.889487500000000000e+04
1.419371948242187500e+03
7.829667187500000000e+04
2.123001562500000000e+04
2.548695117187500000e+04
1.406825468750000000e+05
2.959343125000000000e+05
1.521833984375000000e+03
4.532487500000000000e+05
1.696292968750000000e+05
4.738182500000000000e+05
6.211516015625000000e+04
3.089925390625000000e+04
2.974482500000000000e+05
2.300987031250000000e+05
5.395463671875000000e+04
2.528681640625000000e+04
4.524612890625000000e+04
1.514619018554687500e+03
1.032573984375000000e+05
4.057719140625000000e+04
2.130820007324218750e+02
5.002349218750000000e+04
6.116384375000000000e+05
2.240579986572265625e+02
2.816309960937500000e+04
9.662845312500000000e+04
1.592273125000000000e+05
6.220862890625000000e+04
1.362248730468750000e+04
2.067852734375000000e+04
3.469249062500000000e+05
3.478499023437500000e+03
3.307065312500000000e+05
3.508923125000000000e+05
7.168883593750000000e+04
1.870306406250000000e+05
6.279592187500000000e+04
2.276893593750000000e+05
4.863509765625000000e+04
1.671645996093750000e+03
3.448068750000000000e+05
3.206342500000000000e+05
6.215893359375000000e+04
1.150031171875000000e+05
1.036193359375000000e+05
1.813779531250000000e+05
5.890226875000000000e+05
6.930382812500000000e+03
4.424161250000000000e+05
1.194256328125000000e+05
1.679961250000000000e+05
9.610208593750000000e+04
1.611981875000000000e+05
2.546912304687500000e+04
3.973981250000000000e+04
8.880451562500000000e+04
5.996087500000000000e+05
1.519808125000000000e+05
1.313745971679687500e+03
2.384261718750000000e+05
2.471829986572265625e+02
1.337959843750000000e+05
4.432453125000000000e+03
3.080744921875000000e+04
3.263949951171875000e+03
8.872489843750000000e+04
8.955981250000000000e+04
3.477105625000000000e+05
1.625856406250000000e+05
3.552299880981445312e+01
1.244784960937500000e+04
1.433058593750000000e+05
2.455911523437500000e+04
2.075477031250000000e+05
1.610522656250000000e+05
6.250193750000000000e+04
6.544325781250000000e+04
2.868996562500000000e+05
2.059356054687500000e+04
4.651835937500000000e+05
5.315531250000000000e+05
6.271367187500000000e+03
3.679920043945312500e+02
2.115608437500000000e+05
1.552986406250000000e+05
7.687330625000000000e+05
1.430366093750000000e+05
3.524263281250000000e+04
3.475206875000000000e+05
1.871389687500000000e+05
1.604868906250000000e+05
5.554748750000000000e+05
1.046797973632812500e+03
2.239901250000000000e+05
3.419523828125000000e+04
2.465277343750000000e+05
7.565306250000000000e+05
2.038947656250000000e+05
2.135266093750000000e+05
3.625377500000000000e+05
3.769037890625000000e+04
2.163835312500000000e+05
1.312367578125000000e+04
9.065485937500000000e+04
3.785396093750000000e+04
1.129253828125000000e+05
1.107465312500000000e+05
1.450118125000000000e+05
7.974400000000000000e+04
1.809650468750000000e+05
2.312719140625000000e+04
2.039356445312500000e+04
8.405659179687500000e+03
6.945258593750000000e+04
3.507653906250000000e+04
1.036781054687500000e+04
1.500893593750000000e+05
6.797514843750000000e+04
3.563526953125000000e+04
1.505460052490234375e+02
5.922962500000000000e+05
1.370715625000000000e+05
1.477150683593750000e+04
2.761275937500000000e+05
2.060478125000000000e+05
1.307490527343750000e+04
2.369623828125000000e+04
7.532248437500000000e+04
4.558571093750000000e+04
3.680390625000000000e+04
4.747360546875000000e+04
1.753188750000000000e+05
4.758353515625000000e+04
4.608503125000000000e+05
2.010322812500000000e+05
2.291519375000000000e+05
1.200001562500000000e+04
3.169875000000000000e+05
3.999928125000000000e+04
3.606560546875000000e+04
2.932088750000000000e+05
1.034464375000000000e+05
3.352784375000000000e+04
1.596231835937500000e+04
7.560000781250000000e+04
7.736065917968750000e+03
9.385426757812500000e+03
4.515880126953125000e+02
3.201740000000000000e+05
1.013249687500000000e+05
3.068701875000000000e+05
7.975199890136718750e+01
4.336749877929687500e+02
3.897892968750000000e+04
5.001938437500000000e+05
5.600499218750000000e+04
1.818834375000000000e+04
4.067659912109375000e+02
4.055550390625000000e+04
1.031012187500000000e+05
3.101840820312500000e+04
2.153637939453125000e+03
1.281835234375000000e+05
3.721621875000000000e+05
1.019593984375000000e+05
5.974040000000000000e+05
5.162238769531250000e+03
2.046741406250000000e+05
1.642342187500000000e+05
6.151521250000000000e+05
8.265964843750000000e+04
3.657707812500000000e+05
1.255474765625000000e+05
4.351913125000000000e+05
2.046489062500000000e+05
9.672839062500000000e+04
5.328448437500000000e+04
3.837006562500000000e+05
2.938824375000000000e+05
9.462129882812500000e+03
1.144702734375000000e+05
9.229957031250000000e+04
5.941640014648437500e+02
5.191135625000000000e+05
2.280686328125000000e+04
2.063240051269531250e+02
6.756889843750000000e+04
5.183278515625000000e+04
1.261047968750000000e+05
1.230810012817382812e+02
2.623450000000000000e+05
1.856274414062500000e+04
1.049466562500000000e+05
1.857775195312500000e+04
1.344611230468750000e+04
5.800171875000000000e+03
2.109474218750000000e+05
1.669675000000000000e+05
1.914823281250000000e+05
2.686905312500000000e+05
1.305843906250000000e+05
3.217217041015625000e+03
2.366930468750000000e+04
2.566004492187500000e+04
5.396709375000000000e+04
2.787224687500000000e+05
1.904893945312500000e+04
2.013617187500000000e+04
1.037594628906250000e+04
2.547668945312500000e+04
5.813770141601562500e+02
5.487337890625000000e+04
1.003567734375000000e+05
1.193921484375000000e+04
9.898650781250000000e+04
3.963374218750000000e+04
2.557265937500000000e+05
1.342435000000000000e+05
3.368962500000000000e+05
2.012270050048828125e+02
4.542548437500000000e+04
2.228994843750000000e+05
1.021335937500000000e+05
3.838019062500000000e+05
1.963715312500000000e+05
3.613140625000000000e+04
5.152703125000000000e+04
6.353521875000000000e+04
1.935286718750000000e+05
9.638991406250000000e+04
1.634480937500000000e+05
1.307799453125000000e+05
3.264967187500000000e+05
3.859744921875000000e+04
5.677927343750000000e+04
2.331550937500000000e+05
2.403167500000000000e+05
2.682869873046875000e+02
9.260189843750000000e+04
4.800441015625000000e+04
1.274376953125000000e+03
1.110668359375000000e+05
3.930958125000000000e+05
5.254079296875000000e+04
4.519138125000000000e+05
6.582334375000000000e+05
2.110464648437500000e+04
7.329321093750000000e+04
1.499783007812500000e+04
1.802385312500000000e+05
2.772170104980468750e+02
6.813655468750000000e+04
4.029758437500000000e+05
2.431079843750000000e+05
5.345023437500000000e+04
4.210597656250000000e+04
1.364998125000000000e+05
1.221393203125000000e+05
7.728464062500000000e+04
5.205445312500000000e+04
2.019091875000000000e+05
1.511894531250000000e+05
9.668826562500000000e+04
2.177918359375000000e+04
1.772316093750000000e+05
2.612485546875000000e+04
2.096141250000000000e+05
7.943959375000000000e+04
5.497094140625000000e+04
9.327433593750000000e+03
5.813649375000000000e+05
3.395692187500000000e+05
2.198801718750000000e+05
4.312088671875000000e+04
3.684625390625000000e+04
1.378420312500000000e+05
6.758225000000000000e+04
2.111168906250000000e+05
6.228626953125000000e+04
3.019943125000000000e+05
1.944118945312500000e+04
1.532128613281250000e+04
2.545215087890625000e+03
1.740291992187500000e+04
2.820297187500000000e+05
7.931467968750000000e+04
1.197994375000000000e+05
6.634206054687500000e+03
1.193488671875000000e+05
2.760200781250000000e+04
1.553957656250000000e+05
4.193550109863281250e+02
8.156763281250000000e+04
1.200619609375000000e+05
3.276603125000000000e+05
8.524178125000000000e+04
1.513035351562500000e+04
2.792299218750000000e+04
1.322666875000000000e+05
1.542989843750000000e+05
9.138045898437500000e+03
1.060808203125000000e+05
2.492663867187500000e+04
5.892305859375000000e+04
2.910471250000000000e+05
1.314520312500000000e+05
3.314899902343750000e+02
1.757032617187500000e+04
2.515506562500000000e+05
2.615506093750000000e+05
5.470941015625000000e+04
4.244619531250000000e+04
4.305618164062500000e+03
1.758385156250000000e+05
4.074190063476562500e+02
2.655336718750000000e+04
3.656839843750000000e+04
5.330729980468750000e+02
3.322530312500000000e+05
3.319380078125000000e+04
4.195061328125000000e+04
8.736414062500000000e+04
1.826859375000000000e+04
1.599035937500000000e+05
1.897584531250000000e+05
1.550190625000000000e+05
3.970762812500000000e+05
7.223038281250000000e+04
1.050625488281250000e+04
2.914975781250000000e+04
2.940122851562500000e+04
1.859792812500000000e+05
1.848154375000000000e+05
4.129534765625000000e+04
8.660654296875000000e+03
2.260701875000000000e+05
7.124344531250000000e+04
9.255627343750000000e+04
4.649010009765625000e+02
4.830040625000000000e+05
2.542140312500000000e+05
1.556883437500000000e+05
2.694743125000000000e+05
3.794433105468750000e+03
1.405374511718750000e+04
1.018931542968750000e+04
8.410814843750000000e+04
5.933333203125000000e+04
1.052366503906250000e+04
1.641528125000000000e+04
7.108978125000000000e+04
1.033061250000000000e+05
3.144827343750000000e+04
1.935572968750000000e+05
2.499867968750000000e+04
9.592461914062500000e+03
3.292089843750000000e+04
3.198142812500000000e+05
3.514303125000000000e+05
1.603349375000000000e+05
6.526953906250000000e+04
8.225620117187500000e+02
5.940172500000000000e+05
5.476294921875000000e+03
6.886463281250000000e+04
2.558888593750000000e+05
1.367262031250000000e+05
2.022851562500000000e+04
4.609759765625000000e+04
2.056047265625000000e+04
3.085400937500000000e+05
8.174362500000000000e+04
3.343470312500000000e+04
4.304910312500000000e+05
4.716026562500000000e+04
1.030874062500000000e+05
1.921050468750000000e+05
2.639603437500000000e+05
1.880545937500000000e+05
5.011835156250000000e+04
2.740398046875000000e+04
2.849979062500000000e+05
2.079929843750000000e+05
6.043334765625000000e+04
4.620260625000000000e+05
1.635825312500000000e+05
1.696567812500000000e+05
8.479154296875000000e+03
5.331499375000000000e+05
1.641957968750000000e+05
7.359621875000000000e+05
4.735956640625000000e+04
1.635214062500000000e+05
1.315422500000000000e+05
1.732796875000000000e+05
1.888474609375000000e+04
6.315102343750000000e+04
1.589040069580078125e+02
9.177901562500000000e+04
2.965819140625000000e+04
3.183924218750000000e+04
2.734203906250000000e+04
2.056968164062500000e+04
2.426875781250000000e+05
2.616479375000000000e+05
1.515177031250000000e+05
1.829288085937500000e+04
3.300094140625000000e+04
2.142094687500000000e+05
2.783705312500000000e+05
