1.525825e+04
7.242077e+04
4.299687e+03
1.317210e+05
3.876322e+04
3.801606e+05
7.031470e+04
1.795781e+04
7.135790e+02
3.121335e+06
9.572500e+02
8.173147e+03
3.765450e+02
4.205103e+05
3.581327e+05
3.918345e+06
4.684354e+04
4.572023e+06
2.225480e+03
1.460230e+03
6.786100e+01
3.934682e+04
7.277354e+03
2.394360e+02
1.468428e+03
3.412963e+06
8.028512e+03
4.843360e+02
4.470002e+06
6.002598e+04
4.738045e+04
5.375791e+04
8.559280e+02
4.813599e+06
4.307475e+04
7.622849e+06
9.484920e+02
4.984880e+02
9.328800e+06
2.629064e+06
1.923941e+06
1.365368e+06
1.263091e+04
1.503884e+07
4.040070e+02
5.649040e+02
3.172596e+05
2.516868e+03
3.466030e+02
5.870480e+02
6.706392e+03
1.386760e+02
1.803922e+03
4.652320e+03
3.303150e+02
1.062100e+02
9.749263e+03
5.876851e+06
1.529912e+04
5.899458e+06
1.201204e+06
2.082318e+03
1.757319e+04
4.374680e+05
1.996792e+04
3.445497e+06
5.202819e+05
6.201716e+05
3.871744e+06
1.258720e+04
3.182243e+06
5.430583e+06
4.745678e+05
2.770029e+04
3.153773e+04
3.479518e+04
5.741161e+05
2.533672e+04
1.061051e+07
1.001950e+06
3.919787e+04
1.245911e+03
1.846106e+06
9.447900e+02
3.429413e+05
1.924802e+06
2.258636e+06
3.653632e+06
1.674226e+03
6.033960e+02
4.796510e+02
4.425451e+06
4.132122e+03
3.741873e+05
3.034280e+02
9.336285e+04
3.756554e+04
1.643819e+04
3.316974e+04
5.713575e+05
3.795459e+03
1.545961e+04
7.242435e+06
6.396546e+06
1.672490e+02
2.886708e+03
9.113109e+04
2.390934e+03
1.967447e+03
6.268631e+06
7.497789e+05
3.148057e+04
6.014409e+05
5.394062e+05
3.698827e+06
2.552898e+04
9.393306e+04
1.930577e+05
2.430788e+06
3.441695e+04
1.203090e+02
2.214575e+06
2.712901e+06
4.547621e+06
2.004749e+03
1.088830e+02
5.255513e+05
7.505482e+05
7.334530e+02
1.197462e+06
1.649404e+03
4.170028e+06
1.857115e+06
1.756594e+04
1.071349e+03
3.664430e+06
1.573556e+05
8.844796e+06
1.675480e+06
3.137276e+06
3.663194e+04
5.099351e+04
2.754277e+03
1.830133e+03
3.487268e+06
3.285509e+04
1.091445e+05
2.052860e+06
3.530929e+03
6.990178e+03
1.524626e+03
7.371637e+04
4.072960e+02
1.045823e+06
8.285320e+02
1.703160e+03
5.578940e+02
3.193079e+03
4.213541e+03
3.751928e+05
2.036580e+02
1.564070e+03
3.121800e+03
5.356250e+02
3.617150e+02
2.431280e+02
1.172917e+05
2.800641e+06
2.543440e+03
6.325488e+03
2.110115e+06
3.562238e+06
1.794640e+02
4.094859e+04
4.017097e+03
1.320584e+04
1.718115e+06
7.778990e+02
6.006850e+04
2.298743e+04
4.886298e+04
1.817273e+04
5.703400e+01
7.698103e+05
9.737770e+02
6.677890e+02
1.644898e+04
7.664327e+03
5.704675e+06
1.088118e+03
1.501422e+03
7.373529e+04
8.675755e+04
4.665630e+02
1.848800e+02
3.601770e+02
3.269072e+06
9.290057e+03
3.520841e+04
3.028253e+04
2.519060e+06
2.421407e+06
2.460454e+06
2.196292e+04
3.846777e+03
2.982492e+06
5.060460e+02
2.362803e+04
1.863396e+06
4.019874e+06
9.076180e+03
4.489820e+06
7.350650e+02
9.207648e+03
7.948090e+02
1.165941e+06
2.132974e+04
6.074310e+02
1.162881e+04
6.708179e+04
1.817354e+04
1.282509e+07
2.743105e+03
1.293021e+03
4.276314e+04
4.543391e+06
1.096669e+03
1.062692e+03
9.374430e+02
1.038100e+02
7.299436e+05
8.886150e+02
1.163693e+03
2.291339e+06
3.511229e+03
1.220908e+04
3.507369e+04
1.080127e+06
3.639310e+06
3.295612e+04
3.907844e+06
3.377991e+05
3.656637e+05
1.184654e+06
2.689240e+02
3.084523e+03
9.371290e+02
2.793827e+06
1.379830e+05
2.773330e+06
1.026043e+06
1.485823e+04
3.273940e+02
2.793624e+04
3.704366e+04
4.874888e+06
1.423416e+04
1.023233e+06
3.995010e+05
4.021274e+04
2.815679e+05
9.040834e+03
1.909254e+06
1.379945e+04
9.236000e+01
6.075411e+03
7.831700e+06
2.231452e+06
1.068297e+03
2.530181e+04
3.515765e+04
6.174657e+03
1.207650e+02
1.727276e+04
2.004834e+06
2.327736e+03
1.751819e+06
1.872297e+04
2.837022e+04
2.230966e+06
6.996587e+04
2.795201e+04
5.339231e+04
3.964199e+04
1.759295e+06
8.148554e+05
7.318059e+04
5.447971e+06
2.715902e+06
1.503980e+02
2.603879e+06
2.388200e+06
8.225900e+02
3.284869e+06
2.632337e+06
2.743292e+03
1.638980e+04
2.887680e+02
2.950233e+05
4.136405e+06
1.421751e+04
2.211676e+04
6.971009e+06
3.984172e+04
1.825270e+02
1.786999e+05
2.084767e+03
8.200118e+05
9.452846e+06
1.886727e+06
2.012189e+06
2.797525e+06
1.319059e+03
1.006574e+04
3.507433e+03
9.522172e+04
4.648881e+05
1.698887e+03
8.360270e+04
7.394981e+06
4.070682e+04
1.437870e+04
7.728650e+02
2.226980e+02
4.152060e+02
1.334826e+06
3.294587e+03
2.058394e+04
3.468672e+06
6.782148e+05
8.144734e+06
5.710892e+04
3.321102e+04
9.992700e+06
8.155057e+03
2.352748e+06
2.627040e+02
1.560060e+02
4.793271e+06
1.081505e+04
6.569330e+06
1.130687e+03
5.101137e+05
1.132693e+03
5.735790e+02
2.254089e+06
5.939168e+05
2.827637e+04
2.282177e+03
5.173555e+06
3.054868e+04
1.493347e+03
6.744436e+03
1.300872e+03
2.937629e+03
9.005360e+03
5.376616e+04
2.600224e+06
8.765551e+05
3.764945e+06
1.754830e+03
3.345083e+03
6.906511e+03
1.532954e+04
2.263882e+04
1.251502e+04
1.521481e+03
1.841648e+03
9.327740e+02
3.003966e+04
6.942357e+04
1.752089e+06
2.059920e+04
1.463583e+05
2.082809e+05
1.937055e+05
2.332204e+04
2.372410e+04
1.262928e+03
2.149985e+06
1.645644e+06
3.042639e+05
1.495908e+03
2.896969e+06
8.533290e+05
1.989302e+03
1.370159e+06
5.460966e+03
3.586970e+02
1.783260e+02
4.473275e+05
2.755837e+04
2.720514e+06
2.434297e+05
2.419005e+04
1.208487e+05
2.144961e+04
3.160079e+06
6.824566e+03
2.916169e+04
2.376767e+03
7.815930e+02
1.613941e+03
3.100904e+04
5.647320e+02
2.421146e+04
6.692320e+02
3.321900e+01
1.684392e+06
4.126556e+06
4.955085e+04
5.374161e+03
9.460720e+02
4.554966e+04
4.929805e+05
1.776929e+04
9.564010e+02
6.856731e+03
3.482659e+04
1.956535e+04
4.592790e+03
2.202618e+04
9.658074e+05
4.786854e+04
8.505104e+04
8.690630e+04
7.526625e+05
5.784011e+05
9.785094e+04
3.663890e+02
9.212471e+03
1.220431e+06
1.010247e+06
1.209174e+07
4.031260e+06
2.470024e+06
1.147327e+06
3.187326e+06
6.494024e+04
1.901430e+02
1.797840e+03
1.727740e+04
1.155717e+03
5.955557e+04
1.780144e+06
6.704240e+05
2.084979e+05
8.842314e+06
1.493635e+06
1.358495e+04
3.065706e+06
5.634119e+04
8.172550e+02
2.141179e+06
1.689530e+02
4.311620e+03
4.355457e+06
2.534911e+04
9.511281e+05
6.601956e+04
1.412236e+04
8.594961e+03
4.947820e+02
7.029530e+02
7.565070e+02
4.832226e+05
9.574290e+02
1.293809e+03
5.898723e+05
2.881899e+04
1.845840e+02
1.886390e+02
4.708769e+04
1.869126e+06
5.327575e+03
4.001480e+02
2.169550e+04
6.178672e+04
1.449960e+02
1.986017e+04
4.030820e+02
1.898911e+06
6.877743e+05
2.173244e+05
1.501888e+06
1.852999e+03
2.109482e+03
1.815463e+04
6.086888e+04
2.888953e+04
9.744800e+01
5.113010e+02
2.069789e+04
1.364607e+04
3.879641e+06
5.486930e+02
4.914597e+03
1.905208e+03
3.634868e+05
3.925040e+02
2.329754e+06
2.232424e+06
8.031000e+01
1.902069e+06
5.557550e+02
3.460603e+03
2.301609e+04
4.303399e+03
1.688724e+03
4.256775e+06
4.081062e+04
1.410591e+06
9.351672e+04
5.679035e+03
4.196350e+02
3.401026e+04
5.377038e+04
2.294673e+05
6.295650e+02
3.463378e+03
1.260880e+03
1.616926e+04
6.649210e+02
4.720079e+03
2.131020e+02
1.991085e+06
5.087072e+04
2.316019e+04
1.933837e+06
4.178478e+06
1.827793e+03
2.636051e+05
3.051280e+02
6.896288e+05
3.022773e+03
1.713519e+03
2.112777e+04
5.661640e+02
2.075558e+04
3.302962e+05
5.572351e+04
1.565310e+04
5.175585e+05
4.007762e+03
8.418578e+03
3.322261e+04
4.711104e+03
1.667783e+03
4.926390e+02
9.925742e+03
2.442977e+04
1.477380e+07
1.911549e+03
1.127122e+03
6.297722e+06
5.081095e+03
2.370010e+02
1.243691e+04
4.496140e+06
1.788657e+04
3.155378e+04
4.780353e+04
3.007656e+04
1.594997e+06
5.841659e+04
6.298327e+06
4.623040e+04
7.103640e+02
1.462761e+03
2.692460e+04
4.314873e+03
5.442649e+03
1.146196e+03
3.691080e+02
1.997646e+04
6.998047e+05
3.686723e+04
2.371976e+04
6.174634e+06
2.027815e+06
3.675547e+04
2.737255e+04
1.080210e+04
1.907531e+06
2.706475e+03
4.142255e+03
3.123449e+03
3.631323e+05
1.392611e+04
1.379227e+06
2.363610e+02
2.336572e+04
4.402421e+03
1.810030e+02
1.301709e+03
2.886391e+03
5.278734e+03
5.985340e+04
1.048190e+06
2.672201e+04
4.400871e+06
5.209664e+04
2.011815e+04
5.147150e+02
1.731741e+03
2.844610e+03
3.841404e+03
1.374765e+03
2.669886e+04
4.265659e+04
2.298830e+06
3.998506e+04
3.289093e+06
1.614839e+03
4.433171e+04
6.861890e+02
2.761212e+04
2.123745e+03
1.528855e+06
2.670366e+04
1.791535e+06
8.847676e+06
4.924342e+06
1.850990e+02
9.087772e+04
2.816880e+02
2.764764e+04
5.517530e+02
2.404222e+06
4.185589e+06
2.387687e+03
1.522317e+04
2.225118e+05
3.851353e+04
3.913698e+06
6.164877e+06
2.483674e+03
3.845385e+04
4.413169e+04
2.653740e+04
7.610897e+04
1.477993e+03
4.928660e+02
2.222973e+04
9.640295e+03
3.704872e+04
1.385231e+04
5.359020e+02
4.832177e+03
2.385392e+03
1.788138e+06
4.193307e+05
1.820656e+06
1.358358e+05
5.719918e+06
2.361316e+03
2.270060e+04
5.202139e+06
3.921289e+04
6.181730e+02
9.712005e+04
5.981228e+05
2.393388e+04
3.269376e+05
5.314554e+05
7.448337e+05
1.955448e+03
1.017620e+05
1.919794e+06
7.358442e+05
4.401904e+05
3.068850e+02
5.366069e+04
5.612764e+04
3.998530e+06
3.400517e+04
6.488949e+03
8.413244e+05
3.983912e+04
2.960653e+05
4.259631e+04
4.766230e+02
2.612533e+05
6.555154e+04
1.437322e+05
5.610554e+06
4.510737e+06
1.179872e+04
8.644560e+03
6.062290e+04
5.057950e+02
1.044044e+04
1.174244e+03
2.858400e+01
8.631217e+03
2.236383e+04
3.037429e+03
2.831488e+03
9.790420e+02
3.008259e+04
1.626470e+02
1.243119e+03
4.287518e+05
9.141195e+05
6.186160e+02
1.591229e+04
4.037218e+06
1.756934e+04
6.643522e+06
3.759645e+06
1.471230e+04
6.631556e+04
4.303956e+06
1.621237e+06
5.448612e+05
1.429262e+03
1.761840e+02
2.588307e+04
7.996018e+03
4.343050e+06
1.311000e+04
2.543156e+04
6.338968e+06
5.816637e+06
6.703704e+03
3.967620e+02
1.142367e+05
5.987115e+03
5.570578e+05
1.073985e+04
3.512817e+03
1.573861e+04
7.560306e+04
5.627090e+03
3.361261e+06
2.542332e+04
1.779226e+04
5.319551e+03
5.167620e+02
2.777390e+02
1.946511e+03
7.441860e+02
1.042301e+06
4.767925e+04
3.040569e+03
1.236490e+02
1.536129e+03
1.799204e+04
3.145520e+02
1.315087e+06
1.647810e+02
9.574010e+02
1.045240e+02
7.037870e+02
3.009430e+02
3.049399e+06
4.714480e+06
4.515028e+06
2.038486e+04
1.310909e+05
2.577675e+06
3.288082e+03
6.837500e+01
8.552127e+06
1.151190e+02
6.370220e+02
2.448296e+05
4.354557e+04
1.642490e+02
4.301516e+04
1.171940e+04
1.834416e+06
3.932761e+04
3.268120e+03
2.169337e+03
2.944969e+03
1.204605e+04
4.650549e+03
4.215927e+06
7.130433e+04
4.784120e+02
1.709477e+06
2.868280e+02
7.295727e+05
1.464801e+05
5.132207e+03
1.336950e+06
2.809318e+06
6.347313e+03
3.538060e+02
2.215417e+04
4.437626e+04
2.897908e+06
1.362304e+06
5.860643e+03
7.279239e+03
6.330680e+02
1.983770e+02
2.517951e+04
3.502014e+04
5.886224e+03
1.701621e+03
1.285893e+04
1.613310e+02
1.192002e+06
7.955670e+02
7.503888e+03
2.285051e+06
2.049690e+02
2.130038e+04
4.538174e+03
2.122573e+06
1.767542e+03
1.755275e+04
4.331568e+04
2.654784e+06
7.967687e+03
1.214088e+03
2.714500e+04
4.773080e+02
1.000371e+04
3.267860e+04
2.159010e+02
7.674927e+06
1.327565e+04
2.244045e+05
1.509750e+02
3.338047e+04
5.267415e+06
1.695426e+04
1.598566e+04
3.520170e+02
2.338454e+06
7.555952e+04
3.595027e+03
5.995459e+05
1.934924e+03
4.681101e+06
6.285387e+05
4.353392e+06
4.501200e+01
3.716424e+06
1.641983e+03
8.702880e+02
2.592234e+03
1.667173e+06
6.436463e+03
3.168850e+02
1.622981e+04
1.288244e+06
1.140664e+05
5.448281e+04
3.379839e+06
7.615649e+03
4.592555e+03
3.067170e+02
1.179052e+04
1.845981e+06
3.941396e+03
1.961898e+05
4.354176e+04
6.858951e+05
9.738000e+01
8.312730e+02
2.581140e+02
1.167822e+04
7.448861e+05
6.465968e+04
2.125799e+03
4.537061e+04
6.425579e+04
5.312080e+02
4.516971e+04
1.702418e+03
2.021260e+02
3.414099e+05
2.595670e+02
3.176577e+04
2.600640e+02
1.099346e+06
2.522934e+06
7.580230e+02
3.728600e+01
9.891250e+02
2.142385e+06
2.179819e+05
1.401898e+05
1.766975e+03
4.041110e+04
2.834280e+02
1.567985e+05
1.702979e+06
6.258459e+05
3.692880e+02
7.706137e+06
2.000971e+04
1.681917e+06
1.294696e+06
1.450155e+06
6.187750e+05
1.050320e+03
3.442873e+04
1.259030e+06
3.100043e+04
3.093260e+05
1.830479e+06
1.457608e+03
2.183185e+06
9.986395e+05
9.348272e+06
2.577905e+03
2.362900e+02
1.200891e+03
2.750954e+06
1.712836e+04
9.255197e+05
3.150232e+05
1.059647e+04
4.233043e+04
3.732695e+04
5.147595e+05
4.619893e+04
1.918692e+03
1.509929e+04
2.210302e+06
2.571820e+06
4.819273e+03
1.224427e+06
4.907181e+06
6.114660e+02
8.626450e+02
1.557336e+04
1.519118e+03
2.102514e+05
2.397555e+05
2.024310e+02
3.625752e+04
2.181735e+03
1.289069e+03
3.086900e+02
5.919913e+06
1.930432e+04
5.869759e+06
6.412820e+02
1.467287e+05
1.241465e+06
4.455064e+04
3.181608e+05
7.688109e+04
2.671439e+03
1.952332e+06
4.730130e+02
1.608616e+04
6.012558e+04
2.471780e+02
4.429800e+01
7.920748e+04
5.036020e+02
6.242480e+02
1.310721e+06
5.374500e+01
1.457047e+03
7.110204e+06
1.014393e+05
3.480770e+06
6.832986e+05
3.119298e+04
7.417930e+03
8.426283e+04
1.982917e+06
1.776369e+03
1.723999e+04
3.764890e+02
9.146970e+02
1.186275e+03
9.389793e+05
1.335843e+03
2.104571e+05
5.426699e+03
1.636063e+06
1.033715e+04
6.929460e+02
1.252009e+04
1.215590e+02
1.980788e+03
3.552290e+02
7.524240e+02
2.741932e+04
4.799426e+06
1.270725e+06
1.409772e+06
1.674337e+04
5.734040e+06
4.220539e+06
4.432899e+03
3.473767e+06
2.749044e+03
2.065238e+06
1.411145e+06
8.063230e+02
