1.899999938905239105e-02
1.588000059127807617e+00
2.300000041723251343e-01
1.286000013351440430e+00
1.113999962806701660e+00
6.169999837875366211e-01
1.120000004768371582e+00
6.840000152587890625e-01
3.970000147819519043e-01
1.599999964237213135e-01
7.720000147819519043e-01
3.659999966621398926e-01
2.070000022649765015e-01
5.410000085830688477e-01
6.280000209808349609e-01
4.999999888241291046e-03
2.244999885559082031e+00
1.729999929666519165e-01
3.600000143051147461e-01
6.409999728202819824e-01
4.830000102519989014e-01
2.517999887466430664e+00
1.435999989509582520e+00
1.365000009536743164e+00
4.890999794006347656e+00
6.000000052154064178e-03
9.099999815225601196e-02
3.039999902248382568e-01
1.180000007152557373e-01
1.689000010490417480e+00
1.620000004768371582e+00
1.659999936819076538e-01
6.209999918937683105e-01
3.490000069141387939e-01
6.399999856948852539e-01
6.499999761581420898e-02
1.560000032186508179e-01
1.030000001192092896e-01
4.550000131130218506e-01
2.009999990463256836e+00
4.999999888241291046e-03
3.449999988079071045e-01
3.848000049591064453e+00
1.506999969482421875e+00
7.419999837875366211e-01
3.199999928474426270e-01
6.090000271797180176e-01
2.720000147819519043e-01
1.700000092387199402e-02
2.276999950408935547e+00
4.219999909400939941e-01
3.138000011444091797e+00
2.039999961853027344e-01
8.470000028610229492e-01
5.690000057220458984e-01
5.839999914169311523e-01
1.729999929666519165e-01
4.429999887943267822e-01
9.359999895095825195e-01
1.042999982833862305e+00
1.422999978065490723e+00
5.839999914169311523e-01
2.338000059127807617e+00
1.729999929666519165e-01
6.460000276565551758e-01
1.575000047683715820e+00
1.110000014305114746e-01
5.040000081062316895e-01
2.590000033378601074e-01
9.570000171661376953e-01
5.370000004768371582e-01
3.319999873638153076e-01
1.082999944686889648e+00
1.720999956130981445e+00
7.829999923706054688e-01
9.259999990463256836e-01
3.519999980926513672e-01
2.322000026702880859e+00
1.930000036954879761e-01
2.450999975204467773e+00
3.790000081062316895e-01
1.217000007629394531e+00
1.829999983310699463e-01
1.120000034570693970e-01
1.250000000000000000e-01
3.319999873638153076e-01
7.070000171661376953e-01
4.609999954700469971e-01
6.259999871253967285e-01
1.504999995231628418e+00
2.484999895095825195e+00
4.329999983310699463e-01
7.400000095367431641e-02
1.335000038146972656e+00
1.042000055313110352e+00
5.099999904632568359e-02
1.609999984502792358e-01
9.110000133514404297e-01
1.338999986648559570e+00
1.609999984502792358e-01
1.790000051259994507e-01
9.250000119209289551e-01
9.850000143051147461e-01
5.279999971389770508e-01
7.400000095367431641e-02
7.829999923706054688e-01
9.350000023841857910e-01
9.380000233650207520e-01
2.214999914169311523e+00
1.770000010728836060e-01
1.889999955892562866e-01
1.304999947547912598e+00
5.419999957084655762e-01
9.179999828338623047e-01
6.110000014305114746e-01
2.339999973773956299e-01
1.932999968528747559e+00
1.809999942779541016e-01
5.609999895095825195e-01
1.682999968528747559e+00
4.650000035762786865e-01
7.379999756813049316e-01
9.179999828338623047e-01
2.802999973297119141e+00
1.879999935626983643e-01
6.759999990463256836e-01
1.067999958992004395e+00
1.843999981880187988e+00
1.620000004768371582e+00
1.485999941825866699e+00
1.282999992370605469e+00
1.152999997138977051e+00
1.120000034570693970e-01
3.644000053405761719e+00
9.999999776482582092e-03
4.100000113248825073e-02
6.859999895095825195e-01
1.300999999046325684e+00
3.950000107288360596e-01
2.890000045299530029e-01
7.979999780654907227e-01
5.419999957084655762e-01
1.618999958038330078e+00
3.600000143051147461e-01
7.530000209808349609e-01
3.219999969005584717e-01
6.409999728202819824e-01
4.065000057220458984e+00
7.369999885559082031e-01
1.410000026226043701e-01
6.259999871253967285e-01
5.630000233650207520e-01
4.600000008940696716e-02
6.660000085830688477e-01
4.440000057220458984e-01
6.200000047683715820e-01
8.699999749660491943e-02
8.550000190734863281e-01
2.233000040054321289e+00
6.769999861717224121e-01
1.899999938905239105e-02
5.469999909400939941e-01
8.600000143051147461e-01
9.430000185966491699e-01
2.627000093460083008e+00
4.399999976158142090e-02
1.649000048637390137e+00
1.919000029563903809e+00
1.389999985694885254e-01
1.592000007629394531e+00
8.740000128746032715e-01
1.598000049591064453e+00
1.180000007152557373e-01
2.029999941587448120e-01
6.230000257492065430e-01
4.740000069141387939e-01
2.560000121593475342e-01
3.170000016689300537e-01
7.279999852180480957e-01
1.209999993443489075e-01
2.360000014305114746e-01
1.358000040054321289e+00
3.849999904632568359e+00
1.969999969005584717e-01
1.947999954223632812e+00
1.501000046730041504e+00
3.359999954700469971e-01
1.547999978065490723e+00
2.191999912261962891e+00
3.589999973773956299e-01
1.626999974250793457e+00
6.199999898672103882e-02
9.610000252723693848e-01
1.842000007629394531e+00
1.554000020027160645e+00
5.099999904632568359e-02
1.159999966621398926e+00
6.779999732971191406e-01
1.550000011920928955e-01
1.016999959945678711e+00
1.896999955177307129e+00
2.186000108718872070e+00
9.779999852180480957e-01
6.669999957084655762e-01
9.499999880790710449e-02
9.099999815225601196e-02
7.379999756813049316e-01
3.019999861717224121e-01
1.113000035285949707e+00
7.699999958276748657e-02
7.860000133514404297e-01
2.403000116348266602e+00
2.500000000000000000e-01
5.200000107288360596e-02
1.669999957084655762e-01
1.756999969482421875e+00
4.600000008940696716e-02
1.480000019073486328e-01
6.069999933242797852e-01
2.249999940395355225e-01
3.089999854564666748e-01
6.060000061988830566e-01
4.670000076293945312e-01
1.042000055313110352e+00
7.440000176429748535e-01
3.370000123977661133e-01
1.169999986886978149e-01
2.049999952316284180e+00
2.365000009536743164e+00
1.099999994039535522e-02
2.430000007152557373e-01
6.790000200271606445e-01
2.888000011444091797e+00
1.019999980926513672e-01
2.639999985694885254e-01
1.899999976158142090e-01
1.650000065565109253e-01
6.599999964237213135e-02
1.710000038146972656e-01
9.259999990463256836e-01
3.299999982118606567e-02
8.500000238418579102e-01
4.609999954700469971e-01
4.440000057220458984e-01
4.050000011920928955e-01
8.669999837875366211e-01
4.300000146031379700e-02
8.999999761581420898e-01
2.809999883174896240e-01
1.099999994039535522e-02
1.570000052452087402e-01
1.550000011920928955e-01
3.869999945163726807e-01
3.720000088214874268e-01
8.439999818801879883e-01
1.317999958992004395e+00
2.739999890327453613e-01
8.429999947547912598e-01
8.119999766349792480e-01
1.749999970197677612e-01
3.339999914169311523e-01
9.200000017881393433e-02
3.440000116825103760e-01
2.259999960660934448e-01
9.279999732971191406e-01
5.780000090599060059e-01
1.243999958038330078e+00
1.236999988555908203e+00
1.942000031471252441e+00
3.900000080466270447e-02
1.195999979972839355e+00
4.040000140666961670e-01
1.957000017166137695e+00
2.476999998092651367e+00
8.899999856948852539e-01
1.560000032186508179e-01
7.929999828338623047e-01
1.589999943971633911e-01
9.760000109672546387e-01
1.850000023841857910e-01
1.450999975204467773e+00
6.010000109672546387e-01
6.620000004768371582e-01
8.519999980926513672e-01
6.019999980926513672e-01
9.300000220537185669e-02
1.973000049591064453e+00
3.210000097751617432e-01
1.368999958038330078e+00
6.019999980926513672e-01
8.379999995231628418e-01
8.240000009536743164e-01
1.162999987602233887e+00
9.129999876022338867e-01
1.909000039100646973e+00
2.370000034570693970e-01
4.800000041723251343e-02
1.824000000953674316e+00
2.664000034332275391e+00
7.030000090599060059e-01
4.269999861717224121e-01
4.210000038146972656e-01
2.569999992847442627e-01
2.163000106811523438e+00
3.199999928474426270e-01
2.269999980926513672e-01
5.450000166893005371e-01
1.829999983310699463e-01
1.154999971389770508e+00
1.350000053644180298e-01
5.350000262260437012e-01
6.570000052452087402e-01
2.240000009536743164e+00
3.700000047683715820e-02
6.959999799728393555e-01
2.779999971389770508e-01
2.200999975204467773e+00
3.600000143051147461e-01
2.339999973773956299e-01
3.009999990463256836e-01
1.899999976158142090e-01
8.849999904632568359e-01
3.190000057220458984e-01
2.800000011920928955e-01
6.869999766349792480e-01
5.749999880790710449e-01
1.093999981880187988e+00
7.220000028610229492e-01
4.659999907016754150e-01
3.829999864101409912e-01
6.430000066757202148e-01
2.809999883174896240e-01
1.190000057220458984e+00
1.729999929666519165e-01
1.979999989271163940e-01
8.019999861717224121e-01
2.253999948501586914e+00
1.705000042915344238e+00
8.799999952316284180e-02
2.179999947547912598e-01
1.157999992370605469e+00
7.549999952316284180e-01
4.199999943375587463e-02
1.208999991416931152e+00
1.930000036954879761e-01
1.009999990463256836e+00
2.579999864101409912e-01
2.809999883174896240e-01
1.840000033378601074e+00
1.220000013709068298e-01
8.799999952316284180e-02
1.629999995231628418e+00
1.230000019073486328e+00
6.290000081062316895e-01
3.996000051498413086e+00
1.784000039100646973e+00
1.496999979019165039e+00
2.328999996185302734e+00
1.167000055313110352e+00
2.280000001192092896e-01
4.779999852180480957e-01
6.520000100135803223e-01
4.469999969005584717e-01
1.139000058174133301e+00
1.620000004768371582e-01
1.669999957084655762e-01
4.379999935626983643e-01
7.160000205039978027e-01
1.570000052452087402e-01
5.999999865889549255e-02
3.335999965667724609e+00
2.825000047683715820e+00
1.360000014305114746e+00
5.270000100135803223e-01
1.999999955296516418e-02
4.110000133514404297e-01
8.180000185966491699e-01
3.639999926090240479e-01
2.644999980926513672e+00
2.948999881744384766e+00
1.159999966621398926e+00
1.621999979019165039e+00
1.099999994039535522e-02
3.599999845027923584e-02
8.999999612569808960e-03
3.391999959945678711e+00
2.469999939203262329e-01
1.508999943733215332e+00
3.370000123977661133e-01
1.250000000000000000e-01
7.570000290870666504e-01
6.940000057220458984e-01
5.600000172853469849e-02
6.620000004768371582e-01
1.233000040054321289e+00
3.889999985694885254e-01
1.687000036239624023e+00
6.579999923706054688e-01
5.199999809265136719e-01
5.009999871253967285e-01
7.500000298023223877e-02
4.169999957084655762e-01
1.389000058174133301e+00
5.368999958038330078e+00
1.519999951124191284e-01
1.649999976158142090e+00
4.079999923706054688e-01
6.600000262260437012e-01
3.479999899864196777e-01
7.590000033378601074e-01
1.190000027418136597e-01
1.840000003576278687e-01
1.093000054359436035e+00
1.447000026702880859e+00
3.719000101089477539e+00
5.329999923706054688e-01
4.830000102519989014e-01
7.139999866485595703e-01
1.399000048637390137e+00
6.700000166893005371e-02
1.949999928474426270e-01
9.399999678134918213e-02
1.988999962806701660e+00
1.860000044107437134e-01
3.100000023841857910e-01
1.470000028610229492e+00
1.463999986648559570e+00
5.450000166893005371e-01
9.810000061988830566e-01
3.339999914169311523e-01
4.399999976158142090e-02
1.802999973297119141e+00
3.476999998092651367e+00
1.838999986648559570e+00
1.979999989271163940e-01
5.920000076293945312e-01
1.195999979972839355e+00
1.953999996185302734e+00
1.023000001907348633e+00
1.690000057220458984e+00
2.560000121593475342e-01
3.630000054836273193e-01
1.110000014305114746e-01
5.279999971389770508e-01
4.760000109672546387e-01
8.780000209808349609e-01
8.320000171661376953e-01
7.979999780654907227e-01
3.901000022888183594e+00
7.770000100135803223e-01
7.800000160932540894e-02
8.460000157356262207e-01
5.350000262260437012e-01
5.979999899864196777e-01
4.799999892711639404e-01
2.246999979019165039e+00
6.919999718666076660e-01
8.690000176429748535e-01
4.050000011920928955e-01
2.199999988079071045e-01
6.930000185966491699e-01
1.106999993324279785e+00
2.233000040054321289e+00
1.093000054359436035e+00
1.315000057220458984e+00
8.200000226497650146e-02
2.529999911785125732e-01
9.190000295639038086e-01
5.419999957084655762e-01
4.799999892711639404e-01
8.100000023841857910e-02
1.400000005960464478e-01
3.540000021457672119e-01
2.779999971389770508e-01
6.309999823570251465e-01
1.371000051498413086e+00
1.129999980330467224e-01
3.589999973773956299e-01
2.000000094994902611e-03
2.253000020980834961e+00
3.619999885559082031e-01
4.375000000000000000e+00
7.810000181198120117e-01
1.953999996185302734e+00
1.700000017881393433e-01
1.949999928474426270e-01
1.490000009536743164e+00
1.650000065565109253e-01
1.475999951362609863e+00
3.470000028610229492e-01
1.010000035166740417e-01
4.659999907016754150e-01
7.779999971389770508e-01
4.500000178813934326e-02
9.269999861717224121e-01
3.000000026077032089e-03
1.379999965429306030e-01
1.055999994277954102e+00
9.470000267028808594e-01
1.718999981880187988e+00
2.890000045299530029e-01
4.670000076293945312e-01
1.902999997138977051e+00
1.259999990463256836e+00
8.259999752044677734e-01
2.078999996185302734e+00
3.639999926090240479e-01
4.140000045299530029e-01
1.213999986648559570e+00
1.850000023841857910e-01
3.269999921321868896e-01
1.039999961853027344e+00
1.702999949455261230e+00
1.628999948501586914e+00
2.099999971687793732e-02
1.159000039100646973e+00
4.909999966621398926e-01
7.239999771118164062e-01
2.150000035762786865e-01
2.890000045299530029e-01
8.799999952316284180e-01
3.610000014305114746e-01
7.910000085830688477e-01
2.756000041961669922e+00
2.400000020861625671e-02
5.019999742507934570e-01
1.550000011920928955e-01
8.809999823570251465e-01
3.389999866485595703e-01
5.900000035762786865e-02
1.376000046730041504e+00
8.999999761581420898e-01
8.100000023841857910e-02
1.360000073909759521e-01
1.059999987483024597e-01
1.437000036239624023e+00
4.600000008940696716e-02
6.600000262260437012e-01
2.483999967575073242e+00
2.095999956130981445e+00
1.125000000000000000e+00
3.569999933242797852e-01
2.540000081062316895e-01
8.320000171661376953e-01
3.630000054836273193e-01
1.279000043869018555e+00
5.299999937415122986e-02
2.879999876022338867e-01
5.499999970197677612e-02
6.269999742507934570e-01
6.909999847412109375e-01
7.210000157356262207e-01
1.238999962806701660e+00
3.036999940872192383e+00
1.270000040531158447e-01
1.049999967217445374e-01
1.404000043869018555e+00
4.189999997615814209e-01
2.315999984741210938e+00
2.311000108718872070e+00
1.342000007629394531e+00
3.199999928474426270e-01
3.689999878406524658e-01
3.980000019073486328e-01
2.529999911785125732e-01
9.700000286102294922e-02
8.640000224113464355e-01
5.318999767303466797e+00
3.299999982118606567e-02
1.588999986648559570e+00
9.279999732971191406e-01
1.126999974250793457e+00
4.659999907016754150e-01
1.449999958276748657e-01
1.209999993443489075e-01
1.140000000596046448e-01
6.320000290870666504e-01
2.663000106811523438e+00
3.200000151991844177e-02
5.529999732971191406e-01
6.300000101327896118e-02
3.059999942779541016e-01
8.429999947547912598e-01
6.199999898672103882e-02
7.329999804496765137e-01
1.861999988555908203e+00
2.199999988079071045e-01
6.320000290870666504e-01
3.900000080466270447e-02
2.200999975204467773e+00
5.600000172853469849e-02
1.143000006675720215e+00
7.730000019073486328e-01
4.040000140666961670e-01
1.669999957084655762e+00
8.909999728202819824e-01
4.276999950408935547e+00
1.008000016212463379e+00
1.299999952316284180e-01
3.339999914169311523e-01
1.149999976158142090e+00
3.149999976158142090e-01
2.549999952316284180e-01
1.044999957084655762e+00
5.080000162124633789e-01
3.619999885559082031e-01
1.223999977111816406e+00
5.879999995231628418e-01
3.030000030994415283e-01
3.625000000000000000e+00
2.509999871253967285e-01
4.390000104904174805e-01
1.815000057220458984e+00
4.899999871850013733e-02
2.306999921798706055e+00
8.699999749660491943e-02
2.790000140666961670e-01
4.480000138282775879e-01
2.075999975204467773e+00
2.308000087738037109e+00
1.260000020265579224e-01
8.730000257492065430e-01
4.999999888241291046e-03
5.519999861717224121e-01
5.720000267028808594e-01
9.440000057220458984e-01
2.105999946594238281e+00
6.759999990463256836e-01
4.659999907016754150e-01
8.149999976158142090e-01
1.462000012397766113e+00
5.649999976158142090e-01
1.270000040531158447e-01
3.499999940395355225e-01
5.499999970197677612e-02
1.575000047683715820e+00
1.059999942779541016e+00
1.437999963760375977e+00
9.600000083446502686e-02
1.078999996185302734e+00
1.139999985694885254e+00
5.099999904632568359e-01
8.200000226497650146e-02
3.630000054836273193e-01
2.750000059604644775e-01
9.300000220537185669e-02
2.119999974966049194e-01
6.110000014305114746e-01
1.478999972343444824e+00
6.000000238418579102e-01
1.350000023841857910e+00
1.044000029563903809e+00
9.499999880790710449e-01
4.460000097751617432e-01
6.400000303983688354e-02
1.516999959945678711e+00
1.314000010490417480e+00
6.449999809265136719e-01
1.340000033378601074e-01
6.320000290870666504e-01
4.499999880790710449e-01
6.199999898672103882e-02
1.427999973297119141e+00
1.400000043213367462e-02
1.476999998092651367e+00
1.430000066757202148e-01
1.907999992370605469e+00
9.399999976158142090e-01
1.379999965429306030e-01
2.660000026226043701e-01
8.780000209808349609e-01
3.799999877810478210e-02
1.407999992370605469e+00
2.450000047683715820e-01
1.616000056266784668e+00
7.919999957084655762e-01
9.700000286102294922e-02
4.669000148773193359e+00
1.452999949455261230e+00
1.190999984741210938e+00
7.509999871253967285e-01
7.139999866485595703e-01
1.485999941825866699e+00
5.900000035762786865e-02
6.400000303983688354e-02
1.654000043869018555e+00
1.006999969482421875e+00
2.129999995231628418e-01
3.489000082015991211e+00
4.900000095367431641e-01
2.282000064849853516e+00
9.399999678134918213e-02
1.519999951124191284e-01
9.210000038146972656e-01
4.390000104904174805e-01
1.959999948740005493e-01
6.999999880790710449e-01
5.000000000000000000e-01
1.082000017166137695e+00
3.709999918937683105e-01
2.639999985694885254e-01
7.250000238418579102e-01
6.019999980926513672e-01
3.750000000000000000e-01
1.771999955177307129e+00
9.539999961853027344e-01
3.799999952316284180e-01
3.900000080466270447e-02
1.230999946594238281e+00
3.129999935626983643e-01
1.026999950408935547e+00
8.199999928474426270e-01
1.345000028610229492e+00
2.138999938964843750e+00
1.572000026702880859e+00
8.699999749660491943e-02
4.124000072479248047e+00
8.149999976158142090e-01
4.699999988079071045e-01
1.300000026822090149e-02
1.120000034570693970e-01
2.556999921798706055e+00
1.866000056266784668e+00
3.330000042915344238e-01
6.859999895095825195e-01
6.100000068545341492e-02
2.737999916076660156e+00
1.154999971389770508e+00
7.540000081062316895e-01
1.139000058174133301e+00
6.300000101327896118e-02
7.429999709129333496e-01
4.449999928474426270e-01
1.707999944686889648e+00
3.829999864101409912e-01
2.520000040531158447e-01
2.365999937057495117e+00
2.240000069141387939e-01
3.400000035762786865e-01
4.569999873638153076e-01
3.989999890327453613e-01
1.710000038146972656e-01
3.129999935626983643e-01
1.345000028610229492e+00
1.052000045776367188e+00
7.400000095367431641e-02
1.674000024795532227e+00
5.759999752044677734e-01
5.400000214576721191e-01
2.980000078678131104e-01
1.029000043869018555e+00
5.989999771118164062e-01
2.052000045776367188e+00
4.650000035762786865e-01
8.100000023841857910e-02
2.072000026702880859e+00
1.949999928474426270e-01
5.500000119209289551e-01
8.629999756813049316e-01
1.180000007152557373e-01
9.449999928474426270e-01
6.869999766349792480e-01
1.959999948740005493e-01
1.710000038146972656e-01
1.269000053405761719e+00
4.499999880790710449e-01
3.900000080466270447e-02
1.991999983787536621e+00
8.320000171661376953e-01
2.199999988079071045e-01
4.979999959468841553e-01
4.510000050067901611e-01
1.246999979019165039e+00
8.510000109672546387e-01
1.040000021457672119e-01
1.230000033974647522e-01
6.880000233650207520e-01
1.355000019073486328e+00
9.700000286102294922e-02
4.500000178813934326e-02
1.457999944686889648e+00
2.070000022649765015e-01
3.670000135898590088e-01
8.180000185966491699e-01
7.379999756813049316e-01
4.920000135898590088e-01
3.999999910593032837e-02
2.249999940395355225e-01
3.449999988079071045e-01
1.123999953269958496e+00
1.427999973297119141e+00
1.521000027656555176e+00
2.026000022888183594e+00
2.890000045299530029e-01
1.799999922513961792e-02
5.770000219345092773e-01
1.979999989271163940e-01
1.990000009536743164e-01
2.318000078201293945e+00
8.040000200271606445e-01
2.247999906539916992e+00
8.100000023841857910e-02
2.039999961853027344e-01
5.630000233650207520e-01
1.809999942779541016e-01
7.350000143051147461e-01
2.621999979019165039e+00
1.016000032424926758e+00
1.790000051259994507e-01
1.266000032424926758e+00
1.434000015258789062e+00
2.351000070571899414e+00
2.829999923706054688e-01
1.939000010490417480e+00
1.570999979972839355e+00
4.160000085830688477e-01
6.100000143051147461e-01
3.500000014901161194e-02
4.699999988079071045e-01
2.815999984741210938e+00
3.359999954700469971e-01
2.840000092983245850e-01
2.879999876022338867e-01
1.800000071525573730e-01
2.820000052452087402e-01
1.636000037193298340e+00
1.067999958992004395e+00
5.759999752044677734e-01
1.023000001907348633e+00
3.729999959468841553e-01
8.399999886751174927e-02
1.770000010728836060e-01
1.049000024795532227e+00
5.059999823570251465e-01
7.459999918937683105e-01
4.370000064373016357e-01
1.207999944686889648e+00
8.999999761581420898e-01
6.899999827146530151e-02
6.140000224113464355e-01
6.759999990463256836e-01
2.160000056028366089e-01
1.187000036239624023e+00
9.269999861717224121e-01
4.690000116825103760e-01
2.910000085830688477e-01
3.030000030994415283e-01
1.570000052452087402e-01
7.730000019073486328e-01
9.010000228881835938e-01
6.399999856948852539e-01
6.639999747276306152e-01
7.000000029802322388e-02
1.519000053405761719e+00
2.150000035762786865e-01
5.900000035762786865e-02
2.861000061035156250e+00
6.100000068545341492e-02
1.909999996423721313e-01
9.459999799728393555e-01
9.459999799728393555e-01
1.379999965429306030e-01
1.350000053644180298e-01
2.500000037252902985e-02
2.134999990463256836e+00
2.660000085830688477e+00
2.750000059604644775e-01
7.049999833106994629e-01
9.359999895095825195e-01
1.143000006675720215e+00
3.575000047683715820e+00
1.190000027418136597e-01
1.391999959945678711e+00
1.000000014901161194e-01
6.219999790191650391e-01
1.628999948501586914e+00
2.750000059604644775e-01
1.199000000953674316e+00
2.509999871253967285e-01
8.040000200271606445e-01
3.729999959468841553e-01
1.386000037193298340e+00
6.320000290870666504e-01
3.569999933242797852e-01
7.400000095367431641e-02
1.238999962806701660e+00
1.590000033378601074e+00
2.540000081062316895e-01
3.980000019073486328e-01
1.371999979019165039e+00
2.720000147819519043e-01
9.110000133514404297e-01
4.546999931335449219e+00
2.609999895095825195e+00
2.052999973297119141e+00
2.826999902725219727e+00
7.990000247955322266e-01
1.766000032424926758e+00
1.896000027656555176e+00
5.000000074505805969e-02
1.469999998807907104e-01
2.689999938011169434e-01
3.598999977111816406e+00
1.825999975204467773e+00
3.219999969005584717e-01
1.620000004768371582e-01
7.360000014305114746e-01
1.116000056266784668e+00
2.380000054836273193e-01
1.391000032424926758e+00
1.459999978542327881e-01
3.950000107288360596e-01
1.366000056266784668e+00
7.129999995231628418e-01
4.530000090599060059e-01
8.259999752044677734e-01
2.520000040531158447e-01
3.389999866485595703e-01
1.809999942779541016e+00
8.820000290870666504e-01
2.930999994277954102e+00
1.603999972343444824e+00
6.159999966621398926e-01
7.549999952316284180e-01
1.241999983787536621e+00
1.353000044822692871e+00
1.281000018119812012e+00
1.582999944686889648e+00
9.190000295639038086e-01
4.269999861717224121e-01
1.235000014305114746e+00
5.469999909400939941e-01
2.169999927282333374e-01
2.770000100135803223e-01
6.280000209808349609e-01
2.216000080108642578e+00
2.870000004768371582e-01
9.819999933242797852e-01
4.500000178813934326e-02
4.040000140666961670e-01
1.164999961853027344e+00
7.360000014305114746e-01
8.399999737739562988e-01
7.409999966621398926e-01
4.600000008940696716e-02
1.256000041961669922e+00
1.213000059127807617e+00
1.850000023841857910e-01
6.439999938011169434e-01
6.499999761581420898e-01
1.192999958992004395e+00
9.200000017881393433e-02
1.416000008583068848e+00
7.559999823570251465e-01
2.865999937057495117e+00
2.280000001192092896e-01
1.503000020980834961e+00
1.136000037193298340e+00
1.616000056266784668e+00
1.868999958038330078e+00
2.800000011920928955e-01
1.072000026702880859e+00
6.999999880790710449e-01
5.400000214576721191e-01
6.400000303983688354e-02
1.700000017881393433e-01
2.310000061988830566e-01
1.400000043213367462e-02
2.000000029802322388e-01
3.025000095367431641e+00
2.460000067949295044e-01
1.103000044822692871e+00
8.069999814033508301e-01
7.199999690055847168e-02
5.320000052452087402e-01
6.100000068545341492e-02
1.072999954223632812e+00
2.480999946594238281e+00
1.539999991655349731e-01
1.840000033378601074e+00
1.759999990463256836e-01
1.588000059127807617e+00
6.460000276565551758e-01
1.410000026226043701e-01
1.715000033378601074e+00
3.840000033378601074e-01
6.449999809265136719e-01
1.802999973297119141e+00
3.299999982118606567e-02
3.013000011444091797e+00
1.445000052452087402e+00
1.271000027656555176e+00
2.349999994039535522e-01
1.779999971389770508e+00
8.309999704360961914e-01
6.599999964237213135e-02
3.370000123977661133e-01
3.529999852180480957e-01
1.358999967575073242e+00
3.599999845027923584e-02
