6.051000118255615234e+00
1.796000003814697266e+00
1.357369995117187500e+02
1.099800014495849609e+01
1.069099998474121094e+01
2.222500038146972656e+01
8.431300354003906250e+01
2.027400016784667969e+01
3.480099868774414062e+01
1.466899967193603516e+01
8.911000251770019531e+00
2.175200080871582031e+01
3.046299934387207031e+01
9.524000167846679688e+00
6.748000335693359375e+01
1.235999941825866699e+00
1.115799999237060547e+01
1.334300041198730469e+01
1.866000056266784668e+00
1.091600036621093750e+01
6.760000228881835938e+00
5.770999908447265625e+00
4.175000190734863281e+00
8.771700286865234375e+01
3.990599822998046875e+01
1.917499923706054688e+01
2.093499946594238281e+01
2.943799972534179688e+01
4.798099899291992188e+01
3.775000000000000000e+01
6.637000083923339844e+00
6.363399887084960938e+01
1.932500076293945312e+01
6.045000076293945312e+00
2.859799957275390625e+01
1.964399909973144531e+01
4.098999977111816406e+00
1.386499977111816406e+01
9.706999778747558594e+00
1.058300018310546875e+01
2.677999973297119141e+00
3.028400039672851562e+01
3.892999887466430664e+00
4.556499862670898438e+01
2.722800064086914062e+01
5.100999832153320312e+00
1.339000034332275391e+01
5.795000076293945312e+00
8.744000434875488281e+00
4.698999881744384766e+00
4.696000099182128906e+00
4.208000183105468750e+01
8.965999603271484375e+00
2.016000032424926758e+00
1.741999983787536621e+00
4.040999984741210938e+01
9.680999755859375000e+00
4.192999839782714844e+00
1.695100021362304688e+01
9.952999877929687500e+01
1.127299976348876953e+01
1.998999953269958496e+00
1.046899986267089844e+01
2.401000022888183594e+00
3.763999938964843750e+00
2.836999893188476562e+00
1.044940032958984375e+02
8.491000175476074219e+00
7.715000152587890625e+00
1.400800037384033203e+01
2.464900016784667969e+01
1.434099960327148438e+01
3.166399955749511719e+01
1.127499961853027344e+01
8.814000129699707031e+00
1.358199977874755859e+01
7.727899932861328125e+01
7.960000038146972656e+00
9.036000251770019531e+00
1.554599952697753906e+01
9.800999641418457031e+00
3.415000152587890625e+01
6.541999816894531250e+00
2.506599998474121094e+01
8.387999534606933594e+00
4.507999897003173828e+00
5.489999771118164062e+00
4.712500000000000000e+01
4.191999912261962891e+00
3.754800033569335938e+01
4.119999885559082031e+00
4.409099960327148438e+01
4.090000152587890625e+00
1.765399932861328125e+01
4.605000019073486328e+00
5.533999919891357422e+00
2.792000055313110352e+00
4.467100143432617188e+01
4.166999816894531250e+00
3.973500061035156250e+01
1.722200012207031250e+01
8.945600128173828125e+01
4.324999809265136719e+00
2.095800018310546875e+01
6.418000221252441406e+00
2.073900032043457031e+01
2.348100090026855469e+01
2.712100028991699219e+01
1.656699943542480469e+01
5.853000164031982422e+00
4.804100036621093750e+01
3.940000057220458984e+00
3.472700119018554688e+01
3.021100044250488281e+01
7.204199981689453125e+01
1.164000034332275391e+00
2.190000057220458984e+00
4.632300186157226562e+01
3.880000114440917969e+00
8.163999557495117188e+00
2.565099906921386719e+01
6.942600250244140625e+01
3.362799835205078125e+01
5.147499847412109375e+01
1.198400020599365234e+01
1.171650009155273438e+02
1.751000046730041504e+00
8.456999778747558594e+00
3.340700149536132812e+01
6.775000095367431641e+00
1.272299957275390625e+01
1.035599994659423828e+01
1.168099975585937500e+01
1.889200019836425781e+01
1.627000045776367188e+01
8.361699676513671875e+01
2.086999893188476562e+00
2.290099906921386719e+01
1.057199954986572266e+01
7.494999885559082031e+00
6.836999893188476562e+00
1.961300086975097656e+01
3.242100143432617188e+01
3.062999963760375977e+00
3.796799850463867188e+01
3.490499877929687500e+01
6.002999782562255859e+00
2.756000041961669922e+00
2.684199905395507812e+01
4.256000041961669922e+00
9.373999595642089844e+00
2.825200080871582031e+01
3.163599967956542969e+01
6.321000099182128906e+00
4.825099945068359375e+01
1.850900077819824219e+01
1.248299980163574219e+01
9.086000442504882812e+00
1.150599956512451172e+01
3.479800033569335938e+01
7.693999767303466797e+00
7.115000152587890625e+01
6.281000137329101562e+00
4.367000102996826172e+00
1.994499969482421875e+01
4.838999938964843750e+01
2.550000000000000000e+01
2.301000022888183594e+01
1.090299987792968750e+01
2.871500015258789062e+01
2.447200012207031250e+01
4.967000007629394531e+00
7.793000221252441406e+00
7.768299865722656250e+01
7.622000217437744141e+00
7.020700073242187500e+01
4.112400054931640625e+01
2.895800018310546875e+01
1.565400028228759766e+01
1.519299983978271484e+01
1.044099998474121094e+01
6.347000122070312500e+00
4.073799896240234375e+01
2.661000013351440430e+00
2.045899963378906250e+01
2.693799972534179688e+01
7.105400085449218750e+01
3.065999984741210938e+00
5.848400115966796875e+01
1.296000003814697266e+01
4.644999980926513672e+00
9.187000274658203125e+00
1.493299961090087891e+01
1.560099983215332031e+01
5.749399948120117188e+01
1.021000027656555176e+00
1.161200046539306641e+01
1.901199913024902344e+01
4.855000019073486328e+00
7.521999835968017578e+00
4.013999938964843750e+00
5.911899948120117188e+01
9.126999855041503906e+00
4.583599853515625000e+01
2.581000089645385742e+00
2.594599914550781250e+01
2.688999891281127930e+00
2.060499954223632812e+01
7.182000160217285156e+00
4.723000049591064453e+00
7.627999782562255859e+00
1.304699993133544922e+01
2.287999916076660156e+01
7.762000083923339844e+00
1.240799999237060547e+01
3.988399887084960938e+01
2.023000001907348633e+00
3.244200134277343750e+01
2.279800033569335938e+01
2.968199920654296875e+01
1.273299980163574219e+01
1.251210021972656250e+02
4.688600158691406250e+01
3.948199844360351562e+01
3.681999921798706055e+00
8.440999984741210938e+00
2.178199958801269531e+01
2.203700065612792969e+01
4.379000186920166016e+00
1.117129974365234375e+02
9.647000312805175781e+00
7.094999790191650391e+00
8.538000106811523438e+00
1.842000007629394531e+01
3.322299957275390625e+01
1.581499958038330078e+01
1.962100028991699219e+01
2.108699989318847656e+01
1.222299957275390625e+01
3.722200012207031250e+01
8.378999710083007812e+00
1.082699966430664062e+01
2.546599960327148438e+01
2.192600059509277344e+01
4.025000095367431641e+00
1.957200050354003906e+01
2.099699974060058594e+01
4.844900131225585938e+01
4.859400177001953125e+01
1.178800010681152344e+01
2.304000091552734375e+01
3.080599975585937500e+01
3.080299949645996094e+01
1.802499961853027344e+01
3.631999969482421875e+00
9.112999916076660156e+00
5.059000015258789062e+00
4.190999984741210938e+00
4.708100128173828125e+01
2.122500038146972656e+01
5.118000030517578125e+01
2.702400016784667969e+01
1.016060028076171875e+02
1.132999992370605469e+01
4.243500137329101562e+01
3.250299835205078125e+01
2.165999984741210938e+01
4.756999969482421875e+00
9.215000152587890625e+00
3.573999881744384766e+00
2.084900093078613281e+01
4.958000183105468750e+00
4.651399993896484375e+01
3.803999900817871094e+00
2.880500030517578125e+01
1.567099952697753906e+01
1.097900009155273438e+01
1.503999948501586914e+00
2.724999904632568359e+00
5.209500122070312500e+01
4.612999916076660156e+00
1.843000030517578125e+01
3.115099906921386719e+01
1.134399986267089844e+01
2.716200065612792969e+01
1.129899978637695312e+01
4.613000106811523438e+01
7.564000129699707031e+00
5.467999935150146484e+00
1.370100021362304688e+01
3.345800018310546875e+01
6.431000232696533203e+00
6.480999946594238281e+00
2.115900039672851562e+01
1.333800029754638672e+01
3.099200057983398438e+01
7.015999794006347656e+00
4.053699874877929688e+01
1.836100006103515625e+01
5.592999935150146484e+00
5.217000007629394531e+00
6.252399826049804688e+01
2.897000074386596680e+00
2.862199974060058594e+01
7.985000133514404297e+00
2.150699996948242188e+01
1.415100002288818359e+01
7.270999908447265625e+00
1.254500007629394531e+01
7.758699798583984375e+01
5.581999778747558594e+00
7.143000125885009766e+00
4.889400100708007812e+01
4.850600051879882812e+01
3.901300048828125000e+01
2.236000061035156250e+00
5.955999851226806641e+00
2.668700027465820312e+01
3.240999937057495117e+00
5.197200012207031250e+01
4.346099853515625000e+01
3.251200103759765625e+01
1.114799976348876953e+01
3.420000076293945312e+00
3.301100158691406250e+01
1.733900070190429688e+01
3.904999971389770508e+00
9.647999763488769531e+00
4.162799835205078125e+01
6.472000122070312500e+00
1.578400039672851562e+01
4.796799850463867188e+01
4.288000106811523438e+00
1.468200016021728516e+01
1.871299934387207031e+01
5.464000225067138672e+00
1.119299983978271484e+01
2.076300048828125000e+01
4.322000026702880859e+00
2.068899917602539062e+01
2.936899948120117188e+01
3.398699951171875000e+01
6.303999900817871094e+00
3.016699981689453125e+01
2.571100044250488281e+01
1.399699974060058594e+01
3.249000072479248047e+00
1.513700008392333984e+01
2.498200035095214844e+01
3.444499969482421875e+01
3.595000028610229492e+00
4.058700180053710938e+01
4.945000171661376953e+00
1.294799995422363281e+01
3.573799896240234375e+01
3.093400001525878906e+01
1.054699993133544922e+01
3.593399810791015625e+01
5.936100006103515625e+01
1.278100013732910156e+01
8.503999710083007812e+00
2.481100082397460938e+01
1.203999996185302734e+00
3.580799865722656250e+01
1.421000003814697266e+01
2.880299949645996094e+01
1.822699928283691406e+01
5.215999984741210938e+01
3.202399826049804688e+01
1.324600028991699219e+01
2.481999969482421875e+01
2.606800079345703125e+01
3.293000030517578125e+01
9.399000167846679688e+00
1.063500022888183594e+01
1.359399986267089844e+01
1.074199962615966797e+01
1.655599975585937500e+01
2.011100006103515625e+01
1.036499977111816406e+01
1.945800018310546875e+01
6.650000095367431641e+00
4.721500015258789062e+01
6.506999969482421875e+00
1.544299983978271484e+01
5.537000179290771484e+00
2.027300071716308594e+01
1.062160034179687500e+02
2.262000083923339844e+00
6.277999877929687500e+00
2.434799957275390625e+01
2.223999977111816406e+00
7.776000022888183594e+00
8.338700103759765625e+01
1.524660034179687500e+02
3.855999946594238281e+00
4.907999992370605469e+00
4.481999874114990234e+00
1.534099960327148438e+01
4.209000110626220703e+00
5.252999782562255859e+00
2.602000045776367188e+01
6.349999904632568359e+00
1.423299980163574219e+01
5.986999988555908203e+00
5.324700164794921875e+01
1.060999989509582520e+00
1.075500011444091797e+01
6.263000011444091797e+00
3.837599945068359375e+01
6.539000034332275391e+00
1.995100021362304688e+01
7.554999828338623047e+00
3.294200134277343750e+01
5.458800125122070312e+01
2.149099922180175781e+01
9.508000373840332031e+00
1.023799991607666016e+01
4.424800109863281250e+01
1.799799919128417969e+01
5.899300003051757812e+01
6.822999954223632812e+00
3.983999967575073242e+00
7.914999961853027344e+00
2.477999925613403320e+00
3.559999942779541016e+00
1.355599975585937500e+01
6.862999916076660156e+00
1.515900039672851562e+01
2.764900016784667969e+01
6.144000053405761719e+00
8.090000152587890625e-01
3.148999929428100586e+00
2.841200065612792969e+01
2.974699974060058594e+01
5.589000225067138672e+00
6.507199859619140625e+01
4.454999923706054688e+00
5.546000003814697266e+00
3.838000059127807617e+00
3.983000040054321289e+00
1.769899940490722656e+01
1.225100040435791016e+01
2.457799911499023438e+01
2.421999931335449219e+00
4.920000135898590088e-01
1.743000030517578125e+00
2.324300003051757812e+01
5.536399841308593750e+01
5.622999954223632812e+01
7.999000072479248047e+00
4.993799972534179688e+01
2.105800056457519531e+01
8.718999862670898438e+00
8.424500274658203125e+01
5.301000118255615234e+00
3.187599945068359375e+01
3.763000106811523438e+01
5.958599853515625000e+01
9.831999778747558594e+00
1.790099906921386719e+01
4.823500061035156250e+01
1.509099960327148438e+01
1.132600021362304688e+01
5.421000003814697266e+00
1.033699989318847656e+01
9.347999572753906250e+00
5.434000015258789062e+00
2.683600044250488281e+01
1.464799976348876953e+01
9.027700042724609375e+01
4.296000003814697266e+00
1.038300037384033203e+01
1.988599967956542969e+01
2.425200080871582031e+01
9.105999946594238281e+00
3.066999912261962891e+00
2.907000064849853516e+00
6.809000015258789062e+00
2.536800003051757812e+01
3.115999937057495117e+00
2.187599945068359375e+01
4.549800109863281250e+01
1.849799919128417969e+01
1.290400028228759766e+01
2.716099929809570312e+01
2.070400047302246094e+01
2.504000091552734375e+01
4.701000213623046875e+00
4.014799880981445312e+01
3.566099929809570312e+01
6.479000091552734375e+00
2.686000061035156250e+01
2.438100051879882812e+01
1.209700012207031250e+01
5.775000000000000000e+01
2.869999885559082031e+00
2.513000011444091797e+00
3.984999895095825195e+00
7.821600341796875000e+01
2.471899986267089844e+01
1.222200012207031250e+01
2.823999881744384766e+00
7.659999847412109375e+00
5.597000122070312500e+00
5.256999969482421875e+00
4.008999824523925781e+00
9.175000000000000000e+01
1.267000007629394531e+01
1.564200019836425781e+01
3.114000082015991211e+00
5.471000194549560547e+00
6.710999965667724609e+00
3.206499862670898438e+01
3.105900001525878906e+01
3.430400085449218750e+01
1.257600021362304688e+01
1.267500019073486328e+01
1.275899982452392578e+01
4.151000022888183594e+00
1.818099975585937500e+01
3.539000034332275391e+00
1.414700031280517578e+01
5.146400070190429688e+01
1.224800014495849609e+01
1.471500015258789062e+01
4.925299835205078125e+01
9.784999847412109375e+00
4.887000083923339844e+00
7.478000164031982422e+00
6.962999820709228516e+00
2.553899955749511719e+01
1.245400047302246094e+01
3.660000085830688477e+00
1.450800037384033203e+01
8.163999557495117188e+00
5.045600128173828125e+01
5.507999897003173828e+00
2.360899925231933594e+01
1.107499980926513672e+01
1.017500019073486328e+01
2.853000068664550781e+01
5.026000022888183594e+00
1.266199970245361328e+01
8.576999664306640625e+00
1.696800041198730469e+01
1.825000000000000000e+01
3.506999969482421875e+00
1.559000015258789062e+00
5.512000083923339844e+00
2.659600067138671875e+01
7.581999778747558594e+00
2.323999881744384766e+00
1.055799961090087891e+01
1.260799980163574219e+01
3.772100067138671875e+01
2.672400093078613281e+01
1.399000048637390137e+00
1.272500038146972656e+01
8.392999649047851562e+00
9.833999633789062500e+00
1.924600028991699219e+01
5.625999927520751953e+00
1.613999962806701660e+00
9.074000358581542969e+00
1.204899978637695312e+01
2.201300048828125000e+01
2.199200057983398438e+01
2.111999988555908203e+00
6.750999927520751953e+00
8.697999954223632812e+00
9.531000137329101562e+00
7.250900268554687500e+01
7.346000194549560547e+00
5.926000118255615234e+00
1.207600021362304688e+01
4.151900100708007812e+01
5.747000217437744141e+00
5.585999965667724609e+00
2.914000034332275391e+00
4.407000064849853516e+00
2.819000053405761719e+01
1.838999986648559570e+00
1.971400070190429688e+01
4.280000209808349609e+00
5.672200012207031250e+01
1.585000038146972656e+00
3.881299972534179688e+01
8.848999977111816406e+00
1.332299995422363281e+01
3.683399963378906250e+01
2.626499938964843750e+01
1.057139968872070312e+02
2.526399993896484375e+01
3.746900177001953125e+01
5.317999839782714844e+00
1.269499969482421875e+01
4.480999946594238281e+00
2.148200035095214844e+01
2.153000116348266602e+00
2.467300033569335938e+01
2.341000080108642578e+00
3.574499893188476562e+01
2.805999946594238281e+01
7.484000205993652344e+00
4.930799865722656250e+01
1.662800025939941406e+01
3.197800064086914062e+01
2.469099998474121094e+01
5.370299911499023438e+01
2.202199935913085938e+01
2.878100013732910156e+01
1.060200023651123047e+01
1.018400001525878906e+01
8.772999763488769531e+00
1.348400020599365234e+01
1.385799980163574219e+01
2.427000045776367188e+00
2.099200057983398438e+01
1.868300056457519531e+01
3.246699905395507812e+01
2.470899963378906250e+01
5.557000160217285156e+00
1.365579986572265625e+02
2.128400039672851562e+01
2.586000061035156250e+01
3.993000030517578125e+00
1.706599998474121094e+01
6.475999832153320312e+00
7.032900238037109375e+01
3.262599945068359375e+01
1.305200004577636719e+01
1.448400020599365234e+01
2.126700019836425781e+01
2.849999904632568359e+00
6.724999904632568359e+00
2.160000085830688477e+00
2.938299942016601562e+01
6.447999954223632812e+00
3.125200080871582031e+01
2.062000083923339844e+01
9.317800140380859375e+01
6.214899826049804688e+01
1.194200038909912109e+01
4.475999832153320312e+00
2.586999893188476562e+00
1.440900039672851562e+01
1.693499946594238281e+01
1.605200004577636719e+01
3.296000003814697266e+00
7.513999938964843750e+00
3.362300109863281250e+01
1.298269958496093750e+02
1.660700035095214844e+01
2.619899940490722656e+01
1.231200027465820312e+01
1.742099952697753906e+01
4.254000186920166016e+00
5.943000030517578125e+01
1.997800064086914062e+01
5.625999927520751953e+00
8.845000267028808594e+00
7.010000228881835938e+00
1.912999916076660156e+01
3.585000038146972656e+00
2.291799926757812500e+01
3.118300056457519531e+01
9.442999839782714844e+00
9.998000144958496094e+00
2.287700080871582031e+01
3.279199981689453125e+01
2.626600074768066406e+01
5.204999923706054688e+00
7.032999992370605469e+00
4.366899871826171875e+01
4.215599822998046875e+01
2.885799980163574219e+01
6.271999835968017578e+00
3.313999891281127930e+00
1.785499954223632812e+01
6.434600067138671875e+01
1.371100044250488281e+01
7.639999866485595703e+00
5.211299896240234375e+01
2.862500000000000000e+01
9.531999588012695312e+00
3.956000089645385742e+00
6.719999790191650391e+00
6.034999847412109375e+00
9.993399810791015625e+01
1.821999931335449219e+01
1.108199977874755859e+01
6.671999931335449219e+00
2.406200027465820312e+01
1.280900001525878906e+01
1.076500034332275391e+01
1.253000020980834961e+00
1.351099967956542969e+01
3.270000076293945312e+01
3.430000066757202148e+00
3.063400077819824219e+01
3.225199890136718750e+01
2.604400062561035156e+01
2.388299942016601562e+01
4.721599960327148438e+01
2.692900085449218750e+01
3.343799972534179688e+01
1.522599983215332031e+01
4.185400009155273438e+01
1.481799983978271484e+01
2.609099960327148438e+01
1.634999990463256836e+00
3.544100189208984375e+01
3.951499938964843750e+01
2.344000053405761719e+01
8.708999633789062500e+01
1.030200004577636719e+01
1.008899974822998047e+01
2.656699943542480469e+01
8.206999778747558594e+00
2.680999994277954102e+00
5.309000015258789062e+00
2.740999937057495117e+00
5.198899841308593750e+01
6.054100036621093750e+01
2.344300079345703125e+01
2.083200073242187500e+01
2.156699943542480469e+01
3.613899993896484375e+01
9.381900024414062500e+01
1.278400039672851562e+01
1.205900001525878906e+01
3.012299919128417969e+01
4.060999870300292969e+00
2.323999881744384766e+00
1.633799934387207031e+01
6.407999992370605469e+00
7.743999958038330078e+00
4.528999805450439453e+00
1.570999979972839355e+00
4.430099868774414062e+01
1.599400043487548828e+01
1.391399955749511719e+01
6.463800048828125000e+01
8.954999923706054688e+00
4.941999912261962891e+00
1.168200016021728516e+01
8.158999633789062500e+01
5.560400009155273438e+01
4.534400177001953125e+01
2.769499969482421875e+01
3.183799934387207031e+01
2.582099914550781250e+01
6.606400299072265625e+01
5.196200180053710938e+01
1.150000000000000000e+01
1.272999954223632812e+01
1.424899959564208984e+01
1.819300079345703125e+01
7.571000099182128906e+00
3.719300079345703125e+01
1.687100028991699219e+01
2.013800048828125000e+01
3.162199974060058594e+01
1.614599990844726562e+01
6.310999870300292969e+00
3.354000091552734375e+00
2.335999965667724609e+00
6.684999942779541016e+00
1.396800041198730469e+01
5.266099929809570312e+01
8.992199707031250000e+01
5.230999946594238281e+00
8.451000213623046875e+00
2.577099990844726562e+01
1.356599998474121094e+01
6.616000175476074219e+00
1.188899993896484375e+01
1.767200088500976562e+01
6.890999794006347656e+00
9.906999588012695312e+00
1.621899986267089844e+01
2.952499961853027344e+01
5.486000061035156250e+00
3.065000057220458984e+00
6.440000057220458984e+00
1.041499996185302734e+01
5.888999938964843750e+00
4.000199890136718750e+01
3.625999927520751953e+00
1.022599983215332031e+01
6.769000053405761719e+00
6.066899871826171875e+01
6.338299942016601562e+01
3.328099822998046875e+01
7.057000160217285156e+00
8.081999778747558594e+00
9.758000373840332031e+00
6.908999919891357422e+00
4.326000213623046875e+00
1.366199970245361328e+01
2.889599990844726562e+01
5.379999876022338867e-01
4.816299819946289062e+01
1.948200035095214844e+01
5.362900161743164062e+01
7.600999832153320312e+00
1.796000003814697266e+00
6.842999935150146484e+00
2.238500022888183594e+01
1.746100044250488281e+01
8.519200134277343750e+01
1.492099952697753906e+01
1.061689987182617188e+02
2.895000076293945312e+01
1.096940002441406250e+02
9.654999732971191406e+00
3.516400146484375000e+01
1.629899978637695312e+01
1.734399986267089844e+01
6.984000205993652344e+00
7.065499877929687500e+01
1.574300003051757812e+01
5.145999908447265625e+00
4.749000072479248047e+00
2.208099937438964844e+01
1.427299976348876953e+01
1.809199905395507812e+01
3.539999961853027344e+00
8.780000209808349609e-01
1.691500091552734375e+01
3.377000093460083008e+00
2.882999897003173828e+00
1.228800010681152344e+01
6.926200103759765625e+01
3.596500015258789062e+01
3.641000032424926758e+00
5.445299911499023438e+01
1.598999977111816406e+01
8.166000366210937500e+00
1.661899948120117188e+01
1.293999958038330078e+01
3.990000009536743164e+00
2.484499931335449219e+01
3.810000121593475342e-01
1.393999958038330078e+01
2.118000030517578125e+00
7.675000190734863281e+00
1.850000023841857910e+00
3.586500167846679688e+01
3.293999910354614258e+00
4.402999877929687500e+00
2.877599906921386719e+01
5.183000087738037109e+00
3.480999946594238281e+00
3.712500000000000000e+01
2.048200035095214844e+01
4.285999774932861328e+00
3.620600128173828125e+01
6.503900146484375000e+01
5.188000202178955078e+00
9.170999526977539062e+00
6.144800186157226562e+01
1.873999977111816406e+01
1.779400062561035156e+01
5.809999942779541016e+00
4.168000221252441406e+00
3.003499984741210938e+01
1.494299983978271484e+01
8.987000465393066406e+00
4.431200027465820312e+01
4.252999782562255859e+00
1.529100036621093750e+01
6.067999839782714844e+00
2.960999965667724609e+00
3.578000068664550781e+00
9.770999908447265625e+00
4.541999816894531250e+00
9.227999687194824219e+00
4.956200027465820312e+01
1.077000045776367188e+01
1.258899974822998047e+01
4.554399871826171875e+01
3.073900032043457031e+01
5.958200073242187500e+01
1.110000038146972656e+01
1.543000030517578125e+01
3.036300086975097656e+01
4.411899948120117188e+01
7.585999965667724609e+00
9.840999603271484375e+00
7.173300170898437500e+01
4.413199996948242188e+01
1.548299980163574219e+01
6.542099761962890625e+01
8.773000335693359375e+01
7.500999927520751953e+00
1.493799972534179688e+01
1.015199966430664062e+02
5.026999950408935547e+00
2.236999988555908203e+00
5.663000106811523438e+00
1.284399986267089844e+01
4.191400146484375000e+01
9.748999595642089844e+00
1.895100021362304688e+01
5.674000167846679688e+01
8.768699645996093750e+01
1.310700035095214844e+01
3.250299835205078125e+01
1.548999977111816406e+01
2.279800033569335938e+01
6.000899887084960938e+01
1.216399955749511719e+01
4.394999980926513672e+00
2.047400093078613281e+01
5.974999904632568359e+00
1.803199958801269531e+01
2.168999910354614258e+00
8.050999641418457031e+00
7.934000015258789062e+00
3.531200027465820312e+01
8.899000167846679688e+00
1.195100021362304688e+01
1.333899974822998047e+01
6.755000114440917969e+00
3.466699981689453125e+01
2.820400047302246094e+01
5.668600082397460938e+01
6.752999782562255859e+00
7.739999771118164062e+00
1.813899993896484375e+01
2.003000020980834961e+00
4.436299896240234375e+01
5.243000030517578125e+00
2.141200065612792969e+01
4.620999813079833984e+00
5.006000041961669922e+00
2.589299964904785156e+01
1.952000021934509277e+00
1.494999980926513672e+01
1.438000011444091797e+01
4.835200119018554688e+01
1.093939971923828125e+02
4.776000022888183594e+00
2.630599975585937500e+01
1.586699962615966797e+01
1.470999956130981445e+00
4.204100036621093750e+01
1.255700016021728516e+01
3.554499816894531250e+01
4.567999839782714844e+00
7.768000125885009766e+00
1.715800094604492188e+01
1.751899909973144531e+01
4.344999790191650391e+00
2.635700035095214844e+01
1.486900043487548828e+01
7.238999843597412109e+00
2.094499969482421875e+01
9.104000091552734375e+00
2.122699928283691406e+01
2.195400047302246094e+01
3.347000122070312500e+01
1.108699989318847656e+01
1.390699958801269531e+01
1.145600032806396484e+01
2.818000030517578125e+01
3.588000059127807617e+00
6.334000110626220703e+00
2.671400070190429688e+01
1.718999981880187988e+00
2.942499923706054688e+01
1.032860031127929688e+02
2.737299919128417969e+01
6.083900070190429688e+01
4.212999820709228516e+00
1.161999940872192383e+00
1.179800033569335938e+01
1.860899925231933594e+01
5.278999805450439453e+00
3.914899826049804688e+01
4.141699981689453125e+01
2.609499931335449219e+01
5.487999916076660156e+00
2.377000093460083008e+00
5.801900100708007812e+01
2.525099945068359375e+01
1.605599975585937500e+01
2.378999948501586914e+00
2.029000091552734375e+01
3.922999954223632812e+01
2.967000007629394531e+00
4.050000190734863281e+00
1.972999954223632812e+01
1.729899978637695312e+01
3.516999959945678711e+00
1.033800029754638672e+01
1.089700031280517578e+01
4.192100143432617188e+01
