3.551801953125000000e+04
1.251885253906250000e+04
1.291654687500000000e+05
6.566878125000000000e+04
3.688905000000000000e+05
4.827716015625000000e+04
2.758819726562500000e+04
8.983068750000000000e+04
3.439438964843750000e+03
5.418889770507812500e+02
2.832902500000000000e+05
1.536974414062500000e+04
5.601929199218750000e+03
3.724288085937500000e+03
3.821654052734375000e+03
1.762317968750000000e+04
6.998406250000000000e+04
3.559034375000000000e+04
1.015396015625000000e+05
1.754526000976562500e+03
2.400819091796875000e+03
8.717000122070312500e+02
3.099547119140625000e+03
5.676366015625000000e+04
1.513342343750000000e+05
1.570846289062500000e+04
2.590045781250000000e+05
2.814819946289062500e+02
4.289169921875000000e+02
2.096166992187500000e+03
1.214213671875000000e+04
1.260984985351562500e+03
1.968571484375000000e+04
8.209133125000000000e+05
7.006046093750000000e+04
5.387913085937500000e+03
8.248410034179687500e+02
1.091495971679687500e+03
8.891186523437500000e+03
2.135371093750000000e+03
3.410169921875000000e+04
2.013220507812500000e+04
1.081432006835937500e+03
8.269203125000000000e+03
5.750538085937500000e+03
1.646434960937500000e+04
3.107650976562500000e+04
3.952523925781250000e+03
1.047964965820312500e+03
2.343914531250000000e+05
1.378259375000000000e+05
1.862555312500000000e+05
9.416900024414062500e+02
1.875801562500000000e+05
3.050070703125000000e+04
3.467020625000000000e+05
6.192407226562500000e+03
6.210466015625000000e+04
1.947751757812500000e+04
3.607434082031250000e+03
7.465269775390625000e+02
7.969281250000000000e+04
1.045201049804687500e+03
3.093013125000000000e+05
1.693915039062500000e+03
1.503966406250000000e+04
4.760809936523437500e+02
2.870732910156250000e+03
5.424112792968750000e+03
2.100825195312500000e+04
3.239130273437500000e+04
2.738758750000000000e+05
4.741469921875000000e+04
3.478712500000000000e+05
1.352822021484375000e+03
3.527882080078125000e+03
1.201087036132812500e+03
4.853560000000000000e+05
5.765161132812500000e+03
1.225641640625000000e+05
1.296236621093750000e+04
1.599036914062500000e+04
1.361640991210937500e+03
4.591248046875000000e+04
4.179227050781250000e+03
1.034703671875000000e+05
7.994120312500000000e+04
2.118756250000000000e+04
7.169400024414062500e+01
2.027437968750000000e+05
1.766193554687500000e+04
4.013884033203125000e+03
1.234418046875000000e+05
8.621999740600585938e+00
8.173528906250000000e+04
9.959547851562500000e+03
7.347643750000000000e+04
9.205304687500000000e+03
5.513777734375000000e+04
7.637338867187500000e+03
4.264920043945312500e+02
8.024098144531250000e+03
4.802923828125000000e+03
3.582432812500000000e+04
2.540658935546875000e+03
7.018490625000000000e+04
3.299982910156250000e+03
1.058668945312500000e+03
3.915223125000000000e+05
4.427900878906250000e+03
1.286924218750000000e+04
4.548445800781250000e+03
7.754359741210937500e+02
9.435360107421875000e+02
1.219603125000000000e+04
2.425011718750000000e+04
2.711332031250000000e+03
2.174667187500000000e+04
8.700438476562500000e+03
1.841228027343750000e+03
6.090007812500000000e+03
7.350772949218750000e+03
1.361203979492187500e+03
2.214865468750000000e+05
2.864487890625000000e+04
1.885213085937500000e+04
1.279688183593750000e+04
2.346016113281250000e+03
9.732532812500000000e+04
5.805135156250000000e+04
4.989599375000000000e+05
1.159473999023437500e+03
6.652961250000000000e+05
1.578928593750000000e+05
2.049364990234375000e+03
3.065439453125000000e+04
2.811018750000000000e+04
1.587267944335937500e+03
8.867761250000000000e+05
1.465779052734375000e+03
1.152006718750000000e+05
1.367227500000000000e+05
1.976600074768066406e+01
1.140599975585937500e+03
4.667020019531250000e+03
2.090532421875000000e+04
1.804878593750000000e+05
3.693704101562500000e+03
2.179916992187500000e+04
5.082890136718750000e+03
1.202274296875000000e+05
3.259836914062500000e+03
1.342436875000000000e+05
2.064945468750000000e+05
3.052017089843750000e+03
3.775866250000000000e+05
1.466334375000000000e+05
8.738439941406250000e+02
2.950895996093750000e+03
3.448321093750000000e+04
5.307547851562500000e+03
4.065536250000000000e+05
1.340404052734375000e+03
1.901009033203125000e+03
1.211140722656250000e+04
1.932418750000000000e+04
1.881410064697265625e+02
2.030654052734375000e+03
1.352140045166015625e+02
7.976164062500000000e+04
6.509320068359375000e+02
2.743326562500000000e+04
2.506029968261718750e+02
5.257303222656250000e+03
4.504389953613281250e+02
2.045237060546875000e+03
4.251795312500000000e+04
1.739890991210937500e+03
1.687940429687500000e+04
1.806217500000000000e+05
2.277421093750000000e+04
4.810284687500000000e+05
2.231086328125000000e+04
3.400683593750000000e+04
9.072000122070312500e+01
1.530662963867187500e+03
3.839700012207031250e+02
2.172841992187500000e+04
5.200045312500000000e+04
3.046560058593750000e+02
8.186710205078125000e+02
2.373300018310546875e+02
8.573450195312500000e+03
1.627880000000000000e+05
2.363653076171875000e+03
1.702172851562500000e+04
7.034083007812500000e+03
3.982519921875000000e+04
2.677666992187500000e+03
1.024969970703125000e+03
1.170365966796875000e+03
1.277902109375000000e+05
5.532336718750000000e+04
4.724992187500000000e+03
5.020571484375000000e+04
9.583982031250000000e+04
6.432182128906250000e+03
1.852799987792968750e+01
1.876044726562500000e+04
2.384690234375000000e+04
4.423775878906250000e+03
1.222615722656250000e+04
3.025097187500000000e+05
5.133501953125000000e+03
6.787048828125000000e+03
6.543332031250000000e+03
5.565520996093750000e+03
2.406321875000000000e+05
1.382578808593750000e+04
8.454207500000000000e+05
2.607773281250000000e+05
1.458182968750000000e+05
9.537979736328125000e+02
4.372199218750000000e+03
3.381626953125000000e+03
2.551356933593750000e+03
6.732888183593750000e+03
6.905871093750000000e+04
2.329991210937500000e+04
2.843340148925781250e+02
2.021536010742187500e+03
2.272645019531250000e+03
8.052942968750000000e+04
1.788750000000000000e+05
1.224625683593750000e+04
1.829318554687500000e+04
3.910856933593750000e+03
2.145983593750000000e+04
2.760131250000000000e+04
2.386213281250000000e+05
2.765812011718750000e+03
1.732376953125000000e+03
1.234340722656250000e+04
3.936478906250000000e+04
3.923623437500000000e+04
1.237208007812500000e+03
2.194287109375000000e+03
3.578100097656250000e+03
2.953054931640625000e+03
6.482044921875000000e+03
8.531406250000000000e+03
4.552765136718750000e+03
1.710275937500000000e+05
4.665271972656250000e+03
4.483295000000000000e+05
2.691913867187500000e+04
1.635470937500000000e+05
2.219989929199218750e+02
2.724131054687500000e+04
2.377958125000000000e+05
3.181526250000000000e+05
3.015390014648437500e+02
3.177568554687500000e+04
1.469404003906250000e+04
4.633327187500000000e+05
1.345514355468750000e+04
6.704035156250000000e+03
3.844136962890625000e+03
2.549212890625000000e+03
3.034159912109375000e+03
1.871718359375000000e+04
1.728975952148437500e+03
9.709425781250000000e+03
3.298864013671875000e+03
2.751390429687500000e+04
9.101715000000000000e+05
4.914739990234375000e+02
1.852908281250000000e+05
1.397675048828125000e+03
1.259755004882812500e+03
9.936445312500000000e+03
2.988301025390625000e+03
5.895112890625000000e+04
3.477087109375000000e+04
4.413394531250000000e+04
1.398938964843750000e+03
3.464726074218750000e+03
1.860600090026855469e+01
7.418863769531250000e+03
1.479027734375000000e+04
8.485386718750000000e+03
1.163425390625000000e+04
2.135302001953125000e+03
2.288330273437500000e+04
4.268267187500000000e+04
4.568903808593750000e+03
8.055800170898437500e+02
1.060807006835937500e+03
5.628270996093750000e+03
1.549080047607421875e+02
8.650519531250000000e+04
7.740925781250000000e+04
4.188577187500000000e+05
9.198523437500000000e+03
6.410262890625000000e+04
3.578112060546875000e+03
2.493976953125000000e+04
3.196240039062500000e+04
1.426695312500000000e+04
3.224950195312500000e+04
2.236439843750000000e+04
5.181209716796875000e+02
1.189017944335937500e+03
3.197928955078125000e+03
8.799532031250000000e+04
1.437041992187500000e+03
6.256496875000000000e+05
4.808420104980468750e+02
1.734394062500000000e+05
2.172591406250000000e+04
9.452219848632812500e+02
8.756918750000000000e+04
1.549094375000000000e+05
2.625674414062500000e+04
3.221400146484375000e+02
9.668439941406250000e+02
7.368589843750000000e+03
5.913300170898437500e+02
4.514394062500000000e+05
1.003555175781250000e+04
5.861924804687500000e+03
2.721387890625000000e+04
3.192493896484375000e+03
4.901770019531250000e+02
1.758004028320312500e+03
1.454816015625000000e+04
3.799747070312500000e+03
1.265282958984375000e+03
1.687476171875000000e+04
4.303568847656250000e+03
1.819394531250000000e+04
1.021073906250000000e+05
2.678779907226562500e+02
2.496958007812500000e+03
7.957116210937500000e+03
4.041185937500000000e+04
2.159069976806640625e+02
4.683902734375000000e+04
5.005449687500000000e+05
2.494929531250000000e+05
2.904865000000000000e+05
1.270110015869140625e+02
7.132661132812500000e+03
9.867979736328125000e+02
2.539526757812500000e+04
3.869678955078125000e+03
3.834830017089843750e+02
4.374280090332031250e+02
3.893199951171875000e+03
7.165910625000000000e+05
5.828820190429687500e+02
1.589057226562500000e+04
1.368663906250000000e+05
1.067089160156250000e+04
5.786567187500000000e+04
7.335884765625000000e+03
1.188868437500000000e+05
5.096910095214843750e+02
1.234331953125000000e+05
7.781033593750000000e+04
4.438732812500000000e+04
6.898632031250000000e+04
1.775473437500000000e+05
2.131920625000000000e+05
8.041021093750000000e+04
4.329029687500000000e+04
1.512819531250000000e+05
1.106253515625000000e+05
4.199421093750000000e+04
6.425627734375000000e+04
6.171469726562500000e+02
7.592720312500000000e+04
5.789588867187500000e+03
3.351864375000000000e+05
3.421319885253906250e+02
2.849707500000000000e+05
1.415962500000000000e+06
1.391173950195312500e+03
3.237938750000000000e+05
1.267760009765625000e+02
5.300039062500000000e+03
1.361897500000000000e+05
2.154024902343750000e+03
8.545235351562500000e+03
3.185172656250000000e+04
4.551544921875000000e+03
1.335231562500000000e+05
5.348808125000000000e+05
1.653577148437500000e+04
5.227574218750000000e+03
3.195802500000000000e+05
1.923015991210937500e+03
7.045146875000000000e+04
3.542175048828125000e+03
1.050059967041015625e+02
2.598038085937500000e+03
3.563320625000000000e+05
4.641319531250000000e+04
5.807249755859375000e+02
7.034612792968750000e+03
1.839758056640625000e+03
1.901300048828125000e+02
4.402224375000000000e+05
4.470303906250000000e+04
1.597059936523437500e+02
2.278377929687500000e+03
2.344724804687500000e+04
1.566953125000000000e+04
3.450302812500000000e+05
2.303035742187500000e+04
2.137629882812500000e+03
2.512330017089843750e+02
9.801108398437500000e+03
1.762387939453125000e+03
6.115410156250000000e+02
3.760843125000000000e+05
7.853433105468750000e+03
2.619284912109375000e+03
5.625617187500000000e+04
1.026560058593750000e+03
1.245157958984375000e+03
1.679854003906250000e+03
7.712984375000000000e+04
1.537031005859375000e+03
5.374154785156250000e+03
9.272925781250000000e+03
2.793757080078125000e+03
6.501740234375000000e+04
9.155243750000000000e+04
1.728686523437500000e+04
3.611961328125000000e+04
3.375315625000000000e+04
4.660516113281250000e+03
4.828599218750000000e+04
1.304276269531250000e+04
1.190062011718750000e+03
2.047070703125000000e+04
6.043280761718750000e+03
5.548592773437500000e+03
5.695446777343750000e+03
5.036732187500000000e+05
2.473596093750000000e+05
2.588726074218750000e+03
3.729280090332031250e+02
1.518633398437500000e+04
8.914660034179687500e+02
8.630609741210937500e+02
4.474807128906250000e+03
3.297150781250000000e+04
6.375622070312500000e+03
4.072999877929687500e+02
9.576804687500000000e+04
7.785199737548828125e+01
4.294126562500000000e+04
1.694629974365234375e+02
2.476516210937500000e+04
4.950674804687500000e+03
2.129197998046875000e+03
3.028037109375000000e+03
4.592090148925781250e+02
2.539922119140625000e+03
2.514658789062500000e+04
3.904706054687500000e+03
2.238755078125000000e+04
7.290479736328125000e+02
2.950853027343750000e+03
1.275213012695312500e+03
3.196104980468750000e+03
1.831638867187500000e+04
7.019114843750000000e+04
1.049478027343750000e+03
1.482835156250000000e+05
1.114223437500000000e+04
5.429257812500000000e+03
2.524251562500000000e+04
1.248905468750000000e+05
1.087862343750000000e+05
8.362618164062500000e+03
4.588198242187500000e+03
1.024964965820312500e+03
1.977035312500000000e+05
3.969812988281250000e+03
5.975551875000000000e+05
2.039667343750000000e+05
2.407994218750000000e+05
1.441744995117187500e+03
1.443660000000000000e+05
3.119057812500000000e+05
1.553312011718750000e+03
1.768730010986328125e+02
1.520286621093750000e+04
1.424723999023437500e+03
5.949092968750000000e+04
9.169420166015625000e+02
1.921322851562500000e+04
8.196570312500000000e+03
1.493119995117187500e+03
2.202902968750000000e+05
3.255589904785156250e+02
2.145426562500000000e+04
7.675976074218750000e+03
4.568288437500000000e+05
8.323348437500000000e+04
1.149962695312500000e+04
1.191387109375000000e+04
3.529568437500000000e+05
2.340958007812500000e+03
1.969578002929687500e+03
1.297151562500000000e+04
1.124237060546875000e+03
6.185410156250000000e+02
9.507579687500000000e+04
1.612448974609375000e+03
4.894530029296875000e+02
1.471484375000000000e+05
2.815560156250000000e+04
6.898902343750000000e+04
8.037130859375000000e+03
4.711316894531250000e+03
1.705365820312500000e+04
4.677225097656250000e+03
3.441941406250000000e+04
3.460455312500000000e+05
1.345074062500000000e+05
6.494320800781250000e+03
1.222408593750000000e+05
7.845346093750000000e+04
1.803456718750000000e+05
1.847257226562500000e+04
4.978839843750000000e+04
1.985893750000000000e+05
9.487774414062500000e+03
1.293849804687500000e+04
7.601594531250000000e+04
3.164899062500000000e+05
6.406166406250000000e+04
1.729422070312500000e+04
2.922980957031250000e+03
4.465068847656250000e+03
6.884000244140625000e+02
2.717753906250000000e+04
5.873770141601562500e+02
2.336100006103515625e+01
3.021986523437500000e+04
2.585522949218750000e+03
9.724574218750000000e+03
5.832419375000000000e+05
5.962611816406250000e+03
2.199976953125000000e+04
2.292329101562500000e+03
2.289118896484375000e+03
1.155271484375000000e+04
6.284718359375000000e+04
3.025299375000000000e+05
1.273120156250000000e+05
1.584286987304687500e+03
8.788709716796875000e+02
1.727086328125000000e+04
3.966440234375000000e+04
1.016361230468750000e+04
5.508890136718750000e+03
6.854624218750000000e+04
7.056049804687500000e+02
6.727579956054687500e+02
5.706307128906250000e+03
1.427975156250000000e+05
9.895846875000000000e+04
6.819479003906250000e+03
7.356409912109375000e+02
5.315483886718750000e+03
4.676800155639648438e+01
8.924839843750000000e+04
7.359370117187500000e+02
2.032334687500000000e+05
1.860679931640625000e+02
3.442187988281250000e+03
2.831384033203125000e+03
4.638980102539062500e+02
9.121737500000000000e+04
6.201040039062500000e+02
4.856517578125000000e+04
5.698840234375000000e+04
1.863049609375000000e+04
2.205855468750000000e+04
1.588135009765625000e+03
3.105230468750000000e+04
2.768999938964843750e+02
1.898155029296875000e+03
6.798753906250000000e+03
2.850939648437500000e+04
1.119459375000000000e+04
2.336804218750000000e+05
7.892641875000000000e+05
8.484561875000000000e+05
1.338138437500000000e+05
1.973275024414062500e+03
1.034181030273437500e+03
8.854899414062500000e+03
7.968900299072265625e+01
5.506933105468750000e+03
3.080180053710937500e+02
6.786710205078125000e+02
1.645630273437500000e+04
4.682711328125000000e+04
2.598717041015625000e+03
2.546370703125000000e+04
7.718267968750000000e+04
5.693389892578125000e+02
3.517118896484375000e+03
1.418454956054687500e+03
4.246788085937500000e+03
8.590900390625000000e+03
9.932223437500000000e+04
1.643166015625000000e+03
1.134917675781250000e+04
2.289903076171875000e+03
8.194010937500000000e+04
8.248457031250000000e+04
1.256879785156250000e+04
2.966180625000000000e+05
8.086309814453125000e+02
1.322498046875000000e+03
4.883779907226562500e+02
5.522848046875000000e+04
7.239260253906250000e+02
5.080805937500000000e+05
2.559369964599609375e+02
2.654989929199218750e+02
2.006452026367187500e+03
4.889816406250000000e+04
1.635067993164062500e+03
3.825280029296875000e+03
1.434708007812500000e+03
4.666759948730468750e+02
3.451334687500000000e+05
1.338890075683593750e+02
1.617567031250000000e+05
7.157100219726562500e+02
2.018414687500000000e+05
2.273193906250000000e+05
1.592012207031250000e+04
9.795434570312500000e+03
6.780036718750000000e+04
2.654150085449218750e+02
3.429656982421875000e+03
3.390414062500000000e+03
2.689220703125000000e+04
2.908073974609375000e+03
1.427420043945312500e+02
1.682232812500000000e+05
2.373287890625000000e+04
5.451458984375000000e+04
1.818683437500000000e+05
6.837800000000000000e+04
5.896858593750000000e+04
2.330635546875000000e+04
1.085671875000000000e+04
6.364757421875000000e+04
2.293958007812500000e+03
4.218835312500000000e+05
3.964078515625000000e+04
7.983014062500000000e+04
1.046309453125000000e+05
5.202753906250000000e+04
1.982526562500000000e+04
5.925014160156250000e+03
6.001360156250000000e+04
6.023300781250000000e+04
1.074123046875000000e+03
3.974941894531250000e+03
2.525530029296875000e+03
8.328679375000000000e+05
3.745629882812500000e+02
4.393819885253906250e+02
4.750715820312500000e+03
2.353313085937500000e+04
9.229615234375000000e+03
9.385269531250000000e+03
2.299514648437500000e+04
7.443216796875000000e+03
3.059105273437500000e+04
4.661873046875000000e+03
4.368632031250000000e+04
1.079760009765625000e+03
1.760881406250000000e+05
3.867476171875000000e+04
4.561493750000000000e+04
1.367768652343750000e+04
5.868388183593750000e+03
5.541053515625000000e+04
5.714605957031250000e+03
9.911300048828125000e+02
1.629463906250000000e+05
5.272032421875000000e+04
1.768260156250000000e+04
3.339699935913085938e+01
6.351240234375000000e+02
5.807400878906250000e+03
1.805772949218750000e+03
1.268830125000000000e+06
6.621779785156250000e+02
9.256507812500000000e+03
2.867821679687500000e+04
1.745404052734375000e+03
1.492586914062500000e+04
4.699309997558593750e+02
5.183635546875000000e+04
9.293333984375000000e+03
2.728055000000000000e+05
3.643819885253906250e+02
4.594548828125000000e+04
1.503698632812500000e+04
1.189671171875000000e+05
1.157085546875000000e+05
9.384639892578125000e+02
3.565050048828125000e+02
1.228693969726562500e+03
2.157041406250000000e+04
3.727739453125000000e+04
1.966042031250000000e+05
8.723401367187500000e+03
2.255555664062500000e+04
4.723048046875000000e+04
5.625432031250000000e+04
1.366297187500000000e+05
2.078840087890625000e+03
3.085181884765625000e+03
2.150072070312500000e+04
3.006729980468750000e+03
1.918264843750000000e+05
3.898232031250000000e+04
6.792899780273437500e+02
3.459309997558593750e+02
6.157632812500000000e+03
2.477401093750000000e+05
6.474583593750000000e+04
1.050041015625000000e+03
3.484925000000000000e+05
2.409634960937500000e+04
1.151855957031250000e+03
2.573789978027343750e+02
8.095748437500000000e+04
9.329867187500000000e+04
2.732313964843750000e+03
2.554073632812500000e+04
1.286463989257812500e+03
6.754559936523437500e+02
1.821369934082031250e+02
6.325314843750000000e+04
1.643665039062500000e+03
2.641729980468750000e+03
6.550287500000000000e+04
3.344245703125000000e+04
6.180557812500000000e+04
4.027099121093750000e+03
2.142153906250000000e+05
1.973723022460937500e+03
3.023252539062500000e+04
2.813911132812500000e+04
1.845943554687500000e+04
6.068547851562500000e+03
1.420489959716796875e+02
1.390944531250000000e+04
3.597728027343750000e+03
1.703306030273437500e+03
4.131600189208984375e+01
2.512177001953125000e+03
1.019010009765625000e+02
3.656293945312500000e+03
3.272843125000000000e+05
1.107620971679687500e+03
3.806213437500000000e+05
1.000820078125000000e+05
1.765742656250000000e+05
1.072503437500000000e+05
2.783751953125000000e+03
1.386236250000000000e+05
2.930576904296875000e+03
1.945781835937500000e+04
6.345670166015625000e+02
5.660020141601562500e+02
1.142909082031250000e+04
3.488370117187500000e+03
1.410862031250000000e+05
2.292729949951171875e+02
3.287378906250000000e+04
5.428549804687500000e+02
1.506630625000000000e+05
6.588280625000000000e+05
2.007849023437500000e+04
1.621093017578125000e+03
2.411927656250000000e+05
1.640128515625000000e+04
7.064354003906250000e+03
2.071311562500000000e+05
2.494199062500000000e+05
3.841378750000000000e+05
8.260050000000000000e+04
8.108644531250000000e+04
1.510052246093750000e+04
5.874145000000000000e+05
2.155989990234375000e+03
6.008231933593750000e+03
1.405853027343750000e+03
1.943765781250000000e+05
1.643364990234375000e+03
1.169213012695312500e+03
2.932460021972656250e+02
5.166901953125000000e+04
2.366619335937500000e+04
4.383980102539062500e+02
1.271098281250000000e+05
2.022548437500000000e+05
5.315598046875000000e+04
6.147700119018554688e+01
5.908417187500000000e+04
1.304931445312500000e+04
1.695241718750000000e+05
5.239940234375000000e+04
1.941200065612792969e+01
1.096328046875000000e+05
2.840979919433593750e+02
2.905459179687500000e+04
1.350959960937500000e+03
8.797814062500000000e+04
2.417510070800781250e+02
1.855562304687500000e+04
7.213828125000000000e+04
4.379193847656250000e+03
2.626780312500000000e+05
1.593036718750000000e+05
1.918005981445312500e+03
4.396336328125000000e+04
2.167963281250000000e+04
5.432218359375000000e+04
7.437310156250000000e+04
1.747493041992187500e+03
8.397081250000000000e+04
2.414578515625000000e+04
2.458947343750000000e+05
2.564370117187500000e+03
1.802861523437500000e+04
6.807599639892578125e+01
4.505901855468750000e+03
1.358554687500000000e+05
6.031435546875000000e+04
3.291541406250000000e+04
7.521640625000000000e+04
2.340138906250000000e+05
5.260929687500000000e+04
5.784639892578125000e+02
6.556165625000000000e+04
5.827503906250000000e+03
1.300745898437500000e+04
8.783060937500000000e+04
6.598525000000000000e+04
1.031040625000000000e+04
9.759019775390625000e+02
8.588598632812500000e+03
1.483315332031250000e+04
2.673929492187500000e+04
1.384616406250000000e+04
4.267347656250000000e+04
1.571340234375000000e+04
3.934492968750000000e+04
1.027969375000000000e+05
2.273813085937500000e+04
1.409885009765625000e+03
5.467239375000000000e+05
1.282959960937500000e+04
7.015905761718750000e+03
3.304060058593750000e+02
1.629941699218750000e+04
1.081049218750000000e+05
8.150335156250000000e+04
1.379803437500000000e+05
3.617123046875000000e+03
1.120902954101562500e+03
1.273239013671875000e+03
1.635237109375000000e+04
1.338555078125000000e+04
2.597300048828125000e+03
2.467600059509277344e+01
2.650939062500000000e+05
2.324372070312500000e+03
3.771629943847656250e+02
1.234249296875000000e+05
1.029676025390625000e+03
1.878776977539062500e+03
6.636522656250000000e+04
8.953419799804687500e+02
2.022879843750000000e+05
3.894466406250000000e+04
5.638409179687500000e+03
4.857621562500000000e+05
1.038042031250000000e+05
4.045020141601562500e+02
4.769542968750000000e+03
9.177636718750000000e+04
5.127030761718750000e+03
2.467657958984375000e+03
1.822294140625000000e+04
6.531678906250000000e+04
4.845166015625000000e+04
8.294452500000000000e+05
2.450416992187500000e+03
2.665900976562500000e+04
4.836632812500000000e+03
5.668335937500000000e+03
2.045125976562500000e+04
2.198470947265625000e+03
1.945593994140625000e+03
1.617940312500000000e+05
6.343104003906250000e+03
5.805466796875000000e+03
9.898389892578125000e+02
2.004167968750000000e+03
2.628729375000000000e+05
1.930014038085937500e+03
1.889866796875000000e+04
1.482944335937500000e+04
1.483659843750000000e+05
4.962589843750000000e+03
2.404208007812500000e+03
7.632606933593750000e+03
2.504132421875000000e+04
2.634999804687500000e+04
1.172926953125000000e+05
4.388308105468750000e+03
4.365605957031250000e+03
9.106909790039062500e+02
2.728029687500000000e+04
2.960074609375000000e+04
3.288541015625000000e+03
7.255395312500000000e+04
5.041400146484375000e+02
1.039514062500000000e+05
1.365443593750000000e+05
5.275975390625000000e+04
1.693837890625000000e+04
3.943116943359375000e+03
2.250070037841796875e+02
1.612833984375000000e+03
2.392673593750000000e+05
2.093952343750000000e+04
3.549300003051757812e+01
1.642088476562500000e+04
7.855070190429687500e+02
1.608723999023437500e+03
1.126755371093750000e+04
7.607142968750000000e+04
3.005470947265625000e+03
1.485336562500000000e+05
2.745568945312500000e+04
7.098434082031250000e+03
4.951122187500000000e+05
3.953582812500000000e+05
1.018847363281250000e+04
3.024629882812500000e+03
6.409940234375000000e+04
1.587330566406250000e+04
3.438267089843750000e+03
3.551789062500000000e+05
5.613327343750000000e+04
6.945201562500000000e+04
1.381673437500000000e+04
3.622991015625000000e+04
6.002930859375000000e+04
4.960684082031250000e+03
5.267626171875000000e+04
1.099602050781250000e+03
2.105130004882812500e+02
5.699599838256835938e+01
4.510750122070312500e+02
1.082218457031250000e+04
2.187920000000000000e+05
2.605456835937500000e+04
7.804907500000000000e+05
9.034531250000000000e+03
1.122990234375000000e+04
1.862427929687500000e+04
7.638740234375000000e+02
6.810479003906250000e+03
2.575824951171875000e+03
1.335896972656250000e+03
6.140576171875000000e+03
3.597455078125000000e+04
5.613163281250000000e+04
3.270748046875000000e+04
6.224524902343750000e+03
