5.162259375000000000e+04
6.701200103759765625e+01
1.078412011718750000e+04
1.386519238281250000e+04
3.566495117187500000e+03
6.534344531250000000e+04
7.206192871093750000e+03
3.056478710937500000e+04
6.111999988555908203e+00
9.803998046875000000e+03
5.404680175781250000e+02
6.766252929687500000e+03
1.393999958038330078e+01
1.492502734375000000e+04
9.251999855041503906e+00
2.655389892578125000e+03
1.650585937500000000e+04
2.387948974609375000e+03
8.927540039062500000e+03
8.274460937500000000e+03
1.059491308593750000e+04
4.336843359375000000e+04
2.353655664062500000e+04
7.762571777343750000e+03
1.939699935913085938e+01
1.740299987792968750e+02
3.693933593750000000e+04
8.202390136718750000e+02
9.641999816894531250e+01
3.568080859375000000e+04
3.719937109375000000e+04
9.087000274658203125e+01
7.849998046875000000e+03
4.320500183105468750e+01
1.072760009765625000e+02
5.198907812500000000e+04
7.396290283203125000e+02
9.183824218750000000e+03
1.172377832031250000e+04
2.948519897460937500e+02
1.658200073242187500e+01
2.904807617187500000e+04
1.853332421875000000e+04
8.680590209960937500e+02
1.018734667968750000e+04
6.943800354003906250e+01
2.371077880859375000e+03
4.383696875000000000e+04
7.129000091552734375e+01
1.589526977539062500e+03
1.350729980468750000e+02
6.434971484375000000e+04
1.800297460937500000e+04
5.441604980468750000e+03
3.083039855957031250e+02
4.331891796875000000e+04
2.057429931640625000e+03
3.343844970703125000e+03
1.500808984375000000e+04
6.587164062500000000e+04
3.223492919921875000e+03
1.148300018310546875e+02
3.973653076171875000e+03
6.199700164794921875e+01
7.245700073242187500e+01
9.551599884033203125e+01
4.793092968750000000e+04
9.067849731445312500e+02
5.721939697265625000e+02
1.076634277343750000e+04
7.496585937500000000e+03
6.223099899291992188e+01
1.995329492187500000e+04
3.302546093750000000e+04
5.064382812500000000e+03
1.666399955749511719e+01
1.699985000000000000e+05
2.417099952697753906e+01
2.625061035156250000e+03
2.822760009765625000e+02
2.315832031250000000e+03
3.587917187500000000e+04
2.194441894531250000e+03
5.891324609375000000e+04
1.394450073242187500e+02
8.056522656250000000e+04
3.249972460937500000e+04
4.792829895019531250e+02
3.573987890625000000e+04
2.391250195312500000e+04
8.001040039062500000e+03
7.228571875000000000e+04
1.513458203125000000e+04
1.051979980468750000e+02
7.362999916076660156e+00
3.727199935913085938e+01
3.518200781250000000e+04
2.788872070312500000e+04
1.667698437500000000e+04
4.500763183593750000e+03
1.070633056640625000e+03
7.761399841308593750e+01
1.867182812500000000e+04
5.266735546875000000e+04
1.513771679687500000e+04
4.418120117187500000e+02
1.905943554687500000e+04
1.570331054687500000e+03
4.814970092773437500e+02
8.900326562500000000e+04
7.998959960937500000e+02
4.585008593750000000e+04
2.616080017089843750e+02
4.207713671875000000e+04
3.285050048828125000e+02
2.459060058593750000e+02
3.285140075683593750e+02
1.845609375000000000e+04
2.026889953613281250e+02
5.346275781250000000e+04
9.212969970703125000e+02
1.892149218750000000e+04
1.067289962768554688e+02
4.190580859375000000e+04
1.669450781250000000e+04
5.864042968750000000e+03
5.413330078125000000e+02
2.919314453125000000e+04
5.542919921875000000e+02
5.211437011718750000e+03
5.127709960937500000e+02
3.749070129394531250e+02
2.878577148437500000e+04
3.891905468750000000e+04
3.973229980468750000e+02
3.280864062500000000e+04
1.346313867187500000e+04
2.379689941406250000e+02
6.857422851562500000e+03
2.784249218750000000e+04
1.582934375000000000e+04
6.411231933593750000e+03
6.260237792968750000e+03
4.488009765625000000e+03
1.597400054931640625e+02
4.360599899291992188e+01
1.414183398437500000e+04
5.442897265625000000e+04
9.129310302734375000e+02
2.083826757812500000e+04
3.020531250000000000e+04
1.982799911499023438e+01
1.864920043945312500e+02
2.694443115234375000e+03
1.805901562500000000e+04
2.784410095214843750e+02
3.410841406250000000e+04
2.381462890625000000e+03
9.858146484375000000e+03
1.582469940185546875e+02
3.951530151367187500e+02
1.532030029296875000e+02
3.535405468750000000e+04
1.884651000976562500e+03
4.692628515625000000e+04
3.715399932861328125e+01
1.604100036621093750e+01
5.640678125000000000e+04
1.220070037841796875e+02
2.528101367187500000e+04
7.948319702148437500e+02
2.339986914062500000e+04
3.941321875000000000e+04
4.844289855957031250e+02
3.948821093750000000e+04
2.138960156250000000e+04
6.833499755859375000e+02
4.979018359375000000e+04
2.896782958984375000e+03
8.977210083007812500e+02
5.651518066406250000e+03
7.199366210937500000e+03
8.153056250000000000e+04
1.535988964843750000e+04
7.603049218750000000e+04
2.452013867187500000e+04
5.261344238281250000e+03
3.329800033569335938e+01
3.643066015625000000e+04
2.053013476562500000e+04
4.132560119628906250e+02
5.690831054687500000e+03
1.757480078125000000e+04
1.641629101562500000e+04
6.684900878906250000e+03
1.403016503906250000e+04
5.108000183105468750e+01
5.751198242187500000e+03
5.761603125000000000e+04
1.611295605468750000e+04
3.473735937500000000e+04
3.042211523437500000e+04
4.474700164794921875e+01
3.135499954223632812e+01
2.055374023437500000e+04
1.604299926757812500e+01
1.445690002441406250e+02
1.656062695312500000e+04
3.360629882812500000e+02
4.654231640625000000e+04
7.673600006103515625e+01
5.652509765625000000e+02
6.580225000000000000e+04
1.909669921875000000e+04
1.150550003051757812e+02
5.132667968750000000e+03
6.810766113281250000e+03
1.188171386718750000e+04
1.443110046386718750e+02
1.110950012207031250e+02
5.654964843750000000e+04
1.387050488281250000e+04
6.319262890625000000e+04
2.563306835937500000e+04
4.943760070800781250e+02
1.445621582031250000e+04
4.498666015625000000e+04
3.341369934082031250e+02
1.438223339843750000e+04
1.398229980468750000e+02
6.786685937500000000e+04
5.900346875000000000e+04
3.861621484375000000e+04
1.114636816406250000e+04
7.703800201416015625e+01
3.766799926757812500e+01
5.381649780273437500e+02
6.211026855468750000e+03
1.920928125000000000e+04
2.974379882812500000e+02
2.726870117187500000e+02
1.594793261718750000e+04
1.874691406250000000e+04
8.908250000000000000e+04
3.515039978027343750e+02
9.118980102539062500e+02
7.161121875000000000e+04
9.354315429687500000e+03
4.535373437500000000e+04
1.206200027465820312e+01
4.520349121093750000e+03
4.306759948730468750e+02
3.153343164062500000e+04
1.742799949645996094e+01
1.234609985351562500e+02
5.797708007812500000e+03
8.460529785156250000e+02
1.074529589843750000e+04
3.248970031738281250e+02
4.740958203125000000e+04
5.581200027465820312e+01
7.051000118255615234e+00
5.372299957275390625e+01
1.914640045166015625e+02
2.858399963378906250e+01
5.379882812500000000e+04
4.116589965820312500e+02
1.205638281250000000e+04
2.816449890136718750e+02
2.054458593750000000e+04
4.594869995117187500e+02
2.108200073242187500e+01
6.731019897460937500e+02
4.175432128906250000e+03
4.768773046875000000e+04
4.778505859375000000e+03
5.874060058593750000e+02
3.120462500000000000e+04
2.839410095214843750e+02
3.948622265625000000e+04
1.960748242187500000e+04
3.884400177001953125e+01
3.959600067138671875e+01
3.167399978637695312e+01
5.428230957031250000e+03
1.138301562500000000e+04
7.680540039062500000e+03
1.244369964599609375e+02
1.810459960937500000e+03
8.074500122070312500e+02
4.505559082031250000e+03
3.164858593750000000e+04
6.193809814453125000e+02
3.677058984375000000e+04
2.844660034179687500e+02
4.688500061035156250e+02
2.330890045166015625e+02
2.849880664062500000e+04
1.161360015869140625e+02
3.270369873046875000e+02
1.898760070800781250e+02
2.134504882812500000e+04
7.990621093750000000e+03
9.728380126953125000e+02
1.122948925781250000e+04
4.214628515625000000e+04
3.210193115234375000e+03
8.188734863281250000e+03
2.808362500000000000e+04
1.602837036132812500e+03
1.535702148437500000e+04
2.538309936523437500e+02
1.332282128906250000e+04
1.744230041503906250e+02
2.389145898437500000e+04
3.750509948730468750e+02
6.774428222656250000e+03
3.277134033203125000e+03
2.318453515625000000e+04
5.029951171875000000e+04
1.213451464843750000e+04
1.398695214843750000e+04
1.440740625000000000e+05
3.447159375000000000e+04
2.565120117187500000e+03
1.164602441406250000e+04
2.195890045166015625e+02
7.071191406250000000e+04
3.915319531250000000e+04
1.285900020599365234e+01
6.634788281250000000e+04
2.190723242187500000e+04
1.975010742187500000e+04
3.750699996948242188e+01
6.353478515625000000e+04
2.669119873046875000e+02
8.348356250000000000e+04
4.126383593750000000e+04
1.081941796875000000e+04
3.901824951171875000e+03
5.364904785156250000e+03
2.690530090332031250e+02
1.709709930419921875e+02
4.187789062500000000e+04
4.032899856567382812e+01
2.192485546875000000e+04
2.037339648437500000e+04
2.103428955078125000e+03
3.334934375000000000e+04
9.801713867187500000e+03
3.023399925231933594e+01
1.292588012695312500e+03
1.774244995117187500e+03
7.074500122070312500e+02
3.866340026855468750e+02
9.866899871826171875e+01
5.424598828125000000e+04
5.226530859375000000e+04
3.676678955078125000e+03
5.661820068359375000e+02
4.134219140625000000e+04
6.385416015625000000e+04
7.249910156250000000e+03
3.483848828125000000e+04
6.346298828125000000e+03
4.426189880371093750e+02
5.774010009765625000e+02
5.840467187500000000e+04
1.299218261718750000e+04
3.493113037109375000e+03
1.085758056640625000e+03
1.067375000000000000e+03
2.123828125000000000e+04
1.000937500000000000e+04
1.307729949951171875e+02
9.182979736328125000e+02
2.704081054687500000e+04
3.909450073242187500e+02
4.523261230468750000e+03
5.084534765625000000e+04
8.122260131835937500e+02
5.112799835205078125e+01
1.500000000000000000e+01
3.684999847412109375e+01
3.840150390625000000e+04
5.249541015625000000e+03
2.836169921875000000e+03
2.752544140625000000e+04
3.724499893188476562e+01
4.633333593750000000e+04
3.862549609375000000e+04
6.875850219726562500e+02
7.796347167968750000e+03
8.188126953125000000e+03
8.295759887695312500e+02
1.442975390625000000e+04
7.459400177001953125e+01
3.798400115966796875e+01
7.460358593750000000e+04
5.692213867187500000e+03
2.077785351562500000e+04
5.988999843597412109e+00
6.230999946594238281e+00
1.410995996093750000e+04
2.568030090332031250e+02
1.440386523437500000e+04
2.569374023437500000e+03
3.389400100708007812e+01
9.703956054687500000e+03
3.380109863281250000e+02
1.063700008392333984e+01
1.838448828125000000e+04
2.496880468750000000e+04
2.224500083923339844e+01
4.661989453125000000e+04
2.214004687500000000e+04
5.132430078125000000e+04
1.669725781250000000e+04
6.946741406250000000e+04
1.528937597656250000e+04
2.589719848632812500e+02
3.221372070312500000e+03
1.583500003814697266e+01
4.445199966430664062e+01
2.358499908447265625e+01
1.232887011718750000e+04
1.629700088500976562e+01
7.707150268554687500e+02
5.158736718750000000e+04
4.503189941406250000e+03
1.724500083923339844e+01
1.580599902343750000e+04
1.791476171875000000e+04
1.875499916076660156e+01
6.419153125000000000e+04
4.469711914062500000e+03
9.354130859375000000e+03
6.252443847656250000e+03
5.279610546875000000e+04
1.398600006103515625e+01
1.890311328125000000e+04
1.496537890625000000e+04
5.687805859375000000e+04
1.680941796875000000e+04
2.039147949218750000e+03
5.463510131835937500e+02
6.337840625000000000e+04
2.608959960937500000e+03
8.435800170898437500e+01
4.005507421875000000e+04
5.987400054931640625e+01
1.157625000000000000e+04
1.397816894531250000e+04
3.389493359375000000e+04
8.892250000000000000e+03
4.102500152587890625e+01
1.074244018554687500e+03
1.146199989318847656e+01
3.758800048828125000e+02
5.241729736328125000e+02
2.434999942779541016e+00
9.751424804687500000e+03
3.668562011718750000e+03
4.757770080566406250e+02
3.374490051269531250e+02
4.085855468750000000e+04
1.986899948120117188e+01
1.322547500000000000e+05
7.745400238037109375e+01
5.078466406250000000e+04
1.520222045898437500e+03
4.065566796875000000e+04
2.249991601562500000e+04
2.136199951171875000e+01
1.995598999023437500e+03
2.685600090026855469e+01
1.090530014038085938e+02
4.394194140625000000e+04
8.632769775390625000e+02
1.186110000610351562e+02
3.631899902343750000e+03
4.583550109863281250e+02
2.800393554687500000e+04
2.147503320312500000e+04
2.546800041198730469e+01
1.652700042724609375e+02
2.396300048828125000e+02
5.770700073242187500e+01
2.621830139160156250e+02
1.386518847656250000e+04
1.996766210937500000e+04
2.895282812500000000e+04
1.278711230468750000e+04
3.404129943847656250e+02
1.066824023437500000e+04
1.128705781250000000e+05
5.166259765625000000e+02
5.094450073242187500e+02
1.162639999389648438e+02
1.915021484375000000e+04
3.239625195312500000e+04
2.413920898437500000e+03
2.832479492187500000e+04
2.991741210937500000e+04
6.502321777343750000e+03
1.343739929199218750e+02
1.776022460937500000e+04
1.316370971679687500e+03
1.234499804687500000e+04
4.034729919433593750e+02
4.987940063476562500e+02
1.858552978515625000e+03
5.638100051879882812e+01
1.735600090026855469e+01
2.176419335937500000e+04
2.372281054687500000e+04
6.648739062500000000e+04
6.214539794921875000e+02
6.718099975585937500e+01
2.101804687500000000e+04
7.499332031250000000e+03
3.282069531250000000e+04
4.194800186157226562e+01
4.724482421875000000e+04
1.089447021484375000e+03
1.233913183593750000e+04
1.163371289062500000e+04
2.925260937500000000e+04
3.717736328125000000e+04
3.214049987792968750e+02
3.804429687500000000e+04
1.717619531250000000e+04
5.147606933593750000e+03
4.100074218750000000e+03
1.095558398437500000e+04
4.630400085449218750e+01
4.697286132812500000e+03
1.151900005340576172e+01
4.771050781250000000e+04
1.343000030517578125e+01
2.240879974365234375e+02
8.016764160156250000e+03
1.603082421875000000e+04
3.556199951171875000e+02
7.456191894531250000e+03
3.589459375000000000e+04
7.159893066406250000e+03
2.707172119140625000e+03
6.191143066406250000e+03
2.795419921875000000e+02
1.867247851562500000e+04
4.263076171875000000e+03
2.070919921875000000e+04
5.235720703125000000e+04
1.199781640625000000e+04
4.182600021362304688e+01
2.445690917968750000e+03
6.782920898437500000e+03
1.627689971923828125e+02
1.339492578125000000e+04
7.623500061035156250e+01
3.575667187500000000e+04
2.711638867187500000e+04
4.596799850463867188e+01
9.781907226562500000e+03
2.739676757812500000e+04
5.425979003906250000e+03
5.402500000000000000e+02
1.092839965820312500e+02
6.682323437500000000e+04
1.919968945312500000e+04
2.806860046386718750e+02
1.400936621093750000e+04
8.113259887695312500e+02
1.614304003906250000e+04
2.387700042724609375e+02
3.895423437500000000e+04
1.925350952148437500e+03
2.904720898437500000e+04
3.996750976562500000e+03
1.434485742187500000e+04
9.318909179687500000e+03
4.570790625000000000e+04
6.381398925781250000e+03
8.258517578125000000e+03
2.152918164062500000e+04
1.843973242187500000e+04
5.191299819946289062e+01
8.571471679687500000e+03
3.018992187500000000e+04
2.278800195312500000e+04
1.205899707031250000e+04
3.305615966796875000e+03
3.799020996093750000e+03
1.294470062255859375e+02
1.844300079345703125e+01
1.457250061035156250e+02
2.107196044921875000e+03
1.173184375000000000e+04
1.840008203125000000e+04
8.893299865722656250e+01
3.783399963378906250e+01
1.102917968750000000e+03
7.363462890625000000e+03
1.505578417968750000e+04
3.574200057983398438e+01
8.637678710937500000e+03
7.975999832153320312e+00
1.243636962890625000e+03
8.037848144531250000e+03
2.284596923828125000e+03
2.615999937057495117e+00
1.068539962768554688e+02
5.864917968750000000e+03
4.481700134277343750e+01
2.076541796875000000e+04
1.241431933593750000e+04
1.898940039062500000e+04
1.193559570312500000e+04
1.318515625000000000e+04
2.771350585937500000e+04
2.776074414062500000e+04
5.974999904632568359e+00
5.412838671875000000e+04
3.510039978027343750e+02
2.824200057983398438e+01
2.890866406250000000e+04
9.227620239257812500e+02
5.286992968750000000e+04
5.622146875000000000e+04
1.524611425781250000e+04
2.781357617187500000e+04
3.541360107421875000e+03
4.109330139160156250e+02
9.241000366210937500e+01
1.567165039062500000e+03
2.237385156250000000e+04
2.083940917968750000e+03
1.981244018554687500e+03
4.129007812500000000e+04
5.256589965820312500e+02
6.592719726562500000e+02
2.567073437500000000e+04
4.890999984741210938e+01
3.084199905395507812e+01
6.928510131835937500e+02
3.437070007324218750e+02
2.617099952697753906e+01
2.865350036621093750e+02
3.007130126953125000e+02
4.287139892578125000e+02
5.258619995117187500e+02
6.341125390625000000e+04
7.958089843750000000e+04
1.772100067138671875e+01
8.236419921875000000e+03
1.819658593750000000e+04
5.853237792968750000e+03
1.747440032958984375e+02
1.235200023651123047e+01
6.587150268554687500e+02
1.934558984375000000e+04
2.118249023437500000e+03
2.750670117187500000e+04
2.525749023437500000e+03
3.600860546875000000e+04
2.046699905395507812e+01
7.497588867187500000e+03
9.498999595642089844e+00
1.988130035400390625e+02
9.139910156250000000e+03
3.617900085449218750e+01
7.033820800781250000e+03
4.228535156250000000e+04
6.900499725341796875e+01
2.046655664062500000e+04
1.691462500000000000e+04
4.652300390625000000e+04
1.029998730468750000e+04
3.287976074218750000e+03
7.363238769531250000e+03
1.583652636718750000e+04
5.625899887084960938e+01
1.074665527343750000e+04
1.396569976806640625e+02
8.735500335693359375e+01
4.458143066406250000e+03
1.802012695312500000e+04
8.983640136718750000e+02
4.403233203125000000e+04
3.642910888671875000e+03
3.814260546875000000e+04
3.826164062500000000e+03
2.933023242187500000e+04
9.694519531250000000e+03
1.784565820312500000e+04
2.221753320312500000e+04
3.433633593750000000e+04
4.685880859375000000e+03
1.975387695312500000e+04
1.944223632812500000e+04
4.307099914550781250e+01
1.802499961853027344e+01
3.057420898437500000e+03
2.842715625000000000e+04
1.411809997558593750e+02
1.815302001953125000e+03
1.942244995117187500e+03
1.135490036010742188e+02
3.768691406250000000e+04
1.139289843750000000e+04
2.149369140625000000e+04
5.831459960937500000e+02
9.760999679565429688e+00
1.667364257812500000e+04
8.056963867187500000e+03
5.504000091552734375e+01
7.691474121093750000e+03
8.670016601562500000e+03
4.996367578125000000e+04
6.193075195312500000e+03
8.601768554687500000e+03
2.693963085937500000e+04
8.142317871093750000e+03
5.411123046875000000e+04
2.848784570312500000e+04
4.140830078125000000e+02
2.199838671875000000e+04
2.752065429687500000e+04
6.481999969482421875e+01
4.046510009765625000e+03
5.675080468750000000e+04
5.840188964843750000e+03
7.944994140625000000e+03
1.305746777343750000e+04
2.416719140625000000e+04
2.604649963378906250e+02
7.819317871093750000e+03
9.185839843750000000e+03
4.432899856567382812e+01
2.123023632812500000e+04
7.680469970703125000e+02
1.855970001220703125e+02
5.065599822998046875e+01
2.830969848632812500e+02
1.406349945068359375e+02
1.093600006103515625e+02
1.248499965667724609e+01
1.427093017578125000e+03
4.511380004882812500e+02
1.578600006103515625e+02
4.733687988281250000e+03
6.319799804687500000e+03
1.960199928283691406e+01
5.039679870605468750e+02
2.628805908203125000e+03
1.027985742187500000e+04
3.432077343750000000e+04
3.014136328125000000e+04
3.788067578125000000e+04
2.996500015258789062e+01
1.713240051269531250e+02
7.732295898437500000e+03
7.991101074218750000e+03
7.101340625000000000e+04
3.439276562500000000e+04
1.621160644531250000e+04
2.379508203125000000e+04
4.022449951171875000e+02
1.815516210937500000e+04
6.898892089843750000e+03
4.729000091552734375e+00
2.221195507812500000e+04
3.128284960937500000e+04
2.012758789062500000e+04
3.163550109863281250e+02
7.522999763488769531e+00
1.849799919128417969e+01
5.540862792968750000e+03
1.163037963867187500e+03
2.812421484375000000e+04
8.768524414062500000e+03
1.127723437500000000e+04
1.872927539062500000e+04
9.495475585937500000e+03
8.501999855041503906e+00
4.375999927520751953e+00
7.531199645996093750e+01
2.995805078125000000e+04
1.265596093750000000e+04
3.311352050781250000e+03
1.907017773437500000e+04
4.885130004882812500e+02
2.482099914550781250e+01
6.762166992187500000e+03
2.988944140625000000e+04
2.106691796875000000e+04
5.652855078125000000e+04
3.779897656250000000e+04
2.201634033203125000e+03
3.088344970703125000e+03
7.612249755859375000e+02
2.284459991455078125e+02
2.578225195312500000e+04
8.551409179687500000e+03
3.587100097656250000e+03
8.570400238037109375e+01
1.801499938964843750e+02
1.429723339843750000e+04
3.336757812500000000e+04
1.918711132812500000e+04
3.971400070190429688e+01
8.791851562500000000e+03
2.068710742187500000e+04
3.736999893188476562e+01
2.389941601562500000e+04
6.892700195312500000e+01
5.514500045776367188e+01
6.743487792968750000e+03
2.418680468750000000e+04
2.965450134277343750e+02
1.740956054687500000e+04
1.017000007629394531e+01
1.718982055664062500e+03
4.959767089843750000e+03
5.396825195312500000e+03
2.454800033569335938e+01
1.807084960937500000e+03
8.854985351562500000e+03
2.936679992675781250e+02
2.630625976562500000e+04
2.489299964904785156e+01
3.865399932861328125e+01
4.197000122070312500e+01
1.320767968750000000e+04
1.380339965820312500e+02
1.064799976348876953e+01
1.687252343750000000e+04
5.190759887695312500e+02
3.638908203125000000e+04
1.463489990234375000e+02
8.721299743652343750e+01
1.771020050048828125e+02
8.322999954223632812e+00
7.689612792968750000e+03
1.363264355468750000e+04
1.694320068359375000e+02
7.117067871093750000e+03
8.507795898437500000e+03
3.311689941406250000e+03
2.754000091552734375e+01
1.453105273437500000e+04
2.571274218750000000e+04
2.713142968750000000e+04
9.407465820312500000e+03
1.572544140625000000e+04
2.275000095367431641e+00
2.111559570312500000e+04
7.364964843750000000e+03
1.493837036132812500e+03
1.552725585937500000e+04
3.472331054687500000e+03
1.636369934082031250e+02
5.866099929809570312e+01
1.568336816406250000e+04
8.194418945312500000e+03
4.841399902343750000e+03
6.665630859375000000e+03
2.605256250000000000e+04
4.669493164062500000e+03
3.450355957031250000e+03
3.248949023437500000e+04
1.311756835937500000e+04
2.958971679687500000e+04
3.440219921875000000e+04
3.777071044921875000e+03
5.549210546875000000e+04
4.798237792968750000e+03
7.052463867187500000e+03
2.572730102539062500e+02
8.474500274658203125e+01
3.180599975585937500e+01
1.801585156250000000e+04
1.633926025390625000e+03
1.553869934082031250e+02
2.362224218750000000e+04
2.518350781250000000e+04
5.995100021362304688e+01
9.838943750000000000e+04
2.039299926757812500e+02
2.520319976806640625e+02
3.614639892578125000e+02
1.361100006103515625e+01
1.155589981079101562e+02
1.509100036621093750e+02
1.235400009155273438e+01
8.346103515625000000e+03
2.401626953125000000e+03
4.653223437500000000e+04
1.739013085937500000e+04
8.777500152587890625e+01
7.878562988281250000e+03
6.200411132812500000e+03
2.944162890625000000e+04
1.930171020507812500e+03
2.704979687500000000e+04
5.087099838256835938e+01
1.705795043945312500e+03
2.884516601562500000e+04
2.014461132812500000e+04
5.207867968750000000e+04
3.010960546875000000e+04
3.940039978027343750e+02
1.550919952392578125e+02
3.633173046875000000e+04
2.606430078125000000e+04
1.734100952148437500e+03
2.656069946289062500e+02
4.406499862670898438e+01
4.579299926757812500e+01
2.328159942626953125e+02
3.645660937500000000e+04
3.849378906250000000e+04
3.171950073242187500e+02
4.785379943847656250e+02
7.307475097656250000e+03
3.066267089843750000e+03
7.934959716796875000e+02
8.256375000000000000e+03
4.513320007324218750e+02
1.348805053710937500e+03
1.264832617187500000e+04
1.854309997558593750e+02
2.026320037841796875e+02
1.146869609375000000e+05
8.536504882812500000e+03
8.890699768066406250e+01
4.656952148437500000e+03
2.024982031250000000e+04
1.519482128906250000e+04
3.030069885253906250e+02
6.541999816894531250e+00
5.031815234375000000e+04
3.054800033569335938e+01
2.683290100097656250e+02
1.031311816406250000e+04
5.172100067138671875e+01
5.213920288085937500e+02
3.631059875488281250e+02
1.048017285156250000e+04
1.156726269531250000e+04
1.813793945312500000e+03
2.225404687500000000e+04
2.567730102539062500e+02
2.989423095703125000e+03
2.755679931640625000e+02
2.613568164062500000e+04
1.251317343750000000e+05
2.596083007812500000e+03
6.711210937500000000e+04
5.378391113281250000e+03
1.193446679687500000e+04
1.588998339843750000e+04
3.991767578125000000e+04
8.197330078125000000e+03
1.450196044921875000e+03
1.887068359375000000e+04
4.675382812500000000e+03
4.871400070190429688e+01
8.349630126953125000e+02
4.899020080566406250e+02
1.495809936523437500e+02
1.605733007812500000e+04
8.681844726562500000e+03
7.593096875000000000e+04
2.201683105468750000e+03
2.493136914062500000e+04
2.615799865722656250e+02
4.782958203125000000e+04
7.178875000000000000e+03
6.598442871093750000e+03
9.857525390625000000e+03
5.360499954223632812e+01
2.335199928283691406e+01
5.930709838867187500e+02
2.589900016784667969e+01
6.621964062500000000e+04
2.697130126953125000e+02
2.609351367187500000e+04
3.380404052734375000e+03
2.209205078125000000e+03
2.096889953613281250e+02
7.750679687500000000e+04
5.336760253906250000e+02
2.253119964599609375e+02
1.545028125000000000e+04
2.410909375000000000e+04
3.550320312500000000e+04
1.225418945312500000e+03
6.966089062500000000e+04
