9.233090209960937500e+02
7.892479858398437500e+02
3.964520019531250000e+03
4.094687011718750000e+03
3.498601171875000000e+04
5.555687988281250000e+03
9.592849731445312500e+02
1.687460021972656250e+02
8.598049926757812500e+02
2.016636962890625000e+03
4.010577880859375000e+03
3.567200012207031250e+02
1.222078979492187500e+03
2.139644042968750000e+03
4.014179992675781250e+02
1.851162963867187500e+03
7.653090209960937500e+02
9.768400268554687500e+02
6.745380249023437500e+02
1.305006958007812500e+03
4.993303222656250000e+03
1.194093994140625000e+03
1.049425878906250000e+04
1.066605957031250000e+03
2.145677001953125000e+03
6.581970214843750000e+02
1.720036010742187500e+03
1.682669982910156250e+02
1.366802978515625000e+03
1.657545043945312500e+03
2.897132080078125000e+03
1.135859985351562500e+02
8.647999877929687500e+02
4.769719848632812500e+02
1.751561035156250000e+03
1.111671020507812500e+03
1.756790820312500000e+04
2.633819885253906250e+02
1.619691503906250000e+04
1.084901367187500000e+04
3.150498046875000000e+03
8.221800231933593750e+01
1.592375000000000000e+03
7.449219970703125000e+02
1.030734179687500000e+04
3.588952880859375000e+03
6.648989868164062500e+02
8.583300018310546875e+01
2.133252929687500000e+03
8.286085156250000000e+04
4.282430175781250000e+03
2.539239990234375000e+03
8.743250122070312500e+02
1.647256958007812500e+03
8.982800292968750000e+01
7.059456054687500000e+03
1.783527954101562500e+03
1.708699989318847656e+01
5.635360107421875000e+02
1.315509033203125000e+03
9.925399780273437500e+01
2.117102050781250000e+03
3.366480102539062500e+02
2.931875976562500000e+03
4.623349914550781250e+02
5.840319824218750000e+02
2.370388281250000000e+04
6.932899780273437500e+02
2.172655029296875000e+03
1.997279968261718750e+02
9.968159790039062500e+02
2.009717041015625000e+03
1.037243041992187500e+03
5.496580200195312500e+02
2.460368896484375000e+03
3.145910034179687500e+02
6.545590209960937500e+02
2.308499908447265625e+01
5.821209716796875000e+02
3.569389953613281250e+02
3.050366210937500000e+04
6.699349975585937500e+02
1.506602050781250000e+03
1.932321044921875000e+03
3.634145996093750000e+03
8.502449951171875000e+02
6.330199813842773438e+01
1.552151977539062500e+03
5.341900024414062500e+02
1.163399982452392578e+01
4.768800048828125000e+02
2.069033935546875000e+03
5.369306152343750000e+03
7.993099975585937500e+01
2.990379943847656250e+02
6.114634765625000000e+03
7.300260009765625000e+02
2.943930053710937500e+02
1.898943969726562500e+03
4.991329956054687500e+02
1.692723999023437500e+03
7.837300109863281250e+01
3.420863037109375000e+03
3.712369995117187500e+02
8.396749877929687500e+02
3.023039855957031250e+02
1.024708984375000000e+03
6.012830200195312500e+02
3.143000976562500000e+03
8.196900024414062500e+02
3.278514892578125000e+03
7.407530761718750000e+03
6.716510009765625000e+02
1.417625976562500000e+03
1.539220410156250000e+04
1.197880004882812500e+03
1.351114990234375000e+03
2.290216064453125000e+03
1.116970947265625000e+03
7.086209716796875000e+02
1.327548950195312500e+03
8.840949707031250000e+02
2.524038085937500000e+03
3.187099914550781250e+02
7.366909790039062500e+02
1.433472045898437500e+03
5.868649902343750000e+02
9.992800140380859375e+01
2.470237060546875000e+03
4.816340026855468750e+02
1.895223999023437500e+03
8.145449829101562500e+02
7.090789062500000000e+03
5.138369750976562500e+02
2.464839935302734375e+02
1.452579956054687500e+03
1.578676025390625000e+03
1.145857055664062500e+03
3.140823974609375000e+03
3.573900146484375000e+02
7.093029785156250000e+02
1.954029998779296875e+02
5.062019958496093750e+02
4.538229980468750000e+02
2.237873046875000000e+03
2.606699951171875000e+03
7.075720214843750000e+02
3.801799926757812500e+02
5.614190063476562500e+02
9.045189819335937500e+02
2.053320007324218750e+02
2.674180908203125000e+03
3.365880126953125000e+02
8.549340209960937500e+02
5.585709960937500000e+03
3.837999877929687500e+02
7.570230102539062500e+02
9.083380126953125000e+02
4.817407226562500000e+03
7.984240234375000000e+03
3.522900878906250000e+03
2.724370117187500000e+02
9.504210205078125000e+02
9.123839721679687500e+02
7.864600219726562500e+02
4.347520141601562500e+02
8.290020141601562500e+02
2.317600059509277344e+01
9.101499938964843750e+01
3.796950073242187500e+02
5.579539794921875000e+02
1.089740966796875000e+03
1.685702026367187500e+03
3.507998046875000000e+03
9.569849853515625000e+02
1.056426025390625000e+03
1.397687011718750000e+03
7.984530029296875000e+02
3.171908935546875000e+03
2.394507812500000000e+04
2.279340057373046875e+02
7.717849731445312500e+02
1.628024047851562500e+03
1.081864990234375000e+03
7.930719238281250000e+03
3.096251757812500000e+04
1.544627441406250000e+04
2.380863671875000000e+04
1.505958007812500000e+03
3.025354980468750000e+03
2.099482910156250000e+03
6.872525878906250000e+03
3.081319091796875000e+03
4.053940124511718750e+02
1.969796020507812500e+03
6.247579956054687500e+02
3.789511962890625000e+03
9.677979736328125000e+02
8.535200195312500000e+02
1.469357055664062500e+03
1.781333984375000000e+03
2.413606933593750000e+03
5.343742187500000000e+03
6.450729980468750000e+02
2.813822998046875000e+03
8.063400268554687500e+02
4.807380065917968750e+02
1.573448974609375000e+03
2.513657958984375000e+03
7.706708007812500000e+03
7.543750000000000000e+02
1.372500038146972656e+01
1.083020996093750000e+03
8.855739746093750000e+02
2.304728027343750000e+03
9.598599853515625000e+02
7.853200073242187500e+02
4.483889160156250000e+03
9.302700042724609375e+01
5.524838867187500000e+03
4.172584960937500000e+03
2.154929962158203125e+02
6.484692871093750000e+03
1.406114013671875000e+03
2.207113037109375000e+03
2.393074951171875000e+03
4.948309936523437500e+02
4.018760070800781250e+02
5.389089843750000000e+04
9.064900207519531250e+01
1.342530029296875000e+03
4.219320068359375000e+02
1.415633056640625000e+03
2.071820068359375000e+02
5.603759765625000000e+02
5.894459838867187500e+02
7.916259765625000000e+02
5.845604980468750000e+03
1.568519042968750000e+03
2.630849914550781250e+02
6.262849731445312500e+02
1.175204956054687500e+03
1.097360961914062500e+03
4.317851171875000000e+04
1.709979980468750000e+03
1.351578979492187500e+03
4.236170043945312500e+02
4.335809936523437500e+02
5.813880004882812500e+02
1.439325390625000000e+04
8.370510253906250000e+02
2.251286523437500000e+04
5.231100082397460938e+01
4.220242187500000000e+03
1.100724975585937500e+03
1.294103027343750000e+03
8.089893066406250000e+03
2.722990112304687500e+02
5.088670043945312500e+02
8.280077148437500000e+03
4.107502929687500000e+03
1.390494018554687500e+03
1.108881958007812500e+03
5.872990112304687500e+02
1.405207812500000000e+04
8.027609863281250000e+02
4.659609863281250000e+03
8.463250122070312500e+02
2.626419921875000000e+03
3.073471923828125000e+03
3.963829956054687500e+02
1.211562011718750000e+03
1.007739013671875000e+03
2.954809875488281250e+02
6.755899810791015625e+01
2.258259033203125000e+03
3.333566894531250000e+03
5.315020141601562500e+02
3.292630004882812500e+02
1.104619995117187500e+03
1.110644042968750000e+03
3.117700927734375000e+03
3.380419921875000000e+02
2.072649902343750000e+03
1.928240051269531250e+02
2.048500061035156250e+01
1.001869018554687500e+03
6.277285156250000000e+03
7.579479003906250000e+03
3.475780029296875000e+02
2.443021972656250000e+03
1.524909057617187500e+03
1.735444946289062500e+03
3.283770141601562500e+02
5.134666992187500000e+03
1.710608032226562500e+03
6.542936035156250000e+03
2.404367919921875000e+03
6.234249877929687500e+02
1.826824951171875000e+03
6.927999877929687500e+01
3.148970031738281250e+02
1.475989990234375000e+02
2.845721923828125000e+03
4.498514062500000000e+04
7.942199707031250000e+01
3.431570129394531250e+02
1.431125000000000000e+03
8.626533203125000000e+03
7.000104003906250000e+03
5.956157226562500000e+03
2.126424072265625000e+03
1.941009979248046875e+02
1.722818969726562500e+03
1.409552001953125000e+03
1.610110015869140625e+02
6.133510131835937500e+02
8.936500244140625000e+02
1.206682006835937500e+03
8.717119750976562500e+02
2.984859924316406250e+02
1.849651000976562500e+03
5.923618164062500000e+03
5.243399902343750000e+03
9.188439941406250000e+02
1.426904052734375000e+03
1.696666992187500000e+03
1.227904052734375000e+03
1.706535034179687500e+03
1.266698437500000000e+04
8.299130859375000000e+03
4.274376953125000000e+03
9.622600097656250000e+02
2.788880004882812500e+02
1.583690032958984375e+02
4.300679931640625000e+02
4.109190063476562500e+02
3.011879882812500000e+02
7.284000244140625000e+02
5.902412500000000000e+04
2.639039916992187500e+02
4.288550109863281250e+02
4.069543945312500000e+03
4.113505859375000000e+03
3.141878320312500000e+04
1.477333007812500000e+03
4.376489868164062500e+02
8.132360839843750000e+03
8.593090209960937500e+02
3.385150146484375000e+02
7.064249877929687500e+02
2.049791015625000000e+03
1.768373046875000000e+03
6.314357910156250000e+03
2.528199958801269531e+01
1.829262890625000000e+04
3.015458984375000000e+03
1.833187500000000000e+04
1.132419967651367188e+02
8.970726562500000000e+03
4.962070007324218750e+02
1.340723999023437500e+03
1.866459960937500000e+03
2.549992919921875000e+03
1.666793945312500000e+03
4.344184082031250000e+03
2.296686035156250000e+03
1.472245703125000000e+04
1.664839935302734375e+02
9.497299804687500000e+02
1.725339965820312500e+02
2.445268066406250000e+03
1.456748046875000000e+03
3.345847900390625000e+03
1.673386962890625000e+03
3.629033935546875000e+03
1.018128417968750000e+04
1.466452026367187500e+03
1.150573437500000000e+04
2.419700050354003906e+01
2.694389892578125000e+03
5.005799865722656250e+01
2.381702880859375000e+03
1.930692993164062500e+03
1.073191040039062500e+03
4.124090820312500000e+03
6.907821777343750000e+03
1.474526977539062500e+03
5.183079833984375000e+02
4.493824218750000000e+03
3.924571044921875000e+03
2.243110046386718750e+02
2.012921997070312500e+03
2.893059997558593750e+02
1.156200027465820312e+02
2.223939971923828125e+02
2.556189941406250000e+03
7.908873046875000000e+03
1.924730072021484375e+02
8.733289794921875000e+02
3.386540039062500000e+03
1.282328002929687500e+03
8.959780273437500000e+02
3.144392089843750000e+03
1.851748046875000000e+03
3.954410095214843750e+02
1.386540039062500000e+03
2.035316040039062500e+03
5.794229736328125000e+02
5.579011718750000000e+04
6.491251953125000000e+03
2.102660064697265625e+02
2.520715087890625000e+03
1.434790039062500000e+02
1.021732971191406250e+03
2.034300041198730469e+01
2.142937011718750000e+03
1.215880004882812500e+03
5.234479980468750000e+02
1.701355957031250000e+03
1.119873046875000000e+03
4.996629882812500000e+03
6.249130249023437500e+02
2.648359985351562500e+02
1.597962036132812500e+03
3.168746093750000000e+03
3.281238037109375000e+03
2.603579101562500000e+03
1.349163940429687500e+03
2.289080047607421875e+02
2.140648925781250000e+03
2.084449951171875000e+03
9.163150024414062500e+02
2.855090026855468750e+02
1.020426025390625000e+03
1.105589981079101562e+02
1.303345605468750000e+04
1.261620703125000000e+04
1.247239990234375000e+02
1.385807006835937500e+03
7.670980224609375000e+02
3.092551025390625000e+03
3.792969970703125000e+02
1.096009979248046875e+02
1.736541992187500000e+03
1.552072021484375000e+03
1.863505004882812500e+03
5.669379882812500000e+02
2.309808105468750000e+03
1.223049609375000000e+04
6.708399963378906250e+01
6.166678222656250000e+03
1.040473022460937500e+03
3.652317968750000000e+04
2.092548095703125000e+03
8.236740112304687500e+02
9.162300109863281250e+01
2.743349914550781250e+02
4.134739990234375000e+02
2.561845947265625000e+03
1.146471679687500000e+04
1.014989013671875000e+03
1.459437011718750000e+03
2.715129882812500000e+03
2.000337036132812500e+03
1.957706054687500000e+03
1.236920043945312500e+03
8.699769897460937500e+02
1.396624511718750000e+04
5.251789062500000000e+03
1.795484985351562500e+03
1.779953979492187500e+03
1.992418554687500000e+04
7.707390136718750000e+02
4.382059936523437500e+02
1.013383972167968750e+03
2.190322021484375000e+03
1.282451049804687500e+03
1.096125000000000000e+03
2.189909912109375000e+03
3.062869873046875000e+02
2.806430908203125000e+03
1.631909942626953125e+02
1.110008056640625000e+03
6.399899902343750000e+02
1.443618041992187500e+03
1.828131958007812500e+03
2.670511962890625000e+03
1.706944946289062500e+03
1.242067675781250000e+04
3.703571875000000000e+04
6.034439697265625000e+02
4.335280151367187500e+02
1.133774121093750000e+04
6.566589965820312500e+02
1.273791015625000000e+03
1.229269921875000000e+04
4.225400085449218750e+02
2.005630981445312500e+03
1.708188085937500000e+04
4.726549987792968750e+02
1.471009033203125000e+03
1.368395019531250000e+03
1.442892944335937500e+03
2.407180023193359375e+02
5.061350097656250000e+02
3.545983886718750000e+03
3.924230041503906250e+02
1.051326171875000000e+04
2.528104003906250000e+03
5.557710937500000000e+03
3.752170104980468750e+02
9.757570190429687500e+02
2.423053955078125000e+03
2.020293945312500000e+03
7.891300201416015625e+01
6.220888183593750000e+03
2.767218994140625000e+03
9.445195312500000000e+03
2.381281982421875000e+03
4.737971191406250000e+03
1.804949951171875000e+03
9.760059814453125000e+02
8.908699798583984375e+01
3.260531005859375000e+03
3.619500122070312500e+02
2.789885009765625000e+03
3.514450073242187500e+02
8.972109985351562500e+02
1.254615966796875000e+03
5.574100112915039062e+01
1.674864013671875000e+03
2.191586914062500000e+03
2.124998046875000000e+03
1.078253051757812500e+03
2.526180908203125000e+03
6.118026855468750000e+03
5.025729980468750000e+02
1.002969970703125000e+02
1.308458007812500000e+03
2.784100036621093750e+02
1.407845947265625000e+03
1.367913940429687500e+03
2.703859863281250000e+02
3.804037109375000000e+03
4.077579956054687500e+02
2.546386962890625000e+03
1.559833007812500000e+03
9.249260253906250000e+02
2.550492919921875000e+03
3.957049865722656250e+02
4.639899902343750000e+02
2.847500038146972656e+01
1.586322021484375000e+03
1.803651000976562500e+03
1.672568750000000000e+04
1.441401977539062500e+03
9.305789794921875000e+02
1.464578979492187500e+03
2.308099121093750000e+03
2.732354980468750000e+03
7.311950073242187500e+02
1.392832031250000000e+03
9.845579833984375000e+02
1.372031982421875000e+03
5.894763183593750000e+03
3.049976074218750000e+03
3.107820129394531250e+02
3.162708007812500000e+03
7.105620117187500000e+02
5.218250122070312500e+02
3.422279968261718750e+02
2.591560058593750000e+02
3.281990051269531250e+02
1.807550048828125000e+02
1.001674011230468750e+03
1.444813964843750000e+03
4.846380004882812500e+02
5.770741210937500000e+03
1.388661987304687500e+03
4.714014160156250000e+03
7.840204101562500000e+03
5.951359863281250000e+02
3.981989990234375000e+03
1.403495971679687500e+03
2.590604003906250000e+03
3.968326904296875000e+03
4.024200057983398438e+01
1.078826049804687500e+03
9.680239868164062500e+02
1.731917968750000000e+03
3.347959899902343750e+02
6.781929199218750000e+03
1.773760009765625000e+03
1.757030029296875000e+02
1.179823974609375000e+03
4.689570007324218750e+02
4.663840026855468750e+02
1.828309179687500000e+04
3.204509887695312500e+02
3.523959960937500000e+02
9.585200195312500000e+02
1.579239990234375000e+03
3.668340148925781250e+02
1.251730566406250000e+04
7.286140136718750000e+02
7.546600341796875000e+01
5.760399780273437500e+02
9.253299713134765625e+01
2.680715087890625000e+03
1.055186035156250000e+03
6.563800048828125000e+01
1.399131958007812500e+03
2.924899902343750000e+02
9.784559936523437500e+02
2.846602050781250000e+03
2.805678955078125000e+03
8.169699859619140625e+01
1.356048950195312500e+03
1.412687988281250000e+03
1.512290039062500000e+02
1.806689941406250000e+03
3.112479858398437500e+02
1.141590942382812500e+03
4.298263183593750000e+03
3.361668945312500000e+03
4.205078515625000000e+04
1.223937011718750000e+03
1.815863037109375000e+03
6.732701171875000000e+03
7.091140136718750000e+02
4.091952880859375000e+03
1.310427001953125000e+03
1.068847045898437500e+03
3.355580139160156250e+02
1.171437988281250000e+03
2.928350195312500000e+04
4.491940002441406250e+02
6.618399810791015625e+01
4.304249877929687500e+02
1.193333984375000000e+03
3.163389892578125000e+02
1.196437988281250000e+03
8.917360229492187500e+02
3.066100097656250000e+03
3.102940063476562500e+02
1.798005004882812500e+03
2.970264648437500000e+04
8.920380249023437500e+02
2.104289062500000000e+03
6.056286132812500000e+03
5.536770019531250000e+02
4.637699890136718750e+01
3.955395996093750000e+03
5.652344238281250000e+03
1.753215942382812500e+03
3.867510009765625000e+03
1.016668029785156250e+03
2.933229003906250000e+03
4.493129882812500000e+02
3.445780029296875000e+02
3.502529907226562500e+02
3.820459899902343750e+02
2.331979003906250000e+03
1.099282958984375000e+03
8.032399749755859375e+01
2.245760040283203125e+02
1.524440002441406250e+02
1.800472045898437500e+03
2.468358886718750000e+03
8.094210205078125000e+02
1.606630981445312500e+03
3.008931884765625000e+03
2.562550048828125000e+03
4.391029968261718750e+02
1.070901977539062500e+03
5.919325781250000000e+04
2.614379101562500000e+04
1.116110000610351562e+02
1.003090026855468750e+03
5.050573242187500000e+03
1.441790008544921875e+02
8.965662109375000000e+03
1.782799911499023438e+01
1.986314941406250000e+03
1.479663940429687500e+03
1.825265991210937500e+03
5.449840087890625000e+02
2.042248632812500000e+04
1.505901000976562500e+03
5.990380249023437500e+02
4.768643066406250000e+03
3.951793945312500000e+03
2.709406982421875000e+03
1.075901000976562500e+03
1.217775390625000000e+04
9.202164062500000000e+03
1.583661010742187500e+03
2.235144042968750000e+03
3.903239013671875000e+03
2.228917968750000000e+03
7.645310058593750000e+02
1.164118041992187500e+03
5.253809814453125000e+02
1.529649963378906250e+02
9.481700134277343750e+01
1.713399047851562500e+03
3.902419921875000000e+04
1.379279937744140625e+02
7.229559936523437500e+02
3.848529968261718750e+02
3.088320007324218750e+02
1.664781005859375000e+03
2.956480102539062500e+02
1.286425195312500000e+04
1.639910034179687500e+03
3.892080078125000000e+02
4.948250122070312500e+02
3.725168945312500000e+03
8.395809936523437500e+02
2.216319091796875000e+03
1.679258056640625000e+03
3.898550109863281250e+02
5.573636230468750000e+03
9.008109741210937500e+02
8.750949707031250000e+02
1.906314941406250000e+03
2.032428955078125000e+03
1.543399047851562500e+03
2.398170898437500000e+03
9.879979858398437500e+02
1.160449981689453125e+02
4.047739868164062500e+02
1.005238769531250000e+04
1.222031005859375000e+03
6.828709716796875000e+02
5.707109985351562500e+02
6.593189697265625000e+02
7.876000213623046875e+01
5.517500000000000000e+02
4.547100067138671875e+01
1.772432006835937500e+03
5.046470031738281250e+02
3.479068115234375000e+03
2.238990020751953125e+02
4.113549804687500000e+03
2.999592041015625000e+03
2.637179870605468750e+02
8.087349853515625000e+02
3.177486083984375000e+03
2.241760009765625000e+03
2.828458007812500000e+03
9.212509765625000000e+02
5.345089721679687500e+02
9.942509765625000000e+02
5.221190917968750000e+03
1.670672973632812500e+03
1.029074951171875000e+03
3.265469970703125000e+02
1.348221289062500000e+04
9.291859741210937500e+02
3.549530029296875000e+02
1.444209960937500000e+03
3.846534912109375000e+03
5.172946777343750000e+03
3.323256103515625000e+03
9.193029785156250000e+02
1.156339965820312500e+03
2.923940124511718750e+02
7.738899993896484375e+01
1.557118041992187500e+03
1.150383398437500000e+04
6.988430175781250000e+02
9.732960205078125000e+02
2.199230041503906250e+02
4.172955078125000000e+03
4.680699920654296875e+01
6.737925781250000000e+03
8.987960205078125000e+02
1.327146093750000000e+04
1.089177978515625000e+03
1.076928955078125000e+03
7.524883789062500000e+03
4.623039855957031250e+02
2.140433105468750000e+03
2.624230957031250000e+03
1.503927001953125000e+03
2.097581054687500000e+03
2.964739990234375000e+02
1.091944946289062500e+03
1.675866943359375000e+03
6.598489990234375000e+02
2.243868750000000000e+04
5.949609985351562500e+02
3.839769897460937500e+02
1.648937011718750000e+03
3.496075927734375000e+03
2.287938964843750000e+03
4.182739868164062500e+02
3.386669921875000000e+02
5.518248046875000000e+03
1.389730072021484375e+02
3.948740966796875000e+03
1.681616943359375000e+03
4.310849914550781250e+02
8.497730102539062500e+02
3.329312890625000000e+04
5.174010009765625000e+02
2.294478710937500000e+04
1.672448974609375000e+03
2.508219531250000000e+04
5.513980102539062500e+02
5.210533203125000000e+03
5.089190063476562500e+02
6.268040161132812500e+02
3.741459960937500000e+02
3.717729003906250000e+03
2.035350036621093750e+02
4.880740051269531250e+02
1.246250000000000000e+02
8.113519897460937500e+02
1.077024047851562500e+03
1.630858691406250000e+04
4.589568847656250000e+03
1.586121948242187500e+03
1.469735961914062500e+03
2.447885986328125000e+03
3.123980102539062500e+02
1.107857055664062500e+03
2.357061035156250000e+03
2.307729949951171875e+02
4.073363037109375000e+03
5.143489990234375000e+02
1.053939941406250000e+03
1.508719940185546875e+02
2.885922119140625000e+03
8.732810058593750000e+02
2.628039855957031250e+02
2.496918945312500000e+03
1.666922973632812500e+03
1.196474975585937500e+03
1.810737060546875000e+03
6.832739868164062500e+02
9.822849731445312500e+02
1.058710021972656250e+02
2.962475097656250000e+03
1.452620971679687500e+03
5.724429931640625000e+02
1.615428955078125000e+03
1.126101660156250000e+04
1.796610961914062500e+03
1.580399932861328125e+02
1.759600067138671875e+01
3.883313671875000000e+04
2.168656982421875000e+03
2.903670043945312500e+02
4.776173828125000000e+03
9.444940185546875000e+02
8.829379882812500000e+02
2.299101074218750000e+03
4.847977050781250000e+03
3.363469848632812500e+02
1.456739959716796875e+02
3.647699890136718750e+02
6.007719726562500000e+02
5.537630004882812500e+02
9.883599853515625000e+02
4.754583984375000000e+03
4.069208007812500000e+03
3.201860046386718750e+02
2.457565429687500000e+04
5.747756835937500000e+03
1.541546020507812500e+03
5.128499755859375000e+02
2.219780029296875000e+03
3.072387939453125000e+03
7.629873046875000000e+03
6.348189697265625000e+02
3.609376953125000000e+03
1.343947021484375000e+03
1.420405029296875000e+03
1.509288940429687500e+03
1.901739959716796875e+02
4.222543945312500000e+03
5.060132812500000000e+03
2.364230957031250000e+03
3.782235107421875000e+03
3.677124023437500000e+03
8.880529785156250000e+02
2.783464111328125000e+03
2.097184082031250000e+03
1.657779998779296875e+02
6.213270263671875000e+02
4.261149902343750000e+02
9.676939697265625000e+02
1.235010009765625000e+03
1.481592041015625000e+03
1.758940429687500000e+04
3.893695068359375000e+03
1.787166796875000000e+04
1.192202734375000000e+04
3.139197021484375000e+03
2.260508056640625000e+03
1.341707031250000000e+03
5.557999877929687500e+02
4.665520019531250000e+03
7.208399963378906250e+01
4.745230102539062500e+02
5.673679809570312500e+02
3.473399963378906250e+02
4.134299850463867188e+01
5.985209960937500000e+02
5.878170166015625000e+02
1.644052001953125000e+03
6.387200164794921875e+01
1.073012939453125000e+03
5.055020141601562500e+02
9.193150024414062500e+02
1.019962402343750000e+04
6.991010131835937500e+02
1.444526000976562500e+03
7.120300292968750000e+01
1.568328002929687500e+03
2.153499984741210938e+01
1.572083007812500000e+03
1.011227832031250000e+04
2.525099945068359375e+02
3.118388916015625000e+03
3.388055908203125000e+03
6.464479980468750000e+02
1.077932006835937500e+03
6.553309936523437500e+02
3.519764062500000000e+04
1.053887792968750000e+04
1.342760009765625000e+02
5.478579101562500000e+03
2.119637939453125000e+03
1.946159057617187500e+03
5.361820068359375000e+02
4.222619140625000000e+03
4.676029968261718750e+02
4.437003906250000000e+03
4.285787109375000000e+03
6.753380126953125000e+02
1.949353027343750000e+03
4.141650085449218750e+02
4.192395996093750000e+03
2.720995117187500000e+03
7.725549926757812500e+02
2.243440917968750000e+03
6.233649902343750000e+02
3.218190002441406250e+02
5.155900878906250000e+03
3.593516113281250000e+03
2.368980078125000000e+04
1.934463012695312500e+03
2.126561328125000000e+04
1.040634033203125000e+03
2.491490966796875000e+03
1.512052978515625000e+03
1.616905761718750000e+04
6.844929809570312500e+02
1.542808959960937500e+03
6.427200195312500000e+03
1.190773535156250000e+04
4.347509765625000000e+03
7.732360229492187500e+02
7.610679931640625000e+02
3.468630078125000000e+04
5.083800048828125000e+02
1.108338989257812500e+03
4.635981933593750000e+03
1.312814941406250000e+03
4.209559936523437500e+02
3.567090148925781250e+02
3.371610107421875000e+02
8.775120239257812500e+02
1.594923046875000000e+04
1.162337036132812500e+03
8.643994140625000000e+03
1.105656005859375000e+03
5.957329711914062500e+02
9.893020019531250000e+02
1.567137939453125000e+03
6.821510009765625000e+02
6.139955078125000000e+03
1.354614013671875000e+03
3.183240051269531250e+02
2.094895019531250000e+03
9.352650146484375000e+02
7.469390258789062500e+02
7.554160156250000000e+02
2.454349975585937500e+02
9.305910034179687500e+02
2.432037109375000000e+03
8.184533203125000000e+03
6.663170166015625000e+02
1.840443969726562500e+03
3.399869995117187500e+02
6.007028808593750000e+03
