8.437500000000000000e+01
2.248500061035156250e+01
4.080999851226806641e+00
5.184400177001953125e+01
2.354899978637695312e+01
4.349800109863281250e+01
2.171999931335449219e+01
3.644499969482421875e+01
1.335000038146972656e+00
9.029000282287597656e+00
1.783099937438964844e+01
2.112999916076660156e+00
6.987300109863281250e+01
3.767399978637695312e+01
7.781000137329101562e+00
4.202000141143798828e+00
7.522599792480468750e+01
2.932699966430664062e+01
3.553599929809570312e+01
1.433800029754638672e+01
1.275100040435791016e+01
4.738899993896484375e+01
2.161100006103515625e+01
7.401899719238281250e+01
5.703000068664550781e+00
8.519100189208984375e+01
3.466799926757812500e+01
1.254599952697753906e+01
5.472000122070312500e+00
1.897599983215332031e+01
1.971800041198730469e+01
3.838499832153320312e+01
1.020849990844726562e+02
7.835999965667724609e+00
8.231099700927734375e+01
6.380699920654296875e+01
2.003000068664550781e+01
6.119999885559082031e+00
8.086000442504882812e+00
5.436700057983398438e+01
5.679100036621093750e+01
7.010600280761718750e+01
5.995999813079833984e+00
1.340000033378601074e+00
4.572999954223632812e+00
1.378899955749511719e+01
1.463099956512451172e+01
3.461500167846679688e+01
2.578800010681152344e+01
8.772999763488769531e+00
4.186999797821044922e+00
8.003000259399414062e+00
1.041800022125244141e+01
1.323200035095214844e+01
1.539900016784667969e+01
1.330999970436096191e+00
2.644799995422363281e+01
3.832999944686889648e+00
2.178599929809570312e+01
3.298199844360351562e+01
6.333000183105468750e+01
1.130619964599609375e+02
1.578600025177001953e+01
3.116200065612792969e+01
5.080699920654296875e+01
3.101000070571899414e+00
1.648000001907348633e+00
3.147200012207031250e+01
9.788999557495117188e+00
5.862999916076660156e+00
4.128300094604492188e+01
1.298999977111816406e+01
9.454999923706054688e+00
4.467800140380859375e+01
6.658300018310546875e+01
9.901300048828125000e+01
1.872900009155273438e+01
2.058300018310546875e+01
1.300399971008300781e+01
2.520899963378906250e+01
6.940000057220458984e+00
7.139999866485595703e+00
3.381399917602539062e+01
2.589900016784667969e+01
2.394099998474121094e+01
1.018999958038330078e+01
7.262000083923339844e+00
1.170400047302246094e+01
3.045499992370605469e+01
8.494000434875488281e+00
8.879000091552734375e+01
2.414699935913085938e+01
3.088400077819824219e+01
1.291899967193603516e+01
1.900200080871582031e+01
6.619499969482421875e+01
2.517399978637695312e+01
2.677000045776367188e+01
7.870999813079833984e+00
1.077999973297119141e+01
7.006999969482421875e+00
1.091279983520507812e+02
4.389099884033203125e+01
9.093900299072265625e+01
2.219499969482421875e+01
2.353100013732910156e+01
1.457999944686889648e+00
2.683300018310546875e+01
7.676999664306640625e+01
2.003439941406250000e+02
2.491200065612792969e+01
9.660000205039978027e-01
3.954600143432617188e+01
1.097299957275390625e+01
3.253799819946289062e+01
2.251300048828125000e+01
1.556900024414062500e+01
3.183600044250488281e+01
3.625000000000000000e+00
3.358200073242187500e+01
2.271500015258789062e+01
9.770999908447265625e+00
1.547899932861328125e+02
6.278999805450439453e+00
4.414999961853027344e+00
7.598699951171875000e+01
5.910599899291992188e+01
1.032799987792968750e+02
5.699900054931640625e+01
1.534999966621398926e+00
1.552499961853027344e+01
1.512399959564208984e+01
2.223500061035156250e+01
1.215200042724609375e+01
6.572000026702880859e+00
2.461899948120117188e+01
3.686000108718872070e+00
5.597000122070312500e+00
2.084000110626220703e+00
5.554999828338623047e+00
1.220499992370605469e+01
6.845099639892578125e+01
9.386900329589843750e+01
5.275000095367431641e+00
4.303300094604492188e+01
2.259000062942504883e+00
2.778000116348266602e+00
2.385999917984008789e+00
2.249300003051757812e+01
4.222100067138671875e+01
1.559399986267089844e+01
2.088599967956542969e+01
6.447000026702880859e+00
7.772699737548828125e+01
1.262399959564208984e+01
1.326500034332275391e+01
2.252199935913085938e+01
6.957599639892578125e+01
5.037000179290771484e+00
4.995600128173828125e+01
1.152200031280517578e+01
8.296399688720703125e+01
1.723500061035156250e+01
1.206499958038330078e+01
6.920300292968750000e+01
1.202649993896484375e+02
2.667700004577636719e+01
2.037299919128417969e+01
2.194400024414062500e+01
1.013399982452392578e+01
5.994900131225585938e+01
5.297000122070312500e+01
1.505300045013427734e+01
2.128400039672851562e+01
1.596100044250488281e+01
2.538100051879882812e+01
3.398899841308593750e+01
2.131900024414062500e+01
4.348199844360351562e+01
2.035499954223632812e+01
9.899000167846679688e+00
4.228200149536132812e+01
2.054000091552734375e+01
2.934999942779541016e+00
5.841000080108642578e+00
9.004299926757812500e+01
4.452000141143798828e+00
1.719400024414062500e+01
1.896999931335449219e+01
1.421800041198730469e+01
7.131300354003906250e+01
6.566999912261962891e+00
1.980900001525878906e+01
2.804199981689453125e+01
1.511390075683593750e+02
2.565600013732910156e+01
5.919400024414062500e+01
9.095999717712402344e+00
6.446000099182128906e+00
5.424499893188476562e+01
6.169499969482421875e+01
6.688600158691406250e+01
3.103700065612792969e+01
2.477899932861328125e+01
2.513000011444091797e+00
1.696199989318847656e+01
1.953999996185302734e+00
3.823300170898437500e+01
3.297900009155273438e+01
2.045599937438964844e+01
1.413899993896484375e+01
5.246900177001953125e+01
1.636300086975097656e+01
2.662299919128417969e+01
3.612400054931640625e+01
5.093999862670898438e+00
2.763100051879882812e+01
2.540800094604492188e+01
4.104299926757812500e+01
3.444100189208984375e+01
2.773399925231933594e+01
2.807399940490722656e+01
2.199099922180175781e+01
2.875999927520751953e+00
9.511799621582031250e+01
1.210900020599365234e+01
2.205699920654296875e+01
3.895000076293945312e+01
8.241000175476074219e+00
5.870000123977661133e-01
5.155199813842773438e+01
2.075300025939941406e+01
2.950300025939941406e+01
1.699200057983398438e+01
4.342300033569335938e+01
1.327539978027343750e+02
9.857000350952148438e+00
1.555099964141845703e+01
4.693000030517578125e+01
1.669400024414062500e+01
6.339300155639648438e+01
1.054729995727539062e+02
2.225900077819824219e+01
1.183199977874755859e+01
1.155500030517578125e+01
9.459999799728393555e-01
1.288500022888183594e+01
1.417199993133544922e+01
5.708499908447265625e+01
2.893000030517578125e+01
8.913000106811523438e+00
7.809500122070312500e+01
1.899450073242187500e+02
2.789999961853027344e+00
1.163399982452392578e+01
2.608300018310546875e+01
1.885199928283691406e+01
7.763000011444091797e+00
5.076000213623046875e+00
5.295800018310546875e+01
1.292999982833862305e+00
1.462600040435791016e+01
2.398699951171875000e+01
3.259999990463256836e+00
1.522799968719482422e+01
1.795000076293945312e+01
1.073710021972656250e+02
4.553999900817871094e+00
2.437000036239624023e+00
1.837000083923339844e+01
1.692999958992004395e+00
5.010000228881835938e+00
4.299399948120117188e+01
6.828399658203125000e+01
3.888000011444091797e+00
8.142999649047851562e+00
1.979100036621093750e+01
7.449900054931640625e+01
1.448200035095214844e+01
7.335500335693359375e+01
1.948999977111816406e+01
2.376399993896484375e+01
1.160700035095214844e+01
4.474499893188476562e+01
1.679700088500976562e+01
5.713999938964843750e+01
4.808000087738037109e+00
2.638599967956542969e+01
6.145999908447265625e+00
1.349530029296875000e+02
1.459899997711181641e+01
4.501499938964843750e+01
2.697699928283691406e+01
1.269099998474121094e+01
2.929199981689453125e+01
3.825099945068359375e+01
1.921199989318847656e+01
3.150000095367431641e+00
3.542000055313110352e+00
2.880999946594238281e+01
2.021500015258789062e+01
1.145499992370605469e+01
2.080800056457519531e+01
1.064670028686523438e+02
5.411000061035156250e+01
3.792999982833862305e+00
1.377999973297119141e+01
7.333699798583984375e+01
3.143099975585937500e+01
1.104699993133544922e+01
1.285299968719482422e+01
4.365800094604492188e+01
7.296099853515625000e+01
4.151900100708007812e+01
2.552400016784667969e+01
3.490700149536132812e+01
6.387000083923339844e+00
2.959199905395507812e+01
5.138700103759765625e+01
5.959400177001953125e+01
1.127799987792968750e+01
1.016800022125244141e+01
1.623000025749206543e+00
3.806999921798706055e+00
4.702500152587890625e+01
4.285300064086914062e+01
4.444699859619140625e+01
3.783200073242187500e+01
5.016299819946289062e+01
2.468799972534179688e+01
7.623999786376953125e+01
3.114900016784667969e+01
3.344000101089477539e+00
5.353000164031982422e+00
5.182300186157226562e+01
1.950900077819824219e+01
2.350499916076660156e+01
1.669199943542480469e+01
1.156039962768554688e+02
3.243700027465820312e+01
1.051000022888183594e+01
1.451099967956542969e+01
3.639799880981445312e+01
1.665399932861328125e+01
1.057229995727539062e+02
6.547999858856201172e+00
5.815100097656250000e+01
1.183300018310546875e+01
3.417100143432617188e+01
1.247939987182617188e+02
7.869999885559082031e+00
3.871799850463867188e+01
4.104100036621093750e+01
5.079999923706054688e+00
1.633499908447265625e+01
9.366000175476074219e+00
6.945099639892578125e+01
3.347600173950195312e+01
6.961499786376953125e+01
2.704199981689453125e+01
3.020800018310546875e+01
1.264099979400634766e+01
5.099999904632568359e+00
2.227420043945312500e+02
1.021119995117187500e+02
1.963999938964843750e+01
1.241199970245361328e+01
3.079599952697753906e+01
1.607799911499023438e+01
4.783599853515625000e+01
4.330500030517578125e+01
2.587999916076660156e+01
1.876920013427734375e+02
3.983999967575073242e+00
5.873699951171875000e+01
5.971000194549560547e+00
5.623000144958496094e+00
3.634400177001953125e+01
2.079999923706054688e+00
2.224770050048828125e+02
7.276999950408935547e+00
7.149000167846679688e+00
4.533000183105468750e+01
1.496899986267089844e+01
3.740599822998046875e+01
3.588000059127807617e+00
4.299100112915039062e+01
1.515809936523437500e+02
1.592599964141845703e+01
2.941300010681152344e+01
4.852600097656250000e+01
1.079300022125244141e+01
6.966899871826171875e+01
4.550600051879882812e+01
2.369199943542480469e+01
2.834000110626220703e+00
2.433399963378906250e+01
1.664210052490234375e+02
2.354800033569335938e+01
4.051000118255615234e+00
2.191699981689453125e+01
1.582499980926513672e+01
2.921800041198730469e+01
2.470000076293945312e+01
1.116499996185302734e+01
7.844799804687500000e+01
3.806999921798706055e+00
7.895999908447265625e+00
1.547900009155273438e+01
9.885000228881835938e+00
7.153399658203125000e+01
4.861299896240234375e+01
1.657299995422363281e+01
1.233300018310546875e+01
3.699800109863281250e+01
5.849999904632568359e+00
4.384400177001953125e+01
6.475999832153320312e+00
1.214049987792968750e+02
5.599800109863281250e+01
8.295800018310546875e+01
6.841000080108642578e+00
4.849599838256835938e+01
1.871299934387207031e+01
3.246699905395507812e+01
3.178300094604492188e+01
2.760199928283691406e+01
1.678599929809570312e+01
3.965599822998046875e+01
1.219600009918212891e+01
1.354779968261718750e+02
4.422999858856201172e+00
1.413399982452392578e+01
1.862199974060058594e+01
1.356499958038330078e+01
7.056800079345703125e+01
3.040900039672851562e+01
1.705999946594238281e+01
2.379500007629394531e+01
8.980999946594238281e+00
3.126099967956542969e+01
8.128000259399414062e+00
1.429559936523437500e+02
2.120000076293945312e+01
5.842000007629394531e+00
1.421000003814697266e+01
2.039500045776367188e+01
6.047000122070312500e+01
9.105300140380859375e+01
3.534799957275390625e+01
9.633000373840332031e+00
4.112200164794921875e+01
1.571700000762939453e+01
8.058000183105468750e+01
9.255400085449218750e+01
5.845500183105468750e+01
9.639099884033203125e+01
3.852899932861328125e+01
2.127700042724609375e+01
1.059300041198730469e+01
4.485900115966796875e+01
5.859000205993652344e+00
4.309999942779541016e+00
1.780599975585937500e+01
2.214900016784667969e+01
1.091699981689453125e+01
2.449200057983398438e+01
1.656999945640563965e+00
2.991600036621093750e+01
4.045500183105468750e+01
7.811799621582031250e+01
6.010499954223632812e+01
3.652199935913085938e+01
6.349999904632568359e-01
7.250000000000000000e+00
2.623399925231933594e+01
5.540800094604492188e+01
1.158020019531250000e+02
7.957299804687500000e+01
3.851599884033203125e+01
1.399199962615966797e+01
3.954800033569335938e+01
1.033300018310546875e+01
2.244199943542480469e+01
1.284000039100646973e+00
1.138000011444091797e+00
1.310999989509582520e+00
2.625600051879882812e+01
1.059599971771240234e+01
8.510000228881835938e+00
1.065200042724609375e+01
9.849500274658203125e+01
5.546200180053710938e+01
1.991600036621093750e+01
1.902799987792968750e+01
1.545300006866455078e+01
1.307299995422363281e+01
4.952000141143798828e+00
7.807000160217285156e+00
2.510400009155273438e+01
2.687999963760375977e+00
3.805799865722656250e+01
1.219830017089843750e+02
1.018599987030029297e+01
3.014299964904785156e+01
1.898299980163574219e+01
1.186220016479492188e+02
2.894099998474121094e+01
1.294799995422363281e+01
3.354000091552734375e+00
1.108300018310546875e+01
9.890000224113464355e-01
2.992099952697753906e+01
3.384799957275390625e+01
4.684000015258789062e+00
1.151099967956542969e+01
7.372200012207031250e+01
9.836000442504882812e+00
2.725799942016601562e+01
6.143799972534179688e+01
2.818099975585937500e+01
4.836999893188476562e+00
9.348999977111816406e+00
3.627500152587890625e+01
7.816999912261962891e+00
4.006999969482421875e+00
2.877000093460083008e+00
1.469799995422363281e+01
8.315599822998046875e+01
6.751200103759765625e+01
3.205300140380859375e+01
3.374800109863281250e+01
3.682500076293945312e+01
2.999799919128417969e+01
1.079250030517578125e+02
1.071899986267089844e+01
5.699999809265136719e+00
7.716100311279296875e+01
5.471000194549560547e+00
5.649300003051757812e+01
2.608999967575073242e+00
7.585199737548828125e+01
7.702200317382812500e+01
7.765499877929687500e+01
8.809000015258789062e+00
4.294200134277343750e+01
6.316999912261962891e+00
2.566999912261962891e+00
1.284500026702880859e+01
8.888400268554687500e+01
7.028999805450439453e+00
4.240499877929687500e+01
5.651699829101562500e+01
1.692499923706054688e+01
2.460899925231933594e+01
4.126999855041503906e+00
1.082129974365234375e+02
1.505300045013427734e+01
2.825799942016601562e+01
1.222200012207031250e+01
4.393600082397460938e+01
2.332200050354003906e+01
2.949300003051757812e+01
5.409999847412109375e+00
6.533599853515625000e+01
2.124500083923339844e+01
2.780999898910522461e+00
1.423200035095214844e+01
1.195469970703125000e+02
1.729999929666519165e-01
4.031700134277343750e+01
1.134069976806640625e+02
3.053400039672851562e+01
1.064000034332275391e+01
2.883200073242187500e+01
1.488000011444091797e+01
4.325500106811523438e+01
1.002789993286132812e+02
7.184000015258789062e+00
1.617399978637695312e+01
1.376000046730041504e+00
9.810000061988830566e-01
6.572999954223632812e+00
3.452199935913085938e+01
7.721000194549560547e+00
3.188999938964843750e+01
2.574099922180175781e+01
4.085900115966796875e+01
3.451499938964843750e+01
9.394000053405761719e+00
9.142999649047851562e+00
2.084000110626220703e+00
8.785199737548828125e+01
7.572000026702880859e+00
1.868000030517578125e+00
1.659600067138671875e+01
1.264400005340576172e+01
7.993999958038330078e+00
5.515399932861328125e+01
2.395800018310546875e+01
6.513000011444091797e+00
9.425999641418457031e+00
3.995600128173828125e+01
4.333000183105468750e+00
3.120199966430664062e+01
2.299500083923339844e+01
1.356599998474121094e+01
3.546999931335449219e+00
1.555200004577636719e+01
1.642499923706054688e+01
5.528699874877929688e+01
1.405200004577636719e+01
1.697200012207031250e+01
3.304899978637695312e+01
1.363099956512451172e+01
1.915699958801269531e+01
2.012599945068359375e+01
3.598999977111816406e+00
5.381700134277343750e+01
9.079199981689453125e+01
3.566199874877929688e+01
2.446500015258789062e+01
1.171700000762939453e+01
1.998100090026855469e+01
3.813999891281127930e+00
5.835999965667724609e+00
4.324100112915039062e+01
4.591999816894531250e+01
8.629999756813049316e-01
3.291400146484375000e+01
3.096100044250488281e+01
8.009600067138671875e+01
4.660999774932861328e+00
2.227499961853027344e+01
1.625200080871582031e+01
3.427000045776367188e+00
2.679700088500976562e+01
3.332600021362304688e+01
4.598799896240234375e+01
1.632949981689453125e+02
2.469199943542480469e+01
6.016799926757812500e+01
1.575000000000000000e+01
3.792999982833862305e+00
2.131900024414062500e+01
1.493200016021728516e+01
4.696300125122070312e+01
2.449900054931640625e+01
1.675000000000000000e+01
4.353699874877929688e+01
8.805599975585937500e+01
2.056699943542480469e+01
1.908799934387207031e+01
8.194200134277343750e+01
8.489099884033203125e+01
1.192999958992004395e+00
1.989900016784667969e+01
4.065599822998046875e+01
1.007959976196289062e+02
1.413199996948242188e+01
4.400799942016601562e+01
1.485499954223632812e+01
4.416999816894531250e+00
1.494750061035156250e+02
1.222000026702880859e+01
1.175510025024414062e+02
6.228000164031982422e+00
2.423000097274780273e+00
1.174199962615966797e+01
1.248700046539306641e+01
2.489000082015991211e+00
4.135699844360351562e+01
2.283399963378906250e+01
4.756999969482421875e+00
2.439200019836425781e+01
1.092000007629394531e+00
2.338899993896484375e+01
4.256999969482421875e+01
6.798999786376953125e+00
3.613600158691406250e+01
3.171999931335449219e+00
4.590000152587890625e+00
5.166799926757812500e+01
1.522000026702880859e+01
1.917000055313110352e+00
8.251999855041503906e+00
7.162300109863281250e+01
2.960400009155273438e+01
3.060600090026855469e+01
1.211999988555908203e+01
1.276000022888183594e+00
6.034700012207031250e+01
6.418099975585937500e+01
2.732999992370605469e+01
1.083539962768554688e+02
1.420100021362304688e+01
8.611000061035156250e+00
5.197000026702880859e+00
6.072000026702880859e+00
1.471100044250488281e+01
5.504999923706054688e+01
2.427099990844726562e+01
1.001900005340576172e+01
4.561199951171875000e+01
4.859899902343750000e+01
2.490000009536743164e+00
1.697999954223632812e+01
1.060700035095214844e+01
1.428899955749511719e+01
2.983600044250488281e+01
1.757660064697265625e+02
1.135999965667724609e+01
4.725999832153320312e+00
1.015390014648437500e+02
9.616999626159667969e+00
6.037400054931640625e+01
7.739999771118164062e+00
2.953000068664550781e+00
5.343299865722656250e+01
5.770000219345092773e-01
1.224400043487548828e+01
1.582400035858154297e+01
8.482999801635742188e+00
1.370169982910156250e+02
7.427000045776367188e+00
2.316500091552734375e+01
3.824000167846679688e+01
5.911999893188476562e+01
2.587400054931640625e+01
3.836700057983398438e+01
1.579100036621093750e+01
2.321100044250488281e+01
1.464299964904785156e+01
1.362899971008300781e+01
7.487999916076660156e+00
8.128999710083007812e+00
6.989900207519531250e+01
3.160000085830688477e+00
1.986199951171875000e+01
1.642000007629394531e+01
2.625399971008300781e+01
4.066600036621093750e+01
2.112899971008300781e+01
3.497600173950195312e+01
1.274300003051757812e+01
3.523099899291992188e+01
4.385400009155273438e+01
5.096000194549560547e+00
1.231000041961669922e+01
3.443500137329101562e+01
1.338099956512451172e+01
4.705999851226806641e+00
8.931300354003906250e+01
3.017700004577636719e+01
5.662000179290771484e+00
4.861800003051757812e+01
1.604500007629394531e+01
2.446599960327148438e+01
5.304399871826171875e+01
2.801499938964843750e+01
9.004299926757812500e+01
5.770399856567382812e+01
3.890800094604492188e+01
4.088399887084960938e+01
5.093299865722656250e+01
8.992600250244140625e+01
1.164000034332275391e+00
8.323200225830078125e+01
2.539500045776367188e+01
1.350000000000000000e+01
2.328599929809570312e+01
4.940999984741210938e+00
6.399000167846679688e+01
3.105900001525878906e+01
4.543000221252441406e+00
4.107099914550781250e+01
2.774799919128417969e+01
6.743999958038330078e+00
3.241299819946289062e+01
6.295399856567382812e+01
5.104700088500976562e+01
6.323099899291992188e+01
2.432900047302246094e+01
5.959000110626220703e+00
1.485000038146972656e+01
1.580099964141845703e+01
5.735000133514404297e+00
3.540399932861328125e+01
1.439099979400634766e+01
4.370500183105468750e+01
3.662599945068359375e+01
6.299999952316284180e-01
1.498099994659423828e+01
9.682000160217285156e+00
1.896999931335449219e+01
1.119499969482421875e+01
5.136199951171875000e+01
1.047289962768554688e+02
1.662999987602233887e+00
8.357999801635742188e+00
1.077089996337890625e+02
1.079029998779296875e+02
2.140900039672851562e+01
2.029199981689453125e+01
6.288499832153320312e+01
4.850799942016601562e+01
1.829299926757812500e+01
5.118999958038330078e+00
1.284599971771240234e+01
5.974200057983398438e+01
2.991500091552734375e+01
5.945000171661376953e+00
3.931999921798706055e+00
5.106200027465820312e+01
6.828999996185302734e+00
4.079999923706054688e+00
3.243199920654296875e+01
1.795899963378906250e+01
1.481999993324279785e+00
3.993999958038330078e+00
3.016999959945678711e+00
1.701700019836425781e+01
2.456999969482421875e+01
1.016699981689453125e+01
7.231999874114990234e+00
9.020999908447265625e+00
3.037000083923339844e+01
3.944999933242797852e+00
6.888999938964843750e+00
8.031000137329101562e+00
8.747299957275390625e+01
3.069000005722045898e+00
1.685799980163574219e+01
1.316300010681152344e+01
1.082800006866455078e+01
3.349399948120117188e+01
3.668000030517578125e+01
8.244000434875488281e+00
4.571000099182128906e+00
4.155099868774414062e+01
1.865200042724609375e+01
3.946099853515625000e+01
7.015999794006347656e+00
4.639699935913085938e+01
1.531099987030029297e+01
2.607399940490722656e+01
9.291000366210937500e+00
2.464500045776367188e+01
3.265100097656250000e+01
1.288599967956542969e+01
6.466999816894531250e+01
8.378000259399414062e+00
6.376100158691406250e+01
2.716099929809570312e+01
1.449400043487548828e+01
3.489599990844726562e+01
1.332999992370605469e+01
1.337899971008300781e+01
4.724999904632568359e+00
1.189700031280517578e+01
2.987899971008300781e+01
5.513299942016601562e+01
4.125999927520751953e+00
4.434899902343750000e+01
3.220399856567382812e+01
1.433100032806396484e+01
8.746000289916992188e+00
6.488999843597412109e+00
9.057000160217285156e+00
9.838500213623046875e+01
3.557500076293945312e+01
2.636100006103515625e+01
2.671000003814697266e+00
3.668000030517578125e+01
9.571000099182128906e+00
2.767000007629394531e+01
1.768799972534179688e+01
4.963800048828125000e+01
8.274600219726562500e+01
2.246699905395507812e+01
6.899299621582031250e+01
8.095000267028808594e+00
5.000699996948242188e+01
2.930900001525878906e+01
1.845999956130981445e+00
2.328300094604492188e+01
3.899300003051757812e+01
1.130790023803710938e+02
9.939000129699707031e+00
2.293199920654296875e+01
2.274600028991699219e+01
2.248100090026855469e+01
6.351300048828125000e+01
3.467999935150146484e+00
3.927600097656250000e+01
5.221099853515625000e+01
2.794499969482421875e+01
1.098700046539306641e+01
2.338100051879882812e+01
4.853300094604492188e+01
3.739500045776367188e+01
2.525600051879882812e+01
4.405699920654296875e+01
1.290200042724609375e+01
2.124699974060058594e+01
1.070899963378906250e+01
3.412200164794921875e+01
9.333999633789062500e+00
6.449999809265136719e-01
6.035999774932861328e+00
8.760000228881835938e+00
1.615600013732910156e+01
6.583399963378906250e+01
6.184000015258789062e+00
8.478800201416015625e+01
7.849999904632568359e+00
2.596999931335449219e+01
3.020999908447265625e+00
2.306699943542480469e+01
9.305999755859375000e+01
1.587500000000000000e+01
3.910800170898437500e+01
6.631000041961669922e+00
2.484199905395507812e+01
1.318400001525878906e+01
2.720000028610229492e+00
2.257399940490722656e+01
1.133399963378906250e+01
1.508800029754638672e+01
2.371400070190429688e+01
5.641899871826171875e+01
1.249699974060058594e+01
7.090000152587890625e+00
3.956399917602539062e+01
2.398999929428100586e+00
1.068500041961669922e+01
5.502899932861328125e+01
4.296300125122070312e+01
7.993000030517578125e+00
1.709299926757812500e+02
6.598000049591064453e+00
3.608999967575073242e+00
1.276800003051757812e+02
8.855599975585937500e+01
9.824000358581542969e+00
3.843000030517578125e+01
9.385000228881835938e+00
1.637000083923339844e+01
4.490399932861328125e+01
5.387099838256835938e+01
4.452999877929687500e+01
3.140000104904174805e+00
3.080400085449218750e+01
3.682199859619140625e+01
2.098600006103515625e+01
2.740699958801269531e+01
5.236000061035156250e+01
3.716000080108642578e+00
5.515200042724609375e+01
1.827499961853027344e+01
1.299899959564208984e+01
1.463599967956542969e+01
1.991999983787536621e+00
5.322999954223632812e+01
6.793800354003906250e+01
2.329599952697753906e+01
2.119300079345703125e+01
5.629000186920166016e+00
3.776800155639648438e+01
3.107000112533569336e+00
2.055999994277954102e+00
5.745399856567382812e+01
6.361899948120117188e+01
1.738199996948242188e+01
1.014200019836425781e+01
2.132299995422363281e+01
7.647599792480468750e+01
6.847100067138671875e+01
1.938100051879882812e+01
8.111000061035156250e+00
6.927000045776367188e+00
4.054600143432617188e+01
5.276599884033203125e+01
1.784759979248046875e+02
1.293139953613281250e+02
5.566199874877929688e+01
1.448320007324218750e+02
5.290299987792968750e+01
3.929000091552734375e+01
2.337199974060058594e+01
4.614699935913085938e+01
1.573400020599365234e+01
1.300599956512451172e+01
1.692200088500976562e+01
5.219400024414062500e+01
3.859999895095825195e+00
1.207400035858154297e+01
4.905000209808349609e+00
2.546999931335449219e+00
2.574600028991699219e+01
