3.533821e+06
5.218700e+01
3.264117e+07
6.031806e+07
5.515527e+03
1.868300e+01
1.990230e+07
3.183263e+07
6.115460e+05
7.385277e+03
4.183210e+02
1.526492e+03
3.148375e+07
5.880540e+02
1.095520e+08
4.835383e+03
1.554360e+02
9.496270e+03
6.392063e+03
5.091240e+02
3.954763e+07
1.194272e+03
9.592504e+07
2.801190e+02
1.001800e+08
7.136581e+07
1.110897e+04
4.452385e+03
2.285087e+03
7.181770e+02
1.650040e+08
9.840511e+07
1.335712e+07
1.609994e+07
1.870382e+08
2.307295e+08
1.517416e+07
9.062800e+01
6.613900e+01
1.160030e+06
7.760129e+07
3.980692e+06
2.366693e+06
5.847621e+07
4.618636e+06
4.930939e+07
1.868000e+01
1.608994e+03
8.332386e+07
2.349926e+06
1.828881e+03
4.491006e+06
1.777411e+08
3.188521e+07
5.218592e+07
7.038200e+01
4.314944e+07
3.493779e+07
2.639046e+08
4.715580e+02
7.578565e+07
6.207464e+03
2.711271e+07
9.365392e+07
3.078690e+02
7.745959e+07
2.399706e+07
3.925520e+07
2.041668e+07
9.828108e+07
2.303580e+02
1.630269e+08
5.442138e+07
1.555356e+07
1.010745e+07
5.595514e+07
2.151282e+07
1.691463e+04
1.713550e+08
6.348446e+07
3.738490e+02
9.638000e+01
1.223069e+08
4.693913e+03
3.852856e+07
1.493823e+07
7.528270e+02
9.305716e+07
2.782015e+03
2.128942e+07
3.526786e+05
6.492307e+03
1.973725e+03
6.610034e+07
7.648782e+03
5.039260e+02
4.268625e+06
1.959555e+03
2.248798e+08
7.596710e+02
2.859332e+07
1.748088e+03
8.057948e+07
6.231951e+07
6.237042e+07
1.513131e+03
1.734335e+07
5.860393e+07
2.076424e+06
1.235191e+03
5.311678e+07
4.699856e+07
3.323413e+07
1.108653e+03
1.718170e+07
7.213532e+06
1.698671e+03
7.733740e+02
5.111667e+07
1.410268e+08
1.106042e+08
9.579734e+07
3.902484e+07
2.071772e+03
6.100520e+02
8.280015e+03
2.909765e+08
1.149191e+08
2.180890e+02
1.253050e+08
1.573843e+08
8.435626e+03
1.171171e+08
6.530200e+01
1.067227e+08
3.982175e+07
2.473012e+07
4.380481e+06
7.302172e+07
5.382242e+07
8.757513e+07
7.512490e+02
1.533785e+03
3.640432e+07
1.253742e+03
2.846190e+02
6.543309e+03
1.019022e+07
2.964710e+02
4.238600e+02
4.264340e+02
1.481061e+08
2.964220e+02
2.428976e+07
3.765500e+01
4.491564e+07
6.748750e+02
2.506183e+03
6.277420e+02
1.067710e+02
2.058814e+07
8.430650e+02
9.966959e+07
1.700109e+03
8.159611e+06
2.649569e+06
3.133449e+03
7.526526e+07
7.283149e+06
5.170771e+03
5.978428e+07
1.113859e+07
1.673411e+04
4.299455e+03
3.738989e+07
2.745301e+07
1.774862e+05
2.054883e+03
1.230440e+03
4.482388e+03
1.053754e+08
2.865464e+03
5.786047e+03
6.382845e+06
1.292067e+07
4.629701e+05
8.017920e+02
7.996924e+05
4.291651e+07
2.319699e+07
1.709243e+03
3.965139e+03
5.258057e+07
6.914480e+07
2.590981e+07
1.677940e+03
3.371700e+02
3.290718e+07
5.919658e+07
5.144690e+07
2.675576e+03
2.920699e+07
2.533224e+07
4.777600e+01
6.661450e+06
1.834020e+02
1.530680e+02
5.656612e+07
2.009359e+03
3.425751e+03
9.106489e+07
9.112400e+01
2.817890e+02
3.093905e+07
2.174447e+07
5.277377e+07
1.008179e+08
5.526502e+07
1.218387e+07
2.301810e+03
5.057195e+07
1.735950e+03
3.790740e+02
5.221190e+02
2.340510e+02
4.951022e+06
5.528864e+07
4.920613e+07
2.194877e+08
7.687860e+02
1.881741e+07
9.134626e+07
4.907760e+02
6.245700e+02
8.642829e+06
8.440819e+07
2.240193e+03
2.048450e+02
1.991760e+02
4.222112e+07
3.259728e+07
1.075990e+08
1.605169e+08
4.914700e+01
7.185410e+02
1.732026e+03
4.571073e+07
1.195941e+03
7.966207e+06
1.704669e+03
2.211300e+01
2.037382e+03
8.037914e+06
2.589117e+07
5.991089e+07
8.230707e+06
7.204650e+02
5.894216e+07
5.029790e+07
2.667844e+03
2.409037e+05
3.647120e+02
3.628824e+07
9.062998e+06
4.295580e+02
1.510546e+06
9.627987e+03
3.529592e+03
1.467559e+07
1.145354e+08
4.427709e+07
3.398735e+06
1.026712e+03
5.032984e+07
1.361961e+08
4.952100e+02
1.151443e+03
4.371630e+02
5.519325e+07
1.619145e+08
1.017810e+08
1.346273e+07
8.479087e+06
1.581284e+06
3.326139e+07
4.837280e+07
5.732521e+06
1.137182e+08
3.315290e+02
1.056270e+08
5.495430e+02
1.727515e+07
1.355958e+07
1.172266e+07
1.443969e+08
2.406568e+07
8.365730e+06
3.294530e+02
8.104780e+07
9.809905e+06
1.035052e+07
3.547577e+07
7.113056e+07
1.907725e+07
6.472824e+06
5.040230e+02
4.535487e+03
7.679758e+03
2.429843e+07
2.865098e+08
5.977115e+06
1.201933e+04
6.324098e+03
4.868061e+03
9.177649e+03
9.765370e+06
1.129353e+08
1.080390e+02
3.906050e+02
8.007899e+07
7.403293e+06
4.103044e+06
4.696343e+07
4.061950e+07
9.486021e+07
6.003694e+07
2.473559e+07
4.303783e+06
2.348983e+03
3.381055e+03
2.893420e+02
1.876046e+07
3.731694e+06
3.504880e+05
1.005008e+07
3.385774e+07
1.093810e+02
6.743097e+05
2.165834e+03
4.387793e+03
6.542117e+07
3.170600e+01
1.621142e+06
1.007167e+08
2.554624e+07
5.297790e+07
2.765041e+06
4.089671e+03
3.075102e+06
2.328383e+08
1.424610e+08
3.243041e+03
2.864156e+07
1.713357e+08
7.232766e+03
2.971912e+03
4.093967e+07
1.344870e+08
1.858331e+07
4.107832e+07
1.027748e+07
6.146626e+07
8.526000e+01
3.925631e+03
2.818260e+02
1.740414e+03
3.785100e+01
2.866129e+07
8.403054e+07
9.093481e+03
2.863580e+02
8.742930e+02
7.392455e+07
1.246240e+08
4.967117e+07
4.849517e+07
2.610800e+02
4.545130e+03
2.054339e+07
5.288320e+02
5.240910e+02
1.134210e+02
6.059968e+06
9.541666e+06
7.671281e+07
3.158063e+03
1.823221e+07
7.151400e+01
2.138408e+06
4.125400e+02
1.376606e+07
7.898264e+07
6.490592e+07
1.457690e+02
2.692340e+02
1.968700e+01
3.163042e+03
1.193947e+03
3.292037e+07
3.194109e+07
6.625116e+06
1.407663e+08
4.813369e+07
5.800783e+07
1.836039e+07
1.715570e+02
7.147391e+06
5.745876e+07
4.391368e+07
6.924400e+01
3.096028e+07
2.467197e+06
9.432526e+06
4.894181e+06
9.242776e+07
2.235652e+08
2.015130e+02
7.458050e+02
1.685496e+08
1.382033e+07
1.002190e+02
1.034349e+08
8.542515e+07
1.397543e+08
2.084635e+07
9.730721e+05
2.708982e+03
1.421385e+03
1.457619e+08
9.038120e+02
1.345320e+02
9.761600e+01
1.810811e+03
5.095513e+06
7.707700e+06
6.397390e+02
1.757912e+07
4.174468e+07
3.786997e+07
8.437895e+07
2.111300e+03
7.940362e+07
3.679060e+03
1.212919e+07
1.210259e+08
6.545274e+07
5.117245e+03
6.954302e+06
8.910821e+07
1.464248e+03
1.369660e+02
5.365083e+07
1.257762e+07
3.407711e+05
1.041121e+08
1.716682e+03
2.637164e+03
2.144149e+07
4.185012e+06
7.884990e+02
6.712634e+06
1.060563e+07
2.206527e+07
2.894435e+07
2.533566e+06
5.398760e+02
2.156371e+07
2.934790e+03
1.137850e+02
1.632381e+08
1.373391e+08
3.542859e+07
2.340762e+03
2.367307e+03
2.592571e+07
7.236120e+02
7.899939e+07
8.844270e+02
1.539543e+08
8.229520e+02
4.765481e+07
3.000310e+07
2.320317e+08
4.015741e+06
6.704353e+07
3.745482e+07
4.910308e+07
1.033493e+08
2.633300e+02
3.624836e+07
2.411430e+02
6.098954e+07
1.157810e+04
1.252819e+08
3.023130e+02
4.287565e+07
4.728447e+06
1.070245e+03
4.549601e+07
1.105260e+07
7.108436e+07
6.867501e+06
6.108812e+07
8.056710e+02
7.062740e+06
6.722525e+06
1.124432e+03
9.711549e+03
2.235908e+06
7.429646e+07
1.203286e+06
9.027400e+01
1.042731e+07
1.243688e+08
1.050382e+07
3.664689e+07
1.046410e+02
3.608762e+06
1.510595e+08
1.630074e+08
2.231214e+08
9.060760e+07
2.020238e+03
1.495529e+07
1.544783e+07
4.740718e+06
1.790365e+07
2.809340e+08
2.401000e+01
6.652600e+02
8.839954e+06
3.040456e+07
1.885139e+04
4.132710e+02
1.924818e+08
1.634313e+03
1.106517e+04
3.058540e+02
1.258640e+07
1.237103e+03
2.625310e+03
1.019439e+08
1.478662e+08
1.014868e+07
1.470329e+07
6.158511e+03
5.132004e+07
2.308090e+07
3.828457e+07
1.207480e+02
4.834784e+06
1.728535e+03
1.131632e+07
3.891713e+07
3.731822e+03
1.142627e+08
4.755632e+07
2.078309e+07
1.215942e+08
8.050738e+07
1.985570e+07
2.558300e+01
3.410585e+06
1.952249e+08
3.171830e+02
2.871269e+07
1.049102e+08
9.060000e+00
2.605358e+07
1.963472e+07
2.845350e+02
4.902470e+03
1.966560e+02
3.882730e+02
2.324370e+02
1.684380e+02
4.374623e+07
1.623389e+08
2.626094e+08
2.076180e+02
7.006785e+07
2.614097e+03
2.404060e+02
1.898853e+08
1.363919e+03
4.656740e+02
4.860387e+07
1.653866e+07
6.374374e+07
1.669149e+08
1.909188e+07
3.908189e+03
1.459362e+08
3.632904e+03
2.460632e+03
8.886598e+07
5.762201e+07
1.226296e+05
8.333064e+07
6.648194e+07
1.226211e+03
3.935981e+07
6.639514e+07
5.495376e+07
2.882195e+07
1.570400e+02
2.793488e+03
6.296030e+02
1.025601e+07
2.960050e+02
2.185624e+03
2.778051e+07
4.959054e+03
1.585714e+06
8.163413e+03
5.982830e+02
1.247668e+07
1.962840e+03
4.353550e+02
4.256526e+07
1.059145e+08
5.144204e+07
1.421173e+08
8.734848e+06
3.412806e+07
7.594320e+02
7.988900e+02
1.793196e+07
7.777110e+02
1.394697e+07
1.064786e+07
1.371920e+02
3.898567e+03
5.437236e+06
2.540325e+08
1.104968e+07
1.065497e+03
1.172496e+08
2.028816e+07
8.700097e+03
1.831440e+02
6.044488e+07
5.295835e+07
4.429930e+02
2.413457e+07
3.750699e+07
1.420200e+01
1.441240e+02
1.440565e+08
5.139414e+07
1.697375e+08
1.030498e+07
1.875383e+08
1.843103e+08
5.545329e+07
1.747241e+03
2.039616e+08
5.199993e+06
1.761909e+07
2.448359e+03
2.373120e+02
7.593002e+06
1.346646e+07
1.335524e+08
6.064265e+07
8.105994e+07
1.294127e+06
9.141562e+07
1.141097e+08
1.550500e+02
6.480294e+07
7.210832e+07
6.649277e+07
3.455250e+02
5.008694e+07
2.553810e+02
7.944024e+03
2.843868e+07
9.937149e+07
6.001206e+07
8.360043e+06
2.400040e+02
7.923140e+02
2.053940e+02
1.277062e+03
1.758282e+07
9.495595e+07
3.049604e+07
1.170933e+08
5.412001e+07
1.676979e+07
1.957466e+07
1.066146e+03
3.129726e+07
3.616867e+06
1.500573e+03
1.213730e+04
1.269495e+07
6.226998e+03
2.970613e+08
2.919441e+07
3.092290e+07
3.426288e+07
1.219741e+04
1.127088e+08
1.720285e+07
1.377590e+02
1.115540e+02
2.450037e+08
2.041820e+02
8.986480e+03
8.800884e+06
2.499420e+02
2.862050e+02
1.817931e+03
7.456040e+07
2.816051e+03
7.183501e+03
2.924585e+07
4.238032e+06
2.505979e+05
3.981206e+07
8.242822e+06
7.438780e+02
3.274004e+07
4.105357e+07
4.768892e+07
1.901970e+02
1.105351e+08
1.152091e+08
5.693140e+02
2.605513e+08
6.175095e+07
2.954008e+03
3.065108e+05
2.898380e+02
1.408600e+03
4.404750e+02
1.555272e+08
4.497648e+03
3.924666e+07
7.274233e+06
4.994939e+07
1.119475e+08
7.188413e+07
2.632724e+03
3.107612e+07
2.503883e+03
2.279965e+07
2.660696e+07
2.066901e+07
9.659592e+07
6.367639e+07
1.674121e+08
2.078515e+06
1.778884e+08
4.690350e+02
2.126139e+03
2.936880e+07
4.838850e+02
8.405320e+06
9.083759e+07
1.856963e+06
1.028076e+08
8.506782e+03
1.716233e+08
1.345177e+08
1.640405e+08
6.950929e+07
3.388870e+07
1.770029e+07
1.882378e+07
5.970581e+07
1.283383e+06
1.427949e+03
6.539527e+07
2.675364e+03
1.570567e+06
3.185685e+07
2.165302e+07
4.014700e+01
2.386848e+03
1.679650e+08
2.034216e+08
2.607526e+03
1.456085e+03
4.622581e+06
1.706167e+06
2.824158e+07
2.262731e+03
2.036827e+03
1.914690e+02
1.900870e+02
1.994980e+02
1.054375e+08
1.495077e+07
2.569414e+07
2.886152e+07
1.422550e+02
5.025883e+07
1.614388e+07
1.128895e+08
8.636406e+07
1.600539e+07
1.067030e+08
1.561494e+08
3.118584e+06
3.671904e+05
1.223456e+07
6.545000e+01
5.618245e+07
1.481367e+03
3.669480e+07
3.960398e+07
3.120450e+07
1.737380e+08
9.148986e+07
2.644647e+03
4.315909e+07
3.262604e+05
3.177023e+07
1.174961e+07
1.264896e+04
9.767748e+07
3.500900e+02
3.138103e+07
1.348418e+07
3.587561e+06
3.480605e+07
3.005961e+07
1.240110e+02
5.804622e+07
6.845564e+07
1.582441e+03
5.239110e+02
6.762168e+07
3.416354e+07
1.285100e+01
6.478789e+03
1.151386e+08
2.207910e+05
2.244264e+07
1.079106e+04
3.910500e+01
1.707600e+02
1.257140e+02
8.852892e+07
1.729251e+07
6.914420e+06
7.293610e+02
1.347375e+03
1.055339e+07
6.596400e+02
2.884320e+02
5.322222e+03
4.482463e+07
1.979142e+07
1.240053e+08
1.598757e+07
4.963947e+06
1.593111e+03
2.234385e+07
2.442340e+02
6.454581e+03
7.675194e+06
8.119360e+02
8.569951e+07
2.623774e+06
8.448000e+00
1.146746e+04
2.188718e+07
2.013594e+08
2.725287e+03
1.347400e+08
3.245538e+07
4.738043e+07
5.913301e+03
6.088120e+02
3.235664e+03
6.415186e+05
3.079428e+07
7.556390e+02
1.753258e+08
3.387637e+03
7.361000e+00
2.136030e+07
2.856330e+02
6.934100e+03
3.799730e+02
3.525394e+07
4.888676e+07
2.154732e+03
1.806204e+08
2.065748e+08
5.901509e+07
6.637960e+07
1.711963e+08
2.146796e+03
3.941630e+03
4.442200e+02
2.560990e+03
4.765800e+01
1.047830e+08
4.541250e+02
4.951200e+01
1.210510e+02
3.746076e+07
1.133947e+06
2.015563e+03
4.098618e+07
2.054828e+07
5.549634e+07
1.821116e+08
2.786731e+08
5.033509e+07
8.954500e+01
1.378697e+03
1.858898e+03
4.566919e+07
2.759778e+07
5.363511e+07
1.914214e+07
4.444620e+02
7.512250e+07
5.050353e+07
9.693307e+07
1.028825e+08
4.544114e+06
4.962191e+05
5.011140e+06
1.135799e+08
2.822060e+02
1.799481e+06
1.948867e+07
6.033769e+07
1.310660e+02
1.951483e+07
4.806399e+07
4.987484e+07
2.535544e+06
3.546739e+03
2.517392e+07
5.774628e+03
7.058660e+02
1.123985e+08
1.299580e+02
2.939087e+07
1.429629e+08
1.059912e+06
5.266248e+07
1.156460e+02
8.011530e+02
3.425374e+03
7.226886e+07
7.936200e+01
6.198634e+06
4.723674e+07
3.309822e+07
3.411136e+07
1.227027e+03
9.716450e+02
4.964876e+03
1.392432e+03
7.688700e+01
8.626320e+07
1.743598e+07
6.018353e+07
2.682601e+08
6.167110e+07
3.578105e+07
5.211072e+07
2.632848e+08
1.133461e+08
3.207911e+03
3.953400e+01
8.715452e+07
7.501065e+07
1.892190e+02
3.863368e+07
1.892510e+02
3.497289e+07
7.141140e+07
2.227524e+03
2.653926e+06
1.222757e+07
1.056557e+04
1.019800e+08
6.781453e+07
4.581570e+02
2.791660e+02
1.597956e+08
1.672847e+03
1.275214e+07
2.724273e+07
2.277883e+08
2.484141e+03
4.589000e+01
5.501354e+07
1.151165e+08
1.350455e+04
