1.021819992065429688e+02
1.042816040039062500e+03
4.253469848632812500e+02
4.862239990234375000e+02
7.850900268554687500e+01
8.361000061035156250e+00
2.614909973144531250e+02
1.762519989013671875e+02
2.168090057373046875e+02
2.747999906539916992e+00
5.116299819946289062e+01
4.610469970703125000e+02
3.080500030517578125e+01
1.153209991455078125e+02
2.243999938964843750e+02
7.680599975585937500e+01
4.002369995117187500e+02
3.677999973297119141e+00
9.204399871826171875e+01
1.304900054931640625e+02
3.192839965820312500e+02
1.660959930419921875e+02
1.531080017089843750e+02
1.360359954833984375e+02
1.530820007324218750e+02
2.047070007324218750e+02
8.964099884033203125e+01
1.602199935913085938e+01
2.756400146484375000e+02
2.607929992675781250e+02
6.327860107421875000e+02
8.005100250244140625e+01
2.705900001525878906e+01
1.493979949951171875e+02
2.574479980468750000e+02
1.786049957275390625e+02
1.964900016784667969e+01
1.889470062255859375e+02
9.442999839782714844e+00
6.067300033569335938e+01
2.923000097274780273e+00
6.640200042724609375e+01
2.771740112304687500e+02
3.022799987792968750e+02
9.469999694824218750e+01
2.587199974060058594e+01
1.313020019531250000e+02
8.909400177001953125e+01
2.235870056152343750e+02
2.687479858398437500e+02
8.536699676513671875e+01
6.028300094604492188e+01
3.162120056152343750e+02
2.983399963378906250e+02
7.670600128173828125e+01
2.002499961853027344e+01
5.888499832153320312e+01
6.501399993896484375e+01
9.425299835205078125e+01
1.063980026245117188e+02
7.329000091552734375e+01
2.093190002441406250e+02
1.400879974365234375e+02
1.049739990234375000e+02
2.134889984130859375e+02
9.416799926757812500e+01
1.234796997070312500e+03
4.184880065917968750e+02
5.654499816894531250e+01
5.204299926757812500e+02
2.870530090332031250e+02
1.912299919128417969e+01
1.550180053710937500e+02
6.379000186920166016e+00
8.901599884033203125e+01
1.488439941406250000e+02
9.901699829101562500e+02
3.163599967956542969e+01
3.813770141601562500e+02
1.367800045013427734e+01
2.829500122070312500e+02
6.711299896240234375e+01
7.403600311279296875e+01
2.515140075683593750e+02
9.179990234375000000e+02
3.334159851074218750e+02
2.333860015869140625e+02
1.785240020751953125e+02
1.038840026855468750e+02
2.454920043945312500e+02
5.534140014648437500e+02
4.561999893188476562e+01
2.938999938964843750e+01
2.467700004577636719e+01
9.680000305175781250e+01
5.040299987792968750e+01
7.859500122070312500e+01
4.694330139160156250e+02
6.135289916992187500e+02
3.656800079345703125e+01
2.872600097656250000e+02
5.873199844360351562e+01
7.634799957275390625e+01
5.054400024414062500e+02
3.156969909667968750e+02
1.206510009765625000e+03
3.397780151367187500e+02
5.423699951171875000e+01
5.970600128173828125e+01
6.946510009765625000e+02
3.527500000000000000e+02
3.547000122070312500e+01
7.021099853515625000e+01
9.858400268554687500e+02
3.617040100097656250e+02
1.237070007324218750e+02
2.209219970703125000e+02
3.454179992675781250e+02
1.318200016021728516e+01
1.692655029296875000e+03
1.291569976806640625e+02
1.725249938964843750e+02
1.133479995727539062e+02
3.355000019073486328e+00
2.058450012207031250e+02
7.146999835968017578e+00
2.287619934082031250e+02
2.280599975585937500e+01
1.651260070800781250e+02
1.023700046539306641e+01
7.677000045776367188e+00
4.533999919891357422e+00
4.281299972534179688e+01
1.179700012207031250e+02
3.560150146484375000e+02
2.078730010986328125e+02
2.163919982910156250e+02
1.766399955749511719e+01
4.304800033569335938e+01
3.467739868164062500e+02
7.159300231933593750e+01
2.934970092773437500e+02
2.124420013427734375e+02
2.028119964599609375e+02
7.902119750976562500e+02
9.405799865722656250e+01
1.668799972534179688e+01
1.262600021362304688e+02
6.399140014648437500e+02
6.127000045776367188e+01
4.011800003051757812e+01
9.003999710083007812e+00
3.706999969482421875e+01
1.049189987182617188e+02
2.344210052490234375e+02
1.808750000000000000e+03
4.870399856567382812e+01
3.707130126953125000e+02
1.577200031280517578e+01
3.010000000000000000e+02
2.034470062255859375e+02
5.296630249023437500e+02
1.918700027465820312e+01
3.155699920654296875e+01
1.042139968872070312e+02
2.752000093460083008e+00
1.445330047607421875e+02
9.602999877929687500e+01
1.148349990844726562e+02
1.131129989624023438e+02
2.854000091552734375e+00
1.198300018310546875e+02
7.292099761962890625e+01
6.334500122070312500e+01
2.863779907226562500e+02
1.960110015869140625e+02
6.609060058593750000e+02
1.184909973144531250e+02
6.019699859619140625e+01
9.295999908447265625e+01
1.282350006103515625e+02
1.347597045898437500e+03
1.691100006103515625e+02
2.076600074768066406e+01
1.703580017089843750e+02
4.921599960327148438e+01
7.731800079345703125e+01
2.095690002441406250e+02
6.351959838867187500e+02
4.704800033569335938e+01
6.874800109863281250e+01
3.445859985351562500e+02
4.274729919433593750e+02
1.672339935302734375e+02
7.806999969482421875e+01
2.055579986572265625e+02
2.301399993896484375e+01
3.401130065917968750e+02
1.118610000610351562e+02
3.645769958496093750e+02
2.391000032424926758e+00
2.425650024414062500e+02
7.865799713134765625e+01
7.538200378417968750e+01
1.323999938964843750e+02
6.007869873046875000e+02
4.918299865722656250e+01
1.092809982299804688e+02
3.737500000000000000e+01
1.004699993133544922e+01
9.574500274658203125e+01
8.224099731445312500e+01
7.225800323486328125e+01
1.600679931640625000e+02
3.438700103759765625e+01
4.130100097656250000e+02
1.612989959716796875e+02
1.170960006713867188e+02
3.621999979019165039e+00
4.832080078125000000e+02
2.515540008544921875e+02
3.016999959945678711e+00
2.059989929199218750e+02
5.562200164794921875e+01
3.712900161743164062e+01
4.401560058593750000e+02
8.394599914550781250e+01
5.218099975585937500e+01
2.241500091552734375e+01
2.536589965820312500e+02
9.294000244140625000e+01
1.424120025634765625e+02
1.554470062255859375e+02
8.485430297851562500e+02
8.011799926757812500e+02
3.763000106811523438e+01
1.983339996337890625e+02
1.070270004272460938e+02
8.578099822998046875e+01
1.499759979248046875e+02
3.717390136718750000e+02
1.015296020507812500e+03
1.811479949951171875e+02
8.121000289916992188e+00
2.231000061035156250e+02
1.766549987792968750e+02
6.047100067138671875e+01
7.706999778747558594e+00
1.631979980468750000e+02
9.315999984741210938e+00
1.611609954833984375e+02
5.720180053710937500e+02
7.671700286865234375e+01
9.256999969482421875e+00
1.972389984130859375e+02
9.728900146484375000e+01
5.623899841308593750e+01
1.666080017089843750e+02
5.573400115966796875e+01
1.095000000000000000e+02
3.915999984741210938e+01
3.036090087890625000e+02
1.735429992675781250e+02
6.422639770507812500e+02
3.395499877929687500e+02
1.331119995117187500e+02
1.590019989013671875e+02
4.700299835205078125e+01
2.292890014648437500e+02
2.915999889373779297e+00
3.175130004882812500e+02
4.384110107421875000e+02
2.438999938964843750e+01
6.038199996948242188e+01
1.958849945068359375e+02
6.163000106811523438e+00
2.030400085449218750e+01
4.800520019531250000e+02
2.765699958801269531e+01
2.479219970703125000e+02
4.705889892578125000e+02
4.250299835205078125e+01
8.277400207519531250e+01
5.485000133514404297e+00
8.803099975585937500e+02
1.160049972534179688e+02
1.017139968872070312e+02
3.303049926757812500e+02
2.856709899902343750e+02
6.113000106811523438e+01
2.364000082015991211e+00
4.474389953613281250e+02
1.008949966430664062e+02
3.079880065917968750e+02
4.298259887695312500e+02
7.213999938964843750e+01
3.568510131835937500e+02
7.161799621582031250e+01
4.504419860839843750e+02
2.108820037841796875e+02
1.219250030517578125e+02
3.921459960937500000e+02
3.453760070800781250e+02
2.576679992675781250e+02
3.605419921875000000e+02
2.279369964599609375e+02
3.289899826049804688e+01
1.025830001831054688e+02
8.854799652099609375e+01
2.077030029296875000e+02
2.050119934082031250e+02
1.795639953613281250e+02
2.066840057373046875e+02
1.657610015869140625e+02
2.302899932861328125e+01
1.959799957275390625e+02
1.916719970703125000e+02
7.185390014648437500e+02
3.177869873046875000e+02
3.605520019531250000e+02
4.555099868774414062e+01
6.025689697265625000e+02
1.678619995117187500e+02
1.587369995117187500e+02
8.311859741210937500e+02
3.433429870605468750e+02
5.720600128173828125e+01
9.088500213623046875e+01
1.339230041503906250e+02
1.589909973144531250e+02
1.132330017089843750e+02
6.432329711914062500e+02
3.016699981689453125e+01
1.079540023803710938e+02
1.472949981689453125e+02
1.748320007324218750e+02
2.538899993896484375e+01
2.296340026855468750e+02
1.737949981689453125e+02
3.267599868774414062e+01
2.504470062255859375e+02
2.646440124511718750e+02
4.587999820709228516e+00
1.410799980163574219e+01
2.781610107421875000e+02
4.199240112304687500e+02
1.050400009155273438e+02
9.222899627685546875e+01
1.098330001831054688e+02
3.167999877929687500e+02
8.917500305175781250e+01
1.589199981689453125e+02
1.445820007324218750e+02
2.260420074462890625e+02
1.411419982910156250e+02
9.977400207519531250e+01
5.465900039672851562e+01
4.476499938964843750e+02
6.236929931640625000e+02
5.829520263671875000e+02
3.424270019531250000e+02
5.069800186157226562e+01
8.286299896240234375e+01
3.263999938964843750e+00
2.362259979248046875e+02
4.256589965820312500e+02
3.670469970703125000e+02
4.144599914550781250e+02
6.868000030517578125e+00
1.714900016784667969e+01
1.469109954833984375e+02
2.949909973144531250e+02
4.031799926757812500e+02
6.247299957275390625e+01
4.505599975585937500e+01
3.519599914550781250e+01
1.829800033569335938e+01
1.956500053405761719e+01
7.349999904632568359e+00
8.773400115966796875e+01
1.305300045013427734e+01
5.587520141601562500e+02
5.727999877929687500e+02
4.078429870605468750e+02
5.781999969482421875e+01
2.407480010986328125e+02
1.074710006713867188e+02
1.151099967956542969e+01
5.852399826049804688e+01
1.065279998779296875e+02
2.214399909973144531e+01
1.093799972534179688e+02
2.613489990234375000e+02
3.089500122070312500e+02
2.713000059127807617e+00
1.739200019836425781e+01
1.586479949951171875e+02
7.503500366210937500e+01
3.307319946289062500e+02
6.008900070190429688e+01
4.383739929199218750e+02
2.262310028076171875e+02
2.980900001525878906e+01
2.900140075683593750e+02
6.706900024414062500e+01
1.366979980468750000e+02
1.549839935302734375e+02
1.272760009765625000e+02
9.953199768066406250e+01
5.494200134277343750e+01
1.207440032958984375e+02
3.881000137329101562e+01
6.459999847412109375e+01
4.264020080566406250e+02
1.301219940185546875e+02
2.913000106811523438e+00
2.034499931335449219e+01
1.732070007324218750e+02
2.879530029296875000e+02
8.607900238037109375e+01
2.211250000000000000e+02
5.836600112915039062e+01
5.031999969482421875e+01
3.167810058593750000e+02
1.280520019531250000e+02
1.277119979858398438e+02
3.197420043945312500e+02
3.109559936523437500e+02
3.183099975585937500e+02
7.607900238037109375e+01
1.316230010986328125e+02
3.665830078125000000e+02
1.297500038146972656e+01
1.924210052490234375e+02
6.940000057220458984e+00
9.883300018310546875e+01
6.491799926757812500e+01
2.588439941406250000e+02
1.225080032348632812e+02
5.205209960937500000e+02
9.812399902343750000e+02
2.001790008544921875e+02
7.396069946289062500e+02
3.728529968261718750e+02
3.065969848632812500e+02
1.039800033569335938e+02
5.778999805450439453e+00
8.338400268554687500e+01
3.282659912109375000e+02
1.148020019531250000e+02
2.197640075683593750e+02
6.549130249023437500e+02
1.716950073242187500e+02
1.888090057373046875e+02
4.224300003051757812e+01
5.136530151367187500e+02
1.730180053710937500e+02
1.536380004882812500e+02
4.782149963378906250e+02
2.653599929809570312e+01
1.249660034179687500e+02
2.585300064086914062e+01
3.112950134277343750e+02
1.584290008544921875e+02
8.720999717712402344e+00
2.665710144042968750e+02
9.660399627685546875e+01
1.794550018310546875e+02
2.649500083923339844e+01
2.286060028076171875e+02
2.358939971923828125e+02
6.610000133514404297e+00
1.457600021362304688e+01
1.107890014648437500e+02
4.086400146484375000e+02
1.681540069580078125e+02
3.149169921875000000e+02
1.593200016021728516e+01
1.054339981079101562e+02
3.107959899902343750e+02
8.858599853515625000e+01
1.794049987792968750e+02
3.124200057983398438e+01
2.618150024414062500e+02
8.625900268554687500e+01
8.477600097656250000e+01
1.087170028686523438e+02
3.489700012207031250e+02
9.320600128173828125e+01
2.057749938964843750e+02
5.999000072479248047e+00
3.746669921875000000e+02
3.680999994277954102e+00
3.496520080566406250e+02
8.431199645996093750e+01
2.226730041503906250e+02
2.359420013427734375e+02
1.210599994659423828e+01
2.863299942016601562e+01
1.521210021972656250e+02
1.497250061035156250e+02
3.353869934082031250e+02
2.311399993896484375e+02
3.465719909667968750e+02
5.754199981689453125e+01
2.203300094604492188e+01
4.018600082397460938e+01
7.542550048828125000e+02
7.341100311279296875e+01
1.164000034332275391e+01
5.163690185546875000e+02
5.259010009765625000e+02
2.486000061035156250e+01
3.112999916076660156e+00
1.582480010986328125e+02
1.904299926757812500e+02
2.366099929809570312e+01
3.225699996948242188e+01
4.286690063476562500e+02
3.029999923706054688e+01
4.467219848632812500e+02
7.155899810791015625e+01
4.293150024414062500e+02
2.785199928283691406e+01
7.142000198364257812e+00
6.408799743652343750e+01
1.949530029296875000e+02
1.826230010986328125e+02
8.265000343322753906e+00
6.332490234375000000e+02
8.682219848632812500e+02
4.082919921875000000e+02
4.468099975585937500e+01
6.430579833984375000e+02
1.185380020141601562e+02
1.178249969482421875e+02
1.405300045013427734e+01
2.632600021362304688e+01
4.247700119018554688e+01
1.085080032348632812e+02
2.353730010986328125e+02
1.541399955749511719e+01
5.054880065917968750e+02
3.243500137329101562e+01
1.143280029296875000e+02
3.133900070190429688e+01
1.945939941406250000e+02
3.618569946289062500e+02
2.657479858398437500e+02
3.589540100097656250e+02
3.342999935150146484e+00
1.296959991455078125e+02
4.030520019531250000e+02
1.142070007324218750e+02
1.248259963989257812e+02
7.287799835205078125e+01
1.525639953613281250e+02
4.390999794006347656e+00
5.694299926757812500e+02
2.099869995117187500e+02
2.598099975585937500e+02
3.559500122070312500e+01
5.540919799804687500e+02
2.356470031738281250e+02
1.009820022583007812e+02
1.858000040054321289e+00
3.420820007324218750e+02
1.952579956054687500e+02
4.167499923706054688e+01
6.987000274658203125e+01
6.235100173950195312e+01
1.498760070800781250e+02
1.300220031738281250e+02
1.946390075683593750e+02
2.612099914550781250e+02
4.014799880981445312e+01
1.518200016021728516e+01
5.381100082397460938e+01
4.118700027465820312e+01
9.336699676513671875e+01
1.594089965820312500e+02
3.589700012207031250e+02
8.502100372314453125e+01
4.157199859619140625e+01
1.389389953613281250e+02
1.141389999389648438e+02
2.665849914550781250e+02
1.418500061035156250e+02
2.926000022888183594e+01
4.571870117187500000e+02
2.965780029296875000e+02
1.502109985351562500e+02
1.480000019073486328e+01
3.668999910354614258e+00
1.105149993896484375e+02
4.202529907226562500e+02
2.147279968261718750e+02
4.336430053710937500e+02
5.810020141601562500e+02
1.061380004882812500e+02
1.013000011444091797e+00
5.983519897460937500e+02
1.306040039062500000e+02
1.076289978027343750e+02
3.648529968261718750e+02
3.394309997558593750e+02
8.156999969482421875e+01
1.113180053710937500e+03
3.554689941406250000e+02
9.378000259399414062e+00
4.787680053710937500e+02
1.278400039672851562e+01
1.086660003662109375e+02
2.088800048828125000e+01
5.048300170898437500e+01
5.032699966430664062e+01
2.769000053405761719e+00
4.201340026855468750e+02
5.444699859619140625e+01
1.113799972534179688e+02
1.690709991455078125e+02
3.142200088500976562e+01
7.422089843750000000e+02
4.177810058593750000e+02
4.301679992675781250e+02
1.547000050544738770e+00
2.108200073242187500e+01
2.024579925537109375e+02
1.401999950408935547e+00
5.250099945068359375e+01
9.586399841308593750e+01
2.315260009765625000e+02
1.134599975585937500e+03
1.265759963989257812e+02
3.219259948730468750e+02
4.368789978027343750e+02
4.526800155639648438e+01
1.509999990463256836e+00
5.842399978637695312e+01
3.182500076293945312e+01
2.377319946289062500e+02
6.118600082397460938e+01
2.960499954223632812e+01
3.643399810791015625e+01
1.536840057373046875e+02
9.892000198364257812e+00
7.393000030517578125e+01
3.639790039062500000e+02
4.265979919433593750e+02
4.155000209808349609e+00
9.425800323486328125e+01
9.248000144958496094e+00
1.360570068359375000e+02
3.298689880371093750e+02
2.457779998779296875e+02
3.670079956054687500e+02
6.840560302734375000e+02
3.455000000000000000e+02
2.693949890136718750e+02
3.885490112304687500e+02
1.516829986572265625e+02
1.401300048828125000e+02
1.250059967041015625e+02
1.582279968261718750e+02
1.450899982452392578e+01
9.068499755859375000e+01
6.192999839782714844e+00
1.086729965209960938e+02
5.644099731445312500e+02
8.971399688720703125e+01
1.342949981689453125e+02
2.712430114746093750e+02
1.831179962158203125e+02
1.708939971923828125e+02
2.936679992675781250e+02
5.522100219726562500e+02
9.251999855041503906e+00
8.464399719238281250e+01
2.085000038146972656e+00
1.453090057373046875e+02
8.884200286865234375e+01
3.673110046386718750e+02
4.151029968261718750e+02
4.994499969482421875e+01
2.892760009765625000e+02
2.425200042724609375e+02
2.315000057220458984e+00
3.586700057983398438e+01
5.124099731445312500e+02
1.413090057373046875e+02
2.479429931640625000e+02
5.753750000000000000e+02
1.388840026855468750e+02
1.392980041503906250e+02
7.861499786376953125e+01
6.122160034179687500e+02
3.898599853515625000e+02
1.397910003662109375e+02
4.558169860839843750e+02
1.546560058593750000e+02
4.343760070800781250e+02
1.437579956054687500e+02
5.860469970703125000e+02
1.606069946289062500e+02
2.319899940490722656e+01
2.085000038146972656e+00
2.290800094604492188e+01
5.063000202178955078e+00
1.608130035400390625e+02
7.197000026702880859e+00
1.968999981880187988e+00
3.953259887695312500e+02
8.359500122070312500e+02
3.504079895019531250e+02
2.822200012207031250e+01
2.862749938964843750e+02
2.395859985351562500e+02
8.172599792480468750e+01
2.047010040283203125e+02
3.667839965820312500e+02
3.198460083007812500e+02
1.176099967956542969e+01
4.720100021362304688e+01
3.486000061035156250e+00
4.933859863281250000e+02
1.109580001831054688e+02
4.588900146484375000e+02
1.337299957275390625e+02
1.364530029296875000e+02
3.082500076293945312e+01
1.388000011444091797e+00
2.154239959716796875e+02
1.146470031738281250e+02
1.152900009155273438e+02
1.527000045776367188e+01
5.138999938964843750e+00
1.745000004768371582e+00
9.625199890136718750e+01
4.411600112915039062e+01
6.470999908447265625e+01
1.859060058593750000e+02
9.722999572753906250e+00
6.721439819335937500e+02
4.592470092773437500e+02
4.307250061035156250e+02
3.942100143432617188e+01
9.530899810791015625e+01
6.603399658203125000e+01
2.718580017089843750e+02
1.078489990234375000e+02
2.539999961853027344e+00
1.275670013427734375e+02
9.260059814453125000e+02
1.574000000953674316e+00
1.833580017089843750e+02
3.548370056152343750e+02
4.370499877929687500e+02
8.694400024414062500e+01
2.519400024414062500e+02
1.511690063476562500e+02
1.843199920654296875e+01
1.604369964599609375e+02
6.414999961853027344e+00
1.228730010986328125e+02
6.172000122070312500e+01
2.281410064697265625e+02
2.553110046386718750e+02
4.761029968261718750e+02
1.703309936523437500e+02
2.238999938964843750e+01
3.233999967575073242e+00
3.293999910354614258e+00
2.193339996337890625e+02
2.577969970703125000e+02
1.433840026855468750e+02
4.243110046386718750e+02
8.309000015258789062e+00
5.739599990844726562e+01
2.503599929809570312e+01
8.209700012207031250e+01
2.163580017089843750e+02
6.526999664306640625e+01
2.254250030517578125e+02
9.127300262451171875e+01
1.066470031738281250e+02
7.353299713134765625e+01
3.431109924316406250e+02
4.747409973144531250e+02
2.772200012207031250e+01
4.292189941406250000e+02
5.053200149536132812e+01
9.816799926757812500e+01
2.235359954833984375e+02
2.713199996948242188e+01
4.656380004882812500e+02
2.180570068359375000e+02
2.084799957275390625e+01
4.531700134277343750e+02
6.430040283203125000e+02
1.032440032958984375e+02
9.625000000000000000e+01
1.472940063476562500e+02
1.112959976196289062e+02
5.926599884033203125e+01
3.987099838256835938e+01
5.466589965820312500e+02
3.082210083007812500e+02
5.733599853515625000e+01
8.031209716796875000e+02
1.087005981445312500e+03
1.340989990234375000e+02
2.399889984130859375e+02
6.278699951171875000e+02
4.157850036621093750e+02
6.356399917602539062e+01
8.232760009765625000e+02
1.251600036621093750e+02
2.859309997558593750e+02
1.434369964599609375e+02
1.212080001831054688e+02
4.595130004882812500e+02
3.242040100097656250e+02
4.378819885253906250e+02
2.891040039062500000e+02
1.108079986572265625e+02
1.377790069580078125e+02
2.811730041503906250e+02
8.247399902343750000e+01
1.629279937744140625e+02
8.947399902343750000e+01
4.979020080566406250e+02
3.588199996948242188e+01
3.414999961853027344e+00
1.169570007324218750e+02
5.229010009765625000e+02
4.888700103759765625e+01
1.467720031738281250e+02
1.029800033569335938e+01
1.087807006835937500e+03
3.690669860839843750e+02
5.764799880981445312e+01
2.210460052490234375e+02
1.820520019531250000e+02
2.937000122070312500e+02
5.903120117187500000e+02
3.826849975585937500e+02
6.177799987792968750e+01
7.552839965820312500e+02
4.655300140380859375e+01
2.531999969482421875e+01
2.059889984130859375e+02
4.939899902343750000e+02
4.795800018310546875e+01
3.198699951171875000e+01
7.487799835205078125e+01
3.776849975585937500e+02
4.492000102996826172e+00
2.802749938964843750e+02
2.405310058593750000e+02
2.627030029296875000e+02
2.717999935150146484e+00
2.185390014648437500e+02
9.554599761962890625e+01
4.408100128173828125e+01
2.041990051269531250e+02
2.336700057983398438e+01
8.913700103759765625e+01
8.413000106811523438e+00
6.052369995117187500e+02
9.549900054931640625e+01
5.388100051879882812e+01
1.409270019531250000e+02
3.679199981689453125e+01
5.208259887695312500e+02
6.888899993896484375e+01
2.392980041503906250e+02
8.712899780273437500e+01
9.007900238037109375e+01
5.078099822998046875e+01
5.273980102539062500e+02
1.321050048828125000e+03
5.595310058593750000e+02
8.308899688720703125e+01
3.029660034179687500e+02
9.541400146484375000e+01
1.089580001831054688e+02
4.904599914550781250e+02
8.494100189208984375e+01
1.218479995727539062e+02
6.427189941406250000e+02
2.224779968261718750e+02
7.259140014648437500e+02
5.643000030517578125e+01
5.364699935913085938e+01
5.173439941406250000e+02
5.806200027465820312e+01
9.831999778747558594e+00
1.280310058593750000e+02
1.859089965820312500e+02
2.864219970703125000e+02
1.970700073242187500e+02
2.308040008544921875e+02
2.070050048828125000e+02
4.631999969482421875e+01
3.531650085449218750e+02
1.317099952697753906e+01
5.830150146484375000e+02
7.775919799804687500e+02
2.455260009765625000e+02
2.934199905395507812e+01
3.820500183105468750e+01
7.108729858398437500e+02
2.034409942626953125e+02
3.116380004882812500e+02
3.084939880371093750e+02
4.716099853515625000e+02
3.053599929809570312e+01
1.009189987182617188e+02
3.678840026855468750e+02
5.039119873046875000e+02
2.218970031738281250e+02
2.034530029296875000e+02
5.357310180664062500e+02
3.419079895019531250e+02
4.916979980468750000e+02
1.124499988555908203e+01
8.135900115966796875e+01
6.987659912109375000e+02
3.114739990234375000e+02
3.562000036239624023e+00
2.749500083923339844e+01
4.026000022888183594e+00
3.851860046386718750e+02
9.078499755859375000e+02
4.006440124511718750e+02
2.335690002441406250e+02
4.657279968261718750e+02
3.937699890136718750e+02
4.329100036621093750e+01
3.479000091552734375e+00
4.834809875488281250e+02
3.769750061035156250e+02
3.075780029296875000e+02
1.842550048828125000e+02
1.549160003662109375e+02
2.375000000000000000e+00
1.235250015258789062e+02
4.407680053710937500e+02
4.815429992675781250e+02
8.070200347900390625e+01
1.890180053710937500e+02
1.211780029296875000e+03
7.083300018310546875e+01
1.265739974975585938e+02
3.964599914550781250e+02
1.855030059814453125e+02
3.771900177001953125e+01
2.095050048828125000e+02
3.436029968261718750e+02
3.704389953613281250e+02
2.754299926757812500e+01
2.996679992675781250e+02
7.451000213623046875e+00
4.532650146484375000e+02
1.620820007324218750e+02
1.132400035858154297e+01
2.617510070800781250e+02
6.591729736328125000e+02
4.056700134277343750e+01
6.595050048828125000e+02
2.282299995422363281e+01
2.287120056152343750e+02
4.563320007324218750e+02
6.745999908447265625e+01
9.923799896240234375e+01
8.030999755859375000e+01
8.623500061035156250e+01
1.558300018310546875e+01
8.869260253906250000e+02
3.277560119628906250e+02
5.423120117187500000e+02
3.513500061035156250e+02
1.852239990234375000e+02
1.533289947509765625e+02
8.647999763488769531e+00
1.769199943542480469e+01
5.854000091552734375e+00
9.101200103759765625e+01
3.393500137329101562e+01
2.845899963378906250e+02
1.175149993896484375e+02
1.506829986572265625e+02
9.852500152587890625e+01
7.314099884033203125e+01
2.912109985351562500e+02
1.247139968872070312e+02
2.568599853515625000e+02
1.616569976806640625e+02
3.818909912109375000e+02
8.697599792480468750e+01
