2.220100021362304688e+01
6.566999816894531250e+01
2.103049926757812500e+02
1.183600006103515625e+02
2.195720062255859375e+02
3.411500167846679688e+01
1.696400070190429688e+01
8.965899658203125000e+01
6.270180053710937500e+02
1.434859924316406250e+02
6.209199905395507812e+01
9.113400268554687500e+01
2.474049987792968750e+02
9.837680053710937500e+02
7.094999790191650391e+00
2.142599945068359375e+02
1.072630004882812500e+02
2.381299972534179688e+01
4.711600112915039062e+01
1.736289978027343750e+02
1.541390075683593750e+02
7.524800109863281250e+01
1.473280029296875000e+02
2.348999977111816406e+00
1.744570007324218750e+02
4.838789978027343750e+02
1.303190002441406250e+02
2.261970062255859375e+02
1.022470016479492188e+02
2.121369934082031250e+02
3.609840087890625000e+02
6.774569702148437500e+02
2.514029998779296875e+02
5.006250000000000000e+02
2.104459991455078125e+02
1.633300018310546875e+01
1.296300029754638672e+01
8.786499786376953125e+01
7.823300170898437500e+02
5.297600173950195312e+01
7.039800262451171875e+01
1.707600021362304688e+01
3.130100059509277344e+01
1.547729949951171875e+02
2.072960052490234375e+02
1.357010040283203125e+02
1.628700065612792969e+01
3.041500091552734375e+01
6.697000026702880859e+00
1.304019927978515625e+02
1.147030029296875000e+02
1.718359985351562500e+02
6.617899780273437500e+02
2.483699989318847656e+01
6.367000102996826172e+00
1.202919998168945312e+02
7.327949829101562500e+02
3.186759948730468750e+02
2.742500000000000000e+02
4.830699920654296875e+01
3.056700134277343750e+02
2.051000061035156250e+02
1.193540039062500000e+03
2.502669982910156250e+02
1.662610015869140625e+02
1.115459976196289062e+02
4.507099914550781250e+01
1.940200042724609375e+02
5.578999996185302734e+00
4.596200180053710938e+01
1.531690063476562500e+02
5.697299957275390625e+01
1.423781982421875000e+03
2.085099983215332031e+01
2.694440002441406250e+02
5.484199905395507812e+01
1.642180023193359375e+02
7.930549926757812500e+02
1.347299957275390625e+02
2.321800041198730469e+01
1.244879989624023438e+02
2.734123046875000000e+03
3.628599929809570312e+01
1.868199920654296875e+01
2.301399993896484375e+01
4.149900054931640625e+01
1.445600032806396484e+01
1.206200027465820312e+01
1.078339996337890625e+02
7.089310302734375000e+02
1.300537963867187500e+03
5.369100189208984375e+01
2.289369964599609375e+02
3.215000000000000000e+02
8.723400115966796875e+01
6.945400238037109375e+01
4.795800018310546875e+01
1.323329925537109375e+02
4.418000221252441406e+00
5.116699981689453125e+01
1.819750061035156250e+02
9.567800140380859375e+01
1.024199981689453125e+02
1.492779998779296875e+02
2.030939941406250000e+02
1.507899932861328125e+02
1.749892944335937500e+03
1.010390014648437500e+02
9.028199768066406250e+01
5.099000167846679688e+01
7.689299774169921875e+01
5.650299835205078125e+01
9.738400268554687500e+01
1.779880065917968750e+02
3.095740051269531250e+02
3.562829895019531250e+02
1.028899955749511719e+01
2.682130126953125000e+02
5.761199951171875000e+01
2.295100021362304688e+01
1.559100036621093750e+02
4.992000102996826172e+00
4.478009948730468750e+02
2.796699905395507812e+01
2.985600090026855469e+01
2.164399909973144531e+01
5.885699844360351562e+01
1.153072998046875000e+03
3.430699920654296875e+01
2.307399940490722656e+01
4.050780029296875000e+02
2.054389953613281250e+02
2.451600074768066406e+01
1.737385986328125000e+03
6.960299682617187500e+01
8.485079956054687500e+02
3.187449951171875000e+02
6.460000038146972656e+00
2.243400001525878906e+01
7.721099853515625000e+01
7.442500305175781250e+01
5.018000125885009766e+00
3.987799835205078125e+01
2.760650024414062500e+02
3.463630065917968750e+02
3.149930114746093750e+02
9.253000259399414062e+00
2.467270050048828125e+02
2.123999977111816406e+01
1.436499938964843750e+02
2.198900032043457031e+01
1.582999944686889648e+00
6.300729980468750000e+02
5.002799987792968750e+01
2.738609924316406250e+02
1.019950027465820312e+02
2.478630065917968750e+02
1.245067016601562500e+03
4.070000171661376953e+00
1.260189971923828125e+02
9.812500000000000000e+01
4.731780090332031250e+02
8.643599700927734375e+01
1.462010040283203125e+02
4.111369934082031250e+02
8.499899902343750000e+02
1.162620010375976562e+02
5.691209716796875000e+02
1.051169967651367188e+02
7.776599884033203125e+01
3.177599906921386719e+01
7.044999694824218750e+01
3.260889892578125000e+02
1.013492004394531250e+03
1.274879989624023438e+02
9.624900054931640625e+01
6.925900268554687500e+01
2.325200080871582031e+01
1.578750000000000000e+02
7.352700042724609375e+01
1.968780059814453125e+02
8.194300079345703125e+01
1.728098999023437500e+03
6.800130004882812500e+02
4.945800018310546875e+01
5.747000217437744141e+00
4.104000091552734375e+01
5.126500244140625000e+02
1.688970031738281250e+02
1.950399971008300781e+01
1.142959976196289062e+02
8.976550292968750000e+02
1.002700042724609375e+01
1.648399925231933594e+01
7.226420288085937500e+02
5.156259765625000000e+02
7.327260131835937500e+02
5.206600189208984375e+01
6.286119995117187500e+02
3.212349853515625000e+02
5.241099929809570312e+01
3.840050048828125000e+02
1.707099914550781250e+01
1.928609924316406250e+02
5.026520080566406250e+02
1.316532958984375000e+03
6.769310302734375000e+02
9.633000183105468750e+01
2.248679962158203125e+02
2.250079956054687500e+02
2.299500083923339844e+01
4.054609985351562500e+02
8.569999694824218750e+00
4.619999885559082031e+00
8.900869750976562500e+02
2.724179992675781250e+02
1.027570037841796875e+02
2.028410034179687500e+02
1.132839965820312500e+02
1.038010025024414062e+02
3.969060058593750000e+02
4.966950073242187500e+02
1.187600040435791016e+01
3.136899948120117188e+01
6.120500183105468750e+01
4.635599899291992188e+01
9.844639892578125000e+02
5.227999877929687500e+01
3.777380065917968750e+02
2.062400054931640625e+01
5.129100036621093750e+01
4.268059997558593750e+02
3.871549987792968750e+02
5.836999893188476562e+00
3.622700119018554688e+01
3.543760070800781250e+02
8.333000183105468750e+00
3.100900077819824219e+01
2.290489959716796875e+02
9.524999618530273438e+00
9.826100158691406250e+01
6.230999946594238281e+00
4.538000106811523438e+00
6.433300018310546875e+01
4.090759887695312500e+02
2.034900093078613281e+01
2.491549987792968750e+02
1.379140014648437500e+02
1.127939987182617188e+02
2.495440063476562500e+02
1.029957031250000000e+03
8.185000419616699219e+00
4.118600082397460938e+01
3.828009948730468750e+02
2.469470062255859375e+02
4.184999942779541016e+00
7.442400360107421875e+01
7.634089965820312500e+02
8.647000122070312500e+01
4.838670043945312500e+02
8.972769775390625000e+02
1.084799957275390625e+01
2.995780029296875000e+02
4.732600021362304688e+01
2.490709991455078125e+02
4.539000034332275391e+00
6.878199768066406250e+01
2.394900054931640625e+02
8.358690185546875000e+02
1.438049926757812500e+02
2.097800064086914062e+01
1.495769958496093750e+02
1.682689971923828125e+02
1.796770019531250000e+02
1.361800003051757812e+01
9.704999923706054688e+00
2.141600036621093750e+01
1.987799987792968750e+02
6.355400085449218750e+01
1.073600006103515625e+02
2.649890136718750000e+02
1.453400039672851562e+01
1.803549957275390625e+02
1.060309982299804688e+02
3.253200073242187500e+02
4.151800155639648438e+01
1.413229980468750000e+02
4.274660034179687500e+02
4.044819946289062500e+02
2.516999959945678711e+00
1.056999969482421875e+02
9.408740234375000000e+02
3.419300079345703125e+01
1.880229949951171875e+02
8.935700225830078125e+01
7.172360229492187500e+02
2.472140045166015625e+02
2.168099975585937500e+01
1.263619995117187500e+02
1.156299972534179688e+01
4.214800109863281250e+02
2.883930053710937500e+02
3.482600021362304688e+01
1.035799980163574219e+01
7.160800170898437500e+01
6.304999828338623047e+00
5.377130126953125000e+02
7.373000144958496094e+00
1.702980041503906250e+02
2.432799911499023438e+01
9.550700378417968750e+01
2.975109863281250000e+02
5.408999919891357422e+00
4.159289855957031250e+02
4.351940002441406250e+02
1.616540069580078125e+02
8.315000152587890625e+01
3.575299835205078125e+01
1.347700023651123047e+01
3.475230102539062500e+02
5.799599838256835938e+01
1.437899971008300781e+01
1.277570037841796875e+02
4.507699966430664062e+01
1.722940063476562500e+02
1.108887939453125000e+03
1.593439941406250000e+02
3.157600021362304688e+01
5.324599838256835938e+01
6.020570068359375000e+02
9.680159912109375000e+02
8.487000274658203125e+01
1.562319946289062500e+02
6.343820190429687500e+02
1.124506958007812500e+03
3.570570068359375000e+02
1.689900054931640625e+02
8.769999742507934570e-01
1.719550018310546875e+02
2.182619934082031250e+02
4.450799942016601562e+01
3.507300186157226562e+01
8.143699645996093750e+01
1.915789947509765625e+02
6.462100219726562500e+01
7.100189819335937500e+02
1.766860046386718750e+02
8.828199768066406250e+01
8.920300292968750000e+01
3.519699859619140625e+01
6.862249755859375000e+02
3.774670104980468750e+02
1.222229995727539062e+02
3.911999940872192383e+00
1.226688964843750000e+03
6.241199874877929688e+01
1.727749938964843750e+02
4.320999908447265625e+01
3.893689880371093750e+02
7.305799865722656250e+01
5.926000118255615234e+00
8.700499725341796875e+01
1.050029983520507812e+02
3.183900070190429688e+01
8.609999847412109375e+01
8.196999549865722656e+00
1.150359008789062500e+03
1.182050018310546875e+02
4.322879943847656250e+02
1.135681030273437500e+03
1.060999965667724609e+01
4.878200149536132812e+01
2.915299987792968750e+01
6.421299743652343750e+01
1.061499977111816406e+01
1.772409973144531250e+02
7.751999855041503906e+00
4.173420104980468750e+02
8.001999855041503906e+00
5.150250244140625000e+02
5.931299972534179688e+01
1.383112060546875000e+03
1.336670074462890625e+02
4.924800109863281250e+01
2.085870056152343750e+02
5.261669921875000000e+02
2.045659942626953125e+02
5.310070190429687500e+02
5.043000221252441406e+00
1.855659942626953125e+02
9.100599670410156250e+01
3.564190063476562500e+02
1.000699996948242188e+02
5.467999935150146484e+00
1.746899986267089844e+01
9.137999534606933594e+00
9.466400146484375000e+01
1.708390045166015625e+02
3.964400024414062500e+02
2.711659851074218750e+02
5.996699905395507812e+01
1.701419982910156250e+02
3.562420043945312500e+02
3.657959899902343750e+02
2.472810058593750000e+02
2.448699951171875000e+01
3.902299880981445312e+01
1.011279983520507812e+02
1.452056030273437500e+03
1.019800033569335938e+02
3.093710021972656250e+02
1.988599967956542969e+01
4.499300003051757812e+01
3.902210083007812500e+02
6.295100097656250000e+02
1.236100006103515625e+02
3.783800125122070312e+01
7.521999835968017578e+00
5.235289916992187500e+02
5.206600189208984375e+01
8.384899902343750000e+01
1.221198974609375000e+03
2.746500015258789062e+01
1.122399997711181641e+01
7.626999855041503906e+00
3.431999921798706055e+00
2.288220062255859375e+02
2.987520141601562500e+02
2.484270019531250000e+02
3.331390075683593750e+02
4.001950073242187500e+02
1.028649978637695312e+02
5.136299896240234375e+01
6.648500061035156250e+01
5.363220214843750000e+02
5.567999839782714844e+00
2.532999992370605469e+00
1.490299987792968750e+01
1.149199962615966797e+01
5.893199920654296875e+01
1.238860015869140625e+02
4.936299896240234375e+01
2.657000064849853516e+00
4.771999835968017578e+00
7.125000000000000000e+00
8.654580078125000000e+02
2.244709930419921875e+02
7.522699737548828125e+01
3.555079956054687500e+02
7.494279785156250000e+02
8.138999938964843750e+00
9.817999839782714844e+00
1.900189971923828125e+02
4.576300048828125000e+01
6.040800094604492188e+01
7.566899871826171875e+01
1.404686035156250000e+03
8.380799865722656250e+01
1.306329956054687500e+02
9.517000198364257812e+00
1.140400028228759766e+01
6.111760253906250000e+02
3.830199890136718750e+02
2.507799911499023438e+01
3.081200027465820312e+01
1.319810028076171875e+02
1.157379989624023438e+02
1.418799972534179688e+01
9.327500000000000000e+02
6.516300201416015625e+01
1.012880020141601562e+02
8.899299621582031250e+01
7.818599700927734375e+01
3.570100097656250000e+02
4.927799987792968750e+01
1.454969940185546875e+02
5.256600189208984375e+01
8.769000053405761719e+00
9.373500061035156250e+01
1.239380035400390625e+02
8.482700347900390625e+01
1.447299957275390625e+01
4.529230041503906250e+02
9.068599700927734375e+01
4.937860107421875000e+02
5.513499832153320312e+01
8.497200012207031250e+01
2.160600090026855469e+01
6.676060180664062500e+02
2.086990051269531250e+02
8.739800262451171875e+01
2.445199966430664062e+01
2.839219970703125000e+02
1.737319946289062500e+02
8.268010253906250000e+02
6.618029785156250000e+02
1.327254028320312500e+03
6.236500167846679688e+01
1.467050018310546875e+02
8.918000030517578125e+01
3.209710083007812500e+02
3.851999998092651367e+00
9.537899780273437500e+01
3.116470031738281250e+02
3.805090026855468750e+02
3.785469970703125000e+02
6.887599945068359375e+01
1.399100017547607422e+01
9.114999771118164062e+00
7.690830078125000000e+02
1.292000007629394531e+01
3.484309997558593750e+02
5.015130004882812500e+02
1.167700004577636719e+01
8.494999885559082031e+00
4.124000167846679688e+01
2.255400085449218750e+01
2.433609924316406250e+02
5.461290283203125000e+02
4.109000205993652344e+00
5.558859863281250000e+02
1.897999954223632812e+01
2.788299942016601562e+01
5.967000007629394531e+00
6.138000011444091797e+00
3.274499893188476562e+01
2.209689941406250000e+02
6.237099838256835938e+01
7.036300048828125000e+02
5.274639892578125000e+02
2.026940002441406250e+02
3.505400085449218750e+01
1.032094970703125000e+03
2.270400047302246094e+01
3.654800033569335938e+01
9.191999816894531250e+01
3.325799942016601562e+01
1.248999977111816406e+01
2.135899925231933594e+01
4.341500091552734375e+01
1.144589996337890625e+02
7.112899780273437500e+01
1.087661010742187500e+03
9.804599761962890625e+01
2.389360046386718750e+02
8.746099853515625000e+01
9.749680175781250000e+02
4.148200073242187500e+02
9.510999679565429688e+00
4.795820007324218750e+02
6.644000053405761719e+00
1.248550033569335938e+02
1.149499988555908203e+01
3.797900009155273438e+01
9.567900085449218750e+01
3.327799987792968750e+01
1.595130004882812500e+02
3.258070068359375000e+02
2.845999956130981445e+00
3.815999984741210938e+00
7.044699859619140625e+01
9.347299957275390625e+01
2.110937988281250000e+03
5.809089965820312500e+02
1.941150054931640625e+02
2.483799934387207031e+01
8.542400360107421875e+01
1.349759979248046875e+02
1.173299980163574219e+01
5.301690063476562500e+02
2.653569946289062500e+02
4.141999816894531250e+01
5.777050170898437500e+02
5.740960083007812500e+02
9.452119750976562500e+02
6.681220092773437500e+02
7.243999958038330078e+00
2.542999982833862305e+00
1.028079986572265625e+02
2.556500053405761719e+01
3.307199859619140625e+01
4.388880004882812500e+02
1.279699993133544922e+01
1.831999969482421875e+01
7.818619995117187500e+02
6.076800155639648438e+01
2.064779968261718750e+02
1.171000003814697266e+01
2.833399963378906250e+01
8.083999633789062500e+01
2.078690032958984375e+02
1.243037963867187500e+03
1.115369995117187500e+03
1.705041015625000000e+03
9.662699890136718750e+01
7.596420288085937500e+02
2.394620056152343750e+02
2.989599990844726562e+01
4.699800109863281250e+01
9.806040039062500000e+02
3.316390075683593750e+02
3.644200134277343750e+01
3.542399978637695312e+01
4.279800109863281250e+02
3.294300079345703125e+01
1.549660034179687500e+02
8.866100311279296875e+01
8.298000335693359375e+00
2.619750061035156250e+02
2.362500000000000000e+01
1.504500007629394531e+01
3.627560119628906250e+02
1.642409973144531250e+02
8.858000183105468750e+01
4.027500152587890625e+01
9.668000221252441406e+00
1.848739929199218750e+02
1.762989959716796875e+02
3.297059936523437500e+02
6.652999877929687500e+00
1.394099998474121094e+01
2.677000045776367188e+00
2.561940002441406250e+02
5.513999938964843750e+01
1.289400024414062500e+02
9.774900054931640625e+01
7.239099884033203125e+01
6.230899810791015625e+01
3.041250000000000000e+02
6.413899993896484375e+01
8.887100219726562500e+01
1.756699981689453125e+02
4.430660095214843750e+02
2.846800041198730469e+01
3.989000082015991211e+00
9.992500305175781250e+01
4.821799850463867188e+01
1.486840057373046875e+02
8.369899749755859375e+01
8.216000366210937500e+01
3.667399902343750000e+02
2.792499923706054688e+01
6.791000366210937500e+01
9.755200195312500000e+01
1.185100021362304688e+02
6.414099884033203125e+01
6.151900100708007812e+01
4.119920043945312500e+02
7.149000167846679688e+00
3.171270141601562500e+02
9.518199920654296875e+01
6.552400207519531250e+01
2.868000030517578125e+00
6.595050048828125000e+02
7.175000190734863281e+00
4.414270019531250000e+02
1.833499908447265625e+01
4.786830139160156250e+02
9.015369873046875000e+02
1.387593994140625000e+03
1.724429931640625000e+02
4.209209899902343750e+02
7.256999969482421875e+00
3.312099838256835938e+01
1.948500061035156250e+01
7.155400085449218750e+01
1.508500003814697266e+01
5.268309936523437500e+02
1.211110000610351562e+02
6.277099990844726562e+01
1.022870025634765625e+02
5.735989990234375000e+02
7.947999954223632812e+00
3.175490112304687500e+02
2.641999959945678711e+00
1.231210021972656250e+02
1.048310012817382812e+02
5.891099853515625000e+02
7.492990112304687500e+02
4.444070129394531250e+02
4.851919860839843750e+02
2.230299987792968750e+02
5.240100097656250000e+01
1.429329986572265625e+02
2.829299926757812500e+01
1.465509948730468750e+02
3.299590148925781250e+02
1.906369934082031250e+02
1.473900032043457031e+01
6.168040161132812500e+02
8.162799835205078125e+01
2.966699981689453125e+01
2.801600074768066406e+01
5.990299987792968750e+01
9.129100036621093750e+01
1.891390075683593750e+02
3.804230041503906250e+02
6.361999988555908203e+00
7.039370117187500000e+02
1.548949951171875000e+03
1.730999946594238281e+00
9.521900177001953125e+01
4.516099853515625000e+02
4.658160095214843750e+02
1.130859985351562500e+02
2.560369873046875000e+02
5.017900085449218750e+01
3.808030090332031250e+02
1.128700027465820312e+02
2.480670013427734375e+02
2.886409912109375000e+02
5.287400054931640625e+01
2.285350036621093750e+02
6.783100128173828125e+01
1.593608032226562500e+03
4.895119934082031250e+02
2.140700073242187500e+02
1.827999949455261230e+00
1.433119964599609375e+02
1.270687011718750000e+03
1.228389968872070312e+02
2.787199974060058594e+01
7.784999847412109375e+00
3.392300033569335938e+01
1.051299972534179688e+02
3.021979980468750000e+02
8.655300140380859375e+01
3.207799987792968750e+02
8.675910034179687500e+02
1.551499938964843750e+02
1.168030014038085938e+02
1.011625000000000000e+03
4.480999946594238281e+00
4.410280151367187500e+02
3.743600082397460938e+01
4.553200149536132812e+01
5.677470092773437500e+02
2.582099914550781250e+01
3.698399963378906250e+02
4.193999767303466797e+00
8.309959716796875000e+02
2.515859985351562500e+02
6.012200164794921875e+01
1.339010009765625000e+02
6.893199920654296875e+01
1.651700019836425781e+01
9.023899841308593750e+01
2.042099952697753906e+01
1.082620010375976562e+02
2.333769989013671875e+02
1.133050003051757812e+02
2.376450042724609375e+02
9.073899841308593750e+01
2.157500000000000000e+02
1.597299957275390625e+01
2.010610046386718750e+02
2.507420043945312500e+02
6.560999870300292969e+00
8.394799804687500000e+01
6.361489868164062500e+02
2.572999954223632812e+00
4.118000030517578125e+00
2.992839965820312500e+02
1.943099975585937500e+01
2.699200057983398438e+01
3.525880126953125000e+02
1.954570007324218750e+02
5.355469970703125000e+02
1.007199954986572266e+01
7.344200134277343750e+01
9.689609985351562500e+02
5.862599945068359375e+01
1.173320007324218750e+02
5.994219970703125000e+02
2.709000110626220703e+00
3.074249877929687500e+02
1.265042968750000000e+03
2.457099914550781250e+01
1.776700019836425781e+01
2.730849914550781250e+02
5.548999786376953125e+00
2.003269958496093750e+02
6.657800292968750000e+01
1.022610015869140625e+02
1.044990005493164062e+02
1.629360046386718750e+02
1.102999973297119141e+01
7.318199920654296875e+01
2.549420013427734375e+02
5.109570007324218750e+02
4.412890014648437500e+02
2.732399940490722656e+01
1.432070007324218750e+02
1.144049987792968750e+02
1.163550033569335938e+02
1.601190032958984375e+02
9.950299835205078125e+01
2.922170104980468750e+02
8.267000198364257812e+00
4.725500106811523438e+01
6.209299850463867188e+01
3.481969909667968750e+02
3.663000106811523438e+00
2.006999969482421875e+02
1.597500000000000000e+02
6.624800109863281250e+01
1.821569976806640625e+02
5.097990112304687500e+02
5.276329956054687500e+02
2.291649932861328125e+02
1.133093994140625000e+03
2.881500053405761719e+01
3.430000066757202148e+00
4.161899948120117188e+01
1.277310028076171875e+02
6.796000003814697266e+00
3.480790100097656250e+02
5.659999847412109375e+00
4.091380004882812500e+02
1.626196044921875000e+03
6.102700195312500000e+02
7.269899749755859375e+01
1.363300018310546875e+02
1.161200046539306641e+01
1.136989974975585938e+02
4.078810119628906250e+02
5.604899902343750000e+02
8.564000129699707031e+00
5.001699829101562500e+01
4.403599929809570312e+01
3.262380065917968750e+02
5.919329833984375000e+02
2.736999988555908203e+00
8.911000251770019531e+00
6.737599945068359375e+01
9.570640258789062500e+02
1.453939971923828125e+02
2.567640075683593750e+02
1.746860046386718750e+02
2.321459960937500000e+02
9.211100006103515625e+01
1.288200073242187500e+02
2.154949951171875000e+02
1.056204956054687500e+03
5.412300109863281250e+01
1.586699981689453125e+02
2.494400024414062500e+01
2.864209899902343750e+02
5.624599838256835938e+01
1.081599998474121094e+01
1.066451049804687500e+03
2.345910034179687500e+02
6.909700012207031250e+01
6.516079711914062500e+02
3.672100067138671875e+01
3.631350097656250000e+02
9.454599761962890625e+01
1.324760009765625000e+03
3.973799896240234375e+01
1.917579956054687500e+02
2.100600051879882812e+01
2.161199951171875000e+01
1.164329986572265625e+02
2.746100044250488281e+01
9.540899658203125000e+01
1.143571044921875000e+03
1.444440002441406250e+02
1.838350067138671875e+02
6.707399749755859375e+01
2.468049926757812500e+02
5.329700088500976562e+01
1.234380035400390625e+02
5.551000118255615234e+00
1.146159973144531250e+02
2.370480041503906250e+02
2.446410064697265625e+02
5.012400054931640625e+01
1.011200027465820312e+02
6.543000030517578125e+01
7.981560058593750000e+02
5.976100158691406250e+01
5.822200012207031250e+01
7.295800018310546875e+01
7.719000244140625000e+01
1.426929931640625000e+02
4.886709899902343750e+02
4.938899993896484375e+01
2.031316040039062500e+03
3.543999910354614258e+00
4.459600067138671875e+01
6.978939819335937500e+02
6.576300048828125000e+01
1.862949981689453125e+02
3.064930114746093750e+02
8.618000030517578125e+00
1.461800003051757812e+01
8.968900299072265625e+01
3.549530029296875000e+02
6.160399780273437500e+02
1.239609985351562500e+02
1.177180023193359375e+02
5.697449951171875000e+02
6.933599853515625000e+01
8.324999809265136719e+00
2.774900054931640625e+01
4.542699813842773438e+01
1.443229980468750000e+02
1.212600021362304688e+02
2.571589965820312500e+02
3.608340148925781250e+02
2.809030151367187500e+02
3.839169921875000000e+02
7.112799835205078125e+01
2.382209930419921875e+02
1.362579956054687500e+02
1.971360015869140625e+02
2.246770019531250000e+02
1.543190002441406250e+02
1.176000022888183594e+01
7.801000118255615234e+00
2.423130035400390625e+02
1.904799957275390625e+02
6.379439697265625000e+02
4.107829895019531250e+02
5.679279785156250000e+02
3.233100128173828125e+01
1.416300010681152344e+01
7.894890136718750000e+02
6.944500122070312500e+02
3.297499847412109375e+01
1.497038940429687500e+03
4.402260131835937500e+02
1.211400032043457031e+01
1.052910003662109375e+02
4.018800048828125000e+02
4.626300048828125000e+01
4.986800003051757812e+01
7.074299621582031250e+01
8.919810180664062500e+02
6.050150146484375000e+02
2.861560058593750000e+02
1.285220031738281250e+02
1.058099975585937500e+02
8.083300018310546875e+01
2.051399993896484375e+01
4.525000095367431641e+00
2.797019958496093750e+02
3.442290039062500000e+02
7.249589843750000000e+02
9.370949707031250000e+02
7.577670288085937500e+02
1.694680023193359375e+02
7.616100311279296875e+01
5.165620117187500000e+02
1.383430023193359375e+02
1.227000045776367188e+01
3.780400085449218750e+02
5.193120117187500000e+02
1.818947998046875000e+03
4.013429870605468750e+02
1.005497985839843750e+03
5.722119750976562500e+02
4.456390075683593750e+02
9.922299957275390625e+01
5.660360107421875000e+02
1.038570022583007812e+02
2.127839965820312500e+02
7.794000244140625000e+01
8.508699798583984375e+01
3.934639892578125000e+02
1.217229995727539062e+02
9.803600311279296875e+01
6.927000045776367188e+00
4.100299835205078125e+01
2.696000099182128906e+00
1.618869934082031250e+02
1.205599975585937500e+01
7.418000221252441406e+00
2.620109863281250000e+02
1.155889968872070312e+02
4.050589904785156250e+02
3.655899810791015625e+01
2.827400016784667969e+01
3.471400070190429688e+01
5.150239868164062500e+02
1.838280029296875000e+02
2.091099929809570312e+01
7.093999862670898438e+00
4.263899993896484375e+01
2.594819946289062500e+02
3.447800064086914062e+01
6.923640136718750000e+02
1.109110031127929688e+02
1.311302001953125000e+03
7.449400329589843750e+01
1.270579986572265625e+02
1.433576049804687500e+03
1.239271972656250000e+03
2.453999996185302734e+00
4.419739990234375000e+02
