1.664200019836425781e+01
1.146080017089843750e+02
2.345299911499023438e+01
2.523547119140625000e+03
7.571199798583984375e+01
6.581270141601562500e+02
7.496700286865234375e+01
2.894000053405761719e+00
1.753139953613281250e+02
5.189300155639648438e+01
7.800399780273437500e+02
3.298000097274780273e+00
1.372599983215332031e+01
1.321599960327148438e+01
1.229199981689453125e+01
4.732999801635742188e+00
3.894609985351562500e+02
1.249499988555908203e+01
2.605500030517578125e+01
6.690699768066406250e+01
1.013180007934570312e+02
6.039099884033203125e+01
3.118899917602539062e+01
3.421900177001953125e+01
2.694000005722045898e+00
2.446400070190429688e+01
5.438199996948242188e+01
1.328999996185302734e+01
5.139500045776367188e+01
1.333800029754638672e+01
3.553200149536132812e+01
6.939990234375000000e+02
5.671599960327148438e+01
9.164999961853027344e+00
1.660600090026855469e+01
2.132700042724609375e+02
9.470000267028808594e-01
7.450000000000000000e+01
1.712400054931640625e+01
4.546000003814697266e+00
3.502000093460083008e+00
2.572000026702880859e+00
1.648135009765625000e+03
4.506000041961669922e+00
4.189729919433593750e+02
1.071300029754638672e+01
6.065499877929687500e+01
4.644800186157226562e+01
5.330999851226806641e+00
5.986999988555908203e+00
5.422189941406250000e+02
4.891940002441406250e+02
7.608699798583984375e+01
3.251613037109375000e+03
5.446000099182128906e+00
1.601300048828125000e+01
2.174999952316284180e+00
5.534799957275390625e+01
7.675299835205078125e+01
7.315599822998046875e+01
3.434299850463867188e+01
2.977764892578125000e+03
3.591991943359375000e+03
1.107545043945312500e+03
3.338299942016601562e+01
1.371829986572265625e+02
3.468000030517578125e+01
5.775699996948242188e+01
6.844200134277343750e+01
3.289599990844726562e+01
3.694999933242797852e+00
8.576200103759765625e+01
5.695000171661376953e+00
5.065999984741210938e+00
8.615200042724609375e+01
1.812299919128417969e+01
4.611999988555908203e+00
5.167300033569335938e+01
5.176000118255615234e+00
1.016600036621093750e+01
7.342999935150146484e+00
1.032419967651367188e+02
7.000000000000000000e+00
1.049600028991699219e+01
7.789600372314453125e+01
9.693099975585937500e+01
8.135999679565429688e+00
5.615000152587890625e+01
9.965250244140625000e+02
1.580399990081787109e+01
6.870500183105468750e+01
3.776599884033203125e+01
3.531200027465820312e+01
3.115099906921386719e+01
5.971300125122070312e+01
1.030200004577636719e+01
3.196800041198730469e+01
2.130900001525878906e+01
6.501989746093750000e+02
6.068530273437500000e+02
8.179399871826171875e+01
2.899099922180175781e+01
3.869100189208984375e+01
3.110899925231933594e+01
7.610000133514404297e+00
4.993760070800781250e+02
3.187500000000000000e+01
3.112299919128417969e+01
1.219599990844726562e+02
2.494599914550781250e+01
6.563000202178955078e+00
7.091000080108642578e+00
6.684600067138671875e+01
2.868999958038330078e+00
3.146800041198730469e+01
2.285499954223632812e+01
7.138000011444091797e+00
1.957999944686889648e+00
3.381999969482421875e+00
1.036999988555908203e+01
9.656179809570312500e+02
4.209000110626220703e+00
2.467399978637695312e+01
4.554209899902343750e+02
3.601000070571899414e+00
2.811000108718872070e+00
1.679999947547912598e+00
1.835400009155273438e+01
5.652999877929687500e+00
7.932650146484375000e+02
5.075100097656250000e+02
1.536100006103515625e+01
1.547680053710937500e+02
8.287699890136718750e+01
3.766099929809570312e+01
1.446999969482421875e+02
2.285899925231933594e+01
2.582799911499023438e+01
6.522399902343750000e+01
3.397100067138671875e+01
5.270999908447265625e+00
1.149896972656250000e+03
3.254199981689453125e+01
1.873557006835937500e+03
1.340489959716796875e+02
4.521999835968017578e+00
1.898307006835937500e+03
7.526999950408935547e+00
2.601700019836425781e+01
2.255599975585937500e+01
3.525289916992187500e+02
1.337720031738281250e+02
1.180900001525878906e+01
9.206700134277343750e+01
2.084199905395507812e+01
1.422750000000000000e+03
2.065670013427734375e+02
2.977599906921386719e+01
1.332499980926513672e+01
3.244920043945312500e+02
1.152099990844726562e+01
5.304800033569335938e+01
2.590399932861328125e+01
7.197000026702880859e+00
9.567400360107421875e+01
3.860939941406250000e+03
3.558000087738037109e+00
8.636299896240234375e+01
3.060300064086914062e+01
6.379000186920166016e+00
1.362199974060058594e+01
4.648199844360351562e+01
6.526999950408935547e+00
2.190099906921386719e+01
1.579965942382812500e+03
4.427000045776367188e+00
2.509099960327148438e+01
6.259199905395507812e+01
1.040049972534179688e+02
1.693890075683593750e+02
8.351660156250000000e+02
4.438178222656250000e+03
9.173064453125000000e+03
6.504000186920166016e+00
2.666799926757812500e+02
2.383200073242187500e+01
6.978800201416015625e+01
3.416999816894531250e+01
1.022519989013671875e+02
2.754966064453125000e+03
1.057499980926513672e+01
1.819000005722045898e+00
9.666999816894531250e+00
9.460000038146972656e+00
5.178109741210937500e+02
5.412900161743164062e+01
3.648290100097656250e+02
7.376989746093750000e+02
4.425000000000000000e+01
1.020300006866455078e+01
5.368430175781250000e+02
5.642000198364257812e+00
6.770200347900390625e+01
2.097643066406250000e+03
1.160339965820312500e+02
1.215600013732910156e+01
7.192700195312500000e+01
7.976539916992187500e+02
2.727799987792968750e+02
8.903010253906250000e+02
7.745400238037109375e+01
1.080709991455078125e+02
5.793000221252441406e+00
1.307600021362304688e+01
8.971510009765625000e+02
1.608600044250488281e+01
1.687460021972656250e+02
3.585000038146972656e+00
7.412899780273437500e+01
4.190800094604492188e+01
3.275299835205078125e+01
8.614499664306640625e+01
1.242750015258789062e+02
2.475956054687500000e+03
8.908699798583984375e+01
9.795000076293945312e+00
4.813000202178955078e+00
4.048199844360351562e+01
2.869999885559082031e+00
5.788000106811523438e+00
1.561600017547607422e+01
3.695199966430664062e+01
1.921500015258789062e+01
2.051312011718750000e+03
1.613199996948242188e+01
4.293000221252441406e+00
3.334320068359375000e+02
3.849700164794921875e+01
6.614860229492187500e+02
4.212699890136718750e+01
6.647999763488769531e+00
1.000241027832031250e+03
6.154499816894531250e+01
1.878199958801269531e+01
6.816999912261962891e+00
4.358510131835937500e+02
1.458130035400390625e+02
3.951999902725219727e+00
2.776000022888183594e+00
1.822999954223632812e+00
1.726672973632812500e+03
8.827200317382812500e+01
6.798999786376953125e+00
1.832014038085937500e+03
6.383900070190429688e+01
1.133699989318847656e+01
6.303259887695312500e+02
1.882756958007812500e+03
4.115800094604492188e+01
6.968999862670898438e+00
2.346956054687500000e+03
1.450999975204467773e+00
1.109000015258789062e+01
7.578000068664550781e+00
3.422100067138671875e+01
9.321000099182128906e+00
9.767999649047851562e+00
7.738649902343750000e+02
3.774300003051757812e+01
8.232730102539062500e+02
6.037799835205078125e+01
6.823330078125000000e+02
2.588999986648559570e+00
4.732999801635742188e+00
2.278700065612792969e+01
3.243299865722656250e+01
8.320600128173828125e+01
5.557000160217285156e+00
5.295700073242187500e+01
8.206000328063964844e+00
8.146199798583984375e+01
6.372200012207031250e+01
4.512300109863281250e+01
1.199432983398437500e+03
5.472399902343750000e+01
9.864700317382812500e+01
4.271300125122070312e+01
1.325652954101562500e+03
1.350000000000000000e+01
1.425999999046325684e+00
1.697100067138671875e+01
3.628789978027343750e+02
1.974510986328125000e+03
1.862169952392578125e+02
1.395690002441406250e+02
7.697699737548828125e+01
3.549000024795532227e+00
1.468000030517578125e+01
1.924097045898437500e+03
1.307581054687500000e+03
2.308357910156250000e+03
3.848999977111816406e+00
3.289000034332275391e+00
2.216200065612792969e+01
2.203000068664550781e+00
2.748800086975097656e+01
1.102099990844726562e+01
6.502899932861328125e+01
5.584000110626220703e+00
5.623000144958496094e+00
4.750199890136718750e+01
1.996000051498413086e+00
1.460000038146972656e+01
7.183000087738037109e+00
5.850000000000000000e+01
8.062999725341796875e+00
2.843506103515625000e+03
7.741600036621093750e+01
3.580780029296875000e+02
1.542999982833862305e+00
4.168299865722656250e+01
9.817199707031250000e+01
5.466935058593750000e+03
1.308470001220703125e+02
5.814400100708007812e+01
4.331560058593750000e+02
4.645999908447265625e+00
2.361199951171875000e+01
3.060600090026855469e+01
1.209711059570312500e+03
4.163299942016601562e+01
2.622299957275390625e+01
1.532299995422363281e+01
3.756999969482421875e+00
6.001999855041503906e+00
1.447500038146972656e+01
4.437033203125000000e+03
1.864200019836425781e+01
5.171200180053710938e+01
4.850299835205078125e+01
3.746300125122070312e+01
3.440000057220458984e+00
7.918199920654296875e+01
1.994499969482421875e+01
1.575449981689453125e+02
2.230000019073486328e+00
1.268051025390625000e+03
1.709463012695312500e+03
3.437900161743164062e+01
1.300529937744140625e+02
8.561079711914062500e+02
1.567700004577636719e+01
6.230999946594238281e+00
1.317599964141845703e+01
1.856999993324279785e+00
1.559999942779541016e+00
1.155670013427734375e+02
6.761000156402587891e+00
2.126325927734375000e+03
9.589999914169311523e-01
4.645167968750000000e+03
7.743150024414062500e+02
7.647609863281250000e+02
2.161599922180175781e+01
2.147324951171875000e+03
1.238889999389648438e+02
2.448600006103515625e+01
3.630000114440917969e+00
6.352700042724609375e+01
4.170270080566406250e+02
2.504609985351562500e+02
7.407000064849853516e+00
4.227000236511230469e+00
8.456400299072265625e+01
1.485000038146972656e+01
3.469900131225585938e+01
5.787000179290771484e+00
9.143889770507812500e+02
4.451399993896484375e+01
3.895500183105468750e+01
5.511299896240234375e+01
4.000600051879882812e+01
6.417700195312500000e+01
5.271400070190429688e+01
5.225899887084960938e+01
7.164999961853027344e+00
4.655029907226562500e+02
9.323999786376953125e+01
2.099239959716796875e+02
1.843053955078125000e+03
7.934000015258789062e+00
7.771999835968017578e+00
2.359999895095825195e+00
1.502000045776367188e+01
7.917999877929687500e+02
9.014700317382812500e+01
4.332619934082031250e+02
6.854000091552734375e+00
1.125663940429687500e+03
2.225099945068359375e+01
2.137000083923339844e+00
1.332016967773437500e+03
6.139999866485595703e+00
1.474270019531250000e+02
4.290999984741210938e+01
4.764840087890625000e+02
1.825200080871582031e+01
8.267960205078125000e+02
7.135700225830078125e+01
3.969869995117187500e+02
1.747299957275390625e+01
1.232799987792968750e+02
3.678499984741210938e+01
3.806100082397460938e+01
2.258359985351562500e+02
5.414899826049804688e+01
7.274700164794921875e+01
1.401999950408935547e+00
5.912300109863281250e+01
8.246999740600585938e+00
4.816799926757812500e+01
4.713680114746093750e+02
6.853099822998046875e+01
2.453000068664550781e+00
2.408499908447265625e+01
4.218700027465820312e+01
1.757399940490722656e+01
4.764230041503906250e+02
7.986999988555908203e+00
4.393000030517578125e+01
8.171539916992187500e+02
6.195399856567382812e+01
2.408099937438964844e+01
3.093099975585937500e+01
1.867000007629394531e+01
2.601000070571899414e+00
3.012139892578125000e+02
3.299000024795532227e+00
9.288259887695312500e+02
2.692399978637695312e+01
3.168714111328125000e+03
4.725000000000000000e+01
5.440000057220458984e+00
6.695000171661376953e+00
1.134029998779296875e+02
1.957656005859375000e+03
1.038899993896484375e+01
3.664999961853027344e+00
4.942900085449218750e+02
3.570800018310546875e+01
3.858999967575073242e+00
7.823600006103515625e+01
3.621395996093750000e+03
1.374300003051757812e+01
9.791899871826171875e+01
1.643010009765625000e+03
2.400099945068359375e+01
7.376599884033203125e+01
4.620999908447265625e+01
1.655610046386718750e+02
1.408956054687500000e+03
3.551599884033203125e+01
6.127999877929687500e+01
6.877100372314453125e+01
2.163000106811523438e+00
6.159099731445312500e+02
4.447999954223632812e+00
4.118999958038330078e+00
3.787210083007812500e+02
1.822999954223632812e+00
6.880000233650207520e-01
1.273818969726562500e+03
5.669000148773193359e+00
4.050130004882812500e+02
6.790999889373779297e+00
7.324580078125000000e+02
1.577339935302734375e+02
1.220100021362304688e+01
4.914300155639648438e+01
5.145999908447265625e+00
1.892399978637695312e+01
3.421000003814697266e+00
1.382760009765625000e+02
1.598093017578125000e+03
9.788999557495117188e+00
3.841000080108642578e+00
3.939289062500000000e+03
1.162669982910156250e+02
1.858999967575073242e+00
7.399000167846679688e+00
4.061000061035156250e+01
1.073659057617187500e+03
6.051350097656250000e+02
9.950000047683715820e-01
3.794400024414062500e+02
3.502000045776367188e+01
1.035700035095214844e+01
4.293120117187500000e+02
8.708980102539062500e+02
8.508899688720703125e+01
6.738999843597412109e+00
8.484630126953125000e+02
8.733499908447265625e+01
1.206499958038330078e+01
2.684799957275390625e+01
1.072460021972656250e+02
2.495299911499023438e+01
3.566500091552734375e+01
5.636140136718750000e+02
9.286999702453613281e+00
1.120600032806396484e+01
2.057200050354003906e+01
2.479700088500976562e+01
1.625546997070312500e+03
1.546730041503906250e+02
8.476599884033203125e+01
1.832999944686889648e+00
1.055419998168945312e+02
7.068999767303466797e+00
5.001400146484375000e+02
2.638400077819824219e+01
3.433900070190429688e+01
2.798200035095214844e+01
2.512500000000000000e+01
1.380961059570312500e+03
4.860375976562500000e+03
2.683399963378906250e+01
3.153000116348266602e+00
3.045790100097656250e+02
8.473999977111816406e+00
2.835600090026855469e+01
6.996199798583984375e+01
7.276999950408935547e+00
2.707500076293945312e+01
5.572999954223632812e+00
4.861889953613281250e+02
2.865600013732910156e+01
2.946000099182128906e+00
3.026000022888183594e+00
1.896800041198730469e+01
4.735000133514404297e+00
8.979999542236328125e+00
7.164999961853027344e+00
6.953000068664550781e+00
1.003599975585937500e+03
3.299000024795532227e+00
4.016299819946289062e+01
3.586485107421875000e+03
4.880099868774414062e+01
2.978000068664550781e+01
1.086057006835937500e+03
2.036140991210937500e+03
5.077799987792968750e+01
5.645999908447265625e+00
2.141360015869140625e+02
3.648020019531250000e+02
5.766790161132812500e+02
1.824300003051757812e+01
2.279249023437500000e+03
3.273887939453125000e+03
5.396999835968017578e+00
6.472699737548828125e+01
6.448999881744384766e+00
1.031758056640625000e+03
3.585499954223632812e+01
7.674800109863281250e+01
8.994000434875488281e+00
4.019999980926513672e+00
2.716000080108642578e+00
9.804100036621093750e+01
1.691817016601562500e+03
3.897000074386596680e+00
1.557800006866455078e+01
6.638999938964843750e+00
8.988880004882812500e+02
2.032000064849853516e+00
1.877489929199218750e+02
9.773300170898437500e+01
4.357999801635742188e+00
2.393260040283203125e+02
3.029500007629394531e+01
2.171000003814697266e+00
5.083599853515625000e+01
4.360499877929687500e+02
7.610199737548828125e+01
9.225529785156250000e+02
7.045899963378906250e+01
5.305579833984375000e+02
5.098699951171875000e+01
7.400000095367431641e-01
1.350913940429687500e+03
3.036999940872192383e+00
3.419599914550781250e+01
8.027399902343750000e+02
1.644000053405761719e+00
3.169899940490722656e+01
4.129499816894531250e+01
2.001209960937500000e+03
4.682799911499023438e+01
4.973099975585937500e+02
2.366139984130859375e+02
2.191519927978515625e+02
7.163899993896484375e+01
3.697780151367187500e+02
2.007146972656250000e+03
1.247900009155273438e+01
4.112400054931640625e+01
3.539999961853027344e+00
9.163400268554687500e+01
1.585299968719482422e+01
1.197505004882812500e+03
1.495540008544921875e+02
3.855799865722656250e+01
1.804100036621093750e+01
7.967299804687500000e+02
4.058399963378906250e+01
3.442499923706054688e+01
3.292000055313110352e+00
4.288899993896484375e+01
5.686700057983398438e+01
5.937099838256835938e+01
6.600299835205078125e+01
5.828999996185302734e+00
2.446000099182128906e+00
1.947200012207031250e+01
1.059010009765625000e+02
5.030899810791015625e+01
1.241703979492187500e+03
1.925505981445312500e+03
3.226200103759765625e+01
3.148320068359375000e+03
9.545109863281250000e+02
7.894000053405761719e+00
4.389999866485595703e+00
6.555000305175781250e+01
1.219099998474121094e+01
2.635999917984008789e+00
1.116848022460937500e+03
2.143029937744140625e+02
1.553299999237060547e+01
8.764199829101562500e+01
2.540999889373779297e+00
6.591999816894531250e+01
2.711800003051757812e+01
4.144000053405761719e+00
2.483300018310546875e+01
4.874700164794921875e+01
6.814000129699707031e+00
8.170629882812500000e+02
7.830200195312500000e+01
3.575999832153320312e+01
1.475670013427734375e+02
1.464250030517578125e+02
4.051000118255615234e+00
3.480300140380859375e+01
6.244459838867187500e+02
2.669899940490722656e+01
6.821160278320312500e+02
2.643600082397460938e+01
2.239000082015991211e+00
2.141600036621093750e+01
2.091600036621093750e+01
6.206299972534179688e+01
1.184713989257812500e+03
2.894999980926513672e+00
3.840599822998046875e+01
6.907599639892578125e+01
5.357999801635742188e+00
1.289099979400634766e+01
2.009309997558593750e+02
1.919999957084655762e+00
4.339599990844726562e+01
1.916300010681152344e+01
2.642200088500976562e+01
2.839599914550781250e+02
6.173999786376953125e+00
2.208359985351562500e+02
1.653599929809570312e+01
7.055100250244140625e+01
4.556328125000000000e+03
2.198999881744384766e+00
7.022219848632812500e+02
1.286322998046875000e+03
5.015999984741210938e+01
5.637000083923339844e+00
4.328000068664550781e+00
1.765500068664550781e+01
9.817000389099121094e+00
4.166119995117187500e+02
1.664500045776367188e+01
2.821100044250488281e+01
1.407400035858154297e+01
7.310800170898437500e+01
3.659799957275390625e+01
4.149000167846679688e+00
5.905000209808349609e+00
2.448900032043457031e+01
4.029700088500976562e+01
6.645999908447265625e+00
1.332800006866455078e+01
1.737400054931640625e+01
1.474891967773437500e+03
4.666299819946289062e+01
1.093149047851562500e+03
6.310380249023437500e+02
4.476830139160156250e+02
8.515000343322753906e+00
8.185500335693359375e+01
2.745222900390625000e+03
8.508000373840332031e+00
4.671599960327148438e+01
1.987237060546875000e+03
8.357999801635742188e+00
3.333399963378906250e+01
4.716899871826171875e+01
1.910600090026855469e+01
3.176000118255615234e+00
2.083300018310546875e+01
2.062837890625000000e+03
5.383090209960937500e+02
6.494599914550781250e+01
3.913039062500000000e+03
5.197700119018554688e+01
2.040780029296875000e+02
6.423300170898437500e+01
4.215750122070312500e+02
4.052999973297119141e+00
2.398900032043457031e+01
3.167900085449218750e+01
2.447999954223632812e+00
3.030999898910522461e+00
7.738999938964843750e+01
1.980000019073486328e+00
2.966799926757812500e+01
2.753242919921875000e+03
5.617900085449218750e+01
2.204999923706054688e+00
1.148200035095214844e+01
2.690666992187500000e+03
1.517599964141845703e+01
3.746239929199218750e+02
1.478000044822692871e+00
2.105944091796875000e+03
1.493179931640625000e+02
3.967399978637695312e+01
1.902189941406250000e+02
9.871999740600585938e+00
4.586800003051757812e+01
3.944499969482421875e+01
4.307000160217285156e+00
6.822699737548828125e+01
7.445349731445312500e+02
1.463199996948242188e+01
7.195000171661376953e+00
1.090719985961914062e+02
1.484000015258789062e+01
1.530630035400390625e+02
8.904299926757812500e+01
1.265465942382812500e+03
5.126129760742187500e+02
2.279100036621093750e+01
2.607999992370605469e+01
1.295899963378906250e+01
2.111800003051757812e+01
5.390299987792968750e+01
4.536100006103515625e+01
4.985780029296875000e+02
4.132600021362304688e+01
8.778759765625000000e+02
8.164999961853027344e+00
7.372299957275390625e+01
3.193099975585937500e+01
2.205900001525878906e+01
8.669000244140625000e+01
4.456770019531250000e+02
9.887100219726562500e+01
1.923900032043457031e+01
2.569999933242797852e+00
4.568199920654296875e+01
2.493090057373046875e+02
1.641999959945678711e+00
2.661100006103515625e+01
2.556100082397460938e+01
4.131399917602539062e+01
9.965620117187500000e+02
5.321000099182128906e+00
8.132479858398437500e+02
5.795000076293945312e+00
1.293144042968750000e+03
3.460129882812500000e+03
1.820750976562500000e+03
6.085300064086914062e+01
5.637000083923339844e+00
4.263399887084960938e+01
9.351749877929687500e+02
9.663400268554687500e+01
1.473411987304687500e+03
4.729800033569335938e+01
1.211499977111816406e+01
2.256900024414062500e+01
5.889999866485595703e+00
1.650301025390625000e+03
2.961300086975097656e+01
1.410310058593750000e+03
1.217529983520507812e+02
2.492000102996826172e+00
1.006480026245117188e+02
2.777599906921386719e+01
1.786748046875000000e+03
4.360200119018554688e+01
8.170899963378906250e+01
7.685999870300292969e+00
1.539999961853027344e+00
3.683000087738037109e+00
1.645000076293945312e+01
1.855887939453125000e+03
2.507600021362304688e+01
8.942000389099121094e+00
2.485649902343750000e+03
1.246999979019165039e+00
6.141790161132812500e+02
1.931599998474121094e+01
2.750000000000000000e+00
4.164400100708007812e+01
3.007999992370605469e+01
8.331599731445312500e+02
7.568999767303466797e+00
1.628190002441406250e+02
9.328699951171875000e+02
8.473400115966796875e+01
9.310100097656250000e+02
4.651300048828125000e+01
1.712199974060058594e+01
6.105000019073486328e+00
1.318133056640625000e+03
4.565399932861328125e+01
2.131500053405761719e+01
3.899599838256835938e+01
9.329999923706054688e+00
5.013039855957031250e+02
1.338200073242187500e+02
1.005554016113281250e+03
2.438299942016601562e+01
5.059000015258789062e+00
2.684999942779541016e+00
2.497754882812500000e+03
3.923000097274780273e+00
1.296787963867187500e+03
2.761499977111816406e+01
7.093880004882812500e+02
6.216400146484375000e+01
4.390999794006347656e+00
8.890499877929687500e+01
6.863200378417968750e+01
5.123199844360351562e+01
5.205999851226806641e+00
2.452400878906250000e+03
3.455300140380859375e+01
3.924399948120117188e+01
2.428700065612792969e+01
4.701200103759765625e+01
1.719307006835937500e+03
4.429999828338623047e+00
1.021579971313476562e+02
5.013320007324218750e+02
6.404799652099609375e+01
2.200600051879882812e+01
3.698851074218750000e+03
1.837299919128417969e+01
1.521628051757812500e+03
2.746999979019165039e+00
9.955300140380859375e+01
2.133363037109375000e+03
5.556700134277343750e+01
1.724659057617187500e+03
1.136985961914062500e+03
1.587886962890625000e+03
2.683000087738037109e+00
6.614099884033203125e+01
3.138999938964843750e+00
5.238120117187500000e+02
5.109000205993652344e+00
9.196099853515625000e+01
7.564279785156250000e+02
3.787900161743164062e+01
3.973699951171875000e+01
2.267200088500976562e+01
1.930400085449218750e+01
5.410499954223632812e+01
1.931900024414062500e+01
8.919300079345703125e+01
9.161799621582031250e+01
4.756999969482421875e+00
1.410700035095214844e+01
8.306700134277343750e+01
8.819999694824218750e+00
4.631900024414062500e+01
1.495699977874755859e+01
3.654618896484375000e+03
9.728189697265625000e+02
3.181699943542480469e+01
4.008800125122070312e+01
3.204999923706054688e+00
1.362899971008300781e+01
9.463519897460937500e+02
2.128381103515625000e+03
7.250399780273437500e+01
2.720000028610229492e+00
4.932000160217285156e+00
4.136399841308593750e+01
1.570100021362304688e+01
1.071899986267089844e+01
4.520999908447265625e+00
7.758799743652343750e+01
1.250800037384033203e+01
4.494200134277343750e+01
1.561999988555908203e+01
7.479000091552734375e+00
2.398200035095214844e+01
1.077332031250000000e+03
4.868199920654296875e+01
4.590669860839843750e+02
5.343099975585937500e+01
1.441308959960937500e+03
7.843999862670898438e+00
3.437999963760375977e+00
3.707000017166137695e+00
9.444999694824218750e+00
4.060900115966796875e+01
1.027834960937500000e+03
4.432690124511718750e+02
2.126700019836425781e+01
1.545699977874755859e+01
3.694999933242797852e+00
1.233000040054321289e+00
6.172999858856201172e+00
1.511307983398437500e+03
4.467399978637695312e+01
6.128140258789062500e+02
7.694100189208984375e+01
6.050000190734863281e+00
1.495199966430664062e+01
1.589036987304687500e+03
4.210400009155273438e+01
2.215950012207031250e+02
1.278499984741210938e+01
1.401920013427734375e+02
5.957500076293945312e+01
9.664050292968750000e+02
7.340000271797180176e-01
5.938930053710937500e+02
1.808692993164062500e+03
4.314000129699707031e+00
6.063000202178955078e+00
3.098999977111816406e+00
4.763700103759765625e+01
2.832900047302246094e+01
3.472059936523437500e+02
2.905699920654296875e+01
4.350440063476562500e+02
5.195299911499023438e+01
8.123740234375000000e+02
5.518199920654296875e+01
3.470000028610229492e+00
7.677100372314453125e+01
1.309599971771240234e+01
4.202600097656250000e+01
1.561060028076171875e+02
2.320220031738281250e+02
5.125000000000000000e+01
3.065999984741210938e+00
2.792799949645996094e+01
1.345300006866455078e+01
4.120199966430664062e+01
4.395100021362304688e+01
5.570500183105468750e+01
3.156900024414062500e+01
1.365999984741210938e+01
5.727399826049804688e+01
5.092999935150146484e+00
2.282500076293945312e+01
4.336399841308593750e+01
1.024172973632812500e+03
7.580599975585937500e+01
2.652799987792968750e+01
7.279060058593750000e+02
1.378000020980834961e+00
2.097400093078613281e+01
6.863300323486328125e+01
4.726200103759765625e+01
3.140820007324218750e+02
9.049999713897705078e-01
7.669499969482421875e+01
6.955999851226806641e+00
1.516477050781250000e+03
2.848840026855468750e+02
1.875321044921875000e+03
3.089999914169311523e+00
6.982999801635742188e+00
8.005300140380859375e+01
