6.691756e+04
6.691756e+04
1.044175e+03
1.217618e+04
2.835116e+03
4.186960e+02
2.133115e+04
1.642945e+08
2.456737e+04
2.649393e+04
1.894604e+03
8.107900e+01
3.485037e+08
6.283571e+07
1.323624e+03
8.187500e+01
3.515621e+08
1.160472e+04
9.298404e+04
1.920301e+04
1.437609e+07
1.437609e+07
1.437609e+07
1.437609e+07
1.437609e+07
4.005431e+08
1.420095e+04
1.344015e+08
5.317739e+08
1.382984e+03
9.648419e+03
3.777642e+03
2.179750e+07
7.861100e+01
2.724751e+04
1.326227e+05
7.662882e+04
1.830391e+08
1.830391e+08
2.079908e+04
2.603992e+08
2.600977e+08
1.101190e+02
4.594053e+04
7.076953e+08
1.059265e+04
1.490445e+03
2.341195e+03
9.305010e+02
9.305010e+02
6.458731e+08
1.008130e+08
1.794830e+02
7.205058e+08
7.205058e+08
8.679967e+08
8.679967e+08
4.020381e+03
5.332555e+08
4.531772e+05
2.420483e+04
4.421430e+04
7.138621e+08
1.033580e+03
1.033580e+03
1.170740e+02
9.354763e+08
1.320190e+08
1.320190e+08
2.346680e+08
3.906884e+07
1.017640e+02
2.434464e+08
3.285961e+08
3.285961e+08
3.606442e+03
7.075843e+08
6.310529e+07
1.151285e+04
9.652740e+02
5.601861e+08
5.103638e+04
1.717553e+04
1.948645e+08
4.831202e+03
3.464680e+02
5.599585e+08
1.982673e+03
8.091287e+08
3.583049e+07
3.583049e+07
7.222800e+01
6.024996e+04
1.589314e+04
1.764120e+04
1.380498e+08
1.380498e+08
6.076485e+08
1.498194e+03
7.674676e+03
5.799403e+08
5.937741e+08
5.407491e+07
2.166280e+02
2.666690e+04
7.835938e+04
2.276003e+04
2.435989e+03
2.832758e+04
5.260347e+08
2.370600e+01
1.070241e+08
4.507548e+04
1.219215e+08
2.219400e+01
5.241302e+08
2.431951e+08
3.085926e+04
7.145738e+03
2.115769e+04
4.043530e+02
1.193800e+01
3.729980e+02
5.201344e+04
5.201344e+04
1.151250e+02
1.897801e+04
3.906147e+08
4.333839e+08
4.333839e+08
3.246153e+03
1.779500e+01
2.562307e+03
2.689764e+03
1.194460e+02
7.093450e+03
4.129300e+01
2.538355e+04
1.166525e+08
2.882851e+04
1.042569e+05
1.225559e+08
3.626586e+04
1.077852e+04
1.177925e+03
6.887227e+08
7.485510e+02
3.974688e+04
3.966550e+02
