1.550879974365234375e+02
2.639150085449218750e+02
1.089435156250000000e+04
1.622800064086914062e+01
4.094821044921875000e+03
1.144392944335937500e+03
2.465571484375000000e+04
4.647173828125000000e+03
6.752500152587890625e+01
5.573521972656250000e+03
1.295508056640625000e+03
6.053410034179687500e+02
1.007460021972656250e+02
9.602100372314453125e+01
6.370230957031250000e+03
6.769410156250000000e+03
5.119309997558593750e+02
6.149920043945312500e+02
3.874966064453125000e+03
2.297660064697265625e+02
1.204431030273437500e+03
1.059070703125000000e+04
4.106399917602539062e+01
1.044947265625000000e+04
1.108059997558593750e+02
2.048082031250000000e+04
1.499579925537109375e+02
1.244329986572265625e+02
6.716000080108642578e+00
1.133507519531250000e+04
3.814333984375000000e+03
5.150299835205078125e+01
1.230814648437500000e+04
2.286919335937500000e+04
9.131640014648437500e+02
9.522269897460937500e+02
1.121019973754882812e+02
2.058260040283203125e+02
1.176583984375000000e+03
9.525253906250000000e+03
1.472519989013671875e+02
2.316011962890625000e+03
2.555919952392578125e+02
2.555700073242187500e+02
1.258730010986328125e+02
5.373602050781250000e+03
1.149375683593750000e+04
1.244250030517578125e+02
1.098144042968750000e+03
9.741500091552734375e+01
5.056941894531250000e+03
3.689971923828125000e+03
1.416571044921875000e+03
4.010400085449218750e+02
9.098410034179687500e+02
2.723197998046875000e+03
1.058569433593750000e+04
4.699800109863281250e+01
4.089853027343750000e+03
7.374717773437500000e+03
5.149061035156250000e+03
1.086182421875000000e+04
2.049294140625000000e+04
9.720720214843750000e+02
4.324077148437500000e+03
2.155290069580078125e+02
4.950272949218750000e+03
1.519908593750000000e+04
2.778538867187500000e+04
4.565620117187500000e+02
6.445200347900390625e+01
1.975630035400390625e+02
6.325830078125000000e+02
4.890511230468750000e+03
1.127730026245117188e+02
2.267250061035156250e+02
4.739099884033203125e+01
3.327799987792968750e+02
1.343285034179687500e+03
1.031686035156250000e+03
1.584066040039062500e+03
2.799478027343750000e+03
5.346373046875000000e+03
1.337427001953125000e+03
7.421417968750000000e+03
2.484720001220703125e+02
6.595689941406250000e+03
1.475508398437500000e+04
1.121900781250000000e+04
4.683210144042968750e+02
3.152356933593750000e+03
2.290469970703125000e+02
2.076978027343750000e+03
6.852266113281250000e+03
4.802530761718750000e+03
3.262188964843750000e+03
6.480819824218750000e+03
4.787433105468750000e+03
9.373777343750000000e+03
6.665605957031250000e+03
1.518904199218750000e+04
1.000297753906250000e+04
2.588576367187500000e+04
8.116751953125000000e+03
3.313614013671875000e+03
2.048375195312500000e+04
4.194486816406250000e+03
2.028415039062500000e+04
3.121806835937500000e+04
2.240844921875000000e+04
5.932219848632812500e+02
9.842040039062500000e+03
1.928905029296875000e+03
3.144400024414062500e+01
4.244819946289062500e+02
9.715200042724609375e+01
6.848899841308593750e+01
6.560199737548828125e+01
1.028015136718750000e+04
7.343152832031250000e+03
2.136486914062500000e+04
6.562100219726562500e+01
8.820694335937500000e+03
2.241402099609375000e+03
9.600830078125000000e+02
6.343299865722656250e+01
4.950039978027343750e+02
4.639493164062500000e+03
1.245970001220703125e+02
3.463621093750000000e+03
1.109505468750000000e+04
3.077807812500000000e+04
1.955449981689453125e+02
2.688760070800781250e+02
6.943499755859375000e+01
1.498869934082031250e+02
9.159310302734375000e+02
4.731029968261718750e+02
2.357214648437500000e+04
3.133029052734375000e+03
9.170824218750000000e+03
2.429700088500976562e+01
1.509941040039062500e+03
7.085966796875000000e+03
4.363371093750000000e+03
1.160241796875000000e+04
2.238839648437500000e+04
1.009912011718750000e+04
7.342340087890625000e+02
1.463470001220703125e+02
1.268610961914062500e+03
7.011599731445312500e+01
3.274249023437500000e+03
1.418075195312500000e+04
1.362729980468750000e+03
1.508199977874755859e+01
2.794252929687500000e+03
3.911489868164062500e+02
1.186139984130859375e+02
2.561415039062500000e+03
1.583045703125000000e+04
2.145800000000000000e+04
2.836210021972656250e+02
6.862617187500000000e+03
4.648880078125000000e+04
6.174171875000000000e+03
1.798494335937500000e+04
1.623200035095214844e+01
9.995905273437500000e+03
2.979403076171875000e+03
1.222900009155273438e+02
9.964086914062500000e+03
9.843466796875000000e+03
3.833342578125000000e+04
6.433599853515625000e+01
1.294216015625000000e+04
1.384479980468750000e+03
7.104799652099609375e+01
4.598062011718750000e+03
7.306651855468750000e+03
1.872354980468750000e+03
7.155999755859375000e+01
2.565369873046875000e+02
4.708692871093750000e+03
1.211041015625000000e+03
1.857469940185546875e+02
1.844889984130859375e+02
8.446240234375000000e+02
3.688999938964843750e+01
8.273833984375000000e+03
1.547239990234375000e+02
3.853627343750000000e+04
4.931937988281250000e+03
1.708155468750000000e+04
1.314706054687500000e+03
1.252995703125000000e+04
2.850039978027343750e+02
1.069711718750000000e+04
7.644200134277343750e+01
1.239339981079101562e+02
9.856447265625000000e+03
4.651699829101562500e+01
1.706299972534179688e+01
3.127475097656250000e+03
2.347969970703125000e+02
3.583800048828125000e+03
6.015640258789062500e+02
1.317496948242187500e+03
9.819779296875000000e+03
6.200550781250000000e+03
9.592930297851562500e+02
4.149500122070312500e+02
1.501864648437500000e+04
3.064145019531250000e+03
9.569665039062500000e+03
5.083652832031250000e+03
5.619503906250000000e+03
3.486249023437500000e+03
3.632490966796875000e+03
8.489318359375000000e+03
2.213333007812500000e+03
1.378270996093750000e+03
2.140079956054687500e+02
7.176484863281250000e+03
6.406596191406250000e+03
2.125431054687500000e+04
8.295506835937500000e+03
1.529808959960937500e+03
6.249864843750000000e+04
2.025636962890625000e+03
4.712915039062500000e+03
3.139116943359375000e+03
1.000360031127929688e+02
3.893152343750000000e+04
1.563359985351562500e+02
1.346279785156250000e+04
2.463750000000000000e+02
6.633713867187500000e+03
2.387449951171875000e+02
1.686161987304687500e+03
9.969299804687500000e+03
6.650900268554687500e+02
7.607550048828125000e+02
1.205435937500000000e+04
2.804750061035156250e+02
1.290091015625000000e+04
4.146539916992187500e+02
1.854987060546875000e+03
4.776520080566406250e+02
4.833980102539062500e+02
2.476461914062500000e+03
2.621611523437500000e+04
1.171029968261718750e+02
1.071650009155273438e+02
1.188830032348632812e+02
4.369272949218750000e+03
6.782374218750000000e+04
1.815489959716796875e+02
3.100177929687500000e+04
9.667500305175781250e+01
1.825993041992187500e+03
1.673427001953125000e+03
2.099200057983398438e+01
1.068926660156250000e+04
8.358189697265625000e+02
6.894154785156250000e+03
1.881860546875000000e+04
3.263343994140625000e+03
6.764249877929687500e+02
1.067259979248046875e+02
1.315062988281250000e+03
2.002949981689453125e+02
3.865119934082031250e+02
4.034096923828125000e+03
4.730393066406250000e+03
3.877799987792968750e+01
2.451700019836425781e+01
3.126388867187500000e+04
5.882978027343750000e+03
2.849601074218750000e+03
3.999330139160156250e+02
1.172057226562500000e+04
3.969441894531250000e+03
1.124980010986328125e+02
1.591678955078125000e+03
5.415969848632812500e+02
2.326346093750000000e+04
8.075922851562500000e+03
2.630596923828125000e+03
1.118555957031250000e+04
1.040230078125000000e+04
1.779929962158203125e+02
7.388099975585937500e+02
3.070010070800781250e+02
2.148871484375000000e+04
1.094840011596679688e+02
7.814379882812500000e+02
1.017519989013671875e+02
6.434600067138671875e+01
2.063230957031250000e+03
4.702894042968750000e+03
9.652949218750000000e+03
4.422408203125000000e+03
1.174078979492187500e+03
5.669400024414062500e+01
6.775962890625000000e+03
2.084722900390625000e+03
6.152077148437500000e+03
1.420509948730468750e+02
2.351710052490234375e+02
2.091461914062500000e+03
9.867900085449218750e+01
7.119320800781250000e+03
7.164199829101562500e+01
3.251950927734375000e+03
1.195734863281250000e+04
2.236645996093750000e+03
4.382099914550781250e+01
9.732598632812500000e+03
4.349773925781250000e+03
1.120113769531250000e+04
3.816055908203125000e+03
1.414978027343750000e+03
3.440978027343750000e+03
7.018823242187500000e+03
9.944649414062500000e+03
1.281057983398437500e+03
7.297870117187500000e+03
1.514322021484375000e+03
8.943832031250000000e+03
2.489122070312500000e+03
3.162985107421875000e+03
1.820280029296875000e+03
2.710563964843750000e+03
5.774217773437500000e+03
5.694559936523437500e+02
2.757054931640625000e+03
1.113515820312500000e+04
7.413500213623046875e+01
1.876600074768066406e+01
1.707220898437500000e+04
3.550623046875000000e+03
1.499100017547607422e+01
2.043953979492187500e+03
3.317330017089843750e+02
1.992180023193359375e+02
1.833120312500000000e+04
6.713310058593750000e+03
5.042900085449218750e+02
5.949000167846679688e+01
3.549524902343750000e+03
8.964751953125000000e+03
4.861931152343750000e+03
1.576620019531250000e+04
7.515482910156250000e+03
1.507472753906250000e+04
2.647730102539062500e+02
4.375799942016601562e+01
1.482584667968750000e+04
2.731430053710937500e+02
9.458799743652343750e+01
1.241230010986328125e+02
9.025300292968750000e+02
1.519799995422363281e+01
1.775729882812500000e+04
7.242800292968750000e+02
4.164671875000000000e+03
1.723676757812500000e+04
2.338325927734375000e+03
3.195000076293945312e+01
1.658249969482421875e+02
8.411409912109375000e+02
3.805840148925781250e+02
7.618956054687500000e+03
2.648335937500000000e+03
3.525060119628906250e+02
9.333000183105468750e+00
1.165019989013671875e+02
1.438637939453125000e+03
1.606139984130859375e+02
2.182440032958984375e+02
9.124700164794921875e+01
1.392590026855468750e+02
3.601889953613281250e+02
3.861610107421875000e+02
7.522760009765625000e+02
2.792149963378906250e+02
1.837364257812500000e+04
5.026940002441406250e+02
4.716144042968750000e+03
8.713342773437500000e+03
3.302746093750000000e+03
1.313059997558593750e+02
2.715164062500000000e+03
2.074053955078125000e+03
2.518886962890625000e+03
1.484996972656250000e+04
3.867789916992187500e+02
4.263850097656250000e+02
5.135100097656250000e+02
4.023630065917968750e+02
1.234920043945312500e+03
2.498791406250000000e+04
1.866722070312500000e+04
1.696419982910156250e+02
1.418555053710937500e+03
1.954210052490234375e+02
2.058292773437500000e+04
1.921410064697265625e+02
8.371457031250000000e+03
6.218889770507812500e+02
1.040400028228759766e+01
1.741990051269531250e+02
1.240849990844726562e+02
5.381626953125000000e+03
3.086203906250000000e+04
6.157482910156250000e+03
5.966087890625000000e+03
3.378469848632812500e+02
1.231848022460937500e+03
3.801085937500000000e+03
1.038472363281250000e+04
1.113079986572265625e+02
1.366681640625000000e+04
1.322695410156250000e+04
5.475375000000000000e+03
2.614479687500000000e+04
2.608989868164062500e+02
2.812052148437500000e+04
2.167821044921875000e+03
1.453197021484375000e+03
8.300459960937500000e+03
5.874536132812500000e+03
6.965911132812500000e+03
1.576338769531250000e+04
5.995228027343750000e+03
3.980125390625000000e+04
9.101399414062500000e+03
4.957283203125000000e+03
1.259864160156250000e+04
5.884901855468750000e+03
2.586599922180175781e+01
2.538958984375000000e+04
2.346999969482421875e+02
4.493960937500000000e+03
7.128596191406250000e+03
1.231735546875000000e+04
9.673814453125000000e+03
5.377675781250000000e+03
2.875822998046875000e+03
1.065200042724609375e+01
2.008050976562500000e+04
8.650360107421875000e+02
2.125437011718750000e+03
7.883776855468750000e+03
4.246599960327148438e+01
2.243040008544921875e+02
4.781146093750000000e+04
6.269731933593750000e+03
4.298396972656250000e+03
1.918207226562500000e+04
1.092207324218750000e+04
6.616359863281250000e+02
4.285280151367187500e+02
4.426200103759765625e+01
1.036859970092773438e+02
9.221900177001953125e+01
2.316570703125000000e+04
5.123569946289062500e+02
9.266400146484375000e+01
4.074486083984375000e+03
8.364570312500000000e+03
4.645716796875000000e+03
1.575642944335937500e+03
8.797399902343750000e+01
5.799975097656250000e+03
1.567899990081787109e+01
3.178059997558593750e+02
7.887988769531250000e+03
1.802530059814453125e+02
3.070071679687500000e+04
4.857873046875000000e+03
1.564400005340576172e+01
8.716400146484375000e+01
3.544792968750000000e+03
4.055007080078125000e+03
1.457909057617187500e+03
3.235385986328125000e+03
1.759368554687500000e+04
9.272126953125000000e+03
1.099530029296875000e+02
1.994989929199218750e+02
3.021699905395507812e+01
2.702284912109375000e+03
1.177971093750000000e+04
1.704440002441406250e+02
3.518916992187500000e+03
6.677751953125000000e+03
2.146800041198730469e+01
2.497429962158203125e+02
7.158750000000000000e+02
1.754043945312500000e+03
1.780988037109375000e+03
4.769400024414062500e+01
1.837916015625000000e+04
2.282976074218750000e+03
1.517696972656250000e+04
7.646149902343750000e+02
3.801848828125000000e+04
4.666182128906250000e+03
6.064881835937500000e+03
1.407094970703125000e+03
6.996849975585937500e+02
2.738485742187500000e+04
1.082217041015625000e+03
1.229420013427734375e+02
1.279128222656250000e+04
2.380678955078125000e+03
4.113867187500000000e+03
3.596369934082031250e+02
4.588126953125000000e+03
1.971808007812500000e+04
3.333295898437500000e+03
1.842868041992187500e+03
5.749792968750000000e+03
1.622698632812500000e+04
4.760992187500000000e+03
4.372314941406250000e+03
1.495760986328125000e+03
2.528757421875000000e+04
2.216602929687500000e+04
7.289060058593750000e+02
7.107199859619140625e+01
4.305266796875000000e+04
9.481558593750000000e+03
1.543269824218750000e+04
4.920280151367187500e+02
2.805450134277343750e+02
5.462979003906250000e+03
3.219689941406250000e+02
4.937865234375000000e+03
6.078325195312500000e+03
5.543380859375000000e+03
1.163647070312500000e+04
1.578540039062500000e+02
3.481968017578125000e+03
4.133782226562500000e+03
7.535682128906250000e+03
1.690173950195312500e+03
5.343899917602539062e+01
1.590791015625000000e+03
1.062300781250000000e+04
4.935493164062500000e+03
2.767109985351562500e+02
8.973594726562500000e+03
8.263531250000000000e+03
2.126088671875000000e+04
1.711515991210937500e+03
4.995621093750000000e+03
7.984067871093750000e+03
3.312428955078125000e+03
2.145599975585937500e+02
1.096809997558593750e+02
6.941152832031250000e+03
6.607099914550781250e+01
1.116553955078125000e+03
2.388455078125000000e+04
7.410319824218750000e+03
7.869975097656250000e+03
1.961320037841796875e+02
1.770870056152343750e+02
7.078378906250000000e+03
3.122769042968750000e+03
1.604058691406250000e+04
2.614200927734375000e+03
6.880880126953125000e+02
1.009860000610351562e+02
6.478619995117187500e+02
2.515188964843750000e+03
4.268619995117187500e+02
1.573658203125000000e+04
8.317940063476562500e+02
5.509354980468750000e+03
2.738290100097656250e+02
1.745520019531250000e+02
8.389060058593750000e+02
2.886000061035156250e+01
7.639206054687500000e+03
4.918727050781250000e+03
1.318370971679687500e+03
5.904800033569335938e+01
2.467373046875000000e+03
5.299666015625000000e+03
7.972399902343750000e+01
2.476743359375000000e+04
3.353499984741210938e+01
7.323064941406250000e+03
9.594949951171875000e+02
4.719887207031250000e+03
2.758550109863281250e+02
9.281179809570312500e+02
1.650339965820312500e+02
8.022839965820312500e+02
5.641339721679687500e+02
1.956552539062500000e+04
2.295570068359375000e+02
1.166427148437500000e+04
1.367980041503906250e+02
3.033997070312500000e+03
4.269644042968750000e+03
1.905766796875000000e+04
6.014887207031250000e+03
1.209625976562500000e+03
2.833708007812500000e+03
4.784508789062500000e+03
1.348999938964843750e+02
1.576583886718750000e+04
6.720386230468750000e+03
9.222518554687500000e+03
7.002400207519531250e+01
9.999528320312500000e+03
1.077683959960937500e+03
1.344420043945312500e+03
3.397024902343750000e+03
3.123259887695312500e+02
3.778009948730468750e+02
2.291813964843750000e+03
4.963984863281250000e+03
1.301351757812500000e+04
5.196145019531250000e+03
2.565760546875000000e+04
9.496099853515625000e+01
3.960610046386718750e+02
1.295229949951171875e+02
4.680395996093750000e+03
1.191159973144531250e+02
2.889060058593750000e+02
1.220910034179687500e+02
1.965633056640625000e+03
3.190305908203125000e+03
3.455480041503906250e+02
2.008769989013671875e+02
1.485837036132812500e+03
7.268113769531250000e+03
3.112600097656250000e+03
2.918039855957031250e+02
9.142400360107421875e+01
7.653740234375000000e+02
1.637662402343750000e+04
9.906996093750000000e+03
1.427527954101562500e+03
2.097783203125000000e+04
1.492100067138671875e+02
1.429550048828125000e+03
9.153511718750000000e+03
2.609764062500000000e+04
5.323469848632812500e+02
1.036149978637695312e+02
9.323766601562500000e+03
2.578320312500000000e+04
6.637239990234375000e+02
2.079694091796875000e+03
6.959500122070312500e+01
2.640418359375000000e+04
1.181037988281250000e+04
9.731001953125000000e+03
1.230649047851562500e+03
3.084370117187500000e+02
3.470572021484375000e+03
7.087400054931640625e+01
7.822499847412109375e+01
7.653029785156250000e+02
2.967467041015625000e+03
5.525009765625000000e+02
1.695690002441406250e+02
2.462577880859375000e+03
1.969029998779296875e+02
1.430290069580078125e+02
2.677940063476562500e+02
5.998929199218750000e+03
9.519203125000000000e+03
1.605507226562500000e+04
3.511199951171875000e+01
6.384087890625000000e+03
1.392079925537109375e+02
7.044967773437500000e+03
1.573994238281250000e+04
1.493935058593750000e+03
3.254679931640625000e+03
7.273569946289062500e+02
3.681190917968750000e+03
2.296326904296875000e+03
2.619479980468750000e+03
4.806879882812500000e+02
5.659439697265625000e+02
1.187388574218750000e+04
2.144900054931640625e+02
2.163100097656250000e+03
8.241246093750000000e+03
2.134440002441406250e+02
2.720176025390625000e+03
7.503629760742187500e+02
5.602599121093750000e+03
8.030640258789062500e+02
1.562989959716796875e+02
9.998809814453125000e+02
1.276539993286132812e+02
1.690458007812500000e+03
8.593629760742187500e+02
4.004800033569335938e+01
5.079995117187500000e+03
1.281962500000000000e+04
2.580090026855468750e+02
1.924810028076171875e+02
2.747009887695312500e+02
1.726439971923828125e+02
1.122297656250000000e+04
9.969388671875000000e+03
9.859000205993652344e+00
8.726840209960937500e+02
3.040539855957031250e+02
5.376588867187500000e+03
1.414409057617187500e+03
5.246776855468750000e+03
1.786199951171875000e+02
3.949679870605468750e+02
1.408381347656250000e+04
1.694817993164062500e+03
3.345199890136718750e+02
1.247529983520507812e+02
1.210299987792968750e+02
8.331710205078125000e+02
8.037342773437500000e+03
1.633970031738281250e+02
6.024959716796875000e+02
3.974360107421875000e+03
6.818487792968750000e+03
2.611121289062500000e+04
8.865033203125000000e+03
2.198077929687500000e+04
2.163009948730468750e+02
8.278240234375000000e+03
1.007237976074218750e+03
4.110954101562500000e+03
2.389826904296875000e+03
1.247170703125000000e+04
1.871499023437500000e+04
6.632778808593750000e+03
1.825072656250000000e+04
1.070579986572265625e+02
2.738500061035156250e+02
1.251399902343750000e+04
2.653259765625000000e+04
2.193539062500000000e+04
1.133156933593750000e+04
1.560248046875000000e+03
7.257599639892578125e+01
2.792625976562500000e+04
3.986678955078125000e+03
3.028020996093750000e+03
2.326540069580078125e+02
4.837950134277343750e+02
7.035853027343750000e+03
1.030619238281250000e+04
1.250525024414062500e+03
9.993128906250000000e+03
3.296849975585937500e+02
1.949895019531250000e+03
4.157001953125000000e+03
1.977299957275390625e+02
2.800499916076660156e+01
2.802572070312500000e+04
2.536868896484375000e+03
5.287477734375000000e+04
1.655694335937500000e+04
9.924563476562500000e+03
1.364056030273437500e+03
1.788350195312500000e+04
3.273233886718750000e+03
2.054759979248046875e+02
9.185029907226562500e+02
3.312863037109375000e+03
5.213211914062500000e+03
1.344855957031250000e+03
1.609875976562500000e+03
5.086510009765625000e+02
6.762500000000000000e+01
1.377182983398437500e+03
2.052527099609375000e+03
6.458757812500000000e+03
6.735300292968750000e+02
2.658369140625000000e+04
1.469876953125000000e+03
1.218980957031250000e+03
9.662829101562500000e+03
1.177131958007812500e+03
1.605500030517578125e+01
3.029200134277343750e+02
2.414696044921875000e+03
9.176077148437500000e+03
9.451999664306640625e+01
1.425390014648437500e+02
2.616220092773437500e+02
8.608461914062500000e+03
1.934980010986328125e+02
2.653919982910156250e+02
6.754605957031250000e+03
2.531910888671875000e+03
4.062720947265625000e+03
2.054936035156250000e+03
4.903550781250000000e+03
3.036227050781250000e+03
1.422740020751953125e+02
5.233515136718750000e+03
1.760155029296875000e+03
3.682154052734375000e+03
1.627804296875000000e+04
2.882253906250000000e+03
3.546012939453125000e+03
8.057028808593750000e+03
1.136317871093750000e+04
1.690230273437500000e+04
2.228851074218750000e+03
1.043715136718750000e+04
3.405072265625000000e+04
1.153759994506835938e+02
6.084500122070312500e+01
2.706329956054687500e+02
4.087986083984375000e+03
1.533399963378906250e+01
2.575769958496093750e+02
5.328430175781250000e+02
3.790280151367187500e+02
4.922908203125000000e+03
6.065000152587890625e+01
6.997299957275390625e+01
1.376037963867187500e+03
4.023411328125000000e+04
3.832448974609375000e+03
6.893929199218750000e+03
1.048599023437500000e+04
4.870356933593750000e+03
9.382709960937500000e+02
2.005806030273437500e+03
2.219487060546875000e+03
1.186770410156250000e+04
1.168444946289062500e+03
4.081342041015625000e+03
7.031600189208984375e+01
9.129739257812500000e+03
2.070624023437500000e+03
6.309600219726562500e+02
8.817459716796875000e+02
2.501386962890625000e+03
6.554411132812500000e+03
1.433029937744140625e+02
4.707493164062500000e+03
3.850139892578125000e+03
1.832099914550781250e+01
1.482675683593750000e+04
3.213999938964843750e+01
6.679312011718750000e+03
4.606669921875000000e+02
2.677395996093750000e+03
5.834199905395507812e+01
7.626913085937500000e+03
2.686959960937500000e+03
8.810629882812500000e+02
9.882848632812500000e+03
8.502930297851562500e+02
1.242359570312500000e+04
3.667741943359375000e+03
2.339159912109375000e+03
1.096091015625000000e+04
3.141650085449218750e+02
3.013250122070312500e+02
2.587640075683593750e+02
1.842839965820312500e+02
1.407293359375000000e+04
5.035944824218750000e+03
1.917437988281250000e+03
1.066488037109375000e+03
1.068082128906250000e+04
6.366750976562500000e+03
7.066600036621093750e+01
9.261602539062500000e+03
8.907488281250000000e+03
1.130326074218750000e+04
1.524812109375000000e+04
9.351899719238281250e+01
1.317257812500000000e+04
1.034390029907226562e+02
3.913600158691406250e+01
1.600319238281250000e+04
1.372535034179687500e+03
4.611418945312500000e+03
3.169660156250000000e+04
1.236644824218750000e+04
4.742309875488281250e+02
1.158613574218750000e+04
1.383714843750000000e+04
1.383289947509765625e+02
1.002804882812500000e+04
4.847904785156250000e+03
1.682660064697265625e+02
1.032283496093750000e+04
4.139313964843750000e+03
1.913994995117187500e+03
8.948925781250000000e+03
7.263113769531250000e+03
7.882270019531250000e+03
3.196699905395507812e+01
6.326922851562500000e+03
1.545563769531250000e+04
1.378543945312500000e+03
3.345081054687500000e+03
8.861869140625000000e+03
6.556167968750000000e+03
1.556020050048828125e+02
2.274847851562500000e+04
1.069010742187500000e+04
5.925409179687500000e+03
5.365170288085937500e+02
3.803390625000000000e+04
3.976883593750000000e+04
1.083852734375000000e+04
1.409819946289062500e+02
2.650053955078125000e+03
3.629753906250000000e+03
1.225183398437500000e+04
1.481430053710937500e+02
1.965822656250000000e+04
2.980000000000000000e+02
3.036839904785156250e+02
2.214250030517578125e+02
1.067710156250000000e+04
2.821650085449218750e+02
7.874899902343750000e+02
3.929159851074218750e+02
1.191836914062500000e+04
1.240396972656250000e+03
4.453900146484375000e+01
6.654771972656250000e+03
2.386470031738281250e+02
2.189011962890625000e+03
1.171562304687500000e+04
2.295364990234375000e+03
4.040552001953125000e+03
3.444197998046875000e+03
4.767079101562500000e+03
1.049895019531250000e+03
1.401703808593750000e+04
5.688347167968750000e+03
6.737314941406250000e+03
2.401340026855468750e+02
4.685719909667968750e+02
1.833359985351562500e+03
3.690095947265625000e+03
1.484109954833984375e+02
6.829589843750000000e+02
4.725706054687500000e+03
9.589992187500000000e+03
3.060559997558593750e+02
3.647760009765625000e+02
3.006055908203125000e+03
6.224951171875000000e+03
4.284580078125000000e+03
1.822429962158203125e+02
5.147780151367187500e+02
3.951759948730468750e+02
8.119696777343750000e+03
6.423399902343750000e+03
1.546926562500000000e+04
4.009119873046875000e+02
7.927306152343750000e+03
4.177283203125000000e+04
9.329699707031250000e+01
1.756340942382812500e+03
2.350350036621093750e+02
2.112700781250000000e+04
7.356513183593750000e+03
2.734970092773437500e+02
2.666260070800781250e+02
1.337378222656250000e+04
8.485910034179687500e+02
2.034638671875000000e+04
2.966570129394531250e+02
3.474059082031250000e+03
4.021216406250000000e+04
2.020121948242187500e+03
1.120142187500000000e+04
8.216182617187500000e+03
5.228588671875000000e+04
1.034344531250000000e+04
2.160649609375000000e+04
4.975087890625000000e+03
9.525199890136718750e+01
5.727189941406250000e+02
7.543850097656250000e+02
4.259400177001953125e+01
