5.808661132812500000e+03
9.749110107421875000e+02
1.733676025390625000e+03
6.836687988281250000e+03
8.494489746093750000e+02
4.173349121093750000e+03
1.769864062500000000e+05
2.662530029296875000e+03
8.515499877929687500e+01
1.271620312500000000e+04
3.774221923828125000e+03
2.510360156250000000e+04
3.185666015625000000e+03
1.163710000000000000e+05
2.702674072265625000e+03
5.841799926757812500e+01
8.556810302734375000e+02
4.304534179687500000e+03
7.951076171875000000e+03
3.301094970703125000e+03
2.073681884765625000e+03
2.682408935546875000e+03
4.784451171875000000e+03
5.282017578125000000e+04
5.870239868164062500e+02
1.909920043945312500e+03
2.241416015625000000e+03
5.285980224609375000e+02
1.608774047851562500e+03
1.143312011718750000e+03
4.264049609375000000e+04
4.103389892578125000e+02
2.948819885253906250e+02
1.090087036132812500e+03
2.492053955078125000e+03
3.740629882812500000e+02
6.225609741210937500e+02
1.499634033203125000e+03
1.757246948242187500e+03
1.093682006835937500e+03
2.452060058593750000e+03
3.036470031738281250e+02
1.976168945312500000e+03
1.164806030273437500e+03
3.283412109375000000e+03
3.909429931640625000e+02
2.357343994140625000e+03
1.034020996093750000e+03
4.308532226562500000e+03
2.325070037841796875e+02
2.627033935546875000e+03
1.506068437500000000e+05
2.436456054687500000e+03
2.921870117187500000e+02
9.039749755859375000e+02
3.812025878906250000e+03
1.161291015625000000e+03
3.446580312500000000e+05
3.114500000000000000e+03
5.134400024414062500e+02
2.761600036621093750e+02
3.156400146484375000e+02
1.339550048828125000e+03
2.308785888671875000e+03
3.125903076171875000e+03
1.705130004882812500e+03
2.902539978027343750e+02
3.926499938964843750e+01
8.788800048828125000e+01
8.031690063476562500e+02
2.074070068359375000e+03
8.543259887695312500e+02
7.595850219726562500e+02
7.442940063476562500e+02
2.116731933593750000e+03
2.568272949218750000e+03
6.336825195312500000e+03
1.975262939453125000e+03
3.900999832153320312e+01
1.898350625000000000e+05
8.478259765625000000e+03
2.418195068359375000e+03
3.641109924316406250e+02
2.619913281250000000e+04
2.112680908203125000e+03
7.346049804687500000e+02
1.477264038085937500e+03
1.220400009155273438e+02
4.971780468750000000e+04
7.608060302734375000e+02
2.929645019531250000e+03
1.507960052490234375e+02
2.204574951171875000e+03
4.075460937500000000e+03
4.599599838256835938e+01
3.588519897460937500e+02
3.266359863281250000e+02
8.338267578125000000e+03
1.781450042724609375e+02
7.528220214843750000e+02
1.024555053710937500e+03
5.627390136718750000e+02
1.294797973632812500e+03
8.017797851562500000e+03
5.111513183593750000e+03
9.484390258789062500e+02
1.411880035400390625e+02
6.113909912109375000e+02
5.859299926757812500e+02
1.970844726562500000e+04
1.710182006835937500e+03
9.806849975585937500e+02
5.770770263671875000e+02
3.391956054687500000e+03
5.947440185546875000e+02
5.839360839843750000e+03
3.675668945312500000e+03
1.501052929687500000e+04
1.410889038085937500e+03
5.186799926757812500e+02
1.059166992187500000e+03
9.280448242187500000e+03
4.199509887695312500e+02
1.581263593750000000e+05
1.586939218750000000e+05
8.527309570312500000e+03
6.430280151367187500e+02
5.666359863281250000e+02
3.138190002441406250e+02
2.973120117187500000e+02
4.110559997558593750e+02
2.701726074218750000e+03
2.517656982421875000e+03
5.248419799804687500e+02
1.154062968750000000e+05
1.015513671875000000e+05
1.082135009765625000e+03
1.465890014648437500e+03
1.444546093750000000e+05
8.580679931640625000e+02
7.595269775390625000e+02
1.408125976562500000e+04
2.154117919921875000e+03
4.185000000000000000e+02
6.754669799804687500e+02
2.221245117187500000e+03
2.523033935546875000e+03
3.764366943359375000e+03
1.520382343750000000e+05
4.635759887695312500e+02
1.657728125000000000e+04
2.011740312500000000e+05
1.023590011596679688e+02
1.785212036132812500e+03
2.759419860839843750e+02
1.012541953125000000e+05
9.141589965820312500e+02
3.080739990234375000e+03
1.130800018310546875e+02
5.869680175781250000e+02
2.280171250000000000e+05
7.331409912109375000e+02
1.326630981445312500e+03
1.526378051757812500e+03
2.098200035095214844e+01
3.165809936523437500e+02
7.777100219726562500e+02
2.306729003906250000e+03
7.675700378417968750e+01
1.627890991210937500e+03
8.738090209960937500e+02
9.296289062500000000e+03
4.550584960937500000e+03
1.441537500000000000e+05
9.651539916992187500e+02
9.136069946289062500e+02
1.808301025390625000e+03
7.858530273437500000e+02
7.246143066406250000e+03
1.329645996093750000e+03
2.447163085937500000e+03
2.515370025634765625e+02
1.638246679687500000e+04
9.463071289062500000e+03
1.069165039062500000e+04
1.849349414062500000e+04
4.011925048828125000e+03
3.848139953613281250e+02
4.875953125000000000e+03
2.170104003906250000e+03
1.145751953125000000e+03
2.495551025390625000e+03
8.913720092773437500e+02
1.919042968750000000e+04
8.458569946289062500e+02
2.753693115234375000e+03
2.356599414062500000e+04
1.254814941406250000e+03
1.356062988281250000e+03
9.016350097656250000e+02
3.334899902343750000e+01
1.010734985351562500e+03
2.288270019531250000e+03
1.001549987792968750e+02
7.908280029296875000e+02
8.160079956054687500e+02
3.673916406250000000e+04
3.443030090332031250e+02
3.959349121093750000e+03
2.431841064453125000e+03
9.972739868164062500e+02
1.262298950195312500e+03
1.464594843750000000e+05
1.053694946289062500e+03
7.535256835937500000e+03
1.752180053710937500e+03
4.441159973144531250e+02
1.018508203125000000e+05
2.222440032958984375e+02
2.702444091796875000e+03
1.734687988281250000e+03
1.444197021484375000e+03
8.762769775390625000e+02
3.676570129394531250e+02
1.731322460937500000e+04
2.214270996093750000e+03
8.871299743652343750e+01
1.544853027343750000e+03
6.673790283203125000e+02
1.540010986328125000e+03
9.011761718750000000e+03
3.765285156250000000e+04
9.391199951171875000e+02
7.270800018310546875e+01
7.073909912109375000e+02
1.417094970703125000e+03
5.958720092773437500e+02
1.949267944335937500e+03
2.394570068359375000e+03
1.081641328125000000e+05
1.622926025390625000e+03
1.783795043945312500e+03
4.996659851074218750e+02
2.180722900390625000e+03
2.737439880371093750e+02
1.112183496093750000e+04
2.165633056640625000e+03
6.829699707031250000e+01
2.512447070312500000e+04
1.088418359375000000e+04
1.088180053710937500e+03
1.268843017578125000e+03
2.591395019531250000e+03
3.293435000000000000e+05
3.042483203125000000e+04
1.715541992187500000e+03
3.444799072265625000e+03
3.916726074218750000e+03
3.582059936523437500e+02
1.029677978515625000e+03
4.045299987792968750e+02
1.210409057617187500e+03
1.023979003906250000e+03
9.100250244140625000e+02
2.071583984375000000e+03
3.619119873046875000e+02
2.350000000000000000e+01
8.227230224609375000e+02
3.126460546875000000e+04
1.326197998046875000e+03
1.213630004882812500e+03
2.930961914062500000e+03
2.377289062500000000e+03
2.538020019531250000e+02
2.125939941406250000e+02
7.210464062500000000e+04
1.981947021484375000e+03
9.473560180664062500e+02
1.393131958007812500e+03
2.543155029296875000e+03
5.188682128906250000e+03
1.847100067138671875e+01
9.795620117187500000e+02
4.835946777343750000e+03
1.506470031738281250e+02
1.684193969726562500e+03
3.024408935546875000e+03
1.008497009277343750e+03
3.590145019531250000e+03
1.163446044921875000e+03
1.197181030273437500e+03
1.807326757812500000e+04
2.336572998046875000e+03
3.846698974609375000e+03
9.659054687500000000e+04
1.054526977539062500e+03
3.165343994140625000e+03
3.252760986328125000e+03
1.134212036132812500e+03
5.061640014648437500e+02
7.727323242187500000e+03
9.322000122070312500e+01
1.032219238281250000e+04
1.604305053710937500e+03
5.751200000000000000e+05
6.861867187500000000e+03
6.379600219726562500e+02
1.479830017089843750e+02
1.013617980957031250e+03
1.383269958496093750e+02
1.012911010742187500e+03
3.519939880371093750e+02
1.258474500000000000e+06
1.074851562500000000e+04
7.942500305175781250e+01
2.536009033203125000e+03
1.256210021972656250e+02
1.044224975585937500e+03
8.218839721679687500e+02
6.672684375000000000e+04
2.948895996093750000e+03
4.049845947265625000e+03
1.812000000000000000e+03
1.086483300781250000e+04
8.590006835937500000e+03
7.019010009765625000e+02
3.300554931640625000e+03
4.649070129394531250e+02
2.965607910156250000e+03
1.141189746093750000e+04
2.295051406250000000e+05
6.399737792968750000e+03
3.212149963378906250e+02
2.197584960937500000e+03
3.863640136718750000e+02
1.851183959960937500e+03
2.631746093750000000e+03
2.111439971923828125e+02
1.156868041992187500e+03
7.679630126953125000e+02
1.329280029296875000e+03
1.214798535156250000e+04
2.264420898437500000e+03
5.568150878906250000e+03
2.720798125000000000e+05
2.807019042968750000e+03
4.693274609375000000e+04
3.238766113281250000e+03
6.505360839843750000e+03
7.432420043945312500e+02
1.427680053710937500e+03
2.875262939453125000e+03
5.550524902343750000e+03
3.599949951171875000e+02
2.081069946289062500e+02
6.845260009765625000e+02
4.228353027343750000e+03
6.837446875000000000e+04
3.433630468750000000e+04
5.400827148437500000e+03
2.572290039062500000e+02
2.973937988281250000e+03
1.851402954101562500e+03
4.657809082031250000e+03
4.517652832031250000e+03
7.471789062500000000e+04
1.093460006713867188e+02
4.530918945312500000e+03
1.038223022460937500e+03
2.005043945312500000e+03
1.021080017089843750e+02
4.337254062500000000e+05
9.077440429687500000e+03
6.698020019531250000e+03
5.245497070312500000e+03
1.168490966796875000e+03
9.763930053710937500e+02
1.857534057617187500e+03
2.645729980468750000e+02
3.382369995117187500e+02
1.393979949951171875e+02
1.197583007812500000e+03
2.253556884765625000e+03
8.076469726562500000e+02
3.577529907226562500e+02
2.036135986328125000e+03
1.649165039062500000e+03
1.817363037109375000e+03
3.713873046875000000e+03
1.807932983398437500e+03
4.079530029296875000e+03
1.573253051757812500e+03
2.202516113281250000e+03
3.630409912109375000e+03
1.685700035095214844e+01
1.256969985961914062e+02
3.140018066406250000e+03
5.247639770507812500e+02
1.187944946289062500e+03
1.246202026367187500e+03
4.734030151367187500e+02
2.352688964843750000e+03
1.445531562500000000e+05
7.412730102539062500e+02
9.747699737548828125e+01
7.691690063476562500e+02
4.923699951171875000e+02
3.830573974609375000e+03
8.419143554687500000e+03
2.770393066406250000e+03
1.770087036132812500e+03
8.047849121093750000e+03
2.085664062500000000e+03
1.679484985351562500e+03
2.538350067138671875e+02
2.218740039062500000e+04
1.228344970703125000e+03
1.576999218750000000e+05
1.237861718750000000e+05
1.651322968750000000e+05
2.206130065917968750e+02
6.391158593750000000e+04
3.770882080078125000e+03
1.534176718750000000e+05
2.095518066406250000e+03
3.870079956054687500e+02
2.894299926757812500e+02
3.570843017578125000e+03
7.966890258789062500e+02
2.226759948730468750e+02
5.472142968750000000e+04
2.074219970703125000e+02
3.051260070800781250e+02
1.200699951171875000e+03
8.572600097656250000e+02
2.506210021972656250e+02
3.833846923828125000e+03
1.329170074462890625e+02
2.952971923828125000e+03
4.558739929199218750e+02
5.469739990234375000e+02
1.850055053710937500e+03
1.458603027343750000e+03
4.495719909667968750e+02
6.841227050781250000e+03
6.874650268554687500e+02
2.815270996093750000e+03
2.003723999023437500e+03
4.104169921875000000e+02
2.543429931640625000e+03
1.706852929687500000e+04
3.660699844360351562e+01
2.978275878906250000e+03
1.421214965820312500e+03
1.878873046875000000e+03
3.979212890625000000e+03
4.942229919433593750e+02
1.233755004882812500e+03
6.063989868164062500e+02
2.553558105468750000e+03
2.192937011718750000e+03
7.640008789062500000e+03
9.635339965820312500e+02
2.219471923828125000e+03
1.422062011718750000e+03
3.285416992187500000e+03
3.536499938964843750e+02
5.427910156250000000e+02
1.678322998046875000e+03
6.547119750976562500e+02
3.598085937500000000e+03
1.816080017089843750e+02
9.779470214843750000e+02
5.951519775390625000e+02
1.564072021484375000e+03
1.931254028320312500e+03
1.392461562500000000e+05
2.634718017578125000e+03
3.183986083984375000e+03
2.195950012207031250e+02
8.379920043945312500e+02
4.333153515625000000e+04
1.878840942382812500e+03
2.873532958984375000e+03
6.798488769531250000e+03
1.795579956054687500e+03
3.515470947265625000e+03
2.693469848632812500e+02
2.724209899902343750e+02
3.869039916992187500e+02
8.425800323486328125e+01
6.194110839843750000e+03
1.865059967041015625e+02
1.763094970703125000e+03
7.361840209960937500e+02
4.758999938964843750e+02
6.961344238281250000e+03
2.992324951171875000e+03
1.014483789062500000e+04
3.640246093750000000e+03
3.066053125000000000e+05
3.899753906250000000e+03
1.496620025634765625e+02
3.484430000000000000e+05
6.014469238281250000e+03
1.167218457031250000e+04
2.945700781250000000e+04
2.851604980468750000e+03
2.263084960937500000e+03
3.923349121093750000e+03
3.233819885253906250e+02
1.757149963378906250e+02
5.620847167968750000e+03
7.151749877929687500e+02
1.384374023437500000e+03
1.560472045898437500e+03
8.651399993896484375e+01
2.084060058593750000e+02
7.011853027343750000e+03
1.458129028320312500e+03
4.048340148925781250e+02
7.581959838867187500e+02
9.359000205993652344e+00
1.505653281250000000e+05
4.457907226562500000e+03
1.943870971679687500e+03
3.176319885253906250e+02
4.230729980468750000e+02
1.221859985351562500e+03
6.005850219726562500e+02
1.072350006103515625e+02
7.746010131835937500e+02
1.668047973632812500e+03
1.355090026855468750e+02
8.104299926757812500e+01
4.736522949218750000e+03
1.485970001220703125e+02
1.192979003906250000e+03
1.428665039062500000e+03
1.214615966796875000e+03
3.680870056152343750e+02
1.752375976562500000e+03
1.946995971679687500e+03
5.254479980468750000e+02
8.765703125000000000e+03
3.198760986328125000e+03
5.364341406250000000e+04
6.891402832031250000e+03
7.886699676513671875e+01
1.207829971313476562e+02
1.347029052734375000e+03
7.516500091552734375e+01
3.205050048828125000e+02
1.318579062500000000e+05
8.991129760742187500e+02
1.471141967773437500e+03
4.538729858398437500e+02
4.705655761718750000e+03
1.110698974609375000e+03
8.888512695312500000e+03
4.624173828125000000e+03
8.654869995117187500e+02
1.069701464843750000e+04
1.560243041992187500e+03
1.421340942382812500e+03
6.613959960937500000e+02
1.794989013671875000e+03
5.211665039062500000e+03
3.356399917602539062e+01
1.759911010742187500e+03
2.704225097656250000e+03
1.183635009765625000e+03
2.721571044921875000e+03
5.824069824218750000e+02
2.474960021972656250e+02
3.711443750000000000e+04
5.772609863281250000e+03
4.454920898437500000e+03
3.540625976562500000e+03
8.159830078125000000e+03
1.529720312500000000e+04
6.733380126953125000e+02
5.463800048828125000e+01
1.086604492187500000e+04
1.360489990234375000e+03
1.941543750000000000e+05
2.053150024414062500e+02
3.800985107421875000e+03
7.135009765625000000e+02
2.567780151367187500e+02
1.562108007812500000e+04
1.198697021484375000e+03
4.143265136718750000e+03
3.847589111328125000e+03
2.224033935546875000e+03
3.346159973144531250e+02
3.168899917602539062e+01
2.130105859375000000e+04
2.873772949218750000e+03
4.255528808593750000e+03
3.744456054687500000e+03
1.034629974365234375e+02
6.530709838867187500e+02
1.043864013671875000e+03
5.059973828125000000e+04
2.687155625000000000e+05
3.154943115234375000e+03
1.419149932861328125e+02
1.356941093750000000e+05
9.804520263671875000e+02
5.709290039062500000e+03
1.252270937500000000e+05
1.701019140625000000e+04
7.534520263671875000e+02
1.664559936523437500e+02
1.452299531250000000e+05
3.821791992187500000e+03
1.050090942382812500e+03
4.439664687500000000e+05
2.894004882812500000e+03
1.166185625000000000e+05
1.052562421875000000e+05
2.105625000000000000e+03
1.074965942382812500e+03
6.913670043945312500e+02
2.138579101562500000e+03
1.495489959716796875e+02
5.556010131835937500e+02
2.154988085937500000e+04
6.573400115966796875e+01
5.195059082031250000e+03
1.495592041015625000e+03
4.966293945312500000e+03
3.119089965820312500e+02
5.733744140625000000e+04
8.085059814453125000e+02
4.158290100097656250e+02
6.018610229492187500e+02
1.666634179687500000e+04
1.054286406250000000e+05
5.522230224609375000e+02
1.710760040283203125e+02
1.123968994140625000e+03
1.180300048828125000e+03
7.667887207031250000e+03
5.380693847656250000e+03
1.064206875000000000e+05
8.918419799804687500e+02
3.797799987792968750e+02
7.993989868164062500e+02
3.838503906250000000e+03
5.981874023437500000e+03
8.614780273437500000e+02
4.577285000000000000e+05
2.694119873046875000e+02
2.704750061035156250e+02
7.342520141601562500e+02
1.997755981445312500e+03
1.814399047851562500e+03
1.019580001831054688e+02
9.264010009765625000e+02
5.948020019531250000e+03
1.980274047851562500e+03
2.092009033203125000e+03
2.598349121093750000e+03
1.077480010986328125e+02
8.885050048828125000e+02
7.739030151367187500e+02
3.277010009765625000e+03
3.566606933593750000e+03
4.000292500000000000e+05
4.898857910156250000e+03
3.815130004882812500e+02
2.797974121093750000e+03
4.181170043945312500e+02
6.352855078125000000e+04
7.162589721679687500e+02
1.622207031250000000e+04
5.515701171875000000e+03
1.421208984375000000e+03
2.506215429687500000e+04
6.775678222656250000e+03
6.246649780273437500e+02
8.454719848632812500e+02
9.066430053710937500e+02
1.160880859375000000e+04
9.923599853515625000e+02
3.136119995117187500e+02
1.192541601562500000e+04
6.749169921875000000e+02
1.163560028076171875e+02
1.839711059570312500e+03
2.913359985351562500e+02
5.353200149536132812e+01
6.523690185546875000e+02
9.849600219726562500e+01
1.817087500000000000e+05
1.793447021484375000e+03
1.768290039062500000e+03
4.557250061035156250e+02
4.060246093750000000e+03
9.439400024414062500e+02
5.884766113281250000e+03
5.449931640625000000e+04
1.695249938964843750e+02
5.799780273437500000e+02
8.685037109375000000e+03
6.006469726562500000e+02
1.514436035156250000e+03
2.385954101562500000e+03
2.218668945312500000e+03
6.953900146484375000e+01
1.132907578125000000e+05
1.199665136718750000e+04
1.223779983520507812e+02
3.198084960937500000e+03
1.245411010742187500e+03
1.387224975585937500e+03
1.041221289062500000e+04
4.897999954223632812e+01
1.711786010742187500e+03
2.388750000000000000e+02
1.465567016601562500e+03
2.037040039062500000e+03
2.682818115234375000e+03
1.975970001220703125e+02
4.006764892578125000e+03
1.046697021484375000e+03
1.650478027343750000e+03
7.344739990234375000e+02
7.015312011718750000e+03
9.644039916992187500e+02
9.912894531250000000e+03
1.464534765625000000e+04
4.942895996093750000e+03
6.642299652099609375e+01
9.538800048828125000e+01
6.131299972534179688e+01
2.053010009765625000e+03
1.021095937500000000e+05
1.094735781250000000e+05
1.518802978515625000e+03
2.360420074462890625e+02
4.533126953125000000e+03
2.775079956054687500e+02
6.860800170898437500e+01
2.088690032958984375e+02
5.864341875000000000e+05
1.983312011718750000e+03
3.750650024414062500e+02
3.021100044250488281e+01
3.892460937500000000e+03
3.988419531250000000e+04
5.921510009765625000e+02
1.874800048828125000e+03
5.137080078125000000e+02
2.025651000976562500e+03
1.460229980468750000e+03
1.817120937500000000e+05
2.889402099609375000e+03
4.321099853515625000e+02
3.277006640625000000e+04
7.368519897460937500e+02
2.834493437500000000e+05
1.067399978637695312e+02
9.102226562500000000e+03
1.464389038085937500e+03
9.284073242187500000e+03
3.649433750000000000e+05
4.661149902343750000e+03
2.173964111328125000e+03
3.292989990234375000e+03
1.664692016601562500e+03
7.183489990234375000e+02
4.979741210937500000e+03
1.424198974609375000e+03
3.543049926757812500e+02
2.270405312500000000e+05
4.420899963378906250e+02
1.034677978515625000e+03
3.027260986328125000e+03
2.136312988281250000e+03
1.360754028320312500e+03
1.440395019531250000e+04
8.409646484375000000e+03
1.871116992187500000e+04
2.188537109375000000e+03
6.686646972656250000e+03
5.165368164062500000e+03
4.995280151367187500e+02
4.405199813842773438e+01
4.192181152343750000e+03
2.252640075683593750e+02
2.704119873046875000e+02
2.545013593750000000e+05
2.558009062500000000e+05
4.369400024414062500e+02
1.787458007812500000e+03
4.539469909667968750e+02
2.158164062500000000e+03
1.203560028076171875e+02
4.872500000000000000e+02
3.345923095703125000e+03
6.688914062500000000e+03
3.050798095703125000e+03
9.753339843750000000e+02
5.125260009765625000e+02
5.356599121093750000e+03
1.568897949218750000e+03
2.952789916992187500e+02
2.029089965820312500e+02
7.057982910156250000e+03
2.438789978027343750e+02
1.299005981445312500e+03
4.832609863281250000e+03
9.440552734375000000e+03
7.872600097656250000e+02
1.525051025390625000e+03
1.586485156250000000e+05
3.756927978515625000e+03
3.860360107421875000e+02
5.860850219726562500e+02
6.509730224609375000e+02
3.987820129394531250e+02
5.667969970703125000e+02
4.595520019531250000e+02
1.871489013671875000e+03
1.327169726562500000e+04
2.759597900390625000e+03
8.775384765625000000e+03
4.705541992187500000e+03
2.197565917968750000e+03
4.394970092773437500e+02
1.862400054931640625e+02
1.455502734375000000e+04
8.854609985351562500e+02
4.171289062500000000e+03
3.953979003906250000e+03
9.803755859375000000e+03
1.819159057617187500e+03
1.241571044921875000e+03
3.341960144042968750e+02
7.569098144531250000e+03
2.289767089843750000e+03
5.170390014648437500e+02
3.048750976562500000e+03
7.857546875000000000e+03
2.953577880859375000e+03
1.467325468750000000e+05
3.312030029296875000e+02
1.264359008789062500e+03
1.146215942382812500e+03
1.935404843750000000e+05
2.008679062500000000e+05
1.104831152343750000e+04
2.306153076171875000e+03
4.653750000000000000e+02
2.373730010986328125e+02
9.549279785156250000e+02
6.145464453125000000e+04
5.687940063476562500e+02
2.205922500000000000e+05
1.186389999389648438e+02
1.210916015625000000e+03
2.414499969482421875e+02
8.982700347900390625e+01
2.207344921875000000e+04
5.690479003906250000e+03
5.383029785156250000e+02
1.248536987304687500e+03
9.527609863281250000e+02
1.234369018554687500e+03
1.131494531250000000e+04
2.344406005859375000e+03
1.228484985351562500e+03
4.312130126953125000e+02
5.957379760742187500e+02
2.861312011718750000e+03
1.977822021484375000e+03
2.585454101562500000e+03
3.732291015625000000e+03
1.474739990234375000e+03
3.049228027343750000e+03
4.348169860839843750e+02
1.193531005859375000e+03
1.955700073242187500e+02
1.065558007812500000e+04
1.810874023437500000e+03
7.661970214843750000e+02
1.507838989257812500e+03
4.397669982910156250e+02
4.429590148925781250e+02
2.812219848632812500e+02
1.864001953125000000e+03
4.308644042968750000e+03
4.739318847656250000e+03
4.582380065917968750e+02
2.922050048828125000e+03
9.937479858398437500e+02
9.298398437500000000e+04
2.314200019836425781e+01
3.804469909667968750e+02
2.831384033203125000e+03
5.115955625000000000e+05
1.793812011718750000e+03
1.983055468750000000e+04
7.339700317382812500e+01
2.858258056640625000e+03
6.391563964843750000e+03
3.604455078125000000e+03
4.792139892578125000e+02
5.525138183593750000e+03
7.211937011718750000e+03
7.242280273437500000e+02
4.433789978027343750e+02
5.992969970703125000e+02
8.441199951171875000e+02
3.270940917968750000e+03
7.359700012207031250e+01
6.988312011718750000e+03
3.838779296875000000e+04
2.623012939453125000e+03
5.238335937500000000e+03
2.789195068359375000e+03
1.536521972656250000e+03
4.422780151367187500e+02
4.566820068359375000e+02
2.363670043945312500e+02
1.343457031250000000e+03
1.721644042968750000e+03
8.757110351562500000e+03
1.457536987304687500e+03
2.662625000000000000e+03
3.266050109863281250e+02
1.346003051757812500e+03
3.535060119628906250e+02
5.574110107421875000e+02
1.042241796875000000e+04
8.879390258789062500e+02
4.529379882812500000e+02
5.159762207031250000e+03
1.938797973632812500e+03
1.148410034179687500e+02
1.048326049804687500e+03
6.177739868164062500e+02
7.904505468750000000e+04
1.331477050781250000e+03
1.375916015625000000e+03
1.099567993164062500e+03
6.192715820312500000e+03
4.985493164062500000e+03
2.947059082031250000e+03
2.631353027343750000e+03
8.271740112304687500e+02
7.152009887695312500e+02
2.553998046875000000e+03
5.289500045776367188e+01
4.156900024414062500e+02
3.628330078125000000e+02
1.366390075683593750e+02
1.338875976562500000e+03
4.476969238281250000e+03
4.249417968750000000e+03
4.159169921875000000e+02
8.213300170898437500e+02
5.418549804687500000e+03
4.331392968750000000e+04
2.594458007812500000e+03
2.368331054687500000e+03
2.292156005859375000e+03
2.274470062255859375e+02
4.028690917968750000e+03
2.720199966430664062e+01
9.877719726562500000e+02
8.147169799804687500e+02
9.063709716796875000e+02
1.610145156250000000e+05
1.614202636718750000e+04
4.858989868164062500e+02
3.546626562500000000e+04
1.030692016601562500e+03
5.336770019531250000e+03
1.330160064697265625e+02
1.425249023437500000e+03
7.160878906250000000e+03
1.924459375000000000e+04
1.435803955078125000e+03
1.850598999023437500e+03
1.787749938964843750e+02
6.839580078125000000e+02
1.369040069580078125e+02
4.569238769531250000e+03
1.872769927978515625e+02
1.752990966796875000e+03
1.527104980468750000e+03
2.454937011718750000e+03
1.248130035400390625e+02
2.014779968261718750e+02
2.473632500000000000e+05
3.923163085937500000e+03
