1.311450042724609375e+02
1.505700016021728516e+01
2.237700080871582031e+01
5.478300094604492188e+01
1.643799972534179688e+01
1.132999992370605469e+01
6.834600067138671875e+01
3.131399917602539062e+01
8.460600280761718750e+01
8.008999824523925781e+00
1.253889999389648438e+02
1.591499996185302734e+01
1.486600017547607422e+01
2.691260070800781250e+02
5.718099975585937500e+01
5.345600128173828125e+01
2.532510070800781250e+02
7.285900115966796875e+01
2.952560119628906250e+02
1.419730072021484375e+02
3.608499908447265625e+01
1.740399932861328125e+01
3.717499923706054688e+01
1.045800018310546875e+01
1.349400043487548828e+01
2.405800056457519531e+01
3.697900009155273438e+01
1.379010009765625000e+02
2.528289947509765625e+02
8.578700256347656250e+01
6.101300048828125000e+01
1.085900020599365234e+01
3.618000030517578125e+01
3.144010009765625000e+02
2.971699905395507812e+01
3.200799942016601562e+01
5.378599929809570312e+01
4.011999893188476562e+01
9.970500183105468750e+01
6.825800323486328125e+01
5.959000015258789062e+01
4.520299911499023438e+01
6.192800140380859375e+01
8.647599792480468750e+01
3.738899993896484375e+01
1.416399955749511719e+01
3.930799865722656250e+01
6.004499816894531250e+01
4.888899993896484375e+01
8.578199768066406250e+01
2.328499984741210938e+01
6.788200378417968750e+01
5.172200012207031250e+01
4.022800064086914062e+01
1.494089965820312500e+02
7.837100219726562500e+01
6.552999877929687500e+01
5.723000049591064453e+00
1.218000030517578125e+01
2.847800064086914062e+01
2.701700019836425781e+01
4.287400054931640625e+01
4.298999786376953125e+00
1.412100028991699219e+01
1.845999908447265625e+01
5.151399993896484375e+01
1.139039993286132812e+02
5.451399993896484375e+01
1.935090026855468750e+02
7.960000038146972656e+00
3.038500022888183594e+01
9.559500122070312500e+01
1.361139984130859375e+02
6.386700057983398438e+01
3.045899963378906250e+01
4.908700180053710938e+01
8.540899658203125000e+01
3.170000000000000000e+02
2.134099960327148438e+01
7.577700042724609375e+01
9.429299926757812500e+01
2.701899909973144531e+01
5.158999919891357422e+00
2.367790069580078125e+02
5.764799880981445312e+01
1.453379974365234375e+02
3.802999877929687500e+01
1.462530059814453125e+02
7.520999908447265625e+00
3.603400039672851562e+01
1.645390014648437500e+02
1.082499980926513672e+01
1.390529937744140625e+02
2.319739990234375000e+02
6.343899917602539062e+01
1.639730072021484375e+02
7.813099670410156250e+01
4.089699935913085938e+01
5.953799819946289062e+01
3.497399902343750000e+01
4.925600051879882812e+01
2.005200004577636719e+01
3.165500068664550781e+01
6.414600372314453125e+01
1.419799995422363281e+01
8.649700164794921875e+01
3.989000082015991211e+00
6.780000209808349609e+00
5.224200057983398438e+01
4.474200057983398438e+01
1.407800006866455078e+01
1.569400024414062500e+01
8.128999710083007812e+00
4.469100189208984375e+01
7.608499908447265625e+01
2.875140075683593750e+02
8.270700073242187500e+01
2.487999916076660156e+01
1.072699966430664062e+02
1.079089965820312500e+02
1.591800022125244141e+01
3.550600051879882812e+01
2.727300071716308594e+01
1.069270019531250000e+02
5.936999797821044922e+00
1.033399963378906250e+01
2.076099967956542969e+01
6.230400085449218750e+01
7.132599639892578125e+01
2.213809967041015625e+02
1.241000056266784668e+00
5.537000179290771484e+00
1.529300022125244141e+01
7.363999843597412109e+00
7.301399993896484375e+01
4.042800140380859375e+01
3.809000015258789062e+01
2.294199943542480469e+01
1.426399993896484375e+02
1.899340057373046875e+02
1.815800094604492188e+01
7.322000026702880859e+00
1.035029983520507812e+02
1.588700008392333984e+01
1.281799983978271484e+01
7.507199859619140625e+01
1.318000030517578125e+02
1.615999984741210938e+01
1.797169952392578125e+02
1.798800086975097656e+01
5.585499954223632812e+01
3.480599975585937500e+01
9.597999572753906250e+00
8.079000473022460938e+00
1.081119995117187500e+02
1.862779998779296875e+02
7.695000171661376953e+00
1.503000030517578125e+02
3.713999986648559570e+00
2.985400009155273438e+01
3.106800079345703125e+01
7.550399780273437500e+01
1.974799957275390625e+02
2.421800041198730469e+01
5.305500030517578125e+01
8.802000045776367188e+00
1.217379989624023438e+02
1.006090011596679688e+02
4.778200149536132812e+01
1.128499984741210938e+01
4.029600143432617188e+01
1.586499977111816406e+01
1.101549987792968750e+02
6.271999835968017578e+00
8.413700103759765625e+01
4.408300018310546875e+01
7.153399658203125000e+01
4.072100067138671875e+01
2.149099922180175781e+01
1.554579925537109375e+02
1.141269989013671875e+02
7.395999908447265625e+01
7.313899993896484375e+01
9.408699798583984375e+01
6.226900100708007812e+01
2.172599983215332031e+01
1.614999961853027344e+01
2.755260009765625000e+02
2.037460021972656250e+02
4.609099960327148438e+01
4.175999832153320312e+01
2.340500068664550781e+01
2.687299919128417969e+01
1.227900028228759766e+01
1.810169982910156250e+02
5.067399978637695312e+01
1.036330032348632812e+02
8.863999938964843750e+01
1.285299968719482422e+01
2.851399993896484375e+01
1.980299949645996094e+01
6.232999801635742188e+00
3.121599960327148438e+01
6.036899948120117188e+01
5.109600067138671875e+01
1.563199996948242188e+01
9.916999816894531250e+00
1.742300033569335938e+01
4.342000007629394531e+00
4.620899963378906250e+01
1.041520004272460938e+02
6.436299896240234375e+01
1.988199996948242188e+01
1.066899967193603516e+01
9.678399658203125000e+01
2.869599914550781250e+01
1.043500041961669922e+01
7.868900299072265625e+01
2.173299980163574219e+01
1.220699977874755859e+01
9.391300201416015625e+01
6.856099700927734375e+01
1.308529968261718750e+02
5.210999965667724609e+00
1.276900005340576172e+01
6.700299835205078125e+01
1.823299980163574219e+01
5.852399826049804688e+01
1.094560012817382812e+02
1.162199974060058594e+01
3.855999946594238281e+00
1.362500000000000000e+01
4.821599960327148438e+01
2.134750061035156250e+02
2.231100082397460938e+01
3.663499832153320312e+01
7.162999725341796875e+01
9.499800109863281250e+01
5.414699935913085938e+01
1.109509963989257812e+02
7.522100067138671875e+01
1.467300033569335938e+01
5.616999816894531250e+01
3.143600082397460938e+01
2.564800071716308594e+01
1.163430023193359375e+02
2.552079925537109375e+02
7.408599853515625000e+01
9.159999847412109375e+00
1.997800064086914062e+01
5.885900115966796875e+01
7.527400207519531250e+01
9.968499755859375000e+01
2.523999929428100586e+00
1.423549957275390625e+02
2.124099922180175781e+01
3.462400054931640625e+01
2.250410003662109375e+02
2.138000011444091797e+00
6.856900024414062500e+01
1.967839965820312500e+02
1.845999908447265625e+01
7.892700195312500000e+01
3.281619873046875000e+02
3.203300094604492188e+01
4.443999767303466797e+00
9.575599670410156250e+01
9.423000335693359375e+01
2.033280029296875000e+02
4.999300003051757812e+01
1.236600017547607422e+01
4.479199981689453125e+01
1.138069992065429688e+02
1.419799957275390625e+02
1.596599960327148438e+01
5.897999763488769531e+00
1.652510070800781250e+02
1.576790008544921875e+02
9.705000305175781250e+01
9.058899688720703125e+01
3.148900032043457031e+01
1.970500030517578125e+02
7.188300323486328125e+01
2.571500015258789062e+01
5.304800033569335938e+01
4.370500183105468750e+01
3.842900085449218750e+01
7.288000106811523438e+00
5.732300186157226562e+01
2.842179870605468750e+02
1.803300094604492188e+01
7.343499755859375000e+01
1.411860046386718750e+02
8.833699798583984375e+01
1.286600017547607422e+01
1.912800025939941406e+01
1.095520019531250000e+02
1.377999973297119141e+01
7.333499908447265625e+01
2.818899917602539062e+01
6.579100036621093750e+01
5.395399856567382812e+01
8.668999671936035156e+00
6.964800262451171875e+01
1.613100051879882812e+01
2.717799987792968750e+02
8.439000129699707031e+00
2.232900047302246094e+01
3.047200012207031250e+01
7.404799652099609375e+01
1.293900012969970703e+01
3.643500137329101562e+01
5.767100143432617188e+01
3.599599838256835938e+01
3.641299819946289062e+01
1.364599990844726562e+01
1.909770050048828125e+02
2.653800010681152344e+01
2.402409973144531250e+02
3.228200149536132812e+01
5.167499923706054688e+01
5.124900054931640625e+01
2.895499992370605469e+01
1.908799934387207031e+01
3.313800048828125000e+01
1.400300025939941406e+01
6.588700103759765625e+01
2.831699943542480469e+01
3.392100143432617188e+01
2.304920043945312500e+02
2.682399940490722656e+01
7.296399688720703125e+01
2.745400047302246094e+01
3.226399993896484375e+01
7.871800231933593750e+01
1.397380065917968750e+02
9.682800292968750000e+01
1.314900016784667969e+01
7.903800201416015625e+01
1.716500091552734375e+01
6.170500183105468750e+01
1.091760025024414062e+02
2.828300094604492188e+01
2.082699966430664062e+01
3.964300155639648438e+01
2.009399986267089844e+01
1.081149978637695312e+02
8.453299713134765625e+01
7.303299713134765625e+01
1.339599990844726562e+01
1.522700023651123047e+01
1.428410034179687500e+02
1.139609985351562500e+02
1.979859924316406250e+02
2.706599998474121094e+01
9.057000160217285156e+00
4.453499984741210938e+01
8.140999794006347656e+00
9.114999771118164062e+00
3.373699951171875000e+01
2.919499969482421875e+01
1.616690063476562500e+02
3.297680053710937500e+02
6.831099700927734375e+01
2.838100051879882812e+01
1.191699981689453125e+01
5.138499832153320312e+01
8.532399749755859375e+01
5.337599945068359375e+01
2.201199913024902344e+01
4.119599914550781250e+01
1.035889968872070312e+02
1.375800018310546875e+02
8.537599945068359375e+01
1.526399993896484375e+01
1.182639999389648438e+02
5.979800033569335938e+01
2.426199913024902344e+01
1.248229980468750000e+02
9.916999816894531250e+01
1.546710052490234375e+02
4.967999935150146484e+00
1.777929992675781250e+02
2.581299972534179688e+01
1.689470062255859375e+02
1.633750000000000000e+02
5.342499923706054688e+01
8.295999526977539062e+00
2.875499916076660156e+01
1.243199996948242188e+02
1.919850006103515625e+02
6.458000183105468750e+00
3.404600143432617188e+01
3.113999938964843750e+01
2.080900001525878906e+01
5.210400009155273438e+01
1.839699935913085938e+01
9.377999877929687500e+01
7.646299743652343750e+01
8.035500335693359375e+01
2.991399955749511719e+01
5.863299942016601562e+01
9.693900299072265625e+01
2.731500053405761719e+01
2.163599967956542969e+01
9.511900329589843750e+01
1.430599975585937500e+01
7.906900024414062500e+01
1.751399993896484375e+01
5.616299819946289062e+01
6.011000061035156250e+01
5.385100173950195312e+01
1.275199985504150391e+01
4.281499862670898438e+01
1.206799983978271484e+01
4.796500015258789062e+01
1.362550048828125000e+02
1.252499961853027344e+01
1.122770004272460938e+02
6.931600189208984375e+01
1.134160003662109375e+02
2.556399917602539062e+01
2.735000038146972656e+01
1.066499996185302734e+01
1.133659973144531250e+02
8.869999694824218750e+01
3.787300109863281250e+01
3.075099945068359375e+01
5.074999809265136719e+00
1.747599983215332031e+01
2.250000000000000000e+01
9.066200256347656250e+01
2.353520050048828125e+02
2.470800018310546875e+01
1.074599990844726562e+02
6.828600311279296875e+01
3.372100067138671875e+01
1.874399948120117188e+01
6.132199859619140625e+01
1.177409973144531250e+02
4.336500167846679688e+01
5.135499954223632812e+01
2.834000015258789062e+01
6.495099639892578125e+01
3.139100074768066406e+01
7.203999996185302734e+00
1.150849990844726562e+02
2.070749969482421875e+02
1.034919967651367188e+02
1.834499931335449219e+01
1.384869995117187500e+02
8.965000152587890625e+01
5.600500106811523438e+01
6.111500167846679688e+01
1.606390075683593750e+02
3.745000076293945312e+01
9.272000122070312500e+01
9.860199737548828125e+01
6.942800140380859375e+01
4.752000045776367188e+01
1.773750000000000000e+02
1.196100006103515625e+02
5.899000167846679688e+00
1.961199951171875000e+01
8.913000106811523438e+00
1.231100006103515625e+02
5.497800064086914062e+01
1.410000038146972656e+01
9.201000213623046875e+00
4.260000228881835938e+00
2.183979949951171875e+02
6.070999908447265625e+01
2.023900032043457031e+01
1.483970031738281250e+02
1.056539993286132812e+02
7.753500366210937500e+01
7.853000164031982422e+00
1.675900077819824219e+01
6.262400054931640625e+01
6.821299743652343750e+01
1.156399993896484375e+02
6.405599975585937500e+01
8.077300262451171875e+01
3.471300125122070312e+01
7.872000217437744141e+00
2.197699928283691406e+01
1.079899978637695312e+01
3.784700012207031250e+01
4.983300018310546875e+01
1.161940002441406250e+02
4.383399963378906250e+01
2.093190002441406250e+02
7.883799743652343750e+01
9.531099700927734375e+01
1.431100006103515625e+02
2.159600067138671875e+01
6.847399902343750000e+01
3.825999832153320312e+01
7.664000034332275391e+00
5.019400024414062500e+01
9.426200103759765625e+01
3.188299942016601562e+01
1.332969970703125000e+02
8.637400054931640625e+01
2.159369964599609375e+02
5.085100173950195312e+01
1.433099975585937500e+02
9.758699798583984375e+01
2.053999900817871094e+00
4.434400177001953125e+01
5.056000232696533203e+00
1.650600051879882812e+01
1.939900016784667969e+01
8.870700073242187500e+01
7.154900360107421875e+01
2.681610107421875000e+02
2.394300079345703125e+01
1.442300033569335938e+01
2.976899909973144531e+01
8.376300048828125000e+01
8.505599975585937500e+01
5.034199905395507812e+01
7.669000244140625000e+01
2.243400001525878906e+01
1.139440002441406250e+02
1.157900047302246094e+01
3.001000022888183594e+01
4.426000118255615234e+00
5.113499832153320312e+01
8.280999755859375000e+01
9.648300170898437500e+01
6.751200103759765625e+01
3.499200057983398438e+01
5.080199813842773438e+01
1.459899997711181641e+01
2.111300086975097656e+01
5.327899932861328125e+01
4.763199996948242188e+01
3.970700073242187500e+01
5.178900146484375000e+01
1.617600059509277344e+01
1.459700012207031250e+01
3.433200073242187500e+01
4.218799972534179688e+01
3.066999912261962891e+00
4.843999862670898438e+00
2.646599960327148438e+01
6.516300201416015625e+01
1.004100036621093750e+01
1.810300064086914062e+01
1.397290039062500000e+02
2.826589965820312500e+02
4.807899856567382812e+01
1.948399925231933594e+01
7.481199645996093750e+01
8.294499969482421875e+01
1.786899948120117188e+01
8.444999694824218750e+00
1.387699985504150391e+01
1.104260025024414062e+02
1.682699966430664062e+01
1.143799972534179688e+01
2.793099975585937500e+01
1.756800079345703125e+01
1.475019989013671875e+02
1.255000019073486328e+01
3.873699951171875000e+01
2.976199913024902344e+01
1.975699996948242188e+01
1.533750000000000000e+02
2.815999984741210938e+01
4.652099990844726562e+01
3.067700004577636719e+01
9.850900268554687500e+01
8.789399719238281250e+01
6.065299987792968750e+01
2.253379974365234375e+02
2.628300094604492188e+01
2.736199951171875000e+01
3.777399826049804688e+01
2.129700088500976562e+01
7.355500030517578125e+01
1.320800018310546875e+01
2.263199996948242188e+01
1.018000030517578125e+01
3.489000082015991211e+00
6.747000217437744141e+00
1.032249984741210938e+02
2.758210144042968750e+02
1.182839965820312500e+02
1.926099967956542969e+01
5.014400100708007812e+01
3.447700119018554688e+01
2.736100006103515625e+01
1.496199989318847656e+01
4.222399902343750000e+01
2.182640075683593750e+02
6.874900054931640625e+01
9.052999877929687500e+01
6.136899948120117188e+01
9.394499969482421875e+01
8.640200042724609375e+01
3.299300003051757812e+01
2.804000091552734375e+01
1.132699966430664062e+01
1.614170074462890625e+02
2.670700073242187500e+01
1.568900012969970703e+01
3.809700012207031250e+01
1.987519989013671875e+02
1.146549987792968750e+02
9.901000022888183594e+00
1.126099967956542969e+01
2.751499938964843750e+01
1.659000015258789062e+01
8.116100311279296875e+01
7.105999755859375000e+01
4.434199905395507812e+01
8.556300354003906250e+01
3.121199989318847656e+01
2.053100013732910156e+01
1.073109970092773438e+02
2.665200042724609375e+01
1.620499992370605469e+01
1.019850006103515625e+02
1.692850036621093750e+02
6.089099884033203125e+01
6.601999664306640625e+01
7.735700225830078125e+01
1.919900054931640625e+02
4.782099914550781250e+01
1.004059982299804688e+02
9.111000061035156250e+01
1.587300014495849609e+01
4.602000236511230469e+00
1.771790008544921875e+02
1.811800003051757812e+01
2.495549926757812500e+02
1.724099922180175781e+01
6.179600143432617188e+01
2.547299957275390625e+01
2.362999916076660156e+01
6.709700012207031250e+01
4.865999984741210938e+01
1.464099979400634766e+01
5.971799850463867188e+01
1.092190017700195312e+02
3.304299926757812500e+01
2.112500000000000000e+01
5.122000122070312500e+01
5.991099929809570312e+01
5.572999954223632812e+00
5.540499877929687500e+01
9.134200286865234375e+01
2.106999969482421875e+01
2.924699974060058594e+01
2.230599975585937500e+01
1.401190032958984375e+02
2.302300071716308594e+01
2.754400062561035156e+01
1.114290008544921875e+02
1.872380065917968750e+02
1.678209991455078125e+02
6.394999980926513672e+00
1.228999996185302734e+01
1.378070068359375000e+02
1.609340057373046875e+02
1.926700019836425781e+01
6.984300231933593750e+01
6.552000045776367188e+00
1.554699993133544922e+01
1.845809936523437500e+02
1.856599998474121094e+01
2.139450073242187500e+02
3.644200134277343750e+01
2.266920013427734375e+02
1.814599990844726562e+01
3.424999952316284180e+00
6.204800033569335938e+01
4.779999923706054688e+01
4.284099960327148438e+01
1.212899971008300781e+01
2.292599945068359375e+02
1.163199996948242188e+01
4.111000061035156250e+00
4.534299850463867188e+01
2.364029998779296875e+02
1.149449996948242188e+02
1.967000007629394531e+00
1.146000003814697266e+01
1.749600028991699219e+01
1.391710052490234375e+02
7.319400024414062500e+01
3.209400177001953125e+01
3.541500091552734375e+01
2.767200088500976562e+01
7.530500030517578125e+01
3.389699935913085938e+01
2.316940002441406250e+02
1.618400001525878906e+01
1.070619964599609375e+02
2.709799957275390625e+01
4.494999885559082031e+00
3.176600074768066406e+01
1.970800018310546875e+01
4.174599838256835938e+01
3.799599838256835938e+01
5.702999877929687500e+01
2.093700027465820312e+01
5.163000106811523438e+00
7.250999927520751953e+00
7.827999877929687500e+01
4.256700134277343750e+01
7.270999908447265625e+00
9.744000434875488281e+00
7.088500213623046875e+01
9.522599792480468750e+01
1.354399967193603516e+01
1.020000000000000000e+02
1.023960037231445312e+02
4.907999992370605469e+00
1.551900005340576172e+01
2.442669982910156250e+02
1.313700008392333984e+01
9.163700103759765625e+01
2.745199966430664062e+01
5.658900070190429688e+01
2.645800018310546875e+01
1.610650024414062500e+02
2.020199966430664062e+01
1.556430053710937500e+02
1.209099960327148438e+01
2.923100090026855469e+01
3.032399902343750000e+02
1.941260070800781250e+02
1.560700035095214844e+01
1.063229980468750000e+02
5.106999969482421875e+01
1.056340026855468750e+02
1.043570022583007812e+02
3.769800186157226562e+01
1.317149963378906250e+02
2.217799949645996094e+01
1.320930023193359375e+02
7.932599639892578125e+01
1.649399948120117188e+01
3.317800140380859375e+01
2.249600028991699219e+01
3.303389892578125000e+02
1.760859985351562500e+02
6.154199981689453125e+01
3.706100082397460938e+01
8.219999694824218750e+01
6.485399627685546875e+01
3.207300186157226562e+01
2.533419952392578125e+02
6.369100189208984375e+01
8.683999633789062500e+01
2.720999908447265625e+01
1.549400024414062500e+02
2.205800056457519531e+01
1.439140014648437500e+02
2.195899963378906250e+01
4.490200042724609375e+01
1.475399971008300781e+01
1.132800006866455078e+01
3.009399986267089844e+01
1.731800079345703125e+01
1.320059967041015625e+02
1.589309997558593750e+02
7.304999828338623047e+00
7.401899719238281250e+01
4.142100143432617188e+01
4.550500106811523438e+01
5.818999862670898438e+01
1.146129989624023438e+02
4.402500152587890625e+01
4.664799880981445312e+01
2.531710052490234375e+02
2.098900032043457031e+01
2.271800041198730469e+01
1.402200031280517578e+01
1.072429962158203125e+02
5.251100158691406250e+01
2.352499961853027344e+01
1.743280029296875000e+02
3.415599822998046875e+01
1.168899993896484375e+02
1.586999988555908203e+01
6.531300354003906250e+01
1.112919998168945312e+02
2.862000083923339844e+01
1.120070037841796875e+02
9.946999549865722656e+00
2.580100059509277344e+01
5.450799942016601562e+01
6.848999786376953125e+01
1.690800094604492188e+01
1.424100017547607422e+01
2.797900009155273438e+01
6.162900161743164062e+01
6.727600097656250000e+01
6.769200134277343750e+01
7.141100311279296875e+01
6.775599670410156250e+01
1.994000053405761719e+01
4.836800003051757812e+01
4.652600097656250000e+01
1.554500007629394531e+01
9.610299682617187500e+01
1.354899978637695312e+01
2.033280029296875000e+02
4.251999855041503906e+00
6.956300354003906250e+01
1.186240005493164062e+02
4.761600112915039062e+01
1.529830017089843750e+02
1.066559982299804688e+02
2.600699996948242188e+01
2.712800025939941406e+01
1.544299983978271484e+01
1.177929992675781250e+02
3.563800048828125000e+01
4.991400146484375000e+01
6.644999980926513672e+00
4.968999862670898438e+00
3.725799942016601562e+01
5.021900177001953125e+01
1.390900039672851562e+01
1.273830032348632812e+02
7.640499877929687500e+01
1.667539978027343750e+02
2.760499954223632812e+01
2.360000038146972656e+01
4.440000057220458984e+00
9.311499786376953125e+01
6.242100143432617188e+01
2.752300071716308594e+01
3.658200073242187500e+01
5.829499816894531250e+01
9.525299835205078125e+01
2.788169860839843750e+02
3.262599945068359375e+01
3.713399887084960938e+01
2.750699996948242188e+01
9.045999526977539062e+00
3.732400131225585938e+01
6.512000083923339844e+00
2.079899978637695312e+01
1.019860000610351562e+02
4.026699829101562500e+01
1.455099964141845703e+01
2.968099975585937500e+01
2.972400093078613281e+01
5.738299942016601562e+01
6.366999816894531250e+01
1.355939941406250000e+02
1.517899932861328125e+02
8.842199707031250000e+01
3.511800003051757812e+01
2.834700012207031250e+01
1.179390029907226562e+02
9.560999870300292969e+00
3.030699920654296875e+01
5.001699829101562500e+01
3.731999969482421875e+01
1.608880004882812500e+02
4.878599929809570312e+01
7.507499694824218750e+01
1.532800006866455078e+01
1.756439971923828125e+02
2.808799934387207031e+01
1.878000068664550781e+01
2.406699943542480469e+01
1.160699996948242188e+02
1.296419982910156250e+02
4.066899871826171875e+01
8.312799835205078125e+01
5.510499954223632812e+01
2.012500000000000000e+01
7.272699737548828125e+01
1.304129943847656250e+02
2.173900032043457031e+01
5.208700180053710938e+01
8.255999565124511719e+00
1.517319946289062500e+02
1.272399997711181641e+01
4.474800109863281250e+01
6.383399963378906250e+01
1.574620056152343750e+02
2.249500083923339844e+01
2.446759948730468750e+02
1.196500015258789062e+01
5.168000030517578125e+01
4.937699890136718750e+01
3.980099868774414062e+01
1.449600028991699219e+01
4.483300018310546875e+01
6.581099700927734375e+01
7.982800292968750000e+01
3.537699890136718750e+01
7.447000026702880859e+00
1.051399993896484375e+01
1.411280059814453125e+02
2.383799934387207031e+01
9.585099792480468750e+01
4.984000205993652344e+00
5.267900085449218750e+01
9.108200073242187500e+01
2.834399986267089844e+01
1.437500000000000000e+01
1.302689971923828125e+02
3.471099853515625000e+01
2.475200080871582031e+01
4.448600006103515625e+01
8.417099761962890625e+01
9.995600128173828125e+01
3.806800079345703125e+01
6.868099975585937500e+01
1.021599960327148438e+01
3.504199981689453125e+01
1.637599945068359375e+01
3.322600173950195312e+01
4.061000061035156250e+01
3.754600143432617188e+01
1.471899986267089844e+01
4.440000057220458984e+00
9.270200347900390625e+01
3.140800094604492188e+01
1.090400009155273438e+02
5.580099868774414062e+01
4.807000160217285156e+00
1.031900024414062500e+01
5.735300064086914062e+01
3.174500083923339844e+01
9.528700256347656250e+01
7.565299987792968750e+01
3.250699996948242188e+01
5.303200149536132812e+01
1.730229949951171875e+02
1.586519927978515625e+02
1.835799980163574219e+01
2.119000053405761719e+01
2.271609954833984375e+02
1.934000015258789062e+00
1.175399971008300781e+01
3.209000015258789062e+01
7.039999961853027344e+00
1.723600006103515625e+01
5.129000186920166016e+00
2.663299942016601562e+01
1.957299995422363281e+01
2.788500022888183594e+01
3.981700134277343750e+01
7.333000183105468750e+00
4.495800018310546875e+01
1.566990051269531250e+02
1.306089935302734375e+02
4.163800048828125000e+01
2.801199913024902344e+01
1.239900016784667969e+01
5.103200149536132812e+01
3.746999979019165039e+00
2.159600067138671875e+01
1.693600082397460938e+01
1.617799987792968750e+02
8.736699676513671875e+01
1.869400024414062500e+01
3.819979858398437500e+02
3.338600158691406250e+01
4.743000030517578125e+01
2.182799911499023438e+01
2.243529968261718750e+02
8.620800018310546875e+01
1.011100006103515625e+01
2.210700035095214844e+01
1.599899959564208984e+01
1.027210006713867188e+02
2.039000034332275391e+00
1.393489990234375000e+02
5.986000061035156250e+00
4.369499969482421875e+01
1.593840026855468750e+02
6.067800140380859375e+01
2.155400085449218750e+01
8.956099700927734375e+01
1.349400043487548828e+01
1.201979980468750000e+02
5.472000122070312500e+01
7.510500335693359375e+01
6.436799621582031250e+01
1.761540069580078125e+02
1.634399986267089844e+01
1.295699977874755859e+01
2.954400062561035156e+01
3.955300140380859375e+01
6.503900146484375000e+01
9.571399688720703125e+01
5.856000137329101562e+01
2.714100074768066406e+01
