8.838000297546386719e+00
5.752999782562255859e+00
9.039999961853027344e+00
2.282699966430664062e+01
5.118000030517578125e+00
7.899400329589843750e+01
1.565339965820312500e+02
1.345600032806396484e+01
2.906299972534179688e+01
8.795999526977539062e+00
1.100100021362304688e+02
2.209000110626220703e+00
3.611700057983398438e+01
1.709360046386718750e+02
8.701999664306640625e+01
2.794199943542480469e+01
3.240800094604492188e+01
1.001500034332275391e+01
5.126999855041503906e+00
1.480390014648437500e+02
3.207000017166137695e+00
1.817400054931640625e+02
4.668099975585937500e+01
4.461299896240234375e+01
1.489239959716796875e+02
2.378000020980834961e+00
1.028800010681152344e+01
1.361929931640625000e+02
6.773400115966796875e+01
3.280599975585937500e+02
4.881000041961669922e+00
1.367819976806640625e+02
1.251299953460693359e+01
6.605200195312500000e+01
4.243999958038330078e+00
5.280000209808349609e+00
6.262000083923339844e+00
8.071099853515625000e+01
1.184670028686523438e+02
2.407600021362304688e+01
1.510999965667724609e+01
1.416399955749511719e+01
1.003570022583007812e+02
7.777999877929687500e+00
7.264999866485595703e+00
1.401569976806640625e+02
3.162199974060058594e+01
2.495000076293945312e+01
2.296000003814697266e+00
3.654600143432617188e+01
1.257800006866455078e+01
1.979239959716796875e+02
9.623999595642089844e+00
3.589899826049804688e+01
2.302599906921386719e+01
4.251900100708007812e+01
2.390820007324218750e+02
7.677400207519531250e+01
3.820000000000000000e+02
9.920099639892578125e+01
1.889069976806640625e+02
5.965700149536132812e+01
4.761100006103515625e+01
4.212599945068359375e+01
9.637999534606933594e+00
2.151799964904785156e+01
1.360599994659423828e+01
9.755999755859375000e+01
7.477000236511230469e+00
8.347999572753906250e+00
7.646700286865234375e+01
3.211199951171875000e+01
2.703199958801269531e+01
2.993499946594238281e+01
3.302199935913085938e+01
2.584809875488281250e+02
2.712299919128417969e+01
2.999300003051757812e+01
9.229000091552734375e+00
4.928999900817871094e+00
1.469499969482421875e+01
4.348000049591064453e+00
4.665100097656250000e+01
2.346840057373046875e+02
7.276999950408935547e+00
5.453000068664550781e+00
2.476999998092651367e+00
3.121500015258789062e+01
6.633399963378906250e+01
2.948800086975097656e+01
4.330599975585937500e+01
6.321000099182128906e+00
1.096700000762939453e+01
2.083200073242187500e+02
1.706790008544921875e+02
1.817600059509277344e+01
3.716900024414062500e+02
1.940000057220458984e+00
8.987999725341796875e+01
1.278430023193359375e+02
2.537500000000000000e+01
7.699800109863281250e+01
1.027400016784667969e+01
6.788000106811523438e+00
2.172299957275390625e+01
2.098399925231933594e+01
1.111429977416992188e+02
4.464000225067138672e+00
1.395699977874755859e+01
3.487999916076660156e+00
1.174550018310546875e+02
2.429899978637695312e+01
7.467999935150146484e+00
6.862999916076660156e+00
2.365699958801269531e+01
7.334400177001953125e+01
8.175999641418457031e+00
3.458070068359375000e+02
9.967000007629394531e+00
2.389599990844726562e+01
3.884000062942504883e+00
7.193999767303466797e+00
4.648899841308593750e+01
7.486999988555908203e+00
1.051399993896484375e+01
4.550199890136718750e+01
2.084409942626953125e+02
9.232999801635742188e+00
1.692980041503906250e+02
2.668999910354614258e+00
4.919100189208984375e+01
7.797299957275390625e+01
3.059000015258789062e+00
1.196500015258789062e+01
1.978899955749511719e+01
3.052199935913085938e+01
5.038000106811523438e+00
2.786999940872192383e+00
1.161600017547607422e+01
8.040000200271606445e-01
7.024000167846679688e+00
8.074400329589843750e+01
8.203500366210937500e+01
2.986000061035156250e+01
5.225020141601562500e+02
5.498400115966796875e+01
5.004899978637695312e+01
5.066999912261962891e+00
1.332499980926513672e+01
4.550099945068359375e+01
5.335999965667724609e+00
3.404000043869018555e+00
2.610400009155273438e+01
8.074999809265136719e+00
1.161400032043457031e+01
3.119499969482421875e+01
3.830559997558593750e+02
5.787599945068359375e+01
5.407000064849853516e+00
2.217999935150146484e+00
5.234400177001953125e+01
3.667499923706054688e+01
2.970000028610229492e+00
8.336999893188476562e+00
3.290900039672851562e+01
8.842000007629394531e+00
6.450700378417968750e+01
1.003299999237060547e+01
1.651309967041015625e+02
8.050999641418457031e+00
9.272999763488769531e+00
2.838139953613281250e+02
5.351699829101562500e+01
5.704999923706054688e+00
1.848999977111816406e+00
4.309899902343750000e+01
1.173479995727539062e+02
1.870829925537109375e+02
1.363000035285949707e+00
6.525099945068359375e+01
2.310600090026855469e+01
3.629399871826171875e+01
1.083800029754638672e+01
4.543000221252441406e+00
1.178249969482421875e+02
8.409999847412109375e+01
9.435800170898437500e+01
6.487999916076660156e+00
8.201899719238281250e+01
9.003500366210937500e+01
3.381200027465820312e+01
4.149200057983398438e+01
7.717000007629394531e+00
4.169000148773193359e+00
2.454559936523437500e+02
7.183000183105468750e+01
1.614100074768066406e+01
3.579609985351562500e+02
7.491999816894531250e+01
9.859999656677246094e+00
1.170019989013671875e+02
8.675700378417968750e+01
3.857000112533569336e+00
2.644190063476562500e+02
2.789000034332275391e+00
6.769999980926513672e+00
1.463300037384033203e+01
6.149000167846679688e+00
4.224999904632568359e+00
1.055200004577636719e+01
5.157300186157226562e+01
1.637500000000000000e+01
4.506399917602539062e+01
4.281000137329101562e+00
6.224800109863281250e+01
1.207100009918212891e+01
7.399800109863281250e+01
1.118580017089843750e+02
1.255410003662109375e+02
8.096099853515625000e+01
4.686999797821044922e+00
1.987100028991699219e+01
8.717299652099609375e+01
3.700999975204467773e+00
5.369900131225585938e+01
9.971199798583984375e+01
5.348300170898437500e+01
1.151250000000000000e+02
2.693400001525878906e+01
1.485859985351562500e+02
5.335999965667724609e+00
7.735000133514404297e+00
2.310350036621093750e+02
4.707899856567382812e+01
4.780000209808349609e+00
5.635750122070312500e+02
1.943860015869140625e+02
1.426199951171875000e+02
4.456999778747558594e+00
7.958000183105468750e+00
5.332199859619140625e+01
1.302299976348876953e+01
4.342000007629394531e+00
7.669000244140625000e+01
2.022089996337890625e+02
9.958000183105468750e+00
6.980999946594238281e+00
1.429800033569335938e+01
4.376800155639648438e+01
1.120709991455078125e+02
6.509799957275390625e+01
1.630999946594238281e+01
1.537169952392578125e+02
5.870100021362304688e+01
1.072669982910156250e+02
3.115299987792968750e+01
4.900799942016601562e+01
1.205419998168945312e+02
1.699510040283203125e+02
6.425900268554687500e+01
3.059700012207031250e+01
6.258999824523925781e+00
9.482299804687500000e+01
1.670599937438964844e+01
5.084799957275390625e+01
4.053400039672851562e+01
1.603199958801269531e+01
1.253800010681152344e+01
5.347700119018554688e+01
3.486999893188476562e+01
2.472699928283691406e+01
1.832429962158203125e+02
1.839599990844726562e+01
1.315000057220458984e+00
2.951679992675781250e+02
5.048999786376953125e+00
9.509999752044677734e-01
1.087100028991699219e+01
1.523900032043457031e+01
1.358040008544921875e+02
1.827099990844726562e+01
1.881399917602539062e+01
2.121500015258789062e+01
2.944300079345703125e+01
4.314000129699707031e+00
3.655999898910522461e+00
6.472000122070312500e+00
1.188550033569335938e+02
7.849999904632568359e+00
1.994859924316406250e+02
2.422050018310546875e+02
7.680000066757202148e-01
5.225899887084960938e+01
5.383100128173828125e+01
1.488999962806701660e+00
4.206000137329101562e+01
5.559000015258789062e+00
2.876530151367187500e+02
3.286100006103515625e+01
4.703999996185302734e+00
2.245899963378906250e+01
2.972100067138671875e+01
1.610000038146972656e+01
4.776000022888183594e+00
1.139000034332275391e+01
3.917300033569335938e+01
1.725600051879882812e+01
8.374600219726562500e+01
1.100100040435791016e+01
3.829100036621093750e+01
8.539999723434448242e-01
2.847400093078613281e+01
1.485820007324218750e+02
5.790200042724609375e+01
2.184999942779541016e+00
9.277999877929687500e+00
3.855999946594238281e+00
1.032610015869140625e+02
1.196199989318847656e+01
9.487999916076660156e+00
1.173550033569335938e+02
1.633600044250488281e+01
5.156499862670898438e+01
8.350000000000000000e+01
1.297099971771240234e+01
1.927099990844726562e+01
2.651999950408935547e+00
1.072000026702880859e+00
4.142000198364257812e+00
2.747500038146972656e+01
1.175100040435791016e+01
1.995749969482421875e+02
1.415189971923828125e+02
1.652700042724609375e+01
3.600999832153320312e+01
1.048130035400390625e+02
3.754800033569335938e+01
9.054399871826171875e+01
1.086499977111816406e+01
2.123399925231933594e+01
6.501899719238281250e+01
8.239000320434570312e+00
9.840999603271484375e+00
3.960100173950195312e+01
1.063590011596679688e+02
1.874399948120117188e+01
2.424000024795532227e+00
2.759999990463256836e+00
5.040999889373779297e+00
2.411000013351440430e+00
5.436999893188476562e+01
6.591600036621093750e+01
7.657999992370605469e+00
2.175099945068359375e+01
1.414000034332275391e+00
1.223880004882812500e+02
1.070199966430664062e+01
5.977000045776367188e+01
1.102499961853027344e+01
9.213999748229980469e+00
1.123999977111816406e+01
8.220000267028808594e+00
1.474600028991699219e+01
9.102400207519531250e+01
9.337500000000000000e+01
1.104399967193603516e+01
2.501529998779296875e+02
1.665339965820312500e+02
3.273999929428100586e+00
2.438199996948242188e+01
2.546999931335449219e+00
4.967000007629394531e+00
1.714499969482421875e+02
2.048699951171875000e+01
1.162570037841796875e+02
1.280570068359375000e+02
2.874799919128417969e+01
3.213000059127807617e+00
9.646499633789062500e+01
1.345720062255859375e+02
8.695700073242187500e+01
1.861300086975097656e+01
7.123400115966796875e+01
2.167310028076171875e+02
2.021599960327148438e+01
1.822900009155273438e+01
2.649500083923339844e+01
1.237600040435791016e+01
2.236999988555908203e+00
6.019200134277343750e+01
5.278300094604492188e+01
8.379100036621093750e+01
3.654999923706054688e+01
3.767200088500976562e+01
3.145000076293945312e+01
5.723000049591064453e+00
8.009700012207031250e+01
1.706299972534179688e+01
1.061999988555908203e+01
1.922000050544738770e+00
4.570000171661376953e+00
6.129700088500976562e+01
3.490399932861328125e+01
3.328499984741210938e+01
3.270999908447265625e+00
2.411899948120117188e+01
1.597000002861022949e+00
5.496599960327148438e+01
3.082000017166137695e+00
1.006299972534179688e+02
5.371870117187500000e+02
1.053929977416992188e+02
1.654999971389770508e+00
1.000210037231445312e+02
1.985930023193359375e+02
8.956999778747558594e+00
9.871299743652343750e+01
3.332000017166137695e+00
2.058000087738037109e+00
1.455930023193359375e+02
1.459799957275390625e+01
3.759000062942504883e+00
1.796000003814697266e+00
6.139999866485595703e+00
8.747100067138671875e+01
3.659859924316406250e+02
1.896599960327148438e+01
2.670100021362304688e+01
3.996200180053710938e+01
5.027999877929687500e+00
4.655400085449218750e+01
2.593499946594238281e+01
4.791099929809570312e+01
1.300300025939941406e+01
2.169920043945312500e+02
1.953209991455078125e+02
2.695599937438964844e+01
3.070800018310546875e+01
3.494300079345703125e+01
1.786499977111816406e+01
4.427299880981445312e+01
7.002960205078125000e+02
1.247000026702880859e+01
1.708799934387207031e+01
2.608229980468750000e+02
7.402999877929687500e+00
1.555000000000000000e+02
6.545000076293945312e+00
3.627999877929687500e+01
1.039200019836425781e+01
6.243299865722656250e+01
3.270299911499023438e+01
5.716899871826171875e+01
1.157929992675781250e+02
7.719699859619140625e+01
4.010000228881835938e+00
8.847699737548828125e+01
3.554700088500976562e+01
2.247610015869140625e+02
8.579699707031250000e+01
4.824999809265136719e+00
3.614599990844726562e+01
1.710000038146972656e+00
4.966000080108642578e+00
9.416000366210937500e+00
1.662500000000000000e+01
3.930999994277954102e+00
3.597200012207031250e+01
4.070199966430664062e+01
6.386000156402587891e+00
1.574199962615966797e+01
2.989999949932098389e-01
3.323400115966796875e+01
2.021599960327148438e+01
1.149499988555908203e+01
1.208440017700195312e+02
2.336100006103515625e+01
1.234599971771240234e+01
6.753399658203125000e+01
6.264699935913085938e+01
5.508999824523925781e+00
1.370699977874755859e+01
1.186920013427734375e+02
1.366829986572265625e+02
3.317200088500976562e+01
1.340579986572265625e+02
4.222000122070312500e+00
7.753700256347656250e+01
4.333000183105468750e+00
3.550799942016601562e+01
7.342000007629394531e+00
1.633799934387207031e+01
2.305410003662109375e+02
2.556999921798706055e+00
3.490399932861328125e+01
7.963999938964843750e+01
4.670000076293945312e+00
1.963999986648559570e+00
1.820999979972839355e+00
2.336899948120117188e+01
2.709000110626220703e+00
6.131000041961669922e+00
1.685300064086914062e+01
1.063600006103515625e+02
1.503299999237060547e+01
5.241699981689453125e+01
5.577000045776367188e+01
8.350000381469726562e+00
1.041940002441406250e+02
9.339499664306640625e+01
3.325000000000000000e+01
6.205999851226806641e+00
2.901999950408935547e+00
4.385000228881835938e+00
2.076099967956542969e+01
6.585000038146972656e+00
2.174000024795532227e+00
2.001300048828125000e+01
2.277700042724609375e+01
7.671000003814697266e+00
8.439900207519531250e+01
1.256549987792968750e+02
7.188899993896484375e+01
2.625870056152343750e+02
4.864999771118164062e+00
1.607359924316406250e+02
4.086199951171875000e+01
5.986000061035156250e+00
2.163199996948242188e+01
1.912559967041015625e+02
2.091479949951171875e+02
6.156900024414062500e+01
2.232900047302246094e+01
1.703240051269531250e+02
7.116000175476074219e+00
7.481600189208984375e+01
3.664099884033203125e+01
2.481609954833984375e+02
3.386299896240234375e+01
1.809999942779541016e+00
1.242850036621093750e+02
1.126999974250793457e+00
8.190299987792968750e+01
2.319499969482421875e+01
3.612999916076660156e+00
7.528999805450439453e+00
4.282000064849853516e+00
5.616099929809570312e+01
4.803699874877929688e+01
1.543869934082031250e+02
1.922270050048828125e+02
5.113100051879882812e+01
1.090600013732910156e+01
6.657999992370605469e+00
2.105540008544921875e+02
1.120729980468750000e+02
3.287400054931640625e+01
9.078000068664550781e+00
1.728499984741210938e+01
3.712500000000000000e+01
2.372999906539916992e+00
4.511500167846679688e+01
1.429199981689453125e+01
8.554900360107421875e+01
1.553499984741210938e+01
6.684000015258789062e+00
4.698999881744384766e+00
1.586909942626953125e+02
8.987999916076660156e+00
1.755900001525878906e+01
4.230899810791015625e+01
8.885999679565429688e+00
7.059999942779541016e+00
3.498099899291992188e+01
6.946499633789062500e+01
5.957300186157226562e+01
7.375000000000000000e+00
9.730999946594238281e+00
7.694400024414062500e+01
3.100329895019531250e+02
1.241839981079101562e+02
1.721500015258789062e+01
5.004000186920166016e+00
1.204500007629394531e+01
7.914999961853027344e+00
2.811300086975097656e+01
2.421320037841796875e+02
1.619499969482421875e+01
4.949800109863281250e+01
4.588499832153320312e+01
7.142000198364257812e+00
1.911000061035156250e+01
1.498999953269958496e+00
5.959000110626220703e+00
7.177000045776367188e+00
1.012060012817382812e+02
5.661500167846679688e+01
1.132800006866455078e+01
2.620899963378906250e+01
4.181499862670898438e+01
9.916000366210937500e+01
1.081979980468750000e+02
1.476900005340576172e+01
3.492000102996826172e+00
5.447600173950195312e+01
2.477530059814453125e+02
2.151999950408935547e+00
7.240699768066406250e+01
7.137599945068359375e+01
5.648300170898437500e+01
9.071999549865722656e+00
5.090000152587890625e+00
8.758999824523925781e+00
1.069339981079101562e+02
7.061100006103515625e+01
2.043899917602539062e+01
4.707500076293945312e+01
1.368650054931640625e+02
2.931900024414062500e+01
6.284199905395507812e+01
3.005539855957031250e+02
5.713299942016601562e+01
8.145999908447265625e+00
4.993500137329101562e+01
2.409099960327148438e+01
1.102799987792968750e+01
1.845999908447265625e+01
3.599200057983398438e+01
2.456599998474121094e+01
3.532999992370605469e+00
8.000199890136718750e+01
1.712000012397766113e+00
1.555999994277954102e+00
1.419999957084655762e+00
3.880299987792968750e+02
3.135799980163574219e+01
2.275000095367431641e+00
1.087259979248046875e+02
3.999000072479248047e+00
4.331499862670898438e+01
3.253400039672851562e+01
2.625220031738281250e+02
3.348600006103515625e+01
1.737380065917968750e+02
5.331999778747558594e+00
2.678300094604492188e+01
9.206500244140625000e+01
4.792599868774414062e+01
1.711219940185546875e+02
6.438800048828125000e+01
4.315599822998046875e+01
5.604299926757812500e+01
4.653999805450439453e+00
7.835999965667724609e+00
2.553499984741210938e+01
1.228400039672851562e+01
2.574760131835937500e+02
5.231999874114990234e+00
2.634999990463256836e+00
6.165999889373779297e+00
2.662599945068359375e+01
1.066230010986328125e+02
5.552199935913085938e+01
7.912000179290771484e+00
5.704999923706054688e+00
6.374000072479248047e+00
1.445679931640625000e+02
8.926699829101562500e+01
1.664299964904785156e+01
1.981699943542480469e+01
5.535999774932861328e+00
1.106740036010742188e+02
4.259299850463867188e+01
1.607500076293945312e+01
9.053999900817871094e+00
9.454999923706054688e+00
1.913699913024902344e+01
1.496599960327148438e+01
1.343890075683593750e+02
3.000999927520751953e+00
1.583059997558593750e+02
1.172999954223632812e+01
3.039999961853027344e+00
7.095200347900390625e+01
1.383289947509765625e+02
1.849699974060058594e+01
8.192000389099121094e+00
9.741799926757812500e+01
1.828300094604492188e+01
2.329409942626953125e+02
9.225000000000000000e+01
2.096800041198730469e+01
4.440999984741210938e+00
1.291899967193603516e+01
5.197999954223632812e+00
3.139500045776367188e+01
1.779000043869018555e+00
1.550999999046325684e+00
3.556999921798706055e+00
1.365799999237060547e+01
6.901999950408935547e+00
3.597299957275390625e+01
2.502000093460083008e+00
6.584100341796875000e+01
1.177890014648437500e+02
5.331999778747558594e+00
9.990000128746032715e-01
8.211999893188476562e+00
1.456799983978271484e+01
3.861999988555908203e+00
8.217000007629394531e+00
8.216400146484375000e+01
4.382400131225585938e+01
7.725499725341796875e+01
8.451000213623046875e+00
7.352600097656250000e+01
1.451599979400634766e+01
9.046999931335449219e+00
5.173600006103515625e+01
1.998999953269958496e+00
1.386299991607666016e+01
1.678670043945312500e+02
1.153699970245361328e+01
2.535000038146972656e+01
2.061349945068359375e+02
6.853000164031982422e+00
2.851999998092651367e+00
1.326609954833984375e+02
4.525000095367431641e+00
4.898300170898437500e+01
2.059399986267089844e+01
4.607999801635742188e+00
1.247000026702880859e+01
8.487000465393066406e+00
5.203300094604492188e+01
6.480000019073486328e-01
3.437799835205078125e+01
6.215000152587890625e+00
4.752000045776367188e+01
7.314800262451171875e+01
2.544700050354003906e+01
4.357999801635742188e+00
5.328000068664550781e+00
5.525199890136718750e+01
6.657000064849853516e+00
3.752000093460083008e+00
4.775000000000000000e+01
7.657999992370605469e+00
7.957499694824218750e+01
8.145000457763671875e+00
2.124300003051757812e+01
2.136959991455078125e+02
4.203900146484375000e+01
2.057350006103515625e+02
5.846000194549560547e+00
3.837630004882812500e+02
4.649630126953125000e+02
1.654000043869018555e+00
7.610900115966796875e+01
5.005099868774414062e+01
3.861999893188476562e+01
3.684999847412109375e+01
3.302999973297119141e+00
5.538899993896484375e+01
1.969599914550781250e+01
5.171999931335449219e+00
1.833499908447265625e+01
1.348200035095214844e+01
3.758100128173828125e+01
1.587000012397766113e+00
3.154000043869018555e+00
4.708499908447265625e+01
3.467000007629394531e+00
1.388199996948242188e+01
8.918499755859375000e+01
3.304230041503906250e+02
1.008440017700195312e+02
6.052999973297119141e+00
7.131500244140625000e+01
3.370600128173828125e+01
4.381999969482421875e+00
7.680000066757202148e-01
6.788000106811523438e+00
9.013700103759765625e+01
1.619320068359375000e+02
2.218700027465820312e+01
1.922120056152343750e+02
3.217800140380859375e+01
1.251660003662109375e+02
2.167100067138671875e+02
3.358399963378906250e+01
3.618999958038330078e+00
1.513099956512451172e+01
2.266500091552734375e+01
6.068099975585937500e+01
1.390540008544921875e+02
1.032360000610351562e+02
8.385999679565429688e+00
2.421000003814697266e+00
1.256139984130859375e+02
1.358199977874755859e+01
1.367389984130859375e+02
2.546599960327148438e+01
8.609700012207031250e+01
1.529969940185546875e+02
8.071999549865722656e+00
2.203999996185302734e+00
2.029920043945312500e+02
1.636809997558593750e+02
8.883999824523925781e+00
3.865999937057495117e+00
5.192999839782714844e+00
1.800330047607421875e+02
4.326000213623046875e+00
3.632199859619140625e+01
2.792999982833862305e+00
5.538800048828125000e+01
3.367399978637695312e+01
2.523999977111816406e+01
6.797999858856201172e+00
2.507599945068359375e+02
6.887500000000000000e+01
2.071000099182128906e+00
1.154999971389770508e+00
2.093099975585937500e+01
4.703999996185302734e+00
1.798600006103515625e+01
3.213999938964843750e+01
8.574000358581542969e+00
3.404000043869018555e+00
7.201000213623046875e+00
2.214999914169311523e+00
2.343000030517578125e+01
2.544000053405761719e+01
1.282700042724609375e+02
3.171000003814697266e+00
9.583999633789062500e+00
1.075100040435791016e+01
3.559999942779541016e+00
5.898699951171875000e+01
1.643700027465820312e+01
1.035400009155273438e+01
4.606999874114990234e+00
2.371000051498413086e+00
8.513999938964843750e+00
3.757999897003173828e+00
2.600200080871582031e+01
1.882019958496093750e+02
6.534799957275390625e+01
3.374320068359375000e+02
4.052600097656250000e+01
1.529300022125244141e+01
8.449000358581542969e+00
8.600000381469726562e+00
1.601880035400390625e+02
1.345090026855468750e+02
1.229399967193603516e+01
1.270159988403320312e+02
6.828099822998046875e+01
3.582899856567382812e+01
8.350199890136718750e+01
2.260999917984008789e+00
9.397000312805175781e+00
6.657999992370605469e+00
8.100900268554687500e+01
1.233600044250488281e+01
7.719899749755859375e+01
1.664699935913085938e+01
1.058759994506835938e+02
2.286199951171875000e+01
5.320000171661376953e+00
1.487800025939941406e+01
3.775000095367431641e+00
2.682399940490722656e+01
1.206289978027343750e+02
7.554999828338623047e+00
2.848000049591064453e+00
1.092669982910156250e+02
1.585679931640625000e+02
4.173810119628906250e+02
1.247500038146972656e+01
4.763999938964843750e+00
1.986199951171875000e+02
3.534400177001953125e+01
2.658590087890625000e+02
5.058000087738037109e+00
2.713000059127807617e+00
3.271099853515625000e+01
2.117700042724609375e+02
1.401000022888183594e+00
7.608300018310546875e+01
1.234099960327148438e+01
8.079000473022460938e+00
1.944199943542480469e+01
5.437900161743164062e+01
2.492799949645996094e+01
1.299409942626953125e+02
2.170000076293945312e+00
9.397000312805175781e+00
1.634900093078613281e+01
2.238470001220703125e+02
5.933000087738037109e+00
3.407000064849853516e+00
5.375699996948242188e+01
1.313799953460693359e+01
7.757900238037109375e+01
9.027999877929687500e+01
3.413000106811523438e+00
1.379069976806640625e+02
2.272800064086914062e+01
6.081200027465820312e+01
4.118000030517578125e+00
8.236100006103515625e+01
1.226240005493164062e+02
2.531699943542480469e+01
3.532799911499023438e+01
1.249240036010742188e+02
1.841349945068359375e+02
6.978900146484375000e+01
4.959000110626220703e+00
8.218000411987304688e+00
7.125000000000000000e+01
1.687000036239624023e+00
7.054999828338623047e+00
4.866000175476074219e+00
1.001269989013671875e+02
1.750499916076660156e+01
4.438199996948242188e+01
3.750899887084960938e+01
1.764399909973144531e+01
2.042000055313110352e+00
7.910000085830688477e-01
1.421470031738281250e+02
1.726739959716796875e+02
4.427000045776367188e+00
1.344499969482421875e+01
1.516159973144531250e+02
2.826419982910156250e+02
8.012999534606933594e+00
3.806299972534179688e+01
8.816699981689453125e+01
7.653600311279296875e+01
1.149800033569335938e+02
1.165380020141601562e+02
4.160999774932861328e+00
3.036000061035156250e+01
6.145199966430664062e+01
3.286600112915039062e+01
3.116699981689453125e+01
1.753100013732910156e+01
6.612699890136718750e+01
1.094299983978271484e+01
5.492499923706054688e+01
3.642999887466430664e+00
5.834000110626220703e+00
1.988999962806701660e+00
2.594750061035156250e+02
4.992300033569335938e+01
2.374099922180175781e+01
3.412900161743164062e+01
1.794000053405761719e+01
7.974999904632568359e+00
1.728999972343444824e+00
5.469999790191650391e+00
2.307799911499023438e+01
1.519499969482421875e+01
3.901100158691406250e+01
5.882999897003173828e+00
1.985099983215332031e+01
1.198200035095214844e+01
1.153040008544921875e+02
3.617800140380859375e+01
1.907440032958984375e+02
1.538199996948242188e+01
6.659999847412109375e+00
1.571500015258789062e+01
2.017400054931640625e+02
1.343999958038330078e+01
9.501000213623046875e+01
2.652700042724609375e+01
7.165999889373779297e+00
1.752960052490234375e+02
4.931999969482421875e+01
1.051099967956542969e+01
2.228860015869140625e+02
1.411900043487548828e+01
3.572000026702880859e+00
1.764709930419921875e+02
7.488999843597412109e+00
1.667059936523437500e+02
4.178099822998046875e+01
1.718000054359436035e+00
4.679379882812500000e+02
1.729599952697753906e+01
3.504800033569335938e+01
2.868799972534179688e+01
1.006200027465820312e+01
1.208199977874755859e+01
2.229880065917968750e+02
9.180999755859375000e+00
