6.625980224609375000e+02
4.851499938964843750e+02
2.319822021484375000e+03
3.616802978515625000e+03
3.574771972656250000e+03
2.735741943359375000e+03
1.909676025390625000e+03
6.350632812500000000e+03
2.167132080078125000e+03
6.749299621582031250e+01
3.251319885253906250e+02
4.147436035156250000e+03
2.699136962890625000e+03
2.775269042968750000e+03
2.401512939453125000e+03
1.548454956054687500e+03
1.256675048828125000e+03
2.611471923828125000e+03
8.381710205078125000e+02
9.348599609375000000e+03
1.421160034179687500e+03
2.761149902343750000e+03
6.014799804687500000e+02
2.904049987792968750e+02
4.383280761718750000e+03
3.624263916015625000e+03
4.449030151367187500e+02
1.064558959960937500e+03
5.907272949218750000e+03
4.582898925781250000e+03
7.086982910156250000e+03
3.131156005859375000e+03
5.129981933593750000e+03
7.826767089843750000e+03
4.487375976562500000e+03
5.952176757812500000e+03
9.318530273437500000e+02
1.339512939453125000e+03
1.493654052734375000e+03
3.237062988281250000e+03
1.787448974609375000e+03
3.210993896484375000e+03
5.618239746093750000e+02
4.410849914550781250e+02
7.293809814453125000e+02
2.373020996093750000e+03
6.916199951171875000e+02
9.971610107421875000e+02
1.120092041015625000e+03
1.351317871093750000e+04
2.862247070312500000e+03
3.382531005859375000e+03
1.699895996093750000e+03
1.322832031250000000e+03
1.341688378906250000e+04
9.635954101562500000e+03
3.557977050781250000e+03
5.703579101562500000e+03
2.772715087890625000e+03
1.084409057617187500e+03
6.961301757812500000e+03
3.595142089843750000e+03
6.150926757812500000e+03
3.472395019531250000e+03
3.473507080078125000e+03
9.495802734375000000e+03
2.029547973632812500e+03
5.777999877929687500e+01
3.888467041015625000e+03
4.541952148437500000e+03
1.544282958984375000e+03
9.115250244140625000e+02
4.481676757812500000e+03
2.185144042968750000e+03
2.150413085937500000e+03
1.281942993164062500e+03
4.177500976562500000e+03
5.911886230468750000e+03
2.625144042968750000e+03
2.869824951171875000e+03
3.465530090332031250e+02
1.997374023437500000e+03
9.142250000000000000e+03
4.129355957031250000e+03
3.088086914062500000e+03
1.019193969726562500e+03
2.407995117187500000e+03
2.399709930419921875e+02
2.797340087890625000e+02
3.497227050781250000e+03
6.849463867187500000e+03
3.345604980468750000e+03
3.448869934082031250e+02
3.538050048828125000e+03
6.301859741210937500e+02
6.315038085937500000e+03
2.894124023437500000e+03
2.288062988281250000e+03
5.596230957031250000e+03
4.368989868164062500e+02
3.303099975585937500e+02
2.239843017578125000e+03
5.684078125000000000e+03
4.329588867187500000e+03
5.591478027343750000e+03
4.900986816406250000e+03
5.116953125000000000e+03
6.426228027343750000e+03
6.358544921875000000e+03
3.125133056640625000e+03
3.588469848632812500e+02
1.313844042968750000e+04
4.022980041503906250e+02
3.554662109375000000e+03
2.597643066406250000e+03
3.762585937500000000e+03
1.048671020507812500e+03
5.997286132812500000e+03
7.046833984375000000e+03
8.443428710937500000e+03
4.623975097656250000e+03
5.766459960937500000e+03
2.776916015625000000e+03
7.620909179687500000e+03
9.591446289062500000e+03
5.820499023437500000e+03
1.945755004882812500e+03
2.039844970703125000e+03
4.133880004882812500e+02
8.932072265625000000e+03
5.347085937500000000e+03
2.843354980468750000e+03
6.150059814453125000e+02
4.409278808593750000e+03
4.834849853515625000e+02
4.774100036621093750e+02
3.078190002441406250e+02
4.730939941406250000e+02
2.878736083984375000e+03
1.244105859375000000e+04
9.488909912109375000e+02
2.984874023437500000e+03
8.012819824218750000e+02
5.940440063476562500e+02
3.672814941406250000e+03
5.306571777343750000e+03
3.636771972656250000e+03
2.866794921875000000e+03
5.026176757812500000e+03
1.145611523437500000e+04
2.682812011718750000e+03
1.443563964843750000e+03
8.572084960937500000e+03
1.558809967041015625e+02
1.309468945312500000e+04
2.609958984375000000e+03
2.285947021484375000e+03
4.101090087890625000e+02
4.793181152343750000e+03
9.109428710937500000e+03
5.442583984375000000e+03
2.510344970703125000e+03
5.983416015625000000e+03
1.250982055664062500e+03
1.679717041015625000e+03
1.453212036132812500e+03
8.335469970703125000e+02
3.321270141601562500e+02
5.836920898437500000e+03
6.881580200195312500e+02
4.996194824218750000e+03
3.521884033203125000e+03
5.593624023437500000e+03
1.642187011718750000e+03
1.151170800781250000e+04
2.551199951171875000e+03
2.852082031250000000e+03
7.844050292968750000e+02
8.692179687500000000e+03
4.627080078125000000e+02
6.668627929687500000e+03
7.053790283203125000e+02
8.581617187500000000e+03
2.244686035156250000e+03
3.461961914062500000e+03
8.078969726562500000e+02
2.884699951171875000e+03
3.014331054687500000e+03
1.979299926757812500e+02
2.291029052734375000e+03
1.212427832031250000e+04
3.420670898437500000e+03
4.462223144531250000e+03
1.047417968750000000e+03
7.179454101562500000e+03
1.872967041015625000e+03
3.271369934082031250e+02
1.611308959960937500e+03
7.941610107421875000e+02
2.420204101562500000e+03
3.067030029296875000e+03
2.070525878906250000e+03
2.218049926757812500e+02
6.393610229492187500e+02
4.441068847656250000e+03
5.947499847412109375e+01
1.332306347656250000e+04
3.438563964843750000e+03
2.781986083984375000e+03
1.143409057617187500e+03
5.345750122070312500e+02
4.164977050781250000e+03
1.197360961914062500e+03
7.397571777343750000e+03
3.920138916015625000e+03
7.164623046875000000e+03
6.533292968750000000e+03
1.974208984375000000e+03
2.779483886718750000e+03
3.413310058593750000e+03
3.792020996093750000e+03
4.273217773437500000e+03
1.563503051757812500e+03
1.628199958801269531e+01
8.109115234375000000e+03
3.541352050781250000e+03
7.673443847656250000e+03
1.063895996093750000e+03
8.072755859375000000e+03
1.926526000976562500e+03
2.816950927734375000e+03
2.826278076171875000e+03
7.679644042968750000e+03
1.510520019531250000e+02
5.017524902343750000e+03
6.108209838867187500e+02
2.533568115234375000e+03
1.169374023437500000e+03
3.297146972656250000e+03
1.417579956054687500e+02
3.618059997558593750e+02
1.134053955078125000e+03
2.059091064453125000e+03
4.996486816406250000e+03
2.966806884765625000e+03
2.479873046875000000e+03
4.768609924316406250e+02
7.547189941406250000e+02
1.864510040283203125e+02
1.086500015258789062e+02
6.959710083007812500e+02
1.166821044921875000e+03
2.910238037109375000e+03
1.458760253906250000e+04
8.240956054687500000e+03
1.337687890625000000e+04
8.990390014648437500e+02
2.988540039062500000e+03
2.499832031250000000e+03
4.945660095214843750e+02
6.780280151367187500e+02
2.874248046875000000e+03
4.497264160156250000e+03
2.456014892578125000e+03
1.427619018554687500e+03
3.981359863281250000e+02
2.242375000000000000e+03
7.110936035156250000e+03
1.349737060546875000e+03
6.117416992187500000e+03
6.759489746093750000e+02
1.804149932861328125e+02
9.593840820312500000e+03
1.091954101562500000e+04
3.074159912109375000e+03
4.474730957031250000e+03
1.087090942382812500e+03
4.065281982421875000e+03
1.172968017578125000e+03
1.589780029296875000e+03
5.370440063476562500e+02
5.564559936523437500e+02
6.759429931640625000e+02
1.609496484375000000e+04
4.645880126953125000e+02
3.352650878906250000e+03
4.139461914062500000e+03
2.972951904296875000e+03
1.048067993164062500e+03
4.359249023437500000e+03
4.856285156250000000e+03
7.605130004882812500e+02
5.137919921875000000e+02
1.395244995117187500e+03
3.309812011718750000e+03
2.272642089843750000e+03
4.456419921875000000e+03
1.101862500000000000e+04
2.100298095703125000e+03
6.743537109375000000e+03
3.218235107421875000e+03
9.641300048828125000e+02
8.313499755859375000e+02
4.031868896484375000e+03
1.788464965820312500e+03
1.149243041992187500e+03
2.523053955078125000e+03
1.819608032226562500e+03
3.876910888671875000e+03
8.439606445312500000e+03
2.407646972656250000e+03
3.037290039062500000e+02
2.135875976562500000e+03
1.279946044921875000e+03
1.469485839843750000e+04
4.751853027343750000e+03
8.656409912109375000e+02
2.343763916015625000e+03
3.066719970703125000e+02
7.385434082031250000e+03
2.047990966796875000e+03
5.539509887695312500e+02
6.544602050781250000e+03
5.363089843750000000e+03
1.592374023437500000e+03
3.069228027343750000e+03
6.377709960937500000e+02
3.750686035156250000e+03
4.720545898437500000e+03
2.117944335937500000e+04
4.492129882812500000e+03
4.925692871093750000e+03
1.183432910156250000e+04
8.473720092773437500e+02
1.044380981445312500e+03
2.226430908203125000e+03
3.218099975585937500e+02
1.210034765625000000e+04
1.870922973632812500e+03
3.740899963378906250e+02
4.081271972656250000e+03
9.759050292968750000e+02
3.019906982421875000e+03
5.827000000000000000e+03
1.266854003906250000e+03
2.439968017578125000e+03
1.578764038085937500e+03
2.500637939453125000e+03
1.362092041015625000e+03
6.647955078125000000e+03
2.147480957031250000e+03
1.067193969726562500e+03
7.457210083007812500e+02
6.088299942016601562e+01
9.112700195312500000e+02
1.003314160156250000e+04
3.534125000000000000e+03
4.137328125000000000e+03
1.639181030273437500e+03
9.678900146484375000e+02
3.723964111328125000e+03
5.415130004882812500e+02
3.441750976562500000e+03
1.037612304687500000e+04
1.825785742187500000e+04
3.995393066406250000e+03
1.260039978027343750e+02
3.007575927734375000e+03
4.217505859375000000e+03
2.842290039062500000e+02
3.191402099609375000e+03
1.500494018554687500e+03
7.418309936523437500e+02
7.013799804687500000e+03
2.864729919433593750e+02
3.349361083984375000e+03
8.824500274658203125e+01
7.158400268554687500e+02
3.824429931640625000e+02
3.557768066406250000e+03
4.460140075683593750e+02
2.861570129394531250e+02
1.218210644531250000e+04
3.835674072265625000e+03
5.182884765625000000e+03
3.055629882812500000e+02
6.374612792968750000e+03
8.473410034179687500e+02
4.138573242187500000e+03
2.716145019531250000e+03
7.134609985351562500e+02
5.448499755859375000e+02
2.403422119140625000e+03
1.409769042968750000e+03
9.651325195312500000e+03
6.898238769531250000e+03
1.851907421875000000e+04
1.628134033203125000e+03
5.258972167968750000e+03
1.545137402343750000e+04
3.556272949218750000e+03
9.449500122070312500e+02
2.363522949218750000e+03
5.093630065917968750e+02
5.973079101562500000e+03
2.192503906250000000e+03
2.881965087890625000e+03
5.541445800781250000e+03
1.909093017578125000e+03
6.703520996093750000e+03
6.802050170898437500e+02
3.262517089843750000e+03
6.944101074218750000e+03
2.676789855957031250e+02
2.819792968750000000e+03
3.379150085449218750e+02
7.343129882812500000e+02
4.149174804687500000e+03
5.004909973144531250e+02
2.124640045166015625e+02
2.814309082031250000e+03
2.598850097656250000e+02
1.118345947265625000e+03
2.015010986328125000e+03
3.064479980468750000e+03
1.382083984375000000e+03
1.801915039062500000e+03
3.177941894531250000e+03
1.161964453125000000e+04
5.039349121093750000e+03
5.047794921875000000e+03
2.402029052734375000e+03
1.505108032226562500e+03
3.088979980468750000e+03
2.060469970703125000e+03
7.388040161132812500e+02
4.287019958496093750e+02
4.534220214843750000e+03
4.123886230468750000e+03
2.403179931640625000e+03
1.965449951171875000e+03
3.769729919433593750e+02
3.167138916015625000e+03
4.136654785156250000e+03
1.280947998046875000e+03
4.813095214843750000e+03
4.596140136718750000e+02
4.013565917968750000e+03
5.860706054687500000e+03
4.079800109863281250e+02
7.686128906250000000e+03
3.403989868164062500e+02
6.631684082031250000e+03
1.291463012695312500e+03
2.974668945312500000e+03
1.951699951171875000e+03
1.196736328125000000e+04
1.840520019531250000e+02
5.390689697265625000e+02
6.678042968750000000e+03
4.369507812500000000e+03
4.933250976562500000e+03
4.997688964843750000e+03
2.764498046875000000e+03
1.366391967773437500e+03
7.752479858398437500e+02
9.165159912109375000e+02
6.266220092773437500e+02
1.660854003906250000e+03
1.614910034179687500e+03
3.299416015625000000e+03
3.914131103515625000e+03
3.259471923828125000e+03
3.023241943359375000e+03
3.061579895019531250e+02
4.276585937500000000e+03
6.088166992187500000e+03
6.833769042968750000e+03
5.886331054687500000e+03
5.443624023437500000e+03
5.037208984375000000e+03
5.572547851562500000e+03
6.117071777343750000e+03
8.055930175781250000e+02
1.619109954833984375e+02
9.446708007812500000e+03
6.311203125000000000e+03
8.758489990234375000e+02
5.126119995117187500e+02
5.976684082031250000e+03
1.311186035156250000e+03
2.880031005859375000e+03
1.000635986328125000e+03
1.092612695312500000e+04
1.379671997070312500e+03
5.930666015625000000e+03
4.741395019531250000e+03
1.158438964843750000e+03
7.503699951171875000e+02
9.065760742187500000e+03
2.107311035156250000e+03
1.306675048828125000e+03
3.937768066406250000e+03
5.690253906250000000e+03
2.238908935546875000e+03
4.821844238281250000e+03
2.734422119140625000e+03
3.149010009765625000e+03
2.655035888671875000e+03
1.332852050781250000e+03
4.008847900390625000e+03
2.792197021484375000e+03
7.829708984375000000e+03
4.733420104980468750e+02
8.609602539062500000e+03
1.831399609375000000e+04
7.783489990234375000e+02
6.291699218750000000e+03
3.120271972656250000e+03
4.268399810791015625e+01
1.424885986328125000e+03
2.653803955078125000e+03
1.112399978637695312e+02
2.282394042968750000e+03
4.445230102539062500e+02
5.087969970703125000e+02
1.090404052734375000e+03
1.508702026367187500e+03
8.995352539062500000e+03
4.145840148925781250e+02
5.539167968750000000e+03
3.444336914062500000e+03
3.713457031250000000e+03
1.701607617187500000e+04
3.078169860839843750e+02
1.596480957031250000e+03
5.044152832031250000e+03
5.447730102539062500e+02
3.082399902343750000e+02
3.300772949218750000e+03
4.684381835937500000e+03
1.870775024414062500e+03
5.211444824218750000e+03
3.405852050781250000e+03
4.271480102539062500e+02
2.925209960937500000e+02
8.957869873046875000e+02
1.863765991210937500e+03
8.067854003906250000e+03
6.911129760742187500e+02
7.058309936523437500e+02
6.033090209960937500e+02
6.782600097656250000e+03
2.004635009765625000e+03
8.167960205078125000e+02
2.921982910156250000e+03
1.785987060546875000e+03
9.149470214843750000e+02
9.449609375000000000e+03
1.317052001953125000e+03
2.908924072265625000e+03
8.318720092773437500e+02
2.339929931640625000e+03
2.095039978027343750e+02
3.938315917968750000e+03
2.361710937500000000e+03
1.784948974609375000e+03
3.102210083007812500e+02
3.632625976562500000e+03
3.230834960937500000e+03
1.803927978515625000e+03
6.287319946289062500e+02
1.047686035156250000e+03
9.237459716796875000e+02
1.731098999023437500e+03
1.280884667968750000e+04
1.946080017089843750e+02
7.961660156250000000e+02
2.807239013671875000e+03
1.540159179687500000e+04
1.753191040039062500e+03
1.187349975585937500e+03
1.985359985351562500e+03
7.731563964843750000e+03
2.989543945312500000e+03
5.424800109863281250e+01
3.720634033203125000e+03
1.658186035156250000e+03
3.665766113281250000e+03
4.685780029296875000e+02
2.585177001953125000e+03
5.424198242187500000e+03
1.143536010742187500e+03
4.910181152343750000e+03
6.773629760742187500e+02
3.322900085449218750e+02
2.074204101562500000e+03
1.749234985351562500e+03
1.275025024414062500e+03
1.966817016601562500e+03
5.441979980468750000e+03
1.709581054687500000e+03
2.042744335937500000e+04
3.966400146484375000e+02
6.435164062500000000e+03
4.307710937500000000e+03
3.343805908203125000e+03
1.385116943359375000e+03
2.667468017578125000e+03
6.507150268554687500e+02
8.652413085937500000e+03
3.157591064453125000e+03
7.910770996093750000e+03
4.999639892578125000e+02
5.935971191406250000e+03
1.177455078125000000e+04
8.411329956054687500e+02
7.712869873046875000e+02
3.567731933593750000e+03
7.925159912109375000e+02
1.508182983398437500e+03
7.124279785156250000e+02
1.554458984375000000e+03
6.539050292968750000e+02
2.146624023437500000e+03
4.166145996093750000e+03
8.919979858398437500e+02
5.688517089843750000e+03
4.058649902343750000e+03
6.101638183593750000e+03
6.731844238281250000e+03
3.586087890625000000e+03
2.061810058593750000e+03
2.311523925781250000e+03
5.822539062500000000e+03
3.717082031250000000e+03
6.579299926757812500e+01
3.013493896484375000e+03
2.092964111328125000e+03
9.835603515625000000e+03
6.496081054687500000e+03
6.212099838256835938e+01
1.318385986328125000e+03
3.974794921875000000e+03
4.369200134277343750e+02
9.214439453125000000e+03
2.288915039062500000e+03
8.042789916992187500e+02
2.243991943359375000e+03
2.590770019531250000e+03
1.555059967041015625e+02
2.838156982421875000e+03
2.937810058593750000e+02
2.502673095703125000e+03
1.058918945312500000e+03
3.369060058593750000e+02
6.000594238281250000e+03
9.956199645996093750e+01
5.517100143432617188e+01
4.591642089843750000e+03
1.716234570312500000e+04
2.098525878906250000e+03
2.582117919921875000e+03
3.307829895019531250e+02
2.609395996093750000e+03
8.511970214843750000e+02
6.047420043945312500e+02
4.207330017089843750e+02
3.533225097656250000e+03
6.880380249023437500e+02
4.320393066406250000e+03
1.680046020507812500e+03
5.730469970703125000e+02
3.761860046386718750e+02
1.106019973754882812e+02
6.834429931640625000e+02
3.389426025390625000e+03
6.834639892578125000e+02
5.537680053710937500e+02
2.975146972656250000e+03
1.163385986328125000e+03
2.988455078125000000e+03
1.131881958007812500e+03
6.517709960937500000e+02
7.365936035156250000e+03
2.513572021484375000e+03
2.074138916015625000e+03
3.126520996093750000e+03
5.560104980468750000e+03
2.129190063476562500e+02
2.103593994140625000e+03
1.857484985351562500e+03
2.251576904296875000e+03
5.394279785156250000e+02
7.907340087890625000e+02
2.748385009765625000e+03
7.907410278320312500e+02
2.662214111328125000e+03
3.798969970703125000e+03
2.799403076171875000e+03
5.217776855468750000e+03
4.532926757812500000e+03
9.923010253906250000e+02
4.859440917968750000e+03
1.098767675781250000e+04
1.866191040039062500e+03
3.089890136718750000e+02
3.501718017578125000e+03
7.571787109375000000e+03
7.576011230468750000e+03
2.387253906250000000e+03
4.551291992187500000e+03
2.920455078125000000e+03
4.846047851562500000e+03
1.457729949951171875e+02
3.473937988281250000e+03
6.095811035156250000e+03
2.334145019531250000e+03
8.155150146484375000e+02
1.330500976562500000e+03
2.674769897460937500e+02
9.322156250000000000e+03
6.018220214843750000e+02
1.062836059570312500e+03
3.948634033203125000e+03
3.151141113281250000e+03
1.264279052734375000e+03
9.200679931640625000e+02
1.116910018920898438e+02
1.794863476562500000e+04
9.278410034179687500e+02
4.486508789062500000e+03
2.723075927734375000e+03
2.897211914062500000e+03
8.413334960937500000e+03
5.730549926757812500e+02
3.685561035156250000e+03
3.599419860839843750e+02
6.054219970703125000e+02
1.714577026367187500e+03
4.904849853515625000e+02
1.134563964843750000e+03
1.995108032226562500e+03
5.909105957031250000e+03
4.988030090332031250e+02
6.553569946289062500e+02
2.437020996093750000e+03
2.400016113281250000e+03
3.396406005859375000e+03
5.711729736328125000e+02
3.644779968261718750e+02
2.915121093750000000e+03
3.380333007812500000e+03
5.455510253906250000e+02
5.457588867187500000e+03
6.872760009765625000e+02
1.677100067138671875e+02
1.798953515625000000e+04
2.855329895019531250e+02
2.681775878906250000e+03
2.091978027343750000e+03
3.601266113281250000e+03
6.648891113281250000e+03
2.268091064453125000e+03
5.144086914062500000e+03
4.783807128906250000e+03
4.643609924316406250e+02
5.368172851562500000e+03
2.103018066406250000e+03
1.142573974609375000e+03
8.769790039062500000e+02
7.662750244140625000e+02
1.414500000000000000e+03
2.122729949951171875e+02
6.204808105468750000e+03
2.465089111328125000e+03
2.634552978515625000e+03
4.092243896484375000e+03
1.582831054687500000e+03
1.129810058593750000e+03
1.036259994506835938e+02
9.045040283203125000e+02
7.588631835937500000e+03
2.767225097656250000e+03
5.599144042968750000e+03
1.055947021484375000e+03
2.720635986328125000e+03
2.278601074218750000e+03
7.148090209960937500e+02
1.675873046875000000e+03
3.073779052734375000e+03
2.749168945312500000e+03
9.274299621582031250e+01
1.216487060546875000e+03
1.810426025390625000e+03
8.510827148437500000e+03
5.174732910156250000e+03
1.138666015625000000e+03
1.038869018554687500e+03
2.416013916015625000e+03
8.367340087890625000e+02
7.693518066406250000e+03
9.364949951171875000e+02
1.113316699218750000e+04
5.190939941406250000e+02
1.705582421875000000e+04
9.621920166015625000e+02
1.359473999023437500e+03
1.761230957031250000e+03
6.695669921875000000e+03
4.684897949218750000e+03
3.236677978515625000e+03
3.951159973144531250e+02
1.024206054687500000e+03
1.031162963867187500e+03
1.137671386718750000e+04
8.955809936523437500e+02
1.366458007812500000e+03
5.323194824218750000e+03
3.702568115234375000e+03
3.366235107421875000e+03
4.502022949218750000e+03
8.968430175781250000e+02
4.116295898437500000e+03
4.292054199218750000e+03
1.359749023437500000e+03
7.775969848632812500e+02
7.662682128906250000e+03
8.179655761718750000e+03
5.961250000000000000e+02
6.174525878906250000e+03
2.446283935546875000e+03
2.814144042968750000e+03
5.627780761718750000e+03
1.778635986328125000e+03
9.297536132812500000e+03
7.761056152343750000e+03
1.232806030273437500e+03
3.022530029296875000e+03
5.127910156250000000e+02
3.562284912109375000e+03
8.846320190429687500e+02
1.016701464843750000e+04
2.639405029296875000e+03
3.932790039062500000e+03
1.001651977539062500e+03
4.845259765625000000e+03
3.913003906250000000e+03
2.773946044921875000e+03
4.573630065917968750e+02
2.605895019531250000e+03
4.920260009765625000e+02
2.644101074218750000e+03
2.404895019531250000e+03
2.544072021484375000e+03
3.475022949218750000e+03
5.317478027343750000e+03
6.252070800781250000e+03
1.139250976562500000e+03
9.901121093750000000e+03
4.325314941406250000e+03
2.787114990234375000e+03
2.606149902343750000e+03
4.179389160156250000e+03
6.697659912109375000e+02
4.275502929687500000e+03
4.575549926757812500e+02
1.302807983398437500e+03
4.266970214843750000e+03
9.540590209960937500e+02
7.502122070312500000e+03
5.897702148437500000e+03
1.141801025390625000e+03
4.937131835937500000e+03
4.467730102539062500e+02
2.129841064453125000e+03
8.687730102539062500e+02
1.426407958984375000e+03
4.955384765625000000e+03
4.119960021972656250e+02
3.588129882812500000e+03
3.479800109863281250e+02
6.854430175781250000e+03
2.246490020751953125e+02
3.375024902343750000e+03
5.320553222656250000e+03
5.655108886718750000e+03
4.759264160156250000e+03
2.609439941406250000e+03
4.696091796875000000e+03
1.316076049804687500e+03
3.124601074218750000e+03
3.803239013671875000e+03
2.004968994140625000e+03
1.404583007812500000e+03
2.529210937500000000e+03
2.664627929687500000e+03
2.939368896484375000e+03
4.381730041503906250e+02
1.481004492187500000e+04
9.394899902343750000e+02
1.175878051757812500e+03
3.622385986328125000e+03
3.789156005859375000e+03
8.643292968750000000e+03
4.693751953125000000e+03
1.680390014648437500e+02
1.803930053710937500e+03
2.877359924316406250e+02
6.278401855468750000e+03
8.682009765625000000e+03
5.988831054687500000e+03
2.806074951171875000e+03
5.018569946289062500e+02
8.561565429687500000e+03
8.684427734375000000e+03
3.150068115234375000e+03
6.011360839843750000e+03
5.840743164062500000e+03
2.864097900390625000e+03
1.332589965820312500e+03
3.535018066406250000e+03
4.933619995117187500e+02
6.639687988281250000e+03
3.309041992187500000e+03
1.166272949218750000e+03
5.504860839843750000e+03
1.742253051757812500e+03
1.000020996093750000e+03
1.075529052734375000e+03
3.057250061035156250e+02
1.401645019531250000e+03
4.429005859375000000e+03
2.173724121093750000e+03
1.705913940429687500e+03
5.225919799804687500e+02
4.801370117187500000e+03
1.671909942626953125e+02
1.514865136718750000e+04
1.396255004882812500e+03
5.952100219726562500e+02
1.645999023437500000e+03
1.317251953125000000e+03
1.993770996093750000e+03
6.938208984375000000e+03
4.119525878906250000e+03
4.230069885253906250e+02
1.166549987792968750e+02
5.138909912109375000e+02
2.437239990234375000e+02
7.275549926757812500e+02
4.678143066406250000e+03
5.904034179687500000e+03
1.157503051757812500e+03
2.358336914062500000e+03
2.040311523437500000e+04
1.004865136718750000e+04
1.244238378906250000e+04
8.264199829101562500e+02
8.311599731445312500e+01
1.515463012695312500e+03
2.754360107421875000e+03
2.670379943847656250e+02
8.415260009765625000e+02
1.552208984375000000e+03
2.594323974609375000e+03
3.479788085937500000e+03
2.449559936523437500e+02
4.131270019531250000e+03
2.366910888671875000e+03
1.117083984375000000e+03
7.400490112304687500e+02
1.988671020507812500e+03
9.281690063476562500e+02
2.889519958496093750e+02
9.730590209960937500e+02
3.045033935546875000e+03
6.033684082031250000e+03
9.840810546875000000e+03
2.180684082031250000e+03
1.604948730468750000e+04
9.185809570312500000e+03
4.410893066406250000e+03
6.679819946289062500e+02
3.326631103515625000e+03
2.465231933593750000e+03
7.151604003906250000e+03
1.554802978515625000e+03
6.650458984375000000e+03
2.134469970703125000e+03
2.180461914062500000e+03
5.702596191406250000e+03
3.162745117187500000e+03
5.965419921875000000e+02
2.030149993896484375e+02
1.868215942382812500e+03
1.530156005859375000e+03
3.804844970703125000e+03
4.880600097656250000e+03
4.911239929199218750e+02
