5.246989746093750000e+02
7.656840209960937500e+02
3.575631103515625000e+03
2.900966064453125000e+03
2.248458984375000000e+03
1.529317993164062500e+03
8.448917968750000000e+03
9.475456054687500000e+03
8.347192382812500000e+03
5.817020263671875000e+02
2.240768945312500000e+04
5.141845214843750000e+03
5.230066894531250000e+03
1.305149047851562500e+03
1.257182983398437500e+03
1.192833984375000000e+03
8.424099731445312500e+01
1.045699977874755859e+01
2.712292968750000000e+03
3.650324951171875000e+03
1.487457031250000000e+03
5.039285156250000000e+03
1.879916992187500000e+03
7.583125976562500000e+03
8.165510253906250000e+02
7.418569946289062500e+02
3.480342041015625000e+03
1.116079687500000000e+04
2.701879882812500000e+03
2.035185058593750000e+03
8.868048828125000000e+03
1.386516601562500000e+04
3.184340087890625000e+03
1.479458398437500000e+04
6.151700195312500000e+03
2.915396972656250000e+03
9.524370117187500000e+03
2.612680908203125000e+03
3.125562988281250000e+03
2.296593017578125000e+03
7.056119995117187500e+02
1.579732055664062500e+03
1.832050018310546875e+02
1.907869018554687500e+03
1.518240966796875000e+03
1.551200008392333984e+01
2.000363037109375000e+03
1.774267944335937500e+03
1.416178955078125000e+03
3.940397949218750000e+03
4.113304199218750000e+03
3.828143066406250000e+03
8.200881835937500000e+03
5.730999946594238281e+00
5.047239990234375000e+02
5.726987792968750000e+03
3.726350097656250000e+02
1.448249414062500000e+04
1.399139038085937500e+03
5.787768066406250000e+03
5.491999816894531250e+01
3.496542968750000000e+03
5.803300094604492188e+01
9.815253906250000000e+03
7.737899902343750000e+03
3.269887939453125000e+03
3.433104003906250000e+03
5.223949218750000000e+03
1.392911010742187500e+03
1.477916992187500000e+03
3.556357910156250000e+03
7.949010009765625000e+02
8.498019531250000000e+03
1.839688964843750000e+03
3.765020141601562500e+02
7.264311035156250000e+03
7.371950073242187500e+02
1.516168945312500000e+03
2.797919921875000000e+03
5.006099121093750000e+03
1.737980041503906250e+02
8.120363769531250000e+03
9.502969970703125000e+02
6.180542968750000000e+03
4.300020996093750000e+03
4.677210937500000000e+03
3.069095947265625000e+03
7.560689941406250000e+03
2.315033935546875000e+03
3.780340087890625000e+03
3.262002929687500000e+03
3.524476074218750000e+03
5.374827148437500000e+03
5.866530151367187500e+02
7.554541992187500000e+03
3.991027099609375000e+03
6.792750244140625000e+02
1.227031005859375000e+03
3.688697021484375000e+03
1.273812988281250000e+03
1.081958691406250000e+04
6.755960083007812500e+02
2.534622070312500000e+03
6.482755859375000000e+03
3.621524902343750000e+03
1.188129028320312500e+03
9.787379760742187500e+02
6.343540039062500000e+03
1.053800010681152344e+01
2.200836914062500000e+03
1.628465820312500000e+04
2.374199951171875000e+03
6.403144042968750000e+03
5.704242187500000000e+03
5.153980102539062500e+02
1.782734985351562500e+03
6.477636230468750000e+03
3.115010070800781250e+02
1.022188183593750000e+04
6.598238769531250000e+03
1.873079986572265625e+02
3.346809997558593750e+02
7.179310302734375000e+02
5.347567871093750000e+03
2.316802978515625000e+03
6.159551757812500000e+03
2.520373046875000000e+03
6.211359863281250000e+02
6.186999797821044922e+00
4.190520019531250000e+02
1.831498046875000000e+03
5.675780029296875000e+02
7.048909912109375000e+02
2.621531005859375000e+03
2.803854980468750000e+03
5.851918945312500000e+03
7.852160034179687500e+02
4.213333984375000000e+03
3.412937011718750000e+03
2.887570068359375000e+03
3.577228027343750000e+03
1.073267944335937500e+03
4.657130126953125000e+02
1.783866943359375000e+03
7.027579956054687500e+02
8.494669799804687500e+02
1.549730072021484375e+02
4.127210083007812500e+02
4.912179199218750000e+03
9.994589843750000000e+02
2.328393066406250000e+03
4.666629943847656250e+02
2.836979980468750000e+03
1.127607055664062500e+03
4.956603027343750000e+03
8.712000274658203125e+01
1.896965942382812500e+03
2.391562988281250000e+03
6.750750000000000000e+03
1.852299957275390625e+02
1.463711059570312500e+03
1.757813867187500000e+04
7.674067871093750000e+03
9.132769775390625000e+02
3.536811035156250000e+03
5.862819824218750000e+03
1.819290008544921875e+02
1.256560058593750000e+03
2.440822998046875000e+03
3.972110107421875000e+03
5.754676757812500000e+03
3.260794921875000000e+03
9.355399780273437500e+02
1.430038940429687500e+03
2.692129882812500000e+03
3.032189941406250000e+02
7.114868164062500000e+03
2.923978027343750000e+03
7.530469970703125000e+02
3.937070007324218750e+02
3.823016113281250000e+03
1.888120971679687500e+03
2.271698974609375000e+03
1.128987060546875000e+03
6.244639892578125000e+02
5.405863769531250000e+03
1.905662963867187500e+03
3.626315917968750000e+03
7.013833984375000000e+03
2.986208984375000000e+03
8.268619995117187500e+02
2.024560058593750000e+03
6.269839843750000000e+03
3.517550048828125000e+02
3.808794921875000000e+03
2.079608886718750000e+03
4.110253906250000000e+03
2.770920104980468750e+02
2.139260009765625000e+03
1.629072998046875000e+03
2.447792968750000000e+03
5.597390136718750000e+03
7.248100280761718750e+01
4.437845214843750000e+03
5.260354980468750000e+03
1.814098999023437500e+03
3.677624023437500000e+03
6.378549804687500000e+03
4.089799880981445312e+01
2.394431884765625000e+03
2.247407958984375000e+03
9.983270263671875000e+02
5.037053222656250000e+03
1.482669982910156250e+02
4.770147949218750000e+03
9.119119873046875000e+02
1.213728027343750000e+03
1.232567016601562500e+03
8.691119995117187500e+02
3.308500976562500000e+03
3.672835546875000000e+04
9.081989746093750000e+02
1.084759033203125000e+03
3.007924072265625000e+03
2.224169921875000000e+03
1.048679962158203125e+02
6.422140136718750000e+03
1.990612060546875000e+03
2.739159851074218750e+02
2.335486083984375000e+03
3.163224121093750000e+03
4.279270019531250000e+03
4.072359924316406250e+02
5.434866210937500000e+03
3.305410888671875000e+03
1.028539962768554688e+02
8.613321289062500000e+03
1.803417968750000000e+03
9.062227539062500000e+03
1.103838989257812500e+03
4.765085937500000000e+03
2.590827880859375000e+03
1.331286328125000000e+04
5.086144042968750000e+03
1.138531152343750000e+04
9.069070312500000000e+03
2.602158935546875000e+03
1.857348999023437500e+03
6.523999786376953125e+01
2.636125976562500000e+03
2.816959960937500000e+03
2.935075927734375000e+03
1.767755004882812500e+03
1.998875000000000000e+03
1.829568969726562500e+03
7.394879760742187500e+02
5.993820190429687500e+02
1.142989990234375000e+03
2.839599121093750000e+03
2.459668945312500000e+03
1.816722045898437500e+03
2.937948974609375000e+03
8.642963867187500000e+03
3.248428955078125000e+03
1.924042968750000000e+03
8.929386718750000000e+03
4.233309936523437500e+02
7.784999847412109375e+00
3.926140136718750000e+02
6.476480102539062500e+02
1.998880004882812500e+02
2.234656982421875000e+03
1.768930053710937500e+02
5.523888183593750000e+03
1.938578002929687500e+03
5.850112792968750000e+03
8.536898437500000000e+03
1.027214965820312500e+03
4.218726074218750000e+03
8.384675781250000000e+03
9.222947265625000000e+03
9.628610229492187500e+02
1.452270019531250000e+03
2.519593017578125000e+03
6.928290039062500000e+03
1.075141967773437500e+03
9.505590209960937500e+02
1.648671997070312500e+03
2.112631103515625000e+03
1.596520996093750000e+03
1.518812988281250000e+03
2.516607910156250000e+03
2.137149963378906250e+02
4.634006835937500000e+03
1.125475952148437500e+03
8.657435546875000000e+03
1.633232055664062500e+03
6.449152832031250000e+03
2.293599121093750000e+03
8.749805664062500000e+03
6.390916992187500000e+03
9.522822265625000000e+03
7.077916015625000000e+03
1.377963012695312500e+03
2.276889953613281250e+02
1.749215942382812500e+03
9.362650146484375000e+02
2.651657958984375000e+03
6.986089843750000000e+03
2.388009948730468750e+02
1.605818969726562500e+03
6.460729980468750000e+02
2.580514892578125000e+03
9.958859863281250000e+02
1.642371948242187500e+03
2.033509033203125000e+03
8.548779907226562500e+02
4.266754882812500000e+03
1.761458984375000000e+03
6.956244140625000000e+03
1.621015014648437500e+03
6.083558105468750000e+03
7.019785156250000000e+03
4.488479003906250000e+03
1.363345117187500000e+04
3.354039916992187500e+02
2.679739990234375000e+02
1.768890014648437500e+03
3.560126953125000000e+03
4.583166015625000000e+03
5.972268066406250000e+03
3.613298095703125000e+03
1.912008056640625000e+03
3.445968994140625000e+03
2.727999925613403320e+00
1.007354980468750000e+03
3.069024902343750000e+03
1.084645019531250000e+03
1.040167871093750000e+04
1.630849975585937500e+03
2.047921020507812500e+03
1.049959960937500000e+03
5.011664062500000000e+03
1.799031982421875000e+03
3.349977050781250000e+03
2.808681884765625000e+03
4.336960144042968750e+02
4.258922851562500000e+03
1.393118041992187500e+03
1.897920074462890625e+02
8.191939697265625000e+02
9.996820068359375000e+02
4.595807128906250000e+03
2.860514892578125000e+03
1.549052001953125000e+03
9.765620117187500000e+02
4.913800048828125000e+02
2.636379882812500000e+03
1.709906982421875000e+03
3.442211914062500000e+03
8.058079833984375000e+02
2.569100097656250000e+03
1.033078002929687500e+03
7.050012207031250000e+03
1.044179101562500000e+04
2.266147949218750000e+03
4.520580139160156250e+02
6.450079956054687500e+02
2.261322998046875000e+03
4.353303222656250000e+03
1.644400024414062500e+01
3.999150085449218750e+02
2.944999933242797852e+00
8.800269775390625000e+02
1.269897656250000000e+04
2.022338989257812500e+03
1.609711059570312500e+03
4.491582031250000000e+03
6.152440185546875000e+02
2.720209960937500000e+02
7.413330078125000000e+02
1.875297973632812500e+03
4.468166992187500000e+03
9.332599609375000000e+03
1.573298950195312500e+03
3.575187988281250000e+03
3.810405029296875000e+03
3.944760131835937500e+02
1.205493041992187500e+03
7.062130126953125000e+02
8.638460083007812500e+02
1.224022851562500000e+04
1.133973022460937500e+03
5.441999912261962891e+00
8.658581054687500000e+03
1.248215942382812500e+03
5.423961914062500000e+03
2.556352050781250000e+03
3.338141113281250000e+03
1.420520996093750000e+03
2.139083984375000000e+03
1.040469970703125000e+03
1.489578002929687500e+03
2.513424072265625000e+03
2.117308105468750000e+03
5.505942871093750000e+03
2.536122070312500000e+03
1.026705371093750000e+04
3.601877929687500000e+03
1.554258056640625000e+03
4.134475097656250000e+03
1.958829956054687500e+03
3.320000076293945312e+01
8.109819946289062500e+02
1.405357055664062500e+03
4.149978027343750000e+03
1.046109472656250000e+04
8.464991210937500000e+03
8.272044921875000000e+03
1.235167968750000000e+03
3.579309997558593750e+02
6.467229003906250000e+03
3.066583007812500000e+03
8.566541992187500000e+03
8.260779296875000000e+03
8.423211914062500000e+03
7.919384765625000000e+03
2.596483886718750000e+03
2.070769042968750000e+03
1.515181030273437500e+03
5.467639160156250000e+03
6.908847167968750000e+03
7.908905761718750000e+03
5.235183105468750000e+03
1.205300048828125000e+03
5.681849975585937500e+02
7.242490234375000000e+02
2.820419921875000000e+02
1.308923632812500000e+04
1.215625000000000000e+03
4.014464111328125000e+03
1.182519042968750000e+03
6.135019042968750000e+03
2.191354980468750000e+03
3.105400085449218750e+02
1.084367968750000000e+04
3.795280029296875000e+03
3.104599952697753906e+01
2.503201904296875000e+03
1.641171997070312500e+03
8.544550170898437500e+02
5.682076171875000000e+03
9.787369995117187500e+02
4.636039062500000000e+03
5.187963867187500000e+03
4.932933105468750000e+03
4.037627929687500000e+03
3.110333007812500000e+03
3.834384033203125000e+03
1.558489990234375000e+03
7.340399932861328125e+01
1.902984008789062500e+03
3.951798095703125000e+03
1.970182006835937500e+03
5.543140136718750000e+03
1.446450042724609375e+02
5.370260009765625000e+02
1.749453002929687500e+03
8.451100158691406250e+01
4.206442871093750000e+03
1.103975878906250000e+04
4.727320800781250000e+03
1.831200027465820312e+01
1.306999969482421875e+01
1.576588671875000000e+04
2.692636962890625000e+03
9.235310058593750000e+02
3.984176025390625000e+03
9.261859741210937500e+02
5.530199813842773438e+01
2.193662109375000000e+03
2.425394042968750000e+03
1.089801464843750000e+04
3.373531005859375000e+03
1.494844921875000000e+04
4.375920898437500000e+03
4.625999927520751953e+00
1.763291015625000000e+03
5.217290039062500000e+02
4.629769897460937500e+02
2.489722900390625000e+03
2.085779052734375000e+03
5.778359985351562500e+02
3.785509948730468750e+02
5.798182128906250000e+03
1.418129003906250000e+04
1.294333984375000000e+03
2.375224121093750000e+03
1.275770034790039062e+02
1.848336059570312500e+03
4.250740234375000000e+03
2.139093017578125000e+03
8.252661132812500000e+03
1.023809020996093750e+03
1.085831054687500000e+03
3.189124023437500000e+03
1.375868041992187500e+03
4.453000068664550781e+00
6.014025878906250000e+03
1.194496948242187500e+03
6.921085937500000000e+03
1.172520996093750000e+03
1.822463012695312500e+03
4.166189880371093750e+02
2.832142089843750000e+03
1.459603027343750000e+03
1.210456054687500000e+03
4.383665039062500000e+03
2.721083007812500000e+03
7.964399902343750000e+03
4.200315917968750000e+03
1.087614257812500000e+04
8.867898437500000000e+03
1.474563964843750000e+04
7.713417968750000000e+03
5.464173828125000000e+03
1.824435058593750000e+03
6.512053222656250000e+03
1.255150195312500000e+04
1.766885009765625000e+03
6.357411132812500000e+03
2.718666015625000000e+03
5.077583984375000000e+03
3.252059936523437500e+02
5.306731933593750000e+03
2.121114990234375000e+03
1.263920043945312500e+03
3.181602050781250000e+03
2.349998046875000000e+03
1.812057006835937500e+03
4.867094238281250000e+03
3.367640075683593750e+02
5.126682128906250000e+03
1.815828979492187500e+03
3.184774902343750000e+03
1.383899993896484375e+02
7.765380249023437500e+02
4.816208007812500000e+03
2.150375000000000000e+03
1.373509979248046875e+02
6.482780151367187500e+02
4.263787109375000000e+03
2.312175048828125000e+03
8.568429687500000000e+03
3.573766113281250000e+03
1.958151000976562500e+03
8.612207031250000000e+03
2.072965087890625000e+03
2.080269927978515625e+02
2.795369873046875000e+02
5.075400878906250000e+03
3.099944091796875000e+03
1.219567089843750000e+04
7.627334960937500000e+03
1.574005004882812500e+03
3.900076904296875000e+03
4.731077148437500000e+03
5.033185058593750000e+03
7.984819946289062500e+02
3.480480041503906250e+02
4.787661132812500000e+03
1.414206054687500000e+03
2.432812988281250000e+03
4.336590820312500000e+03
2.194499969482421875e+01
6.121799926757812500e+02
2.223876953125000000e+03
6.018174804687500000e+03
1.621904052734375000e+03
3.197892089843750000e+03
2.998839111328125000e+03
1.273151855468750000e+04
1.849739990234375000e+03
4.387187011718750000e+03
8.421950073242187500e+02
5.456409179687500000e+03
2.008936035156250000e+03
1.920560058593750000e+03
9.131420288085937500e+02
8.180485839843750000e+03
2.107666015625000000e+03
1.323140014648437500e+03
4.729000000000000000e+03
7.703264160156250000e+03
9.199869995117187500e+02
1.183197021484375000e+03
6.404499816894531250e+01
8.332328125000000000e+03
1.336244018554687500e+03
7.497838867187500000e+03
4.704460144042968750e+02
2.982607910156250000e+03
1.745229003906250000e+03
1.369547973632812500e+03
1.134405957031250000e+04
2.931815917968750000e+03
4.538930053710937500e+02
1.470391967773437500e+03
2.953999996185302734e+00
2.958600044250488281e+01
3.216789855957031250e+02
2.717611083984375000e+03
8.933466796875000000e+03
2.572248046875000000e+03
1.086280029296875000e+03
1.664031005859375000e+03
3.395580078125000000e+03
8.272786132812500000e+03
3.698427001953125000e+03
8.666480102539062500e+02
2.402490966796875000e+03
2.680167968750000000e+03
1.534500026702880859e+01
2.232968994140625000e+03
5.853231933593750000e+03
1.599537963867187500e+03
2.977148925781250000e+03
1.146712036132812500e+03
1.982145019531250000e+03
6.621510009765625000e+02
6.512799835205078125e+01
5.853873046875000000e+03
7.146680297851562500e+02
8.250869750976562500e+02
3.252822021484375000e+03
6.788209838867187500e+02
1.836566796875000000e+04
1.851338989257812500e+03
5.458569946289062500e+02
1.591067016601562500e+03
6.974699707031250000e+02
7.013165039062500000e+03
5.503897949218750000e+03
1.245159988403320312e+02
1.474962036132812500e+03
1.508600044250488281e+01
7.305767089843750000e+03
2.037687988281250000e+03
3.179876953125000000e+03
4.486517089843750000e+03
1.316725585937500000e+04
2.456356933593750000e+03
2.014448974609375000e+03
1.363412963867187500e+03
4.962789916992187500e+02
4.987842773437500000e+03
5.212908203125000000e+03
5.375268066406250000e+03
2.911900024414062500e+02
1.753477050781250000e+03
4.356339843750000000e+03
7.291589965820312500e+02
8.077730957031250000e+03
4.641248046875000000e+03
7.798785156250000000e+03
4.529675781250000000e+03
9.900735351562500000e+03
4.764758789062500000e+03
9.515520019531250000e+02
2.277975097656250000e+03
1.478073974609375000e+03
1.487993041992187500e+03
1.027916308593750000e+04
3.578113037109375000e+03
6.666365234375000000e+03
2.861759948730468750e+02
1.901321044921875000e+03
6.029812011718750000e+03
2.586653076171875000e+03
3.490013916015625000e+03
3.531843994140625000e+03
1.018565002441406250e+03
2.329663085937500000e+03
7.363043945312500000e+03
1.680848022460937500e+03
2.304599121093750000e+03
3.396969909667968750e+02
9.714739990234375000e+02
1.112505981445312500e+03
5.893952148437500000e+03
2.411076904296875000e+03
3.172094970703125000e+03
4.551799804687500000e+03
3.444040039062500000e+03
1.884297973632812500e+03
5.919034179687500000e+03
4.841488769531250000e+03
2.691233886718750000e+03
4.480871093750000000e+03
3.845081054687500000e+03
6.986359863281250000e+02
9.357050170898437500e+02
3.415620117187500000e+03
3.243592041015625000e+03
2.888063964843750000e+03
4.009081054687500000e+03
4.593738769531250000e+03
1.066296997070312500e+03
9.370339965820312500e+02
1.198500000000000000e+03
1.535284057617187500e+03
4.740530090332031250e+02
3.553549072265625000e+03
6.186450195312500000e+02
7.015358886718750000e+03
3.761719970703125000e+03
8.205875000000000000e+03
4.738327148437500000e+03
5.972940063476562500e+02
5.459933105468750000e+03
3.170799865722656250e+02
4.370033203125000000e+03
3.068010009765625000e+03
2.420009033203125000e+03
2.066337890625000000e+03
1.924251953125000000e+03
2.061751953125000000e+03
2.737860107421875000e+03
3.732569885253906250e+02
1.686640014648437500e+02
8.241740112304687500e+02
1.232047973632812500e+03
2.477794921875000000e+03
2.926583984375000000e+03
1.024142089843750000e+04
3.515496093750000000e+03
6.082604003906250000e+03
2.145155664062500000e+04
3.178729858398437500e+02
2.926595947265625000e+03
2.928302001953125000e+03
1.981427978515625000e+03
2.522155029296875000e+03
2.185048095703125000e+03
6.173560180664062500e+02
4.721719238281250000e+03
4.685100097656250000e+02
2.401721923828125000e+03
3.613800048828125000e+03
3.877198974609375000e+03
2.821938964843750000e+03
2.204800033569335938e+01
1.422099971771240234e+01
3.191447998046875000e+03
5.838681152343750000e+03
3.302189941406250000e+02
6.273530273437500000e+02
3.065102050781250000e+03
4.052860107421875000e+02
1.935661010742187500e+03
3.180820007324218750e+02
4.784580078125000000e+02
6.576536132812500000e+03
7.468400268554687500e+02
3.572486083984375000e+03
2.253168945312500000e+03
3.538190002441406250e+02
3.236899902343750000e+03
3.593710937500000000e+03
7.827249023437500000e+03
6.448835937500000000e+03
1.631947021484375000e+03
2.659889892578125000e+03
1.126636962890625000e+03
3.377120056152343750e+02
2.410260009765625000e+02
2.001944946289062500e+03
4.094873046875000000e+03
8.280930175781250000e+02
7.085850219726562500e+02
2.254199951171875000e+03
4.606681152343750000e+03
2.986302978515625000e+03
7.549639892578125000e+02
1.552700042724609375e+01
2.199759979248046875e+02
3.557379882812500000e+03
9.612130126953125000e+02
5.513687011718750000e+03
1.194619979858398438e+02
7.358016113281250000e+03
1.723777954101562500e+03
2.307069091796875000e+03
2.007330017089843750e+02
1.955161010742187500e+03
4.522379882812500000e+03
5.137549804687500000e+03
2.890698974609375000e+03
1.481095214843750000e+04
1.051031005859375000e+03
1.258938964843750000e+03
1.140149414062500000e+04
6.675471191406250000e+03
1.126807983398437500e+03
7.191320190429687500e+02
1.729954101562500000e+04
2.488047119140625000e+03
1.827100067138671875e+02
1.346010009765625000e+03
7.707639770507812500e+02
7.072558105468750000e+03
3.889353027343750000e+03
9.979439697265625000e+02
2.155532958984375000e+03
5.665963867187500000e+03
1.034800033569335938e+02
4.586640136718750000e+03
3.145625976562500000e+03
6.775187988281250000e+03
1.652126953125000000e+03
2.986669921875000000e+02
5.284640136718750000e+03
5.255916015625000000e+03
8.198612304687500000e+03
1.180656982421875000e+03
3.204245117187500000e+03
7.736293945312500000e+03
7.457548828125000000e+03
2.478584960937500000e+03
2.874165039062500000e+03
2.686455078125000000e+03
1.928876953125000000e+03
2.263075927734375000e+03
6.797117187500000000e+03
9.494676757812500000e+03
6.890838867187500000e+03
5.543887207031250000e+03
1.544967041015625000e+03
4.490725097656250000e+03
4.298258789062500000e+03
7.735919921875000000e+03
1.431349945068359375e+02
2.422452880859375000e+03
1.811381958007812500e+03
7.886409912109375000e+02
1.167628051757812500e+03
2.548107910156250000e+03
3.002553955078125000e+03
8.979433593750000000e+03
4.784500122070312500e+01
3.353599853515625000e+02
7.186858886718750000e+03
8.547349853515625000e+02
3.752929992675781250e+02
3.192308105468750000e+03
1.382994995117187500e+03
5.206982910156250000e+03
3.864123046875000000e+03
6.710739746093750000e+02
1.861954956054687500e+03
5.458419799804687500e+02
1.786586059570312500e+03
4.918359985351562500e+02
1.060287500000000000e+04
2.892218017578125000e+03
1.002065979003906250e+03
9.119229736328125000e+02
3.595522949218750000e+03
6.734869140625000000e+03
1.542700042724609375e+02
4.463675781250000000e+03
6.006220092773437500e+02
1.842729949951171875e+02
1.127315917968750000e+04
4.259842773437500000e+03
1.791415039062500000e+04
1.057687988281250000e+03
5.098400115966796875e+01
8.172314941406250000e+03
3.441516113281250000e+03
1.258796777343750000e+04
2.206862060546875000e+03
8.387420043945312500e+02
4.206398925781250000e+03
2.095764892578125000e+03
1.810890014648437500e+03
8.633200073242187500e+02
6.428520019531250000e+03
2.384685058593750000e+03
4.640361816406250000e+03
7.644279785156250000e+02
1.257864746093750000e+04
5.827899932861328125e+01
6.713438964843750000e+03
5.984288085937500000e+03
3.118843017578125000e+03
8.286999702453613281e+00
3.186446044921875000e+03
9.975321289062500000e+03
4.276043945312500000e+03
7.200586914062500000e+03
7.740709838867187500e+02
1.133765991210937500e+03
5.261909790039062500e+02
1.419588012695312500e+03
9.237570190429687500e+02
3.160679931640625000e+02
6.519407226562500000e+03
4.760260009765625000e+02
2.987031982421875000e+03
1.334060058593750000e+02
2.344230957031250000e+03
1.060194824218750000e+04
5.971257812500000000e+03
2.666763916015625000e+03
4.811809997558593750e+02
1.431348437500000000e+04
5.582792968750000000e+03
5.736013183593750000e+03
2.227705078125000000e+03
3.129479980468750000e+02
1.214165039062500000e+03
2.319930908203125000e+03
4.573591796875000000e+03
4.035900115966796875e+01
2.139937011718750000e+03
2.341639892578125000e+03
5.867640136718750000e+03
2.782090148925781250e+02
2.129797119140625000e+03
2.949050048828125000e+03
8.504833984375000000e+03
7.398799896240234375e+01
9.758904296875000000e+03
8.250830078125000000e+02
4.708210144042968750e+02
1.913078979492187500e+03
2.642009887695312500e+02
9.870380249023437500e+02
2.535354003906250000e+03
5.104824218750000000e+03
2.005805053710937500e+03
5.148133789062500000e+03
3.176937011718750000e+03
1.053180053710937500e+03
8.350570068359375000e+02
3.377627929687500000e+03
2.161979003906250000e+03
5.949601074218750000e+03
1.081428955078125000e+03
1.981346093750000000e+04
4.036726074218750000e+03
1.223630468750000000e+04
7.379464843750000000e+03
1.389635986328125000e+03
1.583689941406250000e+03
3.661803955078125000e+03
1.616531982421875000e+03
3.551083984375000000e+03
8.732110351562500000e+03
4.647349853515625000e+02
4.551765136718750000e+03
4.550310058593750000e+02
8.873699951171875000e+02
4.572219238281250000e+03
3.612590026855468750e+02
9.208981445312500000e+03
1.778000000000000000e+03
1.075369824218750000e+04
7.555059814453125000e+02
1.846951049804687500e+03
3.038230957031250000e+03
6.228800048828125000e+02
1.424178955078125000e+03
8.906539062500000000e+03
1.738250976562500000e+03
2.470243896484375000e+03
1.207002539062500000e+04
3.201750000000000000e+03
1.444779052734375000e+03
8.610399627685546875e+01
7.934096191406250000e+03
6.029459838867187500e+02
2.076935058593750000e+03
3.934240112304687500e+02
1.101311035156250000e+03
7.108129882812500000e+02
4.058927001953125000e+03
7.254699707031250000e+01
2.915193115234375000e+03
4.108787109375000000e+03
2.856966064453125000e+03
6.037160156250000000e+03
1.858951049804687500e+03
2.724519958496093750e+02
3.407600097656250000e+03
3.375700073242187500e+02
2.059790039062500000e+02
1.143521972656250000e+03
4.425440063476562500e+02
