2.279539947509765625e+02
5.665800094604492188e+01
1.881000041961669922e+00
6.684200286865234375e+01
4.510599899291992188e+01
1.187819976806640625e+02
1.374960021972656250e+02
2.976000070571899414e+00
3.549200057983398438e+01
2.316999912261962891e+00
2.815399932861328125e+01
1.433970031738281250e+02
3.098000049591064453e+00
7.297880249023437500e+02
8.799500274658203125e+01
1.598499965667724609e+01
6.528999805450439453e+00
4.697999954223632812e+00
1.580000042915344238e+00
9.878000259399414062e+00
2.635400009155273438e+01
5.880469970703125000e+02
5.289999961853027344e+00
3.700000047683715820e+00
1.244927001953125000e+03
4.572000026702880859e+00
1.148600006103515625e+01
8.519000053405761719e+00
3.128859863281250000e+02
1.399781005859375000e+03
2.947900085449218750e+02
1.429800033569335938e+01
2.140260986328125000e+03
4.565000057220458984e+00
5.894860229492187500e+02
1.440099945068359375e+02
3.455395019531250000e+03
1.416000008583068848e+00
2.463999986648559570e+00
7.574700164794921875e+01
1.341049957275390625e+02
1.703999996185302734e+00
2.330400085449218750e+01
9.810000061988830566e-01
1.971699981689453125e+02
4.842000007629394531e+00
1.751199913024902344e+01
7.282700347900390625e+01
3.553770141601562500e+02
1.360999941825866699e+00
1.396700000762939453e+01
5.214000225067138672e+00
2.381800079345703125e+01
3.594900131225585938e+01
9.245899963378906250e+01
8.486000061035156250e+00
5.900000000000000000e+01
4.318550109863281250e+02
3.736999988555908203e+00
7.999000072479248047e+00
3.022850036621093750e+02
3.536000013351440430e+00
5.495999813079833984e+00
1.247229995727539062e+02
1.550302978515625000e+03
6.301000118255615234e+00
7.848999977111816406e+00
9.294999694824218750e+01
7.292639770507812500e+02
3.288000106811523438e+00
4.181449890136718750e+02
2.043400001525878906e+01
1.190000057220458984e+00
1.892948974609375000e+03
4.350999832153320312e+00
1.006000041961669922e+01
1.399080047607421875e+02
3.689429931640625000e+02
1.468999981880187988e+00
1.017447998046875000e+03
8.279100036621093750e+01
1.174840011596679688e+02
9.005930175781250000e+02
6.155000209808349609e+00
2.235300064086914062e+01
1.568599987030029297e+01
1.030799961090087891e+01
2.743999958038330078e+00
7.146999835968017578e+00
6.531000137329101562e+00
1.364378051757812500e+03
5.413100051879882812e+01
1.389896972656250000e+03
8.076000213623046875e+00
2.904570007324218750e+02
1.317442993164062500e+03
1.206338989257812500e+03
2.671000003814697266e+00
1.123040008544921875e+02
2.943499946594238281e+01
6.113109741210937500e+02
9.229459838867187500e+02
4.756000041961669922e+00
6.908999919891357422e+00
1.228030014038085938e+02
2.207510070800781250e+02
1.455839996337890625e+02
1.422599983215332031e+01
4.206270141601562500e+02
1.758890075683593750e+02
5.555230102539062500e+02
1.501900005340576172e+01
2.635300064086914062e+01
2.315870056152343750e+02
1.181614013671875000e+03
3.929909973144531250e+02
4.344999790191650391e+00
4.668240051269531250e+02
8.696000099182128906e+00
3.930660095214843750e+02
5.607999801635742188e+00
1.564900016784667969e+01
3.293999910354614258e+00
8.427299804687500000e+02
7.967630004882812500e+02
1.817000031471252441e+00
5.501179809570312500e+02
2.212870025634765625e+02
7.570200347900390625e+01
3.916669921875000000e+03
7.350000143051147461e-01
6.617979736328125000e+02
2.119099998474121094e+01
1.202320022583007812e+02
3.717770080566406250e+02
1.490100002288818359e+01
5.083000183105468750e+00
2.897000074386596680e+00
7.153999805450439453e+00
5.390999984741210938e+01
7.271890258789062500e+02
9.645020141601562500e+02
2.240549926757812500e+02
2.521999931335449219e+01
5.907700195312500000e+02
2.611999988555908203e+00
9.036999702453613281e+00
5.522199707031250000e+02
1.019999980926513672e+00
2.392999887466430664e+00
1.242850036621093750e+02
4.167200088500976562e+01
1.310200023651123047e+01
4.815499877929687500e+01
1.570600032806396484e+01
3.931090087890625000e+02
2.280042968750000000e+03
6.144999980926513672e+00
3.573999881744384766e+00
6.239999771118164062e+00
2.290999984741210938e+01
6.507599639892578125e+01
1.114649963378906250e+02
3.687999963760375977e+00
1.065493041992187500e+03
5.708599853515625000e+01
2.517099952697753906e+01
2.060590057373046875e+02
6.592000007629394531e+00
7.489999771118164062e+00
3.168999910354614258e+00
1.195000000000000000e+03
2.661999940872192383e+00
1.309999942779541016e+00
1.784999966621398926e+00
1.067000031471252441e+00
1.748100090026855469e+01
8.234000205993652344e+00
5.860000133514404297e+00
1.402630004882812500e+02
1.223600006103515625e+01
1.290453979492187500e+03
9.408100128173828125e+01
1.241399955749511719e+01
8.937290039062500000e+02
1.160179977416992188e+02
5.545349731445312500e+02
1.394999980926513672e+00
5.361000061035156250e+00
8.042600250244140625e+01
1.299999952316284180e+00
5.962999820709228516e+00
5.073999881744384766e+00
1.809119995117187500e+03
8.600199890136718750e+01
3.280999898910522461e+00
1.571369934082031250e+02
6.198999881744384766e+00
5.495999813079833984e+00
7.316999912261962891e+00
1.258850021362304688e+02
9.029869995117187500e+02
9.340999603271484375e+00
1.174000024795532227e+00
2.684199905395507812e+01
5.314790039062500000e+02
3.428999900817871094e+00
2.393902099609375000e+03
1.780488037109375000e+03
1.225999951362609863e+00
1.567400054931640625e+02
8.279999732971191406e+00
1.750899963378906250e+02
1.355999946594238281e+00
2.565999984741210938e+00
1.167269973754882812e+02
1.136000037193298340e+00
1.234010009765625000e+02
9.081270141601562500e+02
6.850999832153320312e+00
3.016000032424926758e+00
2.382699966430664062e+01
2.799000024795532227e+00
2.354208984375000000e+03
1.233621948242187500e+03
8.824999809265136719e+00
2.486000061035156250e+00
3.505000114440917969e+00
1.384092041015625000e+03
1.462500000000000000e+02
2.415999889373779297e+00
4.094900131225585938e+01
2.279999971389770508e+00
1.166800003051757812e+02
3.207999944686889648e+00
4.618059997558593750e+02
3.092999935150146484e+00
2.198999881744384766e+00
4.287200164794921875e+01
7.358229980468750000e+02
4.959199905395507812e+01
3.131000041961669922e+00
2.618999958038330078e+00
1.251220947265625000e+03
3.961199951171875000e+01
4.980999946594238281e+00
8.336939697265625000e+02
1.393000006675720215e+00
2.523999929428100586e+00
2.808799934387207031e+01
1.779999971389770508e+00
3.191799926757812500e+01
2.563961914062500000e+03
4.120999813079833984e+00
5.068810119628906250e+02
1.244179992675781250e+02
4.939000129699707031e+00
3.217999935150146484e+00
8.539999723434448242e-01
2.873100090026855469e+01
1.368799972534179688e+01
8.635999679565429688e+00
5.176100158691406250e+01
6.887000083923339844e+00
2.365000009536743164e+00
4.651999950408935547e+00
6.724199676513671875e+01
1.213500022888183594e+01
7.709000110626220703e+00
3.166390075683593750e+02
3.348949890136718750e+02
1.939000010490417480e+00
1.877400016784667969e+01
1.342025024414062500e+03
2.241065917968750000e+03
1.053730010986328125e+02
1.074000000953674316e+00
1.450789947509765625e+02
7.432780151367187500e+02
1.818789978027343750e+02
8.116999816894531250e+01
9.562300109863281250e+01
3.922600173950195312e+01
7.795400238037109375e+01
1.969222045898437500e+03
7.453900146484375000e+01
4.674700164794921875e+01
8.976539916992187500e+02
3.627899932861328125e+01
3.075999975204467773e+00
2.128000020980834961e+00
3.444000005722045898e+00
5.905899810791015625e+01
7.647999763488769531e+00
1.944000005722045898e+00
5.368000030517578125e+00
6.310900115966796875e+01
1.345820007324218750e+02
6.916999816894531250e+00
3.311335937500000000e+03
1.519250030517578125e+02
6.795800018310546875e+01
1.276099967956542969e+01
3.849999904632568359e+00
2.363630065917968750e+02
5.410999774932861328e+00
2.341000080108642578e+00
3.671419982910156250e+02
3.117000102996826172e+00
3.674700012207031250e+02
6.972499847412109375e+01
1.733799934387207031e+01
5.269000053405761719e+00
1.201340026855468750e+02
7.647160034179687500e+02
3.151000022888183594e+00
4.433000087738037109e+00
7.390999794006347656e+00
1.873000025749206543e+00
2.726000070571899414e+00
4.716799926757812500e+01
5.285159912109375000e+02
1.174199962615966797e+01
4.019400024414062500e+01
1.845599937438964844e+01
2.608000040054321289e+00
3.938399887084960938e+01
3.470999956130981445e+00
3.193179931640625000e+02
2.490600013732910156e+01
1.030921997070312500e+03
6.629349975585937500e+02
9.978569946289062500e+02
5.392000198364257812e+00
2.059320068359375000e+02
2.053899955749511719e+01
6.349999904632568359e+00
5.059000015258789062e+00
2.923000097274780273e+00
5.024891113281250000e+03
1.179102050781250000e+03
8.585800170898437500e+01
3.803799819946289062e+01
2.115000009536743164e+00
4.827099990844726562e+01
2.668499946594238281e+01
5.580999851226806641e+00
7.869599914550781250e+01
9.811199951171875000e+01
3.312000036239624023e+00
2.292100097656250000e+03
2.458840026855468750e+02
1.278590942382812500e+03
7.894400024414062500e+01
1.146090011596679688e+02
5.388899993896484375e+01
1.185999989509582520e+00
2.969000101089477539e+00
9.459300231933593750e+01
3.611000061035156250e+00
2.065999984741210938e+00
1.118400001525878906e+01
3.049999952316284180e+00
1.025910034179687500e+02
9.091200256347656250e+01
6.875000000000000000e+00
4.811999797821044922e+00
6.908999919891357422e+00
8.681729736328125000e+02
4.494999885559082031e+00
2.302000045776367188e+00
7.486849975585937500e+02
2.679700088500976562e+01
3.313869934082031250e+02
7.033079833984375000e+02
2.484700012207031250e+01
2.926499938964843750e+01
3.385999917984008789e+00
2.898999929428100586e+00
3.245820007324218750e+02
1.759583984375000000e+03
1.332669982910156250e+02
4.072999954223632812e+00
1.637020996093750000e+03
2.826700019836425781e+01
2.351999998092651367e+00
4.733599853515625000e+01
1.411853027343750000e+03
8.271640014648437500e+02
2.717000007629394531e+00
2.220999956130981445e+00
1.181700038909912109e+01
7.860000133514404297e-01
6.197299957275390625e+01
3.184000015258789062e+00
5.101399993896484375e+01
5.776999950408935547e+00
3.490000009536743164e+00
4.033999919891357422e+00
6.225600051879882812e+01
3.947999954223632812e+00
3.559999942779541016e+00
1.014611022949218750e+03
7.999400329589843750e+01
1.947519989013671875e+02
5.055400085449218750e+01
5.736999893188476562e+01
4.304999828338623047e+00
4.420000016689300537e-01
4.999000072479248047e+00
3.999399948120117188e+01
1.153089965820312500e+03
2.455540008544921875e+02
1.112180023193359375e+02
2.818000078201293945e+00
1.182515014648437500e+03
2.482208984375000000e+03
2.498544921875000000e+03
4.447680053710937500e+02
4.013199996948242188e+01
9.334899902343750000e+01
1.403642944335937500e+03
1.011421020507812500e+03
6.418800354003906250e+01
2.393362060546875000e+03
1.884300041198730469e+01
2.469117919921875000e+03
8.377620239257812500e+02
1.519000053405761719e+00
1.093635009765625000e+03
3.192109985351562500e+02
2.165489959716796875e+02
6.376900100708007812e+01
4.442380065917968750e+02
3.631000976562500000e+03
3.858999967575073242e+00
6.945000171661376953e+00
2.788437011718750000e+03
3.355999946594238281e+00
4.601380004882812500e+02
1.391000032424926758e+00
2.913000106811523438e+00
1.294000029563903809e+00
1.132057983398437500e+03
2.869724121093750000e+03
1.996000051498413086e+00
5.537500000000000000e+01
2.910000085830688477e+00
1.579199951171875000e+03
1.374056030273437500e+03
5.331999778747558594e+00
2.359609985351562500e+02
1.641999959945678711e+00
1.189970016479492188e+02
2.555914062500000000e+03
3.047458007812500000e+03
2.436000108718872070e+00
3.526999950408935547e+00
2.194000005722045898e+00
4.401759948730468750e+02
2.601000070571899414e+00
3.072000026702880859e+00
5.813720092773437500e+02
1.034059982299804688e+02
2.358480072021484375e+02
1.212857055664062500e+03
4.724419860839843750e+02
7.441999912261962891e+00
1.206932983398437500e+03
2.341939941406250000e+03
5.590000152587890625e+00
1.251000046730041504e+00
5.954999923706054688e+00
7.997600097656250000e+02
1.028100013732910156e+01
1.133041015625000000e+03
6.247000217437744141e+00
4.171500015258789062e+01
2.115999937057495117e+00
5.392000198364257812e+00
1.067000007629394531e+01
1.554999947547912598e+00
2.036199951171875000e+01
4.916419982910156250e+02
5.947299957275390625e+01
3.608955078125000000e+03
1.235999941825866699e+00
3.368799972534179688e+01
1.013559997558593750e+03
9.675579833984375000e+02
4.508300018310546875e+01
2.332010040283203125e+02
1.147000026702880859e+01
6.364999771118164062e+00
2.207519989013671875e+02
1.546979980468750000e+02
4.566539916992187500e+02
4.312799835205078125e+01
2.538308105468750000e+03
4.716000080108642578e+00
4.414999961853027344e+00
1.197139968872070312e+02
3.482000112533569336e+00
2.944999933242797852e+00
8.652600097656250000e+01
4.496699905395507812e+01
1.616360015869140625e+02
2.637000083923339844e+00
2.046649932861328125e+02
4.346300125122070312e+01
2.526999950408935547e+00
2.257999897003173828e+00
5.610000133514404297e+00
9.832719726562500000e+02
8.807900238037109375e+01
1.189000010490417480e+00
7.827680053710937500e+02
2.797800064086914062e+01
1.165920028686523438e+02
2.335000038146972656e+00
3.789000034332275391e+00
3.719400024414062500e+01
1.505300045013427734e+01
1.389999985694885254e+00
6.161199951171875000e+01
1.143897949218750000e+03
4.500799942016601562e+01
2.763999938964843750e+00
6.327000141143798828e+00
2.040469970703125000e+03
6.821900177001953125e+01
7.102940063476562500e+02
6.117100143432617188e+01
1.577000021934509277e+00
2.166926025390625000e+03
1.889000058174133301e+00
2.291200065612792969e+01
5.826399993896484375e+01
9.754000091552734375e+01
3.278349914550781250e+02
9.869999885559082031e-01
2.514459991455078125e+02
1.216399955749511719e+01
4.711270141601562500e+02
1.183100032806396484e+01
7.332080078125000000e+02
5.924100112915039062e+01
2.583340148925781250e+02
9.677700042724609375e+01
1.068799972534179688e+02
3.099200057983398438e+01
8.830200195312500000e+01
5.357429809570312500e+02
2.645400047302246094e+01
1.235989990234375000e+02
4.999200057983398438e+01
6.288660278320312500e+02
3.983999967575073242e+00
5.248000144958496094e+00
7.993000030517578125e+00
2.745710144042968750e+02
7.910999774932861328e+00
1.419000029563903809e+00
8.548999786376953125e+00
4.712999820709228516e+00
6.702400207519531250e+01
3.397000074386596680e+00
2.994999885559082031e+00
3.055559997558593750e+02
1.932000041007995605e+00
3.738600158691406250e+01
6.591010131835937500e+02
9.628600311279296875e+01
3.890180053710937500e+02
1.519631958007812500e+03
4.004899978637695312e+01
4.852659912109375000e+02
1.695039978027343750e+02
1.157900047302246094e+01
6.265759887695312500e+02
3.013880004882812500e+02
3.598099899291992188e+01
1.953939971923828125e+02
1.937129974365234375e+02
1.853379974365234375e+02
6.097000122070312500e+00
3.905999898910522461e+00
2.891879882812500000e+02
4.310999870300292969e+00
4.678200149536132812e+01
9.760999679565429688e+00
1.450000047683715820e+00
4.611640014648437500e+02
1.196930007934570312e+02
3.046000003814697266e+00
1.029000043869018555e+00
1.205619964599609375e+02
1.421089935302734375e+02
2.180000066757202148e+00
1.412083007812500000e+03
3.168999910354614258e+00
5.210000276565551758e-01
2.892229980468750000e+03
2.212321044921875000e+03
3.299000024795532227e+00
9.747160034179687500e+02
1.988999962806701660e+00
9.315109863281250000e+02
3.842430114746093750e+02
5.843199920654296875e+01
3.281800079345703125e+01
1.628000020980834961e+00
2.957999944686889648e+00
9.022819824218750000e+02
7.385500335693359375e+01
6.124359741210937500e+02
1.159177978515625000e+03
2.151700019836425781e+01
3.022269897460937500e+02
1.471500015258789062e+01
4.321400070190429688e+01
1.245400047302246094e+01
7.377200317382812500e+01
1.032929992675781250e+02
5.078400039672851562e+01
2.130000114440917969e+00
3.556999921798706055e+00
1.056999969482421875e+01
2.492900085449218750e+01
7.066999912261962891e+00
5.403999805450439453e+00
6.293000030517578125e+01
2.960999965667724609e+00
1.438040008544921875e+02
2.319999933242797852e+00
7.889999747276306152e-01
2.289900016784667969e+01
1.709620056152343750e+02
3.372605957031250000e+03
1.944350952148437500e+03
3.276499938964843750e+01
8.706999778747558594e+00
2.394445068359375000e+03
1.059000015258789062e+00
3.249000072479248047e+00
3.822999954223632812e+00
9.421099853515625000e+01
2.945100021362304688e+01
7.341710205078125000e+02
3.974300003051757812e+01
1.441921020507812500e+03
3.082999944686889648e+00
2.143236083984375000e+03
4.460499954223632812e+01
2.045859985351562500e+03
1.540381958007812500e+03
3.584000110626220703e+00
3.447299957275390625e+01
8.283300018310546875e+01
6.260000228881835938e+00
1.171300029754638672e+01
1.159168945312500000e+03
2.064800048828125000e+03
2.475300025939941406e+01
3.241099929809570312e+01
1.486999988555908203e+00
9.089999794960021973e-01
1.089599990844726562e+01
6.757599639892578125e+01
4.119999885559082031e+00
4.065999984741210938e+00
1.874609008789062500e+03
1.943880004882812500e+02
5.157400131225585938e+01
8.813800048828125000e+01
8.678590087890625000e+02
1.561699962615966797e+01
2.496199989318847656e+01
6.844999790191650391e+00
1.776000022888183594e+00
6.999000072479248047e+00
3.973250122070312500e+02
1.927000045776367188e+00
3.689300155639648438e+01
3.492000102996826172e+00
5.465800094604492188e+01
1.562000036239624023e+00
8.629999756813049316e-01
3.728389892578125000e+02
8.850599670410156250e+01
2.473000049591064453e+00
6.301300048828125000e+01
3.830699920654296875e+01
2.013800048828125000e+01
3.835000038146972656e+00
6.972100067138671875e+01
6.834559936523437500e+02
1.690999984741210938e+00
5.317680053710937500e+02
7.886000156402587891e+00
8.234000205993652344e+00
5.578000068664550781e+00
4.781900024414062500e+01
5.835869750976562500e+02
4.258999824523925781e+00
3.510400009155273438e+01
2.535000085830688477e+00
1.380298950195312500e+03
2.454500007629394531e+01
2.289000034332275391e+00
1.043999958038330078e+01
5.781999969482421875e+01
6.611000061035156250e+00
6.565000057220458984e+00
1.351200008392333984e+01
9.276599884033203125e+01
3.403300094604492188e+01
9.646450195312500000e+02
4.916999816894531250e+01
1.867902954101562500e+03
8.274999618530273438e+00
3.652780151367187500e+02
2.061676025390625000e+03
2.819000005722045898e+00
3.325000047683715820e+00
1.792999982833862305e+00
1.460048950195312500e+03
1.383520050048828125e+02
5.297999858856201172e+00
5.015999794006347656e+00
4.816071777343750000e+03
5.344999790191650391e+00
2.349999904632568359e+00
3.115000009536743164e+00
1.487100028991699219e+01
8.678399658203125000e+01
5.120770263671875000e+02
4.796999931335449219e+00
3.944999933242797852e+00
6.765499877929687500e+01
8.597399902343750000e+01
7.051699829101562500e+01
1.883134033203125000e+03
2.043354003906250000e+03
3.865999937057495117e+00
8.028109741210937500e+02
8.949999809265136719e-01
1.258000016212463379e+00
6.800000071525573730e-01
3.947999954223632812e+00
3.876121093750000000e+03
1.698147949218750000e+03
9.081909790039062500e+02
1.199469985961914062e+02
7.176399993896484375e+01
2.742267089843750000e+03
3.984999895095825195e+00
7.879999876022338867e-01
1.381000041961669922e+00
5.695000076293945312e+01
3.807619934082031250e+02
2.713320007324218750e+02
6.387760009765625000e+02
3.901219970703125000e+03
2.208730010986328125e+02
3.444999933242797852e+00
3.414999961853027344e+00
1.204570007324218750e+02
1.053809967041015625e+02
1.260049972534179688e+02
7.929739990234375000e+02
5.756000041961669922e+00
8.097999572753906250e+00
6.183419799804687500e+02
1.008000016212463379e+00
1.075000047683715820e+00
3.385497070312500000e+03
8.553000450134277344e+00
1.538899993896484375e+01
1.249600028991699219e+01
4.378799819946289062e+01
2.639699935913085938e+01
1.065769042968750000e+03
1.353800010681152344e+01
2.328400039672851562e+01
3.816999912261962891e+00
1.578020019531250000e+03
3.760999917984008789e+00
2.291999969482421875e+02
2.191999912261962891e+00
3.615000009536743164e+00
9.818020019531250000e+02
1.438500022888183594e+01
4.203999996185302734e+00
1.458811035156250000e+03
9.193590087890625000e+02
4.951594238281250000e+03
2.397149963378906250e+02
3.611000061035156250e+00
1.997699928283691406e+01
6.400999755859375000e+02
7.194100189208984375e+01
1.605000019073486328e+00
3.564750061035156250e+02
7.182769775390625000e+02
5.304999923706054688e+01
3.908999919891357422e+00
1.717000007629394531e+00
1.316853027343750000e+03
6.822999954223632812e+00
5.641610107421875000e+02
2.836400032043457031e+01
5.640000104904174805e-01
1.451694946289062500e+03
6.951000213623046875e+00
7.269999980926513672e+00
3.394400024414062500e+01
2.029500007629394531e+01
6.436550292968750000e+02
2.581000089645385742e+00
2.670400047302246094e+01
1.776000061035156250e+02
4.702210083007812500e+02
4.119999885559082031e+00
3.648000001907348633e+00
3.689999878406524658e-01
1.236949996948242188e+02
1.299349975585937500e+02
3.141999959945678711e+00
1.035540008544921875e+02
1.074899959564208984e+01
3.712829895019531250e+02
1.678056030273437500e+03
9.432000160217285156e+00
5.310650024414062500e+02
5.729800033569335938e+01
4.916899871826171875e+01
3.703540039062500000e+02
4.197700119018554688e+01
2.518009948730468750e+02
2.843400001525878906e+01
2.019999980926513672e+00
8.213000297546386719e+00
3.400000035762786865e-01
8.843829956054687500e+02
3.796000003814697266e+00
5.504000186920166016e+00
1.235473022460937500e+03
1.449000000953674316e+00
6.385800170898437500e+02
6.372299957275390625e+01
1.140267944335937500e+03
2.792949951171875000e+03
5.855000019073486328e+00
2.792999982833862305e+00
1.560567993164062500e+03
1.700999975204467773e+00
1.223530029296875000e+03
2.335000038146972656e+00
1.103300018310546875e+02
1.479548950195312500e+03
3.093169860839843750e+02
2.456000089645385742e+00
4.824300003051757812e+01
4.075360107421875000e+02
2.802999973297119141e+00
5.519000053405761719e+00
8.876030273437500000e+02
3.375639953613281250e+02
3.695899963378906250e+02
2.360000014305114746e-01
4.500099945068359375e+01
5.093070068359375000e+02
3.940559997558593750e+02
7.641820068359375000e+02
2.318199920654296875e+01
2.750000000000000000e+00
8.782999992370605469e+00
2.444000005722045898e+00
4.627999782562255859e+00
4.276109924316406250e+02
1.396000027656555176e+00
5.012099838256835938e+01
9.244000434875488281e+00
1.735099983215332031e+01
6.364819946289062500e+02
1.187149963378906250e+02
5.129000186920166016e+00
3.006399917602539062e+01
4.172439880371093750e+02
1.501350952148437500e+03
2.309499969482421875e+02
4.993000030517578125e+00
6.970000267028808594e-01
8.759999871253967285e-01
4.277999877929687500e+00
1.950000047683715820e+00
2.517999887466430664e+00
7.431539916992187500e+02
3.790200042724609375e+01
6.798838867187500000e+03
1.502250061035156250e+02
1.092800045013427734e+01
1.665749969482421875e+02
9.678600311279296875e+01
5.327000141143798828e+00
1.616000056266784668e+00
1.016100025177001953e+01
1.786000013351440430e+00
2.057200050354003906e+01
4.233569946289062500e+02
1.025619964599609375e+02
1.136999964714050293e+00
7.519999742507934570e-01
1.079899978637695312e+01
9.655280151367187500e+02
4.001999855041503906e+00
1.552041992187500000e+03
5.133999824523925781e+00
2.968460083007812500e+02
6.579999923706054688e+00
7.126300048828125000e+01
7.458799743652343750e+01
2.373500061035156250e+01
2.752000093460083008e+00
2.289999961853027344e+00
1.444693969726562500e+03
8.779000282287597656e+00
2.897306884765625000e+03
1.935999989509582520e+00
2.704500122070312500e+02
1.911759948730468750e+02
1.211920013427734375e+02
3.153599929809570312e+01
5.982899856567382812e+01
8.500219726562500000e+02
2.895999908447265625e+00
6.991420288085937500e+02
4.023500061035156250e+01
1.040999984741210938e+01
8.711599731445312500e+01
1.621999979019165039e+00
5.552000045776367188e+01
1.910310058593750000e+02
5.084000110626220703e+00
1.159181030273437500e+03
4.664599990844726562e+01
6.189000129699707031e+00
1.237300014495849609e+01
9.292700195312500000e+01
3.922619934082031250e+02
6.380000114440917969e-01
1.813220062255859375e+02
4.845800018310546875e+01
3.450000047683715820e+00
1.085900020599365234e+01
1.324550018310546875e+02
1.513369995117187500e+03
2.603400039672851562e+01
5.566999816894531250e+01
4.067999839782714844e+00
5.475299835205078125e+01
4.203210144042968750e+02
4.485814941406250000e+03
8.821999549865722656e+00
1.057050018310546875e+02
2.316829986572265625e+02
2.183358886718750000e+03
8.764099884033203125e+01
8.048999786376953125e+00
1.027048950195312500e+03
7.630000114440917969e-01
4.722000122070312500e+00
9.269000053405761719e+00
2.076499938964843750e+01
2.077799987792968750e+01
4.381000061035156250e+02
1.577310028076171875e+02
5.776000022888183594e+00
4.122000217437744141e+00
6.751999664306640625e+01
1.653400039672851562e+01
5.182000160217285156e+00
3.998199844360351562e+01
4.228000164031982422e+00
6.824899902343750000e+02
4.114999771118164062e+00
3.549000024795532227e+00
4.939599990844726562e+01
2.167000055313110352e+00
6.577000141143798828e+00
5.596000194549560547e+00
5.089000225067138672e+00
1.151099967956542969e+01
1.794450073242187500e+02
1.071940002441406250e+02
8.314000129699707031e+00
1.117630004882812500e+02
3.801300048828125000e+01
4.441999912261962891e+00
