1.593059997558593750e+02
1.158473999023437500e+03
5.212479858398437500e+02
1.494000000000000000e+03
1.657640075683593750e+02
7.977390136718750000e+02
8.768199920654296875e+01
1.897100067138671875e+01
1.635678955078125000e+03
1.322708984375000000e+03
5.040750122070312500e+02
5.868590087890625000e+02
1.605910034179687500e+02
1.929850006103515625e+02
4.625650024414062500e+02
7.008339843750000000e+02
6.643419799804687500e+02
9.193499755859375000e+01
1.501137939453125000e+03
1.205820007324218750e+02
1.386209960937500000e+03
1.102799987792968750e+02
2.176190032958984375e+02
7.498049926757812500e+02
1.264843017578125000e+03
2.057969970703125000e+02
1.066539993286132812e+02
7.394000053405761719e+00
1.255900001525878906e+01
3.761669921875000000e+02
3.267510070800781250e+02
1.485599994659423828e+01
3.653239013671875000e+03
1.650540008544921875e+02
8.912390136718750000e+02
1.790690002441406250e+02
1.647940063476562500e+02
8.737429809570312500e+02
4.143680114746093750e+02
1.140227050781250000e+03
4.742399902343750000e+02
3.267780151367187500e+02
1.975630004882812500e+03
1.445869018554687500e+03
1.039900016784667969e+01
5.083399963378906250e+01
7.058679809570312500e+02
5.509110107421875000e+02
2.432600021362304688e+01
1.231520004272460938e+02
2.341360015869140625e+02
8.256999969482421875e+00
1.525249938964843750e+02
3.120870056152343750e+02
3.258399963378906250e+01
4.810769958496093750e+02
7.441779785156250000e+02
1.340130004882812500e+02
7.581329956054687500e+02
2.080400085449218750e+01
2.967829895019531250e+02
8.201999664306640625e+00
5.127500152587890625e+01
3.555360107421875000e+02
9.556099700927734375e+01
3.402700042724609375e+01
1.052623046875000000e+03
2.322489929199218750e+02
5.929110107421875000e+02
1.564099979400634766e+01
2.569729919433593750e+02
1.744557006835937500e+03
1.752030029296875000e+02
4.132489929199218750e+02
3.529600143432617188e+01
1.718959960937500000e+02
1.689828002929687500e+03
3.514949951171875000e+02
6.166220092773437500e+02
4.469760131835937500e+02
2.556999921798706055e+00
5.880330200195312500e+02
7.991799926757812500e+02
9.827189941406250000e+02
1.058535034179687500e+03
1.480260009765625000e+02
9.477670288085937500e+02
1.540508056640625000e+03
5.244860229492187500e+02
3.325320129394531250e+02
1.534049987792968750e+02
2.514270019531250000e+02
2.552000045776367188e+01
1.263323974609375000e+03
9.379000091552734375e+01
2.383099975585937500e+02
2.948399925231933594e+01
3.142449951171875000e+02
3.410690002441406250e+02
6.420549926757812500e+02
2.134413085937500000e+03
1.813849945068359375e+02
5.193280029296875000e+02
7.946589965820312500e+02
4.347820129394531250e+02
2.397720031738281250e+02
1.006099987030029297e+01
3.943720092773437500e+02
2.978000068664550781e+01
9.064000129699707031e+00
1.449320068359375000e+02
3.663429870605468750e+02
2.174100036621093750e+02
4.007600097656250000e+02
5.064309997558593750e+02
5.069169921875000000e+02
7.883140258789062500e+02
3.924999952316284180e+00
1.978521972656250000e+03
1.081969985961914062e+02
4.866400146484375000e+01
1.489060058593750000e+03
5.237470092773437500e+02
1.250319976806640625e+02
6.440540161132812500e+02
1.512879943847656250e+02
1.454320068359375000e+02
5.413629760742187500e+02
4.533900070190429688e+01
1.148440017700195312e+02
2.411300086975097656e+01
1.964200019836425781e+01
9.977210083007812500e+02
3.050979919433593750e+02
6.359210205078125000e+02
5.664970092773437500e+02
6.662709960937500000e+02
6.888189697265625000e+02
1.956809997558593750e+02
1.139066040039062500e+03
2.109089965820312500e+02
4.806879882812500000e+02
7.885700225830078125e+01
1.999270019531250000e+02
7.550599670410156250e+01
4.866799926757812500e+01
5.500880126953125000e+02
8.123699951171875000e+02
3.408460083007812500e+02
2.142960052490234375e+02
5.600089721679687500e+02
8.802600097656250000e+02
7.051199951171875000e+02
2.316880035400390625e+02
2.701399993896484375e+01
4.880300140380859375e+01
1.552401977539062500e+03
5.326480102539062500e+02
1.315549926757812500e+02
7.888400268554687500e+01
6.400300292968750000e+02
4.890109863281250000e+02
1.748192016601562500e+03
1.130525024414062500e+03
1.864260009765625000e+03
7.584890136718750000e+02
1.726505981445312500e+03
4.913439941406250000e+02
1.398500061035156250e+02
4.408700180053710938e+01
1.404682006835937500e+03
4.274800109863281250e+01
3.075629882812500000e+02
5.842100143432617188e+01
2.837600097656250000e+02
1.753100013732910156e+01
2.463619995117187500e+02
2.023098022460937500e+03
1.420062988281250000e+03
7.926619873046875000e+02
5.806970214843750000e+02
3.796310119628906250e+02
1.382444946289062500e+03
1.076567016601562500e+03
3.498099899291992188e+01
1.160699996948242188e+02
2.512225097656250000e+03
2.871013916015625000e+03
2.088199996948242188e+01
1.433500003814697266e+01
1.984129943847656250e+02
1.129796997070312500e+03
1.030515991210937500e+03
1.904899978637695312e+01
1.270960006713867188e+02
5.021999835968017578e+00
1.276399993896484375e+01
2.154029998779296875e+02
2.748049926757812500e+02
7.349140014648437500e+02
7.076240234375000000e+02
5.151300048828125000e+02
1.442051025390625000e+03
1.317207031250000000e+03
8.723200225830078125e+01
4.172200012207031250e+01
1.859196044921875000e+03
2.744549865722656250e+02
1.185980957031250000e+03
6.761829833984375000e+02
5.792609863281250000e+02
2.060499954223632812e+01
1.567070007324218750e+02
3.589660888671875000e+03
1.440460052490234375e+02
4.774739990234375000e+02
3.143840026855468750e+02
7.470500183105468750e+01
8.692390136718750000e+02
4.578169860839843750e+02
4.174010009765625000e+02
1.980319976806640625e+02
4.748000144958496094e+00
6.093670043945312500e+02
9.297319946289062500e+02
7.754669799804687500e+02
1.385010070800781250e+02
1.628520050048828125e+02
1.651700019836425781e+01
1.420602050781250000e+03
7.921229858398437500e+02
1.109631958007812500e+03
6.591950073242187500e+02
1.006380004882812500e+03
1.504199981689453125e+01
1.883891967773437500e+03
6.474500122070312500e+02
1.177299976348876953e+01
5.178699951171875000e+02
2.198299980163574219e+01
1.829599952697753906e+01
1.215429992675781250e+02
9.449999809265136719e+00
1.043864013671875000e+03
4.461369934082031250e+02
1.064577026367187500e+03
8.708499908447265625e+01
2.147599983215332031e+01
4.031000137329101562e+00
1.664314941406250000e+03
1.551439971923828125e+02
5.613599853515625000e+02
1.351329956054687500e+02
1.501029968261718750e+02
3.477000045776367188e+01
4.324630126953125000e+02
1.296909942626953125e+02
2.348970031738281250e+02
4.943510131835937500e+02
3.792829895019531250e+02
8.987810058593750000e+02
1.002732971191406250e+03
3.067340087890625000e+02
3.122149963378906250e+02
1.301171997070312500e+03
3.081370117187500000e+03
4.587120056152343750e+02
6.066299819946289062e+01
2.503284912109375000e+03
5.629299926757812500e+01
1.543215942382812500e+03
5.003439941406250000e+02
1.673034057617187500e+03
7.826999664306640625e+01
3.495100021362304688e+01
9.252999877929687500e+01
1.634129943847656250e+02
1.667499923706054688e+01
7.107239990234375000e+02
1.002286987304687500e+03
2.598630065917968750e+02
5.731090087890625000e+02
6.355679931640625000e+02
8.029780273437500000e+02
1.521990051269531250e+02
1.014565979003906250e+03
9.276599884033203125e+01
5.321539916992187500e+02
4.941629943847656250e+02
2.386909942626953125e+02
7.409769897460937500e+02
1.938299942016601562e+01
1.865786010742187500e+03
6.181100082397460938e+01
5.557459716796875000e+02
1.759581054687500000e+03
1.189796020507812500e+03
3.798199844360351562e+01
3.007919921875000000e+02
7.442570190429687500e+02
1.135779052734375000e+03
5.661459960937500000e+02
3.861199951171875000e+02
7.364899902343750000e+02
2.433799934387207031e+01
1.317100067138671875e+02
7.455139770507812500e+02
3.385100173950195312e+01
4.823070068359375000e+02
1.580156005859375000e+03
9.544100189208984375e+01
5.119800186157226562e+01
5.045790100097656250e+02
2.529299926757812500e+02
4.175459899902343750e+02
1.927780029296875000e+03
2.963996093750000000e+03
8.281660156250000000e+02
8.051409912109375000e+02
3.397210083007812500e+02
3.994880065917968750e+02
1.287823974609375000e+03
9.722310180664062500e+02
4.056200027465820312e+01
5.117529907226562500e+02
1.560110015869140625e+02
2.645100021362304688e+01
6.901420288085937500e+02
1.162910003662109375e+02
6.647769775390625000e+02
7.015699768066406250e+01
1.576488037109375000e+03
2.175900077819824219e+01
1.749338012695312500e+03
6.188600158691406250e+01
1.378359985351562500e+02
1.241380004882812500e+02
2.899219970703125000e+02
8.427529907226562500e+02
2.569289855957031250e+02
2.862260131835937500e+02
7.972199707031250000e+02
3.684299850463867188e+01
8.206199951171875000e+02
3.026199913024902344e+01
1.602738037109375000e+03
4.434600067138671875e+01
3.282000064849853516e+00
9.697949829101562500e+02
1.835399047851562500e+03
1.308151977539062500e+03
7.622239990234375000e+02
5.480099868774414062e+01
3.511299896240234375e+01
8.417020263671875000e+02
5.799499893188476562e+01
2.629920043945312500e+02
2.587500000000000000e+01
5.468770141601562500e+02
6.973660278320312500e+02
8.115980224609375000e+02
1.541600036621093750e+01
8.153099822998046875e+01
2.989020080566406250e+02
8.034999847412109375e+00
4.603000164031982422e+00
2.008979949951171875e+02
2.288100051879882812e+01
3.144270019531250000e+02
8.144680175781250000e+02
2.402275878906250000e+03
9.038049926757812500e+02
6.998000144958496094e+00
6.280780029296875000e+02
5.282399902343750000e+02
1.515400028228759766e+01
8.266049804687500000e+02
2.009479980468750000e+02
9.347899627685546875e+01
3.030650024414062500e+02
2.635790100097656250e+02
4.523219909667968750e+02
1.771569976806640625e+02
9.246000289916992188e+00
8.905520019531250000e+02
8.415549926757812500e+02
4.782850036621093750e+02
1.006839981079101562e+02
6.791699981689453125e+01
1.583812011718750000e+03
5.140000000000000000e+02
1.630240966796875000e+03
1.837969970703125000e+02
1.014078979492187500e+03
5.231610107421875000e+02
6.128229980468750000e+02
9.064600372314453125e+01
1.348196044921875000e+03
4.079670104980468750e+02
1.757170043945312500e+03
2.292460021972656250e+02
4.763880004882812500e+02
2.196199989318847656e+01
6.276000022888183594e+00
6.555999755859375000e+01
4.074410095214843750e+02
1.050399971008300781e+01
1.012429962158203125e+02
6.529359741210937500e+02
1.943878051757812500e+03
8.829279785156250000e+02
1.106296020507812500e+03
1.462727050781250000e+03
3.118330078125000000e+02
1.812713989257812500e+03
1.315690002441406250e+02
6.436499786376953125e+01
1.347057983398437500e+03
7.591019897460937500e+02
1.288820037841796875e+02
1.774949951171875000e+02
4.870199966430664062e+01
2.171739959716796875e+02
2.370209960937500000e+02
1.581080017089843750e+02
2.006508056640625000e+03
7.544689941406250000e+02
1.301107055664062500e+03
4.763550109863281250e+02
4.765329895019531250e+02
4.825570068359375000e+02
6.098899841308593750e+01
2.333569946289062500e+02
1.456599998474121094e+01
2.347980041503906250e+02
3.305099868774414062e+01
2.104320068359375000e+02
6.862899780273437500e+01
1.929599952697753906e+01
2.294680023193359375e+02
1.071911010742187500e+03
5.432290039062500000e+02
8.196220092773437500e+02
3.723127929687500000e+03
7.065499877929687500e+02
1.789730072021484375e+02
5.261060180664062500e+02
2.657099914550781250e+01
5.079330139160156250e+02
2.815289916992187500e+02
2.509060058593750000e+02
8.209999847412109375e+01
4.534249877929687500e+02
2.056406005859375000e+03
3.258386962890625000e+03
1.807050018310546875e+02
1.127530029296875000e+03
2.501384033203125000e+03
1.617740020751953125e+02
2.560700073242187500e+02
2.265429992675781250e+02
1.907699966430664062e+01
4.945020141601562500e+02
1.051034057617187500e+03
6.554099731445312500e+02
2.676899909973144531e+01
9.143510131835937500e+02
1.375552978515625000e+03
1.127099990844726562e+01
7.190000057220458984e+00
1.540222045898437500e+03
1.194977050781250000e+03
7.981400146484375000e+02
2.480739013671875000e+03
3.901040039062500000e+02
5.123430175781250000e+02
1.592956054687500000e+03
3.010440063476562500e+02
1.273958984375000000e+03
1.250384033203125000e+03
2.981659851074218750e+02
1.990600013732910156e+01
8.135600280761718750e+01
8.998000144958496094e+00
3.643299865722656250e+02
1.550803955078125000e+03
1.061411987304687500e+03
3.230289916992187500e+02
3.296210021972656250e+02
1.418269958496093750e+02
1.806699943542480469e+01
3.451820068359375000e+02
2.326109924316406250e+02
4.231709899902343750e+02
2.154000043869018555e+00
2.826659851074218750e+02
6.406550292968750000e+02
5.736480102539062500e+02
1.034443969726562500e+03
9.906929931640625000e+02
1.409290008544921875e+02
5.180799865722656250e+01
8.834459838867187500e+02
3.072999954223632812e+00
1.172700023651123047e+01
8.413400268554687500e+02
2.056210021972656250e+02
3.476140136718750000e+02
7.783070068359375000e+02
6.818699645996093750e+01
2.247947021484375000e+03
2.081560058593750000e+02
8.914899902343750000e+02
7.137789916992187500e+02
4.844450073242187500e+02
4.212599945068359375e+01
7.491000175476074219e+00
1.603241943359375000e+03
8.059979858398437500e+02
6.701939697265625000e+02
7.078109741210937500e+02
1.029899978637695312e+01
4.838949890136718750e+02
1.592709960937500000e+02
1.857099914550781250e+01
7.520300292968750000e+01
5.632919921875000000e+02
1.224820022583007812e+02
2.146459960937500000e+03
1.962109985351562500e+02
4.197839965820312500e+02
3.497850036621093750e+02
4.684100036621093750e+02
6.519550170898437500e+02
9.963099670410156250e+01
1.404969940185546875e+02
1.690200042724609375e+02
1.278640991210937500e+03
5.374539794921875000e+02
4.218110046386718750e+02
6.867810058593750000e+02
1.972440032958984375e+02
8.623999595642089844e+00
5.932000160217285156e+00
3.827219848632812500e+02
3.040369873046875000e+02
1.717099975585937500e+03
1.303450012207031250e+02
1.304800033569335938e+01
1.447173950195312500e+03
4.342609863281250000e+02
1.285078002929687500e+03
1.492640075683593750e+02
1.015830001831054688e+02
4.588389892578125000e+02
2.333200073242187500e+02
5.518870239257812500e+02
2.535160064697265625e+02
9.030349731445312500e+02
2.293150024414062500e+02
4.067850036621093750e+02
7.316010131835937500e+02
6.738999843597412109e+00
2.021999931335449219e+01
9.154199981689453125e+01
5.494999885559082031e+00
3.552799987792968750e+02
9.379699707031250000e+01
2.667489929199218750e+02
3.268869934082031250e+02
6.111800003051757812e+01
1.025496948242187500e+03
5.025379943847656250e+02
1.291187988281250000e+03
1.012893005371093750e+03
7.146989746093750000e+02
1.137500000000000000e+02
1.130536987304687500e+03
1.797999978065490723e+00
4.816709899902343750e+02
4.419000148773193359e+00
8.940070190429687500e+02
1.491320037841796875e+02
8.410490112304687500e+02
6.205899810791015625e+01
1.581430053710937500e+03
8.805960083007812500e+02
6.862949829101562500e+02
2.374060058593750000e+02
7.103289794921875000e+02
8.070999908447265625e+01
1.935499954223632812e+01
1.637500000000000000e+01
2.954750061035156250e+02
2.492550048828125000e+02
8.286749877929687500e+02
7.514099731445312500e+02
3.943199920654296875e+01
5.486700057983398438e+01
3.192940063476562500e+02
6.926000118255615234e+00
2.395749969482421875e+02
2.502382080078125000e+03
5.483120117187500000e+02
4.088199996948242188e+01
1.145930023193359375e+02
4.828039855957031250e+02
6.114509887695312500e+02
1.121000003814697266e+01
1.752862060546875000e+03
4.316999912261962891e+00
2.131787109375000000e+03
1.531499958038330078e+01
2.141600036621093750e+02
4.979719848632812500e+02
9.770839843750000000e+02
1.336619018554687500e+03
1.666679992675781250e+02
8.676000213623046875e+01
7.363999843597412109e+00
3.221099853515625000e+01
2.884519958496093750e+02
1.507059936523437500e+02
2.942600059509277344e+01
2.915699958801269531e+01
1.135970001220703125e+02
5.359420166015625000e+02
9.335390014648437500e+02
2.139277099609375000e+03
1.367291015625000000e+03
5.137609863281250000e+02
5.211160278320312500e+02
3.389299926757812500e+02
4.996390075683593750e+02
5.672470092773437500e+02
1.312300014495849609e+01
1.310789947509765625e+02
8.979639892578125000e+02
8.204400024414062500e+02
2.412209930419921875e+02
3.129599914550781250e+02
1.120910034179687500e+03
1.008600044250488281e+01
2.030400085449218750e+01
1.486119995117187500e+02
8.226599731445312500e+02
3.330150146484375000e+02
7.966599731445312500e+02
3.558699951171875000e+02
5.768339843750000000e+02
1.814299926757812500e+02
7.236100006103515625e+01
9.148079833984375000e+02
2.385400009155273438e+01
8.413800048828125000e+01
6.200020141601562500e+02
1.094791015625000000e+03
6.461100006103515625e+01
6.939010009765625000e+02
3.548799896240234375e+01
1.166269989013671875e+02
2.115599975585937500e+02
2.145820068359375000e+03
7.614019775390625000e+02
4.695480041503906250e+02
1.593185058593750000e+03
6.860000133514404297e+00
1.173712036132812500e+03
4.934249877929687500e+02
4.347600173950195312e+01
1.586218017578125000e+03
1.240567016601562500e+03
2.408560058593750000e+03
1.264870971679687500e+03
9.067900085449218750e+01
1.572500038146972656e+01
3.022799987792968750e+02
4.397489929199218750e+02
2.865699958801269531e+01
2.994979858398437500e+02
5.626300048828125000e+01
4.495710144042968750e+02
4.892499923706054688e+01
5.106600189208984375e+01
1.425440063476562500e+02
1.134891967773437500e+03
8.400159912109375000e+02
1.538800048828125000e+02
2.262305908203125000e+03
4.528300094604492188e+01
1.312286987304687500e+03
1.298419952392578125e+02
1.216070022583007812e+02
1.822599983215332031e+01
4.324370117187500000e+02
2.566900062561035156e+01
2.670719909667968750e+02
2.263190002441406250e+02
1.985449981689453125e+02
1.854400062561035156e+01
2.615999984741210938e+01
4.545929870605468750e+02
2.126683105468750000e+03
1.200292968750000000e+03
4.003349914550781250e+02
6.526599884033203125e+01
5.886060180664062500e+02
4.432239990234375000e+02
4.238139953613281250e+02
1.435200023651123047e+01
6.022550048828125000e+02
4.460339965820312500e+02
7.800000000000000000e+01
7.155799865722656250e+01
2.615900039672851562e+01
4.175899887084960938e+01
1.443259033203125000e+03
7.191530151367187500e+02
6.730989990234375000e+02
2.393489990234375000e+02
4.117019958496093750e+02
6.451959838867187500e+02
6.292750244140625000e+02
5.769920043945312500e+02
7.632919921875000000e+02
1.738036010742187500e+03
3.413330078125000000e+02
1.084578002929687500e+03
1.204734985351562500e+03
8.238909912109375000e+02
4.795169982910156250e+02
6.829100036621093750e+01
4.044240112304687500e+02
3.984410095214843750e+02
1.145560058593750000e+03
3.561170043945312500e+02
1.485900020599365234e+01
6.034299926757812500e+02
2.024270019531250000e+02
2.130630035400390625e+02
1.692519989013671875e+02
1.202995971679687500e+03
6.084420166015625000e+02
1.500421997070312500e+03
4.106999969482421875e+01
2.052680053710937500e+02
1.020139999389648438e+02
1.366089935302734375e+02
1.987869018554687500e+03
5.395299911499023438e+01
1.463446044921875000e+03
1.682010040283203125e+02
8.000000000000000000e+00
1.921000061035156250e+02
6.628690185546875000e+02
3.816180114746093750e+02
3.506730041503906250e+02
8.946999549865722656e+00
7.406090087890625000e+02
1.972039947509765625e+02
3.932120056152343750e+02
5.477999877929687500e+02
1.343270019531250000e+03
3.915399932861328125e+01
3.007200050354003906e+01
3.399960021972656250e+02
4.490200042724609375e+01
4.180509948730468750e+02
7.612949829101562500e+02
1.948932983398437500e+03
4.912500000000000000e+01
2.480590057373046875e+02
5.966199874877929688e+01
1.080489990234375000e+03
1.012692993164062500e+03
6.723359985351562500e+02
1.376427978515625000e+03
3.147990112304687500e+02
3.054800033569335938e+01
4.064389953613281250e+02
8.412899780273437500e+01
3.404700088500976562e+01
1.458260040283203125e+02
1.641022949218750000e+03
8.859500122070312500e+01
8.897799682617187500e+01
1.020009994506835938e+02
1.581700038909912109e+01
3.500699996948242188e+01
2.095400047302246094e+01
8.119840087890625000e+02
5.456560058593750000e+02
2.323448974609375000e+03
1.533529968261718750e+02
1.962899932861328125e+02
1.518470001220703125e+02
2.277350006103515625e+02
3.865419921875000000e+02
4.897700119018554688e+01
2.259199905395507812e+01
2.584089965820312500e+02
1.286159973144531250e+02
9.416000366210937500e+00
5.106289978027343750e+02
4.002739868164062500e+02
3.222130126953125000e+02
2.401529998779296875e+02
2.509999990463256836e+00
7.147860107421875000e+02
8.930079956054687500e+02
5.899499893188476562e+01
1.504641967773437500e+03
8.716209716796875000e+02
5.973159790039062500e+02
5.925600051879882812e+01
1.068610000610351562e+02
2.559420013427734375e+02
3.197780151367187500e+02
3.958240051269531250e+02
9.142000198364257812e+00
1.560298950195312500e+03
1.528399963378906250e+02
1.855140075683593750e+02
6.318899917602539062e+01
8.161040039062500000e+02
1.588760070800781250e+02
2.772049865722656250e+02
4.377720031738281250e+02
4.474999904632568359e+00
6.829119873046875000e+02
2.528199958801269531e+01
1.258699989318847656e+01
1.646852050781250000e+03
1.389500045776367188e+01
1.266328979492187500e+03
8.171820068359375000e+02
2.762000083923339844e+00
5.056700134277343750e+01
5.694019775390625000e+02
6.325500106811523438e+01
2.690910034179687500e+02
7.273790283203125000e+02
4.750719909667968750e+02
3.429721923828125000e+03
5.214279785156250000e+02
1.042272949218750000e+03
8.713500213623046875e+01
3.293680114746093750e+02
5.151259765625000000e+02
3.322143066406250000e+03
1.746519927978515625e+02
1.638152954101562500e+03
8.498699951171875000e+01
2.121390075683593750e+02
2.397039947509765625e+02
1.380729980468750000e+02
2.334530029296875000e+02
1.317630981445312500e+03
2.068659973144531250e+02
3.671220092773437500e+02
1.688329925537109375e+02
3.864899826049804688e+01
1.592619018554687500e+03
1.007590026855468750e+03
7.411820068359375000e+02
1.891049957275390625e+02
5.222709960937500000e+02
9.741100311279296875e+01
7.596000194549560547e+00
5.866229858398437500e+02
2.030390014648437500e+02
7.515549926757812500e+02
8.296350097656250000e+02
8.451879882812500000e+02
2.744089965820312500e+02
1.062432983398437500e+03
3.305899810791015625e+01
1.494170074462890625e+02
5.892969970703125000e+02
7.157750244140625000e+02
1.649900054931640625e+01
5.502000045776367188e+01
4.459729919433593750e+02
2.439299964904785156e+01
8.447699737548828125e+01
8.709199829101562500e+02
1.470930023193359375e+02
7.108999633789062500e+01
1.209394042968750000e+03
7.935449829101562500e+02
6.090059814453125000e+02
1.180852050781250000e+03
9.746469726562500000e+02
2.104340057373046875e+02
7.641900024414062500e+02
3.594679870605468750e+02
5.069830017089843750e+02
2.406399917602539062e+01
2.578510131835937500e+02
7.479100036621093750e+01
6.117900085449218750e+01
4.944519958496093750e+02
4.153779907226562500e+02
4.590100097656250000e+01
1.242239990234375000e+02
2.107041015625000000e+03
4.704909973144531250e+02
2.474969940185546875e+02
8.413000106811523438e+00
2.752369995117187500e+02
1.050899982452392578e+01
1.712220001220703125e+02
1.977039947509765625e+02
1.622980041503906250e+02
1.626399993896484375e+01
4.732500076293945312e+01
3.068799972534179688e+01
5.130199813842773438e+01
2.773120117187500000e+02
1.876968017578125000e+03
4.830339965820312500e+02
1.678100013732910156e+01
1.817853027343750000e+03
5.967979736328125000e+02
5.858399963378906250e+01
8.319000244140625000e+00
5.566220092773437500e+02
3.989060058593750000e+02
6.155960083007812500e+02
4.257999897003173828e+00
2.389519958496093750e+02
3.301010131835937500e+02
2.232709960937500000e+02
2.403200073242187500e+02
7.469100189208984375e+01
9.300000190734863281e+00
3.633729858398437500e+02
9.362599945068359375e+01
6.844940185546875000e+02
1.411982055664062500e+03
6.611799621582031250e+01
7.367440185546875000e+02
6.105029907226562500e+02
1.284673950195312500e+03
2.458739929199218750e+02
1.052969970703125000e+02
7.152899932861328125e+01
1.933190002441406250e+02
1.477209930419921875e+02
1.817499923706054688e+01
1.702850036621093750e+02
1.708029052734375000e+03
4.556200027465820312e+01
1.645753051757812500e+03
8.941179809570312500e+02
2.691879882812500000e+02
7.867719726562500000e+02
1.077099990844726562e+02
3.460469970703125000e+02
2.565069885253906250e+02
4.750299987792968750e+02
1.770107055664062500e+03
3.763695068359375000e+03
1.385911010742187500e+03
3.262680053710937500e+02
6.181090087890625000e+02
2.249129943847656250e+02
5.752470092773437500e+02
8.581630249023437500e+02
5.109670104980468750e+02
1.196530029296875000e+03
1.799669952392578125e+02
2.071100044250488281e+01
3.690270080566406250e+02
1.922619934082031250e+02
5.126399993896484375e+01
1.306399993896484375e+02
8.280000305175781250e+01
1.532314941406250000e+03
3.866019897460937500e+02
4.706659851074218750e+02
1.950299987792968750e+02
2.142270050048828125e+02
2.478970031738281250e+02
2.008399963378906250e+02
1.073089981079101562e+02
7.798040161132812500e+02
1.183484008789062500e+03
1.346700000762939453e+01
1.820489990234375000e+03
7.038389892578125000e+02
3.080710144042968750e+02
4.929270019531250000e+02
2.240820007324218750e+02
1.666410064697265625e+02
2.842000007629394531e+00
2.590450134277343750e+02
1.106432006835937500e+03
2.143513916015625000e+03
1.859099960327148438e+01
