5.292100143432617188e+01
6.025089721679687500e+02
1.621895703125000000e+04
9.850230102539062500e+02
2.636499977111816406e+01
2.986300048828125000e+03
6.464800262451171875e+01
3.566166015625000000e+03
1.448789978027343750e+02
1.469759979248046875e+02
1.619599914550781250e+01
1.882965625000000000e+04
8.704000091552734375e+01
5.151959838867187500e+02
5.160360107421875000e+02
6.294396972656250000e+03
1.352039947509765625e+02
8.610500335693359375e+01
2.134270019531250000e+02
2.807120056152343750e+02
9.343384765625000000e+03
1.136750030517578125e+02
8.371928710937500000e+03
1.979940032958984375e+02
6.026300048828125000e+01
2.103642089843750000e+03
1.965600013732910156e+01
8.032700347900390625e+01
4.520599975585937500e+02
7.154100036621093750e+01
3.443829956054687500e+02
1.237800025939941406e+01
1.586840057373046875e+02
2.434740966796875000e+03
4.554760131835937500e+02
7.761900329589843750e+01
5.799942871093750000e+03
2.997019958496093750e+02
8.682219848632812500e+02
1.626349945068359375e+02
3.586180114746093750e+02
5.865412109375000000e+03
3.805299987792968750e+02
1.538465942382812500e+03
2.406589965820312500e+02
1.126300683593750000e+04
1.448499965667724609e+01
3.022100067138671875e+01
6.888099670410156250e+01
9.362000465393066406e+00
1.532779998779296875e+02
6.265260009765625000e+02
1.734499931335449219e+01
5.468956054687500000e+03
3.238333007812500000e+03
4.929399871826171875e+01
2.843199920654296875e+01
8.543299865722656250e+01
2.615200042724609375e+01
1.242529983520507812e+02
2.852599121093750000e+03
6.102150878906250000e+03
1.075849990844726562e+02
1.359739990234375000e+02
1.599940032958984375e+02
1.542870025634765625e+02
1.960169982910156250e+02
1.510059967041015625e+02
8.011350097656250000e+02
4.696140136718750000e+02
1.403450012207031250e+02
1.717989959716796875e+02
1.310760009765625000e+03
5.472150268554687500e+02
7.344860229492187500e+02
1.011620025634765625e+02
1.742099952697753906e+01
1.084520034790039062e+02
2.945987060546875000e+03
1.888699913024902344e+01
1.967215234375000000e+04
3.805599975585937500e+01
1.904720001220703125e+02
8.165200042724609375e+01
2.385610046386718750e+02
6.809799957275390625e+01
9.969999694824218750e+01
1.082089062500000000e+04
4.284299850463867188e+01
1.416499023437500000e+03
2.937873046875000000e+03
4.663989868164062500e+02
5.061010131835937500e+02
2.176410064697265625e+02
3.485969848632812500e+02
1.106630981445312500e+03
2.458000030517578125e+02
2.340549926757812500e+02
5.027696777343750000e+03
1.577657226562500000e+04
1.012600021362304688e+02
1.128199958801269531e+01
1.029100036621093750e+02
6.854000091552734375e+00
9.689999580383300781e+00
3.609930114746093750e+02
6.166110839843750000e+03
9.002999877929687500e+01
2.543639984130859375e+02
2.591927001953125000e+03
6.943599700927734375e+01
5.773418945312500000e+03
7.350844238281250000e+03
2.817919921875000000e+02
5.012890014648437500e+02
5.582919921875000000e+02
8.328600311279296875e+01
3.105979919433593750e+02
4.672420043945312500e+02
2.543739929199218750e+02
4.680969848632812500e+02
1.656368041992187500e+03
2.211840057373046875e+02
2.222810058593750000e+02
6.465549926757812500e+02
1.998453320312500000e+04
2.744594970703125000e+03
6.193229980468750000e+02
1.391690063476562500e+02
1.282462207031250000e+04
4.185722167968750000e+03
1.448781005859375000e+03
5.690410156250000000e+02
1.542800045013427734e+01
1.755850067138671875e+02
2.915499877929687500e+02
2.863699913024902344e+01
9.164489746093750000e+02
2.941979980468750000e+02
1.249619979858398438e+02
8.231684570312500000e+03
1.701959991455078125e+02
1.175999984741210938e+02
1.468719940185546875e+02
1.667200088500976562e+01
2.760199928283691406e+01
5.986760253906250000e+02
3.454719848632812500e+02
2.111679992675781250e+02
1.136129989624023438e+02
4.642040100097656250e+02
4.659147949218750000e+03
2.058300018310546875e+01
2.067389984130859375e+02
1.618370056152343750e+02
9.054100036621093750e+01
1.122470016479492188e+02
4.388469848632812500e+02
2.541600036621093750e+01
4.922420043945312500e+02
2.595400047302246094e+01
2.442230072021484375e+02
2.950369873046875000e+02
7.175047851562500000e+03
6.149100112915039062e+01
1.249400043487548828e+01
1.810000038146972656e+01
7.338912109375000000e+03
4.424559936523437500e+02
8.388999938964843750e+01
4.908599853515625000e+01
7.783699798583984375e+01
1.095490036010742188e+02
2.709809875488281250e+02
1.397011328125000000e+04
1.027979965209960938e+02
1.919680023193359375e+02
7.168199920654296875e+01
6.159000015258789062e+01
3.018799972534179688e+01
2.024500083923339844e+01
5.025000095367431641e+00
3.513499832153320312e+01
3.009479980468750000e+02
2.748020019531250000e+02
1.755500030517578125e+01
8.418299865722656250e+01
7.667007812500000000e+03
2.557929992675781250e+02
1.602489929199218750e+02
2.274589996337890625e+02
2.700583984375000000e+03
3.785400009155273438e+01
8.685529296875000000e+03
7.241799926757812500e+01
1.102409973144531250e+02
1.892753051757812500e+03
6.035300064086914062e+01
8.070410156250000000e+02
1.477859954833984375e+02
5.155479736328125000e+02
9.258000373840332031e+00
4.754280090332031250e+02
1.125348999023437500e+03
5.318280029296875000e+02
3.330450134277343750e+02
8.878399658203125000e+01
8.753900146484375000e+01
4.344316894531250000e+03
2.746480102539062500e+02
1.146449966430664062e+02
5.222000122070312500e+01
5.947472167968750000e+03
1.803000030517578125e+02
5.604899978637695312e+01
1.001959991455078125e+02
1.612120056152343750e+02
1.695199966430664062e+01
9.217169799804687500e+02
3.225939941406250000e+02
1.478563964843750000e+03
2.302999973297119141e+00
1.018740005493164062e+02
5.270859985351562500e+02
2.161009979248046875e+02
4.883300018310546875e+01
2.315189971923828125e+02
4.153909912109375000e+02
1.198779983520507812e+02
1.221330032348632812e+02
1.167919998168945312e+02
2.199500083923339844e+01
6.077423828125000000e+03
8.567440185546875000e+02
3.235769958496093750e+02
2.861499977111816406e+01
1.381139984130859375e+02
4.466430053710937500e+02
1.005677978515625000e+03
4.497170104980468750e+02
4.314799880981445312e+01
2.802260131835937500e+02
3.714169921875000000e+02
8.320449829101562500e+02
1.297050018310546875e+02
3.681925048828125000e+03
9.663904296875000000e+03
3.605899810791015625e+01
7.530219726562500000e+02
3.170559082031250000e+03
2.206500053405761719e+01
5.528460083007812500e+02
4.443220214843750000e+03
2.144300079345703125e+01
7.397999763488769531e+00
2.808720092773437500e+02
3.183649902343750000e+02
4.997979980468750000e+03
4.207808105468750000e+03
2.267039947509765625e+02
1.466569976806640625e+02
5.952830200195312500e+02
1.114420013427734375e+02
1.144299983978271484e+01
2.230378906250000000e+03
2.375469970703125000e+02
1.863073974609375000e+03
1.178170013427734375e+02
8.681800079345703125e+01
2.767300033569335938e+01
1.563899993896484375e+02
7.785500335693359375e+01
1.634750061035156250e+02
8.092199707031250000e+01
1.831929931640625000e+02
3.944549865722656250e+02
3.960300064086914062e+01
3.035199928283691406e+01
1.666690063476562500e+02
3.538399887084960938e+01
6.350479736328125000e+02
9.848999786376953125e+01
1.801529998779296875e+02
2.825109863281250000e+02
1.932900047302246094e+01
7.926000118255615234e+00
3.704190063476562500e+02
1.633200073242187500e+01
7.992299652099609375e+01
2.352149963378906250e+02
3.769865966796875000e+03
7.551499938964843750e+01
1.364850006103515625e+02
3.663160095214843750e+02
3.554419860839843750e+02
2.778359985351562500e+02
4.733500061035156250e+02
2.750399971008300781e+01
3.111629943847656250e+02
4.694587890625000000e+03
4.657899856567382812e+01
2.676350097656250000e+02
1.695749969482421875e+02
3.363599853515625000e+02
1.238300037384033203e+01
1.454589996337890625e+02
2.405229949951171875e+02
1.054309997558593750e+02
2.760719909667968750e+02
2.660989990234375000e+02
3.994699859619140625e+01
1.534790039062500000e+02
2.438120507812500000e+04
6.452200317382812500e+01
6.883637207031250000e+03
4.427657226562500000e+03
5.774000167846679688e+01
4.446099853515625000e+01
2.552740020751953125e+02
2.901617919921875000e+03
8.592000007629394531e+00
2.475699996948242188e+01
8.025199890136718750e+01
1.657135009765625000e+03
1.693391967773437500e+03
1.910499954223632812e+01
2.233221923828125000e+03
1.941513085937500000e+04
2.378000020980834961e+00
3.991496093750000000e+03
4.329800033569335938e+01
3.008429870605468750e+02
3.820020019531250000e+03
2.655299949645996094e+01
1.870829925537109375e+02
2.222669982910156250e+02
1.313949707031250000e+04
3.136059875488281250e+02
3.901090087890625000e+03
8.550314453125000000e+03
2.051040039062500000e+02
2.710300064086914062e+01
6.505500030517578125e+01
1.252850036621093750e+02
6.430517089843750000e+03
1.657858593750000000e+04
1.527223999023437500e+03
3.596830139160156250e+02
1.656089935302734375e+02
2.114800071716308594e+01
1.624799919128417969e+01
1.041500015258789062e+02
2.992200088500976562e+01
7.496779785156250000e+02
1.066490020751953125e+02
2.223200073242187500e+02
4.037095947265625000e+03
3.550440063476562500e+02
2.603640136718750000e+02
6.595300292968750000e+01
2.908799934387207031e+01
1.023559667968750000e+04
6.939080200195312500e+02
1.565809936523437500e+02
2.777690124511718750e+02
4.019781005859375000e+03
3.158287109375000000e+03
4.304450073242187500e+02
6.192499923706054688e+01
6.470899963378906250e+01
3.555119934082031250e+02
5.871584960937500000e+03
5.241053222656250000e+03
2.496100044250488281e+01
3.340281982421875000e+03
7.147799682617187500e+01
5.178814941406250000e+03
1.463049926757812500e+02
1.009808593750000000e+04
1.904949951171875000e+02
3.822399902343750000e+01
5.992410278320312500e+02
3.858099975585937500e+02
2.929840087890625000e+02
3.559140014648437500e+02
3.558559875488281250e+02
9.439710083007812500e+02
1.167170028686523438e+02
1.920657958984375000e+03
3.071999931335449219e+01
1.473379199218750000e+04
1.675559997558593750e+02
2.031589965820312500e+02
4.423805175781250000e+03
1.069410018920898438e+02
5.390100097656250000e+01
1.564880065917968750e+02
2.440099906921386719e+01
8.917900085449218750e+01
2.711709899902343750e+02
1.904807006835937500e+03
3.520273925781250000e+03
2.391670074462890625e+02
9.147100067138671875e+01
8.142491210937500000e+03
1.333612060546875000e+03
4.035875976562500000e+03
2.686700134277343750e+02
1.921920013427734375e+02
1.033022949218750000e+03
4.374060058593750000e+02
1.466880035400390625e+02
1.580520019531250000e+02
2.963699951171875000e+03
1.675079956054687500e+02
7.198600006103515625e+01
1.711697460937500000e+04
6.063070068359375000e+02
2.162599945068359375e+01
2.808500061035156250e+02
3.370419921875000000e+02
1.723070068359375000e+02
1.095940017700195312e+02
8.004699707031250000e+01
5.260000228881835938e+00
1.110599994659423828e+01
8.297213867187500000e+03
5.680199813842773438e+01
9.641200256347656250e+01
9.867099761962890625e+01
1.323320214843750000e+04
3.955199813842773438e+01
1.221139984130859375e+02
1.276890029907226562e+02
4.344200134277343750e+01
1.308580017089843750e+02
1.703093554687500000e+04
1.349121948242187500e+03
5.746200180053710938e+01
1.502316113281250000e+04
1.240400028228759766e+01
3.485698046875000000e+04
6.049260253906250000e+02
2.998110046386718750e+02
1.470100021362304688e+01
2.502099990844726562e+01
3.672533935546875000e+03
5.752500152587890625e+01
6.583499908447265625e+01
3.239562988281250000e+03
2.656149902343750000e+02
1.038389968872070312e+02
1.868329925537109375e+02
2.194790039062500000e+02
1.141801562500000000e+04
7.450369140625000000e+03
1.856634033203125000e+03
5.279650268554687500e+02
9.138999938964843750e+00
1.321599960327148438e+01
2.222899932861328125e+02
8.306649780273437500e+02
1.279869995117187500e+02
1.236090011596679688e+02
2.985190124511718750e+02
2.655960083007812500e+02
1.868309936523437500e+02
8.052000045776367188e+00
3.890489013671875000e+03
4.710669860839843750e+02
7.340200042724609375e+01
1.276700019836425781e+01
2.344993896484375000e+03
1.085690002441406250e+02
2.839666992187500000e+03
4.276100158691406250e+01
4.113930053710937500e+02
2.808156005859375000e+03
9.918000221252441406e+00
2.236594970703125000e+03
1.622790069580078125e+02
8.040799713134765625e+01
6.940100097656250000e+01
7.275800323486328125e+01
1.810690002441406250e+02
8.798400115966796875e+01
1.902000045776367188e+01
3.257090148925781250e+02
1.634007617187500000e+04
1.833450012207031250e+02
5.837999820709228516e+00
3.762070007324218750e+02
1.580229949951171875e+02
2.712555908203125000e+03
4.344300079345703125e+01
2.518959960937500000e+02
6.678800201416015625e+01
1.219430053710937500e+03
1.742140045166015625e+02
3.295199966430664062e+01
1.246729965209960938e+02
5.809600067138671875e+01
7.137500000000000000e+01
2.230570068359375000e+02
5.622839843750000000e+03
1.741338867187500000e+04
8.477999687194824219e+00
1.647740020751953125e+02
1.625800018310546875e+02
1.030197021484375000e+03
2.855159912109375000e+02
1.390449981689453125e+02
2.934840087890625000e+02
9.920506835937500000e+03
7.339699218750000000e+03
1.977250061035156250e+02
9.705253906250000000e+03
1.413501953125000000e+03
7.177282226562500000e+03
8.884500122070312500e+01
1.534380004882812500e+03
1.428520050048828125e+02
9.208799743652343750e+01
1.287444628906250000e+04
1.495184179687500000e+04
2.251499938964843750e+02
1.540406542968750000e+04
2.689104882812500000e+04
1.263734008789062500e+03
6.537000274658203125e+01
2.183040008544921875e+02
2.151269989013671875e+02
3.905070068359375000e+03
3.385499954223632812e+01
2.124064941406250000e+03
9.295182617187500000e+03
2.723819885253906250e+02
2.105140075683593750e+02
1.529340057373046875e+02
1.511364160156250000e+04
9.682199859619140625e+01
1.073539962768554688e+02
1.241687988281250000e+03
2.294599914550781250e+01
4.652600097656250000e+01
2.110099983215332031e+01
3.531629943847656250e+02
1.635429992675781250e+02
9.885275390625000000e+03
1.543430023193359375e+02
8.134500122070312500e+01
3.233000040054321289e+00
9.634900390625000000e+03
9.911999702453613281e+00
3.178900146484375000e+02
5.913199996948242188e+01
6.203192871093750000e+03
1.152519989013671875e+02
8.518239746093750000e+02
5.834199905395507812e+01
4.368195800781250000e+03
2.464100074768066406e+01
6.957700347900390625e+01
5.634500122070312500e+01
1.134000015258789062e+01
1.232128051757812500e+03
6.160599899291992188e+01
2.354999923706054688e+01
4.998644042968750000e+03
6.260699844360351562e+01
4.976199951171875000e+02
2.320187011718750000e+03
6.629849853515625000e+02
1.215240020751953125e+02
2.290238037109375000e+03
6.790551757812500000e+03
2.333339996337890625e+02
7.240299987792968750e+01
9.659600067138671875e+01
5.298400115966796875e+01
2.142204101562500000e+03
1.293682006835937500e+03
9.642800140380859375e+01
1.032658203125000000e+04
5.873600006103515625e+01
5.670800018310546875e+01
2.546260070800781250e+02
6.606600189208984375e+01
9.682180175781250000e+02
7.282270996093750000e+03
2.237050018310546875e+02
7.443099975585937500e+01
1.428339996337890625e+02
8.269599914550781250e+01
5.363000106811523438e+01
1.259860000610351562e+02
3.004299926757812500e+02
3.810729003906250000e+03
6.571499633789062500e+01
8.490116210937500000e+03
8.321236328125000000e+03
5.310800170898437500e+01
3.623289062500000000e+03
2.769777099609375000e+03
5.254819946289062500e+02
2.482709960937500000e+02
1.266159973144531250e+02
1.517790069580078125e+02
9.797699737548828125e+01
1.077480010986328125e+02
1.322999023437500000e+03
2.887800025939941406e+01
7.310900115966796875e+01
4.030570068359375000e+02
5.944422851562500000e+03
8.819719726562500000e+03
2.700699996948242188e+01
1.419120025634765625e+02
2.622640075683593750e+02
2.739540100097656250e+02
5.045299911499023438e+01
1.033812988281250000e+03
1.431690063476562500e+02
3.215650024414062500e+02
4.613700103759765625e+01
1.970379943847656250e+02
2.875699996948242188e+01
1.396670074462890625e+02
1.596069946289062500e+02
4.617200088500976562e+01
2.833122070312500000e+03
3.135120117187500000e+03
3.406100082397460938e+01
4.053229980468750000e+02
1.065106152343750000e+04
9.757630859375000000e+03
5.742384765625000000e+03
3.003700065612792969e+01
1.049820022583007812e+02
1.254500007629394531e+01
1.090200042724609375e+01
4.676606933593750000e+03
2.625570068359375000e+02
7.419589843750000000e+02
2.351490020751953125e+02
2.582929992675781250e+02
6.345971191406250000e+03
1.976848999023437500e+03
5.925319824218750000e+02
1.231080017089843750e+02
4.755870056152343750e+02
9.753999710083007812e+00
1.085839996337890625e+02
2.196230010986328125e+02
1.099779968261718750e+02
3.882669982910156250e+02
8.439235351562500000e+03
1.506170043945312500e+02
4.086399841308593750e+01
1.413190002441406250e+02
2.461800003051757812e+01
4.038114013671875000e+03
1.060076367187500000e+04
2.514989929199218750e+02
3.753770141601562500e+02
3.289200134277343750e+02
4.823600006103515625e+01
8.415792968750000000e+03
4.009159851074218750e+02
2.957829895019531250e+02
2.081600036621093750e+02
4.158299865722656250e+02
5.272189941406250000e+02
1.255619995117187500e+03
3.082302001953125000e+03
9.488284179687500000e+03
2.937885986328125000e+03
5.143338867187500000e+03
1.912680053710937500e+02
1.616979980468750000e+02
5.013778808593750000e+03
4.607104003906250000e+03
7.614518066406250000e+03
4.336700057983398438e+01
1.333480072021484375e+02
1.148280029296875000e+02
6.522550048828125000e+02
1.878809967041015625e+02
1.871928515625000000e+04
4.059799957275390625e+01
8.392760009765625000e+02
2.367709960937500000e+04
4.357199859619140625e+01
4.738600158691406250e+01
9.155300140380859375e+01
1.924909973144531250e+02
1.368029937744140625e+02
7.400000000000000000e+01
2.915339965820312500e+02
1.590057983398437500e+03
1.076169921875000000e+04
1.324800014495849609e+01
2.927397949218750000e+03
1.313035546875000000e+04
2.470117578125000000e+04
6.708599853515625000e+01
1.136039962768554688e+02
4.754100036621093750e+01
1.760316040039062500e+03
3.344374218750000000e+04
9.060936523437500000e+03
1.406029968261718750e+02
7.928999900817871094e+00
9.118759765625000000e+02
1.612019958496093750e+02
3.993242919921875000e+03
5.182223144531250000e+03
2.094279937744140625e+02
1.278080371093750000e+04
1.799680023193359375e+02
8.642700195312500000e+01
3.562528076171875000e+03
2.139129943847656250e+02
1.563679962158203125e+02
1.219739990234375000e+02
1.426820068359375000e+02
1.823501953125000000e+03
2.636851074218750000e+03
1.446970062255859375e+02
3.296359863281250000e+02
7.756285156250000000e+03
6.882442871093750000e+03
6.041329101562500000e+03
1.825630035400390625e+02
1.422595947265625000e+03
8.016799926757812500e+01
8.059279785156250000e+02
1.662850036621093750e+02
1.463990020751953125e+02
6.261958984375000000e+03
2.235709991455078125e+02
2.033880004882812500e+02
8.705000305175781250e+01
9.421700286865234375e+01
1.992839965820312500e+02
1.013199996948242188e+01
1.406779937744140625e+02
1.739459991455078125e+02
6.564125000000000000e+03
1.933200073242187500e+01
3.097709960937500000e+02
1.054819628906250000e+04
6.318299865722656250e+01
6.873527832031250000e+03
4.036199951171875000e+01
1.607570037841796875e+02
6.381100082397460938e+01
1.217407958984375000e+03
3.819179992675781250e+02
2.674729003906250000e+03
1.543390045166015625e+02
1.928260040283203125e+02
8.318399810791015625e+01
2.107579956054687500e+02
2.465260009765625000e+02
9.001799774169921875e+01
1.434785034179687500e+03
9.650900268554687500e+01
9.312999725341796875e+00
3.574779968261718750e+02
5.849999904632568359e+00
1.303329101562500000e+04
3.741699981689453125e+01
2.792561035156250000e+03
1.751089935302734375e+02
4.496099853515625000e+01
6.411920166015625000e+02
3.458052001953125000e+03
4.611960144042968750e+02
4.685650024414062500e+02
6.701204101562500000e+03
8.312799835205078125e+01
5.278989868164062500e+02
1.438840026855468750e+02
3.417780151367187500e+02
3.167959899902343750e+02
7.913627929687500000e+03
9.189199829101562500e+01
4.016774902343750000e+03
9.393800354003906250e+01
2.408200073242187500e+01
1.336479949951171875e+02
6.301220214843750000e+03
7.277999877929687500e+00
1.335385253906250000e+04
1.393062890625000000e+04
7.210625000000000000e+03
3.575480041503906250e+02
1.487500000000000000e+01
2.754700088500976562e+01
7.314600372314453125e+01
3.443869934082031250e+02
4.243070800781250000e+03
7.285800170898437500e+01
2.066699981689453125e+01
2.128988037109375000e+03
3.987799835205078125e+01
1.224869995117187500e+02
4.916561035156250000e+03
3.143680114746093750e+02
4.066510009765625000e+02
2.732669982910156250e+02
2.090426562500000000e+04
3.350199890136718750e+01
8.154299926757812500e+01
4.934600067138671875e+01
3.511589111328125000e+03
1.601419982910156250e+02
5.757946777343750000e+03
8.255799865722656250e+01
6.538920288085937500e+02
1.388500022888183594e+01
4.482604003906250000e+03
1.301929931640625000e+02
4.737400054931640625e+01
4.461000061035156250e+01
3.830870056152343750e+02
1.879389953613281250e+02
3.814402099609375000e+03
1.178197998046875000e+03
3.024259948730468750e+02
2.542330017089843750e+02
1.248999977111816406e+01
4.598199844360351562e+01
4.227799987792968750e+02
1.149769973754882812e+02
5.298145996093750000e+03
2.768380126953125000e+02
1.970404052734375000e+03
4.670500183105468750e+01
2.708489990234375000e+03
1.670449981689453125e+02
4.214500045776367188e+01
8.690999984741210938e+00
7.985900115966796875e+01
2.370299987792968750e+02
1.785269140625000000e+04
8.334663085937500000e+03
6.054600219726562500e+02
6.015216796875000000e+03
1.222078027343750000e+04
1.664599990844726562e+01
1.012799987792968750e+02
7.808576171875000000e+03
1.164189987182617188e+02
1.310064941406250000e+03
1.461200046539306641e+01
4.258599853515625000e+02
1.280099964141845703e+01
2.104700088500976562e+01
1.309759979248046875e+02
2.262554931640625000e+03
3.242699813842773438e+01
2.521599960327148438e+01
1.384441040039062500e+03
3.395072021484375000e+03
2.995799865722656250e+02
2.991699981689453125e+01
6.471299743652343750e+01
1.346089935302734375e+02
1.938000030517578125e+02
1.232900047302246094e+01
8.252500152587890625e+01
6.457738769531250000e+03
7.819300079345703125e+01
4.355660095214843750e+02
1.582489929199218750e+02
7.336299896240234375e+01
8.970000267028808594e+00
1.269788940429687500e+03
1.584599971771240234e+01
3.546830139160156250e+02
3.314020996093750000e+03
2.169400024414062500e+01
1.454646972656250000e+03
4.427700042724609375e+01
4.816419982910156250e+02
4.469622070312500000e+03
3.566310119628906250e+02
1.787199951171875000e+03
1.521199989318847656e+01
3.502836914062500000e+03
6.134700012207031250e+01
2.220999908447265625e+01
1.090960006713867188e+02
4.115190124511718750e+02
5.852969970703125000e+02
3.941520080566406250e+02
1.235319976806640625e+02
4.346200180053710938e+01
3.754379882812500000e+02
5.707702148437500000e+03
7.532900238037109375e+01
7.134300231933593750e+01
4.538199996948242188e+01
2.320100021362304688e+01
5.118799972534179688e+01
1.447200012207031250e+02
1.703939971923828125e+02
3.128349914550781250e+02
1.892700004577636719e+01
2.600958984375000000e+03
1.668970031738281250e+02
1.447109985351562500e+02
6.043099975585937500e+01
2.682260009765625000e+03
1.691999969482421875e+02
7.827300262451171875e+01
2.722380065917968750e+02
9.160663085937500000e+03
7.506883789062500000e+03
4.561999893188476562e+01
1.424380035400390625e+02
2.858729858398437500e+02
3.043699951171875000e+02
2.401909942626953125e+02
1.458560028076171875e+02
3.652199935913085938e+01
3.332359924316406250e+02
8.257199859619140625e+01
2.341519042968750000e+03
3.542699813842773438e+01
2.558339996337890625e+02
4.618700027465820312e+01
3.151940002441406250e+02
3.043590087890625000e+02
1.120566406250000000e+04
7.904699707031250000e+01
1.215770034790039062e+02
3.233179931640625000e+02
4.287699890136718750e+01
1.124820022583007812e+02
3.428704101562500000e+03
6.769307128906250000e+03
4.612512207031250000e+03
7.207800292968750000e+01
2.107400054931640625e+02
5.873489990234375000e+02
9.596499633789062500e+01
2.049239959716796875e+02
2.003500061035156250e+02
3.126600074768066406e+01
1.110859008789062500e+03
3.219800109863281250e+02
1.052809982299804688e+02
1.022070007324218750e+02
1.336499977111816406e+01
1.784329986572265625e+02
5.701699829101562500e+01
2.717919921875000000e+02
1.728150024414062500e+02
2.578880004882812500e+02
8.943399810791015625e+01
3.039939880371093750e+02
1.299557714843750000e+04
4.462099838256835938e+01
4.943590087890625000e+02
1.225660058593750000e+04
3.384799957275390625e+01
4.852909851074218750e+02
1.460899963378906250e+02
6.023099899291992188e+01
1.447420043945312500e+02
1.783003051757812500e+03
1.162440032958984375e+02
4.891741210937500000e+03
2.237949981689453125e+02
1.659069976806640625e+02
1.198299980163574219e+01
9.093999862670898438e+00
8.734130859375000000e+03
2.833099975585937500e+02
5.358599853515625000e+01
1.144169998168945312e+02
1.491790008544921875e+02
1.526386962890625000e+03
4.894800186157226562e+01
2.158739929199218750e+02
1.720599937438964844e+01
1.367059936523437500e+02
1.990910034179687500e+02
7.682815917968750000e+03
7.904342773437500000e+03
1.280269927978515625e+02
4.693559875488281250e+02
1.598975952148437500e+03
1.344309997558593750e+02
5.937099838256835938e+01
1.599369964599609375e+02
1.315399932861328125e+02
