7.155339965820312500e+02
1.246642944335937500e+03
2.284487060546875000e+03
4.157999992370605469e+00
2.628580017089843750e+02
3.770999908447265625e+00
2.278650054931640625e+02
3.324440917968750000e+03
1.820961059570312500e+03
1.359595947265625000e+03
1.276505981445312500e+03
9.652000427246093750e+00
7.597290039062500000e+02
3.755849914550781250e+02
3.973628906250000000e+03
3.645549926757812500e+02
8.068439941406250000e+02
7.767830200195312500e+02
1.095081054687500000e+03
6.549149780273437500e+02
1.119309997558593750e+02
1.290699958801269531e+01
1.307100009918212891e+01
4.378529968261718750e+02
1.682999968528747559e+00
3.557487060546875000e+03
1.607649047851562500e+03
6.015310058593750000e+02
6.739810180664062500e+02
2.369999885559082031e+00
1.267456054687500000e+03
4.533370056152343750e+02
1.530879974365234375e+02
2.481215087890625000e+03
8.333599853515625000e+02
3.791181884765625000e+03
3.588000059127807617e+00
1.823305053710937500e+03
2.735242919921875000e+03
2.105619964599609375e+02
8.076920166015625000e+02
1.464200019836425781e+01
2.974169921875000000e+03
1.978639038085937500e+03
2.068302001953125000e+03
2.385355957031250000e+03
8.448229980468750000e+02
6.013000011444091797e+00
3.426570129394531250e+02
7.244231933593750000e+03
1.707468017578125000e+03
1.974762939453125000e+03
7.744910278320312500e+02
1.333887939453125000e+03
2.178965087890625000e+03
1.498399963378906250e+02
6.836100006103515625e+01
2.286430053710937500e+02
3.153132080078125000e+03
8.866270141601562500e+02
1.096406982421875000e+03
7.711649780273437500e+02
4.029880065917968750e+02
6.481690063476562500e+02
2.616489868164062500e+02
3.756619873046875000e+02
1.719358032226562500e+03
3.065888916015625000e+03
1.253394042968750000e+03
5.117250000000000000e+03
2.538209991455078125e+02
2.913422119140625000e+03
1.621213012695312500e+03
5.299019775390625000e+02
4.902283203125000000e+03
4.320870056152343750e+02
5.832890014648437500e+02
2.208900878906250000e+03
9.003820190429687500e+02
7.588200378417968750e+01
1.419051025390625000e+03
3.270409851074218750e+02
1.003560028076171875e+02
4.408499908447265625e+01
9.039999961853027344e+00
2.707000017166137695e+00
1.170791992187500000e+03
6.892000198364257812e+00
2.293428955078125000e+03
1.145353027343750000e+03
1.811734985351562500e+03
1.043673950195312500e+03
6.039819946289062500e+02
3.652581054687500000e+03
5.725299835205078125e+01
1.005000019073486328e+01
7.862730102539062500e+02
8.746999740600585938e+00
1.642982055664062500e+03
5.262249755859375000e+02
3.376300048828125000e+01
7.098020019531250000e+02
1.170285034179687500e+03
2.293150024414062500e+02
2.393928955078125000e+03
1.085390014648437500e+02
1.291151977539062500e+03
1.388189941406250000e+03
1.370229949951171875e+02
3.146602050781250000e+03
3.671340026855468750e+02
6.836999893188476562e+00
1.161110000610351562e+02
8.833010253906250000e+02
2.155650024414062500e+02
7.007990112304687500e+02
1.533516967773437500e+03
3.642999887466430664e+00
5.593010253906250000e+02
1.389832031250000000e+03
7.077189941406250000e+02
7.248000144958496094e+00
4.842118164062500000e+03
2.482009033203125000e+03
4.783526855468750000e+03
2.011019042968750000e+03
7.436640014648437500e+02
1.829400062561035156e+01
3.249700164794921875e+01
6.586630249023437500e+02
2.532860107421875000e+03
1.461344970703125000e+03
1.012145996093750000e+03
1.120718994140625000e+03
1.833109985351562500e+03
4.928569946289062500e+02
1.055040039062500000e+03
7.760070190429687500e+02
1.263072021484375000e+03
1.168951049804687500e+03
2.551141113281250000e+03
7.690170288085937500e+02
1.696525024414062500e+03
6.988319702148437500e+02
1.851647949218750000e+03
1.120797973632812500e+03
3.357420043945312500e+02
3.475020141601562500e+02
3.628980102539062500e+02
2.713999986648559570e+00
1.287844970703125000e+03
3.763552978515625000e+03
5.554660034179687500e+02
2.824599121093750000e+03
1.484109008789062500e+03
1.002091979980468750e+03
1.391333007812500000e+03
1.465926074218750000e+04
1.183952026367187500e+03
3.801706054687500000e+03
3.381616943359375000e+03
6.831259765625000000e+02
1.025000976562500000e+03
8.080400085449218750e+01
3.462420043945312500e+02
1.960780029296875000e+02
6.697470092773437500e+02
1.318473022460937500e+03
1.665118041992187500e+03
2.862542968750000000e+03
3.731879882812500000e+02
1.526286987304687500e+03
1.219100036621093750e+02
3.800490112304687500e+02
3.823495117187500000e+03
6.281394042968750000e+03
3.078590087890625000e+02
1.586953002929687500e+03
3.268080139160156250e+02
1.102609985351562500e+03
3.952940063476562500e+02
2.469431884765625000e+03
1.057699966430664062e+01
3.430822998046875000e+03
1.313614013671875000e+03
3.147100067138671875e+01
7.261599731445312500e+01
3.454330139160156250e+02
3.668640136718750000e+02
1.498359985351562500e+02
1.306404052734375000e+03
1.657977050781250000e+03
2.971393066406250000e+03
4.426549987792968750e+02
1.752956054687500000e+03
5.553820190429687500e+02
3.974558105468750000e+03
1.215318969726562500e+03
1.748350067138671875e+02
2.708604003906250000e+03
1.502900024414062500e+03
9.137000274658203125e+01
5.032182128906250000e+03
5.681000232696533203e+00
2.503952880859375000e+03
1.742150024414062500e+03
4.455530090332031250e+02
4.483590087890625000e+02
3.637000083923339844e+00
2.482989959716796875e+02
7.021999835968017578e+00
1.197944946289062500e+03
1.075723999023437500e+03
3.216480102539062500e+02
1.592360961914062500e+03
6.106530151367187500e+02
7.330321777343750000e+03
1.564178955078125000e+03
6.657000064849853516e+00
2.748999977111816406e+01
3.256185058593750000e+03
4.566299804687500000e+03
2.654060058593750000e+02
1.497354980468750000e+03
2.831708007812500000e+03
1.421937011718750000e+03
2.568486083984375000e+03
1.003520996093750000e+03
7.125969848632812500e+02
3.825577880859375000e+03
4.075592041015625000e+03
4.196756835937500000e+03
1.340477050781250000e+03
1.089830017089843750e+02
3.885073974609375000e+03
4.900820800781250000e+03
1.716891967773437500e+03
1.035650024414062500e+02
9.775300292968750000e+02
2.873909912109375000e+02
4.765883789062500000e+03
1.853737060546875000e+03
9.942000389099121094e+00
2.334790039062500000e+02
2.147376953125000000e+03
9.017999649047851562e+00
1.244759979248046875e+02
1.672147949218750000e+03
6.535380249023437500e+02
1.215687011718750000e+03
2.673100090026855469e+01
2.321256103515625000e+03
1.338809967041015625e+02
8.351300048828125000e+01
3.712070007324218750e+02
8.630799865722656250e+01
1.360239013671875000e+03
5.449669799804687500e+02
4.090865966796875000e+03
7.160700225830078125e+01
3.449699951171875000e+03
6.750300292968750000e+02
2.834341064453125000e+03
1.665332031250000000e+03
2.629960021972656250e+02
6.303999900817871094e+00
2.780264892578125000e+03
2.565590087890625000e+03
2.326179962158203125e+02
3.419079895019531250e+02
7.345570068359375000e+02
6.407481933593750000e+03
2.787040100097656250e+02
1.526540069580078125e+02
2.327400016784667969e+01
6.839500122070312500e+02
3.118810119628906250e+02
1.878152954101562500e+03
5.616000175476074219e+00
6.507839965820312500e+02
6.037459716796875000e+02
1.021439971923828125e+02
3.260520019531250000e+03
7.643189941406250000e+03
2.200933105468750000e+03
3.622799987792968750e+02
2.408783935546875000e+03
3.065320129394531250e+02
3.349880065917968750e+02
1.500961059570312500e+03
9.928299713134765625e+01
1.054500000000000000e+03
1.616286987304687500e+03
5.671970214843750000e+02
5.938000202178955078e+00
8.555999755859375000e+00
4.874769897460937500e+02
3.640010070800781250e+02
1.795748046875000000e+03
8.022540283203125000e+02
1.332000017166137695e+00
7.059190063476562500e+02
1.685685058593750000e+03
2.334000110626220703e+00
1.716813964843750000e+03
3.537550048828125000e+02
7.111059082031250000e+03
6.989010009765625000e+02
4.202971191406250000e+03
1.575677001953125000e+03
1.547011962890625000e+03
1.612350952148437500e+03
7.551399993896484375e+01
3.572791015625000000e+03
1.496199989318847656e+01
2.207000017166137695e+00
1.212310028076171875e+02
2.876839904785156250e+02
1.056029968261718750e+02
7.204149780273437500e+02
3.258427001953125000e+03
9.199420166015625000e+02
7.630020141601562500e+02
5.040999889373779297e+00
2.242530029296875000e+03
5.103278808593750000e+03
3.115329895019531250e+02
2.514199981689453125e+02
1.768739929199218750e+02
3.782780151367187500e+02
8.089210205078125000e+02
6.433220214843750000e+02
4.052000045776367188e+00
3.683778076171875000e+03
5.664370117187500000e+02
1.282239013671875000e+03
2.541699981689453125e+01
1.487683959960937500e+03
8.328000068664550781e+00
8.018189697265625000e+02
2.009659057617187500e+03
2.073867919921875000e+03
7.386000156402587891e+00
3.904729919433593750e+02
8.000289916992187500e+02
1.884900093078613281e+01
1.394776977539062500e+03
4.153789978027343750e+02
1.052839965820312500e+02
1.593070068359375000e+02
1.373353027343750000e+03
4.735000133514404297e+00
2.202391113281250000e+03
1.330978027343750000e+03
2.280209960937500000e+02
1.445416015625000000e+03
3.222399902343750000e+01
1.323024047851562500e+03
7.496770019531250000e+02
2.275293945312500000e+03
9.885960083007812500e+02
2.554700012207031250e+02
8.093000411987304688e+00
1.677000045776367188e+01
1.108899974822998047e+01
6.561979980468750000e+02
3.293169860839843750e+02
1.171088989257812500e+03
2.387279968261718750e+02
2.099830017089843750e+02
8.123870239257812500e+02
1.526654052734375000e+03
5.965793945312500000e+03
2.119730072021484375e+02
5.001814941406250000e+03
5.567399978637695312e+01
1.686188964843750000e+03
2.369899940490722656e+01
2.626204101562500000e+03
1.389999961853027344e+01
1.261780014038085938e+02
1.606880035400390625e+02
2.663210144042968750e+02
1.704900054931640625e+02
3.681861083984375000e+03
8.707470092773437500e+02
1.530370025634765625e+02
3.410095947265625000e+03
8.393950195312500000e+02
5.434999942779541016e+00
3.739106933593750000e+03
5.949623046875000000e+03
2.887000083923339844e+01
3.559010009765625000e+02
2.221628906250000000e+03
1.507229980468750000e+03
1.259250030517578125e+02
7.392000198364257812e+00
9.018699645996093750e+01
3.510535888671875000e+03
1.748249969482421875e+02
2.375370117187500000e+03
2.191930908203125000e+03
1.447369995117187500e+02
1.512089996337890625e+02
2.653000068664550781e+01
3.637770080566406250e+02
2.452291015625000000e+03
3.988805908203125000e+03
1.565854980468750000e+03
5.535529785156250000e+02
1.141095947265625000e+03
6.785590209960937500e+02
1.252517944335937500e+03
7.385289916992187500e+02
3.385324951171875000e+03
3.702630004882812500e+02
1.296920013427734375e+02
1.625769042968750000e+03
6.134000015258789062e+01
1.488549957275390625e+02
2.423781982421875000e+03
7.339160156250000000e+02
9.731530151367187500e+02
2.475062988281250000e+03
4.868914062500000000e+03
2.610866943359375000e+03
1.326241943359375000e+03
3.783193115234375000e+03
5.633649902343750000e+02
7.375000000000000000e+00
7.001840209960937500e+02
4.095677001953125000e+03
2.809000015258789062e+00
7.302799987792968750e+01
6.615449829101562500e+02
1.637520019531250000e+03
2.073315917968750000e+03
8.640000343322753906e+00
4.881224121093750000e+03
1.851399993896484375e+01
9.649730224609375000e+02
5.797860107421875000e+02
2.020203979492187500e+03
1.240000009536743164e+00
4.300820007324218750e+02
1.253477050781250000e+03
1.316465942382812500e+03
1.255662963867187500e+03
4.848080139160156250e+02
3.887109985351562500e+02
2.059158935546875000e+03
3.611198974609375000e+03
4.438961914062500000e+03
5.922999858856201172e+00
1.118795043945312500e+03
2.335940917968750000e+03
1.969118041992187500e+03
4.155939941406250000e+02
2.235100097656250000e+03
8.125879882812500000e+03
2.770165039062500000e+03
8.598809814453125000e+02
1.781399917602539062e+01
3.930999994277954102e+00
1.317026977539062500e+03
3.960000038146972656e+00
1.990000009536743164e+00
3.025683105468750000e+03
2.645719970703125000e+03
1.442801025390625000e+03
1.651572998046875000e+03
1.138312988281250000e+03
4.684750061035156250e+02
3.910209960937500000e+02
1.114333007812500000e+03
9.494999885559082031e+00
4.414000034332275391e+00
2.642210083007812500e+02
1.743970031738281250e+02
1.180720947265625000e+03
6.328999996185302734e+00
3.671500015258789062e+01
1.290050048828125000e+02
1.598500061035156250e+02
3.977600097656250000e+01
3.442293945312500000e+03
1.580055053710937500e+03
5.598200073242187500e+02
1.960059967041015625e+02
3.920555908203125000e+03
6.278241210937500000e+03
9.304320068359375000e+02
2.709063964843750000e+03
3.954730957031250000e+03
9.179050292968750000e+02
7.892900085449218750e+01
5.293070068359375000e+02
8.181699829101562500e+02
5.208010253906250000e+02
4.131700134277343750e+01
1.184099960327148438e+01
5.120096191406250000e+03
1.703484985351562500e+03
1.831574951171875000e+03
4.506999969482421875e+00
3.484230041503906250e+02
1.247239990234375000e+02
9.054169921875000000e+02
6.572030029296875000e+02
1.652400054931640625e+02
1.244879989624023438e+02
7.514929809570312500e+02
3.866699981689453125e+01
3.749399948120117188e+01
5.068908203125000000e+03
2.103708007812500000e+03
3.181900024414062500e+02
7.631079711914062500e+02
1.391635986328125000e+03
4.043399810791015625e+01
5.098999977111816406e+00
1.177406005859375000e+03
8.467369995117187500e+02
1.210310058593750000e+03
1.757259033203125000e+03
7.710800781250000000e+03
1.229649047851562500e+03
4.978750000000000000e+02
3.163544921875000000e+03
1.002096984863281250e+03
1.354452026367187500e+03
2.014880065917968750e+02
2.607574951171875000e+03
3.767449951171875000e+02
8.484000205993652344e+00
7.019949951171875000e+02
1.566699981689453125e+01
1.282890991210937500e+03
3.255000114440917969e+00
4.181789855957031250e+02
1.468659973144531250e+02
8.763999938964843750e+00
8.720839843750000000e+02
5.835917968750000000e+03
9.039390258789062500e+02
2.235180053710937500e+02
8.145899963378906250e+01
5.365563964843750000e+03
2.410287109375000000e+03
7.468950195312500000e+02
6.919379882812500000e+02
8.729188476562500000e+03
1.906097045898437500e+03
1.991500091552734375e+01
6.948159790039062500e+02
1.089362060546875000e+03
3.556999921798706055e+00
4.141109924316406250e+02
1.533599975585937500e+03
2.193190002441406250e+02
2.283791015625000000e+03
4.311984863281250000e+03
1.240027954101562500e+03
2.519388916015625000e+03
1.498999953269958496e+00
1.383600044250488281e+01
2.546700927734375000e+03
3.432947021484375000e+03
1.550667968750000000e+03
1.079937011718750000e+03
6.192999839782714844e+00
1.761730957031250000e+03
6.095061035156250000e+03
2.756059875488281250e+02
3.854519958496093750e+02
8.439299774169921875e+01
2.412305908203125000e+03
3.577229919433593750e+02
5.097950134277343750e+02
9.394279785156250000e+02
1.327781005859375000e+03
2.464824951171875000e+03
6.897550048828125000e+02
1.161879028320312500e+03
7.861000061035156250e+01
6.440000057220458984e+00
2.924612060546875000e+03
5.386600112915039062e+01
6.895180053710937500e+02
1.290183959960937500e+03
1.748543945312500000e+03
2.060499954223632812e+01
2.342605957031250000e+03
5.594180297851562500e+02
7.069701171875000000e+03
1.461666015625000000e+03
3.357340087890625000e+02
9.753389892578125000e+02
4.623091796875000000e+03
4.401900100708007812e+01
8.713899993896484375e+01
2.326856933593750000e+03
4.347749938964843750e+02
2.071635009765625000e+03
1.276473632812500000e+04
1.895871948242187500e+03
4.913850097656250000e+02
1.388437988281250000e+03
2.456568115234375000e+03
3.174233886718750000e+03
1.292063964843750000e+03
1.773099975585937500e+02
2.234066894531250000e+03
2.412958007812500000e+03
4.796999931335449219e+00
2.977819091796875000e+03
1.762980041503906250e+02
1.163619995117187500e+02
3.825454101562500000e+03
3.271679992675781250e+02
8.887227539062500000e+03
4.986429199218750000e+03
1.024817993164062500e+03
2.087165039062500000e+03
4.778049926757812500e+02
7.807130126953125000e+02
6.488157226562500000e+03
5.440289916992187500e+02
6.915170288085937500e+02
1.153999996185302734e+01
2.706510986328125000e+03
9.169140014648437500e+02
1.617270019531250000e+03
5.064963867187500000e+03
2.706537109375000000e+03
1.961233032226562500e+03
5.458649902343750000e+02
2.509589111328125000e+03
1.614499969482421875e+02
1.158003051757812500e+03
4.238909912109375000e+02
4.298503906250000000e+03
7.784680175781250000e+02
3.483770141601562500e+02
1.108830032348632812e+02
4.578099822998046875e+01
9.937039794921875000e+02
1.798194946289062500e+03
4.907080078125000000e+02
1.779299926757812500e+02
4.992000102996826172e+00
5.928239746093750000e+02
2.429889892578125000e+03
1.290005981445312500e+03
7.580040283203125000e+02
5.929999828338623047e+00
4.158789978027343750e+02
9.647839965820312500e+02
1.592666015625000000e+03
8.258599853515625000e+02
2.671106933593750000e+03
1.579599952697753906e+01
3.954999923706054688e+00
3.437749938964843750e+02
2.247741943359375000e+03
3.032395996093750000e+03
4.291350097656250000e+02
3.197315917968750000e+03
5.451519775390625000e+02
9.987589721679687500e+02
1.464777954101562500e+03
1.141021972656250000e+03
8.773309936523437500e+02
1.572266967773437500e+03
9.974409790039062500e+02
2.435367919921875000e+03
6.203999996185302734e+00
2.948498046875000000e+03
8.564999580383300781e+00
4.368640136718750000e+02
9.895089721679687500e+02
4.977300109863281250e+02
2.571283935546875000e+03
1.023549987792968750e+03
9.165900268554687500e+02
6.185399780273437500e+02
5.641359863281250000e+02
1.631100082397460938e+01
4.712200164794921875e+01
4.961369934082031250e+02
5.341950073242187500e+02
5.718299865722656250e+01
2.707586914062500000e+03
5.050000190734863281e+00
9.246290283203125000e+02
5.033700180053710938e+01
3.443274902343750000e+03
3.893320007324218750e+02
2.614142089843750000e+03
1.970579986572265625e+02
4.858399963378906250e+01
1.859956054687500000e+03
8.508740234375000000e+02
4.527455078125000000e+03
9.388649902343750000e+02
5.670339965820312500e+02
7.320800018310546875e+01
1.424399047851562500e+03
9.699349975585937500e+02
5.738999843597412109e+00
1.380160064697265625e+02
8.040000200271606445e-01
5.942999839782714844e+00
3.619200134277343750e+01
1.868999958038330078e+00
1.338910034179687500e+03
3.484091064453125000e+03
2.722299957275390625e+01
7.062230224609375000e+02
1.486588989257812500e+03
6.203090209960937500e+02
4.178200149536132812e+01
5.522999763488769531e+00
2.403720947265625000e+03
4.287409973144531250e+02
2.982781982421875000e+03
2.531834960937500000e+03
6.436989746093750000e+02
6.671569824218750000e+02
3.917399902343750000e+03
4.440000057220458984e+00
1.400621948242187500e+03
6.246619873046875000e+02
8.571250000000000000e+02
9.783239746093750000e+02
3.767959899902343750e+02
5.030320129394531250e+02
6.908200073242187500e+01
1.498336059570312500e+03
1.056980957031250000e+03
8.607999801635742188e+00
1.085114013671875000e+03
3.512438964843750000e+03
7.214799804687500000e+02
5.632750244140625000e+02
4.385066894531250000e+03
5.336999893188476562e+00
4.871205078125000000e+03
6.276475097656250000e+03
6.232232910156250000e+03
6.352130126953125000e+02
2.819999933242797852e+00
9.860070190429687500e+02
2.352447998046875000e+03
2.388580017089843750e+02
6.879957031250000000e+03
2.292105957031250000e+03
9.949999809265136719e+00
1.418230957031250000e+03
1.619223022460937500e+03
2.660042968750000000e+03
1.474392944335937500e+03
2.559810028076171875e+02
3.462906005859375000e+03
2.200030059814453125e+02
4.549800109863281250e+01
1.967772949218750000e+03
2.154770050048828125e+02
5.409999847412109375e+00
1.437660064697265625e+02
2.376166015625000000e+03
2.910902099609375000e+03
2.370899963378906250e+01
4.524573242187500000e+03
1.460946044921875000e+03
1.329949951171875000e+02
1.341998046875000000e+03
7.987719726562500000e+02
1.508999943733215332e+00
5.029850097656250000e+03
3.831919860839843750e+02
4.649859924316406250e+02
2.145177001953125000e+03
6.364999771118164062e+00
3.467919921875000000e+02
2.683912109375000000e+03
5.830999851226806641e+00
1.468254028320312500e+03
1.207250976562500000e+03
3.508019042968750000e+03
1.908321044921875000e+03
7.464456054687500000e+03
1.121999979019165039e+00
3.814770996093750000e+03
5.109000205993652344e+00
2.797500038146972656e+01
6.133900070190429688e+01
3.844460144042968750e+02
2.266799926757812500e+01
1.740942016601562500e+03
1.277700042724609375e+01
4.558349914550781250e+02
7.034429931640625000e+02
7.457299804687500000e+01
2.167400054931640625e+02
7.315850219726562500e+02
4.285916992187500000e+03
1.301733032226562500e+03
1.880796997070312500e+03
3.227418945312500000e+03
5.884140014648437500e+02
7.431149902343750000e+02
1.075088012695312500e+03
1.556027954101562500e+03
2.587049865722656250e+02
1.963860015869140625e+02
1.521616943359375000e+03
4.158895996093750000e+03
4.209987792968750000e+03
8.395999908447265625e+00
6.202470092773437500e+02
2.849356933593750000e+03
2.426250976562500000e+03
1.161478027343750000e+03
1.325818969726562500e+03
9.844999694824218750e+01
1.098590011596679688e+02
7.229000091552734375e+00
2.496279052734375000e+03
6.067650146484375000e+02
2.481560058593750000e+02
1.938391967773437500e+03
1.642070007324218750e+02
1.593094970703125000e+03
4.993000030517578125e+00
1.365600013732910156e+01
6.689270019531250000e+02
1.077126953125000000e+03
2.395850097656250000e+03
5.915683105468750000e+03
4.177000045776367188e+00
7.224999904632568359e+00
1.123659973144531250e+02
1.203839965820312500e+03
4.677350097656250000e+03
2.697770996093750000e+03
3.910208007812500000e+03
1.263441040039062500e+03
1.137750976562500000e+03
4.836319885253906250e+02
3.045384033203125000e+03
2.201629943847656250e+02
4.811979980468750000e+02
2.593760070800781250e+02
1.599649047851562500e+03
1.699930053710937500e+03
2.501895996093750000e+03
1.140390991210937500e+03
1.137685058593750000e+03
1.614089965820312500e+02
1.146604980468750000e+03
3.282900878906250000e+03
7.895850219726562500e+02
1.190834960937500000e+03
2.734600067138671875e+01
8.116999626159667969e+00
7.818400268554687500e+02
4.004760131835937500e+02
4.307000160217285156e+00
1.126599979400634766e+01
9.990510253906250000e+02
2.752090087890625000e+03
2.569302001953125000e+03
9.617199707031250000e+01
9.412100219726562500e+01
5.024618164062500000e+03
2.152876953125000000e+03
1.697427978515625000e+03
4.536510009765625000e+02
2.807961914062500000e+03
8.960440063476562500e+02
9.700130004882812500e+02
3.111970947265625000e+03
3.367233886718750000e+03
1.361477050781250000e+03
1.066289978027343750e+02
1.751277954101562500e+03
1.307802978515625000e+03
3.531197998046875000e+03
1.125098022460937500e+03
3.308835937500000000e+03
1.420889038085937500e+03
1.136088989257812500e+03
6.881510009765625000e+02
7.680949707031250000e+02
3.201279052734375000e+03
7.292099761962890625e+01
8.852990112304687500e+02
9.370230102539062500e+02
7.083510131835937500e+02
3.922470092773437500e+02
5.408999919891357422e+00
1.409411987304687500e+03
1.624869995117187500e+03
1.806437988281250000e+03
6.805020141601562500e+02
6.929199829101562500e+02
1.359046997070312500e+03
2.667097900390625000e+03
2.786820068359375000e+02
3.013410034179687500e+02
3.026480102539062500e+02
3.678909912109375000e+02
9.716209716796875000e+02
9.720319824218750000e+02
2.792896972656250000e+03
1.681920013427734375e+02
6.862860107421875000e+02
7.691480102539062500e+02
7.298980102539062500e+02
4.267500000000000000e+02
1.013447021484375000e+03
3.263702880859375000e+03
7.825830078125000000e+02
5.533640136718750000e+02
1.234427001953125000e+03
2.905509033203125000e+03
1.813103027343750000e+03
2.960859985351562500e+02
4.711789855957031250e+02
2.232037109375000000e+03
6.647041015625000000e+03
9.213289794921875000e+02
1.126796020507812500e+03
6.228930053710937500e+02
6.770369873046875000e+02
8.197999954223632812e+00
4.707510070800781250e+02
3.263000011444091797e+00
1.598504028320312500e+03
6.402930297851562500e+02
1.387333007812500000e+03
6.064780273437500000e+02
2.171076904296875000e+03
1.179062988281250000e+03
4.115509948730468750e+02
7.911915039062500000e+03
4.234876953125000000e+03
3.904999971389770508e+00
7.146271972656250000e+03
1.481496948242187500e+03
4.757919921875000000e+02
1.597401977539062500e+03
2.744379882812500000e+02
3.526229003906250000e+03
5.066508789062500000e+03
2.092000007629394531e+00
6.773350219726562500e+02
1.333410034179687500e+02
3.687018066406250000e+03
3.243779907226562500e+02
8.019310302734375000e+02
5.082340087890625000e+02
2.039095947265625000e+03
3.777529907226562500e+02
2.490503906250000000e+03
1.412935058593750000e+03
6.214760131835937500e+02
1.951774047851562500e+03
3.389746093750000000e+03
1.722270050048828125e+02
3.599509887695312500e+02
3.231310119628906250e+02
2.549739990234375000e+03
1.433049926757812500e+02
1.354239013671875000e+03
3.893399963378906250e+02
3.230500030517578125e+01
6.141770019531250000e+02
1.046959991455078125e+02
1.718000054359436035e+00
1.147353027343750000e+03
4.125999927520751953e+00
3.982820068359375000e+03
5.761179809570312500e+02
3.773269958496093750e+02
2.011799926757812500e+02
1.089078979492187500e+03
1.292744995117187500e+03
3.108895019531250000e+03
1.964246948242187500e+03
1.043240966796875000e+03
5.853814941406250000e+03
1.062807006835937500e+03
9.777700042724609375e+01
1.129171020507812500e+03
8.861729736328125000e+02
1.512568969726562500e+03
1.958977050781250000e+03
