1.133249969482421875e+02
5.143049926757812500e+02
6.440100097656250000e+01
2.412279968261718750e+02
4.000199890136718750e+02
3.254100036621093750e+01
7.117000102996826172e+00
1.890220031738281250e+02
7.355200195312500000e+01
3.535150146484375000e+02
2.593500061035156250e+02
7.585709838867187500e+02
4.427929992675781250e+02
3.104199981689453125e+01
5.389470214843750000e+02
1.081320037841796875e+02
2.226649932861328125e+02
6.682869873046875000e+02
1.238990020751953125e+02
5.389270019531250000e+02
1.257900047302246094e+01
1.699409942626953125e+02
4.523600006103515625e+01
2.073500061035156250e+01
1.285650024414062500e+02
6.702100372314453125e+01
1.039301025390625000e+03
2.969909973144531250e+02
2.791719970703125000e+02
1.997079925537109375e+02
9.984999656677246094e+00
3.803710021972656250e+02
2.777760009765625000e+02
7.138999938964843750e+01
7.456400299072265625e+01
7.371099853515625000e+01
7.382999897003173828e+00
1.903320007324218750e+02
1.154280014038085938e+02
8.909700012207031250e+01
4.121560058593750000e+02
2.713370056152343750e+02
3.122820129394531250e+02
1.209150009155273438e+02
1.989340057373046875e+02
2.401250000000000000e+02
6.941079711914062500e+02
4.758859863281250000e+02
1.841300010681152344e+01
4.433819885253906250e+02
1.376589965820312500e+02
3.717599868774414062e+01
7.283679809570312500e+02
4.064030151367187500e+02
2.487100067138671875e+02
2.810499877929687500e+02
1.225630035400390625e+02
6.897599792480468750e+01
4.748799896240234375e+01
2.531710052490234375e+02
3.012260131835937500e+02
6.427420043945312500e+02
2.646599960327148438e+01
3.793000030517578125e+01
4.330639953613281250e+02
1.700090026855468750e+02
3.515399932861328125e+01
8.600999832153320312e+00
8.207499694824218750e+01
9.531000137329101562e+00
1.866909942626953125e+02
4.074399948120117188e+01
7.591999816894531250e+01
1.871929931640625000e+02
2.217389984130859375e+02
1.781889953613281250e+02
1.106900024414062500e+01
2.100300025939941406e+01
3.147070007324218750e+02
5.254860229492187500e+02
7.276220092773437500e+02
2.754570007324218750e+02
5.421599960327148438e+01
1.911599922180175781e+01
3.141310119628906250e+02
8.852000236511230469e+00
5.724000167846679688e+01
5.050600051879882812e+01
2.952099990844726562e+01
6.105000000000000000e+02
3.819100189208984375e+01
1.327740020751953125e+02
6.450159912109375000e+02
1.580140075683593750e+02
4.631499862670898438e+01
1.314120025634765625e+02
1.486880035400390625e+02
4.017359924316406250e+02
2.797400093078613281e+01
7.954999923706054688e+00
1.285939941406250000e+02
5.538999938964843750e+01
1.501529998779296875e+02
1.724699974060058594e+01
1.305720062255859375e+02
1.108399963378906250e+01
9.520000457763671875e+00
7.023150024414062500e+02
2.731329956054687500e+02
3.068000078201293945e+00
1.950200080871582031e+01
1.512030029296875000e+02
4.529110107421875000e+02
9.300299835205078125e+01
1.623329925537109375e+02
2.263820037841796875e+02
9.183300018310546875e+01
5.439320068359375000e+02
1.373220062255859375e+02
6.356279907226562500e+02
8.154000282287597656e+00
1.372980041503906250e+02
3.239370117187500000e+02
2.355359954833984375e+02
9.724800109863281250e+01
4.044219970703125000e+02
1.917600059509277344e+01
4.905400085449218750e+02
7.145700073242187500e+01
3.720400085449218750e+02
3.570399856567382812e+01
2.364600067138671875e+02
2.142300033569335938e+01
7.812500000000000000e+01
2.303470001220703125e+02
1.626499938964843750e+02
1.591470031738281250e+02
1.737369995117187500e+02
2.313860015869140625e+02
1.045839996337890625e+02
9.564399719238281250e+01
1.235770034790039062e+02
1.611929931640625000e+02
1.484200000762939453e+01
2.159949951171875000e+02
8.043259887695312500e+02
1.241750030517578125e+02
9.711000442504882812e+00
4.626050109863281250e+02
1.526470031738281250e+02
8.730809936523437500e+02
2.868799972534179688e+01
2.336499977111816406e+01
7.210500335693359375e+01
1.559649963378906250e+02
2.794500122070312500e+02
3.052000045776367188e+01
8.260000228881835938e+00
7.839299774169921875e+01
5.422520141601562500e+02
1.027900028228759766e+01
9.813300323486328125e+01
6.335000038146972656e+00
1.018421997070312500e+03
7.570739746093750000e+02
1.260499954223632812e+01
8.189299774169921875e+01
1.330274047851562500e+03
2.574609985351562500e+02
5.830099868774414062e+01
2.492480010986328125e+02
2.792120056152343750e+02
1.005681030273437500e+03
3.113489990234375000e+02
2.144299926757812500e+02
2.965899963378906250e+02
5.134899902343750000e+01
3.682770080566406250e+02
4.161500167846679688e+01
1.642050018310546875e+02
7.142299652099609375e+01
5.717199707031250000e+02
2.403829956054687500e+02
5.325640258789062500e+02
1.622129974365234375e+02
5.308200073242187500e+01
6.718399810791015625e+01
2.424479980468750000e+02
3.317900085449218750e+01
1.564110961914062500e+03
1.454259948730468750e+02
1.091080017089843750e+02
2.423600006103515625e+01
2.969859924316406250e+02
7.516790161132812500e+02
2.890010070800781250e+02
8.770949707031250000e+02
2.215870056152343750e+02
3.274300003051757812e+01
8.558499908447265625e+01
3.805830078125000000e+02
1.578410034179687500e+02
1.060299968719482422e+01
3.045969848632812500e+02
1.862330017089843750e+02
1.659089965820312500e+02
1.105599975585937500e+01
5.809799957275390625e+01
7.689499664306640625e+01
5.679800033569335938e+01
5.773209838867187500e+02
2.557940063476562500e+02
4.270999908447265625e+01
9.333000183105468750e+00
2.608689880371093750e+02
8.144000244140625000e+01
1.584109954833984375e+02
2.279400062561035156e+01
5.837999820709228516e+00
1.682980041503906250e+02
8.468199920654296875e+01
2.044689941406250000e+02
4.815000057220458984e+00
1.211149978637695312e+02
1.762290039062500000e+02
1.571589965820312500e+02
3.556510009765625000e+02
1.266490020751953125e+02
1.037779998779296875e+02
7.193900299072265625e+01
2.758179931640625000e+02
1.091443969726562500e+03
7.001900024414062500e+02
5.635200119018554688e+01
4.554330139160156250e+02
2.270870056152343750e+02
1.305520019531250000e+02
7.303159790039062500e+02
4.744400024414062500e+01
7.042800140380859375e+01
2.042120056152343750e+02
8.404119873046875000e+02
1.372870025634765625e+02
6.599699707031250000e+02
2.263209991455078125e+02
3.266999959945678711e+00
2.229299926757812500e+01
2.989150085449218750e+02
4.884110107421875000e+02
3.325880126953125000e+02
8.533200073242187500e+01
4.601409912109375000e+02
3.182080078125000000e+02
1.317199993133544922e+01
1.907339935302734375e+02
5.687050170898437500e+02
1.103259963989257812e+02
3.454999923706054688e+00
1.523499965667724609e+01
5.910999774932861328e+00
2.079839935302734375e+02
6.016829833984375000e+02
1.147289962768554688e+02
1.586479949951171875e+02
1.589089965820312500e+02
6.066999912261962891e+00
9.487000465393066406e+00
8.535500335693359375e+01
6.224589843750000000e+02
1.675149993896484375e+02
2.980220031738281250e+02
1.175970001220703125e+02
3.038800048828125000e+01
1.390019989013671875e+02
1.929999947547912598e+00
2.121589965820312500e+02
3.524500122070312500e+02
1.989900054931640625e+02
4.570000171661376953e+00
7.281649780273437500e+02
7.452260131835937500e+02
4.728139953613281250e+02
1.336410064697265625e+02
1.365540008544921875e+02
9.621900177001953125e+01
1.690279998779296875e+02
5.342100143432617188e+01
1.391730041503906250e+02
4.529399871826171875e+01
3.973999938964843750e+02
1.286159973144531250e+02
1.300070037841796875e+02
4.594999790191650391e+00
2.007070007324218750e+02
2.279309997558593750e+02
1.775670013427734375e+02
1.769099998474121094e+01
3.699499893188476562e+01
4.496449890136718750e+02
2.595599937438964844e+01
2.168459930419921875e+02
1.106409988403320312e+02
3.445639953613281250e+02
1.331470031738281250e+02
7.005999755859375000e+01
2.676000022888183594e+01
4.313779907226562500e+02
2.399170074462890625e+02
5.552899932861328125e+01
1.240780029296875000e+02
1.661840057373046875e+02
1.830370025634765625e+02
9.399500274658203125e+01
4.719559936523437500e+02
2.190039978027343750e+02
5.706900024414062500e+01
7.225549926757812500e+02
2.410330047607421875e+02
2.068099975585937500e+02
1.230130004882812500e+02
1.080490036010742188e+02
3.414920043945312500e+02
1.930900001525878906e+01
2.643300056457519531e+01
2.348800086975097656e+01
1.692129974365234375e+02
4.460390014648437500e+02
9.592600250244140625e+01
3.443299865722656250e+01
3.434679870605468750e+02
8.515699768066406250e+01
1.874589996337890625e+02
3.941700134277343750e+02
1.817000007629394531e+01
8.371900177001953125e+01
4.988640136718750000e+02
5.322999954223632812e+00
1.077610015869140625e+02
2.237079925537109375e+02
1.882299957275390625e+02
1.550579986572265625e+02
1.110439987182617188e+02
1.168822998046875000e+03
3.392269897460937500e+02
1.839369964599609375e+02
2.852009887695312500e+02
5.800299835205078125e+01
2.321500015258789062e+01
7.178399658203125000e+01
9.548100280761718750e+01
8.789069824218750000e+02
6.424400329589843750e+01
7.653170166015625000e+02
7.637300109863281250e+01
3.735020141601562500e+02
2.218869934082031250e+02
2.073990020751953125e+02
7.622529907226562500e+02
7.612999725341796875e+01
3.682900085449218750e+02
1.326700019836425781e+01
2.821990051269531250e+02
2.625710144042968750e+02
4.918229980468750000e+02
5.046019897460937500e+02
3.588059997558593750e+02
7.217189941406250000e+02
1.884329986572265625e+02
2.349250030517578125e+02
4.296400070190429688e+01
4.586000061035156250e+02
8.045500183105468750e+01
8.757199859619140625e+01
5.894000053405761719e+00
3.816180114746093750e+02
6.837999820709228516e+00
8.768299865722656250e+01
5.876599884033203125e+01
8.740200042724609375e+01
1.808540039062500000e+02
2.891239929199218750e+02
1.988509979248046875e+02
2.445000000000000000e+02
1.354530029296875000e+02
2.563510131835937500e+02
4.322659912109375000e+02
8.137799835205078125e+01
9.586999893188476562e+00
2.926459960937500000e+02
2.205229949951171875e+02
6.723600006103515625e+01
2.971999883651733398e+00
3.104540100097656250e+02
3.582560119628906250e+02
9.083799743652343750e+01
3.055539855957031250e+02
7.231030273437500000e+02
6.589000225067138672e+00
1.805420074462890625e+02
1.200000000000000000e+01
1.061829986572265625e+02
1.843170013427734375e+02
2.029949951171875000e+02
1.242539978027343750e+02
2.317619934082031250e+02
1.530399990081787109e+01
6.659589843750000000e+02
2.290579986572265625e+02
2.963099975585937500e+02
5.573199844360351562e+01
1.459200000762939453e+01
1.778300094604492188e+01
2.910299987792968750e+02
6.059999847412109375e+01
4.621380004882812500e+02
4.020999908447265625e+01
1.572400054931640625e+02
4.184999847412109375e+01
7.724760131835937500e+02
2.537500000000000000e+01
6.988300323486328125e+01
7.577000141143798828e+00
4.206299972534179688e+01
4.114440002441406250e+02
4.230450134277343750e+02
8.461149902343750000e+02
1.570950012207031250e+02
4.798500061035156250e+01
7.962189941406250000e+02
1.816609954833984375e+02
4.333510131835937500e+02
2.269609985351562500e+02
5.565200042724609375e+01
5.401979980468750000e+02
6.564860229492187500e+02
8.772999763488769531e+00
6.021710205078125000e+02
1.096460037231445312e+02
1.243270034790039062e+02
2.776749877929687500e+02
1.065169982910156250e+02
3.223799896240234375e+01
2.289839935302734375e+02
1.347599945068359375e+02
1.544790039062500000e+02
3.068129882812500000e+02
1.252740020751953125e+02
3.997700119018554688e+01
2.209479980468750000e+02
4.602929992675781250e+02
8.666500091552734375e+01
2.562500000000000000e+01
1.369230041503906250e+02
4.094760131835937500e+02
2.867380065917968750e+02
1.225071044921875000e+03
1.423529968261718750e+02
3.517250061035156250e+02
2.446970062255859375e+02
1.562570037841796875e+02
2.072239990234375000e+02
4.169000148773193359e+00
5.663499832153320312e+01
8.404199981689453125e+01
8.166999816894531250e+00
3.883389892578125000e+02
1.686170043945312500e+02
1.230540008544921875e+02
1.046729965209960938e+02
3.304169921875000000e+02
3.957829895019531250e+02
1.559099960327148438e+01
1.417800045013427734e+01
3.450000047683715820e+00
1.096920013427734375e+02
7.931700134277343750e+01
2.400249938964843750e+02
2.334369964599609375e+02
2.369129943847656250e+02
4.659159851074218750e+02
1.335019989013671875e+02
4.979930114746093750e+02
8.073800048828125000e+02
4.707380065917968750e+02
1.021199989318847656e+01
2.766950073242187500e+02
1.810359954833984375e+02
1.835000038146972656e+00
2.444689941406250000e+02
3.120899963378906250e+01
2.661610107421875000e+02
1.510489959716796875e+02
1.421210021972656250e+02
9.599099731445312500e+01
1.021169967651367188e+02
2.678199958801269531e+01
2.770060119628906250e+02
6.448930053710937500e+02
2.128410034179687500e+02
4.490899963378906250e+02
1.261470031738281250e+02
2.275650024414062500e+02
1.638939971923828125e+02
4.410599975585937500e+02
5.265260009765625000e+02
3.399620056152343750e+02
1.592649993896484375e+02
8.907299804687500000e+01
2.893720092773437500e+02
3.441480102539062500e+02
2.211750030517578125e+02
2.148999977111816406e+01
2.819309997558593750e+02
6.212900161743164062e+01
2.500699996948242188e+01
5.386240234375000000e+02
7.203999996185302734e+00
1.428199958801269531e+01
8.572599792480468750e+01
2.205910034179687500e+02
9.121399688720703125e+01
2.861870117187500000e+02
4.805570068359375000e+02
6.903199768066406250e+01
1.456009979248046875e+02
1.520499992370605469e+01
1.446250000000000000e+02
3.246310119628906250e+02
5.375050048828125000e+02
6.175799942016601562e+01
3.317640075683593750e+02
5.624599838256835938e+01
1.190329971313476562e+02
2.152230072021484375e+02
2.966310119628906250e+02
1.417350006103515625e+02
4.093399810791015625e+01
4.475339965820312500e+02
3.858760070800781250e+02
2.802470092773437500e+02
7.798400115966796875e+01
5.320440063476562500e+02
3.640899963378906250e+02
3.046000003814697266e+00
5.170100097656250000e+02
2.305540008544921875e+02
1.810159057617187500e+03
3.811900024414062500e+02
5.779800033569335938e+01
3.111919860839843750e+02
1.372799968719482422e+01
2.438500022888183594e+01
1.126630020141601562e+02
4.098020019531250000e+02
4.296579895019531250e+02
2.479559936523437500e+02
1.676239929199218750e+02
3.084000110626220703e+00
1.197300033569335938e+02
1.500240020751953125e+02
3.177239990234375000e+02
2.242079925537109375e+02
1.185940017700195312e+02
1.591540069580078125e+02
1.714699935913085938e+01
7.532910156250000000e+02
1.286999988555908203e+01
8.928999900817871094e+00
2.783129882812500000e+02
1.079199981689453125e+02
2.851499938964843750e+02
6.271560058593750000e+02
3.031100082397460938e+01
3.711159973144531250e+02
9.675199890136718750e+01
9.081179809570312500e+02
9.651599884033203125e+01
1.874949951171875000e+02
9.818299865722656250e+01
1.057969970703125000e+02
7.934999847412109375e+01
1.845999908447265625e+01
3.170409851074218750e+02
9.094000244140625000e+01
1.825119934082031250e+02
2.326100006103515625e+02
1.672359924316406250e+02
4.963899993896484375e+01
5.967000007629394531e+00
2.618899917602539062e+01
1.936499977111816406e+01
2.761000061035156250e+01
1.488009948730468750e+02
2.557729949951171875e+02
2.264770050048828125e+02
2.665060119628906250e+02
3.728799819946289062e+01
1.167509994506835938e+02
2.813330078125000000e+02
7.905300140380859375e+01
1.551069946289062500e+02
2.818580017089843750e+02
1.604689941406250000e+02
7.363129882812500000e+02
6.044300079345703125e+01
9.266600036621093750e+01
1.138500022888183594e+01
5.343999862670898438e+00
3.915999889373779297e+00
6.881400299072265625e+01
6.052039794921875000e+02
1.716289978027343750e+02
1.039209976196289062e+02
1.529089965820312500e+02
3.744100189208984375e+01
5.049800109863281250e+01
3.609000015258789062e+01
4.272709960937500000e+02
1.372400054931640625e+02
4.409500122070312500e+01
6.112429809570312500e+02
2.002169952392578125e+02
9.831099700927734375e+01
1.006100006103515625e+02
6.343640136718750000e+02
3.599880065917968750e+02
1.666166015625000000e+03
4.098999938964843750e+02
2.826459960937500000e+02
1.837089996337890625e+02
8.196800231933593750e+01
1.286100006103515625e+01
2.157900047302246094e+01
1.639179992675781250e+02
1.382480010986328125e+02
1.058649978637695312e+02
1.350189971923828125e+02
3.015669860839843750e+02
1.843000030517578125e+02
1.456410064697265625e+02
2.342839965820312500e+02
3.046199989318847656e+01
5.217919921875000000e+02
3.134499931335449219e+01
2.799100036621093750e+02
1.649369964599609375e+02
2.944799995422363281e+01
1.217149963378906250e+02
1.025940017700195312e+02
2.158769989013671875e+02
2.033020019531250000e+02
5.377999782562255859e+00
2.239399909973144531e+01
4.941299819946289062e+01
1.562769927978515625e+02
5.913400268554687500e+02
2.050720062255859375e+02
2.762179870605468750e+02
5.797399902343750000e+01
2.921650085449218750e+02
2.017819976806640625e+02
4.375999927520751953e+00
1.668419952392578125e+02
3.548420104980468750e+02
1.311049957275390625e+02
2.419420013427734375e+02
1.500189971923828125e+02
2.081329956054687500e+02
2.771999931335449219e+01
1.105059967041015625e+02
1.490480041503906250e+02
1.780879974365234375e+02
1.417079925537109375e+02
5.845199966430664062e+01
2.576839904785156250e+02
4.710320129394531250e+02
2.415700073242187500e+02
3.389330139160156250e+02
6.179700088500976562e+01
1.014687988281250000e+03
1.174499988555908203e+01
4.457959899902343750e+02
1.576109924316406250e+02
8.176450195312500000e+02
2.623370056152343750e+02
5.547999954223632812e+01
1.672800064086914062e+01
7.270999908447265625e+00
5.065830078125000000e+02
8.275199890136718750e+01
2.205919952392578125e+02
6.846630249023437500e+02
2.881400146484375000e+02
1.286159973144531250e+02
3.647279968261718750e+02
7.480699920654296875e+01
1.808099937438964844e+01
7.052200317382812500e+01
6.602100372314453125e+01
2.986300086975097656e+01
5.218399810791015625e+01
3.501759948730468750e+02
2.195070037841796875e+02
8.381099700927734375e+01
2.552599906921386719e+01
1.713820037841796875e+02
1.165070037841796875e+02
2.234880065917968750e+02
5.061969909667968750e+02
3.970140075683593750e+02
1.849360046386718750e+02
3.886500167846679688e+01
9.357099914550781250e+01
3.553599929809570312e+01
2.239530029296875000e+02
2.743290100097656250e+02
2.928999900817871094e+00
2.732309875488281250e+02
2.173309936523437500e+02
4.241380004882812500e+02
6.619999694824218750e+01
5.700600051879882812e+01
1.145699977874755859e+01
1.056799983978271484e+01
1.359099960327148438e+01
1.359360046386718750e+02
3.996699905395507812e+01
2.754609985351562500e+02
2.929000091552734375e+01
6.216400146484375000e+01
7.786690063476562500e+02
4.846700134277343750e+02
1.539389953613281250e+02
2.952879943847656250e+02
1.529519958496093750e+02
9.979000091552734375e+00
1.191179962158203125e+02
1.896170043945312500e+02
4.662380065917968750e+02
2.510829925537109375e+02
2.323849945068359375e+02
4.078819885253906250e+02
2.195899963378906250e+01
5.975999832153320312e+01
9.038369750976562500e+02
5.631929931640625000e+02
2.709949951171875000e+02
2.851000070571899414e+00
2.788699951171875000e+02
1.473400020599365234e+01
7.351899719238281250e+01
2.975199890136718750e+02
4.580889892578125000e+02
1.004899978637695312e+02
1.886029968261718750e+02
5.526710205078125000e+02
5.124810180664062500e+02
1.021299972534179688e+02
9.395700073242187500e+01
1.777199935913085938e+01
3.923300170898437500e+01
1.915359954833984375e+02
1.201259994506835938e+02
2.773930053710937500e+02
2.193400001525878906e+01
1.288970031738281250e+02
1.465670013427734375e+02
5.676200103759765625e+01
7.385880126953125000e+02
7.871700286865234375e+01
2.590600013732910156e+01
9.328500366210937500e+01
5.195700073242187500e+01
3.362460021972656250e+02
1.192500019073486328e+01
1.438990020751953125e+02
3.835580139160156250e+02
1.476999998092651367e+00
1.117050018310546875e+02
9.426999664306640625e+01
6.704799652099609375e+01
3.646699905395507812e+01
1.519839935302734375e+02
3.625190124511718750e+02
2.468899917602539062e+01
7.110500335693359375e+01
1.813899993896484375e+01
5.195100021362304688e+01
9.458699798583984375e+01
5.457600021362304688e+01
2.277530059814453125e+02
5.994849853515625000e+02
3.099530029296875000e+02
1.235719985961914062e+02
4.104419860839843750e+02
1.084779968261718750e+02
4.079400024414062500e+02
4.387879943847656250e+02
1.559080047607421875e+02
1.207369995117187500e+02
2.627500000000000000e+02
2.006799926757812500e+02
1.188860015869140625e+02
7.493859863281250000e+02
2.957520141601562500e+02
8.809290161132812500e+02
7.382700347900390625e+01
2.745799865722656250e+02
6.071000099182128906e+00
2.895939941406250000e+02
2.017539978027343750e+02
1.556710052490234375e+02
2.162999916076660156e+01
5.447520141601562500e+02
6.282000064849853516e+00
1.876390075683593750e+02
2.309369964599609375e+02
2.312910003662109375e+02
1.993099975585937500e+01
2.579999923706054688e+01
3.363779907226562500e+02
9.069999694824218750e+01
1.472619934082031250e+02
1.354385986328125000e+03
1.678110046386718750e+02
7.447670288085937500e+02
1.078509979248046875e+02
5.187599945068359375e+01
6.851359863281250000e+02
3.145740051269531250e+02
9.826200103759765625e+01
3.546830139160156250e+02
1.392666015625000000e+03
9.291000366210937500e+00
1.503459930419921875e+02
2.738059997558593750e+02
1.092360000610351562e+02
1.377099990844726562e+01
3.010660095214843750e+02
5.886939697265625000e+02
2.324900054931640625e+01
8.277799987792968750e+01
2.933989868164062500e+02
2.462100067138671875e+02
1.124940032958984375e+02
2.625169982910156250e+02
2.464479980468750000e+02
5.054119873046875000e+02
7.166100311279296875e+01
3.100320129394531250e+02
1.463679962158203125e+02
8.738309936523437500e+02
3.344979858398437500e+02
5.031299972534179688e+01
6.919130249023437500e+02
7.547100067138671875e+01
1.654899978637695312e+01
5.253889770507812500e+02
2.582990112304687500e+02
7.867500305175781250e+01
1.485000038146972656e+01
1.180869979858398438e+02
2.542999982833862305e+00
1.764730072021484375e+02
5.868799972534179688e+01
2.578909912109375000e+02
2.816310119628906250e+02
1.698320007324218750e+02
2.807799911499023438e+01
4.113009948730468750e+02
1.104550018310546875e+02
8.237999916076660156e+00
9.602000236511230469e+00
8.298289794921875000e+02
1.670429992675781250e+02
4.782999992370605469e+00
3.348999977111816406e+00
1.314149932861328125e+02
1.955400085449218750e+01
2.215650024414062500e+02
5.702199935913085938e+01
1.463200073242187500e+02
2.187100028991699219e+01
3.232950134277343750e+02
1.369100036621093750e+02
2.616189880371093750e+02
8.200299835205078125e+01
1.713000059127807617e+00
2.204510040283203125e+02
1.078209991455078125e+02
3.693710021972656250e+02
1.999259948730468750e+02
3.767999887466430664e+00
4.133599853515625000e+01
2.457399940490722656e+01
3.007359924316406250e+02
3.577999877929687500e+01
5.127799987792968750e+01
7.602899932861328125e+01
1.456620025634765625e+02
2.351510009765625000e+02
1.591210021972656250e+02
8.659100341796875000e+01
6.041040039062500000e+02
3.872800064086914062e+01
1.122360000610351562e+02
2.108110046386718750e+02
2.127980041503906250e+02
3.758110046386718750e+02
7.498000144958496094e+00
9.595300292968750000e+01
3.479750061035156250e+02
1.029500007629394531e+01
5.654199981689453125e+01
6.387440185546875000e+02
1.386269989013671875e+02
2.104290008544921875e+02
9.323799896240234375e+01
2.884000062942504883e+00
1.299040069580078125e+02
5.591999816894531250e+01
7.482299804687500000e+01
7.864800262451171875e+01
4.466400146484375000e+02
2.523179931640625000e+02
4.303499984741210938e+01
1.747469940185546875e+02
3.649859924316406250e+02
6.478020019531250000e+02
5.621400070190429688e+01
6.486299896240234375e+01
4.336220092773437500e+02
2.428249969482421875e+02
1.185350036621093750e+02
1.388447021484375000e+03
8.216300201416015625e+01
2.527960052490234375e+02
2.498100090026855469e+01
3.791600036621093750e+02
1.191529998779296875e+02
5.838999938964843750e+01
1.995859985351562500e+02
1.129631958007812500e+03
5.073899841308593750e+01
2.799890136718750000e+02
4.098600006103515625e+01
5.128799819946289062e+01
2.623840026855468750e+02
3.826250000000000000e+02
2.667780151367187500e+02
4.955450134277343750e+02
4.057799911499023438e+01
4.067399902343750000e+02
1.367700004577636719e+01
1.313350067138671875e+02
3.264389953613281250e+02
1.871840057373046875e+02
1.386979980468750000e+02
1.712579956054687500e+02
2.734840087890625000e+02
8.027550048828125000e+02
4.864999771118164062e+00
8.585199737548828125e+01
6.955430297851562500e+02
1.316219940185546875e+02
2.080299949645996094e+01
2.553040008544921875e+02
4.172879943847656250e+02
6.331900024414062500e+01
1.271849975585937500e+02
4.878499984741210938e+01
2.363410034179687500e+02
3.279450073242187500e+02
1.008059997558593750e+02
2.022030029296875000e+02
3.124689941406250000e+02
3.096990051269531250e+02
3.540440063476562500e+02
3.796159973144531250e+02
1.105380020141601562e+02
2.508820037841796875e+02
1.282600021362304688e+01
1.962339935302734375e+02
3.450099945068359375e+01
9.383300018310546875e+01
4.433800125122070312e+01
1.139039993286132812e+02
2.953309936523437500e+02
4.769700012207031250e+02
9.347999572753906250e+00
5.178280029296875000e+02
6.351979980468750000e+02
9.661859741210937500e+02
2.903819885253906250e+02
1.335999965667724609e+01
4.204999923706054688e+00
1.204729995727539062e+02
5.092000007629394531e+00
1.787999987602233887e+00
1.108420028686523438e+02
