8.259999752044677734e-01
4.779999852180480957e-01
8.500000089406967163e-02
8.289999961853027344e-01
7.760000228881835938e-01
8.100000023841857910e-02
5.799999833106994629e-01
1.459999978542327881e-01
4.699999839067459106e-02
1.062999963760375977e+00
4.210000038146972656e-01
5.680000185966491699e-01
7.500000298023223877e-02
4.379999935626983643e-01
6.039999723434448242e-01
1.280000060796737671e-01
2.000000094994902611e-03
3.569999933242797852e-01
7.900000363588333130e-02
3.370000123977661133e-01
3.109999895095825195e-01
1.650000065565109253e-01
7.039999961853027344e-01
1.250000000000000000e-01
1.218999981880187988e+00
9.470000267028808594e-01
1.999999955296516418e-02
7.239999771118164062e-01
5.000000074505805969e-02
8.900000154972076416e-02
3.540000021457672119e-01
3.089999854564666748e-01
1.889999955892562866e-01
9.100000262260437012e-01
2.870000004768371582e-01
5.899999737739562988e-01
1.685999989509582520e+00
4.449999928474426270e-01
1.650000065565109253e-01
1.156999945640563965e+00
6.620000004768371582e-01
4.169999957084655762e-01
1.129999980330467224e-01
4.000000059604644775e-01
1.979999989271163940e-01
9.000000357627868652e-02
1.640000045299530029e-01
2.099999934434890747e-01
8.299999833106994629e-01
2.169999927282333374e-01
2.082000017166137695e+00
5.189999938011169434e-01
1.070999979972839355e+00
7.990000247955322266e-01
3.799999952316284180e-01
3.109999895095825195e-01
9.700000286102294922e-02
2.639999985694885254e-01
9.499999880790710449e-02
7.870000004768371582e-01
9.999999776482582092e-03
1.400000005960464478e-01
3.659999966621398926e-01
2.930000126361846924e-01
5.170000195503234863e-01
1.000000047497451305e-03
3.000000119209289551e-01
2.899999916553497314e-02
3.310000002384185791e-01
2.849999964237213135e-01
1.580000072717666626e-01
1.281000018119812012e+00
1.774000048637390137e+00
3.000000119209289551e-01
4.499999880790710449e-01
1.260000020265579224e-01
5.749999880790710449e-01
2.360000014305114746e-01
3.330000042915344238e-01
4.699999988079071045e-01
1.504999995231628418e+00
4.920000135898590088e-01
1.843999981880187988e+00
2.489999979734420776e-01
1.040000021457672119e-01
3.869999945163726807e-01
1.000000047497451305e-03
6.750000119209289551e-01
1.108999967575073242e+00
4.140000045299530029e-01
1.023000001907348633e+00
2.989999949932098389e-01
1.739999949932098389e-01
9.240000247955322266e-01
2.730000019073486328e-01
6.100000068545341492e-02
4.769999980926513672e-01
2.399999946355819702e-01
4.679999947547912598e-01
2.240000069141387939e-01
1.261000037193298340e+00
8.259999752044677734e-01
4.699999839067459106e-02
2.899999916553497314e-01
2.500000000000000000e-01
9.789999723434448242e-01
1.901000022888183594e+00
6.010000109672546387e-01
7.620000243186950684e-01
2.619999945163726807e-01
2.450000047683715820e-01
2.779999971389770508e-01
5.809999704360961914e-01
2.899999916553497314e-02
3.050000071525573730e-01
5.950000286102294922e-01
1.207000017166137695e+00
5.970000028610229492e-01
1.199999973177909851e-01
3.420000076293945312e-01
3.339999914169311523e-01
1.598999977111816406e+00
3.540000021457672119e-01
6.710000038146972656e-01
1.044000029563903809e+00
1.469999998807907104e-01
8.900000154972076416e-02
1.519999951124191284e-01
4.950000047683715820e-01
6.199999898672103882e-02
3.759999871253967285e-01
8.200000226497650146e-02
1.650000065565109253e-01
1.400000043213367462e-02
3.989999890327453613e-01
1.239999979734420776e-01
2.360000014305114746e-01
4.580000042915344238e-01
2.989999949932098389e-01
5.210000276565551758e-01
2.649999856948852539e-01
4.399999976158142090e-02
5.139999985694885254e-01
5.799999833106994629e-02
9.600000083446502686e-02
9.129999876022338867e-01
9.099999815225601196e-02
1.106999993324279785e+00
2.500000037252902985e-02
3.079999983310699463e-01
2.020000070333480835e-01
0.000000000000000000e+00
2.020000070333480835e-01
8.100000023841857910e-02
1.499999966472387314e-02
9.399999976158142090e-01
9.819999933242797852e-01
1.679000020027160645e+00
2.639999985694885254e-01
2.099999971687793732e-02
6.100000068545341492e-02
2.019000053405761719e+00
1.860000044107437134e-01
2.300000004470348358e-02
1.656999945640563965e+00
4.869999885559082031e-01
8.699999749660491943e-02
2.939999997615814209e-01
2.049999982118606567e-01
1.819999963045120239e-01
1.759999990463256836e-01
1.113000035285949707e+00
2.599999904632568359e-01
2.469999939203262329e-01
6.320000290870666504e-01
7.000000029802322388e-02
5.070000290870666504e-01
3.580000102519989014e-01
1.850000023841857910e-01
4.869999885559082031e-01
7.429999709129333496e-01
2.119999885559082031e+00
5.490000247955322266e-01
8.000000379979610443e-03
1.414000034332275391e+00
8.629999756813049316e-01
2.078000068664550781e+00
4.079999923706054688e-01
1.150000020861625671e-01
3.200000151991844177e-02
5.279999971389770508e-01
1.899999938905239105e-02
5.170000195503234863e-01
4.199999943375587463e-02
3.829999864101409912e-01
5.230000019073486328e-01
2.000000029802322388e-01
1.780000030994415283e-01
9.999999776482582092e-03
2.189999967813491821e-01
1.054000020027160645e+00
2.910000085830688477e-01
9.490000009536743164e-01
6.320000290870666504e-01
1.180000007152557373e-01
8.330000042915344238e-01
7.940000295639038086e-01
1.040000021457672119e-01
3.589999973773956299e-01
2.210000008344650269e-01
3.880000114440917969e-01
5.009999871253967285e-01
1.200000010430812836e-02
4.600000008940696716e-02
4.300000071525573730e-01
1.770000010728836060e-01
1.613000035285949707e+00
6.280000209808349609e-01
2.750000059604644775e-01
2.949999868869781494e-01
9.200000017881393433e-02
2.460000067949295044e-01
1.618000030517578125e+00
1.180000007152557373e-01
1.332000017166137695e+00
1.089999973773956299e-01
4.300000146031379700e-02
1.150000020861625671e-01
7.900000363588333130e-02
2.549999952316284180e-01
4.729999899864196777e-01
3.700000047683715820e-01
4.970000088214874268e-01
9.700000286102294922e-02
1.519999951124191284e-01
1.593000054359436035e+00
1.070000007748603821e-01
1.809999942779541016e-01
3.079999983310699463e-01
1.276000022888183594e+00
9.099999815225601196e-02
5.659999847412109375e-01
4.239999949932098389e-01
1.150000020861625671e-01
5.009999871253967285e-01
6.869999766349792480e-01
4.300000146031379700e-02
7.749999761581420898e-01
1.148000001907348633e+00
1.780000030994415283e-01
3.190000057220458984e-01
7.310000061988830566e-01
3.379999995231628418e-01
3.230000138282775879e-01
3.689999878406524658e-01
3.689999878406524658e-01
2.419999986886978149e-01
1.274000048637390137e+00
4.289999902248382568e-01
9.440000057220458984e-01
5.139999985694885254e-01
2.020000070333480835e-01
2.060000002384185791e-01
1.812999963760375977e+00
9.900000095367431641e-01
1.090999960899353027e+00
1.363999962806701660e+00
6.299999952316284180e-01
6.299999952316284180e-01
5.400000140070915222e-02
7.299999892711639404e-02
2.969999909400939941e-01
2.860000133514404297e-01
8.569999933242797852e-01
4.210000038146972656e-01
2.479999959468841553e-01
3.319999873638153076e-01
2.000000029802322388e-01
1.089999973773956299e-01
3.810000121593475342e-01
4.679999947547912598e-01
1.169999986886978149e-01
4.880000054836273193e-01
8.900000154972076416e-02
2.440000027418136597e-01
8.500000089406967163e-02
1.700000092387199402e-02
1.969999969005584717e-01
4.790000021457672119e-01
3.680000007152557373e-01
7.220000028610229492e-01
8.280000090599060059e-01
3.269999921321868896e-01
4.889999926090240479e-01
5.360000133514404297e-01
1.544000029563903809e+00
8.069999814033508301e-01
3.639999926090240479e-01
6.610000133514404297e-01
7.000000216066837311e-03
2.625000000000000000e+00
1.289999932050704956e-01
1.319999992847442627e-01
4.930000007152557373e-01
1.980000019073486328e+00
1.095000028610229492e+00
1.870000064373016357e-01
2.500000037252902985e-02
8.699999749660491943e-02
3.470000028610229492e-01
5.999999865889549255e-02
2.680000066757202148e-01
3.459999859333038330e-01
2.879999876022338867e-01
1.008999943733215332e+00
1.999999955296516418e-02
9.399999678134918213e-02
1.843999981880187988e+00
4.909999966621398926e-01
3.230000138282775879e-01
4.059999883174896240e-01
4.309999942779541016e-01
2.919999957084655762e-01
1.280000060796737671e-01
1.850000023841857910e-01
7.799999713897705078e-01
9.600000083446502686e-02
4.259999990463256836e-01
7.369999885559082031e-01
4.799999892711639404e-01
2.105999946594238281e+00
1.565999984741210938e+00
4.129999876022338867e-01
8.259999752044677734e-01
6.599999964237213135e-02
3.900000080466270447e-02
1.270000040531158447e-01
1.529999971389770508e-01
4.100000113248825073e-02
3.319999873638153076e-01
3.089999854564666748e-01
4.999999888241291046e-03
4.999999888241291046e-03
4.410000145435333252e-01
3.549999892711639404e-01
1.759999990463256836e-01
3.379999995231628418e-01
7.239999771118164062e-01
6.660000085830688477e-01
2.280000001192092896e-01
8.220000267028808594e-01
1.589999943971633911e-01
2.319999933242797852e-01
2.090000063180923462e-01
1.650000065565109253e-01
6.890000104904174805e-01
1.010000035166740417e-01
1.162999987602233887e+00
1.780000030994415283e-01
6.300000101327896118e-02
1.499999966472387314e-02
8.699999749660491943e-02
5.499999970197677612e-02
1.182999968528747559e+00
6.610000133514404297e-01
4.600000008940696716e-02
7.480000257492065430e-01
1.101999998092651367e+00
1.360000073909759521e-01
9.419999718666076660e-01
1.700000017881393433e-01
3.299999982118606567e-02
6.570000052452087402e-01
4.199999943375587463e-02
5.569999814033508301e-01
5.920000076293945312e-01
9.269999861717224121e-01
3.200000151991844177e-02
6.090000271797180176e-01
4.830000102519989014e-01
7.440000176429748535e-01
4.149999916553497314e-01
1.177999973297119141e+00
2.700000070035457611e-02
7.199999690055847168e-02
1.000000000000000000e+00
1.940000057220458984e-01
1.411999940872192383e+00
5.709999799728393555e-01
1.411000013351440430e+00
8.280000090599060059e-01
3.799999877810478210e-02
1.969999969005584717e-01
4.199999943375587463e-02
7.599999755620956421e-02
1.150000020861625671e-01
4.020000100135803223e-01
9.399999678134918213e-02
1.330000013113021851e-01
1.439999938011169434e-01
1.180000007152557373e-01
4.100000113248825073e-02
1.429999947547912598e+00
1.739999949932098389e-01
7.799999713897705078e-01
6.190000176429748535e-01
1.307000041007995605e+00
8.399999737739562988e-01
2.890000045299530029e-01
2.639999985694885254e-01
1.450000047683715820e+00
2.610000073909759521e-01
5.529999732971191406e-01
1.340000033378601074e-01
2.700000107288360596e-01
4.410000145435333252e-01
1.260000020265579224e-01
1.054999947547912598e+00
1.589999943971633911e-01
1.940000057220458984e-01
8.659999966621398926e-01
1.093999981880187988e+00
3.099999949336051941e-02
7.000000216066837311e-03
2.129999995231628418e-01
4.769999980926513672e-01
1.475999951362609863e+00
6.499999761581420898e-01
5.569999814033508301e-01
4.749999940395355225e-01
6.420000195503234863e-01
4.569999873638153076e-01
7.110000252723693848e-01
4.900000095367431641e-01
6.110000014305114746e-01
1.481999993324279785e+00
6.370000243186950684e-01
4.670000076293945312e-01
5.090000033378601074e-01
8.600000292062759399e-02
1.159999966621398926e-01
5.490000247955322266e-01
1.532999992370605469e+00
1.184000015258789062e+00
1.319999992847442627e-01
1.031000018119812012e+00
4.300000146031379700e-02
1.620000004768371582e-01
3.569999933242797852e-01
2.669999897480010986e-01
3.560000061988830566e-01
1.729999929666519165e-01
5.159999728202819824e-01
4.320000112056732178e-01
1.424000024795532227e+00
8.100000023841857910e-02
6.420000195503234863e-01
2.409999966621398926e-01
7.599999755620956421e-02
1.190000027418136597e-01
1.208999991416931152e+00
5.699999928474426270e-01
5.379999876022338867e-01
6.200000047683715820e-01
3.572999954223632812e+00
2.084000110626220703e+00
1.021000027656555176e+00
5.830000042915344238e-01
2.399999946355819702e-01
1.078999996185302734e+00
5.899999737739562988e-01
3.600000143051147461e-01
2.127000093460083008e+00
5.529999732971191406e-01
5.070000290870666504e-01
2.199999988079071045e-02
5.900000035762786865e-02
1.000000047497451305e-03
4.830000102519989014e-01
1.567999958992004395e+00
1.599999964237213135e-01
1.019999980926513672e-01
1.036999940872192383e+00
5.910000205039978027e-01
4.889999926090240479e-01
1.720000058412551880e-01
5.809999704360961914e-01
5.519999861717224121e-01
1.399999976158142090e+00
7.599999755620956421e-02
8.320000171661376953e-01
1.420000046491622925e-01
4.040000140666961670e-01
2.199999988079071045e-01
1.589999943971633911e-01
2.739999890327453613e-01
1.400000005960464478e-01
4.560000002384185791e-01
1.440999984741210938e+00
5.030000209808349609e-01
5.149999856948852539e-01
3.849999904632568359e-01
3.840000033378601074e-01
3.330000042915344238e-01
1.570000052452087402e-01
3.379999995231628418e-01
5.419999957084655762e-01
7.749999761581420898e-01
8.000000379979610443e-03
8.999999612569808960e-03
2.399999946355819702e-01
4.309999942779541016e-01
8.379999995231628418e-01
5.699999928474426270e-01
8.900000154972076416e-02
1.140000000596046448e-01
7.940000295639038086e-01
3.700000047683715820e-02
2.029999941587448120e-01
8.529999852180480957e-01
1.077999949455261230e+00
2.259999960660934448e-01
7.000000216066837311e-03
7.000000029802322388e-02
3.170000016689300537e-01
7.900000363588333130e-02
2.600000053644180298e-02
9.200000017881393433e-02
5.329999923706054688e-01
4.000000189989805222e-03
4.300000146031379700e-02
3.829999864101409912e-01
2.759999930858612061e-01
5.899999737739562988e-01
4.280000030994415283e-01
2.599999904632568359e-01
6.259999871253967285e-01
1.029999971389770508e+00
6.819999814033508301e-01
1.105999946594238281e+00
5.019999742507934570e-01
1.149000048637390137e+00
4.050000011920928955e-01
4.900000095367431641e-01
1.330000042915344238e+00
5.400000140070915222e-02
2.649999856948852539e-01
2.509999871253967285e-01
4.959999918937683105e-01
8.730000257492065430e-01
1.401000022888183594e+00
5.910000205039978027e-01
1.509999930858612061e-01
4.569999873638153076e-01
1.172999978065490723e+00
2.259999960660934448e-01
1.044999957084655762e+00
4.370000064373016357e-01
1.218000054359436035e+00
1.260000020265579224e-01
3.100000023841857910e-01
2.809999883174896240e-01
1.260000020265579224e-01
7.630000114440917969e-01
2.680000066757202148e-01
3.880000114440917969e-01
1.700000017881393433e-01
2.899999916553497314e-02
2.060000002384185791e-01
2.509999871253967285e-01
7.300000190734863281e-01
1.209999993443489075e-01
2.409999966621398926e-01
4.560000002384185791e-01
1.710000038146972656e-01
1.159999966621398926e-01
1.999999955296516418e-02
1.136000037193298340e+00
1.590000033378601074e+00
5.320000052452087402e-01
5.630000233650207520e-01
1.239999979734420776e-01
4.490000009536743164e-01
9.900000095367431641e-01
5.030000209808349609e-01
3.240000009536743164e-01
7.860000133514404297e-01
3.000000026077032089e-03
1.404999971389770508e+00
4.129999876022338867e-01
9.399999678134918213e-02
6.859999895095825195e-01
6.000000052154064178e-03
2.779999971389770508e-01
4.999999888241291046e-03
7.699999958276748657e-02
4.670000076293945312e-01
3.799999877810478210e-02
4.500000178813934326e-02
5.000000074505805969e-02
3.240000009536743164e-01
2.890000045299530029e-01
4.709999859333038330e-01
1.756999969482421875e+00
7.279999852180480957e-01
1.030000001192092896e-01
2.949999868869781494e-01
1.590999960899353027e+00
5.099999904632568359e-02
1.289999932050704956e-01
7.400000095367431641e-02
6.970000267028808594e-01
1.422000050544738770e+00
1.040000021457672119e-01
1.080000028014183044e-01
5.299999713897705078e-01
1.990000009536743164e-01
3.860000073909759521e-01
7.829999923706054688e-01
4.880000054836273193e-01
4.500000178813934326e-02
1.860000044107437134e-01
8.799999952316284180e-02
3.860000073909759521e-01
3.729999959468841553e-01
1.999999955296516418e-02
2.389999926090240479e-01
1.220000013709068298e-01
3.980000019073486328e-01
3.610000014305114746e-01
1.246000051498413086e+00
1.780000030994415283e-01
4.070000052452087402e-01
9.909999966621398926e-01
6.620000004768371582e-01
4.499999880790710449e-01
5.099999904632568359e-01
6.600000262260437012e-01
1.169999986886978149e-01
5.830000042915344238e-01
1.659999936819076538e-01
1.600000075995922089e-02
1.003999948501586914e+00
1.159999966621398926e-01
4.000000189989805222e-03
2.000000029802322388e-01
9.869999885559082031e-01
1.630000025033950806e-01
1.965999960899353027e+00
8.140000104904174805e-01
1.710000038146972656e-01
1.270000040531158447e-01
3.500000014901161194e-02
1.049999967217445374e-01
5.960000157356262207e-01
3.810000121593475342e-01
6.629999876022338867e-01
7.829999923706054688e-01
2.800000086426734924e-02
6.200000047683715820e-01
2.099999934434890747e-01
4.790000021457672119e-01
5.569999814033508301e-01
3.519999980926513672e-01
3.840000033378601074e-01
2.709999978542327881e-01
3.560000061988830566e-01
3.249999880790710449e-01
6.899999827146530151e-02
2.099999971687793732e-02
1.949999928474426270e-01
7.960000038146972656e-01
2.520000040531158447e-01
1.156000018119812012e+00
1.182000041007995605e+00
2.440000027418136597e-01
1.245000004768371582e+00
4.000000189989805222e-03
1.480000019073486328e-01
4.560000002384185791e-01
1.187000036239624023e+00
4.300000146031379700e-02
8.900000154972076416e-02
5.370000004768371582e-01
7.749999761581420898e-01
1.289999932050704956e-01
1.539999991655349731e-01
5.000000074505805969e-02
3.700000047683715820e-02
3.770000040531158447e-01
4.129999876022338867e-01
2.599999904632568359e-01
2.569999992847442627e-01
3.950000107288360596e-01
1.609999984502792358e-01
1.729999929666519165e-01
7.900000363588333130e-02
2.043999910354614258e+00
1.889999955892562866e-01
1.959999948740005493e-01
1.770000010728836060e-01
1.393000006675720215e+00
1.199999973177909851e-01
2.189999967813491821e-01
1.499999966472387314e-02
6.919999718666076660e-01
9.639999866485595703e-01
2.529999911785125732e-01
9.269999861717224121e-01
7.100000232458114624e-02
3.639999926090240479e-01
7.340000271797180176e-01
1.379999965429306030e-01
7.000000216066837311e-03
6.520000100135803223e-01
1.899999938905239105e-02
1.106999993324279785e+00
2.610000073909759521e-01
1.177999973297119141e+00
2.190999984741210938e+00
6.209999918937683105e-01
8.709999918937683105e-01
1.650000065565109253e-01
1.011000037193298340e+00
1.853999972343444824e+00
5.149999856948852539e-01
3.729999959468841553e-01
2.840000092983245850e-01
9.110000133514404297e-01
2.750000059604644775e-01
2.150000035762786865e-01
2.140000015497207642e-01
5.350000262260437012e-01
3.930000066757202148e-01
6.620000004768371582e-01
2.199999988079071045e-02
2.779999971389770508e-01
8.299999684095382690e-02
1.603999972343444824e+00
5.360000133514404297e-01
2.739999890327453613e-01
8.659999966621398926e-01
2.500000037252902985e-02
3.600000143051147461e-01
6.460000276565551758e-01
1.166000008583068848e+00
3.359999954700469971e-01
5.329999923706054688e-01
1.700000092387199402e-02
5.830000042915344238e-01
1.381000041961669922e+00
1.049999967217445374e-01
3.009999990463256836e-01
1.519999951124191284e-01
1.567999958992004395e+00
1.643000006675720215e+00
2.240000069141387939e-01
1.077000021934509277e+00
7.220000028610229492e-01
7.299999892711639404e-02
4.149999916553497314e-01
2.380000054836273193e-01
1.439999938011169434e-01
1.159999966621398926e-01
1.860000044107437134e-01
6.899999827146530151e-02
7.279999852180480957e-01
6.779999732971191406e-01
1.509999930858612061e-01
2.949999868869781494e-01
4.440000057220458984e-01
1.669999957084655762e-01
1.192999958992004395e+00
6.460000276565551758e-01
1.427999973297119141e+00
1.299999952316284180e-01
2.259999960660934448e-01
1.749999970197677612e-01
3.889999985694885254e-01
1.411000013351440430e+00
1.791000008583068848e+00
7.670000195503234863e-01
2.199999988079071045e-01
2.450000047683715820e-01
8.299999684095382690e-02
2.829999923706054688e-01
9.200000017881393433e-02
3.299999982118606567e-02
2.510999917984008789e+00
4.699999839067459106e-02
1.159999966621398926e-01
1.338999986648559570e+00
1.180000007152557373e-01
4.729999899864196777e-01
2.469999939203262329e-01
5.109999775886535645e-01
1.139999985694885254e+00
6.269999742507934570e-01
3.350000083446502686e-01
9.999999776482582092e-03
1.333999991416931152e+00
5.500000119209289551e-01
4.289999902248382568e-01
9.200000017881393433e-02
2.300000004470348358e-02
5.099999904632568359e-02
1.780000030994415283e-01
7.730000019073486328e-01
6.449999809265136719e-01
1.420000046491622925e-01
8.539999723434448242e-01
9.089999794960021973e-01
2.649999856948852539e-01
5.879999995231628418e-01
2.800000086426734924e-02
1.400000005960464478e-01
2.999999932944774628e-02
5.970000028610229492e-01
3.100000023841857910e-01
3.099999949336051941e-02
4.899999871850013733e-02
1.095000028610229492e+00
3.099999949336051941e-02
2.899999916553497314e-01
8.389999866485595703e-01
1.430000066757202148e-01
4.000000189989805222e-03
1.457000017166137695e+00
1.850000023841857910e-01
4.499999880790710449e-01
2.930000126361846924e-01
6.599999964237213135e-02
7.580000162124633789e-01
7.100000232458114624e-02
1.000000014901161194e-01
9.760000109672546387e-01
5.849999785423278809e-01
4.850000143051147461e-01
1.000000014901161194e-01
8.900000154972076416e-02
4.800000041723251343e-02
2.619999945163726807e-01
2.400000020861625671e-02
1.319999992847442627e-01
4.050000011920928955e-01
2.428999900817871094e+00
5.509999990463256836e-01
2.479999959468841553e-01
9.039999842643737793e-01
5.490000247955322266e-01
1.560000032186508179e-01
3.599999845027923584e-02
1.539999991655349731e-01
3.190000057220458984e-01
2.460000067949295044e-01
8.040000200271606445e-01
4.339999854564666748e-01
5.469999909400939941e-01
1.924999952316284180e+00
3.900000080466270447e-02
7.000000029802322388e-02
2.450000047683715820e-01
2.129999995231628418e-01
8.999999612569808960e-03
1.700000092387199402e-02
7.870000004768371582e-01
9.959999918937683105e-01
9.799999743700027466e-02
1.480000019073486328e-01
4.899999871850013733e-02
1.990000009536743164e-01
5.759999752044677734e-01
1.410000026226043701e-01
9.340000152587890625e-01
2.730000019073486328e-01
1.245000004768371582e+00
2.649999856948852539e-01
8.569999933242797852e-01
2.339999973773956299e-01
1.330000013113021851e-01
2.509999871253967285e-01
3.059999942779541016e-01
3.409999907016754150e-01
1.371000051498413086e+00
6.320000290870666504e-01
1.600000075995922089e-02
7.450000047683715820e-01
9.409999847412109375e-01
4.329999983310699463e-01
1.420000046491622925e-01
3.089999854564666748e-01
4.629999995231628418e-01
8.209999799728393555e-01
1.000000047497451305e-03
4.900000095367431641e-01
1.215000033378601074e+00
2.290000021457672119e-01
2.800000011920928955e-01
9.810000061988830566e-01
3.899999856948852539e-01
6.880000233650207520e-01
5.040000081062316895e-01
6.069999933242797852e-01
1.120000034570693970e-01
8.500000089406967163e-02
4.300000071525573730e-01
8.200000226497650146e-02
2.750000059604644775e-01
1.031000018119812012e+00
6.880000233650207520e-01
1.180000007152557373e-01
2.689999938011169434e-01
2.290000021457672119e-01
5.860000252723693848e-01
3.128000020980834961e+00
3.009999990463256836e-01
1.589999943971633911e-01
1.455000042915344238e+00
4.779999852180480957e-01
5.400000140070915222e-02
1.299999952316284180e-01
6.729999780654907227e-01
1.280000060796737671e-01
2.770000100135803223e-01
5.049999952316284180e-01
1.319999992847442627e-01
6.869999766349792480e-01
6.470000147819519043e-01
2.989999949932098389e-01
3.030000030994415283e-01
2.540000081062316895e-01
7.000000029802322388e-02
6.399999856948852539e-01
1.274000048637390137e+00
5.979999899864196777e-01
8.470000028610229492e-01
1.430000066757202148e-01
1.243000030517578125e+00
4.009999930858612061e-01
4.189999997615814209e-01
3.799999952316284180e-01
1.280000060796737671e-01
1.790000051259994507e-01
8.100000023841857910e-02
2.829999923706054688e-01
1.420000046491622925e-01
4.970000088214874268e-01
2.249999940395355225e-01
5.900000035762786865e-02
8.519999980926513672e-01
1.689999997615814209e-01
2.770000100135803223e-01
3.459999859333038330e-01
3.589999973773956299e-01
5.720000267028808594e-01
5.799999833106994629e-02
2.759999930858612061e-01
1.480000019073486328e-01
1.430000066757202148e-01
1.089999973773956299e-01
7.000000216066837311e-03
4.300000071525573730e-01
6.980000138282775879e-01
5.310000181198120117e-01
1.072000026702880859e+00
1.171000003814697266e+00
7.199999690055847168e-02
3.950000107288360596e-01
4.050000011920928955e-01
3.359999954700469971e-01
6.800000369548797607e-02
6.610000133514404297e-01
1.620000004768371582e-01
1.075000047683715820e+00
8.000000119209289551e-01
8.399999886751174927e-02
2.160000056028366089e-01
6.830000281333923340e-01
1.609999984502792358e-01
3.400000184774398804e-02
1.679999977350234985e-01
8.799999952316284180e-02
2.180999994277954102e+00
3.930000066757202148e-01
1.463999986648559570e+00
2.939999997615814209e-01
7.739999890327453613e-01
5.000000074505805969e-02
1.422000050544738770e+00
6.050000190734863281e-01
3.880000114440917969e-01
6.719999909400939941e-01
7.120000123977661133e-01
9.300000220537185669e-02
8.000000379979610443e-03
4.300000146031379700e-02
3.059999942779541016e-01
3.269999921321868896e-01
2.108999967575073242e+00
4.550000131130218506e-01
