8.882661718750000000e+04
3.853886962890625000e+03
3.054812011718750000e+03
7.692746875000000000e+04
1.094325312500000000e+05
4.868482500000000000e+05
4.181440124511718750e+02
7.728642500000000000e+05
2.011428955078125000e+03
9.123192382812500000e+03
4.569625000000000000e+03
8.938135000000000000e+05
5.898274609375000000e+04
3.880156005859375000e+03
3.744357910156250000e+03
9.940191250000000000e+05
6.648555468750000000e+04
5.134080200195312500e+02
2.849145019531250000e+03
3.732351074218750000e+03
3.086750000000000000e+06
1.010814375000000000e+05
3.376058105468750000e+03
1.120112500000000000e+04
8.506601562500000000e+04
7.654171093750000000e+04
6.195155761718750000e+03
4.117763183593750000e+03
1.452246750000000000e+06
1.417632625000000000e+06
6.235998750000000000e+05
4.404509887695312500e+02
2.500416718750000000e+05
3.658384375000000000e+05
2.043937011718750000e+03
2.546323974609375000e+03
9.095880126953125000e+02
6.312430625000000000e+05
1.549810375000000000e+06
1.501219970703125000e+03
1.029462792968750000e+04
2.841961132812500000e+04
3.354583007812500000e+03
2.986798437500000000e+05
4.011946044921875000e+03
3.952722900390625000e+03
2.008503875000000000e+06
6.545244375000000000e+05
4.654426757812500000e+03
4.483896484375000000e+04
5.908916015625000000e+03
6.554439843750000000e+04
1.679752929687500000e+04
1.840253051757812500e+03
3.689620056152343750e+02
8.332901367187500000e+03
1.606248000000000000e+06
1.257275390625000000e+04
1.037010009765625000e+03
9.916272656250000000e+04
1.914466601562500000e+04
1.412045500000000000e+06
1.068544375000000000e+05
5.698230625000000000e+05
6.704580078125000000e+02
1.322879028320312500e+03
6.426699829101562500e+01
7.223667968750000000e+03
2.147906500000000000e+06
1.497035500000000000e+06
1.757028125000000000e+04
1.440616210937500000e+04
4.464491406250000000e+04
1.135181030273437500e+03
2.871701904296875000e+03
7.306350097656250000e+02
1.009193969726562500e+03
2.636225000000000000e+06
3.592802978515625000e+03
3.966419921875000000e+03
1.450682983398437500e+03
3.996629687500000000e+04
9.125709838867187500e+02
1.897192016601562500e+03
5.979395019531250000e+03
2.830010070800781250e+02
1.267137695312500000e+04
1.236478593750000000e+05
1.947932983398437500e+03
1.248538183593750000e+04
2.374224023437500000e+04
2.173417750000000000e+06
1.030245812500000000e+06
3.823805468750000000e+04
3.254028125000000000e+05
1.189024765625000000e+05
3.740540000000000000e+06
3.145719909667968750e+02
1.057391894531250000e+04
4.849170898437500000e+03
7.191615625000000000e+05
1.281420043945312500e+03
9.945547500000000000e+05
2.786426250000000000e+06
5.534795000000000000e+05
1.525478027343750000e+03
9.738724375000000000e+05
4.715549500000000000e+06
4.042612060546875000e+03
9.780161875000000000e+05
1.430569946289062500e+03
1.768011718750000000e+05
6.611170043945312500e+02
1.747646972656250000e+03
1.689603320312500000e+04
2.096801718750000000e+05
7.020958750000000000e+05
1.810901000976562500e+03
3.863543359375000000e+04
5.007387207031250000e+03
6.203993750000000000e+05
3.537432421875000000e+04
1.051893164062500000e+04
1.964271679687500000e+04
5.628608886718750000e+03
3.807556640625000000e+04
2.939296250000000000e+05
1.073291000000000000e+06
6.345689697265625000e+02
3.469878515625000000e+04
3.208750000000000000e+02
7.764586250000000000e+05
8.178285000000000000e+05
1.308281982421875000e+03
2.479184687500000000e+05
3.242276367187500000e+04
1.246780014038085938e+02
3.763150024414062500e+02
1.863164500000000000e+06
4.923244140625000000e+03
1.290249023437500000e+03
1.719263085937500000e+04
4.848034179687500000e+03
4.744939941406250000e+03
6.951407226562500000e+03
6.045685625000000000e+05
2.158950500000000000e+06
4.062126953125000000e+04
5.946941894531250000e+03
4.640263125000000000e+05
8.031678125000000000e+05
8.845167968750000000e+03
1.447810058593750000e+03
3.397131250000000000e+04
5.325810546875000000e+04
7.861480957031250000e+03
2.446101000000000000e+06
4.642635546875000000e+04
4.964312011718750000e+03
1.842861875000000000e+06
1.594776562500000000e+04
1.773723022460937500e+03
7.108566894531250000e+03
7.573430175781250000e+02
2.375158500000000000e+06
1.951316406250000000e+04
4.264762207031250000e+03
5.093735625000000000e+05
2.785899925231933594e+01
3.751113037109375000e+03
6.313279785156250000e+03
1.090984500000000000e+06
2.781540000000000000e+06
3.683120117187500000e+02
1.890624609375000000e+04
8.431560058593750000e+02
6.779101074218750000e+03
1.314444335937500000e+04
2.945323974609375000e+03
3.002934082031250000e+03
7.999680175781250000e+02
4.448926757812500000e+03
2.662304492187500000e+04
6.403845214843750000e+03
5.508369750976562500e+02
1.245632031250000000e+04
7.070070800781250000e+03
2.056718994140625000e+03
2.348893281250000000e+05
9.021450195312500000e+02
6.315164062500000000e+03
4.142987187500000000e+05
8.834566875000000000e+05
8.997109985351562500e+02
3.985884375000000000e+04
1.087602968750000000e+05
6.361337890625000000e+03
9.652998046875000000e+03
3.272161523437500000e+04
9.556205078125000000e+03
1.894216250000000000e+06
1.251135009765625000e+03
1.276547578125000000e+05
5.883429199218750000e+03
1.271840942382812500e+03
4.791870117187500000e+02
3.342430114746093750e+02
5.727347167968750000e+03
5.827910156250000000e+02
4.431151875000000000e+05
1.415717675781250000e+04
3.897147656250000000e+04
4.674520625000000000e+05
5.682470092773437500e+02
2.761299072265625000e+03
6.103060302734375000e+02
5.421440625000000000e+05
2.650713671875000000e+04
9.437449951171875000e+02
4.991187011718750000e+03
4.534283125000000000e+05
3.525358203125000000e+04
4.904778750000000000e+05
9.485670898437500000e+03
5.790637500000000000e+04
3.093236718750000000e+04
2.072667968750000000e+05
3.147374062500000000e+05
8.176520996093750000e+03
1.534925000000000000e+04
2.451425937500000000e+05
2.630022949218750000e+03
5.849494140625000000e+03
1.783787963867187500e+03
7.720185156250000000e+04
1.962546997070312500e+03
1.795598500000000000e+06
4.617373046875000000e+03
5.088201562500000000e+04
1.847114125000000000e+06
3.588858750000000000e+05
5.092380859375000000e+03
2.924947998046875000e+03
4.486984062500000000e+05
9.845226250000000000e+05
2.547502929687500000e+03
1.412404052734375000e+03
1.220890722656250000e+04
5.617174804687500000e+03
5.521776562500000000e+04
1.302016171875000000e+05
3.077302978515625000e+03
1.246822734375000000e+05
9.089534375000000000e+05
5.994943750000000000e+05
1.993931030273437500e+03
1.430493875000000000e+06
1.927563867187500000e+04
4.847780151367187500e+02
2.062660156250000000e+04
1.436352625000000000e+06
8.838585000000000000e+05
2.410905750000000000e+06
1.211833007812500000e+03
1.912271093750000000e+04
4.399560937500000000e+05
3.243228027343750000e+03
3.153767773437500000e+04
7.795142500000000000e+05
1.658395019531250000e+03
1.572986230468750000e+04
2.282535000000000000e+05
7.984203750000000000e+05
1.285265527343750000e+04
6.868076875000000000e+05
3.759713125000000000e+05
1.746293945312500000e+03
4.727049865722656250e+02
4.713417578125000000e+04
1.287276000976562500e+03
9.319400024414062500e+02
2.520143945312500000e+04
3.501363500000000000e+06
1.124114875000000000e+06
7.574099731445312500e+02
5.811580625000000000e+05
3.949181250000000000e+05
5.212356562500000000e+05
4.041704101562500000e+03
3.305564941406250000e+03
3.249194335937500000e+04
1.011554016113281250e+03
3.916796875000000000e+05
2.034226953125000000e+04
4.403726074218750000e+03
2.142110107421875000e+03
3.381145996093750000e+03
1.273477539062500000e+04
3.705119140625000000e+04
8.611501953125000000e+03
1.153284375000000000e+06
2.522283203125000000e+04
6.508703750000000000e+05
2.275749969482421875e+02
2.719467750000000000e+06
1.112936035156250000e+04
4.890994140625000000e+03
9.093155000000000000e+05
2.703559082031250000e+03
5.547865234375000000e+04
1.027406171875000000e+05
5.869433105468750000e+03
1.012785253906250000e+04
2.484174804687500000e+04
6.048835000000000000e+05
3.445451904296875000e+03
1.653781982421875000e+03
9.982640625000000000e+05
5.295071777343750000e+03
8.380908203125000000e+03
7.804723125000000000e+05
4.243701171875000000e+03
3.159116943359375000e+03
6.026071777343750000e+03
6.896688964843750000e+03
2.643342773437500000e+04
3.220967812500000000e+05
1.204553417968750000e+04
2.250711523437500000e+04
6.664619750976562500e+02
1.069512125000000000e+06
8.189224375000000000e+05
2.330881054687500000e+04
1.580418437500000000e+05
2.767193359375000000e+04
2.861268750000000000e+04
4.032175390625000000e+04
1.367068969726562500e+03
3.952549609375000000e+04
1.525709218750000000e+05
2.852034750000000000e+06
6.784355625000000000e+05
3.643060546875000000e+04
1.319285034179687500e+03
6.892352500000000000e+05
5.822670288085937500e+02
7.420976074218750000e+03
4.767083593750000000e+04
1.945505004882812500e+03
8.388082031250000000e+03
5.883049926757812500e+02
1.032084937500000000e+06
5.394261250000000000e+05
2.940411562500000000e+05
1.437619018554687500e+03
3.778438281250000000e+04
4.776027832031250000e+03
2.822989013671875000e+03
9.023991250000000000e+05
1.142546875000000000e+04
1.942939257812500000e+04
1.136751718750000000e+05
6.520056152343750000e+03
2.994258000000000000e+06
1.116070800781250000e+04
2.581682226562500000e+04
1.757381958007812500e+03
4.863370056152343750e+02
1.427224218750000000e+04
1.042306738281250000e+04
1.763780859375000000e+04
1.456721562500000000e+05
7.254420166015625000e+02
7.821002500000000000e+05
9.134180625000000000e+05
1.438085058593750000e+04
1.090395996093750000e+03
9.081736250000000000e+05
2.110090039062500000e+04
1.213169531250000000e+05
2.085967000000000000e+06
4.992608886718750000e+03
1.696849125000000000e+06
2.680249938964843750e+02
3.048905312500000000e+05
1.078788940429687500e+03
2.884413085937500000e+03
1.091343994140625000e+03
1.048361328125000000e+04
5.465153125000000000e+04
6.641910937500000000e+04
4.698613437500000000e+05
3.020875976562500000e+04
8.723771484375000000e+03
3.006527734375000000e+04
5.687458593750000000e+04
3.587343017578125000e+03
1.163983007812500000e+04
5.842771972656250000e+03
3.662247070312500000e+03
1.095351796875000000e+05
8.596439819335937500e+02
2.904347500000000000e+05
2.230535250000000000e+06
5.735862500000000000e+05
6.125933105468750000e+03
2.160292578125000000e+04
7.038288281250000000e+04
1.904670375000000000e+06
2.683687988281250000e+03
1.005810312500000000e+06
1.884443750000000000e+04
1.237696484375000000e+05
1.324063750000000000e+06
2.661343750000000000e+04
5.135460937500000000e+03
1.011546997070312500e+03
1.625099945068359375e+01
2.098178320312500000e+04
5.736290039062500000e+03
9.595989990234375000e+02
1.081798950195312500e+03
9.451941250000000000e+05
4.175517187500000000e+04
5.799119873046875000e+02
4.350618437500000000e+05
2.586845507812500000e+04
2.644682812500000000e+04
7.903769531250000000e+04
2.302030029296875000e+03
2.161594250000000000e+06
3.600279052734375000e+03
7.385473125000000000e+05
4.343824609375000000e+04
9.872491250000000000e+05
3.942509033203125000e+03
1.218740156250000000e+05
1.471561035156250000e+03
2.799689257812500000e+04
6.949927500000000000e+05
1.074526660156250000e+04
3.405746093750000000e+03
1.115064648437500000e+04
3.815870312500000000e+04
2.363145996093750000e+03
3.910647949218750000e+03
1.657215156250000000e+05
8.270182617187500000e+03
1.156000976562500000e+03
1.104401074218750000e+04
1.573032421875000000e+04
6.257323828125000000e+04
1.345657910156250000e+04
1.572135937500000000e+05
6.019183750000000000e+05
4.559585937500000000e+03
1.872208500000000000e+06
1.015279296875000000e+05
3.244659375000000000e+05
1.881076562500000000e+05
7.053732910156250000e+03
1.586634531250000000e+05
1.386753051757812500e+03
1.083405703125000000e+05
3.958940625000000000e+05
1.359044238281250000e+04
6.418334960937500000e+03
3.388398925781250000e+03
5.379226250000000000e+05
1.068686640625000000e+05
1.249765991210937500e+03
2.287831835937500000e+04
7.540580625000000000e+05
6.658175781250000000e+03
3.541464687500000000e+05
8.725599975585937500e+02
2.889461718750000000e+04
2.520147500000000000e+06
1.300842250000000000e+06
3.255490312500000000e+05
4.654375976562500000e+03
9.332019531250000000e+04
1.440492375000000000e+06
4.642369995117187500e+02
3.462504687500000000e+04
1.083853710937500000e+04
2.535131103515625000e+03
3.799551025390625000e+03
1.161193125000000000e+06
5.592100097656250000e+03
3.049933105468750000e+03
3.175369726562500000e+04
2.050824804687500000e+04
6.194940185546875000e+02
9.331412500000000000e+04
3.529047265625000000e+04
4.317610839843750000e+03
2.996724218750000000e+04
1.021289978027343750e+02
2.867009375000000000e+04
8.178339843750000000e+02
1.421352050781250000e+03
3.722200012207031250e+01
2.706289978027343750e+02
9.988955000000000000e+05
3.840918750000000000e+06
1.920774047851562500e+03
2.943716015625000000e+04
6.135080078125000000e+04
3.507146972656250000e+03
1.377838989257812500e+03
1.060880004882812500e+03
3.043420703125000000e+04
4.067573125000000000e+05
1.907020507812500000e+04
1.579652954101562500e+03
8.491459960937500000e+02
1.419332750000000000e+06
1.085644921875000000e+05
7.226329687500000000e+04
4.069016113281250000e+03
5.021789855957031250e+02
7.012680053710937500e+02
1.501933593750000000e+05
4.823781875000000000e+05
1.992341250000000000e+05
6.379587109375000000e+04
2.542975781250000000e+05
1.620326625000000000e+06
1.259209000000000000e+06
3.359630126953125000e+02
7.938330468750000000e+04
5.583562500000000000e+05
1.186969970703125000e+03
6.321075390625000000e+04
3.189226875000000000e+05
8.953346875000000000e+05
2.005397343750000000e+05
1.336036987304687500e+03
1.758880004882812500e+03
4.377205000000000000e+05
7.671699829101562500e+02
1.313555125000000000e+06
8.946414843750000000e+04
1.998657958984375000e+03
1.002356437500000000e+06
3.972302734375000000e+04
2.500063964843750000e+03
1.596873535156250000e+04
1.841436035156250000e+03
3.421516796875000000e+04
1.688228250000000000e+06
7.969495625000000000e+05
5.167969238281250000e+03
1.070056500000000000e+06
1.277229785156250000e+04
2.189458750000000000e+06
3.397732910156250000e+03
1.225848875000000000e+06
1.385250000000000000e+03
1.662583984375000000e+03
8.518941250000000000e+05
1.693352148437500000e+04
1.713471093750000000e+05
5.127847812500000000e+05
3.630568750000000000e+04
9.167304687500000000e+03
8.066697656250000000e+04
3.790865625000000000e+04
6.037730102539062500e+02
2.899214648437500000e+04
9.283695625000000000e+05
1.817803750000000000e+06
2.633323046875000000e+04
2.089633593750000000e+05
9.251922851562500000e+03
2.509561000000000000e+06
8.840692382812500000e+03
1.787931750000000000e+06
5.276161000000000000e+06
2.675750312500000000e+05
8.245961914062500000e+03
3.300872656250000000e+04
2.728164062500000000e+05
4.208413750000000000e+05
2.676203906250000000e+04
1.377802375000000000e+06
2.066012250000000000e+06
5.117645625000000000e+05
3.700429931640625000e+03
2.062369140625000000e+04
7.273899841308593750e+01
4.487288750000000000e+05
2.185276171875000000e+04
2.510216064453125000e+03
2.451897949218750000e+03
3.150116875000000000e+05
6.452265234375000000e+04
8.443601250000000000e+05
7.461514160156250000e+03
6.540100097656250000e+01
8.026838281250000000e+04
5.142773925781250000e+03
2.972304687500000000e+04
1.589807812500000000e+05
1.464412750000000000e+06
7.257494531250000000e+04
1.794081835937500000e+04
5.378184082031250000e+03
8.114132812500000000e+03
9.282542968750000000e+03
6.815550781250000000e+03
3.077364990234375000e+03
4.349633789062500000e+03
4.213884375000000000e+04
1.126514921875000000e+05
8.621390625000000000e+03
3.055288000000000000e+06
1.630161987304687500e+03
1.789995971679687500e+03
2.303952880859375000e+03
1.185117375000000000e+06
4.740100097656250000e+03
4.741001953125000000e+03
1.435143750000000000e+06
1.079770214843750000e+04
3.409230957031250000e+03
1.510151977539062500e+03
2.301804750000000000e+06
3.535210312500000000e+05
8.157007812500000000e+03
1.007765991210937500e+03
8.825499725341796875e+01
2.829321250000000000e+05
2.544757812500000000e+04
2.269066992187500000e+04
4.634570007324218750e+02
7.692559082031250000e+03
6.604260253906250000e+02
1.294695410156250000e+04
3.515812011718750000e+03
2.238879375000000000e+05
4.671830078125000000e+04
3.106632187500000000e+05
8.376606250000000000e+04
1.064317675781250000e+04
6.266096191406250000e+03
1.539732625000000000e+06
2.753890075683593750e+02
1.338515991210937500e+03
4.850397949218750000e+03
3.580100097656250000e+02
1.175300025939941406e+01
3.675738037109375000e+03
1.448609924316406250e+02
1.524827875000000000e+06
1.242786621093750000e+04
2.272326953125000000e+04
2.272677978515625000e+03
8.019998437500000000e+04
2.831593554687500000e+04
9.694846250000000000e+05
2.279391210937500000e+04
2.667797119140625000e+03
3.844519958496093750e+02
1.133219042968750000e+04
2.879738000000000000e+06
1.535953750000000000e+06
2.451393066406250000e+03
4.342338867187500000e+03
5.127843125000000000e+05
1.722614875000000000e+06
3.041672119140625000e+03
9.289341406250000000e+04
1.651721484375000000e+04
5.719445625000000000e+05
4.178950781250000000e+04
1.139212500000000000e+06
5.464639160156250000e+03
4.298406875000000000e+05
2.952764000000000000e+06
5.198824375000000000e+05
3.596245117187500000e+03
2.191293359375000000e+04
5.271821250000000000e+05
6.072044375000000000e+05
5.919595625000000000e+05
1.512964687500000000e+05
1.052986093750000000e+05
1.377452026367187500e+03
1.233200488281250000e+04
2.243609924316406250e+02
4.126939843750000000e+04
1.757146093750000000e+04
2.161371093750000000e+03
4.116025390625000000e+04
4.872308437500000000e+05
6.411001953125000000e+03
1.307541640625000000e+05
9.276339721679687500e+02
1.617531625000000000e+06
1.049251250000000000e+06
5.367151250000000000e+05
1.014622812500000000e+05
2.995660937500000000e+05
1.212840527343750000e+04
8.572321289062500000e+03
1.580349804687500000e+04
4.381396484375000000e+04
1.920690820312500000e+04
5.709648750000000000e+05
2.004759765625000000e+04
5.389362792968750000e+03
4.456918945312500000e+03
3.012187988281250000e+03
4.564116015625000000e+04
1.755999250000000000e+06
8.246030273437500000e+02
9.892449951171875000e+02
1.391485156250000000e+05
1.191693554687500000e+04
4.477470214843750000e+03
1.582053955078125000e+03
1.162790039062500000e+03
9.465579833984375000e+02
3.059024062500000000e+05
8.820470000000000000e+05
5.479537109375000000e+03
6.423857500000000000e+05
5.101975097656250000e+03
9.199119873046875000e+02
1.243733032226562500e+03
5.643161132812500000e+03
1.457154052734375000e+03
8.505399780273437500e+02
4.196188671875000000e+04
8.999508789062500000e+03
1.262561484375000000e+05
2.343885986328125000e+03
6.210073046875000000e+04
9.165350000000000000e+04
1.599462250000000000e+06
5.355205000000000000e+05
6.106519775390625000e+02
2.332919000000000000e+06
1.104286875000000000e+06
7.418596875000000000e+05
2.550034912109375000e+03
5.276516250000000000e+05
1.110397949218750000e+03
3.130354000000000000e+06
1.204266093750000000e+05
4.206332031250000000e+03
1.258685058593750000e+03
2.340557812500000000e+05
6.013108886718750000e+03
8.252996875000000000e+05
6.592264160156250000e+03
3.601026953125000000e+04
3.375421484375000000e+04
1.550646562500000000e+05
1.566080625000000000e+05
1.300013964843750000e+04
3.180135500000000000e+06
1.499634375000000000e+06
8.418460083007812500e+02
1.510738037109375000e+03
7.253068750000000000e+04
4.172585937500000000e+03
1.815684375000000000e+05
1.307702578125000000e+05
2.430993896484375000e+03
2.114520019531250000e+03
7.041045312500000000e+04
1.772141967773437500e+03
9.589420000000000000e+05
4.891580625000000000e+05
9.509793750000000000e+04
2.993631875000000000e+05
4.960377734375000000e+04
1.020649121093750000e+04
4.405028515625000000e+04
8.872166992187500000e+03
1.752109985351562500e+02
2.666653000000000000e+06
1.497180000000000000e+06
2.538651250000000000e+06
6.668555625000000000e+05
1.610239013671875000e+03
4.962969970703125000e+02
2.587617250000000000e+06
1.280595859375000000e+05
1.752196625000000000e+06
2.574032958984375000e+03
5.660863769531250000e+03
4.885032812500000000e+05
6.339061250000000000e+05
7.333248046875000000e+03
8.528939843750000000e+04
4.584603906250000000e+04
6.863299804687500000e+03
8.879469531250000000e+04
3.980690625000000000e+04
2.649621093750000000e+03
9.516447265625000000e+03
1.555365722656250000e+04
1.456375000000000000e+03
2.727970625000000000e+05
3.965558593750000000e+04
3.475507080078125000e+03
6.767533203125000000e+03
7.135349121093750000e+03
2.033024218750000000e+05
2.786026367187500000e+04
3.575219970703125000e+03
2.889180664062500000e+04
1.709556030273437500e+03
1.604775000000000000e+04
3.022216796875000000e+04
6.653092187500000000e+04
4.762405000000000000e+05
5.766749877929687500e+02
1.851519927978515625e+02
1.482619750000000000e+06
8.906979980468750000e+02
1.136503250000000000e+06
1.510597656250000000e+05
6.278579711914062500e+02
5.350777832031250000e+03
5.281295898437500000e+03
5.552490234375000000e+02
4.721500015258789062e+01
5.007274902343750000e+03
2.960364453125000000e+04
2.399538500000000000e+06
1.699666992187500000e+03
1.595724750000000000e+06
5.478175781250000000e+04
5.513835937500000000e+03
3.723256103515625000e+03
3.859119873046875000e+02
6.844018750000000000e+05
1.104540000000000000e+06
6.284505468750000000e+04
3.939054931640625000e+03
1.893582226562500000e+04
6.351583750000000000e+05
1.790643593750000000e+05
2.349824375000000000e+05
2.851918945312500000e+03
1.003479062500000000e+06
3.004880625000000000e+05
3.830690000000000000e+06
1.460846777343750000e+04
1.302541210937500000e+04
2.819570007324218750e+02
8.344546093750000000e+04
2.231181562500000000e+05
4.518191894531250000e+03
1.555109008789062500e+03
2.996029052734375000e+03
1.583222250000000000e+06
1.169421997070312500e+03
1.967885009765625000e+03
5.091055078125000000e+04
5.680510000000000000e+05
7.360082031250000000e+03
1.077163940429687500e+03
6.756759375000000000e+04
1.016057031250000000e+04
6.812639843750000000e+04
2.367446875000000000e+04
2.747574951171875000e+03
1.283769042968750000e+03
2.267927812500000000e+05
2.251379000000000000e+06
3.223529968261718750e+02
3.003089843750000000e+04
4.778622656250000000e+04
2.321615966796875000e+03
7.920447656250000000e+04
2.968171500000000000e+06
2.819857910156250000e+03
3.088385312500000000e+05
2.374078320312500000e+04
1.351767944335937500e+03
2.371351953125000000e+04
1.002463989257812500e+03
6.947959375000000000e+05
6.384790039062500000e+03
2.241432031250000000e+04
2.778858000000000000e+06
1.060601875000000000e+05
1.022841979980468750e+03
1.163824750000000000e+06
5.820526171875000000e+04
5.521457500000000000e+05
4.110022949218750000e+03
1.463135058593750000e+04
1.152933984375000000e+04
1.107618041992187500e+03
1.085281250000000000e+06
1.102964625000000000e+06
7.555326171875000000e+03
1.695913085937500000e+04
4.059177001953125000e+03
1.059020156250000000e+05
4.481701171875000000e+03
3.547095947265625000e+03
2.539981933593750000e+03
2.254395019531250000e+03
2.025159057617187500e+03
2.405606933593750000e+03
6.865071875000000000e+04
6.983695312500000000e+04
3.032052001953125000e+03
4.052395019531250000e+03
2.250175390625000000e+04
1.640760009765625000e+03
9.380906250000000000e+05
5.124793945312500000e+03
1.321554843750000000e+05
1.352140014648437500e+03
1.144168261718750000e+04
3.317697998046875000e+03
7.996400146484375000e+02
4.752716562500000000e+05
7.665371093750000000e+04
6.781691894531250000e+03
4.156347167968750000e+03
3.895056562500000000e+05
8.735219531250000000e+04
5.171749877929687500e+02
1.186484008789062500e+03
6.825393750000000000e+05
8.064034179687500000e+03
5.726708203125000000e+04
1.106191640625000000e+05
6.810301875000000000e+05
7.179306152343750000e+03
1.218755625000000000e+06
3.346467041015625000e+03
1.690037125000000000e+06
4.811996875000000000e+05
1.630638250000000000e+06
6.175079956054687500e+02
2.331793500000000000e+06
1.265029199218750000e+04
1.715352929687500000e+04
1.874713437500000000e+05
6.051866406250000000e+04
2.453090625000000000e+04
3.956704101562500000e+03
2.558235107421875000e+03
6.315230102539062500e+02
3.086244726562500000e+04
1.192259765625000000e+04
2.677933007812500000e+04
1.986946875000000000e+06
2.304125976562500000e+03
1.281437988281250000e+03
1.573179931640625000e+02
1.876830250000000000e+06
1.882373046875000000e+03
2.620478000000000000e+06
8.282800292968750000e+01
1.131633007812500000e+04
1.883744018554687500e+03
1.275103750000000000e+06
9.390100781250000000e+04
4.574110107421875000e+02
9.188623437500000000e+04
3.592150781250000000e+04
1.278488867187500000e+04
3.467938964843750000e+03
9.296124023437500000e+03
3.009673750000000000e+05
2.986561562500000000e+05
4.577243359375000000e+04
1.934985750000000000e+06
3.640437011718750000e+03
4.514401953125000000e+04
2.413925750000000000e+06
2.921997460937500000e+04
6.382807128906250000e+03
7.198508593750000000e+04
1.111918046875000000e+05
4.359950390625000000e+04
6.905353750000000000e+05
3.341374250000000000e+06
2.945412187500000000e+05
1.943416015625000000e+03
4.147619934082031250e+02
4.187900085449218750e+02
3.517093994140625000e+03
2.002145019531250000e+03
6.102810058593750000e+03
1.035562597656250000e+04
1.905385986328125000e+03
3.038040000000000000e+05
