4.018000125885009766e+00
5.705050048828125000e+02
1.089364990234375000e+03
1.932500076293945312e+01
2.900029907226562500e+02
3.884469909667968750e+02
3.429999923706054688e+01
1.356499958038330078e+01
4.698799896240234375e+01
8.493070068359375000e+02
1.485103027343750000e+03
2.091580047607421875e+02
4.165100097656250000e+02
7.092050170898437500e+02
6.132390136718750000e+02
1.245699977874755859e+01
1.331200027465820312e+01
2.967250061035156250e+02
1.523566040039062500e+03
7.051450195312500000e+02
9.022639770507812500e+02
6.426499938964843750e+01
7.566359863281250000e+02
3.897909851074218750e+02
6.391090087890625000e+02
3.121718994140625000e+03
4.451929931640625000e+02
1.053330001831054688e+02
3.641600036621093750e+01
1.718869934082031250e+02
4.625840148925781250e+02
9.375599670410156250e+01
2.956082031250000000e+03
2.543280029296875000e+02
2.713269958496093750e+02
2.746140136718750000e+02
6.094320068359375000e+02
1.132333984375000000e+03
1.018830032348632812e+02
2.534660034179687500e+02
1.167114990234375000e+03
4.580740051269531250e+02
1.028299999237060547e+01
1.380206054687500000e+03
2.827000045776367188e+01
4.024230041503906250e+02
5.871740112304687500e+02
7.251599884033203125e+01
6.887659912109375000e+02
4.326000213623046875e+00
1.281200027465820312e+01
1.817884033203125000e+03
3.158699951171875000e+02
1.918569946289062500e+02
1.195862060546875000e+03
1.272330017089843750e+02
1.107499980926513672e+01
6.467199707031250000e+01
2.358785888671875000e+03
1.464418945312500000e+03
8.669999694824218750e+01
3.407999992370605469e+00
5.908179931640625000e+02
4.949339904785156250e+02
4.127999782562255859e+00
1.846891967773437500e+03
9.734069824218750000e+02
3.345339965820312500e+02
4.623110046386718750e+02
1.651699981689453125e+02
6.320999908447265625e+01
7.827349853515625000e+02
1.250465942382812500e+03
7.935200195312500000e+02
2.005000114440917969e+00
1.718059997558593750e+02
4.641910095214843750e+02
2.219019927978515625e+02
6.019999980926513672e-01
2.256230010986328125e+02
3.578469848632812500e+02
3.338609924316406250e+02
4.503799819946289062e+01
3.025069885253906250e+02
3.342000007629394531e+00
1.269381958007812500e+03
1.380984985351562500e+03
1.665870056152343750e+02
2.272155029296875000e+03
8.749509887695312500e+02
2.575000000000000000e+01
1.175089965820312500e+03
6.723489990234375000e+02
1.808300018310546875e+01
7.265599822998046875e+01
1.394910034179687500e+03
9.326909790039062500e+02
7.811399841308593750e+01
5.266810302734375000e+02
1.056452026367187500e+03
7.927810058593750000e+02
1.836800003051757812e+01
4.106480102539062500e+02
5.317699813842773438e+01
1.182720947265625000e+03
2.798200035095214844e+01
1.919821044921875000e+03
3.616000061035156250e+02
4.047539978027343750e+02
6.403480224609375000e+02
3.319000005722045898e+00
3.171669921875000000e+02
1.842588989257812500e+03
7.404190063476562500e+02
1.144313964843750000e+03
3.178720092773437500e+02
1.213532958984375000e+03
1.220600032806396484e+01
1.556529998779296875e+02
2.277856933593750000e+03
1.448791992187500000e+03
1.736860046386718750e+02
5.634949951171875000e+02
1.720000028610229492e+00
4.729540100097656250e+02
3.066999912261962891e+00
1.036800003051757812e+01
1.656620025634765625e+02
3.507980041503906250e+02
1.577000045776367188e+01
2.010000038146972656e+01
1.066790008544921875e+02
8.723000335693359375e+01
1.573499023437500000e+03
7.437390136718750000e+02
6.289999961853027344e+00
1.310900020599365234e+01
8.418120117187500000e+02
7.015679931640625000e+02
9.670500183105468750e+01
4.590480041503906250e+02
2.807279968261718750e+02
3.287520996093750000e+03
1.255037963867187500e+03
4.298689880371093750e+02
1.122000026702880859e+01
1.196192993164062500e+03
2.615085937500000000e+03
1.309546020507812500e+03
3.437590026855468750e+02
8.360579833984375000e+02
8.531000137329101562e+00
7.888430175781250000e+02
1.322316040039062500e+03
2.295670013427734375e+02
9.730540161132812500e+02
6.162000179290771484e+00
7.625629882812500000e+02
3.343919982910156250e+02
1.277237060546875000e+03
1.614299964904785156e+01
2.593219909667968750e+02
5.231870117187500000e+02
9.203399658203125000e+01
5.940679931640625000e+02
3.529020080566406250e+02
7.220899963378906250e+01
6.273599853515625000e+02
3.206950073242187500e+02
1.813594970703125000e+03
1.258126953125000000e+03
2.038280029296875000e+02
2.870800018310546875e+01
6.799030151367187500e+02
5.558510131835937500e+02
3.441119995117187500e+02
5.235200119018554688e+01
7.245200195312500000e+02
5.963449707031250000e+02
1.260029983520507812e+02
6.728449707031250000e+02
8.834760131835937500e+02
3.634768066406250000e+03
1.129700012207031250e+02
2.145232910156250000e+03
3.490000009536743164e+00
2.277718017578125000e+03
1.899771972656250000e+03
2.620800018310546875e+01
4.769809875488281250e+02
5.939990234375000000e+02
1.687800025939941406e+01
1.842300033569335938e+01
8.296309814453125000e+02
5.710999965667724609e+00
4.966610107421875000e+02
2.712810058593750000e+02
1.246942993164062500e+03
3.801910095214843750e+02
1.404782958984375000e+03
1.516892944335937500e+03
1.382130981445312500e+03
3.557500076293945312e+01
4.056960144042968750e+02
1.027003051757812500e+03
2.543999910354614258e+00
1.519531982421875000e+03
6.668750000000000000e+02
2.714169921875000000e+02
1.716989990234375000e+03
1.888840026855468750e+02
1.431944946289062500e+03
2.519000053405761719e+00
5.264180297851562500e+02
4.090790039062500000e+03
1.009999023437500000e+03
2.417160034179687500e+02
7.995200195312500000e+02
9.199639892578125000e+02
2.266159973144531250e+02
9.069000244140625000e+00
1.337300014495849609e+01
7.724699707031250000e+02
1.112800025939941406e+01
3.249859924316406250e+02
6.033489990234375000e+02
2.096299934387207031e+01
2.799679870605468750e+02
1.703999996185302734e+00
6.425549926757812500e+02
1.135250015258789062e+02
1.569200038909912109e+01
1.160700035095214844e+01
1.707139038085937500e+03
3.867839965820312500e+02
3.843810119628906250e+02
5.176829833984375000e+02
2.223339996337890625e+02
6.332949829101562500e+02
6.080999851226806641e+00
4.110960083007812500e+02
7.572910156250000000e+02
7.557440185546875000e+02
1.608496948242187500e+03
1.861770019531250000e+02
1.266900024414062500e+02
1.001999974250793457e+00
6.696399688720703125e+01
1.638070068359375000e+02
9.753619995117187500e+02
1.709299926757812500e+02
1.356816040039062500e+03
4.292229919433593750e+02
1.718693969726562500e+03
3.019389953613281250e+02
1.708270996093750000e+03
5.552199935913085938e+01
4.172200012207031250e+01
1.055070037841796875e+02
1.520980072021484375e+02
1.146036987304687500e+03
1.625200080871582031e+01
8.684979858398437500e+02
5.139180297851562500e+02
1.365100002288818359e+01
7.903489990234375000e+02
1.050118041992187500e+03
3.064800109863281250e+02
1.651340026855468750e+02
6.084000110626220703e+00
2.036499938964843750e+02
9.438759765625000000e+02
4.791340026855468750e+02
8.628330078125000000e+02
1.213494995117187500e+03
1.949309997558593750e+02
1.332911987304687500e+03
2.978599929809570312e+01
9.009310302734375000e+02
7.905070190429687500e+02
1.069209976196289062e+02
5.061459960937500000e+02
1.036833007812500000e+03
1.443799972534179688e+01
1.033112060546875000e+03
1.738200073242187500e+02
5.270390014648437500e+02
3.332300109863281250e+02
4.325339965820312500e+02
2.587199974060058594e+01
2.935300064086914062e+01
6.297999858856201172e+00
9.998729858398437500e+02
1.141663940429687500e+03
3.694499969482421875e+01
1.044299983978271484e+01
1.740780029296875000e+02
1.039900016784667969e+01
3.886839904785156250e+02
2.847104980468750000e+03
1.913369995117187500e+03
8.512000274658203125e+01
1.315400028228759766e+01
4.983469848632812500e+02
4.974200134277343750e+02
3.201700134277343750e+02
8.892949829101562500e+02
9.557999610900878906e+00
2.535220031738281250e+02
4.051530151367187500e+02
4.745999813079833984e+00
3.885900115966796875e+01
3.129790039062500000e+02
9.044219970703125000e+02
1.889500000000000000e+03
2.176029968261718750e+02
6.280000209808349609e+00
5.414599990844726562e+01
1.393769989013671875e+02
8.500549926757812500e+02
1.285099945068359375e+02
2.815000057220458984e+00
2.238164062500000000e+03
1.725057983398437500e+03
5.624769897460937500e+02
2.717999935150146484e+00
2.678710021972656250e+02
1.470078002929687500e+03
1.639080047607421875e+02
6.496499633789062500e+01
8.061619873046875000e+02
5.117950134277343750e+02
9.609999847412109375e+01
1.117458007812500000e+03
3.812109985351562500e+02
9.438579711914062500e+02
5.544860229492187500e+02
3.245100021362304688e+01
4.205503906250000000e+03
1.848973022460937500e+03
7.817550048828125000e+02
6.410999774932861328e+00
4.195700073242187500e+01
3.798670043945312500e+02
1.173004028320312500e+03
2.366750030517578125e+02
9.899000167846679688e+00
3.970679931640625000e+02
9.280939941406250000e+02
2.844649963378906250e+02
7.065729980468750000e+02
1.649333984375000000e+03
2.687500000000000000e+01
2.044239959716796875e+02
2.043070068359375000e+02
3.233919982910156250e+02
6.039599990844726562e+01
7.982999801635742188e+00
2.845406005859375000e+03
1.253000976562500000e+03
9.562300109863281250e+01
3.148230957031250000e+03
2.734925048828125000e+03
3.098410034179687500e+02
5.392130126953125000e+02
1.077200012207031250e+02
9.029810180664062500e+02
1.226230957031250000e+03
1.342616943359375000e+03
4.186800003051757812e+01
5.375020141601562500e+02
4.034119873046875000e+02
4.908349914550781250e+02
1.036529998779296875e+02
4.214880065917968750e+02
5.306499862670898438e+01
2.596645996093750000e+03
1.231340026855468750e+02
2.359742919921875000e+03
1.857729949951171875e+02
3.189318115234375000e+03
1.269811035156250000e+03
7.009979858398437500e+02
3.367869873046875000e+02
3.936000108718872070e+00
1.037786987304687500e+03
2.954810058593750000e+03
6.809700012207031250e+01
2.242399978637695312e+01
1.123918945312500000e+03
8.333699798583984375e+01
4.773739929199218750e+02
2.973795898437500000e+03
1.639577026367187500e+03
1.127089965820312500e+03
8.960230102539062500e+02
1.330281005859375000e+03
2.642879943847656250e+02
8.267919921875000000e+02
3.975090026855468750e+02
1.619830017089843750e+02
4.038574951171875000e+03
5.683000087738037109e+00
3.314679931640625000e+03
2.887049865722656250e+02
9.840360107421875000e+02
1.138799953460693359e+01
3.094429931640625000e+02
7.381339721679687500e+02
2.103509979248046875e+02
2.414500045776367188e+01
9.114829711914062500e+02
5.618899917602539062e+01
1.903950042724609375e+02
3.510880126953125000e+02
1.242060012817382812e+02
5.709199905395507812e+01
7.404299926757812500e+01
1.098383056640625000e+03
9.323619995117187500e+02
1.534927978515625000e+03
8.017199707031250000e+01
6.216099929809570312e+01
2.439751953125000000e+03
6.602589721679687500e+02
1.621000051498413086e+00
2.631299972534179688e+01
2.014027954101562500e+03
4.961999893188476562e+00
3.463250976562500000e+03
1.132457031250000000e+03
8.626539916992187500e+02
2.984499931335449219e+01
5.831630249023437500e+02
1.677084960937500000e+03
2.487404052734375000e+03
7.340599822998046875e+01
7.156859741210937500e+02
1.921395019531250000e+03
3.709600067138671875e+01
1.811860046386718750e+02
3.159230041503906250e+02
1.878599929809570312e+01
3.496999979019165039e+00
2.079600067138671875e+02
1.402989959716796875e+02
1.695146972656250000e+03
4.067999839782714844e+00
2.906900024414062500e+01
1.978535034179687500e+03
3.524800109863281250e+01
5.537000179290771484e+00
8.570839843750000000e+02
9.881580200195312500e+02
1.507482055664062500e+03
1.440630035400390625e+02
6.494999885559082031e+00
4.585000038146972656e+00
3.088659973144531250e+02
1.979600067138671875e+02
1.594120025634765625e+02
6.587999820709228516e+00
1.720499992370605469e+01
1.632474975585937500e+03
2.655699920654296875e+01
1.412668945312500000e+03
1.579336059570312500e+03
9.102449951171875000e+02
3.551099853515625000e+02
1.886950073242187500e+02
1.721161987304687500e+03
3.594060058593750000e+02
6.657499694824218750e+01
1.894029052734375000e+03
4.826440124511718750e+02
7.184700012207031250e+01
6.179999828338623047e+00
1.582963989257812500e+03
1.714570007324218750e+02
7.373000144958496094e+00
1.516155029296875000e+03
7.481959838867187500e+02
6.428800048828125000e+02
9.758239746093750000e+02
1.419360046386718750e+02
2.794779968261718750e+02
1.664303955078125000e+03
7.177000045776367188e+00
1.857587036132812500e+03
5.758049926757812500e+02
1.071666015625000000e+03
9.911100006103515625e+01
1.207800006866455078e+01
2.840350036621093750e+02
1.002835021972656250e+03
1.568599987030029297e+01
3.604559936523437500e+02
4.387699890136718750e+01
7.130159912109375000e+02
3.269179992675781250e+02
4.251367187500000000e+03
1.037803955078125000e+03
3.145480041503906250e+02
1.055599975585937500e+01
4.392499923706054688e+01
4.670100021362304688e+01
3.414590148925781250e+02
1.007189025878906250e+03
2.913122070312500000e+03
1.154000015258789062e+02
8.724700164794921875e+01
7.283670043945312500e+02
2.756999969482421875e+00
7.196920166015625000e+02
4.863899993896484375e+01
1.410370025634765625e+02
1.441399955749511719e+01
1.618700027465820312e+01
1.406239929199218750e+02
9.088250122070312500e+02
2.810600090026855469e+01
5.615889892578125000e+02
9.123000144958496094e+00
7.626030273437500000e+02
3.050699996948242188e+01
3.778649902343750000e+02
2.414000034332275391e+00
3.167709960937500000e+02
1.430330047607421875e+02
1.827999949455261230e+00
1.302041992187500000e+03
8.104199981689453125e+01
4.705239868164062500e+02
3.647630004882812500e+02
2.591600036621093750e+01
5.613549804687500000e+02
7.410000000000000000e+02
7.551300048828125000e+01
4.764540100097656250e+02
6.078519897460937500e+02
1.352230072021484375e+02
1.412171997070312500e+03
9.269000053405761719e+00
1.381301025390625000e+03
1.277139968872070312e+02
9.963999748229980469e+00
1.282700042724609375e+02
4.080999851226806641e+00
7.116849975585937500e+02
1.633000016212463379e+00
4.260300064086914062e+01
4.281730041503906250e+02
1.093999981880187988e+00
8.051899719238281250e+01
7.069300079345703125e+01
2.436250000000000000e+02
1.040189971923828125e+02
1.039983032226562500e+03
4.275699996948242188e+01
1.271419982910156250e+02
7.231999874114990234e+00
3.920920104980468750e+02
2.579999923706054688e+00
8.653850097656250000e+02
9.432390136718750000e+02
2.218269958496093750e+02
4.684509887695312500e+02
2.822999954223632812e+00
1.372400054931640625e+02
1.951089935302734375e+02
1.030517944335937500e+03
1.446900024414062500e+02
4.886000156402587891e+00
2.067579956054687500e+02
1.432338012695312500e+03
4.940509948730468750e+02
1.079769973754882812e+02
4.352269897460937500e+02
1.000699996948242188e+01
8.532169799804687500e+02
2.889800071716308594e+01
3.591669921875000000e+02
4.770999908447265625e+00
7.804999828338623047e+00
7.824099731445312500e+01
8.037119750976562500e+02
2.731395019531250000e+03
5.650500106811523438e+01
7.297089843750000000e+02
3.918299865722656250e+01
5.816149902343750000e+02
2.409431884765625000e+03
3.361510009765625000e+02
8.719479980468750000e+02
6.728410034179687500e+02
1.029199981689453125e+01
1.073000030517578125e+02
2.064839935302734375e+02
6.879799652099609375e+01
7.560640258789062500e+02
4.502999877929687500e+02
7.362699890136718750e+01
1.503999948501586914e+00
7.993400268554687500e+02
6.957579956054687500e+02
8.760869750976562500e+02
4.891789855957031250e+02
3.485530090332031250e+02
1.551699981689453125e+02
4.804920043945312500e+02
1.246299972534179688e+02
2.004432983398437500e+03
3.455769958496093750e+02
1.267661010742187500e+03
2.241269989013671875e+02
1.672599983215332031e+01
1.168647949218750000e+03
3.070119934082031250e+02
9.856959838867187500e+02
9.538999557495117188e+00
2.427189941406250000e+02
2.223731933593750000e+03
5.364999771118164062e+00
9.756970214843750000e+02
1.249699974060058594e+01
7.736900329589843750e+01
1.855820007324218750e+02
3.750571044921875000e+03
3.163460083007812500e+02
4.582420043945312500e+02
9.253999710083007812e+00
1.044470947265625000e+03
1.125599956512451172e+01
5.037900161743164062e+01
8.061489868164062500e+02
7.051010131835937500e+02
1.162211059570312500e+03
1.659545043945312500e+03
3.813659973144531250e+02
3.168059997558593750e+02
1.198045043945312500e+03
7.724860229492187500e+02
6.745999908447265625e+01
5.082879943847656250e+02
5.184760131835937500e+02
1.827444946289062500e+03
3.006599998474121094e+01
9.096970214843750000e+02
5.473000049591064453e+00
5.779499816894531250e+01
4.497820129394531250e+02
8.195620117187500000e+02
6.738549804687500000e+02
4.601669921875000000e+02
1.645630981445312500e+03
1.467582031250000000e+03
2.770270080566406250e+02
2.375379943847656250e+02
2.002062011718750000e+03
8.275889892578125000e+02
2.232000112533569336e+00
2.734999895095825195e+00
2.563899993896484375e+01
3.777340087890625000e+02
2.497299957275390625e+01
3.077300071716308594e+01
7.736000061035156250e+01
3.205249938964843750e+02
6.074300003051757812e+01
3.576539916992187500e+02
1.617169952392578125e+02
3.232224121093750000e+03
9.883100128173828125e+01
1.329399967193603516e+01
3.111210021972656250e+02
8.369999885559082031e+00
1.014294982910156250e+03
7.883350219726562500e+02
1.207045043945312500e+03
1.063599967956542969e+01
1.193364990234375000e+03
8.546170043945312500e+02
2.947669982910156250e+02
3.893030090332031250e+02
1.099850006103515625e+02
6.836900329589843750e+01
3.223569946289062500e+02
6.988999843597412109e+00
1.612000083923339844e+01
1.972180023193359375e+02
1.023067016601562500e+03
1.065520019531250000e+03
2.152189941406250000e+02
1.180200004577636719e+01
1.807900047302246094e+01
1.512199974060058594e+01
3.956870117187500000e+02
7.556000232696533203e+00
1.970899963378906250e+02
1.279100036621093750e+01
3.975790100097656250e+02
4.001340026855468750e+02
1.493956054687500000e+03
5.783999919891357422e+00
2.275964111328125000e+03
1.237500000000000000e+01
1.026982055664062500e+03
7.734019775390625000e+02
7.005520019531250000e+02
2.907070007324218750e+02
5.005000114440917969e+00
9.727290039062500000e+02
7.147789916992187500e+02
1.760429992675781250e+02
3.239334960937500000e+03
1.803885009765625000e+03
1.194600009918212891e+01
8.789499664306640625e+01
4.986899948120117188e+01
2.301569976806640625e+02
1.351026977539062500e+03
1.982758056640625000e+03
3.953400039672851562e+01
8.303330078125000000e+02
1.724440002441406250e+02
4.897049865722656250e+02
1.628000068664550781e+01
2.347545898437500000e+03
1.300813964843750000e+03
2.174455078125000000e+03
5.040390014648437500e+02
1.956260070800781250e+02
1.254359970092773438e+02
1.635520019531250000e+02
1.117310058593750000e+03
1.123155029296875000e+03
5.874000072479248047e+00
1.665733032226562500e+03
8.211450195312500000e+02
1.091683959960937500e+03
2.252550048828125000e+02
6.918199920654296875e+01
1.800789947509765625e+02
2.051777099609375000e+03
6.348129882812500000e+02
1.331699981689453125e+02
7.975999832153320312e+00
1.393079986572265625e+02
2.198900032043457031e+01
9.134390258789062500e+02
2.453343994140625000e+03
3.728049926757812500e+02
2.708426025390625000e+03
2.680650024414062500e+02
2.052300071716308594e+01
1.047099971771240234e+01
7.303999900817871094e+00
7.018309936523437500e+02
1.852099990844726562e+01
7.652210083007812500e+02
4.561229858398437500e+02
1.523036010742187500e+03
2.926530151367187500e+02
3.372999906539916992e+00
9.715170288085937500e+02
1.308583984375000000e+03
1.203652954101562500e+03
4.211500167846679688e+01
1.354525024414062500e+03
5.563560180664062500e+02
2.071173095703125000e+03
8.160300292968750000e+02
2.016799926757812500e+01
1.245064941406250000e+03
3.632030029296875000e+02
3.703840026855468750e+02
3.123059997558593750e+02
8.051499938964843750e+01
3.710360107421875000e+02
3.853759033203125000e+03
1.911199951171875000e+01
4.281800079345703125e+01
1.468400001525878906e+01
7.541420288085937500e+02
4.053139953613281250e+02
4.500000000000000000e+01
1.578633056640625000e+03
2.488099975585937500e+02
1.957859954833984375e+02
3.862900161743164062e+01
7.869000244140625000e+02
2.288000106811523438e+00
2.384999990463256836e+00
8.661420288085937500e+02
1.084732055664062500e+03
1.821909942626953125e+02
1.699478027343750000e+03
3.349819946289062500e+02
1.743927001953125000e+03
1.687920074462890625e+02
1.464030029296875000e+03
4.895910034179687500e+02
5.368500137329101562e+01
4.076100158691406250e+01
7.059509887695312500e+02
1.317449951171875000e+02
1.796100044250488281e+01
6.195000171661376953e+00
7.171270141601562500e+02
2.499600067138671875e+02
7.152630004882812500e+02
8.717000007629394531e+00
1.199822021484375000e+03
1.539440002441406250e+02
1.057100009918212891e+01
3.870809936523437500e+02
1.079938964843750000e+03
1.058600044250488281e+01
4.382479858398437500e+02
2.507437011718750000e+03
5.362899780273437500e+02
3.437799835205078125e+01
1.918608032226562500e+03
3.715960083007812500e+02
9.961599731445312500e+02
5.167509765625000000e+02
8.206049804687500000e+02
4.987999916076660156e+00
1.482499980926513672e+01
2.997800064086914062e+01
4.843640136718750000e+02
9.526599884033203125e+01
1.634999990463256836e+00
1.559550018310546875e+02
6.427000045776367188e+00
7.266129760742187500e+02
7.656000137329101562e+00
1.063994995117187500e+03
9.347650146484375000e+02
2.540939941406250000e+02
3.045339965820312500e+02
3.451950073242187500e+02
5.087799835205078125e+01
3.535140075683593750e+02
2.580010070800781250e+02
1.747451049804687500e+03
4.423999786376953125e+00
2.938137939453125000e+03
1.832039947509765625e+02
9.106510009765625000e+02
5.376649780273437500e+02
4.905090026855468750e+02
1.298800048828125000e+02
9.836399841308593750e+01
4.202046875000000000e+03
6.011469726562500000e+02
6.203300170898437500e+02
3.076000022888183594e+01
1.892399978637695312e+01
1.194538940429687500e+03
8.928670043945312500e+02
9.303060302734375000e+02
2.213800048828125000e+01
4.145559997558593750e+02
5.315469970703125000e+02
2.624020080566406250e+02
2.462500000000000000e+01
1.306087036132812500e+03
1.848600006103515625e+01
1.520099945068359375e+02
9.050000190734863281e+00
2.114700012207031250e+02
6.749799804687500000e+02
8.157260131835937500e+02
6.776779785156250000e+02
1.455399990081787109e+01
1.498220062255859375e+02
1.698211059570312500e+03
6.762000083923339844e+00
1.038539962768554688e+02
2.048000097274780273e+00
1.430578002929687500e+03
5.337099838256835938e+01
5.054490051269531250e+02
1.650440063476562500e+02
1.414980010986328125e+02
2.553350097656250000e+03
2.210278076171875000e+03
6.132300186157226562e+01
5.971719970703125000e+02
5.508460083007812500e+02
3.671600036621093750e+02
9.087949829101562500e+02
8.913920288085937500e+02
4.823469848632812500e+02
5.687180175781250000e+02
4.775849914550781250e+02
6.044229736328125000e+02
1.890699958801269531e+01
1.589599990844726562e+01
1.127796997070312500e+03
3.753469848632812500e+02
3.421699905395507812e+01
2.422409973144531250e+02
1.718999981880187988e+00
5.571900177001953125e+01
3.719219970703125000e+02
7.225059814453125000e+02
1.936450042724609375e+02
1.614010009765625000e+02
1.827700042724609375e+01
9.712990112304687500e+02
8.578729858398437500e+02
1.921500015258789062e+01
3.907999992370605469e+00
9.156000137329101562e+00
3.484349975585937500e+02
1.406020050048828125e+02
8.562990112304687500e+02
5.759749755859375000e+02
7.968330078125000000e+02
1.289900016784667969e+01
1.992700004577636719e+01
3.076289978027343750e+02
1.474896972656250000e+03
7.934999942779541016e+00
1.498474975585937500e+03
7.500099945068359375e+01
5.659890136718750000e+02
3.812630004882812500e+02
1.235270019531250000e+03
6.257570190429687500e+02
1.997570037841796875e+02
3.309549865722656250e+02
1.832124023437500000e+03
6.634899902343750000e+01
3.107900047302246094e+01
3.591140136718750000e+02
4.970750122070312500e+02
5.128729858398437500e+02
1.075487060546875000e+03
5.123460083007812500e+02
6.677999973297119141e+00
4.250000000000000000e+00
6.427329711914062500e+02
2.931119995117187500e+02
6.321140136718750000e+02
9.285200195312500000e+02
3.512569885253906250e+02
7.829999923706054688e+00
1.158016967773437500e+03
2.622599983215332031e+01
4.762539978027343750e+02
4.630690002441406250e+02
5.673999786376953125e+00
3.026999950408935547e+00
2.378283935546875000e+03
1.748200035095214844e+01
2.398999929428100586e+00
7.316999912261962891e+00
2.966960144042968750e+02
7.915720214843750000e+02
5.429999828338623047e-01
1.650600051879882812e+01
7.702200317382812500e+01
2.378370056152343750e+02
2.242409973144531250e+02
4.621629943847656250e+02
2.954400062561035156e+01
1.849450073242187500e+02
1.130508056640625000e+03
1.225070037841796875e+02
7.531909790039062500e+02
1.618666992187500000e+03
5.021669921875000000e+02
1.776355957031250000e+03
2.849200057983398438e+01
2.184929962158203125e+02
2.704200927734375000e+03
7.301680297851562500e+02
1.314626953125000000e+03
9.570000171661376953e-01
1.688710021972656250e+02
1.238494995117187500e+03
1.092897949218750000e+03
2.236857910156250000e+03
7.661199951171875000e+02
1.137734985351562500e+03
4.504000186920166016e+00
8.384119873046875000e+02
3.542869873046875000e+02
1.554599952697753906e+01
8.600819702148437500e+02
1.432413940429687500e+03
2.789479980468750000e+02
4.734309997558593750e+02
5.731399917602539062e+01
6.965000152587890625e+00
3.244999885559082031e+00
1.199988037109375000e+03
