2.183000087738037109e+00
5.179999828338623047e+00
2.434000015258789062e+00
1.974810028076171875e+02
1.776679992675781250e+02
2.054600067138671875e+02
7.389099884033203125e+01
4.042900085449218750e+01
1.907969970703125000e+02
1.324989929199218750e+02
3.683900070190429688e+01
7.136000156402587891e+00
9.456999778747558594e+00
5.017479858398437500e+02
2.352999925613403320e+00
1.540839996337890625e+02
5.853000164031982422e+00
5.872000217437744141e+00
4.063000106811523438e+01
3.516000032424926758e+00
1.715999960899353027e+00
4.899399948120117188e+01
1.005559997558593750e+02
7.157000064849853516e+00
1.593509979248046875e+02
2.618999958038330078e+00
1.040400028228759766e+01
2.469000101089477539e+00
2.885899963378906250e+02
8.690000176429748535e-01
7.598000049591064453e+00
1.792000055313110352e+00
5.176199951171875000e+02
2.864750061035156250e+02
4.739099884033203125e+01
6.595999908447265625e+01
1.780900001525878906e+01
1.778690032958984375e+02
6.991899871826171875e+01
1.842870025634765625e+02
9.559600067138671875e+01
2.098780059814453125e+02
6.116000175476074219e+00
3.443000078201293945e+00
3.898000001907348633e+00
2.973999977111816406e+00
4.451400146484375000e+02
7.408999919891357422e+00
1.657299995422363281e+01
1.091399993896484375e+02
9.013500213623046875e+01
8.833999633789062500e+00
1.101650009155273438e+02
6.646299743652343750e+01
6.714199829101562500e+01
4.191999912261962891e+00
2.594599914550781250e+01
3.339729919433593750e+02
4.049700164794921875e+01
2.060899925231933594e+01
6.427999973297119141e+00
9.293999671936035156e+00
1.041199970245361328e+01
1.138170013427734375e+02
4.407999992370605469e+00
6.767000198364257812e+00
1.560000032186508179e-01
5.103000164031982422e+00
7.015999794006347656e+00
3.546600036621093750e+02
3.325469970703125000e+02
1.060950012207031250e+02
7.636000156402587891e+00
8.869000244140625000e+01
9.892000198364257812e+00
5.144000053405761719e+00
4.309999942779541016e-01
7.988700103759765625e+01
5.227600097656250000e+01
1.463999986648559570e+00
3.855799865722656250e+01
5.962400054931640625e+01
1.137899971008300781e+01
1.264999985694885254e+00
2.382469940185546875e+02
5.589000225067138672e+00
3.372839965820312500e+02
1.646100044250488281e+01
8.963099670410156250e+01
6.244200134277343750e+01
5.552299880981445312e+01
3.688999891281127930e+00
1.458999991416931152e+00
4.614599990844726562e+01
2.784300041198730469e+01
6.054800033569335938e+01
9.901000022888183594e+00
2.031500053405761719e+01
1.633580017089843750e+02
7.780000209808349609e+00
1.580000042915344238e+00
5.941699981689453125e+01
1.847700042724609375e+02
1.449100017547607422e+01
1.003700027465820312e+02
1.468939971923828125e+02
1.631159973144531250e+02
4.013000011444091797e+00
1.080500030517578125e+01
7.281000137329101562e+00
1.159560012817382812e+02
6.454900360107421875e+01
1.059000015258789062e+00
1.514839935302734375e+02
2.763000011444091797e+00
7.162100219726562500e+01
2.377380065917968750e+02
4.547590026855468750e+02
2.601000070571899414e+00
1.478919982910156250e+02
4.453000068664550781e+00
2.737999916076660156e+00
1.642499923706054688e+01
5.111000061035156250e+00
4.622100067138671875e+01
4.590000152587890625e+00
9.643499755859375000e+01
2.895000076293945312e+01
4.224140014648437500e+02
3.718799972534179688e+01
8.917500305175781250e+01
4.764699935913085938e+01
1.657790069580078125e+02
2.755900001525878906e+01
3.966299819946289062e+01
9.659700012207031250e+01
1.235999941825866699e+00
3.148789978027343750e+02
3.340499877929687500e+01
1.526299953460693359e+01
9.687819824218750000e+02
4.820000171661376953e+00
3.937000036239624023e+00
1.882559967041015625e+02
2.551000118255615234e+00
7.372299957275390625e+01
6.456999778747558594e+00
4.839999973773956299e-01
3.755000114440917969e+00
1.302550048828125000e+02
4.292300033569335938e+01
3.563999891281127930e+00
1.145800018310546875e+01
2.369499969482421875e+01
2.482099914550781250e+01
2.249199981689453125e+02
1.096210021972656250e+02
1.443650054931640625e+02
2.095650024414062500e+02
2.098200035095214844e+01
1.934000015258789062e+00
1.123600006103515625e+01
3.989410095214843750e+02
5.190000057220458984e+00
1.410520019531250000e+02
6.240599822998046875e+01
3.305300140380859375e+01
2.188600006103515625e+02
9.708200073242187500e+01
1.068999958038330078e+01
6.138100051879882812e+01
2.350200080871582031e+01
9.932570190429687500e+02
1.666540069580078125e+02
1.851089935302734375e+02
8.478600311279296875e+01
5.242200088500976562e+01
1.968999981880187988e+00
7.505000114440917969e+00
5.115000152587890625e+01
1.255100021362304688e+02
9.870800018310546875e+01
2.509000062942504883e+00
3.524399948120117188e+01
4.373450012207031250e+02
2.645499992370605469e+01
1.521999955177307129e+00
1.544000029563903809e+00
1.942890014648437500e+02
2.849099922180175781e+01
2.026999950408935547e+00
1.480010070800781250e+02
3.072000026702880859e+00
3.472409973144531250e+02
3.021199989318847656e+01
6.586999893188476562e+00
2.358999967575073242e+00
4.702000141143798828e+00
6.108000183105468750e+01
5.075799942016601562e+01
3.547019958496093750e+02
9.491999626159667969e+00
2.587800025939941406e+01
8.593740234375000000e+02
3.017799987792968750e+02
9.026999664306640625e+01
2.140000015497207642e-01
2.628580017089843750e+02
1.243999958038330078e+01
2.028000116348266602e+00
3.032460021972656250e+02
6.252299880981445312e+01
4.955999851226806641e+00
2.140000104904174805e+00
3.230000138282775879e-01
5.796000003814697266e+00
1.059799957275390625e+01
5.909000015258789062e+01
6.060000061988830566e-01
2.161130065917968750e+02
4.487999916076660156e+00
5.419860229492187500e+02
2.203199958801269531e+01
8.930000305175781250e+00
9.862000465393066406e+00
1.851999998092651367e+00
1.207499980926513672e+01
2.851000070571899414e+00
1.939000010490417480e+00
2.369999885559082031e+00
1.803100013732910156e+01
3.043850097656250000e+02
4.283999919891357422e+00
8.420099639892578125e+01
4.939899826049804688e+01
4.524000167846679688e+00
3.214599990844726562e+01
7.855100250244140625e+01
1.868000030517578125e+00
1.382539978027343750e+02
9.819999933242797852e-01
1.461900024414062500e+02
2.188150024414062500e+02
2.032999992370605469e+00
1.263000011444091797e+00
1.016000032424926758e+00
4.298999786376953125e+00
2.407630004882812500e+02
1.137959976196289062e+02
5.425699996948242188e+01
5.557869873046875000e+02
3.963999986648559570e+00
9.604000091552734375e+00
5.688700103759765625e+01
2.142200088500976562e+01
2.081060028076171875e+02
8.416999816894531250e+00
6.438410034179687500e+02
2.178829956054687500e+02
7.929999828338623047e+00
1.727790069580078125e+02
4.628799819946289062e+01
2.839999914169311523e+00
1.607799911499023438e+01
1.067000031471252441e+00
2.371620025634765625e+02
3.290900039672851562e+01
2.549500083923339844e+01
2.436000108718872070e+00
5.090499877929687500e+01
1.154999971389770508e+00
2.123079986572265625e+02
1.080000042915344238e+00
2.061119995117187500e+02
9.729999899864196777e-01
2.891999959945678711e+00
3.727999925613403320e+00
5.861000061035156250e+00
1.871770019531250000e+02
5.506999969482421875e+00
1.669999957084655762e+00
2.102400016784667969e+01
9.441100311279296875e+01
1.319049987792968750e+02
3.738880004882812500e+02
1.200800037384033203e+01
3.296570129394531250e+02
6.056000232696533203e+00
4.606999874114990234e+00
6.690000295639038086e-01
3.989599990844726562e+01
2.401929931640625000e+02
3.506409912109375000e+02
3.819100189208984375e+01
3.448400115966796875e+01
7.434999942779541016e+00
8.756999969482421875e+00
2.029999971389770508e+00
5.812739868164062500e+02
3.803300094604492188e+01
1.675999999046325684e+00
7.461999893188476562e+00
1.127490005493164062e+02
8.055000305175781250e+00
4.760000109672546387e-01
6.571099853515625000e+01
3.367800140380859375e+01
4.393199920654296875e+01
3.721900177001953125e+01
2.973999977111816406e+01
1.546649932861328125e+02
4.544000148773193359e+00
3.269939880371093750e+02
8.370800018310546875e+01
9.183499908447265625e+01
1.634999990463256836e+00
2.058070068359375000e+02
2.317729949951171875e+02
6.645099639892578125e+01
4.061440124511718750e+02
3.562799835205078125e+01
1.125800037384033203e+01
2.240000009536743164e+00
8.890000343322753906e+00
4.074200057983398438e+01
1.573959960937500000e+02
1.619329986572265625e+02
5.577399826049804688e+01
1.066920013427734375e+02
7.958100128173828125e+01
5.684799957275390625e+01
6.664099884033203125e+01
3.096999883651733398e+00
1.358869934082031250e+02
5.468700027465820312e+01
5.416199874877929688e+01
1.488780059814453125e+02
3.686709899902343750e+02
4.797499847412109375e+01
9.725099945068359375e+01
1.787400054931640625e+02
1.699799919128417969e+01
5.226800155639648438e+01
3.821220092773437500e+02
7.370999813079833984e+00
5.196560058593750000e+02
2.006999969482421875e+01
2.542070007324218750e+02
9.564399719238281250e+01
1.322779998779296875e+02
2.173200035095214844e+01
8.323289794921875000e+02
2.904089965820312500e+02
1.476900024414062500e+02
1.257699966430664062e+01
4.048999786376953125e+00
9.352000236511230469e+00
4.519999921321868896e-01
1.414929962158203125e+02
3.128999948501586914e+00
6.629799652099609375e+01
5.941999912261962891e+00
5.573999881744384766e+00
5.870999813079833984e+00
1.866999983787536621e+00
1.834420013427734375e+02
3.106299972534179688e+01
5.091000080108642578e+00
1.189800033569335938e+02
1.115380020141601562e+02
5.271200180053710938e+01
3.882999897003173828e+00
5.462949829101562500e+02
3.483999967575073242e+00
1.835999965667724609e+00
1.659000039100646973e+00
4.135200119018554688e+01
3.155400085449218750e+01
2.997299957275390625e+01
5.160300064086914062e+01
2.536700057983398438e+01
1.819199943542480469e+01
7.598000049591064453e+00
1.177299976348876953e+01
3.058000087738037109e+00
6.229499816894531250e+01
9.769699859619140625e+01
3.637300109863281250e+01
7.278999805450439453e+00
2.915150146484375000e+02
9.130999755859375000e+01
3.233000040054321289e+00
4.817609863281250000e+02
7.824999809265136719e+00
1.837100028991699219e+01
4.704020080566406250e+02
1.170250015258789062e+02
1.734000015258789062e+01
1.743000030517578125e+00
1.060650024414062500e+02
7.548999786376953125e+00
6.188000202178955078e+00
4.571000099182128906e+00
3.351669921875000000e+02
8.451999664306640625e+00
4.566999912261962891e+00
8.029000282287597656e+00
4.655969848632812500e+02
2.060899925231933594e+01
1.975000023841857910e+00
9.871999740600585938e+00
8.517199707031250000e+01
2.545570068359375000e+02
3.454399871826171875e+01
1.264240036010742188e+02
1.052639999389648438e+02
9.576899719238281250e+01
6.113999843597412109e+00
5.570800018310546875e+01
6.328999996185302734e+00
1.330809936523437500e+02
1.813079986572265625e+02
4.734600067138671875e+01
5.062139892578125000e+02
1.850000023841857910e-01
4.110000133514404297e-01
2.263000011444091797e+00
6.903700256347656250e+01
5.543399810791015625e+01
9.927000045776367188e+00
1.669999957084655762e+00
1.505529937744140625e+02
4.394000053405761719e+00
3.328000068664550781e+00
5.249000072479248047e+00
5.902700042724609375e+01
2.996000051498413086e+00
1.646580047607421875e+02
1.521999955177307129e+00
5.305699920654296875e+01
1.214599990844726562e+01
7.677000045776367188e+00
1.447000026702880859e+00
1.690619964599609375e+02
4.019999980926513672e+00
2.115900039672851562e+01
7.972000122070312500e+01
4.776189880371093750e+02
8.634600067138671875e+01
1.074479980468750000e+02
1.485000014305114746e+00
1.728000068664550781e+01
1.927899932861328125e+01
3.677430114746093750e+02
3.048699951171875000e+02
8.790000081062316895e-01
4.236999988555908203e+00
2.527700042724609375e+01
7.156999969482421875e+01
1.574100036621093750e+02
3.525000095367431641e+00
1.939819946289062500e+02
1.189069976806640625e+02
3.413330078125000000e+02
5.028599929809570312e+01
1.119359970092773438e+02
3.642200088500976562e+01
1.469149932861328125e+02
1.394999980926513672e+01
5.583900070190429688e+01
1.485400009155273438e+01
1.511000037193298340e+00
5.807300186157226562e+01
1.898930053710937500e+02
4.609999954700469971e-01
3.469400024414062500e+01
5.806000232696533203e+00
2.196399993896484375e+02
1.635460052490234375e+02
7.053999900817871094e+00
8.496999740600585938e+00
2.835020141601562500e+02
3.831900024414062500e+01
2.194000005722045898e+00
2.892099952697753906e+01
3.683000087738037109e+00
1.626499938964843750e+01
1.964429931640625000e+02
7.217800140380859375e+01
1.400529937744140625e+02
9.670400238037109375e+01
7.455500030517578125e+01
1.034219970703125000e+02
2.916809997558593750e+02
2.158999919891357422e+00
3.427000045776367188e+00
1.891500091552734375e+01
9.204000473022460938e+00
2.685600090026855469e+01
4.769999980926513672e+00
4.961999893188476562e+01
1.547000050544738770e+00
7.151999950408935547e+00
2.521799926757812500e+02
7.403999805450439453e+00
5.962999820709228516e+00
7.040999889373779297e+00
3.167449951171875000e+02
4.992219848632812500e+02
1.175999999046325684e+00
2.031799926757812500e+02
1.886909942626953125e+02
5.472860107421875000e+02
3.934000015258789062e+00
7.537000179290771484e+00
6.913300323486328125e+01
9.517000198364257812e+00
1.797999978065490723e+00
6.482299804687500000e+01
2.006000041961669922e+00
5.000999927520751953e+00
5.813999938964843750e+01
6.350999832153320312e+00
3.794259948730468750e+02
2.478300094604492188e+01
1.241300010681152344e+01
2.729000091552734375e+00
1.503769989013671875e+02
1.401000022888183594e+00
2.734999895095825195e+00
4.729999899864196777e-01
5.910599899291992188e+01
1.363000011444091797e+01
1.142369995117187500e+02
3.375920104980468750e+02
1.062529983520507812e+02
1.911000013351440430e+00
1.624859924316406250e+02
2.155999898910522461e+00
1.980999946594238281e+00
2.831999969482421875e+01
1.524140014648437500e+02
2.190999984741210938e+01
5.071400070190429688e+01
1.842810058593750000e+02
5.230000019073486328e+00
3.782000064849853516e+00
1.462000012397766113e+00
1.302900028228759766e+01
5.112999916076660156e+00
5.450999832153320312e+01
5.182000160217285156e+00
5.012170104980468750e+02
1.152400016784667969e+01
4.552000045776367188e+00
1.156419982910156250e+02
2.904000043869018555e+00
3.072049865722656250e+02
4.478370056152343750e+02
3.813399887084960938e+01
1.120800018310546875e+01
5.577399826049804688e+01
6.484000205993652344e+00
2.993200073242187500e+02
6.046999931335449219e+00
3.914000034332275391e+00
1.376309967041015625e+02
1.317960052490234375e+02
7.421999931335449219e+00
1.291820068359375000e+02
1.487300014495849609e+01
2.707500076293945312e+01
1.910600090026855469e+01
3.514099884033203125e+01
6.379000186920166016e+00
2.165520019531250000e+02
5.119499969482421875e+01
5.939199829101562500e+01
4.322999954223632812e+00
2.928269958496093750e+02
2.996999979019165039e+00
9.454999923706054688e+00
4.175000190734863281e+00
2.194720001220703125e+02
1.058040008544921875e+02
9.094999694824218750e+01
3.214400024414062500e+02
2.000000000000000000e+00
3.866799926757812500e+01
3.679800033569335938e+01
6.579199981689453125e+01
2.575999975204467773e+00
1.058500003814697266e+01
6.259999871253967285e-01
1.305999994277954102e+00
3.277999877929687500e+01
4.013999938964843750e+00
1.657599945068359375e+02
9.998000144958496094e+00
6.124499893188476562e+01
1.489900016784667969e+01
4.512200164794921875e+01
1.470829925537109375e+02
6.974299621582031250e+01
7.286799621582031250e+01
1.525769958496093750e+02
2.049750061035156250e+02
5.837799835205078125e+01
6.024000167846679688e+00
4.336999893188476562e+00
1.488799953460693359e+01
3.305000066757202148e+00
3.626699829101562500e+01
9.480000305175781250e+01
1.660370025634765625e+02
6.327799987792968750e+01
4.248779907226562500e+02
1.869790039062500000e+02
1.985000014305114746e+00
5.091500091552734375e+01
7.394140014648437500e+02
7.672899780273437500e+02
4.999599838256835938e+01
2.739999890327453613e-01
1.236900043487548828e+01
6.203300094604492188e+01
1.995299911499023438e+01
1.810999989509582520e+00
2.856500053405761719e+01
4.302000045776367188e+00
2.924700012207031250e+02
4.248000144958496094e+00
1.549759979248046875e+02
1.252740020751953125e+02
1.246599960327148438e+01
1.151200008392333984e+01
1.706000061035156250e+02
3.674499893188476562e+01
8.668999671936035156e+00
3.601499938964843750e+01
2.266869964599609375e+02
1.613289947509765625e+02
5.369050292968750000e+02
1.089720001220703125e+02
3.123600006103515625e+01
1.951920013427734375e+02
9.241999626159667969e+00
2.821159973144531250e+02
2.965699958801269531e+01
2.239669952392578125e+02
1.452799987792968750e+01
1.500390014648437500e+02
3.342000007629394531e+00
1.588000030517578125e+02
3.969169921875000000e+02
4.486299896240234375e+01
1.155540008544921875e+02
4.806700134277343750e+01
2.660750122070312500e+02
5.602000236511230469e+00
6.092699813842773438e+01
3.790190124511718750e+02
2.159799957275390625e+01
3.532999992370605469e+00
3.871000051498413086e+00
3.449819946289062500e+02
1.493000030517578125e+00
6.097000122070312500e+00
5.979999923706054688e+01
8.130100250244140625e+01
9.979240112304687500e+02
7.798300170898437500e+01
1.202000021934509277e+00
2.465999984741210938e+01
4.545000076293945312e+00
1.503159942626953125e+02
1.663699913024902344e+01
1.871999979019165039e+00
7.551000118255615234e+00
7.925900268554687500e+01
5.932000160217285156e+00
1.046599960327148438e+01
4.296000003814697266e+00
1.924000024795532227e+00
1.902729949951171875e+02
3.845100021362304688e+01
1.857870025634765625e+02
3.804299926757812500e+01
1.317969970703125000e+02
1.296069946289062500e+02
4.460900115966796875e+01
2.579289855957031250e+02
8.149999976158142090e-01
8.295000076293945312e+00
3.634099960327148438e+01
9.660000205039978027e-01
4.215499877929687500e+01
4.558299865722656250e+02
4.874000072479248047e+00
1.121599960327148438e+01
5.781000137329101562e+00
6.014799880981445312e+01
2.644719848632812500e+02
1.299999952316284180e+00
1.051149978637695312e+02
2.526300048828125000e+01
1.708999991416931152e+00
1.690189971923828125e+02
2.997999906539916992e+00
4.295000076293945312e+00
2.160499954223632812e+01
7.800000190734863281e+00
7.000000000000000000e+00
4.375999927520751953e+00
1.045039978027343750e+02
2.937000036239624023e+00
1.358100032806396484e+01
4.864699935913085938e+01
7.289999961853027344e+00
3.951789855957031250e+02
4.952199935913085938e+01
6.679999828338623047e-01
3.000000000000000000e+00
4.293489990234375000e+02
4.200000000000000000e+01
2.557799911499023438e+01
3.935300064086914062e+01
7.002020263671875000e+02
2.072000026702880859e+00
1.670939941406250000e+02
4.549240112304687500e+02
2.052499961853027344e+01
1.041000008583068848e+00
2.809679870605468750e+02
7.440000176429748535e-01
1.817389984130859375e+02
2.598299980163574219e+01
2.072599983215332031e+01
1.195300006866455078e+01
8.816300201416015625e+01
1.460999965667724609e+00
7.553800201416015625e+01
3.795100021362304688e+01
1.187699985504150391e+01
3.552000045776367188e+00
7.329799652099609375e+01
8.718000411987304688e+00
9.540939941406250000e+02
3.549700164794921875e+01
6.495319824218750000e+02
1.273400020599365234e+01
8.357000350952148438e+00
4.907300186157226562e+01
4.482400131225585938e+01
4.388000011444091797e+00
2.136329956054687500e+02
3.821000099182128906e+00
1.775499916076660156e+01
7.664700317382812500e+01
6.260000228881835938e+00
1.323240051269531250e+02
5.143000125885009766e+00
1.221899986267089844e+01
2.410199928283691406e+01
1.182070007324218750e+02
1.652099990844726562e+01
2.220769958496093750e+02
3.679499816894531250e+01
1.783799934387207031e+01
6.342300033569335938e+01
2.119830017089843750e+02
2.689999961853027344e+01
8.321000099182128906e+00
6.209999918937683105e-01
3.608999967575073242e+00
8.003099822998046875e+01
1.658699989318847656e+01
4.775199890136718750e+01
8.700700378417968750e+01
1.885000038146972656e+01
6.352000236511230469e+00
3.217000007629394531e+00
1.559999942779541016e+00
1.042999982833862305e+00
9.177000045776367188e+00
6.757730102539062500e+02
1.001559982299804688e+02
1.494699954986572266e+01
4.071900177001953125e+01
1.504400024414062500e+02
2.201799964904785156e+01
5.468999862670898438e+00
1.073099994659423828e+01
4.073999881744384766e+00
3.401999950408935547e+00
9.661499786376953125e+01
1.123119964599609375e+02
2.500999927520751953e+00
2.683280029296875000e+02
1.152350006103515625e+02
1.123099994659423828e+01
2.657650146484375000e+02
8.220000267028808594e+00
9.837599945068359375e+01
4.447000026702880859e+00
5.196099853515625000e+01
1.817819976806640625e+02
1.619949951171875000e+02
2.674999952316284180e+00
1.059599971771240234e+01
2.633450012207031250e+02
1.768499946594238281e+01
4.826000213623046875e+00
7.274800109863281250e+01
7.755100250244140625e+01
8.470000028610229492e-01
1.108000040054321289e+00
7.339800262451171875e+01
3.434089965820312500e+02
3.103899955749511719e+01
6.170000076293945312e+00
1.033860015869140625e+02
4.196900177001953125e+01
2.960999965667724609e+00
4.497600173950195312e+01
7.495999813079833984e+00
2.274859924316406250e+02
2.401999950408935547e+00
1.585999965667724609e+01
3.426599884033203125e+01
4.041500091552734375e+01
2.977999925613403320e+00
4.655300140380859375e+01
9.004900360107421875e+01
5.289000034332275391e+00
3.170000076293945312e+00
1.749609985351562500e+02
9.725000381469726562e+00
6.005000114440917969e+00
1.251169967651367188e+02
2.405999898910522461e+00
1.276650009155273438e+02
4.761419982910156250e+02
2.647380065917968750e+02
7.517000198364257812e+00
1.202099990844726562e+01
1.384160003662109375e+02
2.690079956054687500e+02
1.881260070800781250e+02
6.508799743652343750e+01
4.432999877929687500e+02
2.296089935302734375e+02
1.413760070800781250e+02
1.036989974975585938e+02
3.585000038146972656e+00
1.717700004577636719e+01
3.573519897460937500e+02
2.891500091552734375e+01
4.054999828338623047e+00
5.660999774932861328e+00
2.507200050354003906e+01
3.447990112304687500e+02
1.297940063476562500e+02
9.606400299072265625e+01
4.081800079345703125e+01
1.085309982299804688e+02
1.056269989013671875e+02
2.336369934082031250e+02
7.001799774169921875e+01
4.542599868774414062e+01
6.068999767303466797e+00
1.194469985961914062e+02
2.728940124511718750e+02
2.266000032424926758e+00
2.535000085830688477e+00
1.545899963378906250e+01
6.379800033569335938e+01
7.068999767303466797e+00
1.185499954223632812e+01
1.060019989013671875e+02
1.315299987792968750e+01
9.734999656677246094e+00
4.139830017089843750e+02
2.412199974060058594e+01
7.752999782562255859e+00
1.067999958992004395e+00
1.037300014495849609e+01
1.135000038146972656e+01
1.117409973144531250e+02
2.021790008544921875e+02
1.090699958801269531e+01
2.966399955749511719e+01
1.961529998779296875e+02
7.443999767303466797e+00
6.330000162124633789e-01
1.869199943542480469e+01
8.211100006103515625e+01
9.729999899864196777e-01
1.246709976196289062e+02
1.399000048637390137e+00
6.248099899291992188e+01
1.187900009155273438e+02
3.721500015258789062e+01
4.852899932861328125e+01
2.495999908447265625e+01
4.788980102539062500e+02
4.194649963378906250e+02
7.502999782562255859e+00
7.046999931335449219e+00
1.901799964904785156e+01
9.528900146484375000e+01
8.135199737548828125e+01
1.689429931640625000e+02
1.096179962158203125e+02
2.281500053405761719e+01
1.341399955749511719e+01
2.538190002441406250e+02
3.736999988555908203e+00
2.476999998092651367e+00
2.216200065612792969e+01
2.618999958038330078e+00
8.682299804687500000e+01
5.222200012207031250e+01
1.283070068359375000e+02
3.465000152587890625e+01
3.233000040054321289e+00
8.696000099182128906e+00
4.600999832153320312e+00
3.130000114440917969e+00
6.161879882812500000e+02
1.938199996948242188e+01
2.628000020980834961e+00
3.073089904785156250e+02
1.297299957275390625e+02
2.822699928283691406e+01
1.075940017700195312e+02
8.225000381469726562e+00
5.666999816894531250e+00
2.629400062561035156e+01
1.899999976158142090e-01
5.569530029296875000e+02
2.693399963378906250e+02
2.571090087890625000e+02
2.196750030517578125e+02
2.071410064697265625e+02
7.009799957275390625e+01
3.100660095214843750e+02
1.397649993896484375e+02
1.139700031280517578e+01
7.011399841308593750e+01
1.200999975204467773e+00
1.852319946289062500e+02
7.567999839782714844e+00
2.991500091552734375e+01
2.508939971923828125e+02
4.754760131835937500e+02
1.998339996337890625e+02
3.990790100097656250e+02
2.458719940185546875e+02
1.282600021362304688e+01
1.023200035095214844e+01
1.764999985694885254e+00
2.177199935913085938e+01
8.761100006103515625e+01
8.609999656677246094e+00
7.868999958038330078e+00
3.087839965820312500e+02
4.155000209808349609e+00
5.149700164794921875e+01
2.980800056457519531e+01
2.279000043869018555e+00
8.387000083923339844e+00
1.964429931640625000e+02
4.809999942779541016e+00
1.212070007324218750e+02
1.219879989624023438e+02
1.728000044822692871e+00
6.557399749755859375e+01
1.437699985504150391e+01
1.551020050048828125e+02
1.283650054931640625e+02
9.029000282287597656e+00
5.057999877929687500e+02
1.589000034332275391e+01
3.223000049591064453e+00
3.473370056152343750e+02
2.516399955749511719e+01
1.150950012207031250e+02
1.355900001525878906e+01
1.012199974060058594e+01
1.346670074462890625e+02
6.649710083007812500e+02
4.981299972534179688e+01
3.740000128746032715e-01
1.394000053405761719e+00
4.367599868774414062e+01
2.639129943847656250e+02
2.448639984130859375e+02
5.541600036621093750e+01
3.970000028610229492e+00
