5.050592578125000000e+04
8.880449218750000000e+03
1.219550018310546875e+02
6.558293750000000000e+04
8.732034179687500000e+03
1.221831484375000000e+05
3.496080468750000000e+04
2.258562109375000000e+04
7.423630859375000000e+03
1.393726562500000000e+05
9.792764648437500000e+03
5.042770080566406250e+02
1.579176406250000000e+05
2.140972031250000000e+05
2.147557968750000000e+05
2.756060937500000000e+04
2.175920625000000000e+05
1.415154687500000000e+05
6.963971093750000000e+04
5.889558203125000000e+04
2.765000104904174805e+00
1.244499969482421875e+01
1.688788867187500000e+04
3.002839965820312500e+02
6.978549804687500000e+02
8.253868750000000000e+04
3.077072070312500000e+04
4.291902734375000000e+04
4.605300140380859375e+01
2.841300010681152344e+01
2.590410546875000000e+04
3.940800094604492188e+01
2.107584960937500000e+04
1.530099218750000000e+05
4.712266406250000000e+04
1.589462812500000000e+05
1.188345703125000000e+05
2.079287890625000000e+04
9.179999828338623047e-01
2.338007421875000000e+04
1.883799062500000000e+05
1.816503051757812500e+03
7.950223144531250000e+03
1.689486406250000000e+05
4.188931640625000000e+04
3.546393750000000000e+04
7.127654687500000000e+04
5.864454101562500000e+03
1.820928906250000000e+04
1.113043945312500000e+04
5.286100006103515625e+01
2.232225390625000000e+04
1.288096562500000000e+05
8.123653125000000000e+04
1.124275024414062500e+03
2.253424072265625000e+03
1.582690781250000000e+05
1.149600028991699219e+01
1.978246948242187500e+03
9.220000267028808594e+00
1.366000056266784668e+00
3.963560058593750000e+03
5.146841796875000000e+04
1.681599998474121094e+01
3.214658437500000000e+05
6.745827343750000000e+04
6.563075781250000000e+04
7.441999912261962891e+00
4.031526171875000000e+04
6.107699966430664062e+01
2.192073125000000000e+05
1.084195625000000000e+05
4.851304199218750000e+03
8.615000152587890625e+01
3.173336328125000000e+04
6.697214843750000000e+04
3.076983789062500000e+04
1.477887031250000000e+05
3.305799865722656250e+01
4.018582421875000000e+04
9.142123437500000000e+04
8.843996093750000000e+04
7.942999839782714844e+00
9.313467968750000000e+04
3.656631250000000000e+05
1.312599945068359375e+02
6.222736718750000000e+04
1.680486914062500000e+04
9.867540283203125000e+02
6.522999763488769531e+00
9.663817187500000000e+04
4.026650781250000000e+04
6.950263281250000000e+04
2.367613281250000000e+04
1.465999960899353027e+00
8.941886718750000000e+04
5.690012109375000000e+04
5.802894042968750000e+03
9.288600158691406250e+01
2.671435312500000000e+05
3.554244531250000000e+04
3.292000055313110352e+00
4.336100006103515625e+01
3.491340234375000000e+04
9.010302343750000000e+04
6.740678125000000000e+04
3.855344531250000000e+04
1.926597343750000000e+05
1.254814843750000000e+05
3.040288085937500000e+03
1.471860839843750000e+04
3.910602050781250000e+03
9.720700073242187500e+01
9.198600006103515625e+01
9.768044531250000000e+04
9.112478906250000000e+04
1.389220625000000000e+05
2.803699951171875000e+02
1.036712036132812500e+03
3.631459765625000000e+04
1.716943945312500000e+04
2.688323974609375000e+03
3.495046484375000000e+04
4.448482031250000000e+04
1.945013867187500000e+04
6.491782226562500000e+03
6.075623750000000000e+05
4.229462890625000000e+04
1.276900024414062500e+02
8.712108593750000000e+04
1.512282031250000000e+05
6.492630004882812500e+02
4.437690234375000000e+04
1.885787656250000000e+05
1.721204956054687500e+03
2.052455468750000000e+05
4.640201171875000000e+04
3.162500000000000000e+01
7.174148437500000000e+04
6.937192187500000000e+04
5.316913281250000000e+04
1.064181640625000000e+05
1.296973203125000000e+05
2.174841015625000000e+04
5.259086718750000000e+04
1.701199913024902344e+01
7.497000217437744141e+00
6.069280468750000000e+04
3.029999971389770508e+00
2.334913476562500000e+04
4.987914453125000000e+04
6.275278808593750000e+03
8.258999824523925781e+00
2.568400001525878906e+01
1.704880468750000000e+04
2.925699996948242188e+01
2.262814531250000000e+05
8.713999938964843750e+01
5.620757812500000000e+04
7.895716406250000000e+04
2.294226367187500000e+04
5.742044531250000000e+04
3.485442187500000000e+04
1.045523125000000000e+05
1.094921171875000000e+05
2.985208789062500000e+04
4.068193359375000000e+04
5.890096484375000000e+04
4.841954687500000000e+04
7.788246093750000000e+04
3.248006445312500000e+04
8.189650781250000000e+04
1.211600017547607422e+01
4.898434765625000000e+04
4.009158984375000000e+04
1.423526875000000000e+05
4.786703125000000000e+04
1.984296093750000000e+05
1.067779998779296875e+02
9.870831250000000000e+04
2.146236083984375000e+03
4.798999786376953125e+00
1.026320037841796875e+02
1.490137939453125000e+03
1.200930156250000000e+05
2.531144335937500000e+04
2.070109179687500000e+04
7.240120117187500000e+03
3.731225781250000000e+04
1.029808828125000000e+05
1.405170507812500000e+04
4.520502343750000000e+04
1.360939843750000000e+05
9.050096093750000000e+04
2.058729296875000000e+04
1.675170703125000000e+04
1.342625000000000000e+04
6.333000183105468750e+00
5.105599975585937500e+01
3.063328906250000000e+04
2.204924609375000000e+04
2.123969687500000000e+05
5.997299957275390625e+01
6.639228125000000000e+04
6.076314941406250000e+03
7.927658593750000000e+04
6.507999897003173828e+00
8.449886718750000000e+04
3.207749938964843750e+02
2.015099906921386719e+01
6.231499862670898438e+01
4.023770312500000000e+04
3.137000083923339844e+00
1.138792968750000000e+05
1.923475000000000000e+05
2.636599375000000000e+05
2.368995312500000000e+04
7.387946093750000000e+04
1.757279052734375000e+03
3.124049987792968750e+02
1.169227050781250000e+03
1.638149316406250000e+04
5.025600051879882812e+01
3.086999893188476562e+00
4.872746875000000000e+04
5.818730957031250000e+03
2.358330468750000000e+05
1.116712109375000000e+05
1.379291875000000000e+05
1.016082109375000000e+05
1.875038085937500000e+04
6.099667187500000000e+04
1.341332968750000000e+05
3.541799926757812500e+01
1.131058789062500000e+04
4.311800390625000000e+04
3.653880004882812500e+02
3.186696044921875000e+03
2.401623437500000000e+05
1.753999948501586914e+00
4.883800125122070312e+01
8.161304687500000000e+04
2.631158593750000000e+04
1.199000000953674316e+00
1.436062656250000000e+05
2.506534375000000000e+04
1.615834062500000000e+05
1.389440722656250000e+04
5.109644042968750000e+03
3.536311718750000000e+04
8.538305664062500000e+03
1.669499969482421875e+01
4.470809936523437500e+02
2.480000019073486328e+00
1.319194687500000000e+05
2.336108906250000000e+05
5.801399609375000000e+04
1.447000026702880859e+01
1.271051025390625000e+03
7.641439843750000000e+04
1.180877734375000000e+05
8.102412500000000000e+04
3.808000087738037109e+00
4.977074218750000000e+03
5.349853515625000000e+04
1.163020390625000000e+05
1.968000054359436035e+00
7.237110937500000000e+04
7.538333593750000000e+04
7.405189819335937500e+02
2.352038671875000000e+04
1.868780059814453125e+02
1.906407226562500000e+04
1.152018203125000000e+05
4.122415000000000000e+05
3.136595937500000000e+05
2.789885000000000000e+05
7.825388281250000000e+04
8.930620117187500000e+02
1.693063125000000000e+05
2.500578515625000000e+04
8.757101562500000000e+04
9.567999839782714844e+00
5.055196093750000000e+04
3.984389953613281250e+02
6.079619750976562500e+02
1.593125000000000000e+05
1.428299999237060547e+01
7.717539062500000000e+04
3.019482500000000000e+05
6.161348437500000000e+04
8.414999961853027344e+00
1.781150585937500000e+04
1.655786718750000000e+05
2.051531982421875000e+03
3.460000038146972656e+00
3.306247656250000000e+04
3.351892089843750000e+03
1.153160351562500000e+04
5.547999858856201172e+00
1.807040937500000000e+05
4.101512890625000000e+04
1.518688769531250000e+04
8.214549218750000000e+04
6.733820312500000000e+04
2.159804101562500000e+04
8.902167187500000000e+04
4.524617187500000000e+04
1.171471562500000000e+05
4.072000122070312500e+01
2.428710021972656250e+02
1.181362265625000000e+05
1.203018906250000000e+05
2.702993359375000000e+04
2.775613437500000000e+05
5.221861328125000000e+04
1.097523593750000000e+05
1.906760937500000000e+05
1.740689531250000000e+05
3.077966601562500000e+04
1.016967871093750000e+04
6.388046484375000000e+04
1.137442031250000000e+05
1.842621093750000000e+05
2.435590057373046875e+02
2.108253710937500000e+04
2.255819726562500000e+04
9.979623437500000000e+04
2.601428955078125000e+03
5.846710937500000000e+03
2.318307421875000000e+04
9.813045312500000000e+04
3.776597900390625000e+03
1.755133203125000000e+04
3.382649062500000000e+05
1.301250078125000000e+05
4.652260937500000000e+04
1.270511796875000000e+05
2.786599375000000000e+05
1.489476367187500000e+04
4.111778515625000000e+04
1.767200088500976562e+01
8.809649414062500000e+03
2.277622968750000000e+05
1.037804375000000000e+05
3.439550048828125000e+03
1.949372968750000000e+05
2.057017343750000000e+05
4.999236250000000000e+05
4.796799850463867188e+01
6.707160937500000000e+04
1.564137812500000000e+05
6.752856250000000000e+04
2.157607910156250000e+03
2.100391406250000000e+05
4.255190124511718750e+02
8.314364843750000000e+04
1.038000030517578125e+02
4.050000190734863281e+00
1.438748437500000000e+05
5.542128906250000000e+04
3.211383789062500000e+04
2.289469921875000000e+04
1.352910000000000000e+05
4.946672265625000000e+04
4.875939843750000000e+04
3.575091562500000000e+05
1.268353906250000000e+04
6.297100067138671875e+01
1.310330937500000000e+05
4.652201171875000000e+04
2.373445312500000000e+05
4.185812109375000000e+04
2.808158398437500000e+04
1.484599971771240234e+01
6.293139062500000000e+04
2.638213476562500000e+04
3.857328125000000000e+04
6.681692187500000000e+04
2.128499984741210938e+01
1.978113593750000000e+05
4.347800064086914062e+01
2.566879882812500000e+02
3.066423095703125000e+03
9.074300000000000000e+04
5.593971093750000000e+04
2.665959179687500000e+04
3.907000064849853516e+00
2.624961250000000000e+05
1.988000035285949707e+00
1.995961250000000000e+05
1.738108789062500000e+04
1.276569976806640625e+02
9.845671875000000000e+04
2.470635937500000000e+05
1.689129943847656250e+02
3.581659375000000000e+04
6.105842578125000000e+04
8.988960937500000000e+04
4.860922851562500000e+03
1.520442656250000000e+05
1.015208593750000000e+04
4.727810058593750000e+02
5.632999897003173828e+00
3.550899887084960938e+01
3.098220703125000000e+04
9.601179809570312500e+02
1.033918906250000000e+05
1.827519989013671875e+02
1.257697109375000000e+05
2.008730010986328125e+02
8.927498046875000000e+03
1.540900039672851562e+01
2.129210468750000000e+05
1.135074951171875000e+03
4.576578515625000000e+04
2.206017656250000000e+05
2.651799964904785156e+01
5.561399841308593750e+01
1.682534687500000000e+05
1.576500034332275391e+01
5.504211718750000000e+04
5.059719848632812500e+02
2.916516992187500000e+04
8.362900000000000000e+04
2.380100059509277344e+01
1.876787500000000000e+05
2.438273632812500000e+04
3.339813671875000000e+04
7.330400085449218750e+01
5.575709838867187500e+02
5.351090820312500000e+03
1.178922460937500000e+04
8.477024414062500000e+03
9.442813281250000000e+04
7.379000186920166016e+00
1.786199951171875000e+01
2.482018750000000000e+04
2.193283437500000000e+05
2.011855156250000000e+05
6.629199981689453125e+01
2.432771406250000000e+05
1.037399959564208984e+01
4.324499893188476562e+01
1.790489959716796875e+02
2.296000003814697266e+00
2.763582500000000000e+05
1.746277187500000000e+05
9.171999931335449219e+00
1.907662695312500000e+04
5.116600036621093750e+01
7.572892968750000000e+04
1.813854101562500000e+04
5.419051953125000000e+04
3.016000032424926758e+00
5.423174218750000000e+04
9.512999534606933594e+00
5.569345214843750000e+03
2.228700065612792969e+01
1.372816875000000000e+05
2.075104531250000000e+05
5.877999782562255859e+00
5.092628515625000000e+04
6.150972167968750000e+03
9.855000305175781250e+01
1.108877734375000000e+05
1.475100040435791016e+01
9.546582031250000000e+04
9.848999977111816406e+00
3.547800064086914062e+01
1.101491484375000000e+05
2.129871250000000000e+05
2.753700065612792969e+01
5.132971093750000000e+04
1.281873437500000000e+04
1.219399121093750000e+04
7.512550000000000000e+04
3.404536718750000000e+04
2.715679687500000000e+05
2.653747500000000000e+05
1.833999991416931152e+00
1.383295000000000000e+05
1.748234375000000000e+04
9.333885937500000000e+04
1.257493281250000000e+05
6.608833593750000000e+04
4.829800781250000000e+04
4.865986328125000000e+04
6.184000015258789062e+00
7.185999870300292969e+00
5.039999961853027344e+00
1.407692968750000000e+05
3.140703125000000000e+05
4.093501171875000000e+04
1.462081738281250000e+04
3.068431884765625000e+03
1.550444687500000000e+05
3.431248046875000000e+04
1.567999958992004395e+00
1.046231796875000000e+05
3.033099937438964844e+01
6.287089843750000000e+02
2.378029937744140625e+02
2.343944726562500000e+04
1.138286562500000000e+05
1.721007031250000000e+05
7.830222167968750000e+03
5.731019042968750000e+03
7.788997656250000000e+04
1.503538906250000000e+05
5.037230468750000000e+04
4.285271875000000000e+04
2.468931445312500000e+04
1.507276875000000000e+05
1.170908046875000000e+05
2.973972851562500000e+04
8.866627343750000000e+04
7.630519531250000000e+04
2.227599906921386719e+01
6.832200000000000000e+04
2.229340087890625000e+03
2.518899917602539062e+01
1.701129882812500000e+04
4.179479980468750000e+02
7.486441406250000000e+04
1.719409179687500000e+04
7.437172851562500000e+03
5.061482812500000000e+04
4.148778125000000000e+04
3.759139062500000000e+04
1.754132031250000000e+05
6.308900070190429688e+01
4.340474121093750000e+03
2.823035937500000000e+05
6.454559936523437500e+02
7.426492968750000000e+04
1.073040039062500000e+03
6.507413085937500000e+03
7.960933105468750000e+03
4.168462500000000000e+04
1.213206640625000000e+05
8.922956250000000000e+04
6.096820068359375000e+02
4.466648046875000000e+04
1.000731406250000000e+05
3.950400161743164062e+01
3.204498750000000000e+05
1.143558300781250000e+04
8.231549218750000000e+04
7.708478125000000000e+04
8.284000396728515625e+00
1.099642578125000000e+05
1.168575234375000000e+05
2.891584765625000000e+04
4.019511328125000000e+04
2.815000057220458984e+00
2.674423125000000000e+05
1.608617480468750000e+04
1.715064257812500000e+04
1.087392578125000000e+05
1.020381484375000000e+05
1.647900009155273438e+01
6.657835156250000000e+04
1.312500000000000000e+01
6.192853125000000000e+04
4.837716406250000000e+04
1.907999992370605469e+00
1.877920074462890625e+02
2.236832968750000000e+05
1.655099062500000000e+05
1.329055000000000000e+05
1.836869964599609375e+02
9.569342187500000000e+04
1.093566250000000000e+05
1.138789978027343750e+02
6.767158593750000000e+04
1.623229062500000000e+05
1.691408007812500000e+04
1.808323242187500000e+04
1.393079218750000000e+05
1.139589996337890625e+02
5.213140258789062500e+02
4.349343125000000000e+05
3.996900177001953125e+01
2.011771093750000000e+05
1.867461718750000000e+05
3.767295625000000000e+05
5.650000095367431641e+00
7.295549926757812500e+02
7.747844531250000000e+04
2.265689687500000000e+05
5.226327148437500000e+03
6.047469238281250000e+03
1.428101171875000000e+04
5.988999843597412109e+00
1.048285625000000000e+05
1.123193457031250000e+04
2.668706054687500000e+03
1.158548281250000000e+05
1.631490625000000000e+04
2.385813964843750000e+03
9.744000434875488281e+00
9.408399963378906250e+01
2.155280937500000000e+05
3.067989062500000000e+05
5.304098437500000000e+04
7.741964062500000000e+04
2.765500068664550781e+01
1.268450625000000000e+05
2.696599960327148438e+01
4.339321875000000000e+04
5.419648437500000000e+04
8.910540039062500000e+03
9.536985156250000000e+04
1.287699985504150391e+01
1.193199996948242188e+02
1.190681738281250000e+04
5.727792968750000000e+04
4.275781640625000000e+04
6.716000080108642578e+00
3.232600390625000000e+04
1.808385009765625000e+03
9.760169531250000000e+04
1.809957812500000000e+04
4.232631835937500000e+03
1.047799968719482422e+01
9.614299774169921875e+01
1.910546093750000000e+04
7.114999771118164062e+00
2.906100082397460938e+01
7.006510009765625000e+02
1.620351250000000000e+05
2.491699981689453125e+01
2.285249938964843750e+02
4.069926171875000000e+04
8.900710937500000000e+04
9.712953906250000000e+04
2.644903437500000000e+05
9.923655468750000000e+04
2.198937109375000000e+04
2.431130065917968750e+02
2.081200027465820312e+01
1.266426875000000000e+05
1.166920312500000000e+04
2.013626093750000000e+05
4.946889843750000000e+04
4.189899826049804688e+01
2.240999937057495117e+00
1.014066992187500000e+04
7.085916406250000000e+04
1.319925097656250000e+04
9.449900054931640625e+01
4.156073828125000000e+04
3.102313750000000000e+05
4.026584375000000000e+04
2.745339062500000000e+04
4.558636328125000000e+04
4.197497265625000000e+04
6.344286328125000000e+04
1.089661406250000000e+05
5.985000133514404297e+00
7.725999832153320312e+00
4.540762890625000000e+04
8.225120312500000000e+04
3.740055078125000000e+04
5.506000041961669922e+00
1.716581250000000000e+04
2.510499954223632812e+01
2.939087890625000000e+04
5.597999954223632812e+01
1.129866171875000000e+05
5.203357031250000000e+04
6.405260937500000000e+04
7.904887500000000000e+04
1.655906562500000000e+05
2.104780273437500000e+04
5.257933203125000000e+04
8.067732031250000000e+04
1.050899982452392578e+01
8.666539916992187500e+02
7.865499877929687500e+01
1.710579986572265625e+02
1.468943066406250000e+04
3.267800140380859375e+01
3.135261328125000000e+04
7.778946093750000000e+04
5.757999897003173828e+00
9.383803906250000000e+04
3.256173828125000000e+04
1.772589062500000000e+04
2.578229980468750000e+02
1.642322968750000000e+05
2.809223632812500000e+04
3.027399804687500000e+04
1.569217343750000000e+05
5.163299942016601562e+01
1.121714375000000000e+05
9.798628906250000000e+04
1.120268281250000000e+05
6.409000390625000000e+04
7.461499786376953125e+01
6.631961914062500000e+03
4.919169531250000000e+04
6.472653125000000000e+04
9.530348437500000000e+04
3.717808593750000000e+04
1.648822500000000000e+05
1.495459765625000000e+04
3.992400000000000000e+04
2.419799995422363281e+01
4.281700625000000000e+05
2.288142968750000000e+04
1.564364062500000000e+05
9.494035156250000000e+04
2.368458984375000000e+04
3.679600143432617188e+01
1.390814531250000000e+05
5.476544921875000000e+04
5.814099884033203125e+01
2.408119218750000000e+05
7.643486718750000000e+04
3.037791992187500000e+04
1.948938671875000000e+04
2.177264257812500000e+04
1.818020019531250000e+02
5.031245703125000000e+04
3.194468750000000000e+04
3.651118750000000000e+04
1.802599906921386719e+01
1.643289947509765625e+02
5.138000011444091797e+00
2.138978710937500000e+04
4.208551562500000000e+04
8.952737500000000000e+04
7.306824218750000000e+04
1.213136962890625000e+03
8.670820312500000000e+04
2.231066210937500000e+04
2.648124375000000000e+05
2.056999921798706055e+00
1.257890390625000000e+05
7.393574218750000000e+03
4.813399887084960938e+01
1.952244531250000000e+05
4.757999897003173828e+00
1.317722656250000000e+04
3.149379062500000000e+05
1.322381093750000000e+05
1.785026562500000000e+04
4.553082421875000000e+04
2.868562988281250000e+03
7.255559082031250000e+03
4.915999889373779297e+00
5.548400115966796875e+01
8.245251562500000000e+04
2.242175937500000000e+05
3.837799835205078125e+01
4.924799609375000000e+04
1.519332812500000000e+05
8.400161132812500000e+03
1.626270781250000000e+05
1.262752734375000000e+05
2.236599922180175781e+01
3.025419921875000000e+03
2.419842187500000000e+04
5.833189697265625000e+02
9.775207031250000000e+04
1.206505625000000000e+05
1.087486230468750000e+04
9.263152343750000000e+04
2.730590234375000000e+04
5.781963671875000000e+04
8.446239062500000000e+04
5.592609863281250000e+02
9.533410937500000000e+04
6.739371875000000000e+04
9.370500781250000000e+04
1.432186425781250000e+04
8.418999671936035156e+00
9.431138281250000000e+04
1.511146191406250000e+04
3.168000030517578125e+01
1.656000018119812012e+00
1.340613378906250000e+04
3.762919921875000000e+02
1.864554843750000000e+05
2.723359985351562500e+02
6.179995312500000000e+04
3.708810119628906250e+02
2.951359863281250000e+02
3.023884179687500000e+04
1.115706875000000000e+05
7.495239868164062500e+02
3.570195068359375000e+03
4.381144042968750000e+03
1.679529218750000000e+05
3.494340625000000000e+04
7.960685937500000000e+04
6.809680468750000000e+04
3.100100937500000000e+05
3.053049926757812500e+02
2.305500030517578125e+01
8.082417187500000000e+04
1.024598022460937500e+03
6.023956640625000000e+04
4.713300390625000000e+04
2.146420468750000000e+05
4.288199996948242188e+01
4.476679687500000000e+04
1.643852187500000000e+05
8.311897460937500000e+03
5.900087109375000000e+04
2.136712109375000000e+04
8.841506250000000000e+04
3.248670043945312500e+02
7.197769775390625000e+02
1.013265390625000000e+05
2.987999916076660156e+00
6.196731640625000000e+04
4.504797656250000000e+04
2.089070468750000000e+05
1.071944824218750000e+04
1.341609531250000000e+05
6.790663281250000000e+04
1.798220781250000000e+05
3.022729003906250000e+03
1.592696044921875000e+03
6.757056152343750000e+03
3.851999998092651367e+00
2.476494335937500000e+04
6.935803222656250000e+03
6.559351074218750000e+03
1.474010312500000000e+05
1.997248828125000000e+04
4.532618750000000000e+04
1.197919218750000000e+05
5.896197656250000000e+04
3.586263281250000000e+04
1.709988085937500000e+04
1.047180053710937500e+03
7.939658593750000000e+04
6.051323046875000000e+04
2.197890014648437500e+02
1.654000043869018555e+00
9.464429931640625000e+02
9.754858593750000000e+04
1.107199954986572266e+01
2.505900390625000000e+04
3.316956250000000000e+04
1.005879375000000000e+05
1.075589981079101562e+02
4.536025781250000000e+04
5.104372656250000000e+04
4.287799835205078125e+01
9.617968750000000000e+03
5.966299819946289062e+01
2.213079687500000000e+05
4.209821484375000000e+04
2.301921406250000000e+05
1.311933906250000000e+05
4.776068750000000000e+04
2.844729492187500000e+04
5.691996093750000000e+04
5.915862890625000000e+04
3.914492578125000000e+04
1.218360058593750000e+04
2.320293593750000000e+05
1.599321044921875000e+03
4.098005078125000000e+04
1.797566250000000000e+05
1.988674531250000000e+05
1.092321484375000000e+04
5.557000160217285156e+00
5.990617578125000000e+04
1.302479765625000000e+05
1.352478125000000000e+05
1.667500000000000000e+02
1.641200065612792969e+01
1.131317890625000000e+05
6.962255468750000000e+04
1.116822968750000000e+05
4.907999992370605469e+00
3.233710021972656250e+02
1.472547187500000000e+05
2.379100036621093750e+01
1.302299976348876953e+01
2.103036914062500000e+04
4.135935546875000000e+04
7.974830078125000000e+03
1.271940703125000000e+05
1.240397734375000000e+05
4.026801171875000000e+04
1.018999958038330078e+01
3.975000390625000000e+04
2.913266250000000000e+05
1.731588867187500000e+04
1.618099975585937500e+01
1.817660064697265625e+02
6.140484375000000000e+04
1.394040468750000000e+05
9.455779687500000000e+04
1.175169982910156250e+02
2.559617578125000000e+04
7.495957812500000000e+04
1.132289962768554688e+02
1.952564453125000000e+04
2.575545898437500000e+04
1.173208203125000000e+05
1.792843750000000000e+05
4.158073437500000000e+04
4.045511328125000000e+04
7.394000053405761719e+00
1.223998437500000000e+05
1.590717382812500000e+04
1.420707968750000000e+05
7.688000202178955078e+00
3.935876953125000000e+04
2.776446093750000000e+04
3.281238037109375000e+03
8.840588867187500000e+03
1.390741250000000000e+05
4.992000102996826172e+00
1.500389453125000000e+04
6.541204296875000000e+04
9.543179931640625000e+02
4.051637890625000000e+04
1.979135781250000000e+05
2.116893945312500000e+04
2.305941894531250000e+03
1.203662402343750000e+04
6.620999813079833984e+00
2.715235312500000000e+05
1.015063476562500000e+04
3.233000040054321289e+00
1.056077026367187500e+03
1.085000038146972656e+00
6.206218359375000000e+04
5.661976074218750000e+03
1.445090000000000000e+05
4.669599914550781250e+01
1.812600000000000000e+04
2.200330664062500000e+04
1.686100006103515625e+01
8.327794531250000000e+04
5.267826562500000000e+04
2.915294375000000000e+05
7.083787500000000000e+04
4.497744531250000000e+04
1.639640045166015625e+02
1.288099956512451172e+01
9.177100372314453125e+01
6.428940625000000000e+04
2.080529937744140625e+02
3.722115234375000000e+04
1.210920019531250000e+04
7.417803125000000000e+04
1.508199414062500000e+04
5.327388281250000000e+04
4.496378906250000000e+03
2.101416210937500000e+04
1.350085156250000000e+05
1.202550234375000000e+05
4.015499218750000000e+04
2.663741562500000000e+05
5.371196875000000000e+04
2.110481445312500000e+04
2.758754882812500000e+03
1.907467041015625000e+03
3.379862187500000000e+05
1.363662963867187500e+03
7.138730957031250000e+03
3.389786718750000000e+04
3.191275937500000000e+05
2.432889687500000000e+05
1.959675468750000000e+05
1.072082968750000000e+05
4.131778125000000000e+04
5.005000114440917969e+00
7.712287500000000000e+04
6.414199609375000000e+04
5.782530859375000000e+04
3.622618750000000000e+05
2.227663671875000000e+04
1.611900024414062500e+02
3.318006250000000000e+04
7.306199645996093750e+01
4.642588437500000000e+05
3.938499832153320312e+01
2.361715625000000000e+04
1.060870507812500000e+04
1.850704218750000000e+05
1.307917031250000000e+05
1.388735000000000000e+05
1.001288281250000000e+04
1.368900012969970703e+01
2.877799987792968750e+02
1.501443906250000000e+05
4.646500015258789062e+01
2.467905156250000000e+05
5.962174804687500000e+03
