1.024240036010742188e+02
1.261838989257812500e+03
1.768869934082031250e+02
2.202500000000000000e+02
2.376053955078125000e+03
9.502400207519531250e+01
3.335500976562500000e+03
3.271094970703125000e+03
1.228400039672851562e+01
1.032352050781250000e+03
3.503000020980834961e+00
1.290600013732910156e+01
3.707360107421875000e+03
5.299800109863281250e+01
4.079966064453125000e+03
8.164390136718750000e+03
2.285400009155273438e+01
6.485770263671875000e+02
3.920785888671875000e+03
3.734999895095825195e+00
9.004899902343750000e+02
3.894356933593750000e+03
2.646289978027343750e+02
1.983090057373046875e+02
7.276345214843750000e+03
3.615889892578125000e+02
4.146300125122070312e+01
1.317015014648437500e+03
8.690899658203125000e+01
3.828000068664550781e+00
1.770520019531250000e+02
1.869728027343750000e+03
1.652870025634765625e+02
1.686416992187500000e+03
3.223999977111816406e+00
3.041174072265625000e+03
1.833470001220703125e+02
7.559799957275390625e+01
1.839129943847656250e+02
2.264010009765625000e+02
1.342133056640625000e+03
4.752999782562255859e+00
8.573999786376953125e+01
2.046959960937500000e+03
3.498958984375000000e+03
8.553909912109375000e+02
1.740891967773437500e+03
4.619849853515625000e+02
1.981999993324279785e+00
4.312439880371093750e+02
5.648049926757812500e+02
4.923823242187500000e+03
5.913100051879882812e+01
8.175900268554687500e+02
2.699549865722656250e+02
1.213649047851562500e+03
4.060230102539062500e+02
4.907624023437500000e+03
1.646461059570312500e+03
1.415999984741210938e+01
6.964083007812500000e+03
3.059999942779541016e+00
1.082610015869140625e+02
9.835330200195312500e+02
1.343200016021728516e+01
6.876691894531250000e+03
6.350280151367187500e+02
1.232321044921875000e+03
8.605640258789062500e+02
4.657290039062500000e+02
6.487100219726562500e+01
2.287530059814453125e+02
3.360400009155273438e+01
4.816999912261962891e+00
1.453260986328125000e+03
1.755385986328125000e+03
1.145600032806396484e+01
1.488079986572265625e+02
1.386499977111816406e+01
1.657140014648437500e+03
1.557071044921875000e+03
2.156309967041015625e+02
5.527485839843750000e+03
2.410768066406250000e+03
1.334187011718750000e+03
4.649089965820312500e+02
2.087778076171875000e+03
4.121730041503906250e+02
2.104652099609375000e+03
5.747428222656250000e+03
2.642486083984375000e+03
3.376282958984375000e+03
3.928035888671875000e+03
2.719195068359375000e+03
1.133728027343750000e+03
6.810380249023437500e+02
1.875000000000000000e+00
8.043309936523437500e+02
6.666209716796875000e+02
1.900478027343750000e+03
7.971099853515625000e+01
3.765054931640625000e+03
6.625000000000000000e+00
1.397349511718750000e+04
6.469999694824218750e+01
1.007651000976562500e+03
4.373386230468750000e+03
1.594152954101562500e+03
3.664790039062500000e+02
2.125741943359375000e+03
1.634788940429687500e+03
3.390297119140625000e+03
4.003859863281250000e+02
1.083199977874755859e+01
8.359600219726562500e+02
1.656100082397460938e+01
5.912200164794921875e+01
5.057340087890625000e+02
1.213899047851562500e+03
3.522000074386596680e+00
1.312671020507812500e+03
2.326629943847656250e+02
2.075520019531250000e+02
2.562999916076660156e+01
3.332385986328125000e+03
7.897739868164062500e+02
5.301929931640625000e+02
7.111699676513671875e+01
9.094749755859375000e+02
4.369499969482421875e+01
3.002860107421875000e+02
1.597120056152343750e+02
1.519137939453125000e+03
2.992409973144531250e+02
1.741187988281250000e+03
4.335900115966796875e+01
1.366450042724609375e+02
1.039660034179687500e+02
8.545999526977539062e+00
2.304427001953125000e+03
2.086999893188476562e+00
4.239099884033203125e+01
9.810410156250000000e+02
1.155289993286132812e+02
6.392386230468750000e+03
1.530399990081787109e+01
2.791170043945312500e+02
3.099447021484375000e+03
6.660600280761718750e+01
1.729140014648437500e+02
4.498000144958496094e+00
1.243999958038330078e+01
5.854000091552734375e+00
6.447969970703125000e+02
4.584779968261718750e+02
2.402599906921386719e+01
1.658249969482421875e+02
1.093519042968750000e+03
1.097310028076171875e+02
3.700530090332031250e+02
5.985000133514404297e+00
6.605999755859375000e+01
1.823624023437500000e+03
3.967945068359375000e+03
1.179100036621093750e+01
2.996000051498413086e+00
3.057933105468750000e+03
3.209540100097656250e+02
4.344129943847656250e+02
2.575763916015625000e+03
5.050245117187500000e+03
3.261690063476562500e+02
2.294323974609375000e+03
1.398025024414062500e+03
1.695850195312500000e+04
2.202117919921875000e+03
8.029680175781250000e+02
3.751074951171875000e+03
1.633600044250488281e+01
1.118327026367187500e+03
2.120299911499023438e+01
6.922948242187500000e+03
1.648447998046875000e+03
6.162239990234375000e+02
2.222400093078613281e+01
1.904609985351562500e+02
9.489999771118164062e+00
3.524209899902343750e+02
4.379199981689453125e+01
1.762484008789062500e+03
2.130000114440917969e+00
2.754864013671875000e+03
1.617400054931640625e+02
7.573690185546875000e+02
3.397020996093750000e+03
3.037737060546875000e+03
3.694999933242797852e+00
2.095650024414062500e+02
4.233519897460937500e+02
1.590411987304687500e+03
3.025000095367431641e+00
2.724219970703125000e+02
2.040839996337890625e+02
9.623610229492187500e+02
1.508359985351562500e+02
9.596380004882812500e+02
3.229383056640625000e+03
1.563645996093750000e+03
3.287139892578125000e+02
1.018500976562500000e+03
1.030116943359375000e+03
1.263182983398437500e+03
4.883219909667968750e+02
8.311409912109375000e+02
5.649647949218750000e+03
8.987593750000000000e+03
2.096549987792968750e+02
2.664087890625000000e+03
2.947349121093750000e+03
1.759600067138671875e+02
1.539500045776367188e+01
2.553550048828125000e+03
7.477485839843750000e+03
3.336497070312500000e+03
1.264229965209960938e+02
3.351820068359375000e+02
3.367269897460937500e+02
2.297910003662109375e+02
9.282440185546875000e+02
7.087799835205078125e+01
2.049420013427734375e+02
1.738100051879882812e+01
1.622304199218750000e+04
2.284099960327148438e+01
8.944000244140625000e+00
1.790119934082031250e+02
7.251040039062500000e+02
2.220700073242187500e+01
2.483756103515625000e+03
1.294799995422363281e+01
1.006999969482421875e+00
1.183759994506835938e+02
5.799760131835937500e+02
1.457202026367187500e+03
9.935199737548828125e+01
2.729800033569335938e+01
3.857604980468750000e+03
1.457720031738281250e+02
5.122478027343750000e+03
3.431072021484375000e+03
3.472156982421875000e+03
6.370789794921875000e+02
1.479691040039062500e+03
8.529370117187500000e+02
1.621000051498413086e+00
1.940104003906250000e+03
7.182360229492187500e+02
5.010000228881835938e+00
2.765139892578125000e+03
4.190000057220458984e+00
3.787752929687500000e+03
7.986599731445312500e+01
7.025919799804687500e+02
4.975252929687500000e+03
9.634589843750000000e+02
1.134326049804687500e+03
8.359000205993652344e+00
2.155898925781250000e+03
1.090168945312500000e+03
1.192939746093750000e+04
3.898600006103515625e+01
3.356465087890625000e+03
1.747589965820312500e+03
2.471369934082031250e+02
3.726000070571899414e+00
9.636861328125000000e+03
4.254399871826171875e+01
4.388554199218750000e+03
9.134869995117187500e+02
9.852999877929687500e+01
1.819499969482421875e+01
4.703355957031250000e+03
5.895000076293945312e+01
1.072608032226562500e+03
2.421999931335449219e+00
2.183000087738037109e+00
1.739828002929687500e+03
1.382334960937500000e+03
1.264095947265625000e+03
1.573739929199218750e+02
2.180083007812500000e+03
3.335339965820312500e+02
1.432999968528747559e+00
1.139000034332275391e+01
6.861380004882812500e+02
6.865059814453125000e+02
1.106400012969970703e+01
1.694620056152343750e+02
2.773000001907348633e+00
2.443000078201293945e+00
2.072220001220703125e+02
5.207698242187500000e+03
1.472900009155273438e+01
2.053499984741210938e+01
2.857979980468750000e+03
2.125799942016601562e+01
5.304399871826171875e+01
3.722604980468750000e+03
2.278499984741210938e+01
2.847319946289062500e+02
1.045870898437500000e+04
8.675609741210937500e+02
2.780010070800781250e+02
5.454000091552734375e+01
6.193146972656250000e+03
1.041679992675781250e+02
1.826870971679687500e+03
2.384340057373046875e+02
2.886861083984375000e+03
3.282899856567382812e+01
5.216000080108642578e+00
3.289321044921875000e+03
2.723969970703125000e+03
8.136229858398437500e+02
2.561369934082031250e+02
1.169474975585937500e+03
3.415979919433593750e+02
3.882742919921875000e+03
2.304070068359375000e+03
1.409985961914062500e+03
3.632199859619140625e+01
5.083000183105468750e+00
2.002519989013671875e+02
2.682600097656250000e+02
1.915630035400390625e+02
3.793999910354614258e+00
6.526192871093750000e+03
1.142279968261718750e+02
3.002281982421875000e+03
6.238399887084960938e+01
2.282799911499023438e+01
1.491250000000000000e+03
2.772349853515625000e+02
4.548099899291992188e+01
1.906399917602539062e+01
1.485189971923828125e+02
1.860799980163574219e+01
8.400698242187500000e+03
1.631519927978515625e+02
8.635134765625000000e+03
2.080000000000000000e+03
3.276043945312500000e+03
3.302600097656250000e+01
4.021999835968017578e+00
1.543190002441406250e+02
3.150480041503906250e+02
6.042860107421875000e+02
1.813099975585937500e+02
5.900949707031250000e+02
2.177688964843750000e+03
5.387694824218750000e+03
5.913700103759765625e+01
1.677071044921875000e+03
3.352183105468750000e+03
6.198478027343750000e+03
5.415248046875000000e+03
4.761999893188476562e+01
1.678390045166015625e+02
2.319089965820312500e+02
1.007624023437500000e+03
1.301520019531250000e+03
8.634582031250000000e+03
1.188619995117187500e+02
1.162443969726562500e+03
1.585334570312500000e+04
1.600104003906250000e+03
1.347052978515625000e+03
1.814109954833984375e+02
4.412793945312500000e+03
1.012779998779296875e+02
4.768000125885009766e+00
3.247800064086914062e+01
3.946740112304687500e+02
8.848179931640625000e+02
1.581390075683593750e+02
1.142516967773437500e+03
2.707059082031250000e+03
5.303693847656250000e+03
4.317560119628906250e+02
5.885819824218750000e+03
3.182200927734375000e+03
1.885410003662109375e+02
4.479921875000000000e+03
4.783078125000000000e+03
5.066459960937500000e+02
1.082600021362304688e+01
6.604509887695312500e+02
2.676836914062500000e+03
2.076399993896484375e+01
2.727304931640625000e+03
6.952000141143798828e+00
4.422650146484375000e+02
1.916450042724609375e+02
4.054479980468750000e+02
5.189500976562500000e+03
3.283342041015625000e+03
2.542330017089843750e+02
6.178770141601562500e+02
5.135256835937500000e+03
5.158400268554687500e+02
7.040499023437500000e+03
2.829593017578125000e+03
4.099350097656250000e+03
2.321699905395507812e+01
1.416373046875000000e+03
7.876999855041503906e+00
3.240260009765625000e+03
4.098779907226562500e+02
8.033315917968750000e+03
4.541701171875000000e+03
4.958926757812500000e+03
1.024328979492187500e+03
8.170000076293945312e+00
6.526000022888183594e+00
4.571969909667968750e+02
5.479359741210937500e+02
1.605717041015625000e+03
6.878510131835937500e+02
6.124000072479248047e+00
5.695000171661376953e+00
1.369179992675781250e+02
8.680000305175781250e+00
4.482799987792968750e+02
1.729830017089843750e+02
7.079999923706054688e+00
3.796999931335449219e+00
4.924000167846679688e+01
2.940669860839843750e+02
6.706569824218750000e+02
5.442319946289062500e+02
6.907999992370605469e+00
2.545517089843750000e+03
6.053099822998046875e+01
4.716629943847656250e+02
3.647659912109375000e+02
1.015442675781250000e+04
2.314830017089843750e+02
3.363819885253906250e+02
7.276597167968750000e+03
2.375226074218750000e+03
9.318820190429687500e+02
2.318200073242187500e+02
5.175479980468750000e+03
1.251761962890625000e+03
3.829047119140625000e+03
1.359832031250000000e+03
1.538480072021484375e+02
3.327099990844726562e+01
5.450600051879882812e+01
1.800410003662109375e+02
1.771380004882812500e+03
1.903100013732910156e+01
3.672231933593750000e+03
1.502129974365234375e+02
1.065697998046875000e+03
2.604724121093750000e+03
2.501829101562500000e+03
2.555582031250000000e+03
7.560999870300292969e+00
4.340047851562500000e+03
1.704983032226562500e+03
3.943275878906250000e+03
6.402200317382812500e+01
8.541890258789062500e+02
1.058140029907226562e+02
3.434660034179687500e+02
2.481350097656250000e+03
8.595800018310546875e+01
3.702390136718750000e+02
1.275399971008300781e+01
5.011999893188476562e+01
1.718990020751953125e+02
6.865830078125000000e+02
2.800300025939941406e+01
2.856254882812500000e+03
2.151399902343750000e+03
1.071566040039062500e+03
2.778300094604492188e+01
3.525710144042968750e+02
1.075191796875000000e+04
3.480465087890625000e+03
2.348930908203125000e+03
1.934813964843750000e+03
3.995150146484375000e+02
1.542232055664062500e+03
3.377998046875000000e+03
2.954199981689453125e+01
2.911499977111816406e+01
3.027634033203125000e+03
2.808129882812500000e+02
1.156524047851562500e+03
2.825999975204467773e+00
1.189010009765625000e+02
9.160800170898437500e+01
3.227833984375000000e+03
3.446471923828125000e+03
1.955897949218750000e+03
1.075579986572265625e+02
2.944166015625000000e+03
4.749999940395355225e-01
5.767900085449218750e+01
1.691727050781250000e+03
4.796999931335449219e+00
4.089678955078125000e+03
1.804360046386718750e+02
1.867936035156250000e+03
1.179699993133544922e+01
4.448722167968750000e+03
1.832702026367187500e+03
5.111647949218750000e+03
5.309199905395507812e+01
2.829999923706054688e+00
4.982400131225585938e+01
2.776000022888183594e+00
5.840399780273437500e+02
3.733179931640625000e+02
1.068379974365234375e+02
1.004476013183593750e+03
4.077441894531250000e+03
8.569349975585937500e+02
8.846803710937500000e+03
2.932799911499023438e+01
4.541564941406250000e+03
9.826870117187500000e+02
2.496000051498413086e+00
6.397189941406250000e+02
4.337999820709228516e+00
1.840946044921875000e+03
1.351693969726562500e+03
7.030570068359375000e+02
9.780980224609375000e+02
2.601999998092651367e+00
2.359999895095825195e+00
1.527360961914062500e+03
9.491799926757812500e+01
1.303071044921875000e+03
2.197502929687500000e+03
6.668280029296875000e+02
5.200953125000000000e+03
7.582320800781250000e+03
4.711839904785156250e+02
1.645469970703125000e+02
1.373600006103515625e+01
3.935169982910156250e+02
3.072521972656250000e+03
5.494589843750000000e+02
2.106688964843750000e+03
2.746100044250488281e+01
3.884735107421875000e+03
4.620877929687500000e+03
7.460000038146972656e+00
4.790399932861328125e+01
9.595999717712402344e+00
1.368833007812500000e+03
1.197200012207031250e+01
1.758551025390625000e+03
9.770770263671875000e+02
2.496569976806640625e+02
2.487899971008300781e+01
1.302078002929687500e+03
1.291876953125000000e+03
2.578346923828125000e+03
2.278974121093750000e+03
6.450344238281250000e+03
6.071000099182128906e+00
4.118120117187500000e+02
9.140449829101562500e+02
3.490769958496093750e+02
4.179370117187500000e+02
8.094000244140625000e+01
8.104599761962890625e+01
3.925017089843750000e+03
6.642589721679687500e+02
2.671853027343750000e+03
9.109400177001953125e+01
1.541529998779296875e+02
1.128870971679687500e+03
2.397894042968750000e+03
2.670000076293945312e+01
2.091790008544921875e+02
4.999499893188476562e+01
2.001431030273437500e+03
4.372499847412109375e+01
3.865999937057495117e+00
3.155060119628906250e+02
8.099199676513671875e+01
3.605529052734375000e+03
3.362167968750000000e+03
9.443353515625000000e+03
9.928319702148437500e+02
1.123850021362304688e+02
1.097730026245117188e+02
3.147143066406250000e+03
7.859500122070312500e+02
1.224078979492187500e+03
7.407119750976562500e+02
8.953189697265625000e+02
2.398000001907348633e+00
6.527999877929687500e+01
1.924079956054687500e+03
1.205248046875000000e+03
4.004800033569335938e+01
3.122845947265625000e+03
2.989760009765625000e+03
2.472093994140625000e+03
4.733779907226562500e+02
1.589200019836425781e+01
1.685114013671875000e+03
1.128102050781250000e+03
1.572764038085937500e+03
2.288410034179687500e+02
1.095946044921875000e+03
5.176539916992187500e+02
5.979000091552734375e+01
8.273750000000000000e+02
9.368389892578125000e+02
2.085740966796875000e+03
6.037979736328125000e+02
1.187172558593750000e+04
1.211760025024414062e+02
1.124359970092773438e+02
6.299900054931640625e+01
5.725579833984375000e+02
5.172000122070312500e+02
1.830599975585937500e+01
3.724406005859375000e+03
5.084000110626220703e+00
4.638729858398437500e+02
5.423900146484375000e+02
6.788140258789062500e+02
7.217400360107421875e+01
5.994270019531250000e+02
1.721880035400390625e+02
6.065989990234375000e+02
2.411780029296875000e+03
1.003671020507812500e+03
1.149215942382812500e+03
4.975090820312500000e+03
2.883349914550781250e+02
9.720399780273437500e+02
3.278070068359375000e+02
6.453619995117187500e+02
4.979318847656250000e+03
1.477606640625000000e+04
1.569929962158203125e+02
1.865270019531250000e+03
5.090298828125000000e+03
1.291166015625000000e+03
1.638715625000000000e+04
4.470666992187500000e+03
5.644359741210937500e+02
1.312310028076171875e+02
4.331144042968750000e+03
3.968845947265625000e+03
3.935252929687500000e+03
3.213070068359375000e+02
1.725480041503906250e+02
4.479372070312500000e+03
1.249639968872070312e+02
3.486960144042968750e+02
6.296586914062500000e+03
4.739880065917968750e+02
7.067570190429687500e+02
5.625910034179687500e+02
3.577210083007812500e+02
3.579849853515625000e+02
7.028668945312500000e+03
6.673756835937500000e+03
5.342000007629394531e+00
5.189000129699707031e+00
3.788500061035156250e+02
2.506999969482421875e+00
3.931340026855468750e+02
7.916999816894531250e+00
7.189000129699707031e+00
2.030921997070312500e+03
6.876899719238281250e+01
8.833579711914062500e+02
3.522000976562500000e+03
3.042756103515625000e+03
3.133892089843750000e+03
1.267829971313476562e+02
1.858699989318847656e+01
8.691189453125000000e+03
1.536299991607666016e+01
2.361499977111816406e+01
1.151755981445312500e+03
3.984899902343750000e+02
1.598079986572265625e+02
2.492561035156250000e+03
1.162781005859375000e+03
4.131665039062500000e+03
1.358670043945312500e+02
5.282000064849853516e+00
1.885426025390625000e+03
1.585290069580078125e+02
6.292290039062500000e+02
1.660694946289062500e+03
8.777500152587890625e+01
2.699600028991699219e+01
2.030249938964843750e+02
9.627119750976562500e+02
8.189999580383300781e+00
7.413889770507812500e+02
8.734000205993652344e+00
3.559999942779541016e+00
3.588229980468750000e+02
9.789723632812500000e+03
3.044214111328125000e+03
4.748349914550781250e+02
6.280790039062500000e+03
8.279900360107421875e+01
2.308190917968750000e+03
4.286299896240234375e+01
2.281197998046875000e+03
2.736000061035156250e+00
4.904481933593750000e+03
1.016076367187500000e+04
1.771380004882812500e+02
1.490764038085937500e+03
4.413299942016601562e+01
3.671769042968750000e+03
5.459000110626220703e+00
1.288049926757812500e+02
1.580286010742187500e+03
3.567837890625000000e+03
1.172650976562500000e+04
1.044791015625000000e+03
1.175860961914062500e+03
3.788245117187500000e+03
1.111635009765625000e+03
3.882363037109375000e+03
2.116049957275390625e+02
3.102999925613403320e+00
1.287169952392578125e+02
1.828000000000000000e+03
4.418353027343750000e+03
4.840020141601562500e+02
2.710249938964843750e+02
5.684069824218750000e+02
2.539758056640625000e+03
7.070000171661376953e+00
3.643593994140625000e+03
1.614568969726562500e+03
5.050500106811523438e+01
8.904799652099609375e+01
8.756600189208984375e+01
7.238770141601562500e+02
1.543639984130859375e+02
2.965180053710937500e+02
8.117930297851562500e+02
6.094860229492187500e+02
7.974210205078125000e+02
4.356977050781250000e+03
9.635000228881835938e+00
8.329765625000000000e+03
1.291929931640625000e+02
1.275868041992187500e+03
1.038589965820312500e+03
2.069999933242797852e+00
2.642697021484375000e+03
4.018810119628906250e+02
3.651260070800781250e+02
1.681200027465820312e+01
2.091399955749511719e+01
1.901950073242187500e+02
8.655709838867187500e+02
3.308124023437500000e+03
3.299989929199218750e+02
2.048926025390625000e+03
3.193779907226562500e+02
2.832000017166137695e+00
7.826950073242187500e+02
3.734880065917968750e+02
1.547189941406250000e+03
7.503700256347656250e+01
1.074600028991699219e+01
1.134707031250000000e+03
2.014779968261718750e+02
9.085692382812500000e+03
2.534699951171875000e+03
1.738223999023437500e+03
3.461199951171875000e+01
1.503344970703125000e+03
1.598809967041015625e+02
6.971389770507812500e+02
6.644000053405761719e+00
1.996383056640625000e+03
1.707225952148437500e+03
4.967900085449218750e+02
3.764528076171875000e+03
1.672870971679687500e+03
1.337140045166015625e+02
3.070318115234375000e+03
2.405999898910522461e+00
1.580900001525878906e+01
3.227369995117187500e+02
4.853444824218750000e+03
2.953599929809570312e+01
4.793073242187500000e+03
7.515607910156250000e+03
1.469823974609375000e+03
4.464276855468750000e+03
1.161240005493164062e+02
1.963820037841796875e+02
1.825300025939941406e+01
1.665469970703125000e+02
5.610739746093750000e+02
2.489550048828125000e+03
5.443690185546875000e+02
4.483510131835937500e+02
4.968999862670898438e+00
3.867469970703125000e+03
5.194089965820312500e+02
1.095579986572265625e+02
1.833525024414062500e+03
2.023999929428100586e+00
7.916999816894531250e+00
6.441200256347656250e+01
2.541612060546875000e+03
3.310811035156250000e+03
9.665059814453125000e+02
4.645999908447265625e+00
7.560000000000000000e+02
6.666530151367187500e+02
1.901837036132812500e+03
2.004400062561035156e+01
2.502974121093750000e+03
8.703000068664550781e+00
4.129190917968750000e+03
1.040362060546875000e+03
3.836299896240234375e+01
6.346655761718750000e+03
3.001183105468750000e+03
5.860200119018554688e+01
2.984429931640625000e+02
1.518260040283203125e+02
2.286940002441406250e+02
3.831210021972656250e+02
2.551170043945312500e+02
7.560999870300292969e+00
1.274400043487548828e+01
1.546603027343750000e+03
6.498623046875000000e+03
2.180034912109375000e+03
1.070800018310546875e+01
6.690020141601562500e+02
2.547870025634765625e+02
3.111907958984375000e+03
6.362680053710937500e+02
2.004570007324218750e+02
1.086910018920898438e+02
9.645600128173828125e+01
2.815916015625000000e+03
3.617000102996826172e+00
1.833363037109375000e+03
6.138999938964843750e+00
4.529339904785156250e+02
8.219499969482421875e+01
1.928100013732910156e+01
1.135910034179687500e+02
2.268167968750000000e+03
7.503859863281250000e+03
2.425766113281250000e+03
1.780813964843750000e+03
2.132480010986328125e+02
1.855000019073486328e+00
1.113036010742187500e+03
1.340222045898437500e+03
2.851579895019531250e+02
2.105222900390625000e+03
3.883039855957031250e+02
8.944999694824218750e+00
1.313022949218750000e+03
4.855169982910156250e+02
2.809000015258789062e+00
1.277657958984375000e+03
1.371589965820312500e+02
4.976623046875000000e+03
2.477166992187500000e+03
1.397870025634765625e+02
3.569613037109375000e+03
1.749307006835937500e+03
2.026300048828125000e+01
2.582112060546875000e+03
2.871229858398437500e+02
7.913809814453125000e+02
2.797969970703125000e+02
2.745949951171875000e+03
2.851899909973144531e+01
3.631670898437500000e+03
4.543659973144531250e+02
4.610104980468750000e+03
4.663829956054687500e+02
1.582720947265625000e+03
3.012000083923339844e+00
1.753579956054687500e+03
1.690912963867187500e+03
1.660464965820312500e+03
3.949464111328125000e+03
3.156457031250000000e+03
2.962009033203125000e+03
4.821538085937500000e+03
2.560679931640625000e+02
4.407879943847656250e+02
1.015466979980468750e+03
6.348220214843750000e+03
6.308369750976562500e+02
6.160999774932861328e+00
1.793183959960937500e+03
3.010999917984008789e+00
2.322070007324218750e+02
3.188456054687500000e+03
2.476499938964843750e+01
8.685949707031250000e+02
2.884447021484375000e+03
6.830750122070312500e+02
3.295000076293945312e+00
4.955699920654296875e+01
1.969599914550781250e+01
9.715899658203125000e+01
2.690895019531250000e+03
1.903199958801269531e+01
3.226999998092651367e+00
1.495142944335937500e+03
1.756166015625000000e+03
3.122100067138671875e+01
2.620466064453125000e+03
5.171510009765625000e+02
1.006541992187500000e+03
2.036100006103515625e+01
6.564299774169921875e+01
2.117337890625000000e+03
5.485900115966796875e+01
2.420699951171875000e+03
2.479709930419921875e+02
3.167929992675781250e+02
6.298380126953125000e+02
2.629899978637695312e+01
1.101299953460693359e+01
1.687344726562500000e+04
9.752420043945312500e+02
5.432119750976562500e+02
4.523160095214843750e+02
1.948293945312500000e+03
4.405445800781250000e+03
6.106999874114990234e+00
2.182109985351562500e+02
5.417934082031250000e+03
9.058939819335937500e+02
5.237319946289062500e+02
5.422999858856201172e+00
1.691390991210937500e+03
6.575900268554687500e+01
5.418239746093750000e+02
3.888700103759765625e+01
7.365299987792968750e+01
9.478439941406250000e+02
2.954667968750000000e+03
3.858762939453125000e+03
8.783000183105468750e+01
1.895469970703125000e+02
1.332053515625000000e+04
8.464229736328125000e+02
3.717999935150146484e+00
6.875599670410156250e+01
1.124910034179687500e+03
2.145686035156250000e+03
1.850995971679687500e+03
2.754500007629394531e+01
2.902000045776367188e+01
1.732906005859375000e+03
6.585980224609375000e+02
1.000699996948242188e+01
1.682733032226562500e+03
4.123416015625000000e+03
2.994300079345703125e+01
5.706209716796875000e+02
4.029020080566406250e+02
2.759150085449218750e+02
1.106912963867187500e+03
7.887000083923339844e+00
6.672999858856201172e+00
1.841009979248046875e+02
1.464678955078125000e+03
3.112810058593750000e+02
2.227356933593750000e+03
2.677697021484375000e+03
9.119000434875488281e+00
1.280399990081787109e+01
