9.200000017881393433e-02
1.799000024795532227e+00
7.879999876022338867e-01
1.990000009536743164e-01
3.341000080108642578e+00
9.819999933242797852e-01
2.280000001192092896e-01
1.598000049591064453e+00
3.308000087738037109e+00
1.585999965667724609e+00
1.294000029563903809e+00
1.200000010430812836e-02
2.199999988079071045e-02
1.082000017166137695e+00
3.516000032424926758e+00
7.450000047683715820e-01
7.120000123977661133e-01
2.562000036239624023e+00
6.090000271797180176e-01
3.689999878406524658e-01
2.899999916553497314e-01
3.370000123977661133e-01
6.179999709129333496e-01
1.031000018119812012e+00
3.079999923706054688e+00
6.230000257492065430e-01
2.389999926090240479e-01
2.249999940395355225e-01
1.407999992370605469e+00
2.759999930858612061e-01
4.705999851226806641e+00
3.260000050067901611e-01
7.770000100135803223e-01
2.169999927282333374e-01
2.275000095367431641e+00
1.139000058174133301e+00
1.411000013351440430e+00
7.889999747276306152e-01
2.556999921798706055e+00
1.860000044107437134e-01
3.680000007152557373e-01
1.368999958038330078e+00
7.599999755620956421e-02
1.152999997138977051e+00
1.506999969482421875e+00
3.409999907016754150e-01
1.100000023841857910e+00
5.600000172853469849e-02
2.430000007152557373e-01
3.000000026077032089e-03
4.189999997615814209e-01
2.826999902725219727e+00
2.999999932944774628e-02
8.889999985694885254e-01
7.000000029802322388e-02
7.910000085830688477e-01
1.095000028610229492e+00
4.440000057220458984e-01
5.730000138282775879e-01
2.430000007152557373e-01
9.720000028610229492e-01
1.500000059604644775e-01
2.403000116348266602e+00
4.720000028610229492e-01
6.400000303983688354e-02
1.149999976158142090e+00
8.550000190734863281e-01
1.289000034332275391e+00
3.179999887943267822e-01
1.098000049591064453e+00
1.230000033974647522e-01
2.080000042915344238e-01
1.589999943971633911e-01
2.088000059127807617e+00
2.569999992847442627e-01
1.419999957084655762e+00
3.899999856948852539e-01
1.725000023841857910e+00
1.896000027656555176e+00
1.503999948501586914e+00
1.000000014901161194e-01
4.177999973297119141e+00
9.980000257492065430e-01
3.999999910593032837e-02
1.140000000596046448e-01
2.632999897003173828e+00
3.849999904632568359e-01
2.293999910354614258e+00
6.700000166893005371e-01
7.170000076293945312e-01
6.700000166893005371e-01
1.064000010490417480e+00
1.509999930858612061e-01
6.510000228881835938e-01
4.239999949932098389e-01
9.449999928474426270e-01
1.672999978065490723e+00
5.450000166893005371e-01
6.840000152587890625e-01
2.773999929428100586e+00
1.697000026702880859e+00
4.280000030994415283e-01
3.810000121593475342e-01
2.689999938011169434e-01
5.080000162124633789e-01
1.228000044822692871e+00
1.761999964714050293e+00
2.630000114440917969e-01
6.679999828338623047e-01
6.650000214576721191e-01
1.276999950408935547e+00
9.039999842643737793e-01
1.075000047683715820e+00
3.849999904632568359e-01
3.099999949336051941e-02
1.371000051498413086e+00
3.260000050067901611e-01
1.825000047683715820e+00
3.201999902725219727e+00
5.030000209808349609e-01
6.579999923706054688e-01
1.222000002861022949e+00
2.070000022649765015e-01
3.532000064849853516e+00
1.054999947547912598e+00
4.679999947547912598e-01
1.070000007748603821e-01
2.286999940872192383e+00
4.639999866485595703e-01
1.205000042915344238e+00
3.600000143051147461e-01
1.643000006675720215e+00
8.479999899864196777e-01
2.820000052452087402e-01
2.549999952316284180e-01
2.302999973297119141e+00
5.379999876022338867e-01
6.899999827146530151e-02
4.160000085830688477e-01
8.930000066757202148e-01
2.660000026226043701e-01
1.330999970436096191e+00
2.639999985694885254e-01
6.019999980926513672e-01
2.648999929428100586e+00
4.639999866485595703e-01
1.072000026702880859e+00
1.499999966472387314e-02
2.199999988079071045e-02
5.879999995231628418e-01
1.891999959945678711e+00
5.999999865889549255e-02
1.110000014305114746e-01
8.799999952316284180e-02
4.189999997615814209e-01
1.088999986648559570e+00
5.500000119209289551e-01
1.567999958992004395e+00
1.089999973773956299e-01
3.659999966621398926e-01
5.180000066757202148e-01
7.269999980926513672e-01
1.529999971389770508e+00
5.699999928474426270e-01
3.239000082015991211e+00
1.509999990463256836e+00
1.202000021934509277e+00
1.190000027418136597e-01
7.179999947547912598e-01
3.670000135898590088e-01
1.809999942779541016e-01
1.088000059127807617e+00
7.459999918937683105e-01
2.418999910354614258e+00
1.271000027656555176e+00
1.633000016212463379e+00
6.629999876022338867e-01
7.800000160932540894e-02
3.759999871253967285e-01
4.899999871850013733e-02
1.180000007152557373e-01
1.500000059604644775e-01
2.822999954223632812e+00
5.120000243186950684e-01
1.770000010728836060e-01
5.011000156402587891e+00
4.650000035762786865e-01
2.131999969482421875e+00
1.473000049591064453e+00
1.330000042915344238e+00
1.779999971389770508e+00
3.338000059127807617e+00
1.042999982833862305e+00
9.459999799728393555e-01
9.899999946355819702e-02
9.399999976158142090e-01
9.350000023841857910e-01
5.419999957084655762e-01
4.250000000000000000e+00
1.799999922513961792e-02
8.679999709129333496e-01
6.899999827146530151e-02
4.779999852180480957e-01
2.657000064849853516e+00
5.450000166893005371e-01
8.289999961853027344e-01
1.628999948501586914e+00
1.123999953269958496e+00
1.180000007152557373e-01
4.609999954700469971e-01
5.580000281333923340e-01
5.059999823570251465e-01
5.410000085830688477e-01
1.150000020861625671e-01
3.249999880790710449e-01
1.570000052452087402e-01
2.325000047683715820e+00
1.598999977111816406e+00
3.619999885559082031e-01
1.529999971389770508e+00
6.409999728202819824e-01
2.700000070035457611e-02
3.889999985694885254e-01
3.009999990463256836e-01
6.179999709129333496e-01
4.819999933242797852e-01
4.639999866485595703e-01
6.000000052154064178e-03
1.016999959945678711e+00
7.710000276565551758e-01
7.000000029802322388e-02
8.740000128746032715e-01
3.860000073909759521e-01
1.873000025749206543e+00
5.989999771118164062e-01
1.297000050544738770e+00
5.770000219345092773e-01
1.759999990463256836e+00
8.000000119209289551e-01
7.250000238418579102e-01
3.470000028610229492e-01
1.322000026702880859e+00
1.014000058174133301e+00
3.429999947547912598e-01
1.299999952316284180e-01
1.656999945640563965e+00
4.090000092983245850e-01
1.342000007629394531e+00
6.589999794960021973e-01
4.760000109672546387e-01
1.325999975204467773e+00
6.669999957084655762e-01
1.200000047683715820e+00
8.989999890327453613e-01
1.628999948501586914e+00
3.510000109672546387e-01
1.379999965429306030e-01
5.979999899864196777e-01
1.146999955177307129e+00
1.175999999046325684e+00
1.899999938905239105e-02
2.560000121593475342e-01
5.910000205039978027e-01
2.489999979734420776e-01
2.360000014305114746e-01
2.939999997615814209e-01
4.620000123977661133e-01
6.250000000000000000e-01
8.200000226497650146e-02
8.500000089406967163e-02
1.524999976158142090e+00
1.271000027656555176e+00
3.689999878406524658e-01
2.368999958038330078e+00
1.039999961853027344e+00
8.809999823570251465e-01
7.129999995231628418e-01
1.040000021457672119e-01
1.187999963760375977e+00
7.900000214576721191e-01
5.889999866485595703e-01
1.120000034570693970e-01
8.600000143051147461e-01
3.179999887943267822e-01
1.281999945640563965e+00
2.630000114440917969e-01
4.169999957084655762e-01
9.950000047683715820e-01
1.764000058174133301e+00
1.420000046491622925e-01
1.570000052452087402e-01
2.249999940395355225e-01
2.694000005722045898e+00
9.369999766349792480e-01
3.499999940395355225e-01
6.740000247955322266e-01
3.370000123977661133e-01
2.669999897480010986e-01
1.399000048637390137e+00
1.379999965429306030e-01
1.172000050544738770e+00
9.879999756813049316e-01
2.013999938964843750e+00
2.099999971687793732e-02
4.939999878406524658e-01
1.062999963760375977e+00
2.500000037252902985e-02
6.781000137329101562e+00
2.029999941587448120e-01
1.524000048637390137e+00
1.205000042915344238e+00
1.159999966621398926e-01
1.342000007629394531e+00
1.626999974250793457e+00
5.289999842643737793e-01
1.054000020027160645e+00
5.109999775886535645e-01
1.080000028014183044e-01
7.100000232458114624e-02
1.490000039339065552e-01
1.136999964714050293e+00
4.550000131130218506e-01
3.400000184774398804e-02
2.750000059604644775e-01
3.000000119209289551e-01
3.619999885559082031e-01
2.409999966621398926e-01
5.239999890327453613e-01
1.120000004768371582e+00
7.340000271797180176e-01
1.128000020980834961e+00
1.337000012397766113e+00
1.180999994277954102e+00
4.490000009536743164e-01
4.889999926090240479e-01
4.300000071525573730e-01
8.299999684095382690e-02
6.359999775886535645e-01
6.420000195503234863e-01
4.519999921321868896e-01
1.759999990463256836e-01
9.039999842643737793e-01
1.348000049591064453e+00
4.410000145435333252e-01
1.144999980926513672e+00
1.070000052452087402e+00
1.070999979972839355e+00
4.959999918937683105e-01
4.850000143051147461e-01
1.509999990463256836e+00
1.239999979734420776e-01
2.639999985694885254e-01
1.469999998807907104e-01
2.039999961853027344e+00
1.266000032424926758e+00
1.420000046491622925e-01
2.479999959468841553e-01
1.430000066757202148e-01
1.309999972581863403e-01
1.646000027656555176e+00
1.794999957084655762e+00
1.327000021934509277e+00
2.419999986886978149e-01
1.940999984741210938e+00
1.649999976158142090e+00
7.789999842643737793e-01
8.849999904632568359e-01
1.010000035166740417e-01
5.739999771118164062e+00
8.690000176429748535e-01
7.360000014305114746e-01
8.510000109672546387e-01
5.749999880790710449e-01
3.100000023841857910e-01
4.510000050067901611e-01
2.707000017166137695e+00
8.360000252723693848e-01
5.299999713897705078e-01
8.370000123977661133e-01
2.936000108718872070e+00
1.439999938011169434e-01
1.955000042915344238e+00
7.710000276565551758e-01
4.090000092983245850e-01
2.549999952316284180e-01
6.380000114440917969e-01
5.460000038146972656e-01
4.749999940395355225e-01
1.040000021457672119e-01
2.984999895095825195e+00
9.390000104904174805e-01
1.899999976158142090e+00
6.250000000000000000e-01
1.089999973773956299e-01
9.990000128746032715e-01
2.739999890327453613e-01
8.119999766349792480e-01
1.200000010430812836e-02
6.330000162124633789e-01
1.829999983310699463e-01
1.075999975204467773e+00
1.250000000000000000e-01
9.600000083446502686e-02
4.099999964237213135e-01
3.599999845027923584e-02
9.900000095367431641e-01
1.169999986886978149e-01
8.159999847412109375e-01
7.400000095367431641e-02
9.449999928474426270e-01
1.865000009536743164e+00
1.756999969482421875e+00
6.970000267028808594e-01
1.600000075995922089e-02
1.674000024795532227e+00
1.072000026702880859e+00
1.876999974250793457e+00
1.169000029563903809e+00
3.289999961853027344e-01
5.149999856948852539e-01
9.300000071525573730e-01
1.469999998807907104e-01
3.950000107288360596e-01
1.500000059604644775e-01
5.329999923706054688e-01
3.575999975204467773e+00
1.087000012397766113e+00
1.333999991416931152e+00
5.130000114440917969e-01
6.679999828338623047e-01
1.087000012397766113e+00
1.103999972343444824e+00
8.200000226497650146e-02
1.016000032424926758e+00
3.459999859333038330e-01
2.450000047683715820e-01
6.079999804496765137e-01
9.860000014305114746e-01
3.400000184774398804e-02
2.605000019073486328e+00
2.399999946355819702e-01
9.129999876022338867e-01
8.100000023841857910e-02
2.207999944686889648e+00
6.389999985694885254e-01
8.299999684095382690e-02
3.308000087738037109e+00
6.349999904632568359e+00
5.469999909400939941e-01
1.307999968528747559e+00
9.589999914169311523e-01
1.042999982833862305e+00
2.980000078678131104e-01
1.330999970436096191e+00
1.042000055313110352e+00
7.409999966621398926e-01
8.699999749660491943e-02
2.989999949932098389e-01
1.250000000000000000e-01
1.626999974250793457e+00
6.669999957084655762e-01
6.470000147819519043e-01
1.700000017881393433e-01
2.546999931335449219e+00
6.150000095367431641e-01
2.700000070035457611e-02
2.060000002384185791e-01
3.740000128746032715e-01
1.282999992370605469e+00
1.317000031471252441e+00
1.129999980330467224e-01
8.349999785423278809e-01
7.279999852180480957e-01
1.710000038146972656e-01
1.902999997138977051e+00
3.209000110626220703e+00
1.379999965429306030e-01
3.696000099182128906e+00
9.369999766349792480e-01
2.842000007629394531e+00
6.990000009536743164e-01
5.180000066757202148e-01
2.150000095367431641e+00
1.373000025749206543e+00
3.151999950408935547e+00
7.680000066757202148e-01
1.029000043869018555e+00
5.130000114440917969e+00
8.859999775886535645e-01
6.179999709129333496e-01
4.869999885559082031e-01
8.920000195503234863e-01
4.099999964237213135e-01
4.557000160217285156e+00
6.999999880790710449e-01
9.300000220537185669e-02
1.296000003814697266e+00
2.010000050067901611e-01
1.105000019073486328e+00
1.218999981880187988e+00
2.870000004768371582e-01
4.429999887943267822e-01
3.440000116825103760e-01
3.109999895095825195e-01
6.280000209808349609e-01
1.830999970436096191e+00
2.181999921798706055e+00
6.909999847412109375e-01
9.959999918937683105e-01
7.699999958276748657e-02
1.999999955296516418e-02
5.749999880790710449e-01
1.289999932050704956e-01
1.338999986648559570e+00
9.099999815225601196e-02
2.960000038146972656e-01
1.827000021934509277e+00
9.919999837875366211e-01
4.880000054836273193e-01
8.809999823570251465e-01
1.209999993443489075e-01
5.519999861717224121e-01
5.600000172853469849e-02
1.019999980926513672e-01
1.369999945163726807e-01
6.250000000000000000e-01
3.389999866485595703e-01
2.933000087738037109e+00
1.588000059127807617e+00
7.459999918937683105e-01
1.442999958992004395e+00
8.909999728202819824e-01
3.500000014901161194e-02
3.029999971389770508e+00
4.589999914169311523e-01
6.129999756813049316e-01
1.998999953269958496e+00
4.850000143051147461e-01
5.780000090599060059e-01
1.780000030994415283e-01
2.579999864101409912e-01
6.970000267028808594e-01
1.250000000000000000e-01
7.429999709129333496e-01
1.139000058174133301e+00
4.580000042915344238e-01
2.790000140666961670e-01
2.169999927282333374e-01
1.360999941825866699e+00
2.099999971687793732e-02
2.310000061988830566e-01
1.659999936819076538e-01
1.840000003576278687e-01
2.368999958038330078e+00
6.620000004768371582e-01
9.869999885559082031e-01
1.402999997138977051e+00
1.633000016212463379e+00
1.052000045776367188e+00
1.959999948740005493e-01
2.169999927282333374e-01
7.020000219345092773e-01
1.529999971389770508e-01
2.230000048875808716e-01
4.550000131130218506e-01
1.319000005722045898e+00
6.240000128746032715e-01
5.700000002980232239e-02
2.500000037252902985e-02
5.879999995231628418e-01
3.410000085830688477e+00
7.099999785423278809e-01
3.880000114440917969e-01
3.880000114440917969e-01
2.689999938011169434e-01
5.700000002980232239e-02
1.529999971389770508e-01
9.160000085830688477e-01
8.339999914169311523e-01
4.449999928474426270e-01
2.849999964237213135e-01
8.820000290870666504e-01
8.949999809265136719e-01
9.229999780654907227e-01
6.579999923706054688e-01
1.932999968528747559e+00
1.620000004768371582e-01
1.141999959945678711e+00
2.148000001907348633e+00
4.029999971389770508e-01
2.860000133514404297e-01
4.729999899864196777e-01
2.010000050067901611e-01
9.700000286102294922e-02
9.549999833106994629e-01
4.819999933242797852e-01
8.690000176429748535e-01
7.329999804496765137e-01
5.849999785423278809e-01
4.329999983310699463e-01
7.429999709129333496e-01
4.429999887943267822e-01
5.299999937415122986e-02
3.420000076293945312e-01
4.899999871850013733e-02
6.300000101327896118e-02
2.253000020980834961e+00
4.600000008940696716e-02
1.490000039339065552e-01
4.760000109672546387e-01
3.000000119209289551e-01
5.230000019073486328e-01
7.870000004768371582e-01
7.129999995231628418e-01
9.600000083446502686e-02
1.099999994039535522e-01
1.870000064373016357e-01
8.439999818801879883e-01
1.011000037193298340e+00
1.634999990463256836e+00
2.919999957084655762e-01
2.080000042915344238e-01
4.699999988079071045e-01
4.999999888241291046e-03
1.347000002861022949e+00
4.089000225067138672e+00
9.539999961853027344e-01
2.739999890327453613e-01
1.260000020265579224e-01
1.700000047683715820e+00
5.111000061035156250e+00
6.119999885559082031e-01
2.000000029802322388e-01
7.580000162124633789e-01
7.250000238418579102e-01
1.148000001907348633e+00
2.674000024795532227e+00
3.790000081062316895e-01
8.209999799728393555e-01
9.300000220537185669e-02
9.079999923706054688e-01
1.541000008583068848e+00
5.700000002980232239e-02
8.149999976158142090e-01
3.580000102519989014e-01
7.279999852180480957e-01
5.019999742507934570e-01
4.756999969482421875e+00
7.269999980926513672e-01
5.989999771118164062e-01
5.659999847412109375e-01
1.315999984741210938e+00
2.739999890327453613e-01
1.469999998807907104e-01
4.250000119209289551e-01
1.026999950408935547e+00
3.759999871253967285e-01
1.250000000000000000e+00
2.410000085830688477e+00
7.000000029802322388e-02
6.859999895095825195e-01
3.900000080466270447e-02
3.330000042915344238e-01
1.294999957084655762e+00
2.851000070571899414e+00
1.203999996185302734e+00
2.010000050067901611e-01
3.059999942779541016e+00
2.438999891281127930e+00
2.750000059604644775e-01
3.619999885559082031e-01
1.909999996423721313e-01
1.575000047683715820e+00
7.070000171661376953e-01
9.350000023841857910e-01
2.489999979734420776e-01
1.702999949455261230e+00
8.790000081062316895e-01
3.200000151991844177e-02
2.269999980926513672e-01
1.180000007152557373e-01
6.990000009536743164e-01
9.599999785423278809e-01
1.729999929666519165e-01
1.947000026702880859e+00
3.039999902248382568e-01
2.680000066757202148e-01
1.875000000000000000e+00
1.099999994039535522e-01
6.150000095367431641e-01
4.920000135898590088e-01
3.959999978542327881e-01
5.709999799728393555e-01
2.329999953508377075e-01
2.492000102996826172e+00
5.059999823570251465e-01
4.269999861717224121e-01
1.534999966621398926e+00
3.272000074386596680e+00
2.790000140666961670e-01
8.780000209808349609e-01
3.070000112056732178e-01
2.148999929428100586e+00
4.889999926090240479e-01
1.200000010430812836e-02
3.035000085830688477e+00
1.804000020027160645e+00
1.899999976158142090e-01
4.860000014305114746e-01
1.480000019073486328e-01
1.495000004768371582e+00
1.630000025033950806e-01
2.609999895095825195e+00
1.304999947547912598e+00
2.150000095367431641e+00
7.699999958276748657e-02
1.004999995231628418e+00
4.900000095367431641e-01
7.570000290870666504e-01
1.128000020980834961e+00
3.659999966621398926e-01
3.650000095367431641e-01
1.248999953269958496e+00
6.399999856948852539e-01
7.900000363588333130e-02
1.613000035285949707e+00
2.049000024795532227e+00
1.802999973297119141e+00
4.490000009536743164e-01
8.930000066757202148e-01
3.529999852180480957e-01
1.332999944686889648e+00
8.629999756813049316e-01
9.200000017881393433e-02
2.434000015258789062e+00
5.310000181198120117e-01
1.169999986886978149e-01
5.686999797821044922e+00
5.149999856948852539e-01
1.225000023841857910e+00
1.270000040531158447e-01
1.965000033378601074e+00
2.684000015258789062e+00
2.070000022649765015e-01
2.828999996185302734e+00
1.749999970197677612e-01
2.762000083923339844e+00
1.280000060796737671e-01
2.870000004768371582e-01
2.230000048875808716e-01
1.067999958992004395e+00
2.359999895095825195e+00
2.399999946355819702e-01
9.499999880790710449e-01
5.019999742507934570e-01
2.090000063180923462e-01
3.289999961853027344e-01
2.206000089645385742e+00
1.697999954223632812e+00
7.630000114440917969e-01
2.392999887466430664e+00
3.619999885559082031e-01
1.140000000596046448e-01
1.350000053644180298e-01
5.080000162124633789e-01
5.600000172853469849e-02
7.689999938011169434e-01
1.029000043869018555e+00
7.500000298023223877e-02
1.215000033378601074e+00
9.350000023841857910e-01
6.110000014305114746e-01
7.059999704360961914e-01
1.083999991416931152e+00
2.989999949932098389e-01
1.620000004768371582e-01
2.394999980926513672e+00
8.140000104904174805e-01
2.154999971389770508e+00
7.360000014305114746e-01
1.282999992370605469e+00
9.799999743700027466e-02
1.000000047497451305e-03
3.889999985694885254e-01
1.006000041961669922e+00
1.299999952316284180e-01
1.699000000953674316e+00
7.279999852180480957e-01
2.867000102996826172e+00
2.489999979734420776e-01
2.073999881744384766e+00
3.440999984741210938e+00
3.100000023841857910e-01
7.770000100135803223e-01
2.500000000000000000e-01
1.720000028610229492e+00
2.560000121593475342e-01
7.220000028610229492e-01
1.150000020861625671e-01
2.660000026226043701e-01
1.557000041007995605e+00
1.922000050544738770e+00
1.062000036239624023e+00
1.598000049591064453e+00
1.459999978542327881e-01
1.799999922513961792e-02
7.620000243186950684e-01
4.830000102519989014e-01
2.579999864101409912e-01
2.820000052452087402e-01
3.610000014305114746e-01
2.473999977111816406e+00
1.363000035285949707e+00
2.088999986648559570e+00
1.054999947547912598e+00
3.400000035762786865e-01
9.129999876022338867e-01
5.139999985694885254e-01
3.599999845027923584e-02
6.700000166893005371e-02
5.270000100135803223e-01
1.700000017881393433e-01
1.879999935626983643e-01
1.894000053405761719e+00
3.350000083446502686e-01
6.029999852180480957e-01
1.010000035166740417e-01
4.560000002384185791e-01
4.059999883174896240e-01
2.000000094994902611e-03
1.669999957084655762e-01
1.036000013351440430e+00
1.640000045299530029e-01
1.174999952316284180e+00
1.407999992370605469e+00
2.720000147819519043e-01
5.149999856948852539e-01
4.000000189989805222e-03
5.070000290870666504e-01
1.434999942779541016e+00
4.609999954700469971e-01
9.600000083446502686e-02
8.999999612569808960e-03
8.029999732971191406e-01
4.090000092983245850e-01
2.969999909400939941e-01
7.429999709129333496e-01
9.860000014305114746e-01
4.379999935626983643e-01
1.322999954223632812e+00
1.059999987483024597e-01
2.639999985694885254e-01
4.099999964237213135e-01
2.109999954700469971e-01
2.179999947547912598e-01
1.379999995231628418e+00
2.080000042915344238e-01
3.190000057220458984e-01
1.233000040054321289e+00
6.899999827146530151e-02
5.260000228881835938e-01
7.409999966621398926e-01
1.167000055313110352e+00
4.110000133514404297e-01
3.240000009536743164e-01
1.659999936819076538e-01
4.600000008940696716e-02
5.109999775886535645e-01
2.095000028610229492e+00
7.540000081062316895e-01
3.099999949336051941e-02
2.259999960660934448e-01
2.509999871253967285e-01
1.233999967575073242e+00
5.839999914169311523e-01
2.381999969482421875e+00
6.869999766349792480e-01
1.735999941825866699e+00
3.070000112056732178e-01
8.840000033378601074e-01
4.609999954700469971e-01
8.699999749660491943e-02
7.129999995231628418e-01
1.049999967217445374e-01
1.235999941825866699e+00
3.950000107288360596e-01
2.459000110626220703e+00
1.873000025749206543e+00
2.080000042915344238e-01
1.429999947547912598e+00
1.577999949455261230e+00
7.570000290870666504e-01
5.630000233650207520e-01
1.381000041961669922e+00
2.864000082015991211e+00
1.175999999046325684e+00
1.840000003576278687e-01
2.150000035762786865e-01
4.899999871850013733e-02
2.951999902725219727e+00
8.899999856948852539e-01
1.010000035166740417e-01
6.990000009536743164e-01
6.300000101327896118e-02
3.960000038146972656e+00
5.350000262260437012e-01
4.729999899864196777e-01
3.479999899864196777e-01
9.610000252723693848e-01
1.129999980330467224e-01
8.240000009536743164e-01
3.750000000000000000e-01
9.899999946355819702e-02
7.999999821186065674e-02
1.800000071525573730e-01
2.259999960660934448e-01
1.059999987483024597e-01
2.109999954700469971e-01
7.500000000000000000e-01
1.289999961853027344e+00
2.642999887466430664e+00
6.759999990463256836e-01
2.520000040531158447e-01
4.740000069141387939e-01
5.419999957084655762e-01
1.345999956130981445e+00
9.340000152587890625e-01
2.269999980926513672e-01
6.899999976158142090e-01
4.990000128746032715e-01
2.730000019073486328e-01
2.181999921798706055e+00
1.248999953269958496e+00
1.759999990463256836e+00
4.490000009536743164e-01
3.339999914169311523e-01
2.752000093460083008e+00
6.919999718666076660e-01
7.390000224113464355e-01
2.119999885559082031e+00
6.779999732971191406e-01
6.100000068545341492e-02
2.129999995231628418e-01
2.160000056028366089e-01
2.520000040531158447e-01
2.802000045776367188e+00
1.851999998092651367e+00
1.197999954223632812e+00
2.179999947547912598e-01
1.312999963760375977e+00
2.129999995231628418e-01
3.400000184774398804e-02
7.680000066757202148e-01
1.111999988555908203e+00
7.779999971389770508e-01
3.065999984741210938e+00
2.638999938964843750e+00
3.000000119209289551e-01
7.289999723434448242e-01
3.334000110626220703e+00
1.141999959945678711e+00
3.400000184774398804e-02
1.199999973177909851e-01
1.529999971389770508e-01
7.689999938011169434e-01
2.549999952316284180e-01
1.720000058412551880e-01
5.249999761581420898e-01
9.799999743700027466e-02
1.343999981880187988e+00
9.139999747276306152e-01
2.500000037252902985e-02
2.450000047683715820e-01
8.619999885559082031e-01
4.519999921321868896e-01
3.359999895095825195e+00
1.539999991655349731e-01
2.016999959945678711e+00
7.900000363588333130e-02
9.999999776482582092e-03
9.219999909400939941e-01
7.500000298023223877e-02
1.230000033974647522e-01
5.500000119209289551e-01
9.729999899864196777e-01
2.233999967575073242e+00
3.199999928474426270e-01
3.750000000000000000e-01
2.119999974966049194e-01
5.299999713897705078e-01
4.239999949932098389e-01
2.779999971389770508e-01
2.669999897480010986e-01
1.222000002861022949e+00
1.991000056266784668e+00
4.059999883174896240e-01
6.460000276565551758e-01
1.223000049591064453e+00
3.829999864101409912e-01
7.100000232458114624e-02
