1.365995971679687500e+03
1.522660064697265625e+02
2.693309936523437500e+02
1.408531005859375000e+03
1.045149993896484375e+02
2.146609954833984375e+02
4.462650146484375000e+02
1.135749023437500000e+03
9.145889892578125000e+02
2.229989929199218750e+02
2.270418945312500000e+03
2.320130004882812500e+02
1.981459960937500000e+02
3.937359924316406250e+02
1.044148437500000000e+04
7.996409912109375000e+02
1.842270050048828125e+02
8.835800170898437500e+01
8.765399932861328125e+01
5.877839965820312500e+02
2.934064941406250000e+03
4.523382812500000000e+03
7.924990234375000000e+02
5.639609985351562500e+02
2.404069976806640625e+02
8.711149902343750000e+02
4.711229858398437500e+02
3.438139953613281250e+02
9.264899902343750000e+02
2.360781005859375000e+03
2.112030029296875000e+02
4.887030029296875000e+02
1.566380004882812500e+02
2.731096923828125000e+03
1.010955017089843750e+03
2.699620056152343750e+02
1.058050003051757812e+02
1.924170074462890625e+02
1.108755004882812500e+03
4.608439941406250000e+02
3.498389892578125000e+02
4.721459960937500000e+02
3.620079956054687500e+02
7.868120117187500000e+02
1.828419952392578125e+02
2.011990051269531250e+02
9.878399658203125000e+01
1.653249969482421875e+02
3.220979919433593750e+02
2.954379882812500000e+02
1.103550033569335938e+02
6.104890136718750000e+02
2.200439941406250000e+03
1.422879943847656250e+02
2.593832031250000000e+03
1.465487060546875000e+03
2.430379943847656250e+02
2.616113037109375000e+03
1.952769927978515625e+02
6.223150024414062500e+02
6.127799987792968750e+01
7.573600006103515625e+01
1.387531005859375000e+03
6.415699768066406250e+01
9.043740234375000000e+02
1.719770050048828125e+02
3.768909912109375000e+02
1.697530059814453125e+02
8.744300079345703125e+01
1.951580047607421875e+02
1.324853027343750000e+03
1.145487500000000000e+04
1.032069946289062500e+03
3.305490112304687500e+02
1.637651000976562500e+03
1.297842041015625000e+03
1.626553955078125000e+03
7.864149780273437500e+02
1.254700012207031250e+02
4.940809936523437500e+02
6.080829101562500000e+03
3.222749938964843750e+02
1.374810028076171875e+02
9.994899749755859375e+01
3.583001953125000000e+03
1.193860015869140625e+02
4.244060058593750000e+02
2.102447998046875000e+03
1.478710021972656250e+02
6.113899993896484375e+01
3.280109863281250000e+02
1.412920074462890625e+02
2.417299957275390625e+02
7.108399963378906250e+01
3.104331054687500000e+03
8.709199829101562500e+02
6.361996093750000000e+03
5.074809875488281250e+02
2.975599121093750000e+03
1.326887939453125000e+03
2.453520050048828125e+02
1.089540023803710938e+02
2.253441894531250000e+03
3.223750000000000000e+02
2.173139953613281250e+02
1.488860961914062500e+03
1.385789947509765625e+02
2.223999938964843750e+02
2.060760040283203125e+02
1.295407958984375000e+03
1.750110015869140625e+02
2.182879943847656250e+02
1.472786010742187500e+03
5.925339965820312500e+02
1.006018981933593750e+03
9.491699981689453125e+01
6.614310302734375000e+02
7.959180297851562500e+02
3.332640075683593750e+02
2.506580078125000000e+03
2.540090026855468750e+02
9.086829833984375000e+02
2.485769958496093750e+02
2.476179962158203125e+02
1.698719940185546875e+02
1.921625976562500000e+03
2.146529998779296875e+02
8.410700225830078125e+01
8.787300109863281250e+01
5.451970214843750000e+02
3.322679931640625000e+03
2.787160034179687500e+02
3.308380126953125000e+02
2.537883056640625000e+03
5.585269775390625000e+02
1.428719940185546875e+02
4.040429992675781250e+02
1.605570068359375000e+02
4.594360046386718750e+02
4.049460144042968750e+02
1.028000030517578125e+02
2.933309936523437500e+02
7.331099700927734375e+01
2.410579986572265625e+02
1.015143981933593750e+03
5.106610107421875000e+02
2.350562011718750000e+03
5.581200027465820312e+01
1.866000061035156250e+02
1.650090026855468750e+02
1.274010009765625000e+02
1.032229980468750000e+03
1.187519989013671875e+02
2.239129943847656250e+02
3.745140075683593750e+02
2.670249938964843750e+02
1.875156005859375000e+03
1.868229980468750000e+02
2.626520019531250000e+03
3.268991943359375000e+03
1.258510986328125000e+03
2.094804931640625000e+03
1.931349945068359375e+02
3.009097900390625000e+03
1.765820007324218750e+02
1.161928955078125000e+03
3.497640075683593750e+02
2.025480041503906250e+02
1.060689941406250000e+03
1.143758056640625000e+03
2.748134033203125000e+03
6.271810302734375000e+02
1.838630065917968750e+02
1.104530029296875000e+02
4.162009887695312500e+02
1.021573974609375000e+03
7.963800048828125000e+01
5.516569824218750000e+02
9.848829956054687500e+02
3.925950012207031250e+02
1.341816040039062500e+03
3.512130126953125000e+02
1.462468994140625000e+03
2.823880004882812500e+02
1.726818969726562500e+03
1.389515014648437500e+03
1.077963012695312500e+03
3.881359863281250000e+02
1.077034057617187500e+03
4.352479858398437500e+02
4.913999938964843750e+01
1.267978027343750000e+03
1.486401000976562500e+03
2.341455078125000000e+03
1.418710021972656250e+02
5.199990234375000000e+02
1.584423950195312500e+03
1.897940063476562500e+02
3.043030090332031250e+02
2.625060119628906250e+02
1.397608032226562500e+03
2.130946044921875000e+03
3.912990112304687500e+02
9.862239990234375000e+02
1.603109008789062500e+03
6.702130126953125000e+02
4.632489929199218750e+02
1.126684570312500000e+04
4.848170898437500000e+03
6.371630249023437500e+02
5.915800170898437500e+02
1.496710052490234375e+02
3.878320007324218750e+02
9.975419921875000000e+03
7.520969848632812500e+02
2.699090087890625000e+03
2.962860107421875000e+02
9.108920288085937500e+02
2.656080017089843750e+02
1.658706054687500000e+03
2.115711914062500000e+03
2.373159942626953125e+02
2.244810028076171875e+02
1.228099975585937500e+02
3.601100158691406250e+01
5.315830078125000000e+02
3.205733886718750000e+03
1.975567993164062500e+03
1.086890029907226562e+02
1.743450012207031250e+02
1.964960021972656250e+02
4.478547851562500000e+03
6.705200195312500000e+01
1.324739990234375000e+02
3.430469970703125000e+02
4.714500045776367188e+01
3.984501953125000000e+03
2.526132080078125000e+03
6.947459716796875000e+02
2.150909912109375000e+03
3.980339965820312500e+02
9.252400207519531250e+01
2.570000000000000000e+02
1.037580032348632812e+02
1.653150024414062500e+02
1.439156005859375000e+03
7.773155761718750000e+03
2.104299926757812500e+02
3.889240112304687500e+02
3.573850097656250000e+02
1.287030029296875000e+02
3.236780029296875000e+03
4.724660034179687500e+02
3.819190063476562500e+02
5.029890136718750000e+02
6.047659912109375000e+02
2.755859985351562500e+02
5.287639770507812500e+02
1.059344970703125000e+03
1.210671972656250000e+04
1.499920043945312500e+02
1.830500030517578125e+02
2.292646972656250000e+03
1.249215942382812500e+03
2.003114990234375000e+03
1.808985961914062500e+03
1.674900054931640625e+02
3.035710144042968750e+02
8.660800170898437500e+01
2.453511962890625000e+03
3.387999877929687500e+02
6.942290039062500000e+02
5.149219970703125000e+02
2.646889953613281250e+02
1.333592041015625000e+03
1.457799987792968750e+02
2.890650024414062500e+02
2.035879974365234375e+02
8.525419921875000000e+02
8.593579711914062500e+02
3.228580017089843750e+02
1.521759948730468750e+02
6.936299896240234375e+01
7.060500335693359375e+01
5.641879882812500000e+02
1.328589935302734375e+02
2.191760009765625000e+03
9.633770141601562500e+02
1.706779937744140625e+02
8.005319824218750000e+02
5.233460083007812500e+02
6.764940185546875000e+02
1.216529998779296875e+02
2.636809997558593750e+02
2.096190032958984375e+02
1.405769958496093750e+02
1.369400024414062500e+02
2.828980102539062500e+02
6.681599731445312500e+02
2.253450012207031250e+02
2.676390075683593750e+02
1.074880004882812500e+03
2.831489868164062500e+02
3.710549926757812500e+02
2.569549865722656250e+02
1.222620010375976562e+02
5.887890014648437500e+02
5.034679870605468750e+02
3.542019958496093750e+02
1.232600021362304688e+02
8.554580078125000000e+02
2.447500000000000000e+02
6.462422851562500000e+03
1.271539993286132812e+02
1.091674316406250000e+04
1.426840057373046875e+02
3.957699890136718750e+02
4.947900009155273438e+01
1.382480010986328125e+02
4.062690124511718750e+02
4.198059997558593750e+02
2.882049865722656250e+02
2.380683105468750000e+03
3.363562011718750000e+03
1.232389038085937500e+03
4.143819885253906250e+02
1.250599975585937500e+02
2.326470031738281250e+02
9.892600250244140625e+01
2.080709991455078125e+02
1.099524047851562500e+03
3.434541992187500000e+03
1.192375976562500000e+03
1.093949966430664062e+02
2.550399932861328125e+02
3.524070129394531250e+02
1.147286010742187500e+03
3.057080078125000000e+02
1.424957031250000000e+03
2.363860015869140625e+02
1.855529937744140625e+02
2.283750000000000000e+02
5.109070129394531250e+02
6.082089843750000000e+02
4.415079956054687500e+02
1.115370025634765625e+02
1.318963989257812500e+03
2.846697021484375000e+03
1.377420043945312500e+02
1.782169952392578125e+02
1.428619995117187500e+02
3.336189941406250000e+03
1.897590026855468750e+02
6.484370117187500000e+02
3.852130126953125000e+02
2.905947998046875000e+03
1.826620025634765625e+02
1.059181030273437500e+03
9.512919921875000000e+02
1.910279998779296875e+02
4.579419921875000000e+03
1.964698974609375000e+03
8.448569946289062500e+02
2.762489929199218750e+02
1.685420074462890625e+02
3.000230102539062500e+02
9.920107421875000000e+03
2.334929962158203125e+02
7.605180053710937500e+02
3.379330139160156250e+02
1.652250061035156250e+02
1.883379974365234375e+02
4.881210021972656250e+02
5.104339904785156250e+02
2.526490020751953125e+02
2.653439941406250000e+02
1.602599975585937500e+03
3.433427978515625000e+03
1.982457031250000000e+03
5.109079895019531250e+02
3.490662109375000000e+03
2.152350006103515625e+02
6.827780151367187500e+02
2.014100036621093750e+02
3.448410034179687500e+02
1.810962036132812500e+03
5.256669921875000000e+02
9.207659912109375000e+02
1.682943969726562500e+03
3.251669921875000000e+02
7.523099975585937500e+02
3.590509948730468750e+02
4.671619873046875000e+02
5.550300292968750000e+02
7.346979980468750000e+02
6.380180053710937500e+02
2.640539855957031250e+02
4.179570007324218750e+02
4.943110046386718750e+02
3.196798095703125000e+03
9.029790039062500000e+02
4.491340026855468750e+02
2.486549987792968750e+02
1.526931030273437500e+03
1.554755981445312500e+03
6.636510009765625000e+02
2.738139953613281250e+02
2.176210021972656250e+02
2.656090087890625000e+02
2.602210083007812500e+02
7.906700134277343750e+01
4.293774902343750000e+03
1.243649978637695312e+02
1.844019927978515625e+02
6.050700073242187500e+02
7.015839843750000000e+02
1.583630065917968750e+02
4.817770080566406250e+02
1.329680023193359375e+02
3.133949890136718750e+02
1.988470001220703125e+02
3.623936035156250000e+03
6.584901855468750000e+03
3.805169982910156250e+02
1.076649902343750000e+04
2.237929992675781250e+02
8.967800140380859375e+01
4.954400024414062500e+02
9.346299743652343750e+01
6.190989990234375000e+02
4.533909912109375000e+02
2.500000000000000000e+02
1.187975952148437500e+03
1.854420013427734375e+02
2.048888916015625000e+03
2.685450927734375000e+03
7.270173828125000000e+03
6.066099853515625000e+02
2.539479980468750000e+02
1.494349975585937500e+02
5.314500045776367188e+01
2.634323974609375000e+03
4.591719970703125000e+02
3.649719848632812500e+02
1.486062011718750000e+03
3.897160034179687500e+02
9.271229858398437500e+02
1.369194946289062500e+03
4.962990112304687500e+02
4.695190124511718750e+02
4.016539916992187500e+02
2.705510009765625000e+03
4.619900131225585938e+01
4.074060058593750000e+02
4.406659851074218750e+02
2.928229980468750000e+02
1.801171020507812500e+03
2.388899993896484375e+02
2.030260009765625000e+02
1.516724975585937500e+03
6.584450073242187500e+02
4.481749877929687500e+02
5.692044921875000000e+03
1.167557006835937500e+03
2.344163085937500000e+03
9.352880249023437500e+02
1.017116027832031250e+03
3.373339111328125000e+03
4.664300155639648438e+01
2.408059997558593750e+02
1.409230041503906250e+02
3.083699989318847656e+01
9.142750244140625000e+02
3.020400085449218750e+02
7.226100158691406250e+01
7.487799835205078125e+01
1.085827026367187500e+03
6.136220092773437500e+02
2.607680053710937500e+02
9.779119873046875000e+02
1.192360000610351562e+02
1.010973022460937500e+03
1.209509963989257812e+02
1.217375976562500000e+03
1.202597045898437500e+03
2.608479919433593750e+02
2.229700012207031250e+02
5.402689819335937500e+02
2.402999023437500000e+03
1.330529937744140625e+02
1.031350952148437500e+03
7.489249877929687500e+02
1.005268981933593750e+03
1.009229965209960938e+02
3.004609985351562500e+02
1.982469940185546875e+02
1.089000015258789062e+02
5.866760253906250000e+02
7.729559936523437500e+02
5.838969726562500000e+02
3.065169982910156250e+02
2.630660095214843750e+02
8.919890136718750000e+02
1.682259979248046875e+02
1.739120025634765625e+02
8.436220092773437500e+02
6.443599700927734375e+01
1.657253051757812500e+03
5.083383789062500000e+03
1.169169998168945312e+02
1.905392944335937500e+03
2.208187011718750000e+03
3.005679931640625000e+02
3.331570068359375000e+03
1.759727050781250000e+03
1.035854980468750000e+03
5.565960083007812500e+02
2.323070068359375000e+02
2.642929992675781250e+02
1.257669982910156250e+02
2.307259979248046875e+02
1.073572021484375000e+03
6.303798828125000000e+03
2.729070129394531250e+02
1.229029998779296875e+02
6.984200286865234375e+01
1.013330001831054688e+02
1.166126953125000000e+03
1.236546997070312500e+03
6.762299804687500000e+02
3.215197021484375000e+03
2.285789947509765625e+02
3.765729980468750000e+02
6.823140258789062500e+02
3.524599914550781250e+02
3.486870117187500000e+02
2.571419921875000000e+03
1.188925048828125000e+03
1.150953979492187500e+03
2.113760070800781250e+02
7.685599975585937500e+02
5.289439697265625000e+02
7.322100067138671875e+01
3.929540100097656250e+02
5.275349731445312500e+02
1.996170043945312500e+02
3.842820129394531250e+02
2.506852050781250000e+03
5.349412109375000000e+03
1.972740020751953125e+02
1.549270019531250000e+02
1.104990005493164062e+02
1.531245971679687500e+03
2.702550048828125000e+02
8.683410034179687500e+02
1.823560028076171875e+02
1.056220016479492188e+02
1.605500030517578125e+02
5.706519775390625000e+02
1.261512939453125000e+03
1.483009948730468750e+02
1.023929977416992188e+02
4.128580017089843750e+02
3.737460021972656250e+02
9.204660034179687500e+02
4.635599975585937500e+02
2.634419860839843750e+02
6.699660034179687500e+02
1.015319976806640625e+02
1.465839996337890625e+02
9.905620117187500000e+02
1.937250061035156250e+02
1.258899993896484375e+02
2.225290069580078125e+02
5.205490112304687500e+02
6.057080078125000000e+02
3.875899887084960938e+01
1.089430007934570312e+02
2.257380065917968750e+02
1.584490051269531250e+02
8.980120239257812500e+02
2.102489990234375000e+03
2.956499938964843750e+02
2.335099945068359375e+02
4.436260070800781250e+02
4.267000122070312500e+02
1.219057983398437500e+03
1.907550048828125000e+03
6.237340087890625000e+02
5.857160034179687500e+02
4.025469970703125000e+02
5.519530029296875000e+02
1.347761523437500000e+04
2.882933105468750000e+03
2.335330047607421875e+02
1.023219985961914062e+02
1.023719970703125000e+03
1.582801025390625000e+03
1.426929931640625000e+02
9.570390014648437500e+02
5.986069946289062500e+02
6.926729736328125000e+02
1.367359375000000000e+04
6.662529907226562500e+02
9.408090209960937500e+02
2.412890014648437500e+02
1.290829925537109375e+02
4.861700057983398438e+01
1.192345947265625000e+03
9.508170166015625000e+02
8.893989868164062500e+02
7.874676757812500000e+03
1.716089935302734375e+02
1.605579986572265625e+02
1.618199920654296875e+01
2.526080078125000000e+03
1.882890014648437500e+02
2.129440002441406250e+02
3.020729003906250000e+03
1.491603027343750000e+03
4.983219909667968750e+02
1.899660034179687500e+02
5.903950195312500000e+02
2.536430053710937500e+02
7.031329956054687500e+02
1.370212036132812500e+03
8.951000213623046875e+01
5.991929931640625000e+02
3.722600097656250000e+02
5.521250000000000000e+02
4.386919860839843750e+02
1.277539978027343750e+02
3.858519897460937500e+02
7.239089965820312500e+02
2.280070037841796875e+02
5.198099899291992188e+01
1.634479980468750000e+02
6.629069824218750000e+02
1.429937988281250000e+03
1.391580047607421875e+02
1.372197021484375000e+03
1.045157958984375000e+03
1.432824951171875000e+03
4.060710144042968750e+02
4.849830017089843750e+02
5.517495117187500000e+03
1.000898010253906250e+03
5.726800155639648438e+01
1.925740051269531250e+02
1.338300018310546875e+02
1.519600067138671875e+02
1.247630004882812500e+02
1.044102050781250000e+03
2.123968994140625000e+03
3.293089904785156250e+02
7.753313964843750000e+03
2.218710021972656250e+02
3.367030029296875000e+02
4.550190124511718750e+02
4.690069885253906250e+02
1.366849975585937500e+02
1.623430023193359375e+02
2.463086914062500000e+03
5.597700119018554688e+01
4.588829956054687500e+02
1.463439941406250000e+03
9.122150268554687500e+02
5.034580078125000000e+02
3.779899978637695312e+01
1.161026977539062500e+03
1.349281982421875000e+03
5.808029785156250000e+02
1.219666992187500000e+03
3.721210021972656250e+02
2.047740020751953125e+02
1.895549926757812500e+02
5.366900024414062500e+02
1.389074951171875000e+03
7.547180175781250000e+02
8.928099822998046875e+01
2.710511962890625000e+03
3.030400085449218750e+02
1.755505004882812500e+03
9.357700347900390625e+01
2.763927001953125000e+03
2.316909942626953125e+02
1.074066040039062500e+03
1.790200042724609375e+02
3.053259887695312500e+02
5.903619995117187500e+02
1.765370025634765625e+02
3.249979858398437500e+02
6.286500167846679688e+01
2.161679992675781250e+02
5.649349975585937500e+02
1.419100036621093750e+02
1.850910034179687500e+02
3.257590026855468750e+02
2.473280029296875000e+02
9.105759887695312500e+02
1.097580032348632812e+02
1.997760009765625000e+02
7.041740112304687500e+02
3.609998046875000000e+03
2.823559875488281250e+02
1.525378051757812500e+03
1.009755004882812500e+03
7.147490234375000000e+02
1.571230957031250000e+03
7.208599853515625000e+01
6.085330200195312500e+02
6.609999847412109375e+01
1.297299957275390625e+02
1.800067016601562500e+03
7.131119995117187500e+02
9.648000335693359375e+01
5.631510009765625000e+02
9.693900299072265625e+01
3.084509887695312500e+02
2.183410034179687500e+02
5.653410034179687500e+02
3.238989868164062500e+02
1.419470947265625000e+03
8.399550170898437500e+02
7.099019775390625000e+02
2.913020019531250000e+02
4.285409851074218750e+02
1.789490051269531250e+02
4.816879882812500000e+02
3.285000000000000000e+02
5.748649902343750000e+02
5.598199844360351562e+01
3.895586914062500000e+03
1.871139984130859375e+02
2.703160095214843750e+02
2.235189971923828125e+02
2.657965087890625000e+03
3.539389953613281250e+02
1.193032958984375000e+03
2.869559936523437500e+02
4.307340087890625000e+02
4.940329895019531250e+02
1.808379974365234375e+02
2.650929870605468750e+02
1.800330047607421875e+02
2.857239990234375000e+02
2.690510009765625000e+03
4.080969848632812500e+02
3.798989868164062500e+02
5.267769775390625000e+02
1.475829925537109375e+02
1.250970947265625000e+03
2.000679931640625000e+02
5.944160156250000000e+02
2.430947021484375000e+03
2.352590026855468750e+02
3.142109985351562500e+02
7.151149902343750000e+02
2.457960052490234375e+02
1.056142944335937500e+03
1.590916992187500000e+03
3.756549987792968750e+02
3.053510131835937500e+02
2.279954101562500000e+03
3.686310119628906250e+02
8.916920166015625000e+02
8.482800292968750000e+01
3.539970092773437500e+02
1.510930023193359375e+02
1.481649932861328125e+02
5.525300292968750000e+02
5.340490112304687500e+02
4.287929992675781250e+02
3.618160095214843750e+02
4.897999877929687500e+02
4.615690002441406250e+02
7.117479858398437500e+02
9.132161132812500000e+03
1.794450073242187500e+02
4.545375976562500000e+03
1.213694824218750000e+04
2.906929931640625000e+02
1.447875000000000000e+03
1.109150009155273438e+02
4.479089965820312500e+02
2.224012939453125000e+03
4.426470031738281250e+02
2.281269989013671875e+02
5.251420288085937500e+02
3.739939880371093750e+02
2.510370025634765625e+02
4.061299896240234375e+01
1.140552001953125000e+03
1.259100036621093750e+02
8.628070068359375000e+02
1.625749969482421875e+02
4.351159973144531250e+02
6.761909790039062500e+02
6.742139892578125000e+02
5.633350219726562500e+02
4.651239929199218750e+02
4.422699890136718750e+02
4.541040039062500000e+02
1.965279998779296875e+02
3.619165039062500000e+03
6.061240234375000000e+02
5.102520141601562500e+02
1.050017944335937500e+03
3.450180053710937500e+02
6.566439819335937500e+02
7.331290283203125000e+02
1.872312011718750000e+03
1.504782958984375000e+03
2.900700073242187500e+02
1.699900054931640625e+02
6.809409790039062500e+02
4.011579895019531250e+02
4.605599975585937500e+01
9.484307617187500000e+03
5.512659912109375000e+02
2.336280059814453125e+02
2.421210021972656250e+02
3.246059875488281250e+02
4.351430053710937500e+02
8.833660278320312500e+02
3.657550048828125000e+02
5.979609985351562500e+02
9.744542968750000000e+03
2.738590087890625000e+02
7.414329833984375000e+02
1.111685058593750000e+03
1.147640014648437500e+03
1.942786010742187500e+03
1.313999938964843750e+02
1.575520019531250000e+02
2.326080017089843750e+02
2.417790069580078125e+02
1.699683959960937500e+03
1.531710052490234375e+02
8.531250000000000000e+02
1.130008056640625000e+03
6.855549926757812500e+02
5.592208984375000000e+03
2.255630035400390625e+02
2.587049865722656250e+02
2.184219970703125000e+02
6.256049804687500000e+02
2.666270141601562500e+02
1.836080017089843750e+02
1.149906982421875000e+03
3.726099853515625000e+02
1.227730026245117188e+02
3.937380065917968750e+02
2.609509887695312500e+02
1.069203002929687500e+03
2.652850036621093750e+02
1.009439025878906250e+03
2.130820007324218750e+02
4.551229858398437500e+02
1.918862060546875000e+03
5.429099731445312500e+02
2.702239990234375000e+02
1.358208984375000000e+03
5.795800018310546875e+01
9.295700073242187500e+01
8.750000000000000000e+01
1.219776977539062500e+03
2.714509887695312500e+02
1.993020019531250000e+02
6.973610229492187500e+02
3.880710144042968750e+02
2.594800109863281250e+02
4.835190124511718750e+02
2.448873046875000000e+03
4.812919921875000000e+02
3.259240112304687500e+02
4.882919921875000000e+02
7.887310180664062500e+02
7.906530151367187500e+02
9.125599670410156250e+01
1.977700042724609375e+02
6.570609741210937500e+02
8.873699951171875000e+01
1.455352050781250000e+03
4.916879882812500000e+02
1.060218017578125000e+03
5.994379882812500000e+02
5.051979980468750000e+02
5.408540039062500000e+02
3.376610107421875000e+02
9.605949707031250000e+02
8.096560058593750000e+02
8.454680664062500000e+03
2.945183105468750000e+03
8.982479858398437500e+02
4.435169982910156250e+02
1.479989990234375000e+03
1.220569992065429688e+02
7.811290283203125000e+02
1.759149932861328125e+02
2.728240051269531250e+02
3.691275878906250000e+03
4.628869934082031250e+02
3.220740051269531250e+02
1.769550018310546875e+02
1.733829956054687500e+02
4.997139892578125000e+02
1.310411010742187500e+03
8.210399627685546875e+01
8.917899780273437500e+02
5.203300170898437500e+02
2.490633056640625000e+03
1.188470001220703125e+02
5.782230224609375000e+02
1.265135009765625000e+03
1.318220947265625000e+03
8.337750244140625000e+02
3.128410034179687500e+02
8.684915039062500000e+03
5.264130249023437500e+02
3.343012939453125000e+03
1.870347045898437500e+03
2.435279998779296875e+02
2.326620025634765625e+02
3.145639953613281250e+02
4.157200012207031250e+02
7.295349731445312500e+02
5.650540161132812500e+02
8.958159790039062500e+02
3.492160034179687500e+02
1.835279998779296875e+02
1.790970001220703125e+02
2.133609924316406250e+02
4.127471191406250000e+03
7.603389892578125000e+02
2.417180023193359375e+02
5.484493164062500000e+03
5.529699707031250000e+02
1.017961328125000000e+04
7.854000244140625000e+02
8.360460205078125000e+02
3.054540100097656250e+02
2.270579986572265625e+02
9.167860107421875000e+02
1.323600006103515625e+02
5.825819702148437500e+02
6.803740234375000000e+02
6.664450073242187500e+02
2.724089965820312500e+02
2.779864990234375000e+03
5.536370239257812500e+02
2.476319091796875000e+03
2.095429992675781250e+02
6.855100250244140625e+01
4.004389953613281250e+02
1.213789978027343750e+02
2.583680114746093750e+02
5.966599731445312500e+02
8.338750000000000000e+02
2.712456054687500000e+03
9.230200195312500000e+01
5.547529907226562500e+02
1.912392944335937500e+03
6.653489990234375000e+02
4.532940063476562500e+02
2.053079986572265625e+02
7.275230102539062500e+02
1.048776000976562500e+03
2.139960021972656250e+02
5.570919799804687500e+02
7.589299774169921875e+01
3.137640075683593750e+02
1.452879943847656250e+02
1.381929931640625000e+02
2.485116943359375000e+03
4.868160095214843750e+02
2.305149993896484375e+02
1.622839965820312500e+02
2.007461059570312500e+03
6.185339965820312500e+02
2.341170043945312500e+02
1.161484008789062500e+03
3.162109985351562500e+02
6.868313964843750000e+03
8.318579711914062500e+02
1.968769042968750000e+03
6.458720092773437500e+02
2.517769927978515625e+02
6.824439697265625000e+02
3.716690063476562500e+02
1.278623046875000000e+03
5.764300155639648438e+01
7.461459960937500000e+02
1.308419952392578125e+02
2.758479919433593750e+02
9.080189819335937500e+02
2.628940124511718750e+02
1.877060058593750000e+03
2.343280029296875000e+02
2.318659973144531250e+02
