7.323426e+05
1.830818e+06
2.606198e+06
6.502298e+06
1.365128e+07
1.420959e+07
6.189026e+06
8.447335e+05
5.431970e+02
5.116023e+03
7.219767e+03
3.542128e+07
2.005147e+03
4.951020e+07
5.667345e+03
2.456536e+03
1.505521e+06
5.085000e+02
4.078494e+06
2.464388e+07
1.046414e+07
3.938561e+06
5.106020e+03
1.083888e+07
1.900036e+07
1.212060e+07
1.537405e+07
2.848643e+06
5.053557e+03
3.809996e+06
2.460872e+06
1.054211e+07
1.169933e+06
2.895914e+06
2.237067e+07
2.196193e+06
2.804340e+02
2.678725e+03
4.306648e+03
2.453502e+06
5.613457e+06
8.340196e+06
2.066726e+07
2.341748e+07
3.769756e+06
6.728780e+02
1.550693e+07
2.272109e+07
4.707039e+06
2.863857e+06
2.291989e+07
4.671288e+06
1.018956e+03
5.281952e+07
7.352636e+06
7.396278e+03
1.104365e+03
3.998290e+02
1.985822e+07
5.682300e+01
2.423458e+03
5.206866e+06
1.473059e+07
9.707260e+02
3.267223e+03
1.708953e+07
1.492940e+07
4.418223e+07
3.185955e+07
1.863259e+07
9.439005e+06
1.619984e+03
3.180425e+07
2.787540e+02
7.441724e+06
7.809696e+03
2.593051e+06
4.693495e+06
1.993310e+02
3.376287e+07
1.223126e+07
4.199050e+03
9.188570e+02
2.044974e+03
5.674651e+07
3.660647e+03
1.555635e+07
4.387670e+06
3.121150e+06
1.979400e+01
1.223972e+07
3.125498e+07
1.438241e+03
6.494243e+05
3.387784e+06
7.556317e+05
1.187510e+03
7.306582e+06
5.668150e+02
3.938356e+03
2.284565e+07
1.682085e+05
3.146491e+06
2.255182e+07
4.674551e+07
1.358081e+07
4.928326e+03
2.622232e+07
4.465349e+03
3.975758e+03
7.584483e+03
1.372072e+07
2.319992e+07
2.900181e+03
2.440270e+03
7.792842e+03
1.362247e+04
2.186190e+02
3.196397e+07
2.401837e+03
1.984415e+06
2.784501e+06
3.791228e+03
6.631840e+03
9.086360e+02
4.700427e+03
3.317322e+03
5.096990e+02
3.669731e+03
4.222510e+03
4.041413e+07
9.391862e+06
5.006267e+03
1.255338e+06
1.722561e+03
3.005425e+07
2.685729e+03
1.501181e+06
4.292264e+07
1.912037e+07
9.146047e+06
2.211946e+06
2.244400e+02
8.509195e+05
3.915456e+06
3.221628e+03
4.419335e+03
3.540844e+03
2.728648e+03
1.061805e+07
6.717400e+02
7.330776e+06
3.381490e+02
6.668070e+02
4.466872e+03
2.892588e+06
8.237198e+06
1.280656e+07
2.993738e+07
1.836994e+07
6.252310e+06
6.189413e+06
6.914563e+03
5.063369e+07
4.054987e+03
1.047424e+07
3.150183e+07
3.484379e+03
4.225713e+07
1.813130e+06
1.946923e+05
1.241760e+03
9.305642e+06
3.070800e+03
7.419121e+03
2.650650e+02
2.363682e+03
9.203400e+01
2.383547e+07
4.234375e+06
3.645057e+06
2.487464e+03
7.205309e+06
1.938352e+07
1.072160e+02
1.113457e+07
4.113068e+07
5.442891e+03
8.804510e+06
6.667435e+03
3.404927e+03
1.770830e+05
4.064659e+06
3.149385e+07
4.518459e+07
1.733540e+03
2.063830e+03
1.116782e+03
2.586876e+07
5.124570e+02
4.476820e+06
9.011246e+06
3.575558e+07
2.004042e+07
8.037534e+03
2.045627e+03
3.667159e+07
1.058058e+07
5.875722e+03
8.356700e+01
8.653500e+02
5.938611e+06
1.328566e+07
4.942822e+06
6.537700e+02
1.583230e+06
5.191650e+02
1.144442e+03
1.439384e+03
4.130551e+03
1.633657e+07
2.302186e+07
2.618771e+06
1.438610e+02
2.045812e+07
5.841200e+01
1.410717e+03
1.192863e+03
1.656727e+03
5.751648e+06
4.078094e+03
4.361574e+06
3.483592e+06
1.728244e+06
2.600942e+07
1.137255e+04
8.326214e+03
1.238439e+07
2.585685e+07
3.523220e+02
6.688100e+02
2.351187e+07
1.144154e+03
1.495395e+07
3.688681e+03
1.037276e+07
6.947369e+05
7.673348e+03
2.384207e+05
1.667026e+06
2.924286e+07
3.570913e+07
8.434710e+02
1.645316e+07
2.188622e+06
1.364573e+04
2.768333e+03
2.603730e+02
2.029499e+03
6.308121e+03
5.050384e+06
1.374845e+07
8.205049e+03
5.585431e+06
1.966880e+02
1.911658e+06
6.169398e+06
1.545920e+02
3.113071e+06
3.348650e+06
2.084028e+03
5.406364e+06
1.989130e+02
7.839286e+03
3.061447e+03
2.106707e+07
2.758426e+03
2.355091e+03
8.849920e+02
2.269163e+07
1.203976e+07
6.710046e+03
2.573845e+07
3.200317e+03
4.312010e+03
7.441680e+02
4.019699e+03
3.531412e+03
1.932618e+03
2.688174e+06
4.400220e+06
1.272781e+03
4.568135e+06
1.209498e+07
1.170635e+07
5.213630e+02
2.421092e+07
6.031792e+06
4.533575e+03
4.117383e+07
6.588052e+06
5.989970e+02
7.074950e+02
8.015327e+03
5.877658e+03
3.833581e+07
1.642648e+07
7.415976e+06
5.577420e+02
7.210701e+03
2.228938e+03
8.180660e+02
1.101302e+06
8.623635e+03
2.654601e+07
3.541296e+06
2.173381e+03
1.947070e+07
4.880660e+02
2.144347e+07
8.353807e+06
1.065792e+07
1.480327e+07
4.581300e+01
7.266391e+06
1.870888e+07
1.321017e+06
8.189850e+02
2.226517e+04
7.769020e+02
2.239450e+02
1.531753e+04
4.304439e+06
1.390679e+07
9.598447e+06
1.708426e+07
1.773560e+07
4.768618e+07
5.908434e+03
1.319979e+07
4.359554e+03
4.644610e+02
3.780670e+02
5.387070e+02
2.180888e+07
2.335099e+06
8.357200e+01
7.157600e+01
1.923431e+03
3.457880e+07
2.329999e+06
9.799871e+05
4.645270e+02
1.261198e+06
9.144299e+03
4.456987e+06
1.587625e+04
6.982722e+03
2.475112e+06
2.636646e+03
2.505183e+06
5.593434e+06
2.791814e+07
8.765115e+03
4.248030e+02
2.370484e+07
1.849215e+06
8.632300e+02
3.622196e+03
2.384152e+04
8.213140e+02
5.595847e+06
1.735820e+06
3.136581e+06
2.730447e+06
3.710583e+03
1.778604e+07
6.701362e+03
4.567191e+03
4.895059e+06
8.469868e+06
3.482942e+03
2.485160e+02
4.284400e+01
2.720803e+07
8.207283e+03
1.627898e+03
1.558938e+07
1.184072e+03
5.460708e+06
1.177089e+07
1.789258e+06
1.268420e+03
3.972400e+01
9.764552e+06
1.400786e+07
2.853072e+07
4.008384e+03
2.205130e+04
2.301888e+06
1.434940e+02
7.940179e+06
4.651461e+06
5.056363e+07
2.525763e+07
1.093448e+03
2.739809e+06
2.971973e+07
8.462701e+06
8.993623e+06
8.263895e+06
1.557405e+03
1.278210e+06
1.204097e+07
1.248677e+03
9.079100e+01
2.135721e+07
1.162885e+03
7.388070e+05
2.617961e+03
8.021986e+06
1.855865e+03
8.244380e+02
1.098523e+07
1.558573e+07
2.153198e+06
1.769641e+06
2.422981e+06
1.553143e+03
3.194815e+03
1.349205e+03
3.899510e+06
1.500555e+06
8.794991e+06
2.770229e+06
3.629884e+03
1.709741e+07
2.261447e+07
9.294210e+02
1.335589e+07
1.029938e+03
8.714250e+02
2.473787e+07
1.491301e+04
2.186108e+03
2.654030e+07
1.004308e+07
2.123276e+07
3.669876e+03
6.153032e+03
1.460156e+07
3.032751e+03
3.622902e+03
3.503906e+03
5.025600e+02
2.253728e+07
4.572478e+03
1.563249e+06
1.641865e+06
6.510477e+03
5.400620e+02
2.056917e+03
2.424729e+07
6.920537e+03
5.100382e+03
6.347559e+06
6.150765e+06
4.017195e+06
7.692364e+06
1.091079e+07
8.480439e+06
4.711700e+03
1.015252e+03
1.959947e+07
1.366610e+02
1.074243e+03
1.340700e+02
9.103038e+06
8.439942e+06
5.485043e+03
4.092043e+03
1.775537e+07
1.393381e+07
3.339093e+07
3.392152e+03
2.608600e+03
3.872790e+03
1.367597e+03
2.269597e+07
2.073708e+07
4.499197e+05
4.032579e+07
8.076344e+03
5.110935e+06
7.538470e+02
2.650071e+06
1.221031e+04
1.415070e+07
4.343756e+06
1.045547e+06
1.226901e+07
2.207503e+07
1.836592e+03
1.353962e+04
3.328117e+07
9.282528e+03
2.380038e+04
2.617630e+07
7.346657e+06
4.848710e+06
2.388154e+06
5.203373e+07
2.772376e+07
1.234925e+07
8.341484e+06
5.132653e+03
7.131270e+02
9.820840e+02
1.228975e+03
1.700544e+06
1.734974e+06
1.221377e+06
4.896840e+02
3.094010e+07
1.192240e+07
5.179196e+03
1.315605e+07
1.171604e+04
8.089880e+02
2.346070e+02
7.155428e+06
9.596110e+03
1.470725e+03
3.272781e+06
6.014005e+05
2.366436e+03
6.926620e+03
1.126083e+04
3.925927e+07
3.718039e+03
1.259749e+07
5.012123e+03
1.117034e+07
4.881167e+05
2.373373e+03
1.539699e+07
8.642342e+03
3.379821e+06
5.098688e+06
5.493546e+06
3.925519e+07
2.168216e+07
3.674107e+06
3.038256e+06
2.512130e+07
1.093191e+03
1.432708e+06
4.961350e+03
2.165705e+06
8.313700e+01
3.575200e+02
3.483308e+07
5.244250e+02
1.841317e+07
4.548546e+06
2.413118e+06
4.939926e+03
1.805787e+06
1.412591e+06
2.002311e+06
1.996501e+07
1.415216e+06
1.296690e+02
2.062817e+07
2.077877e+06
8.585669e+06
1.086602e+07
5.174791e+06
6.864715e+03
3.523120e+02
4.044815e+06
1.129152e+07
7.538750e+03
5.818831e+06
1.946491e+06
5.110898e+06
4.668889e+03
1.068210e+07
2.015240e+02
8.333650e+02
2.141619e+03
4.032331e+03
2.755679e+06
3.742822e+03
9.689600e+02
1.544478e+03
2.207217e+07
5.426910e+03
2.295319e+07
4.727443e+03
1.505786e+04
1.670946e+03
1.161763e+07
1.011328e+03
2.828930e+07
7.144307e+06
1.226303e+07
2.087532e+07
3.957786e+03
5.820999e+06
3.318627e+03
3.494463e+03
1.882688e+04
1.467045e+06
3.600304e+07
3.304062e+06
5.352704e+07
2.454656e+06
3.320255e+06
9.171558e+06
4.655145e+03
4.096597e+06
1.160516e+07
5.168000e+01
3.680563e+06
1.927610e+05
1.151978e+03
6.787901e+06
1.169389e+07
5.288535e+06
3.326600e+01
7.442683e+03
2.193614e+07
6.058540e+06
1.279512e+03
5.379369e+06
1.303061e+07
6.367977e+06
1.467705e+07
1.320294e+07
2.925833e+06
2.368615e+03
1.576055e+03
5.899871e+03
4.977000e+01
1.181180e+02
9.846411e+06
1.374256e+04
9.550449e+03
5.907520e+02
1.803694e+04
6.383946e+03
1.041307e+03
1.603335e+06
1.966662e+03
1.152234e+07
6.568918e+03
5.328923e+06
2.889789e+07
1.793407e+07
3.006359e+06
2.293789e+07
2.791669e+07
1.926931e+06
4.396709e+03
2.148334e+03
4.351914e+03
9.243471e+03
8.199465e+06
2.975672e+06
4.103369e+03
9.816669e+05
2.336263e+03
8.704796e+05
5.486844e+03
5.906676e+06
7.559870e+02
4.656551e+06
1.887530e+07
4.709040e+02
9.511652e+06
6.162569e+06
6.461141e+06
6.133803e+06
4.380749e+03
4.224629e+06
2.440983e+06
3.105970e+06
7.126393e+06
4.911487e+06
8.528928e+03
2.577887e+07
2.077925e+06
1.374185e+07
3.200185e+07
2.559263e+06
2.456330e+07
5.594560e+06
1.716178e+07
3.664839e+03
4.182862e+03
1.080850e+02
4.319881e+05
2.608799e+07
2.977656e+06
1.847170e+07
8.293872e+06
3.025893e+06
7.444500e+06
2.669014e+07
1.424035e+07
1.155121e+07
1.004222e+04
1.577441e+07
8.815059e+05
2.719483e+07
5.218750e+02
5.823688e+03
1.493070e+03
1.631915e+07
1.878289e+07
5.629185e+06
3.229166e+07
8.685210e+02
1.072472e+04
9.619546e+06
3.513958e+06
3.590023e+03
5.856765e+03
7.539269e+03
2.777594e+07
7.654626e+06
5.476195e+07
5.162575e+03
3.929411e+03
8.129212e+05
2.169800e+01
5.074733e+06
5.021896e+03
2.967120e+02
5.574802e+06
3.300618e+07
1.852485e+07
2.150336e+07
3.309441e+06
6.589230e+02
1.366561e+07
7.312700e+02
1.764644e+04
2.743330e+03
1.686387e+07
6.064800e+02
1.222132e+07
4.003847e+06
1.466948e+06
1.595687e+07
3.500877e+06
6.594640e+02
1.265998e+04
5.759702e+03
8.424646e+03
6.402044e+03
5.132810e+02
1.128993e+07
8.765096e+06
2.291466e+07
8.077506e+06
7.869604e+03
1.140075e+07
2.469744e+06
8.801177e+06
1.074500e+01
7.020866e+03
6.268018e+03
1.579405e+07
1.416687e+07
7.014654e+06
5.543777e+03
6.073472e+06
2.324482e+03
4.750160e+02
5.679885e+03
1.813248e+06
2.728920e+07
3.158229e+05
7.897631e+03
5.552190e+02
1.760147e+07
5.766117e+05
8.571087e+06
7.184660e+03
2.803738e+03
2.028100e+03
6.717484e+06
7.338750e+05
1.178264e+04
2.857070e+02
4.858778e+06
4.492034e+03
1.142012e+04
3.512486e+06
4.454540e+02
1.919990e+07
1.706486e+07
3.546481e+05
4.692243e+06
1.031177e+04
1.048896e+04
8.335400e+02
7.543593e+04
1.354730e+02
5.618780e+02
6.620117e+03
2.863951e+07
2.915716e+03
5.228667e+06
1.308199e+07
3.483548e+06
7.749974e+05
1.129791e+07
8.437386e+06
3.367096e+06
2.005576e+03
1.663203e+07
1.341063e+07
1.066225e+07
1.025065e+07
1.264486e+07
1.448902e+03
6.750700e+01
1.349543e+04
5.579515e+06
1.691511e+07
6.135001e+03
4.441801e+03
2.620785e+06
8.041121e+03
1.757288e+03
5.458546e+05
2.953626e+03
1.285069e+07
3.047039e+06
5.601660e+06
7.763172e+03
3.875321e+06
1.006551e+07
1.164974e+07
4.776178e+06
3.516150e+07
2.054286e+07
1.119675e+04
1.635307e+07
2.994283e+07
3.506745e+03
9.539546e+06
1.644270e+02
8.990280e+06
1.248955e+07
5.376375e+03
3.267037e+03
1.337164e+07
9.210844e+03
2.720528e+06
1.521308e+07
5.428828e+03
4.277534e+03
2.163257e+03
2.954323e+07
6.274286e+03
5.583388e+06
1.199477e+07
2.310214e+07
1.005664e+07
1.065869e+07
1.188042e+06
1.095092e+03
2.661685e+07
1.375253e+06
7.060816e+06
5.853822e+03
5.995723e+07
3.619868e+07
1.902213e+07
5.081313e+03
1.867756e+04
6.188574e+03
9.926080e+02
2.827203e+07
5.755500e+01
4.149289e+07
2.575805e+03
4.400191e+06
1.164661e+07
5.991905e+06
8.802866e+06
1.658359e+06
2.137362e+07
1.591538e+07
3.874539e+03
1.840949e+04
1.222962e+03
5.053986e+07
5.894600e+01
4.665800e+01
1.298558e+07
2.539113e+06
6.607599e+05
3.229840e+02
1.725780e+02
1.978945e+03
3.078895e+03
8.726183e+06
1.646948e+06
2.925116e+07
1.232019e+04
1.678869e+07
1.338406e+07
1.445243e+07
1.986661e+03
1.752422e+07
3.691042e+06
5.546850e+02
2.143908e+03
1.617574e+03
4.723867e+03
1.019486e+03
1.768635e+06
2.191922e+07
2.614993e+07
1.589714e+03
1.233909e+03
6.770880e+06
5.758189e+06
2.814250e+03
5.736751e+06
8.476060e+02
1.676760e+03
1.027484e+07
5.115490e+03
2.108900e+07
2.051970e+06
1.422111e+07
2.251770e+03
3.408208e+03
3.895370e+03
1.872401e+07
7.839907e+03
1.073968e+07
2.565374e+07
1.317599e+03
1.019555e+07
1.244609e+06
4.189195e+06
2.865107e+07
4.861825e+03
4.138973e+06
1.820121e+07
5.399965e+06
1.699480e+07
2.679632e+03
5.218698e+06
1.022994e+07
3.449456e+07
9.417458e+03
1.172222e+07
5.908601e+06
7.101358e+03
1.255807e+03
3.749345e+07
7.319679e+06
1.619842e+07
4.995104e+03
4.273136e+06
9.892202e+03
6.833744e+06
5.135769e+03
9.143676e+03
2.164874e+07
8.612079e+06
3.849800e+01
6.864341e+03
1.294203e+07
2.367920e+03
9.401103e+05
3.595632e+06
8.758624e+06
8.618111e+06
2.617667e+03
7.221315e+03
1.793560e+02
4.258165e+03
8.611299e+06
4.951485e+03
4.287641e+07
7.968360e+02
5.308352e+06
2.345889e+07
1.280450e+02
1.981519e+03
2.767306e+03
