8.915100097656250000e+01
3.252890014648437500e+02
2.979000091552734375e+00
6.532999992370605469e+00
5.432260131835937500e+02
6.190000176429748535e-01
2.158999919891357422e+00
8.859999775886535645e-01
3.950000107288360596e-01
7.268900299072265625e+01
1.609399986267089844e+01
6.039999723434448242e-01
5.141999816894531250e+01
2.037800025939941406e+01
1.161900043487548828e+01
4.734000205993652344e+00
1.582089996337890625e+02
6.842900085449218750e+01
8.017900085449218750e+01
1.943600082397460938e+01
1.299600028991699219e+01
3.756000041961669922e+00
1.740000009536743164e+00
4.742279968261718750e+02
1.805050048828125000e+02
4.363900146484375000e+02
1.946320037841796875e+02
1.422790069580078125e+02
5.231200027465820312e+01
3.194199943542480469e+01
2.440500068664550781e+01
3.645999908447265625e+00
8.949999809265136719e+00
4.287000179290771484e+00
1.236289978027343750e+02
4.560000002384185791e-01
2.335999965667724609e+00
7.290899658203125000e+01
2.168400001525878906e+01
1.067799987792968750e+02
4.248699951171875000e+01
5.818199920654296875e+01
2.542499923706054688e+01
2.825249938964843750e+02
2.892999887466430664e+00
1.796679992675781250e+02
3.492000102996826172e+00
2.509000062942504883e+00
1.817000031471252441e+00
1.218000054359436035e+00
4.141560058593750000e+02
2.894999980926513672e+00
2.092169952392578125e+02
1.292000055313110352e+00
1.384279937744140625e+02
7.115899658203125000e+01
3.920000076293945312e+00
2.947000026702880859e+00
9.139999747276306152e-01
1.960999965667724609e+00
3.289999961853027344e+00
1.962000012397766113e+00
8.025099945068359375e+01
4.205999851226806641e+00
5.471099853515625000e+02
4.225719909667968750e+02
2.698999881744384766e+00
5.641899871826171875e+01
6.330000162124633789e-01
2.745800018310546875e+01
1.312000036239624023e+00
9.900000095367431641e-01
4.079999923706054688e-01
1.003460006713867188e+02
1.057499980926513672e+01
1.923800048828125000e+02
1.904999971389770508e+00
6.595800018310546875e+01
1.129349975585937500e+02
7.359500122070312500e+01
1.815999984741210938e+00
4.519499969482421875e+01
3.039330139160156250e+02
8.780000209808349609e-01
5.862500000000000000e+01
3.749700164794921875e+01
2.722590026855468750e+02
1.875460052490234375e+02
3.059999942779541016e+00
5.448679809570312500e+02
6.218600082397460938e+01
8.411599731445312500e+01
2.766000032424926758e+00
8.886100006103515625e+01
1.321580047607421875e+02
1.320999979972839355e+00
1.903750000000000000e+02
3.272000122070312500e+01
1.192300033569335938e+02
1.224940032958984375e+02
4.565929870605468750e+02
3.537409973144531250e+02
1.050599975585937500e+02
1.712660064697265625e+02
8.498400115966796875e+01
8.780000209808349609e-01
2.471999883651733398e+00
1.766219940185546875e+02
2.273860015869140625e+02
4.726789855957031250e+02
3.191300010681152344e+01
1.484459991455078125e+02
4.433000087738037109e+00
3.428999900817871094e+00
3.983250122070312500e+02
4.742019958496093750e+02
7.791100311279296875e+01
7.988999843597412109e+00
1.324300003051757812e+01
3.016000032424926758e+00
1.984170074462890625e+02
8.522699737548828125e+01
2.226000022888183594e+01
7.655000209808349609e+00
3.967000007629394531e+00
1.953999996185302734e+00
5.261800003051757812e+01
6.443999767303466797e+00
1.280399990081787109e+01
8.754399871826171875e+01
2.629700088500976562e+01
1.003400039672851562e+01
1.453699951171875000e+02
2.875719909667968750e+02
1.952999949455261230e+00
6.249000072479248047e+00
1.452270050048828125e+02
2.856069946289062500e+02
1.402420043945312500e+02
3.659799957275390625e+01
5.180000066757202148e-01
3.973199844360351562e+01
1.805769958496093750e+02
7.070000171661376953e+00
2.747489929199218750e+02
2.675400085449218750e+02
5.933000183105468750e+01
8.840000152587890625e+01
1.050479965209960938e+02
3.529970092773437500e+02
2.924000024795532227e+00
2.601399993896484375e+01
6.352000236511230469e+00
3.620650024414062500e+02
3.400500106811523438e+01
1.352879943847656250e+02
2.779199981689453125e+01
2.803199958801269531e+01
9.716300201416015625e+01
1.496000051498413086e+00
5.607099914550781250e+01
2.395999908447265625e+00
3.993199920654296875e+01
5.348999977111816406e+00
5.785300064086914062e+01
1.266800022125244141e+01
3.530999898910522461e+00
1.488110046386718750e+02
5.744100189208984375e+01
1.404000043869018555e+00
6.375460205078125000e+02
1.298719940185546875e+02
2.295000076293945312e+00
2.148000001907348633e+00
1.263359985351562500e+02
1.810099983215332031e+01
3.911500167846679688e+01
2.273200035095214844e+01
1.707999944686889648e+00
5.054949951171875000e+02
1.787999987602233887e+00
1.027210006713867188e+02
7.477799987792968750e+01
3.836809997558593750e+02
1.494299983978271484e+01
3.644869995117187500e+02
6.053999900817871094e+00
6.893000125885009766e+00
2.503999948501586914e+00
6.151999950408935547e+00
1.881999969482421875e+00
4.463129882812500000e+02
9.449999928474426270e-01
1.439019927978515625e+02
2.674270019531250000e+02
1.011525024414062500e+03
2.680910034179687500e+02
3.112599945068359375e+01
6.762000083923339844e+00
1.899999976158142090e+00
8.357199859619140625e+01
8.446099853515625000e+01
8.190000057220458984e-01
1.481239929199218750e+02
5.686500167846679688e+01
1.110159988403320312e+02
2.595000028610229492e+00
5.580999851226806641e+00
4.022399902343750000e+01
7.923600006103515625e+01
5.257680053710937500e+02
1.332550048828125000e+02
1.230999946594238281e+00
1.379080047607421875e+02
4.595679931640625000e+02
1.003820037841796875e+02
2.069219970703125000e+02
4.999599838256835938e+01
7.624900054931640625e+01
2.768120117187500000e+02
2.803999900817871094e+00
5.644699859619140625e+01
2.773000001907348633e+00
4.217999935150146484e+00
5.507999897003173828e+00
9.971199798583984375e+01
3.503000020980834961e+00
1.391399993896484375e+02
2.046000003814697266e+00
1.914210052490234375e+02
4.655000209808349609e+00
1.063180007934570312e+02
3.783599853515625000e+01
4.274399948120117188e+01
2.007999897003173828e+00
1.738999962806701660e+00
1.483399963378906250e+01
1.740339965820312500e+02
1.424400043487548828e+01
1.936640014648437500e+02
2.359909973144531250e+02
6.939600372314453125e+01
2.039000034332275391e+00
5.704999923706054688e+00
4.412300109863281250e+01
8.550000190734863281e-01
1.192999958992004395e+00
5.224000167846679688e+01
1.515169982910156250e+02
6.850999832153320312e+00
1.099670028686523438e+02
2.188560028076171875e+02
8.732000350952148438e+00
1.291323974609375000e+03
3.041530151367187500e+02
2.111799926757812500e+02
1.145699996948242188e+02
2.231900024414062500e+01
2.219680023193359375e+02
1.419999957084655762e+00
2.143699951171875000e+02
1.501799964904785156e+01
3.789300155639648438e+01
1.670639953613281250e+02
4.821000099182128906e+00
5.928200149536132812e+01
3.449200057983398438e+01
1.534000039100646973e+00
1.085350036621093750e+02
5.350999832153320312e+00
1.582600021362304688e+01
4.875799942016601562e+01
6.962999820709228516e+00
9.278399658203125000e+01
6.354399871826171875e+01
2.714999914169311523e+00
4.313000202178955078e+00
2.250000000000000000e+00
1.761159973144531250e+02
1.722000002861022949e+00
6.377999782562255859e+00
2.415999984741210938e+01
6.740000247955322266e-01
1.813800048828125000e+01
4.310900115966796875e+01
3.468580017089843750e+02
2.530999898910522461e+00
2.558399963378906250e+01
4.427820129394531250e+02
2.269999980926513672e+00
3.947890014648437500e+02
2.160480041503906250e+02
1.059700012207031250e+01
2.335999965667724609e+00
4.574999809265136719e+00
6.264999866485595703e+00
1.459399986267089844e+01
4.919660034179687500e+02
5.247399902343750000e+01
1.624629974365234375e+02
4.873890075683593750e+02
1.001000046730041504e+00
1.639000058174133301e+00
1.731840057373046875e+02
7.329999804496765137e-01
3.743000030517578125e+01
3.641570129394531250e+02
9.963000297546386719e+00
2.602640075683593750e+02
1.062620010375976562e+02
1.059000015258789062e+00
2.737999916076660156e+00
9.200000166893005371e-01
9.709700012207031250e+01
3.228179931640625000e+02
2.261300086975097656e+01
2.495800018310546875e+02
7.272899627685546875e+01
2.328500061035156250e+02
3.563599853515625000e+02
1.947000026702880859e+00
1.284140014648437500e+02
3.529700088500976562e+01
6.692999839782714844e+00
5.735599899291992188e+01
8.365799713134765625e+01
3.769159851074218750e+02
2.572299957275390625e+01
1.636269989013671875e+02
1.440200042724609375e+01
1.197220001220703125e+02
2.345000028610229492e+00
5.773400115966796875e+01
3.263299942016601562e+01
8.803000450134277344e+00
1.638049926757812500e+02
1.149999976158142090e+00
6.840000152587890625e-01
7.736699676513671875e+01
2.515000104904174805e+00
2.668099975585937500e+02
3.133770141601562500e+02
3.194999933242797852e+00
8.854699707031250000e+01
1.278820037841796875e+02
4.584639892578125000e+02
2.349999904632568359e+00
9.665399932861328125e+01
3.884000015258789062e+01
9.480000138282775879e-01
2.373650054931640625e+02
3.260000050067901611e-01
4.489299926757812500e+02
5.709999799728393555e-01
8.651000022888183594e+00
1.223919982910156250e+02
1.128999996185302734e+01
1.604999923706054688e+01
5.123000144958496094e+00
4.332099914550781250e+02
2.723600006103515625e+01
5.830699920654296875e+01
2.177740020751953125e+02
2.040039978027343750e+02
1.399010009765625000e+02
9.871000289916992188e+00
9.443299865722656250e+01
2.380910034179687500e+02
9.729999899864196777e-01
9.414999961853027344e+00
2.433399963378906250e+01
1.227600002288818359e+01
7.009999752044677734e-01
2.216730041503906250e+02
1.701499938964843750e+01
4.820999908447265625e+01
2.103630065917968750e+02
4.880000054836273193e-01
7.508899688720703125e+01
3.552000045776367188e+00
8.903500366210937500e+01
2.588819885253906250e+02
2.351999998092651367e+00
3.786000013351440430e+00
6.077199935913085938e+01
2.539000034332275391e+00
2.451399993896484375e+01
3.249999880790710449e-01
1.942799949645996094e+01
5.106990051269531250e+02
1.730000019073486328e+00
3.532000064849853516e+00
1.086890029907226562e+02
1.574989929199218750e+02
2.585999965667724609e+00
7.477400207519531250e+01
2.193000078201293945e+00
5.093199920654296875e+01
6.990000009536743164e-01
9.588000297546386719e+00
1.390299987792968750e+01
1.761959991455078125e+02
6.954929809570312500e+02
6.612999916076660156e+00
4.877999782562255859e+00
4.845830078125000000e+02
2.661000013351440430e+00
1.121719970703125000e+02
8.310000419616699219e+00
7.282399749755859375e+01
5.079309997558593750e+02
3.620000076293945312e+01
7.334400177001953125e+01
2.214999914169311523e+00
2.138299942016601562e+01
3.167409973144531250e+02
2.461999893188476562e+00
5.941999912261962891e+00
7.590000033378601074e-01
5.019999742507934570e-01
1.524999976158142090e+00
2.548029937744140625e+02
1.830169982910156250e+02
1.895399932861328125e+02
4.090230102539062500e+02
1.567899990081787109e+01
5.020999908447265625e+00
2.430100059509277344e+01
4.256999969482421875e+01
2.343600082397460938e+01
4.766799926757812500e+01
1.230230026245117188e+02
2.224999904632568359e+00
1.284899997711181641e+01
6.789999961853027344e+00
4.892800140380859375e+01
7.069530029296875000e+02
4.047600173950195312e+01
9.580000042915344238e-01
1.197539978027343750e+02
2.704150085449218750e+02
2.792999982833862305e+00
4.597000122070312500e+00
1.515520019531250000e+02
2.601000070571899414e+00
1.165600013732910156e+01
2.588999986648559570e+00
2.487579956054687500e+02
1.542299957275390625e+02
4.851549987792968750e+02
2.207999944686889648e+00
8.629999756813049316e-01
1.361820068359375000e+02
4.268000125885009766e+00
6.403299713134765625e+01
7.765999794006347656e+00
7.354599761962890625e+01
4.901820068359375000e+02
3.824769897460937500e+02
6.655000209808349609e+00
2.923000097274780273e+00
8.196000099182128906e+00
8.072899627685546875e+01
9.742900085449218750e+01
2.767510070800781250e+02
2.098000049591064453e+00
1.160700035095214844e+01
2.442579956054687500e+02
7.147479858398437500e+02
3.685610046386718750e+02
3.552999973297119141e+00
1.076250000000000000e+02
3.854399871826171875e+01
1.567940063476562500e+02
2.418999910354614258e+00
7.801200103759765625e+01
6.175000000000000000e+01
2.813999891281127930e+00
3.212409973144531250e+02
4.234000205993652344e+00
2.388000011444091797e+00
1.098560028076171875e+02
8.169999718666076660e-01
7.928999900817871094e+00
1.835000038146972656e+00
7.009999752044677734e-01
3.418999910354614258e+00
1.641999959945678711e+00
2.088000059127807617e+00
8.698100280761718750e+01
5.432000160217285156e+00
1.147700023651123047e+01
1.389309997558593750e+02
5.681299972534179688e+01
4.113499832153320312e+01
3.233000040054321289e+00
1.929999947547912598e+00
4.228000164031982422e+00
1.173099994659423828e+01
2.881999969482421875e+00
1.167990036010742188e+02
5.593500137329101562e+01
2.364360046386718750e+02
2.296999931335449219e+00
2.566830139160156250e+02
2.166280059814453125e+02
1.905220031738281250e+02
2.442079925537109375e+02
1.015950012207031250e+02
8.246000289916992188e+00
1.095999956130981445e+00
2.043390045166015625e+02
1.706399917602539062e+01
2.704999923706054688e+00
4.536299896240234375e+01
4.976900100708007812e+01
7.522999763488769531e+00
2.883499908447265625e+01
5.802099990844726562e+01
7.828999996185302734e+00
9.193599700927734375e+01
4.114300155639648438e+01
9.517199707031250000e+01
2.092999935150146484e+00
8.353299713134765625e+01
2.308000087738037109e+00
1.389210052490234375e+02
4.340000152587890625e+00
9.120000004768371582e-01
3.326900100708007812e+01
1.823090057373046875e+02
4.718460083007812500e+02
3.102999925613403320e+00
1.801600074768066406e+01
4.116899871826171875e+01
4.935800170898437500e+01
4.976800155639648438e+01
1.424669952392578125e+02
1.546199989318847656e+01
2.410300064086914062e+01
3.302999973297119141e+00
2.580599975585937500e+01
1.194250030517578125e+02
2.227999925613403320e+00
2.630690002441406250e+02
9.844599914550781250e+01
9.407599639892578125e+01
1.135400009155273438e+01
2.710499954223632812e+01
4.626999855041503906e+00
1.116179962158203125e+02
1.964210052490234375e+02
2.813199996948242188e+01
7.130000305175781250e+01
8.661000251770019531e+00
3.298680114746093750e+02
7.483000183105468750e+01
2.024699974060058594e+01
7.919999957084655762e-01
2.410090026855468750e+02
6.539999842643737793e-01
6.326240234375000000e+02
3.315320129394531250e+02
2.236000061035156250e+01
1.641999959945678711e+00
1.352900028228759766e+01
6.190000057220458984e+00
1.437999963760375977e+00
1.028730010986328125e+02
3.433059997558593750e+02
1.200599956512451172e+01
2.670899963378906250e+01
5.535999774932861328e+00
1.721790008544921875e+02
2.600719909667968750e+02
3.348000049591064453e+00
1.642660064697265625e+02
6.528999805450439453e+00
1.378000020980834961e+00
4.693999767303466797e+00
4.995700073242187500e+01
3.347200012207031250e+01
1.967980041503906250e+02
2.747599983215332031e+01
5.370999908447265625e+01
1.367440032958984375e+02
1.936700057983398438e+01
3.169300079345703125e+01
1.258100032806396484e+01
3.148000001907348633e+00
3.356579895019531250e+02
1.075000047683715820e+00
2.612999916076660156e+00
1.003999948501586914e+00
4.589999914169311523e-01
1.064469985961914062e+02
2.026000022888183594e+00
1.620850067138671875e+02
2.388249969482421875e+02
3.631000061035156250e+02
1.382199954986572266e+01
2.894519958496093750e+02
2.245100021362304688e+01
1.585000038146972656e+00
3.573999881744384766e+00
2.021529998779296875e+02
3.834299850463867188e+01
1.391600036621093750e+01
7.599999904632568359e-01
3.967000007629394531e+00
2.288899993896484375e+01
2.082999944686889648e+00
7.401000022888183594e+00
2.520999908447265625e+00
1.191470031738281250e+02
2.313269958496093750e+02
8.666200256347656250e+01
1.404699993133544922e+01
1.667000055313110352e+00
9.509999752044677734e-01
1.505019989013671875e+02
1.725300025939941406e+01
1.674000024795532227e+00
1.670140075683593750e+02
2.244999885559082031e+00
2.858000040054321289e+00
1.081400012969970703e+01
5.589199829101562500e+01
9.847599792480468750e+01
6.409999728202819824e-01
1.318450012207031250e+02
2.204999923706054688e+00
1.860540008544921875e+02
2.983099937438964844e+01
1.011780014038085938e+02
2.342999935150146484e+00
2.259000062942504883e+00
7.802000045776367188e+00
2.474999904632568359e+00
4.211799926757812500e+02
3.072800064086914062e+01
8.628399658203125000e+01
3.713999986648559570e+00
4.535979919433593750e+02
4.353799819946289062e+01
1.135550003051757812e+02
3.336000061035156250e+02
2.385789947509765625e+02
1.177000045776367188e+00
2.849999904632568359e+00
2.220000028610229492e-01
7.885199737548828125e+01
1.305700016021728516e+01
7.181600189208984375e+01
9.029999971389770508e-01
1.799499969482421875e+02
8.650000095367431641e-01
4.728599929809570312e+01
5.039999961853027344e+00
1.983549957275390625e+02
8.699299621582031250e+01
2.036499977111816406e+01
8.098999786376953125e+01
4.854199981689453125e+01
1.616600036621093750e+01
3.494490051269531250e+02
9.853700256347656250e+01
9.508599853515625000e+01
4.835469970703125000e+02
1.544999957084655762e+00
1.866699981689453125e+01
1.594069976806640625e+02
8.808599853515625000e+01
2.177000045776367188e+01
6.293510131835937500e+02
4.550999832153320312e+01
5.669999718666076660e-01
3.720800018310546875e+01
1.437000036239624023e+00
1.973900032043457031e+01
1.867600059509277344e+01
1.387800025939941406e+01
8.433499908447265625e+01
3.914000034332275391e+00
8.844000244140625000e+01
2.774769897460937500e+02
5.243199920654296875e+01
1.654259948730468750e+02
7.903800201416015625e+01
2.332910003662109375e+02
1.364519958496093750e+02
1.874239959716796875e+02
1.315650024414062500e+02
1.259430007934570312e+02
5.667599868774414062e+01
5.218999862670898438e+00
4.373699951171875000e+01
3.543999910354614258e+00
1.353000044822692871e+00
2.069000005722045898e+00
1.424000024795532227e+00
2.180890045166015625e+02
3.971699905395507812e+01
1.957900047302246094e+01
6.896600341796875000e+01
4.930830078125000000e+02
1.271200027465820312e+02
2.434920043945312500e+02
6.384500122070312500e+01
1.184599990844726562e+02
1.452000021934509277e+00
5.046000003814697266e+00
1.264999985694885254e+00
1.112089996337890625e+02
4.042900085449218750e+01
2.131500053405761719e+01
2.738100051879882812e+01
1.285400009155273438e+01
5.669999718666076660e-01
2.372910003662109375e+02
1.396000027656555176e+00
2.057969970703125000e+02
1.321269989013671875e+02
2.255579986572265625e+02
4.690599822998046875e+01
5.453000068664550781e+00
1.400299987792968750e+02
3.205260009765625000e+02
2.940960083007812500e+02
3.190999984741210938e+00
5.899999737739562988e-01
5.061100006103515625e+01
3.264500045776367188e+01
7.500700378417968750e+01
4.656000137329101562e+00
5.162000179290771484e+00
2.575000047683715820e+00
3.216589965820312500e+02
4.255599975585937500e+01
9.778900146484375000e+01
3.801100158691406250e+01
7.275620117187500000e+02
2.302140045166015625e+02
4.747299957275390625e+01
4.927199935913085938e+01
2.752149963378906250e+02
1.924000024795532227e+00
1.640059967041015625e+02
1.103379974365234375e+02
4.901999950408935547e+00
6.335000038146972656e+00
1.330449981689453125e+02
6.075999832153320312e+01
6.223699951171875000e+01
1.311549987792968750e+02
2.930000066757202148e+00
2.775499916076660156e+01
4.201000213623046875e+00
1.689000010490417480e+00
2.582279968261718750e+02
7.416939697265625000e+02
1.505440063476562500e+02
2.382999897003173828e+00
2.901149902343750000e+02
2.473000049591064453e+00
1.529999971389770508e+00
3.569700012207031250e+02
7.356700134277343750e+01
2.846999883651733398e+00
4.381999969482421875e+00
2.447000026702880859e+00
8.989099884033203125e+01
2.391999959945678711e+00
1.317019958496093750e+02
3.000499916076660156e+01
8.442700195312500000e+01
5.151999950408935547e+00
1.424899959564208984e+01
1.529999971389770508e+00
2.668999910354614258e+00
3.339999914169311523e+00
2.809999942779541016e+00
1.253000020980834961e+00
7.876999855041503906e+00
7.025299835205078125e+01
2.648000001907348633e+00
5.102000045776367188e+01
8.772000122070312500e+01
2.499000072479248047e+00
3.704909973144531250e+02
7.525000095367431641e+00
1.205999970436096191e+00
3.279000043869018555e+00
4.700699996948242188e+01
6.670609741210937500e+02
1.698719940185546875e+02
8.482599639892578125e+01
4.797999858856201172e+00
1.413569946289062500e+02
1.373099975585937500e+02
1.538220062255859375e+02
2.193690032958984375e+02
1.848999977111816406e+00
2.719920043945312500e+02
3.920299911499023438e+01
6.700000166893005371e-01
8.891600036621093750e+01
1.182509994506835938e+02
2.474999904632568359e+00
7.760000228881835938e-01
1.504999995231628418e+00
5.460999965667724609e+00
1.883899993896484375e+02
8.453800201416015625e+01
2.515000104904174805e+00
1.962720031738281250e+02
9.769000053405761719e+00
3.091189880371093750e+02
7.524900054931640625e+01
1.579029998779296875e+02
2.040959930419921875e+02
1.865099906921386719e+01
3.361119995117187500e+02
6.852799987792968750e+01
9.160000085830688477e-01
5.647589721679687500e+02
4.631999969482421875e+00
3.811000108718872070e+00
1.083410034179687500e+02
4.819999933242797852e-01
4.655169982910156250e+02
3.599999904632568359e+00
6.159999847412109375e+00
1.190019989013671875e+02
1.691000061035156250e+02
7.004000186920166016e+00
7.258699798583984375e+01
2.548000097274780273e+00
1.519000053405761719e+00
1.184099960327148438e+01
8.072499847412109375e+01
1.823170013427734375e+02
1.260800018310546875e+02
5.361999988555908203e+00
2.119999885559082031e+00
1.096269989013671875e+02
1.369440002441406250e+02
3.709000110626220703e+00
4.914249877929687500e+02
1.771000027656555176e+00
2.196699981689453125e+02
3.762699890136718750e+01
2.241069946289062500e+02
1.474819946289062500e+02
6.558000087738037109e+00
1.663860015869140625e+02
1.547000050544738770e+00
1.060830001831054688e+02
2.905999898910522461e+00
1.648300018310546875e+02
2.271100044250488281e+01
7.355799865722656250e+01
1.312000036239624023e+00
1.284000039100646973e+00
2.780889892578125000e+02
2.338000059127807617e+00
1.946999931335449219e+01
2.591000080108642578e+00
1.782399940490722656e+01
1.853329925537109375e+02
1.319620056152343750e+02
3.673219909667968750e+02
4.580300140380859375e+01
5.970199966430664062e+01
1.104589996337890625e+02
1.108000040054321289e+00
1.706699943542480469e+01
1.012890014648437500e+02
2.463100051879882812e+01
1.403049926757812500e+02
4.227299880981445312e+01
2.318000078201293945e+00
5.343999862670898438e+00
3.208900146484375000e+02
8.774000167846679688e+00
7.661499786376953125e+01
1.315610046386718750e+02
1.105749969482421875e+02
2.388059997558593750e+02
1.563959960937500000e+02
1.369869995117187500e+02
3.675270080566406250e+02
2.853819885253906250e+02
8.045999526977539062e+00
2.529000043869018555e+00
1.904899978637695312e+01
2.529999971389770508e+00
2.480299949645996094e+01
6.785999774932861328e+00
1.465000033378601074e+00
1.940999984741210938e+00
9.954000473022460938e+00
1.274999976158142090e+00
1.015499973297119141e+01
2.667300033569335938e+01
6.584000110626220703e+00
5.969900131225585938e+01
6.592000007629394531e+00
1.392550048828125000e+02
5.052799987792968750e+01
1.509099960327148438e+01
1.118999958038330078e+00
3.625000000000000000e+00
2.313899993896484375e+01
5.796999931335449219e+00
9.610000252723693848e-01
1.324000000953674316e+00
4.249000072479248047e+00
2.226000070571899414e+00
9.206000328063964844e+00
4.581999778747558594e+00
1.425999999046325684e+00
2.802000045776367188e+00
6.112900161743164062e+01
1.661230010986328125e+02
1.864299964904785156e+01
1.546089935302734375e+02
2.875999927520751953e+00
8.743299865722656250e+01
3.069000005722045898e+00
6.585050048828125000e+02
7.401000022888183594e+00
1.645800018310546875e+01
1.639999985694885254e+00
3.148900032043457031e+01
6.936900329589843750e+01
3.586999893188476562e+00
1.747699928283691406e+01
3.785260009765625000e+02
4.065100097656250000e+01
5.770000219345092773e-01
3.680000066757202148e+00
4.278670043945312500e+02
6.279700088500976562e+01
6.730040283203125000e+02
7.403999805450439453e+00
3.997999906539916992e+00
1.266999959945678711e+00
2.971770019531250000e+02
3.006839904785156250e+02
3.269999980926513672e+00
7.106999874114990234e+00
2.167209930419921875e+02
3.746570129394531250e+02
8.907999992370605469e+00
2.882999992370605469e+01
2.197000026702880859e+00
4.320000171661376953e+00
3.122999906539916992e+00
7.830859985351562500e+02
1.360200023651123047e+01
9.248000144958496094e+00
2.481889953613281250e+02
1.148000001907348633e+00
1.355999946594238281e+00
1.742859954833984375e+02
5.339459838867187500e+02
1.505570068359375000e+02
1.208000030517578125e+02
4.994499969482421875e+01
3.492000102996826172e+00
1.636499977111816406e+01
1.399499988555908203e+01
3.057699966430664062e+01
3.591080017089843750e+02
1.983000040054321289e+00
8.468000030517578125e+01
3.836999893188476562e+01
2.125999927520751953e+00
2.810099983215332031e+01
1.230810012817382812e+02
7.237100219726562500e+01
2.175079956054687500e+02
1.579899978637695312e+01
4.275099945068359375e+01
9.540699768066406250e+01
1.446250000000000000e+02
1.047089996337890625e+02
2.961999893188476562e+00
1.875829925537109375e+02
4.240710144042968750e+02
6.303599929809570312e+01
1.275699996948242188e+01
8.041999816894531250e+00
3.438999891281127930e+00
4.059089965820312500e+02
2.326499938964843750e+02
7.348899841308593750e+01
4.378099822998046875e+01
6.591000080108642578e+00
