6.178950e+02
4.816877e+08
3.669620e+02
1.524272e+03
3.153737e+07
1.682308e+04
7.506402e+07
1.774899e+08
8.868750e+02
9.236300e+01
7.623970e+02
4.098245e+03
8.773170e+02
1.787563e+08
3.407759e+08
1.081234e+03
1.402105e+04
3.358000e+01
4.682750e+08
1.748678e+03
4.615289e+07
4.082200e+01
5.621222e+08
1.672504e+03
1.199559e+04
5.668169e+04
2.965862e+08
4.894285e+07
1.301762e+08
7.505890e+07
1.300676e+03
4.960515e+04
2.814650e+02
7.434862e+05
5.845432e+07
1.023422e+04
4.324500e+01
9.962600e+01
3.890960e+08
7.042867e+07
3.522656e+08
4.827324e+08
1.288800e+02
3.913678e+03
2.146861e+08
2.574080e+08
2.712490e+02
2.835796e+08
4.513200e+01
3.825303e+08
5.921302e+03
2.259555e+08
3.010581e+03
5.035724e+03
2.589587e+03
1.369280e+02
2.568328e+03
4.168573e+07
2.161136e+05
2.065000e+01
1.447042e+08
3.447230e+02
1.301145e+03
2.546876e+08
7.421853e+04
1.914114e+03
1.891364e+08
1.000842e+08
1.259763e+03
6.171480e+02
8.871000e+01
1.679513e+03
2.346159e+08
7.417729e+04
9.392974e+04
6.521205e+06
7.700000e+01
1.411577e+08
5.279825e+06
9.011540e+03
3.045598e+08
1.631083e+03
3.422703e+08
2.010577e+03
1.319112e+03
3.003960e+02
5.206552e+04
6.011303e+08
8.688200e+01
8.688200e+01
3.289125e+08
1.439637e+07
3.397095e+05
1.024232e+03
1.123632e+03
3.128298e+04
1.786963e+04
9.565220e+07
4.638702e+03
1.002220e+02
1.124638e+03
7.733635e+08
8.317548e+08
9.984959e+07
8.467400e+02
7.453721e+03
5.518170e+02
3.438348e+04
3.438348e+04
3.371794e+08
4.352360e+02
2.492260e+02
3.712270e+02
9.234150e+02
1.963819e+03
8.014461e+05
1.892901e+08
8.188511e+07
9.913003e+07
2.024607e+03
3.520987e+07
2.460389e+08
1.682567e+03
1.186048e+03
1.016950e+02
2.205313e+08
5.073558e+08
4.932360e+02
1.489484e+04
4.999970e+04
1.804320e+02
1.748039e+08
9.503231e+03
7.325662e+06
6.471400e+01
4.734627e+03
5.088399e+08
7.267802e+07
6.344076e+03
1.076237e+03
5.372467e+07
1.161541e+08
1.592054e+03
1.341214e+08
9.716800e+01
7.442170e+02
5.207099e+07
5.678290e+02
5.928860e+02
2.617706e+05
1.631550e+02
1.142426e+07
6.211702e+03
1.492000e+02
4.178300e+02
4.619075e+08
1.202670e+03
3.233755e+06
5.872951e+08
1.984200e+02
3.044582e+08
5.385871e+08
1.602261e+05
1.747370e+02
3.665811e+03
3.000950e+02
1.034270e+02
2.603253e+08
3.553018e+03
1.989899e+08
3.101447e+05
1.254420e+02
6.841175e+07
5.556072e+08
1.817875e+05
8.905916e+07
6.112743e+08
3.813252e+03
8.320390e+06
6.530188e+08
6.709071e+08
1.606829e+03
8.814020e+02
7.558110e+02
2.065552e+08
7.391470e+07
1.236189e+08
4.818890e+02
3.182232e+04
3.665835e+03
3.663293e+08
2.296568e+08
1.303841e+03
2.271589e+03
1.441287e+08
2.660286e+03
1.845088e+08
1.136964e+03
1.406050e+05
1.240958e+04
6.262965e+03
2.913768e+05
2.426890e+04
1.306033e+08
1.135270e+02
4.676564e+07
4.505090e+08
8.650176e+06
7.798800e+02
4.505205e+05
3.031167e+05
3.212727e+08
2.136753e+08
7.134520e+02
1.525167e+03
3.480872e+03
5.956491e+04
1.151851e+03
6.653780e+07
9.263800e+03
1.145926e+05
3.085603e+07
6.998782e+08
3.669898e+08
6.501020e+02
1.052491e+08
8.474798e+07
7.615413e+03
4.385000e+01
9.826851e+07
2.382743e+05
2.618030e+02
2.001026e+08
9.708013e+03
2.637088e+06
1.002220e+07
5.143600e+01
6.450590e+04
4.113030e+05
8.470910e+02
2.588206e+08
9.516430e+02
1.036209e+04
1.269595e+05
2.574260e+02
2.742410e+02
1.806624e+06
2.972432e+03
1.450843e+08
8.493410e+02
2.970155e+03
1.815650e+02
2.799100e+01
1.583335e+05
2.908503e+03
1.881516e+03
1.433459e+08
1.646429e+05
1.504599e+03
1.257266e+08
8.376763e+07
8.078600e+02
