9.945578125000000000e+03
1.193083007812500000e+03
9.090899658203125000e+01
6.729459838867187500e+02
1.492640075683593750e+02
3.385093017578125000e+03
4.444083984375000000e+03
2.328861132812500000e+04
1.904759979248046875e+02
2.535001757812500000e+04
1.868939648437500000e+04
2.231687304687500000e+04
4.187349853515625000e+02
2.770809936523437500e+02
3.532014843750000000e+04
2.660794921875000000e+04
6.062252929687500000e+03
9.401599884033203125e+01
4.244463281250000000e+04
2.215597460937500000e+04
4.158409765625000000e+04
3.054631103515625000e+03
5.664091796875000000e+03
5.652743164062500000e+03
6.488492187500000000e+03
5.582050170898437500e+02
7.272427343750000000e+04
8.112249755859375000e+02
1.811483789062500000e+04
4.479760131835937500e+02
1.781282031250000000e+04
3.542009887695312500e+02
1.158787963867187500e+03
2.372386328125000000e+04
1.346832656250000000e+05
2.735828515625000000e+04
8.427001953125000000e+03
4.912740625000000000e+04
4.239286132812500000e+03
4.533833007812500000e+03
9.472799682617187500e+01
1.455843994140625000e+03
9.157150268554687500e+02
3.324590625000000000e+04
2.597316210937500000e+04
1.067443969726562500e+03
1.149432983398437500e+03
1.617590026855468750e+02
7.162325195312500000e+03
1.269259033203125000e+03
2.784033935546875000e+03
5.149671093750000000e+04
4.137529687500000000e+04
2.475730664062500000e+04
5.411028515625000000e+04
5.390050048828125000e+02
2.425350976562500000e+04
9.869899749755859375e+01
9.149257812500000000e+03
8.028933105468750000e+03
1.795958593750000000e+04
2.864511962890625000e+03
2.037758203125000000e+04
2.615756445312500000e+04
2.327277343750000000e+04
6.876573242187500000e+03
7.661660156250000000e+02
3.178269958496093750e+02
1.012635986328125000e+03
2.818190002441406250e+02
1.624962207031250000e+04
3.911109924316406250e+02
6.997180175781250000e+02
4.142304687500000000e+04
3.772099914550781250e+02
5.888177734375000000e+04
3.821177001953125000e+03
8.170869750976562500e+02
7.967739868164062500e+02
2.229266113281250000e+03
6.770919799804687500e+02
8.501829833984375000e+02
1.024443969726562500e+03
4.838380126953125000e+02
2.188960546875000000e+04
4.798578125000000000e+04
2.013921093750000000e+04
2.743383007812500000e+04
3.276659851074218750e+02
1.311166015625000000e+03
2.937520312500000000e+04
2.090242968750000000e+04
1.184873046875000000e+03
8.313091796875000000e+03
1.646955078125000000e+04
3.414017968750000000e+04
2.053477343750000000e+04
4.770937011718750000e+03
2.112590026855468750e+02
2.847250781250000000e+04
1.826566040039062500e+03
4.246384765625000000e+03
6.068585937500000000e+03
1.920789947509765625e+02
1.800251562500000000e+04
1.812937500000000000e+04
1.116434960937500000e+04
2.059817382812500000e+04
2.439155859375000000e+04
3.041740112304687500e+02
2.905202880859375000e+03
9.287208984375000000e+03
4.614070129394531250e+02
9.707150268554687500e+02
1.389019927978515625e+02
1.220447998046875000e+03
7.107451171875000000e+03
3.822437500000000000e+04
1.717342041015625000e+03
5.346519775390625000e+02
8.529889062500000000e+04
3.407309875488281250e+02
5.006874023437500000e+03
2.087434082031250000e+03
2.824017187500000000e+04
6.006088867187500000e+03
1.129823632812500000e+04
2.083928955078125000e+03
1.595302832031250000e+04
4.324630126953125000e+02
1.728671997070312500e+03
1.311630175781250000e+04
2.771895019531250000e+03
2.100975097656250000e+03
3.247399902343750000e+02
6.058014160156250000e+03
7.835709838867187500e+02
1.258430023193359375e+02
2.236151171875000000e+04
3.167011962890625000e+03
1.052515820312500000e+04
3.416269140625000000e+04
7.985874218750000000e+04
3.873846093750000000e+04
3.059809875488281250e+02
5.927807128906250000e+03
5.730960083007812500e+02
1.596459960937500000e+02
1.362499023437500000e+03
4.445231640625000000e+04
4.201430053710937500e+02
1.534304785156250000e+04
1.800904052734375000e+03
1.120407958984375000e+03
2.596353027343750000e+03
3.808389892578125000e+02
1.246013281250000000e+04
1.611945214843750000e+04
3.416487109375000000e+04
5.837039794921875000e+02
1.519975000000000000e+04
3.958634033203125000e+03
4.852179870605468750e+02
5.557438281250000000e+04
6.793179931640625000e+02
9.629688476562500000e+03
2.918602050781250000e+03
1.031297460937500000e+04
1.446633984375000000e+04
1.250033886718750000e+04
7.262755859375000000e+03
2.068379974365234375e+02
2.717759765625000000e+04
2.547209960937500000e+03
3.939699935913085938e+01
5.084169140625000000e+04
3.740424609375000000e+04
9.486939697265625000e+02
2.082628515625000000e+04
4.956722167968750000e+03
1.224195312500000000e+04
1.168943457031250000e+04
2.239151953125000000e+04
2.650326904296875000e+03
8.824199676513671875e+01
5.126666015625000000e+03
8.063250000000000000e+03
2.696718017578125000e+03
1.239174804687500000e+04
5.813663085937500000e+03
9.197961914062500000e+03
4.636558105468750000e+03
1.726996948242187500e+03
6.821351074218750000e+03
1.670140075683593750e+02
2.209129943847656250e+02
2.346228906250000000e+04
5.645310937500000000e+04
4.458157421875000000e+04
4.615440063476562500e+02
6.591770019531250000e+02
6.694086914062500000e+03
4.287973046875000000e+04
5.229651953125000000e+04
1.127780078125000000e+04
2.602450000000000000e+04
1.257284082031250000e+04
1.135686035156250000e+03
1.877031005859375000e+03
3.023190002441406250e+02
1.361893066406250000e+04
2.674689941406250000e+02
7.948865625000000000e+04
4.897316796875000000e+04
6.067470214843750000e+03
5.115663085937500000e+03
8.566068359375000000e+03
7.890708007812500000e+03
4.883255859375000000e+03
3.133590087890625000e+02
8.526770019531250000e+02
9.253740234375000000e+02
1.209520034790039062e+02
3.510480041503906250e+02
2.517039947509765625e+02
3.116018164062500000e+04
3.141208007812500000e+04
1.167179394531250000e+04
4.713150024414062500e+02
4.483835546875000000e+04
1.028560703125000000e+05
4.400606933593750000e+03
7.612618164062500000e+03
6.265980224609375000e+02
1.465708203125000000e+04
4.315419921875000000e+02
5.209660034179687500e+02
6.947298437500000000e+04
3.085798095703125000e+03
1.129493164062500000e+04
7.522668945312500000e+03
1.261385009765625000e+03
9.885440063476562500e+02
3.275226757812500000e+04
1.886239929199218750e+02
1.233648046875000000e+04
3.781261962890625000e+03
6.357999023437500000e+03
3.143281005859375000e+03
1.852078906250000000e+04
3.234372070312500000e+03
1.139037207031250000e+04
1.489527734375000000e+04
2.922702734375000000e+04
2.477259570312500000e+04
2.904982226562500000e+04
4.231375976562500000e+03
1.709014062500000000e+04
7.159420166015625000e+02
4.972917187500000000e+04
1.146909472656250000e+04
6.240312109375000000e+04
4.399214453125000000e+04
8.868060302734375000e+02
2.851322021484375000e+03
3.723549609375000000e+04
1.164582910156250000e+04
1.379784472656250000e+04
3.082248242187500000e+04
2.013072021484375000e+03
9.315885742187500000e+03
5.174429931640625000e+02
2.342132617187500000e+04
2.191484375000000000e+04
4.507634765625000000e+04
2.250993896484375000e+03
3.965499609375000000e+04
2.034584687500000000e+05
8.105807128906250000e+03
1.467300976562500000e+04
6.371309814453125000e+02
4.158104980468750000e+03
1.748055053710937500e+03
8.483539062500000000e+03
2.825215087890625000e+03
4.000299072265625000e+03
3.278604003906250000e+03
1.050570605468750000e+04
1.136225292968750000e+04
2.637405029296875000e+03
4.129947656250000000e+04
1.067604003906250000e+04
2.804518164062500000e+04
2.492033935546875000e+03
6.019420166015625000e+02
1.129120971679687500e+03
8.901416015625000000e+03
2.756852734375000000e+04
5.046833984375000000e+03
1.759989648437500000e+04
5.233090209960937500e+02
1.015559997558593750e+02
2.904005664062500000e+04
3.390789062500000000e+03
4.491311035156250000e+03
1.082205078125000000e+04
1.195838012695312500e+03
1.409874707031250000e+04
9.979199981689453125e+01
4.568567871093750000e+03
2.419239453125000000e+04
1.754842041015625000e+03
1.314244531250000000e+04
1.786739062500000000e+04
2.802739868164062500e+02
2.275001171875000000e+04
3.409425390625000000e+04
1.977799987792968750e+01
2.356687695312500000e+04
3.789040039062500000e+03
2.054395019531250000e+03
1.174460546875000000e+04
2.352859954833984375e+02
4.432163671875000000e+04
1.078433984375000000e+04
5.809089843750000000e+03
5.284970092773437500e+02
4.314190063476562500e+02
1.169154052734375000e+03
2.319839935302734375e+02
1.016062890625000000e+05
1.575460052490234375e+02
8.821350097656250000e+02
3.648349914550781250e+02
1.016712304687500000e+04
5.715051757812500000e+03
2.334612109375000000e+04
3.298199844360351562e+01
2.221739959716796875e+02
2.377409973144531250e+02
1.434382421875000000e+04
1.831360961914062500e+03
1.246465332031250000e+04
6.131840209960937500e+02
2.165563476562500000e+04
2.759742919921875000e+03
1.959787304687500000e+04
1.586544042968750000e+04
6.989329101562500000e+03
1.103475585937500000e+04
3.124259948730468750e+02
8.706400299072265625e+01
1.097777954101562500e+03
5.882905859375000000e+04
1.122802001953125000e+03
1.197216992187500000e+04
2.966859375000000000e+04
3.200172119140625000e+03
5.379800033569335938e+01
4.257409179687500000e+03
8.136333007812500000e+03
4.607219848632812500e+02
8.567046875000000000e+03
1.838902734375000000e+04
2.445833203125000000e+04
1.310873925781250000e+04
3.568240051269531250e+02
1.214831054687500000e+03
6.486589965820312500e+02
1.538245214843750000e+04
6.309728027343750000e+03
1.865729980468750000e+03
5.731686035156250000e+03
1.415688867187500000e+04
1.514313671875000000e+04
8.231533203125000000e+03
5.372334960937500000e+03
2.524140014648437500e+02
3.617902099609375000e+03
1.315275024414062500e+03
1.394003417968750000e+04
8.813170166015625000e+02
1.400790527343750000e+04
1.746410064697265625e+02
9.811480468750000000e+03
4.495199890136718750e+02
5.886140136718750000e+02
5.263583593750000000e+04
3.135751953125000000e+03
2.193410034179687500e+02
1.762418945312500000e+03
1.223888671875000000e+04
1.315305053710937500e+03
6.319676757812500000e+03
1.540899707031250000e+04
1.585972045898437500e+03
1.188638085937500000e+04
2.762420043945312500e+02
2.744033203125000000e+04
3.955998437500000000e+04
2.627134765625000000e+04
1.976442993164062500e+03
4.089793750000000000e+04
9.974459960937500000e+03
1.791749023437500000e+04
4.401900024414062500e+02
8.995839843750000000e+03
1.100489990234375000e+03
1.219578002929687500e+03
8.749917187500000000e+04
4.390564843750000000e+04
2.070599975585937500e+02
3.458840026855468750e+02
3.018662890625000000e+04
2.422657226562500000e+04
5.906735546875000000e+04
6.915089843750000000e+04
7.005997070312500000e+03
9.104400024414062500e+02
1.215470898437500000e+04
3.170096923828125000e+03
1.459575195312500000e+04
4.132040039062500000e+03
2.666322070312500000e+04
2.028986914062500000e+04
1.076389038085937500e+03
7.969482910156250000e+03
1.297149047851562500e+03
2.283669335937500000e+04
1.519332031250000000e+03
6.407398046875000000e+04
1.435088012695312500e+03
7.165399780273437500e+02
3.506243359375000000e+04
3.224130078125000000e+04
1.283865966796875000e+03
3.443643750000000000e+04
6.055216406250000000e+04
5.227012500000000000e+04
2.506636523437500000e+04
1.124253125000000000e+04
6.787280761718750000e+03
1.229698144531250000e+04
3.176628906250000000e+03
2.348507617187500000e+04
5.483560937500000000e+04
6.418762109375000000e+04
3.565859985351562500e+02
8.600017578125000000e+03
7.194470214843750000e+03
5.572639770507812500e+02
1.808525781250000000e+04
5.764832031250000000e+03
3.503512500000000000e+04
2.718299804687500000e+04
2.152478515625000000e+04
3.010712695312500000e+04
5.692670288085937500e+02
7.500758789062500000e+03
4.364950195312500000e+03
9.030678710937500000e+03
1.109980664062500000e+04
4.192551757812500000e+03
3.131522949218750000e+03
3.520500183105468750e+01
3.298917968750000000e+04
7.190599975585937500e+02
1.281957421875000000e+04
3.588780859375000000e+04
1.686950073242187500e+02
4.965081640625000000e+04
9.329400390625000000e+03
2.583629492187500000e+04
3.701278076171875000e+03
9.859176757812500000e+03
3.260219970703125000e+03
1.638566210937500000e+04
3.410627343750000000e+04
2.240969970703125000e+03
9.624828125000000000e+03
2.451632226562500000e+04
2.873126953125000000e+03
2.576319885253906250e+02
7.071550292968750000e+02
5.913959960937500000e+02
3.143739929199218750e+02
1.053372851562500000e+04
2.251262695312500000e+04
8.517205078125000000e+03
9.678699951171875000e+02
8.622565429687500000e+03
6.155038085937500000e+03
1.079786987304687500e+03
2.482187695312500000e+04
2.887898437500000000e+04
6.776225097656250000e+03
3.655980859375000000e+04
5.172317871093750000e+03
9.316450195312500000e+03
3.555150146484375000e+02
1.605977441406250000e+04
3.876936328125000000e+04
7.259459838867187500e+02
1.545765136718750000e+04
1.462818969726562500e+03
2.670780029296875000e+02
5.615233886718750000e+03
4.567529907226562500e+02
8.287664062500000000e+03
1.376665039062500000e+03
1.584859008789062500e+03
5.396340820312500000e+03
4.265567968750000000e+04
7.511500244140625000e+02
2.195173632812500000e+04
3.671229858398437500e+02
2.550706250000000000e+04
7.698498437500000000e+04
6.385739746093750000e+02
3.177274902343750000e+03
2.584808789062500000e+04
1.207544921875000000e+04
4.813817871093750000e+03
2.830229003906250000e+03
5.801699829101562500e+02
2.587482031250000000e+04
1.127333105468750000e+04
8.433073437500000000e+04
1.790215429687500000e+04
1.105519042968750000e+03
1.577830047607421875e+02
7.139504687500000000e+04
3.416091064453125000e+03
5.334899902343750000e+02
5.236840209960937500e+02
4.905997070312500000e+03
3.082221923828125000e+03
4.823937890625000000e+04
4.513934765625000000e+04
5.032319946289062500e+02
6.275954687500000000e+04
9.003200073242187500e+02
3.307222900390625000e+03
1.616938964843750000e+03
5.710209960937500000e+02
7.208037109375000000e+03
3.279118359375000000e+04
5.737928222656250000e+03
2.459344970703125000e+03
1.572095703125000000e+04
3.091189880371093750e+02
1.671426953125000000e+04
5.639691015625000000e+04
1.763925048828125000e+03
3.308607031250000000e+04
6.777819824218750000e+02
5.652092968750000000e+04
5.085169982910156250e+02
1.055251953125000000e+03
3.932089111328125000e+03
4.736400146484375000e+02
6.852803222656250000e+03
8.552666992187500000e+03
7.030570068359375000e+02
1.661109924316406250e+02
3.191479980468750000e+03
9.570051757812500000e+03
1.065661987304687500e+03
7.194810180664062500e+02
3.410237109375000000e+04
2.202147656250000000e+04
6.165410156250000000e+02
4.511780090332031250e+02
5.856049804687500000e+02
3.661260070800781250e+02
5.085620117187500000e+02
7.800949707031250000e+02
5.609778906250000000e+04
2.336750030517578125e+02
1.881785937500000000e+04
8.361847656250000000e+04
2.688156640625000000e+04
1.961220507812500000e+04
2.709150085449218750e+02
4.708578125000000000e+03
6.987280273437500000e+02
3.851102734375000000e+04
8.787930297851562500e+02
1.317340942382812500e+03
1.612070007324218750e+02
2.923552734375000000e+04
2.721507812500000000e+04
6.691722167968750000e+03
5.605774218750000000e+04
6.008480224609375000e+02
2.234574951171875000e+03
5.251681152343750000e+03
4.022309875488281250e+02
4.194494140625000000e+03
1.860866601562500000e+04
4.844882031250000000e+04
3.654699218750000000e+04
1.204620312500000000e+04
3.647472656250000000e+04
5.485846191406250000e+03
2.295789947509765625e+02
4.757500000000000000e+03
6.201220092773437500e+02
6.939030151367187500e+02
6.201623046875000000e+03
2.879320703125000000e+04
3.755378906250000000e+04
2.627218994140625000e+03
5.944200134277343750e+01
5.663610229492187500e+02
8.742360229492187500e+02
1.026087036132812500e+03
3.288102050781250000e+03
4.772002734375000000e+04
2.650415234375000000e+04
1.966369934082031250e+02
9.002028320312500000e+03
7.506925000000000000e+04
5.818460083007812500e+02
5.409730224609375000e+02
3.129433105468750000e+03
6.938315625000000000e+04
2.774881103515625000e+03
9.464489746093750000e+02
9.186160278320312500e+02
7.899932128906250000e+03
4.566189880371093750e+02
8.588969726562500000e+02
6.704338867187500000e+03
9.787852539062500000e+03
3.150640820312500000e+04
2.291225097656250000e+03
7.170318847656250000e+03
5.987088671875000000e+04
4.506770019531250000e+02
1.762193969726562500e+03
3.386842187500000000e+04
5.544881835937500000e+03
2.476832421875000000e+04
7.705508789062500000e+03
1.825610961914062500e+03
2.281410064697265625e+02
8.391024218750000000e+04
2.404700012207031250e+02
3.852282812500000000e+04
1.330681347656250000e+04
6.717417968750000000e+03
2.185643066406250000e+03
1.226944946289062500e+03
1.391754980468750000e+04
2.791597900390625000e+03
1.613131958007812500e+03
6.206084960937500000e+03
3.393118896484375000e+03
6.546680297851562500e+02
8.223099975585937500e+02
4.552766113281250000e+03
6.181290039062500000e+03
3.032801953125000000e+04
3.567293359375000000e+04
9.155331054687500000e+03
5.739856933593750000e+03
4.689039916992187500e+02
7.042780151367187500e+02
4.676809997558593750e+02
5.393369750976562500e+02
7.065659790039062500e+02
7.870735839843750000e+03
5.971586914062500000e+03
6.318604003906250000e+03
1.098391601562500000e+04
3.352138916015625000e+03
4.291279907226562500e+02
7.434682128906250000e+03
1.776580047607421875e+02
3.053327148437500000e+04
1.734415429687500000e+04
8.955086914062500000e+03
2.646260070800781250e+02
7.017503906250000000e+03
5.245142968750000000e+04
2.794105957031250000e+03
3.484724121093750000e+03
5.268469848632812500e+02
2.516125976562500000e+03
1.373198339843750000e+04
1.801125976562500000e+04
8.960547851562500000e+03
4.647996484375000000e+04
4.692243359375000000e+04
3.174706445312500000e+04
3.196716406250000000e+04
4.033095703125000000e+04
5.238994531250000000e+04
9.085171875000000000e+03
2.720960742187500000e+04
2.460696679687500000e+04
1.856748632812500000e+04
9.816394531250000000e+04
3.110979919433593750e+02
1.583130035400390625e+02
3.140505078125000000e+04
1.556276977539062500e+03
3.157877929687500000e+03
5.793909912109375000e+02
1.028135644531250000e+04
2.419166992187500000e+03
3.910185058593750000e+03
2.154098437500000000e+04
3.069959960937500000e+04
1.388823437500000000e+05
2.161900585937500000e+04
9.667832031250000000e+03
4.507186035156250000e+03
8.584112304687500000e+03
2.968630065917968750e+02
2.800101757812500000e+04
5.120501953125000000e+03
1.056643847656250000e+04
1.124569824218750000e+04
1.551176025390625000e+03
1.167160034179687500e+03
4.375521972656250000e+03
3.596990051269531250e+02
6.280679931640625000e+02
3.615518066406250000e+03
2.803111132812500000e+04
3.909322998046875000e+03
1.098980026245117188e+02
6.286418945312500000e+03
3.552470092773437500e+02
4.370270080566406250e+02
2.307859954833984375e+02
5.669299926757812500e+02
1.837416601562500000e+04
3.048812988281250000e+03
1.654230468750000000e+04
3.698903906250000000e+04
1.000453613281250000e+04
6.002376953125000000e+03
5.704999923706054688e+01
7.962260131835937500e+02
2.448934082031250000e+03
8.121719970703125000e+02
4.521304199218750000e+03
3.878881640625000000e+04
7.788681152343750000e+03
2.407823046875000000e+04
2.812765039062500000e+04
3.341730957031250000e+03
1.336649932861328125e+02
9.931931640625000000e+03
6.071309814453125000e+02
3.611390075683593750e+02
6.848081250000000000e+04
1.441192382812500000e+04
2.738145117187500000e+04
8.947996093750000000e+03
5.493589843750000000e+03
1.800370025634765625e+02
5.288560180664062500e+02
5.273679809570312500e+02
8.741932812500000000e+04
9.849700164794921875e+01
8.520930175781250000e+02
5.837317871093750000e+03
4.252070800781250000e+03
1.040786987304687500e+03
1.528463671875000000e+04
9.808799743652343750e+01
5.723850097656250000e+02
2.466302148437500000e+04
3.501335937500000000e+03
5.961324218750000000e+04
5.828268359375000000e+04
9.326966796875000000e+03
1.031178955078125000e+03
2.397180023193359375e+02
1.627769531250000000e+04
1.328103027343750000e+03
8.734435546875000000e+03
2.237978710937500000e+04
7.872938964843750000e+03
1.673329925537109375e+02
1.111984985351562500e+03
6.079826953125000000e+04
1.434424414062500000e+04
3.559646093750000000e+04
7.828020019531250000e+02
1.659124609375000000e+04
1.923721289062500000e+04
7.139080200195312500e+02
7.370939941406250000e+02
2.288544531250000000e+04
4.784895996093750000e+03
2.328552148437500000e+04
2.055919952392578125e+02
2.329594970703125000e+03
1.026769628906250000e+04
2.405924218750000000e+04
8.676901367187500000e+03
2.179547656250000000e+04
6.188075195312500000e+03
5.166734765625000000e+04
7.216909179687500000e+03
2.284040069580078125e+02
8.113553222656250000e+03
1.116367480468750000e+04
6.700917187500000000e+04
1.113261962890625000e+03
1.175599956512451172e+01
1.230456054687500000e+03
4.498734863281250000e+03
2.441479949951171875e+02
1.198930053710937500e+03
2.774349975585937500e+02
7.253715820312500000e+03
9.505273437500000000e+04
2.324289062500000000e+03
7.582429809570312500e+02
1.802930859375000000e+04
1.544799902343750000e+04
6.396567578125000000e+04
1.869014648437500000e+04
8.355800781250000000e+03
3.793259887695312500e+02
6.527570190429687500e+02
1.511846679687500000e+04
4.442175781250000000e+03
4.917650146484375000e+02
1.208259033203125000e+03
5.536657226562500000e+03
4.845899963378906250e+02
2.527189648437500000e+04
1.075553808593750000e+04
1.401167968750000000e+03
1.366044726562500000e+04
4.062413671875000000e+04
1.191463012695312500e+03
1.198218261718750000e+04
5.186870117187500000e+02
1.316643164062500000e+04
2.220866406250000000e+04
6.447390136718750000e+02
1.964843994140625000e+03
6.113165625000000000e+04
6.523829956054687500e+02
1.017790625000000000e+04
3.122209960937500000e+03
3.234389953613281250e+02
8.799853515625000000e+03
2.612842968750000000e+04
2.507187109375000000e+04
5.641179809570312500e+02
3.568659973144531250e+02
1.120767187500000000e+04
1.063984008789062500e+03
4.314109765625000000e+04
1.521090039062500000e+04
1.496797265625000000e+04
4.723039855957031250e+02
8.102310180664062500e+02
2.327608886718750000e+03
3.839851562500000000e+04
2.839963281250000000e+04
4.413868164062500000e+03
5.686950073242187500e+02
5.220540161132812500e+02
1.631070605468750000e+04
2.635732031250000000e+04
1.316847070312500000e+04
4.805440063476562500e+02
1.021895996093750000e+03
4.656725097656250000e+03
1.561510009765625000e+02
4.868000976562500000e+03
1.585395898437500000e+04
1.125546997070312500e+03
8.843729858398437500e+02
4.830336718750000000e+04
1.895865820312500000e+04
1.509210052490234375e+02
3.703045312500000000e+04
5.576264843750000000e+04
5.211093359375000000e+04
7.436770019531250000e+02
2.026802539062500000e+04
1.578494995117187500e+03
5.460599609375000000e+04
3.314299926757812500e+02
3.034394921875000000e+04
7.193996093750000000e+04
2.608262304687500000e+04
1.208276015625000000e+05
1.402957421875000000e+04
1.785862304687500000e+04
1.600552148437500000e+04
1.771941210937500000e+04
4.650060119628906250e+02
2.614345312500000000e+04
1.778959960937500000e+03
2.486314941406250000e+03
4.245950012207031250e+02
3.488433105468750000e+03
1.728359985351562500e+02
1.497449951171875000e+02
4.525549926757812500e+02
1.918901000976562500e+03
4.056505468750000000e+04
7.611300048828125000e+02
1.383376953125000000e+03
1.268443969726562500e+03
1.054576049804687500e+03
1.184302343750000000e+05
7.113137207031250000e+03
3.953619995117187500e+02
1.234670043945312500e+03
2.457842041015625000e+03
4.931669921875000000e+02
7.061599731445312500e+01
1.029152954101562500e+03
7.398270263671875000e+02
2.355133056640625000e+03
4.020185937500000000e+04
4.005360107421875000e+02
2.232806884765625000e+03
6.327388183593750000e+03
1.894774218750000000e+04
4.702083007812500000e+03
4.114662109375000000e+03
3.133889892578125000e+03
3.493991943359375000e+03
2.315559997558593750e+02
4.815999984741210938e+01
1.144800390625000000e+04
9.790124023437500000e+03
1.300254882812500000e+04
7.555999755859375000e+02
4.604753125000000000e+04
2.103302148437500000e+04
1.114026977539062500e+03
2.599704101562500000e+03
2.048312500000000000e+04
2.547129974365234375e+02
4.724092773437500000e+03
2.264960021972656250e+02
8.856545898437500000e+03
1.318088964843750000e+04
8.189879760742187500e+02
9.547436718750000000e+04
2.364159765625000000e+04
2.640751953125000000e+04
1.460476074218750000e+04
2.946000061035156250e+02
2.955745117187500000e+03
4.756148046875000000e+04
1.178651464843750000e+04
2.144612304687500000e+04
9.665440063476562500e+02
2.383012500000000000e+04
1.141775976562500000e+04
1.501312011718750000e+03
5.106258789062500000e+03
3.126591601562500000e+04
3.191898242187500000e+04
1.402439941406250000e+03
7.733544921875000000e+03
5.308489990234375000e+02
7.662600097656250000e+02
3.024399948120117188e+01
8.583229980468750000e+02
1.149667968750000000e+03
4.210789062500000000e+03
6.599990234375000000e+02
4.685106640625000000e+04
1.527709863281250000e+04
3.883677343750000000e+04
1.133775195312500000e+04
1.399019927978515625e+02
1.943067993164062500e+03
3.963139953613281250e+02
1.082815429687500000e+04
4.961509765625000000e+03
1.895291992187500000e+03
2.568614062500000000e+04
6.086879882812500000e+02
1.199638574218750000e+04
2.190000000000000000e+02
8.446800231933593750e+01
4.690792578125000000e+04
2.991924804687500000e+04
7.557732812500000000e+04
6.985549926757812500e+02
7.711914062500000000e+03
3.171799926757812500e+02
