3.971799850463867188e+01
3.900199890136718750e+01
6.009229736328125000e+02
2.989280090332031250e+02
4.031099853515625000e+02
4.838949890136718750e+02
1.739600067138671875e+02
5.808700180053710938e+01
2.378029937744140625e+02
4.776000061035156250e+02
3.527600097656250000e+01
1.107399978637695312e+02
5.854550170898437500e+02
2.176700019836425781e+01
2.060799980163574219e+01
1.118000030517578125e+00
1.888999938964843750e+01
2.002960052490234375e+02
4.388039855957031250e+02
1.860600090026855469e+01
5.415100097656250000e+01
1.341199970245361328e+01
1.067559967041015625e+02
3.631449890136718750e+02
2.871960144042968750e+02
3.356929931640625000e+02
1.280549926757812500e+02
1.476089935302734375e+02
9.293150024414062500e+02
1.181930007934570312e+02
7.590000152587890625e+00
1.842660064697265625e+02
1.363840026855468750e+02
2.750260009765625000e+02
1.181499958038330078e+01
8.682459716796875000e+02
3.322999954223632812e+00
2.300900077819824219e+01
7.289860229492187500e+02
1.478400039672851562e+01
7.854799652099609375e+01
6.437100219726562500e+01
5.794100189208984375e+01
8.442999839782714844e+00
9.877999877929687500e+01
3.278429870605468750e+02
1.303919982910156250e+02
2.320359954833984375e+02
1.960760040283203125e+02
3.161999940872192383e+00
4.017460021972656250e+02
5.059479980468750000e+02
3.557860107421875000e+02
4.383100128173828125e+01
2.032510070800781250e+02
1.213830032348632812e+02
3.919300079345703125e+01
3.953499984741210938e+01
4.495660095214843750e+02
3.395350036621093750e+02
2.053800010681152344e+01
4.129200134277343750e+02
2.265999984741210938e+01
1.420930023193359375e+02
3.072400093078613281e+01
2.360339965820312500e+02
4.917900085449218750e+01
5.037319946289062500e+02
6.664080200195312500e+02
6.923229980468750000e+02
2.232200050354003906e+01
1.754029998779296875e+02
3.190660095214843750e+02
1.046646972656250000e+03
9.977999687194824219e+00
8.222680053710937500e+02
6.375609741210937500e+02
1.143199996948242188e+02
1.437993041992187500e+03
6.126710205078125000e+02
9.471339721679687500e+02
1.106628051757812500e+03
5.348660278320312500e+02
4.366270141601562500e+02
2.856109924316406250e+02
5.210900115966796875e+01
4.957400131225585938e+01
1.730059967041015625e+02
1.097389984130859375e+02
3.489799880981445312e+01
4.745999813079833984e+00
1.116610031127929688e+02
2.045279998779296875e+02
1.293380004882812500e+03
3.174000024795532227e+00
1.740520019531250000e+02
3.772500000000000000e+02
5.736899948120117188e+01
4.323009948730468750e+02
2.363890075683593750e+02
9.327999877929687500e+01
5.996680297851562500e+02
2.676310119628906250e+02
4.781359863281250000e+02
4.865100097656250000e+01
1.243000030517578125e+01
7.341500091552734375e+01
4.024000167846679688e+00
6.207520141601562500e+02
2.619930114746093750e+02
2.187299919128417969e+01
1.981239929199218750e+02
1.542270050048828125e+02
9.892199707031250000e+01
1.411100006103515625e+02
1.921289978027343750e+02
5.927789916992187500e+02
4.937799835205078125e+01
5.382699966430664062e+01
3.332680053710937500e+02
2.740010070800781250e+02
4.539400100708007812e+01
2.282169952392578125e+02
2.880769958496093750e+02
2.239299964904785156e+01
2.075140075683593750e+02
1.721459960937500000e+02
1.781499938964843750e+02
3.529000043869018555e+00
4.992800140380859375e+01
2.266399955749511719e+01
1.155250015258789062e+02
9.253999710083007812e+00
2.162500000000000000e+01
1.992720031738281250e+02
3.660900115966796875e+01
1.689609985351562500e+02
3.883900070190429688e+01
1.078170013427734375e+02
7.310299682617187500e+01
5.386000156402587891e+00
4.105130004882812500e+02
2.341620025634765625e+02
1.954320068359375000e+02
9.275700378417968750e+01
1.555679931640625000e+02
1.187300014495849609e+01
9.412599945068359375e+01
8.152000427246093750e+00
9.755999755859375000e+01
1.158970031738281250e+02
7.438600158691406250e+01
2.217649993896484375e+02
1.602389984130859375e+02
1.333379974365234375e+02
6.531000137329101562e+00
8.028460083007812500e+02
9.048200225830078125e+01
8.709999918937683105e-01
1.284899997711181641e+01
1.891970062255859375e+02
3.468190002441406250e+02
5.997000122070312500e+02
1.386499977111816406e+01
2.025130004882812500e+02
3.447700119018554688e+01
6.011899948120117188e+01
2.914259948730468750e+02
3.582000017166137695e+00
5.468899917602539062e+01
1.409399047851562500e+03
1.510099983215332031e+01
1.634720001220703125e+02
2.295619964599609375e+02
7.425739746093750000e+02
1.548799991607666016e+01
6.756099700927734375e+01
3.541820068359375000e+02
7.186999797821044922e+00
6.975520019531250000e+02
1.499060058593750000e+02
7.995729980468750000e+02
6.469899749755859375e+01
8.576999664306640625e+00
2.273549957275390625e+02
6.348999977111816406e+00
3.011069946289062500e+02
5.434000244140625000e+02
2.303999900817871094e+00
2.855500030517578125e+01
2.279400062561035156e+01
7.326499938964843750e+01
4.591299819946289062e+01
7.570300292968750000e+01
3.090280151367187500e+02
1.920079956054687500e+02
5.582689819335937500e+02
1.184000015258789062e+00
2.534349975585937500e+02
2.878070068359375000e+02
1.442189941406250000e+02
1.707449951171875000e+02
6.826499938964843750e+01
1.095999956130981445e+00
5.065999984741210938e+00
4.856759948730468750e+02
1.684026000976562500e+03
3.236610107421875000e+02
4.366589965820312500e+02
1.881770019531250000e+02
5.614899826049804688e+01
1.026549987792968750e+02
5.060369873046875000e+02
3.079979858398437500e+02
6.841000080108642578e+00
3.494960021972656250e+02
1.213389968872070312e+02
2.121690063476562500e+02
3.211619873046875000e+02
1.176920043945312500e+03
8.338999748229980469e+00
3.925000000000000000e+01
7.787500000000000000e+01
2.440740051269531250e+02
2.140800094604492188e+01
1.628939971923828125e+02
1.629969940185546875e+02
1.547050018310546875e+02
1.799000024795532227e+00
2.508750000000000000e+02
1.504300022125244141e+01
2.867860107421875000e+02
4.433959960937500000e+02
9.674199676513671875e+01
3.625600051879882812e+01
3.587309875488281250e+02
3.491919860839843750e+02
8.992429809570312500e+02
6.497579956054687500e+02
6.240299987792968750e+01
2.090959930419921875e+02
1.405269927978515625e+02
5.727000236511230469e+00
2.240099945068359375e+02
4.846059875488281250e+02
7.564329833984375000e+02
2.995199966430664062e+01
1.038470001220703125e+02
8.690999984741210938e+00
3.172299957275390625e+01
4.051000118255615234e+00
9.623999595642089844e+00
3.119209899902343750e+02
8.011900329589843750e+01
2.349210052490234375e+02
6.219499969482421875e+01
9.923980102539062500e+02
1.153769989013671875e+02
9.791999816894531250e+00
2.753000068664550781e+01
4.482349853515625000e+02
7.540899658203125000e+01
4.513000011444091797e+00
6.516060180664062500e+02
1.540469970703125000e+02
8.735859985351562500e+02
4.494320068359375000e+02
5.918159790039062500e+02
2.348880004882812500e+02
8.388999938964843750e+01
7.294000148773193359e+00
2.782630004882812500e+02
1.863999962806701660e+00
3.427999973297119141e+00
2.659500122070312500e+02
2.698999881744384766e+00
1.510019989013671875e+02
9.442609863281250000e+02
1.018140029907226562e+02
7.665899658203125000e+01
4.684999942779541016e+00
5.177109985351562500e+02
1.714800071716308594e+01
1.235237060546875000e+03
1.392940063476562500e+02
2.837090148925781250e+02
6.762200164794921875e+01
8.502799987792968750e+01
5.953900146484375000e+01
6.427369995117187500e+02
1.281099987030029297e+01
4.489999771118164062e+00
2.921740112304687500e+02
9.339099884033203125e+01
1.117855957031250000e+03
2.324290008544921875e+02
2.774060058593750000e+02
8.180599975585937500e+01
6.430930175781250000e+02
6.037900161743164062e+01
2.642929992675781250e+02
6.672280273437500000e+02
1.499250030517578125e+02
4.646099853515625000e+01
1.227129974365234375e+02
7.015620117187500000e+02
1.896560058593750000e+02
1.753000020980834961e+00
6.251200103759765625e+01
3.515299987792968750e+01
3.210200119018554688e+01
5.425299835205078125e+01
5.428099822998046875e+01
6.769689941406250000e+02
1.186499977111816406e+01
1.338999986648559570e+00
6.021900177001953125e+01
1.590299987792968750e+01
9.031000137329101562e+00
7.893850097656250000e+02
6.078709716796875000e+02
8.773500061035156250e+01
9.559999704360961914e-01
2.119190063476562500e+02
1.687957031250000000e+03
7.076000213623046875e+00
6.121699905395507812e+01
1.356419982910156250e+02
2.115399932861328125e+01
1.491688964843750000e+03
3.976390075683593750e+02
1.146000003814697266e+01
6.079569702148437500e+02
5.308740234375000000e+02
1.597182006835937500e+03
5.327440185546875000e+02
2.240000009536743164e+00
5.966799926757812500e+01
2.532900047302246094e+01
2.759999990463256836e+00
7.835000038146972656e+00
2.626629943847656250e+02
2.208939971923828125e+02
2.315999984741210938e+01
3.323659973144531250e+02
4.206979980468750000e+02
1.530319976806640625e+02
1.410489959716796875e+02
1.413099956512451172e+01
1.580140075683593750e+02
5.172620239257812500e+02
9.405000305175781250e+01
4.752199935913085938e+01
1.766399955749511719e+01
8.047000122070312500e+01
8.465499877929687500e+01
1.664599990844726562e+01
6.597000122070312500e+00
1.076750030517578125e+02
1.527999997138977051e+00
8.438859863281250000e+02
3.143389892578125000e+02
7.060299682617187500e+01
3.553689880371093750e+02
2.713999938964843750e+01
1.126080017089843750e+02
1.207800006866455078e+01
3.648600006103515625e+01
2.401399993896484375e+01
3.647800064086914062e+01
8.113200378417968750e+01
9.682999610900878906e+00
3.851999998092651367e+00
3.743899917602539062e+01
2.596999883651733398e+00
5.099219970703125000e+02
1.338359985351562500e+02
3.345000028610229492e+00
1.035103027343750000e+03
2.539200019836425781e+01
1.060979995727539062e+02
7.212100219726562500e+01
9.579739990234375000e+02
2.047339935302734375e+02
5.028900146484375000e+02
3.593770141601562500e+02
3.352999925613403320e+00
3.396109924316406250e+02
2.082900047302246094e+01
4.335599899291992188e+01
8.246000289916992188e+00
7.200310058593750000e+02
1.581369934082031250e+02
3.989869995117187500e+02
9.991200256347656250e+01
2.858200073242187500e+01
2.743110046386718750e+02
1.549279937744140625e+02
5.861450195312500000e+02
7.721000194549560547e+00
1.088489990234375000e+02
3.529710083007812500e+02
9.734999656677246094e+00
9.208380126953125000e+02
1.952000021934509277e+00
8.080910034179687500e+02
3.137590026855468750e+02
1.068400001525878906e+01
3.933000087738037109e+00
1.562899932861328125e+02
1.540100002288818359e+01
3.486600112915039062e+01
2.898489990234375000e+02
1.459799957275390625e+01
1.135039978027343750e+02
7.307599639892578125e+01
1.865699958801269531e+01
3.590140075683593750e+02
1.751770019531250000e+02
5.993909912109375000e+02
1.176799964904785156e+01
2.555870056152343750e+02
2.774399948120117188e+01
5.293489990234375000e+02
1.446150054931640625e+02
3.857699890136718750e+02
2.333399963378906250e+02
5.579910278320312500e+02
2.519600067138671875e+02
4.423099899291992188e+01
2.733000040054321289e+00
8.000000119209289551e-01
4.127219848632812500e+02
1.359730072021484375e+02
9.433200073242187500e+01
1.889149932861328125e+02
2.546199989318847656e+01
9.083399963378906250e+01
2.127400016784667969e+01
3.467999935150146484e+00
5.990800170898437500e+02
3.759509887695312500e+02
3.365000009536743164e+00
2.861659851074218750e+02
1.118560028076171875e+02
6.830289916992187500e+02
3.279429931640625000e+02
5.837999820709228516e+00
1.280160064697265625e+02
1.290169982910156250e+02
8.266799926757812500e+01
1.664230041503906250e+02
4.890100097656250000e+01
1.376620025634765625e+02
5.180560302734375000e+02
1.485679931640625000e+02
1.723540039062500000e+02
2.508650054931640625e+02
9.694400024414062500e+01
1.591510009765625000e+02
4.873370056152343750e+02
3.970000028610229492e+00
6.552169799804687500e+02
3.286340026855468750e+02
1.466679992675781250e+02
4.227309875488281250e+02
8.352000236511230469e+00
6.305500030517578125e+01
2.538199996948242188e+01
2.753359985351562500e+02
4.427999973297119141e+00
1.325485961914062500e+03
4.137799835205078125e+01
2.014200019836425781e+01
1.683520050048828125e+02
1.224970016479492188e+02
3.313559875488281250e+02
2.133399963378906250e+01
3.282999992370605469e+00
9.992800140380859375e+01
4.577000141143798828e+00
3.816999816894531250e+01
1.657400054931640625e+02
3.316199951171875000e+02
4.151200103759765625e+01
4.056839904785156250e+02
6.235070190429687500e+02
1.875290069580078125e+02
1.594929962158203125e+02
1.449700012207031250e+02
8.969999694824218750e+01
3.070599937438964844e+01
2.167132080078125000e+03
6.095720214843750000e+02
1.789369964599609375e+02
1.451190032958984375e+02
6.344599914550781250e+01
2.611919860839843750e+02
1.269000053405761719e+00
2.603150024414062500e+02
3.102980041503906250e+02
1.059999942779541016e+00
7.935369873046875000e+02
7.940000057220458984e+00
2.764899902343750000e+02
2.683000087738037109e+00
1.065749969482421875e+02
2.118150024414062500e+02
3.081999969482421875e+01
1.250070037841796875e+02
2.954509887695312500e+02
1.955959930419921875e+02
4.290499877929687500e+01
2.402729949951171875e+02
1.048720016479492188e+02
2.901300048828125000e+01
5.517599868774414062e+01
3.475220031738281250e+02
7.500999927520751953e+00
2.215399932861328125e+01
1.440670013427734375e+02
2.093630065917968750e+02
4.459389953613281250e+02
2.264369964599609375e+02
1.225504028320312500e+03
5.314099731445312500e+02
2.233509979248046875e+02
3.931100082397460938e+01
8.209290161132812500e+02
8.135800170898437500e+01
3.145999908447265625e+01
5.695899963378906250e+01
9.240399932861328125e+01
3.819999933242797852e+00
2.043600082397460938e+01
3.717130126953125000e+02
9.909300231933593750e+01
2.186700057983398438e+01
3.113469848632812500e+02
3.165780029296875000e+02
4.103089904785156250e+02
1.251000022888183594e+01
2.101439971923828125e+02
9.836000442504882812e+00
3.714599990844726562e+01
3.621999979019165039e+00
5.341389770507812500e+02
1.888000011444091797e+00
3.413000106811523438e+00
1.139169998168945312e+02
4.263899993896484375e+01
2.126799926757812500e+02
7.791999816894531250e+00
5.799200057983398438e+01
4.106040039062500000e+02
3.359819946289062500e+02
1.077000021934509277e+00
2.631000041961669922e+00
2.195700073242187500e+01
2.685889892578125000e+02
6.203660278320312500e+02
7.359409790039062500e+02
4.252399826049804688e+01
1.151069946289062500e+03
4.395759887695312500e+02
4.375299987792968750e+02
2.501499938964843750e+01
3.463700103759765625e+01
2.609089965820312500e+02
3.073699951171875000e+01
9.316100311279296875e+01
7.322509765625000000e+02
4.461999893188476562e+00
8.524400329589843750e+01
1.345110015869140625e+02
4.870520019531250000e+02
2.026600074768066406e+01
2.660000085830688477e+00
1.833159942626953125e+02
1.392010040283203125e+02
5.770999908447265625e+01
3.010409851074218750e+02
2.049000024795532227e+00
4.835799865722656250e+02
6.491200256347656250e+01
6.967379760742187500e+02
5.434819946289062500e+02
9.583200073242187500e+01
4.368700027465820312e+01
1.301299953460693359e+01
4.748799896240234375e+01
1.127099990844726562e+02
2.735130004882812500e+02
1.311100006103515625e+02
1.944790039062500000e+02
6.248469848632812500e+02
2.101000070571899414e+00
4.927999973297119141e+00
2.305000066757202148e+00
8.829420166015625000e+02
3.876699829101562500e+01
2.488410034179687500e+02
7.369869995117187500e+02
3.245480041503906250e+02
5.969900131225585938e+01
1.018539962768554688e+02
1.511649932861328125e+02
1.929000020027160645e+00
1.323200035095214844e+01
4.029270019531250000e+02
2.857130126953125000e+02
4.719129943847656250e+02
5.850500106811523438e+01
1.124739990234375000e+02
4.164000034332275391e+00
2.178999900817871094e+00
2.679999923706054688e+01
3.201990051269531250e+02
3.905999898910522461e+00
1.873699951171875000e+02
2.970800018310546875e+01
3.755719909667968750e+02
2.257160034179687500e+02
3.982789916992187500e+02
1.867056030273437500e+03
3.372959899902343750e+02
3.812599945068359375e+01
1.072574951171875000e+03
6.078670043945312500e+02
4.583000183105468750e+00
3.407000064849853516e+00
2.419980010986328125e+02
5.574970092773437500e+02
5.323740234375000000e+02
8.305310058593750000e+02
4.408999919891357422e+00
2.577269897460937500e+02
9.891400146484375000e+01
2.894899940490722656e+01
6.597689819335937500e+02
1.065699996948242188e+02
8.451000213623046875e+01
2.382400054931640625e+02
2.439810028076171875e+02
2.173000097274780273e+00
1.420400047302246094e+01
5.420729980468750000e+02
1.629999923706054688e+01
8.152799987792968750e+01
5.044490051269531250e+02
1.377590026855468750e+02
2.414800071716308594e+01
1.981505004882812500e+03
1.014000034332275391e+01
4.256399917602539062e+01
3.972399902343750000e+01
1.233980026245117188e+02
3.373229980468750000e+02
2.555310058593750000e+02
5.210029907226562500e+02
2.864379882812500000e+02
3.660280151367187500e+02
1.095899963378906250e+01
3.388999938964843750e+01
9.459000244140625000e+02
9.869499969482421875e+01
1.803300094604492188e+01
1.482760009765625000e+02
3.629179992675781250e+02
8.360399627685546875e+01
4.500520019531250000e+02
3.869300079345703125e+01
2.605549926757812500e+02
1.197630004882812500e+02
3.500000000000000000e+00
1.875619964599609375e+02
4.141659851074218750e+02
3.083949890136718750e+02
2.356399993896484375e+02
4.280549926757812500e+02
9.742860107421875000e+02
1.356999993324279785e+00
3.573999881744384766e+00
1.758900070190429688e+01
4.432300186157226562e+01
5.749999880790710449e-01
1.586621948242187500e+03
7.088899993896484375e+01
1.214599990844726562e+01
4.395090026855468750e+02
2.362500000000000000e+01
3.537980041503906250e+02
2.810790100097656250e+02
1.190999984741210938e+00
8.413809814453125000e+02
1.180729980468750000e+02
3.325000047683715820e+00
7.191999912261962891e+00
5.822000026702880859e+00
9.965000152587890625e+00
2.697369995117187500e+02
8.107650146484375000e+02
6.619639892578125000e+02
5.973079833984375000e+02
3.060320129394531250e+02
9.286660156250000000e+02
2.532039947509765625e+02
2.890289916992187500e+02
2.715180053710937500e+02
2.223359985351562500e+02
2.190590057373046875e+02
5.229000091552734375e+00
5.633999824523925781e+00
1.455494995117187500e+03
8.546700286865234375e+01
8.479019775390625000e+02
3.633320007324218750e+02
6.370540161132812500e+02
5.289000034332275391e+00
2.756999969482421875e+00
4.843460083007812500e+02
3.548580017089843750e+02
4.068640136718750000e+02
2.138999938964843750e+00
1.454409942626953125e+02
1.409609985351562500e+02
1.576750030517578125e+02
8.272999763488769531e+00
2.003040008544921875e+02
1.020810012817382812e+02
5.981610107421875000e+02
7.236699676513671875e+01
1.745800018310546875e+01
2.230429992675781250e+02
5.913000106811523438e+00
1.118980026245117188e+02
1.132300033569335938e+02
3.926830139160156250e+02
3.011669921875000000e+02
5.530809936523437500e+02
8.636000061035156250e+01
6.627899932861328125e+01
6.707299804687500000e+01
1.663199996948242188e+01
1.630619964599609375e+02
1.877169952392578125e+02
1.027279968261718750e+02
6.100999832153320312e+00
2.943899917602539062e+01
2.042000055313110352e+00
2.430769958496093750e+02
2.936100006103515625e+01
1.420260009765625000e+02
6.592800140380859375e+01
1.184690017700195312e+02
2.642650146484375000e+02
5.270000100135803223e-01
1.113889999389648438e+02
1.568249969482421875e+02
5.769489746093750000e+02
1.568950042724609375e+02
8.329699707031250000e+01
2.385700073242187500e+02
3.323550109863281250e+02
5.395000000000000000e+02
5.908700180053710938e+01
3.779479980468750000e+02
7.047739868164062500e+02
1.048536010742187500e+03
2.516699981689453125e+01
9.909500122070312500e+01
2.989000082015991211e+00
3.114559936523437500e+02
1.368000030517578125e+00
1.629960021972656250e+02
3.291870117187500000e+02
3.181480102539062500e+02
5.447600173950195312e+01
2.600199890136718750e+02
7.712550048828125000e+02
2.720000028610229492e+00
8.346499633789062500e+01
1.310540008544921875e+02
2.668970031738281250e+02
4.151910095214843750e+02
3.858269958496093750e+02
4.437839965820312500e+02
7.816000366210937500e+01
4.126180114746093750e+02
1.926439971923828125e+02
5.415200042724609375e+01
5.629979858398437500e+02
1.381029968261718750e+02
4.281239929199218750e+02
6.078000068664550781e+00
3.522330017089843750e+02
2.877650146484375000e+02
5.199160156250000000e+02
1.872610015869140625e+02
3.124000072479248047e+00
1.185370025634765625e+02
1.916679992675781250e+02
1.402099990844726562e+01
3.636050109863281250e+02
2.101000070571899414e+00
6.398430175781250000e+02
2.049999952316284180e+00
5.720130004882812500e+02
3.975679931640625000e+02
2.633500061035156250e+02
7.249660034179687500e+02
6.972000122070312500e+00
5.276510009765625000e+02
2.963059997558593750e+02
4.652690124511718750e+02
7.506500244140625000e+01
3.724999904632568359e+00
1.071895019531250000e+03
8.782900238037109375e+01
1.036190032958984375e+02
2.787619934082031250e+02
2.361649932861328125e+02
1.103460006713867188e+02
5.295500183105468750e+01
5.593779907226562500e+02
5.492340087890625000e+02
2.162290039062500000e+02
2.794869995117187500e+02
7.491799926757812500e+01
5.124000167846679688e+01
1.849819946289062500e+02
2.506100082397460938e+01
6.567099761962890625e+01
1.108941040039062500e+03
7.604190063476562500e+02
1.686199951171875000e+01
5.834470214843750000e+02
5.554630126953125000e+02
3.619999885559082031e-01
1.408439941406250000e+02
2.058529968261718750e+02
5.534169921875000000e+02
2.642349853515625000e+02
3.756600189208984375e+01
1.298352050781250000e+03
4.424909973144531250e+02
5.170250244140625000e+02
3.578000068664550781e+00
4.126999855041503906e+00
3.840900039672851562e+01
6.164999961853027344e+00
8.551300048828125000e+01
1.440999984741210938e+00
2.252960052490234375e+02
3.965480041503906250e+02
5.345999908447265625e+01
5.681760253906250000e+02
8.116240234375000000e+02
3.220999956130981445e+00
1.732689971923828125e+02
4.024989929199218750e+02
1.457180023193359375e+02
1.214999961853027344e+01
8.135600280761718750e+01
2.541060028076171875e+02
1.796000003814697266e+00
3.580339965820312500e+02
2.426260070800781250e+02
1.006220016479492188e+02
5.087999820709228516e+00
2.848259887695312500e+02
1.041399993896484375e+02
2.266600036621093750e+01
2.483260040283203125e+02
2.574099922180175781e+01
1.132800006866455078e+01
1.301929931640625000e+02
7.426179809570312500e+02
7.259400177001953125e+01
5.001809997558593750e+02
1.192490005493164062e+02
3.398000001907348633e+00
1.329599952697753906e+01
1.859300041198730469e+01
6.690000295639038086e-01
1.626540069580078125e+02
5.882830200195312500e+02
1.793119964599609375e+02
1.370200042724609375e+02
6.900000095367431641e+00
6.818499755859375000e+01
2.368170013427734375e+02
3.223840026855468750e+02
6.128930053710937500e+02
1.194900035858154297e+01
1.158133056640625000e+03
3.570299911499023438e+01
1.127999973297119141e+01
5.110000133514404297e+00
3.298619995117187500e+02
1.635799980163574219e+01
2.246250000000000000e+02
5.274920043945312500e+02
2.886350097656250000e+02
3.549900054931640625e+01
3.963999938964843750e+02
2.052180023193359375e+02
3.030989990234375000e+02
1.217679977416992188e+02
1.217051025390625000e+03
2.049409942626953125e+02
4.288399887084960938e+01
9.362999877929687500e+02
6.791100311279296875e+01
2.209909973144531250e+02
6.554799652099609375e+01
7.323359985351562500e+02
2.493670043945312500e+02
6.563400268554687500e+02
2.051399993896484375e+01
3.104719848632812500e+02
5.051369934082031250e+02
1.035900020599365234e+01
9.928000450134277344e+00
2.170000000000000000e+02
3.116200065612792969e+01
7.716690063476562500e+02
1.538457031250000000e+03
1.028100013732910156e+01
2.518800048828125000e+02
4.741000175476074219e+00
4.350920104980468750e+02
2.427200012207031250e+02
8.076100158691406250e+01
1.206255981445312500e+03
1.012779998779296875e+02
2.521119995117187500e+02
3.737149963378906250e+02
1.934429931640625000e+02
6.212999820709228516e+00
5.905130004882812500e+02
1.112391967773437500e+03
4.150199890136718750e+01
3.016999959945678711e+00
1.147539978027343750e+02
2.651199913024902344e+01
2.162700080871582031e+01
1.768009948730468750e+02
8.745500183105468750e+01
6.644400024414062500e+01
3.525889892578125000e+02
3.807340087890625000e+02
5.942999839782714844e+00
3.369460144042968750e+02
6.046199951171875000e+02
4.040740051269531250e+02
2.776510009765625000e+02
9.803720092773437500e+02
1.034150009155273438e+02
4.900899887084960938e+01
2.527870025634765625e+02
1.786510009765625000e+02
9.782700347900390625e+01
2.448950042724609375e+02
1.050093994140625000e+03
3.281560058593750000e+02
8.905980224609375000e+02
3.807500076293945312e+01
3.116500091552734375e+01
1.757500000000000000e+02
5.157999992370605469e+00
8.107800292968750000e+01
2.969249877929687500e+02
3.327669982910156250e+02
2.250000000000000000e+00
2.502199935913085938e+01
3.036629943847656250e+02
1.959969940185546875e+02
3.063999938964843750e+02
1.551540069580078125e+02
4.550299835205078125e+01
2.434999942779541016e+00
2.558000087738037109e+00
2.231609954833984375e+02
3.173000097274780273e+00
5.685330200195312500e+02
7.670040283203125000e+02
1.557830047607421875e+02
3.594699859619140625e+01
3.265320129394531250e+02
3.567250061035156250e+02
1.270400047302246094e+01
4.336210021972656250e+02
5.622000217437744141e+00
3.252000093460083008e+00
1.783560028076171875e+02
7.641699981689453125e+01
2.090399932861328125e+01
6.105400085449218750e+01
5.418000221252441406e+00
