1.399139355468750000e+04
3.295088671875000000e+04
4.964931875000000000e+05
3.395641113281250000e+03
5.159360546875000000e+04
1.699760009765625000e+03
1.954800156250000000e+05
1.189697625000000000e+06
1.315427750000000000e+06
2.273270996093750000e+03
4.866654687500000000e+05
2.265614990234375000e+03
1.838249750000000000e+06
1.632413437500000000e+05
5.708233886718750000e+03
1.553860250000000000e+06
1.461151125000000000e+06
8.402653125000000000e+04
1.884048906250000000e+05
1.001239687500000000e+06
4.508998437500000000e+04
1.161676171875000000e+04
2.340199218750000000e+04
4.789152187500000000e+05
9.267792968750000000e+04
2.449706250000000000e+04
4.515874062500000000e+05
6.045298828125000000e+04
9.003304687500000000e+03
1.172427656250000000e+05
3.028034912109375000e+03
8.150970312500000000e+04
8.226785937500000000e+04
2.068187695312500000e+04
6.252360229492187500e+02
5.288812890625000000e+04
7.044133789062500000e+03
3.691604750000000000e+06
7.534483125000000000e+05
1.752357625000000000e+06
5.035972187500000000e+05
6.107066796875000000e+04
4.339151953125000000e+04
9.829293945312500000e+03
4.241720214843750000e+03
3.598239062500000000e+05
1.387336059570312500e+03
3.720062890625000000e+04
9.974663750000000000e+05
2.930061875000000000e+05
1.196260468750000000e+05
5.782187500000000000e+06
1.547200976562500000e+04
1.611829003906250000e+04
1.090069625000000000e+06
9.828067382812500000e+03
2.812526562500000000e+05
3.744668125000000000e+05
9.625000000000000000e+03
6.037681250000000000e+04
1.049178125000000000e+06
1.845782968750000000e+05
1.683998125000000000e+05
5.805490234375000000e+03
1.323029218750000000e+05
7.508729980468750000e+03
1.140616250000000000e+05
1.453603437500000000e+05
1.289907187500000000e+05
7.989871093750000000e+03
1.048811035156250000e+03
1.173503515625000000e+04
2.611778515625000000e+04
1.073514921875000000e+05
1.065004785156250000e+04
6.567830625000000000e+05
5.274196000000000000e+06
1.734155468750000000e+05
4.921565917968750000e+03
6.712233886718750000e+03
1.777289062500000000e+04
1.309140375000000000e+06
2.275149250000000000e+06
2.181341064453125000e+03
2.852976562500000000e+04
6.201800000000000000e+05
1.562874414062500000e+04
2.425477343750000000e+04
1.291456738281250000e+04
9.672509375000000000e+05
2.730856933593750000e+03
6.538182128906250000e+03
1.403793945312500000e+04
2.634175048828125000e+03
2.381242919921875000e+03
7.417723125000000000e+05
6.609636875000000000e+05
1.353229980468750000e+03
1.385966992187500000e+04
4.545315625000000000e+05
1.020135390625000000e+05
9.280000305175781250e+01
3.255552978515625000e+03
5.017742812500000000e+05
6.805270019531250000e+03
7.522437500000000000e+05
2.524077500000000000e+06
4.741558593750000000e+04
1.330186000000000000e+06
8.102253906250000000e+04
1.549278906250000000e+04
5.815829101562500000e+03
3.655103515625000000e+04
1.609136035156250000e+04
5.434861250000000000e+05
7.250640625000000000e+05
1.924016718750000000e+05
1.827057983398437500e+03
6.628935625000000000e+05
3.267236328125000000e+04
9.098306640625000000e+03
2.496230468750000000e+04
8.059233593750000000e+04
1.706753906250000000e+04
1.167507031250000000e+05
1.459358125000000000e+05
3.728652500000000000e+05
2.383726757812500000e+04
2.413753515625000000e+04
8.771746093750000000e+04
3.980281005859375000e+03
3.963121093750000000e+03
3.338206054687500000e+03
3.894390234375000000e+04
1.049307578125000000e+05
2.229813085937500000e+04
1.133713515625000000e+05
7.551136230468750000e+03
1.064004375000000000e+06
8.100556152343750000e+03
1.032669843750000000e+05
1.554469218750000000e+05
9.409613281250000000e+03
1.598179062500000000e+05
3.634294375000000000e+05
5.971083007812500000e+03
1.662804000000000000e+06
3.699095312500000000e+05
3.135738437500000000e+05
8.725396484375000000e+03
1.603455175781250000e+04
2.998399023437500000e+04
3.413356875000000000e+05
3.789756640625000000e+04
1.384433750000000000e+06
1.281800390625000000e+05
2.116990500000000000e+06
1.748120507812500000e+04
2.567832031250000000e+05
6.892085937500000000e+03
8.599065429687500000e+03
1.987103593750000000e+05
1.653077343750000000e+05
1.418486914062500000e+04
4.859443125000000000e+05
1.489636132812500000e+04
5.827376953125000000e+03
3.750093017578125000e+03
1.005799011230468750e+03
3.411191796875000000e+04
1.446897851562500000e+04
4.412061875000000000e+05
4.565894687500000000e+05
1.742682031250000000e+04
1.030606542968750000e+04
3.719351074218750000e+03
2.470927734375000000e+04
1.052217812500000000e+05
5.079388183593750000e+03
7.821443750000000000e+05
2.386185546875000000e+04
5.406375976562500000e+03
1.170694946289062500e+03
1.028298730468750000e+04
1.073614013671875000e+03
1.223300018310546875e+02
1.434307324218750000e+04
4.388683750000000000e+05
6.360085000000000000e+05
7.305729003906250000e+03
1.239707265625000000e+05
3.457478125000000000e+04
2.694926250000000000e+06
1.755725952148437500e+03
1.143110750000000000e+06
1.256510009765625000e+02
2.771250000000000000e+05
2.482616943359375000e+03
1.643779492187500000e+04
2.075466992187500000e+04
1.944084179687500000e+04
6.213953125000000000e+03
1.954051406250000000e+05
2.444027500000000000e+05
2.005115429687500000e+04
3.545058984375000000e+04
1.424798535156250000e+04
1.891431406250000000e+05
1.433583125000000000e+05
1.956667500000000000e+06
1.253904750000000000e+06
8.042941406250000000e+04
4.725123046875000000e+04
1.516411562500000000e+05
1.556167968750000000e+03
1.333662500000000000e+04
4.894262500000000000e+05
6.408403808593750000e+03
8.734569375000000000e+05
1.479480000000000000e+05
5.141876953125000000e+04
1.334934765625000000e+04
1.762632031250000000e+04
5.677847167968750000e+03
3.076439941406250000e+03
1.664474875000000000e+06
1.445639125000000000e+06
3.340009375000000000e+04
1.744536562500000000e+05
4.401983593750000000e+04
5.470560937500000000e+04
3.410893750000000000e+06
8.439864257812500000e+03
1.287304492187500000e+04
4.453344000000000000e+06
5.646557812500000000e+04
6.306930468750000000e+04
3.155734570312500000e+04
9.876724375000000000e+05
1.991801093750000000e+05
5.761782226562500000e+03
2.411230000000000000e+06
1.783521972656250000e+03
1.100161015625000000e+05
3.769660034179687500e+02
9.630415625000000000e+04
1.904715625000000000e+04
4.293502929687500000e+03
6.515913281250000000e+04
1.640100000000000000e+05
1.937729375000000000e+05
1.537510000000000000e+06
2.926995625000000000e+05
1.331683300781250000e+04
1.591197167968750000e+04
1.018105937500000000e+06
1.898095156250000000e+05
3.489562988281250000e+03
6.272600173950195312e+01
2.184844921875000000e+04
3.825928955078125000e+03
8.027095214843750000e+03
6.400301953125000000e+04
8.392588750000000000e+05
8.261970703125000000e+03
2.623108500000000000e+06
5.600324375000000000e+05
3.001790039062500000e+03
6.104325625000000000e+05
2.795307812500000000e+05
8.497956875000000000e+05
1.029260500000000000e+06
2.157844375000000000e+05
1.377518125000000000e+05
1.271120234375000000e+05
3.247602500000000000e+05
7.050939375000000000e+05
1.431469531250000000e+04
5.411179375000000000e+05
1.030334960937500000e+03
8.529322265625000000e+03
5.570467773437500000e+03
8.189056250000000000e+05
2.819658935546875000e+03
2.162006500000000000e+06
1.406384375000000000e+04
8.137103906250000000e+04
8.970171875000000000e+03
7.352519000000000000e+06
2.104095117187500000e+04
2.147506000000000000e+06
1.371318125000000000e+05
5.767587500000000000e+04
1.078827246093750000e+04
9.228641406250000000e+04
2.346492031250000000e+05
2.928901953125000000e+04
1.949464648437500000e+04
1.806085546875000000e+04
6.174615625000000000e+05
3.503639375000000000e+05
5.990467968750000000e+04
5.752743359375000000e+04
2.674774804687500000e+04
3.074388125000000000e+05
1.745784062500000000e+05
6.151807500000000000e+05
1.593122656250000000e+05
1.172347875000000000e+06
5.064596500000000000e+06
4.279826171875000000e+04
5.899572656250000000e+04
1.375595312500000000e+05
6.121598144531250000e+03
8.186599731445312500e+02
3.515060937500000000e+04
1.725200312500000000e+05
9.045115625000000000e+04
6.578831054687500000e+03
2.116653515625000000e+04
1.356767031250000000e+05
3.643560250000000000e+06
9.577448437500000000e+04
1.208438375000000000e+06
1.688955625000000000e+05
1.656546997070312500e+03
5.341127929687500000e+03
2.546451562500000000e+04
6.804847656250000000e+04
1.990488437500000000e+05
2.479607812500000000e+05
4.255241562500000000e+05
2.807549375000000000e+05
1.055986171875000000e+05
1.717674023437500000e+04
1.655800156250000000e+05
2.208747851562500000e+04
4.864091015625000000e+04
2.028757343750000000e+05
5.702346484375000000e+04
6.435134375000000000e+05
1.440377929687500000e+04
2.340873828125000000e+04
1.739114843750000000e+04
9.007438750000000000e+05
1.166802265625000000e+05
3.094928906250000000e+04
5.131278808593750000e+03
1.084673125000000000e+06
5.165153808593750000e+03
1.829080312500000000e+05
1.484617031250000000e+05
2.378864843750000000e+04
5.637463671875000000e+04
4.291676562500000000e+05
7.256064843750000000e+04
1.607775000000000000e+05
2.076679375000000000e+06
4.844808105468750000e+03
1.364473625000000000e+06
2.488072070312500000e+04
2.096634531250000000e+05
4.984595937500000000e+05
9.926128906250000000e+04
1.107953320312500000e+04
1.220377250000000000e+06
3.139534570312500000e+04
1.255954375000000000e+05
1.547266718750000000e+05
4.169917187500000000e+04
1.382525156250000000e+05
6.001240234375000000e+03
3.214931250000000000e+06
1.756373046875000000e+03
7.103978125000000000e+05
2.082535546875000000e+04
3.555188964843750000e+03
2.735280250000000000e+06
3.929612060546875000e+03
2.032704375000000000e+06
2.190019042968750000e+03
1.564377343750000000e+04
9.965617968750000000e+04
7.184791992187500000e+03
2.650348437500000000e+04
1.128561328125000000e+05
2.049380273437500000e+04
1.445454956054687500e+03
3.704156640625000000e+04
4.763765625000000000e+05
4.493238750000000000e+05
2.630310742187500000e+04
1.647240429687500000e+04
7.505280151367187500e+02
6.872715625000000000e+04
1.353142656250000000e+05
1.026892812500000000e+05
1.735008593750000000e+04
1.012540722656250000e+04
7.988620312500000000e+04
1.329827500000000000e+05
1.646335351562500000e+04
5.562892089843750000e+03
1.864040429687500000e+04
1.812878515625000000e+04
1.006710839843750000e+04
1.959954843750000000e+05
4.272277500000000000e+05
1.088994238281250000e+04
1.725000585937500000e+04
9.991283203125000000e+03
6.370744921875000000e+04
3.766182187500000000e+05
7.694288281250000000e+04
5.375010546875000000e+04
5.535328125000000000e+03
1.102741308593750000e+04
4.735173437500000000e+04
8.018890000000000000e+05
9.827711718750000000e+04
5.215311250000000000e+05
8.172168750000000000e+05
1.091850097656250000e+04
7.574189941406250000e+03
1.959308007812500000e+04
6.788073437500000000e+04
4.714577148437500000e+03
1.834207421875000000e+04
6.277670898437500000e+03
2.462940820312500000e+04
4.662180468750000000e+04
4.875436035156250000e+03
1.997120312500000000e+05
1.559761125000000000e+06
3.418596875000000000e+04
3.473191875000000000e+05
1.076249843750000000e+05
2.363372343750000000e+05
1.068252600000000000e+07
9.371074218750000000e+03
5.567862500000000000e+04
4.454103906250000000e+04
1.304320875000000000e+06
7.704414062500000000e+03
1.098963964843750000e+04
5.081129882812500000e+03
2.002871875000000000e+04
1.229498281250000000e+05
4.494164375000000000e+05
5.240762187500000000e+05
5.538070625000000000e+05
5.695201953125000000e+04
6.657385625000000000e+05
6.296859863281250000e+03
3.713726171875000000e+04
2.768478515625000000e+04
5.244881640625000000e+04
4.255569824218750000e+03
4.687234500000000000e+06
1.470957031250000000e+03
1.543425000000000000e+04
2.243025000000000000e+04
2.246836523437500000e+04
4.418381562500000000e+05
5.740266250000000000e+05
9.737346250000000000e+05
8.520521875000000000e+04
4.500350036621093750e+02
5.449069531250000000e+04
1.713654882812500000e+04
9.871744531250000000e+04
2.777938671875000000e+04
3.795363750000000000e+05
3.011737304687500000e+04
6.120180859375000000e+04
4.117854003906250000e+03
4.784978515625000000e+04
1.557503593750000000e+05
1.313719335937500000e+04
1.164222167968750000e+04
2.487907656250000000e+05
1.211077656250000000e+05
1.066148125000000000e+05
7.284700000000000000e+05
4.159175781250000000e+03
2.410379492187500000e+04
2.142254296875000000e+04
1.853615000000000000e+05
1.258489500000000000e+06
1.304640625000000000e+04
8.123024902343750000e+03
1.944559936523437500e+02
1.582473046875000000e+04
4.757997265625000000e+04
1.648958984375000000e+04
2.773663125000000000e+05
1.126397460937500000e+04
4.227117187500000000e+05
1.376519927978515625e+02
3.595044062500000000e+05
3.356723125000000000e+05
1.314860839843750000e+04
3.184057750000000000e+06
4.989502929687500000e+03
9.445007812500000000e+03
5.790610000000000000e+05
2.806586718750000000e+04
5.774466796875000000e+03
2.651731875000000000e+05
1.577534750000000000e+06
5.480487500000000000e+04
1.026561035156250000e+04
1.904946679687500000e+04
2.728064375000000000e+05
3.870384033203125000e+03
6.615841250000000000e+05
4.188734863281250000e+03
1.300917000000000000e+06
1.615252187500000000e+05
3.398067187500000000e+04
3.225132031250000000e+04
8.044579687500000000e+04
1.676509125000000000e+06
4.682797265625000000e+04
9.387535156250000000e+04
1.349610961914062500e+03
3.154132617187500000e+04
5.190528808593750000e+03
1.912814000000000000e+06
9.346333984375000000e+03
1.043568437500000000e+05
8.420125000000000000e+05
7.414070000000000000e+05
1.154502750000000000e+06
5.219597500000000000e+05
3.654909687500000000e+05
5.460158984375000000e+04
1.265364500000000000e+06
2.207302250000000000e+06
1.517427187500000000e+05
6.729015625000000000e+04
3.502499062500000000e+05
2.639322812500000000e+05
1.501860937500000000e+04
8.889207031250000000e+03
3.390900000000000000e+04
4.502919921875000000e+04
3.838311562500000000e+05
1.227673125000000000e+05
4.435064941406250000e+03
4.237364843750000000e+04
8.109261230468750000e+03
1.160067675781250000e+04
1.137837890625000000e+04
3.685135312500000000e+05
6.119088281250000000e+04
3.930801953125000000e+04
5.041303125000000000e+05
1.537420214843750000e+04
6.137989375000000000e+05
3.965835156250000000e+04
2.633732187500000000e+05
3.228619062500000000e+05
8.732438750000000000e+05
1.388635625000000000e+05
2.014931875000000000e+05
1.435701074218750000e+04
2.805941796875000000e+04
8.475918750000000000e+05
7.200889160156250000e+03
4.198137500000000000e+04
2.211152000000000000e+06
2.106697750000000000e+06
9.634466796875000000e+03
1.983208203125000000e+04
9.338837500000000000e+04
3.651673437500000000e+05
4.048187500000000000e+05
2.569740966796875000e+03
1.453305781250000000e+05
4.362908203125000000e+04
2.252343750000000000e+04
8.512578125000000000e+04
6.176853750000000000e+05
9.713760156250000000e+04
1.621811035156250000e+03
2.844478250000000000e+06
1.406121562500000000e+05
6.855146875000000000e+04
3.335828125000000000e+05
5.432723500000000000e+06
7.368817187500000000e+04
7.908484375000000000e+05
4.427038671875000000e+04
1.070211640625000000e+05
2.927263437500000000e+05
1.027974062500000000e+05
3.692314941406250000e+03
1.387185058593750000e+03
1.170210156250000000e+05
3.942029062500000000e+05
3.018658593750000000e+04
2.756768066406250000e+03
5.271964843750000000e+03
1.670263281250000000e+05
2.760487060546875000e+03
3.262960937500000000e+03
1.104435937500000000e+04
3.976634375000000000e+04
3.732655029296875000e+03
1.778673242187500000e+04
1.225139062500000000e+05
1.736234008789062500e+03
3.259039062500000000e+04
1.473728027343750000e+04
4.653727050781250000e+03
1.420788750000000000e+06
7.256314062500000000e+04
8.980070190429687500e+02
2.197671679687500000e+04
9.082517578125000000e+03
2.143621484375000000e+04
2.819052929687500000e+04
1.498963250000000000e+06
1.289967343750000000e+05
9.091355625000000000e+05
6.220806250000000000e+05
2.435782958984375000e+03
3.109552812500000000e+05
9.736229375000000000e+05
7.412685937500000000e+04
1.675869843750000000e+05
3.228953515625000000e+04
7.728661875000000000e+05
2.077892968750000000e+04
2.123370625000000000e+05
4.022411250000000000e+05
8.171691875000000000e+05
1.919994140625000000e+04
6.232414062500000000e+03
2.251311718750000000e+04
7.259088281250000000e+04
8.434724375000000000e+05
1.948378125000000000e+04
1.017331900000000000e+07
1.998452625000000000e+06
1.662955468750000000e+04
5.025125000000000000e+03
3.745578500000000000e+06
8.879073437500000000e+04
1.833523828125000000e+04
2.477538750000000000e+05
2.550469843750000000e+05
1.774910000000000000e+05
2.026413750000000000e+05
3.262985107421875000e+03
2.537767750000000000e+06
2.023197656250000000e+04
2.722587750000000000e+06
7.457626953125000000e+03
6.003310625000000000e+05
2.860659765625000000e+04
1.407466718750000000e+05
4.299161718750000000e+04
1.304066171875000000e+05
1.291646718750000000e+05
1.854050468750000000e+05
3.359623046875000000e+04
1.166520875000000000e+06
2.571486914062500000e+04
1.803555937500000000e+05
2.598605078125000000e+04
1.260290136718750000e+04
2.828550109863281250e+02
1.211588437500000000e+05
2.483200250000000000e+06
2.305511093750000000e+05
1.712877539062500000e+04
1.861196562500000000e+05
5.288833984375000000e+03
5.852893500000000000e+06
6.963297656250000000e+04
1.029921875000000000e+04
9.026185937500000000e+04
6.854470214843750000e+02
1.040286937500000000e+06
4.901860312500000000e+05
1.326153437500000000e+05
9.978575781250000000e+04
1.684025312500000000e+05
4.433455468750000000e+04
4.464875312500000000e+05
8.714253750000000000e+05
4.892588671875000000e+04
1.639771562500000000e+05
1.176310781250000000e+05
6.406413281250000000e+04
5.527593750000000000e+04
2.266137031250000000e+05
9.614163125000000000e+05
2.747541992187500000e+03
1.210726562500000000e+04
6.784411718750000000e+04
1.361241093750000000e+05
6.043434375000000000e+04
3.415223046875000000e+04
2.405617187500000000e+04
7.406403125000000000e+04
2.373764257812500000e+04
1.923835351562500000e+04
2.045642944335937500e+03
1.495682226562500000e+04
2.349386962890625000e+03
5.136261562500000000e+05
4.080199687500000000e+05
7.556907226562500000e+03
1.683075625000000000e+06
4.602513183593750000e+03
3.000235500000000000e+06
2.374054843750000000e+05
5.094179062500000000e+05
7.940993164062500000e+03
1.641883593750000000e+04
9.964945312500000000e+04
7.690976074218750000e+03
2.625803437500000000e+05
1.091712109375000000e+04
3.904840087890625000e+02
2.201271972656250000e+03
8.222574218750000000e+03
5.909579687500000000e+04
2.818964062500000000e+04
2.513967343750000000e+05
2.913387109375000000e+04
4.283757187500000000e+05
5.002672500000000000e+05
6.195412500000000000e+05
5.750230957031250000e+03
2.823092382812500000e+04
1.295946972656250000e+04
3.118532421875000000e+04
1.967888593750000000e+05
7.225653906250000000e+04
1.661617031250000000e+05
1.623453417968750000e+04
2.551625312500000000e+05
4.240404062500000000e+05
5.091557421875000000e+04
4.576069824218750000e+03
7.478104375000000000e+05
3.156476562500000000e+04
2.311997265625000000e+04
2.929396250000000000e+05
2.055922460937500000e+04
9.661423437500000000e+04
8.674456875000000000e+05
1.111673515625000000e+05
8.073680000000000000e+05
2.858689648437500000e+04
1.032907958984375000e+03
6.572048750000000000e+05
1.517051953125000000e+04
3.703246093750000000e+03
2.588805078125000000e+04
7.061067871093750000e+03
1.009764687500000000e+06
5.184267812500000000e+05
2.911916992187500000e+03
1.236906640625000000e+04
9.031356250000000000e+05
4.179689453125000000e+04
1.669014843750000000e+04
2.501239843750000000e+04
7.061814375000000000e+05
1.260268625000000000e+06
7.104953906250000000e+04
2.232985156250000000e+05
1.128068875000000000e+06
2.003923046875000000e+04
1.015099531250000000e+05
1.877994140625000000e+04
2.264750976562500000e+03
4.960274902343750000e+03
1.211710875000000000e+06
1.428756542968750000e+04
9.870198242187500000e+03
1.042606812500000000e+06
6.601700781250000000e+04
1.851592500000000000e+05
1.955421289062500000e+04
1.325230468750000000e+04
1.697888671875000000e+04
5.924499893188476562e+01
5.122758000000000000e+06
6.571697500000000000e+05
1.143761962890625000e+03
4.895250312500000000e+05
1.002924609375000000e+05
4.908269921875000000e+04
1.056883515625000000e+05
1.570134570312500000e+04
9.390797851562500000e+03
1.389733789062500000e+04
2.544915312500000000e+05
6.479872656250000000e+04
8.021244531250000000e+04
8.543040625000000000e+04
2.942350097656250000e+03
2.772837890625000000e+03
3.759124609375000000e+04
1.259938085937500000e+04
1.294438964843750000e+03
3.988215234375000000e+04
3.046836914062500000e+04
1.037039257812500000e+04
2.389753750000000000e+05
1.347326562500000000e+04
9.008578125000000000e+03
1.461739959716796875e+02
1.301912963867187500e+03
8.666964062500000000e+04
1.644649218750000000e+05
1.096551718750000000e+05
3.137453906250000000e+04
2.469457250000000000e+06
9.118947656250000000e+04
2.383812304687500000e+04
6.371058593750000000e+04
1.003430023193359375e+02
8.778699218750000000e+04
4.527312988281250000e+03
1.901196679687500000e+04
8.837377929687500000e+03
3.381561035156250000e+03
6.525545703125000000e+04
7.021921875000000000e+05
6.691507031250000000e+04
1.660995625000000000e+06
5.597215000000000000e+05
5.993077734375000000e+04
3.236313750000000000e+05
1.082791503906250000e+04
3.126118164062500000e+04
2.445501367187500000e+04
1.958921484375000000e+04
2.647474609375000000e+04
3.883997500000000000e+05
2.429567750000000000e+06
4.382167000000000000e+06
2.529500781250000000e+04
2.228610625000000000e+05
1.667942968750000000e+05
1.151976796875000000e+05
5.794922500000000000e+05
1.005590312500000000e+05
6.494784375000000000e+05
7.344841875000000000e+05
1.588691406250000000e+05
1.903173250000000000e+06
3.872907812500000000e+05
1.840603750000000000e+05
4.969961328125000000e+04
6.739961914062500000e+03
6.575494375000000000e+05
2.852264687500000000e+05
2.608977539062500000e+04
4.846891796875000000e+04
3.542782958984375000e+03
2.226479949951171875e+02
1.174479296875000000e+05
4.332095214843750000e+03
2.243704687500000000e+04
1.557379500000000000e+06
8.229920312500000000e+04
6.844999790191650391e+00
1.659041093750000000e+05
1.057954750000000000e+06
1.318797070312500000e+04
1.558882226562500000e+04
1.199567968750000000e+05
2.207366250000000000e+06
3.385630468750000000e+04
2.351937988281250000e+03
6.776071875000000000e+04
9.984977343750000000e+04
6.691685000000000000e+05
5.695195312500000000e+04
3.882924687500000000e+05
5.650516406250000000e+04
3.602115500000000000e+06
9.810737500000000000e+05
1.663046375000000000e+06
1.230697500000000000e+05
3.750720703125000000e+04
3.144067187500000000e+04
2.715692578125000000e+04
2.052028515625000000e+04
1.692229101562500000e+04
6.521748828125000000e+04
2.631144042968750000e+03
7.328742500000000000e+05
4.953816406250000000e+04
8.253778125000000000e+05
2.323765312500000000e+05
2.390613281250000000e+05
1.433430468750000000e+05
9.725060625000000000e+05
1.828588989257812500e+03
1.434499023437500000e+03
1.631958375000000000e+06
1.562264257812500000e+04
9.267731250000000000e+04
1.193858789062500000e+04
1.504172265625000000e+04
3.184270312500000000e+04
1.172279492187500000e+04
8.578210625000000000e+05
3.902864843750000000e+04
8.791323242187500000e+03
7.523943125000000000e+05
1.889219970703125000e+03
1.118409453125000000e+05
8.929031875000000000e+05
5.674483886718750000e+03
1.668125976562500000e+03
1.357064125000000000e+06
2.708317773437500000e+04
3.948628750000000000e+05
4.751396093750000000e+04
1.913759765625000000e+04
4.748775937500000000e+05
1.077230312500000000e+05
4.406872656250000000e+04
1.190120019531250000e+04
3.128318359375000000e+04
4.760639687500000000e+05
6.465301757812500000e+03
2.077322070312500000e+04
1.098171875000000000e+05
2.079253750000000000e+05
2.892789687500000000e+05
7.375160156250000000e+04
3.546570068359375000e+03
5.655560302734375000e+02
1.933905078125000000e+04
5.261171484375000000e+04
1.397929992675781250e+02
7.846950073242187500e+02
6.437785156250000000e+03
4.342678515625000000e+04
3.328419062500000000e+05
3.828907031250000000e+04
4.449760546875000000e+04
2.263912500000000000e+05
1.003125234375000000e+05
1.428965722656250000e+04
1.464679101562500000e+04
6.081175000000000000e+04
3.972581250000000000e+05
2.225842187500000000e+05
1.412572851562500000e+04
9.039350000000000000e+04
2.826877734375000000e+04
5.261771093750000000e+04
1.111484250000000000e+06
3.311275878906250000e+03
2.257405156250000000e+05
1.218977343750000000e+05
3.599426025390625000e+03
5.057014453125000000e+04
2.722665312500000000e+05
6.338153750000000000e+05
4.374153906250000000e+04
2.847429062500000000e+05
4.072340000000000000e+05
1.601718625000000000e+06
1.668789062500000000e+04
4.950975097656250000e+03
6.468114453125000000e+04
1.098487060546875000e+03
3.508895625000000000e+05
4.299915937500000000e+05
6.241005468750000000e+04
1.831255312500000000e+05
6.826306152343750000e+03
1.097971484375000000e+05
1.356565820312500000e+04
5.284860000000000000e+05
1.678582500000000000e+05
2.181909179687500000e+04
2.435096875000000000e+04
1.941988281250000000e+04
7.737219848632812500e+02
1.599565234375000000e+04
4.700631835937500000e+03
2.861192500000000000e+06
2.368339648437500000e+04
3.513041015625000000e+03
1.107338125000000000e+05
7.360168750000000000e+04
