2.766999959945678711e+00
8.795999526977539062e+00
8.206000328063964844e+00
3.656299972534179688e+01
1.224699974060058594e+01
2.028000116348266602e+00
3.066999912261962891e+00
5.368899917602539062e+01
4.737999916076660156e+00
2.443000078201293945e+00
1.171700000762939453e+01
2.369400024414062500e+01
3.275000095367431641e+00
2.135400009155273438e+01
2.076499938964843750e+01
5.064000129699707031e+00
7.956900024414062500e+01
2.264999961853027344e+01
1.784000039100646973e+00
1.117199993133544922e+01
3.293899917602539062e+01
3.177000045776367188e+00
3.115999937057495117e+00
2.923100090026855469e+01
7.201000213623046875e+00
2.335199928283691406e+01
7.370999813079833984e+00
7.403500366210937500e+01
7.077000141143798828e+00
1.452900028228759766e+01
2.213000059127807617e+00
1.476700019836425781e+01
9.008999824523925781e+00
2.641999959945678711e+00
2.584000110626220703e+00
1.146000027656555176e+00
2.306699943542480469e+01
4.073999881744384766e+00
6.021999835968017578e+00
1.435999989509582520e+00
1.201500034332275391e+01
2.388599967956542969e+01
1.377600002288818359e+01
3.279999971389770508e+00
1.081799983978271484e+01
6.630999755859375000e+01
7.070000171661376953e+00
2.259199905395507812e+01
1.100300025939941406e+01
8.074000358581542969e+00
1.222799968719482422e+01
1.372999954223632812e+01
2.192499923706054688e+01
2.486100006103515625e+01
1.036000013351440430e+00
3.099999904632568359e+00
6.007999897003173828e+00
7.512000083923339844e+00
5.892000198364257812e+00
4.280000209808349609e+00
2.940000057220458984e+00
5.749000072479248047e+00
7.425000190734863281e+00
5.718999862670898438e+00
6.989999771118164062e+00
2.684999942779541016e+00
1.241999983787536621e+00
9.939999580383300781e+00
3.635999917984008789e+00
8.015000343322753906e+00
1.038700008392333984e+01
1.812000036239624023e+00
9.967000007629394531e+00
3.299999952316284180e+00
4.487200164794921875e+01
3.421500015258789062e+01
4.872399902343750000e+01
3.937000036239624023e+00
9.060000419616699219e+00
1.476200008392333984e+01
2.208200073242187500e+01
1.473200035095214844e+01
6.255500030517578125e+01
2.213999986648559570e+00
6.112999916076660156e+00
1.160499954223632812e+01
1.758499908447265625e+01
3.447999954223632812e+00
8.725000381469726562e+00
4.110000133514404297e-01
1.422599983215332031e+01
1.384399986267089844e+01
2.059000015258789062e+00
6.037000179290771484e+00
1.172700023651123047e+01
3.594800186157226562e+01
7.879999876022338867e-01
9.538000106811523438e+00
1.230500030517578125e+01
1.029699993133544922e+01
6.653999805450439453e+00
5.260000228881835938e+00
6.677999973297119141e+00
8.711999893188476562e+00
5.939999818801879883e-01
4.594999790191650391e+00
6.138999938964843750e+00
3.648199844360351562e+01
1.419999980926513672e+01
5.156700134277343750e+01
8.930999755859375000e+00
6.261000156402587891e+00
3.789199829101562500e+01
2.237500000000000000e+01
2.298000097274780273e+00
3.709700012207031250e+01
4.914000034332275391e+00
1.033899974822998047e+01
8.510000228881835938e+00
1.572399997711181641e+01
1.472000002861022949e+00
1.739100074768066406e+01
1.911999940872192383e+00
3.897600173950195312e+01
5.485000133514404297e+00
1.012100028991699219e+01
2.667000055313110352e+00
1.578999996185302734e+00
8.635000228881835938e+00
5.266199874877929688e+01
2.992000102996826172e+00
3.987099838256835938e+01
3.546999931335449219e+00
3.496999979019165039e+00
6.157000064849853516e+00
7.720700073242187500e+01
2.032999992370605469e+00
8.086000442504882812e+00
3.471999883651733398e+00
1.144999980926513672e+01
4.276999950408935547e+00
7.964000225067138672e+00
5.709999799728393555e-01
1.160400009155273438e+01
1.284099960327148438e+01
3.270800018310546875e+01
1.146700000762939453e+01
2.513100051879882812e+01
6.054999828338623047e+00
1.455500030517578125e+01
2.405999898910522461e+00
1.424100017547607422e+01
1.151200008392333984e+01
1.171000003814697266e+00
1.340999960899353027e+00
1.745599937438964844e+01
7.718999862670898438e+00
4.638999938964843750e+00
2.293999910354614258e+00
5.827000141143798828e+00
1.264000058174133301e+00
8.786000251770019531e+00
1.097799968719482422e+01
1.182999992370605469e+01
1.166600036621093750e+01
1.303299999237060547e+01
3.163000106811523438e+00
3.305999994277954102e+00
8.360000252723693848e-01
1.557999968528747559e+00
1.774000048637390137e+00
2.135600090026855469e+01
5.107999801635742188e+00
4.350999832153320312e+00
5.210999965667724609e+00
3.550600051879882812e+01
3.601999998092651367e+00
1.039299964904785156e+01
1.498999977111816406e+01
8.244999885559082031e+00
2.259000062942504883e+00
2.207200050354003906e+01
2.917700004577636719e+01
4.285300064086914062e+01
3.680699920654296875e+01
1.743199920654296875e+01
1.876999974250793457e+00
1.980200004577636719e+01
1.601999998092651367e+00
1.770299911499023438e+01
4.699999809265136719e+00
3.092000007629394531e+00
2.649999856948852539e-01
1.674500083923339844e+01
2.377599906921386719e+01
4.911000061035156250e+01
3.532500076293945312e+01
9.821999549865722656e+00
1.347099971771240234e+01
5.746599960327148438e+01
1.813299942016601562e+01
7.936999797821044922e+00
7.216000080108642578e+00
5.331999778747558594e+00
5.065999984741210938e+00
2.284499931335449219e+01
9.411999702453613281e+00
4.122000217437744141e+00
4.535999774932861328e+00
2.111599922180175781e+01
4.347000122070312500e+00
4.354899978637695312e+01
3.681999921798706055e+00
2.466000080108642578e+00
3.687000036239624023e+00
1.646000027656555176e+00
3.599800109863281250e+01
1.860999941825866699e+00
2.125699996948242188e+01
2.173000097274780273e+00
2.459000110626220703e+00
4.021999835968017578e+00
1.621999979019165039e+00
1.600300025939941406e+01
2.416300010681152344e+01
7.747000217437744141e+00
2.500300025939941406e+01
1.404000043869018555e+00
5.400000095367431641e+00
6.914000034332275391e+00
1.775799942016601562e+01
1.749300003051757812e+01
2.245199966430664062e+01
1.481000041961669922e+01
2.049000024795532227e+00
7.421999931335449219e+00
1.114799976348876953e+01
1.598000049591064453e+00
2.248500061035156250e+01
1.427700042724609375e+01
1.436600017547607422e+01
1.437600040435791016e+01
9.240000247955322266e-01
8.058699798583984375e+01
1.021199989318847656e+01
2.076899909973144531e+01
3.512699890136718750e+01
9.200000166893005371e-01
8.140000343322753906e+00
1.135700035095214844e+01
4.448999881744384766e+00
1.227299976348876953e+01
4.241400146484375000e+01
1.866799926757812500e+01
1.207100009918212891e+01
6.514999866485595703e+00
5.695000171661376953e+00
3.378999948501586914e+00
2.560600090026855469e+01
3.165999889373779297e+00
2.920000076293945312e+00
1.312800025939941406e+01
9.659999847412109375e+00
2.151899909973144531e+01
2.727599906921386719e+01
9.670000076293945312e-01
5.899000167846679688e+00
3.220000028610229492e+00
1.504399967193603516e+01
1.243999958038330078e+00
5.169000148773193359e+00
5.966000080108642578e+00
4.657099914550781250e+01
3.970600128173828125e+01
3.167000055313110352e+00
7.344999790191650391e+00
4.767000198364257812e+00
1.229300022125244141e+01
7.541000366210937500e+01
2.747699928283691406e+01
1.565000057220458984e+00
4.527999877929687500e+00
1.467800045013427734e+01
3.015000104904174805e+00
6.407000064849853516e+00
1.256900024414062500e+01
2.687999963760375977e+00
9.260999679565429688e+00
5.439000129699707031e+00
3.780999898910522461e+00
3.800299835205078125e+01
1.064999961853027344e+01
8.647999763488769531e+00
6.953999996185302734e+00
1.684999942779541016e+00
6.420000195503234863e-01
8.574000358581542969e+00
9.196999549865722656e+00
1.901199913024902344e+01
5.401999950408935547e+00
2.874200057983398438e+01
2.134399986267089844e+01
1.536999940872192383e+00
1.368999958038330078e+01
5.679999828338623047e+00
2.782999992370605469e+00
3.180999994277954102e+00
9.697999954223632812e+00
3.290000152587890625e+01
2.756399917602539062e+01
3.947999954223632812e+01
1.797900009155273438e+01
1.471300029754638672e+01
6.943999767303466797e+00
4.675000190734863281e+00
2.294599914550781250e+01
1.035299968719482422e+01
1.328179931640625000e+02
4.782000064849853516e+00
1.534099960327148438e+01
9.090000152587890625e+00
7.603000164031982422e+00
2.453899955749511719e+01
5.750000000000000000e+00
2.535000085830688477e+00
1.465999960899353027e+00
5.998000144958496094e+00
5.005000114440917969e+00
3.687999963760375977e+00
5.119999885559082031e+00
5.421400070190429688e+01
1.974399948120117188e+01
5.482999801635742188e+00
4.684000015258789062e+00
1.089500045776367188e+01
4.696200180053710938e+01
6.699999809265136719e+00
3.707999944686889648e+00
1.027499961853027344e+01
2.911999940872192383e+00
6.545000076293945312e+00
1.942000031471252441e+00
4.685400009155273438e+01
8.043800354003906250e+01
1.523600006103515625e+01
4.518799972534179688e+01
5.223999977111816406e+00
8.928999900817871094e+00
3.099099922180175781e+01
3.087899971008300781e+01
1.854800033569335938e+01
2.169899940490722656e+01
1.633000016212463379e+00
3.128999948501586914e+00
3.802600097656250000e+01
9.057999610900878906e+00
4.985900115966796875e+01
8.388999938964843750e+00
4.508399963378906250e+01
7.342000007629394531e+00
8.862000465393066406e+00
8.536999702453613281e+00
2.107000112533569336e+00
1.023000001907348633e+00
2.619599914550781250e+01
1.955400085449218750e+01
4.002999782562255859e+00
2.947599983215332031e+01
2.487899971008300781e+01
2.224799919128417969e+01
1.942399978637695312e+01
3.333599853515625000e+01
8.913999557495117188e+00
2.012400054931640625e+01
1.779599952697753906e+01
6.802999973297119141e+00
4.482999801635742188e+00
2.246000051498413086e+00
2.315999984741210938e+00
1.082600021362304688e+01
3.424999952316284180e+00
4.386000061035156250e+01
2.092999935150146484e+00
5.110000133514404297e+00
6.259999871253967285e-01
5.007999897003173828e+00
1.542500019073486328e+01
9.120000004768371582e-01
6.734000205993652344e+00
3.884000062942504883e+00
4.865299987792968750e+01
5.708900070190429688e+01
2.046599960327148438e+01
6.067900085449218750e+01
1.836700057983398438e+01
1.446800041198730469e+01
2.152099990844726562e+01
2.805999946594238281e+01
5.217000007629394531e+00
2.542399978637695312e+01
1.133600044250488281e+01
1.430399990081787109e+01
5.534999847412109375e+00
2.352999925613403320e+00
1.738000035285949707e+00
6.594499969482421875e+01
1.419000029563903809e+00
1.050300025939941406e+01
1.697200012207031250e+01
5.730000138282775879e-01
3.702399826049804688e+01
2.237199974060058594e+01
2.487800025939941406e+01
4.475999832153320312e+00
3.131000041961669922e+00
4.196000099182128906e+00
9.574999809265136719e+00
2.344199943542480469e+01
8.656999588012695312e+00
1.538399982452392578e+01
5.776000022888183594e+00
4.171999931335449219e+00
1.066300010681152344e+01
3.043400001525878906e+01
2.071000099182128906e+00
4.747000217437744141e+00
7.020000219345092773e-01
1.016000032424926758e+00
1.394000053405761719e+00
3.272800064086914062e+01
2.632900047302246094e+01
4.314099884033203125e+01
2.226000070571899414e+00
7.869999885559082031e+00
1.539999961853027344e+00
4.270399856567382812e+01
7.001999855041503906e+00
2.086300086975097656e+01
5.334000110626220703e+00
1.430000019073486328e+01
1.672999978065490723e+00
3.189100074768066406e+01
6.584000110626220703e+00
4.414899826049804688e+01
3.639400100708007812e+01
4.697000026702880859e+00
9.969999790191650391e-01
5.199999809265136719e+00
5.734000205993652344e+00
8.524999618530273438e+00
1.674500083923339844e+01
1.708600044250488281e+01
3.729899978637695312e+01
5.182000160217285156e+00
2.252000093460083008e+00
3.463999986648559570e+00
5.917699813842773438e+01
2.816500091552734375e+01
3.207000017166137695e+00
2.361000061035156250e+00
3.762000083923339844e+00
1.138000011444091797e+00
4.021999835968017578e+00
4.061999797821044922e+00
1.555900001525878906e+01
1.200399971008300781e+01
1.361999988555908203e+00
5.668000221252441406e+00
3.144000053405761719e+00
3.942100143432617188e+01
1.708300018310546875e+01
1.159000039100646973e+00
4.265999794006347656e+00
1.181999969482421875e+01
1.230099964141845703e+01
3.533999919891357422e+00
1.680390014648437500e+02
2.660000026226043701e-01
1.263099956512451172e+01
2.070999908447265625e+01
1.719700050354003906e+01
2.909700012207031250e+01
9.219999909400939941e-01
7.139800262451171875e+01
3.829999923706054688e+00
1.472000002861022949e+00
4.090000152587890625e+00
7.512000083923339844e+00
7.888000011444091797e+00
4.886299896240234375e+01
1.259999990463256836e+00
1.264999985694885254e+00
2.708600044250488281e+01
1.493000030517578125e+00
1.526399993896484375e+01
1.133199977874755859e+01
2.365399932861328125e+01
3.523000001907348633e+00
3.205400085449218750e+01
1.638000011444091797e+00
9.720999717712402344e+00
7.730000019073486328e-01
2.525000095367431641e+00
1.604500007629394531e+01
3.323999881744384766e+00
1.718000054359436035e+00
1.611100006103515625e+01
4.247000217437744141e+00
6.041999816894531250e+00
1.102900028228759766e+01
4.405000209808349609e+00
5.315000057220458984e+00
1.287100028991699219e+01
9.774999618530273438e+00
2.819999933242797852e+00
1.444799995422363281e+01
1.380200004577636719e+01
7.950000166893005371e-01
6.719999790191650391e+00
9.739999771118164062e-01
1.613500022888183594e+01
4.820000171661376953e+00
3.351000070571899414e+00
4.704800033569335938e+01
1.979999923706054688e+01
3.160799980163574219e+01
6.301000118255615234e+00
4.729000091552734375e+00
1.164999961853027344e+00
2.082000017166137695e+00
3.799000167846679688e+01
6.711999893188476562e+00
2.066999912261962891e+00
4.008999824523925781e+00
1.294999980926513672e+01
9.902000427246093750e+00
1.188300037384033203e+01
3.384500122070312500e+01
3.391899871826171875e+01
3.946300125122070312e+01
8.831999778747558594e+00
1.381700038909912109e+01
3.371789855957031250e+02
2.860600090026855469e+01
7.811999797821044922e+00
2.254599952697753906e+01
6.700000166893005371e-01
1.526000022888183594e+00
3.079999923706054688e+00
1.996999979019165039e+00
1.898000001907348633e+00
4.546799850463867188e+01
2.990800094604492188e+01
8.360000252723693848e-01
3.654600143432617188e+01
7.448999881744384766e+00
2.108999967575073242e+00
2.161199951171875000e+01
1.241999983787536621e+00
8.548999786376953125e+00
3.121699905395507812e+01
8.536000251770019531e+00
4.819999933242797852e-01
1.272599983215332031e+01
2.321699905395507812e+01
1.536999940872192383e+00
2.388999938964843750e+00
9.489000320434570312e+00
1.731999993324279785e+00
4.896999835968017578e+00
8.267000198364257812e+00
1.118999958038330078e+01
3.622999906539916992e+00
9.449000358581542969e+00
3.488399887084960938e+01
2.165999889373779297e+00
2.130000114440917969e+00
1.543099975585937500e+01
7.198999881744384766e+00
1.538000011444091797e+01
5.921000003814697266e+00
3.483999967575073242e+00
6.800000071525573730e-01
2.684199905395507812e+01
1.062600040435791016e+01
3.142600059509277344e+01
7.629699707031250000e+01
5.246599960327148438e+01
2.111999988555908203e+00
1.331000041961669922e+01
2.766999959945678711e+00
4.387000083923339844e+00
1.435400009155273438e+01
7.711999893188476562e+00
8.517000198364257812e+00
2.253899955749511719e+01
7.573400115966796875e+01
7.382999897003173828e+00
2.378999948501586914e+00
6.912000179290771484e+00
1.776899909973144531e+01
2.635899925231933594e+01
3.077099990844726562e+01
3.181999969482421875e+01
2.487999916076660156e+00
4.707400131225585938e+01
1.371700000762939453e+01
6.444799804687500000e+01
1.057149963378906250e+02
2.369999885559082031e+00
8.059999942779541016e-01
5.362999916076660156e+00
5.702000141143798828e+00
1.722500038146972656e+01
3.357000112533569336e+00
8.560999870300292969e+00
1.107199954986572266e+01
3.117300033569335938e+01
5.951000213623046875e+00
1.754700088500976562e+01
4.519999980926513672e+00
4.256000041961669922e+00
5.221000194549560547e+00
2.949099922180175781e+01
2.022000074386596680e+00
8.036000251770019531e+00
1.587300014495849609e+01
2.232699966430664062e+01
4.154399871826171875e+01
1.545499992370605469e+01
1.441600036621093750e+01
7.889999747276306152e-01
4.148099899291992188e+01
2.346999883651733398e+00
9.950000047683715820e-01
2.230800056457519531e+01
2.389999961853027344e+01
2.186400032043457031e+01
2.217000007629394531e+00
5.170000076293945312e+00
6.090000271797180176e-01
8.210000038146972656e+00
1.868700027465820312e+01
9.692999839782714844e+00
1.822100067138671875e+01
2.805000066757202148e+00
5.671099853515625000e+01
3.355799865722656250e+01
4.407999992370605469e+00
5.445899963378906250e+01
7.117000102996826172e+00
1.396000027656555176e+00
5.280000209808349609e+00
2.411999940872192383e+00
1.954199981689453125e+01
8.389999866485595703e-01
2.999600028991699219e+01
9.089999794960021973e-01
3.285000085830688477e+00
1.218900012969970703e+01
1.030300045013427734e+01
1.310099983215332031e+01
6.300799942016601562e+01
6.698999881744384766e+00
1.314000010490417480e+00
1.025199985504150391e+01
2.101999998092651367e+00
5.616000175476074219e+00
1.921699905395507812e+01
1.399800014495849609e+01
3.548000097274780273e+00
1.038899993896484375e+01
1.473799991607666016e+01
1.213599967956542969e+01
5.171999931335449219e+00
4.810999870300292969e+00
1.393000030517578125e+01
2.749500083923339844e+01
4.153799819946289062e+01
6.118999958038330078e+00
3.659999966621398926e-01
6.428999900817871094e+00
2.108000040054321289e+00
1.904999971389770508e+00
2.546999931335449219e+00
2.555999994277954102e+00
2.878000020980834961e+00
4.289999961853027344e+00
6.784400177001953125e+01
8.269000053405761719e+00
2.316399955749511719e+01
4.211999893188476562e+00
1.595800018310546875e+01
2.076000022888183594e+01
6.802999973297119141e+00
1.755699920654296875e+01
3.782000064849853516e+00
4.972800064086914062e+01
4.887099838256835938e+01
2.695299911499023438e+01
1.127700042724609375e+01
2.040299987792968750e+01
2.154599952697753906e+01
2.126000022888183594e+01
7.708000183105468750e+00
1.930999946594238281e+01
1.891399955749511719e+01
2.106299972534179688e+01
7.297999858856201172e+00
5.264199829101562500e+01
3.039000034332275391e+00
4.330099868774414062e+01
3.687699890136718750e+01
7.185999870300292969e+00
2.270999908447265625e+00
3.087899971008300781e+01
2.180100059509277344e+01
4.111000061035156250e+00
6.814000129699707031e+00
1.156599998474121094e+01
1.759199905395507812e+01
4.223000049591064453e+00
3.872100067138671875e+01
1.957000017166137695e+00
1.274000048637390137e+00
3.745999908447265625e+01
2.240999937057495117e+00
2.851799964904785156e+01
3.753000020980834961e+00
4.651999950408935547e+00
2.077599906921386719e+01
4.565000057220458984e+00
7.399000167846679688e+00
8.885000228881835938e+00
1.275399971008300781e+01
2.706999969482421875e+01
2.067200088500976562e+01
5.823600006103515625e+01
3.246500015258789062e+01
1.685600090026855469e+01
3.667900085449218750e+01
2.980000019073486328e+00
7.467000007629394531e+00
7.147999763488769531e+00
6.828999996185302734e+00
6.102000236511230469e+00
4.859000205993652344e+00
3.963000059127807617e+00
4.815399932861328125e+01
8.734000205993652344e+00
2.315999984741210938e+00
2.116300010681152344e+01
6.410999774932861328e+00
4.940999984741210938e+00
2.628999948501586914e+00
2.139699935913085938e+01
3.156500053405761719e+01
4.294000148773193359e+00
3.004800033569335938e+01
1.987500000000000000e+01
1.988000035285949707e+00
9.314000129699707031e+00
3.082000017166137695e+00
1.819000005722045898e+00
5.257999897003173828e+00
1.312100028991699219e+01
1.419000029563903809e+00
1.626300048828125000e+01
1.209399986267089844e+01
3.203000068664550781e+00
9.259999990463256836e-01
2.112899971008300781e+01
2.844300079345703125e+01
4.915999889373779297e+00
1.084099960327148438e+01
3.838000106811523438e+01
1.306499958038330078e+01
5.258999824523925781e+00
1.731599998474121094e+01
2.161700057983398438e+01
2.572200012207031250e+01
2.137299919128417969e+01
1.035799980163574219e+01
2.607000112533569336e+00
1.508899974822998047e+01
1.202999949455261230e+00
3.012000083923339844e+00
5.227000236511230469e+00
5.847000122070312500e+00
2.921999931335449219e+01
9.305000305175781250e+01
2.545000076293945312e+00
3.348999977111816406e+00
1.583999991416931152e+00
5.617000102996826172e+00
2.444000005722045898e+00
8.871000289916992188e+00
1.963800048828125000e+01
1.717600059509277344e+01
1.786000013351440430e+00
2.161100006103515625e+01
1.622599983215332031e+01
1.240999984741210938e+01
4.623000144958496094e+00
2.046899986267089844e+01
3.025000095367431641e+00
1.754899978637695312e+01
1.108999967575073242e+00
1.728999972343444824e+00
5.694800186157226562e+01
2.665900039672851562e+01
1.328899955749511719e+01
8.344499969482421875e+01
4.163299942016601562e+01
2.260999917984008789e+00
1.920100021362304688e+01
1.289000034332275391e+01
2.037800025939941406e+01
3.348799896240234375e+01
1.908099937438964844e+01
1.163000011444091797e+01
8.878999710083007812e+00
1.012100028991699219e+01
2.065000057220458984e+00
7.888999938964843750e+00
1.764999985694885254e+00
1.491999983787536621e+00
2.574099922180175781e+01
2.299999952316284180e+00
1.323999977111816406e+01
6.693999767303466797e+00
7.927000045776367188e+00
9.826000213623046875e+00
2.430000066757202148e+00
1.342399978637695312e+01
5.935699844360351562e+01
6.284999847412109375e+00
1.027990036010742188e+02
8.062999725341796875e+00
2.917999982833862305e+00
1.005599975585937500e+01
9.860000014305114746e-01
4.757300186157226562e+01
1.343400001525878906e+01
1.930200004577636719e+01
3.052000045776367188e+00
1.240400028228759766e+01
3.160000085830688477e+00
1.029899978637695312e+01
1.248000025749206543e+00
3.676000118255615234e+00
1.219900035858154297e+01
7.927999973297119141e+00
5.748000144958496094e+00
2.690000057220458984e+00
9.366000175476074219e+00
2.378000020980834961e+00
8.663000106811523438e+00
1.738999962806701660e+00
2.047699928283691406e+01
7.205999851226806641e+00
4.243500137329101562e+01
5.596000194549560547e+00
3.518700027465820312e+01
6.798999786376953125e+00
4.364999771118164062e+00
5.400899887084960938e+01
1.455900001525878906e+01
4.412000179290771484e+00
5.619900131225585938e+01
1.177900028228759766e+01
1.409099960327148438e+01
6.652999877929687500e+00
1.123410034179687500e+02
8.920999526977539062e+00
1.147399997711181641e+01
8.972999572753906250e+00
2.319000005722045898e+00
4.449999809265136719e+00
3.114000082015991211e+00
2.521899986267089844e+01
2.737400054931640625e+01
2.630400085449218750e+01
1.909000015258789062e+01
2.236800003051757812e+01
1.182999992370605469e+01
2.979999923706054688e+01
3.927700042724609375e+01
3.355400085449218750e+01
3.188999891281127930e+00
9.270999908447265625e+00
1.688100051879882812e+01
1.437800025939941406e+01
1.695999979972839355e+00
2.476700019836425781e+01
1.701519927978515625e+02
2.954199981689453125e+01
8.398300170898437500e+01
3.497999906539916992e+00
5.375000000000000000e+00
5.821000099182128906e+00
4.653200149536132812e+01
2.046999931335449219e+00
1.679400062561035156e+01
1.547799968719482422e+01
1.117899990081787109e+01
3.785000085830688477e+00
7.826000213623046875e+00
2.159700012207031250e+01
2.711999893188476562e+00
2.809999942779541016e+00
2.523000001907348633e+00
3.460999965667724609e+00
2.949099922180175781e+01
7.396999835968017578e+00
3.198999881744384766e+00
5.366000175476074219e+00
1.480399990081787109e+01
4.110000133514404297e+00
4.914899826049804688e+01
9.217000007629394531e+00
6.981999874114990234e+00
1.087000012397766113e+00
6.403999805450439453e+00
8.770000457763671875e+00
3.349900054931640625e+01
4.206499862670898438e+01
8.571999549865722656e+00
2.082099914550781250e+01
1.580500030517578125e+01
4.133999824523925781e+00
6.797999858856201172e+00
8.790000081062316895e-01
7.425700378417968750e+01
1.617700004577636719e+01
5.162000179290771484e+00
1.612999916076660156e+01
5.222999954223632812e+01
6.203000068664550781e+00
3.642200088500976562e+01
2.661999940872192383e+00
1.435999989509582520e+00
6.894000053405761719e+00
1.207000017166137695e+00
2.989000082015991211e+00
2.450200080871582031e+01
6.779199981689453125e+01
3.000000000000000000e+00
2.773999929428100586e+00
2.052199935913085938e+01
1.447700023651123047e+01
2.881000041961669922e+00
4.184000015258789062e+00
4.014999866485595703e+00
3.506000041961669922e+00
1.932000041007995605e+00
1.802799987792968750e+01
2.092999935150146484e+00
5.646999835968017578e+00
2.875999927520751953e+00
3.932699966430664062e+01
1.221500015258789062e+01
7.234000205993652344e+00
6.112999916076660156e+00
3.701999902725219727e+00
2.065099906921386719e+01
9.960000038146972656e+00
6.560999870300292969e+00
1.672000050544738770e+00
1.264000058174133301e+00
2.083300018310546875e+01
8.454999923706054688e+00
2.575000047683715820e+00
9.463000297546386719e+00
3.480999946594238281e+00
2.255699920654296875e+01
2.256500053405761719e+01
4.174399948120117188e+01
3.465299987792968750e+01
6.671999931335449219e+00
1.692099952697753906e+01
7.139999866485595703e+00
2.552400016784667969e+01
6.520000100135803223e-01
1.547999978065490723e+00
8.435600280761718750e+01
1.847599983215332031e+01
3.911999940872192383e+00
1.858499908447265625e+01
2.511800003051757812e+01
2.157099914550781250e+01
5.219999790191650391e+00
1.416499938964843750e+02
3.967900085449218750e+01
3.740999937057495117e+00
1.377099990844726562e+01
5.596000194549560547e+00
7.706999778747558594e+00
9.090000152587890625e+00
4.137000083923339844e+00
