4.480000019073486328e+00
6.490219726562500000e+02
2.255740051269531250e+02
1.434799957275390625e+02
1.361245971679687500e+03
6.620200347900390625e+01
1.511770019531250000e+02
1.187679977416992188e+02
5.873400115966796875e+01
2.616010131835937500e+02
4.959000110626220703e+00
4.602609863281250000e+02
3.311390075683593750e+02
8.074299621582031250e+01
1.263026977539062500e+03
1.323780059814453125e+02
4.047059936523437500e+02
7.441300201416015625e+01
2.440099906921386719e+01
6.223410034179687500e+02
3.081969909667968750e+02
4.856999874114990234e+00
5.189799880981445312e+01
2.549300003051757812e+01
2.395100021362304688e+01
7.384799957275390625e+01
8.289999961853027344e+00
7.381099700927734375e+01
5.914420166015625000e+02
4.348000049591064453e+00
1.070227050781250000e+03
1.102124023437500000e+03
1.344570007324218750e+02
9.376259765625000000e+02
1.252483032226562500e+03
3.457630004882812500e+02
1.109399986267089844e+01
1.370570068359375000e+02
1.143789978027343750e+02
2.049510040283203125e+02
5.146200180053710938e+01
5.162000122070312500e+02
4.135200119018554688e+01
6.641989746093750000e+02
9.532219848632812500e+02
8.918469848632812500e+02
5.952960205078125000e+02
3.405130004882812500e+02
5.742529907226562500e+02
3.902349853515625000e+02
1.206619995117187500e+03
7.550830078125000000e+02
1.682299995422363281e+01
1.562859954833984375e+02
5.890000152587890625e+01
1.935799980163574219e+01
3.494400024414062500e+01
4.618000030517578125e+00
2.291439971923828125e+02
2.372160034179687500e+02
2.423520050048828125e+02
2.858000040054321289e+00
2.452120056152343750e+02
1.698549957275390625e+02
7.178299713134765625e+01
3.616199951171875000e+02
6.269999980926513672e+00
1.964720001220703125e+02
9.779019775390625000e+02
4.261199951171875000e+01
2.390050048828125000e+02
7.035999774932861328e+00
8.843790283203125000e+02
4.776999950408935547e+00
2.046170043945312500e+02
2.447999954223632812e+00
8.231240234375000000e+02
3.469450073242187500e+02
1.245329971313476562e+02
6.692839965820312500e+02
2.851449890136718750e+02
1.224499969482421875e+02
3.769000053405761719e+00
2.582699890136718750e+02
1.603190002441406250e+02
2.518730010986328125e+02
1.446210021972656250e+02
4.771010131835937500e+02
1.135734008789062500e+03
1.038970031738281250e+02
1.196571044921875000e+03
8.634719848632812500e+02
4.643500137329101562e+01
6.033999919891357422e+00
1.410700035095214844e+01
2.941470031738281250e+02
5.409730224609375000e+02
2.233869934082031250e+02
5.804600143432617188e+01
1.399029998779296875e+02
1.892499923706054688e+01
6.796140136718750000e+02
6.251499938964843750e+01
7.274710083007812500e+02
4.733349914550781250e+02
8.333000183105468750e+00
1.431380004882812500e+02
3.753020019531250000e+02
6.407000064849853516e+00
7.111699676513671875e+01
3.960999965667724609e+00
4.677690124511718750e+02
2.966789855957031250e+02
6.219900131225585938e+01
1.750134033203125000e+03
5.783999919891357422e+00
7.704799652099609375e+01
4.495000076293945312e+01
7.366199951171875000e+02
4.429630126953125000e+02
2.660079956054687500e+02
3.782980041503906250e+02
6.953500366210937500e+01
1.217080001831054688e+02
2.954999923706054688e+00
5.072380065917968750e+02
1.387270050048828125e+02
7.761079711914062500e+02
4.241910095214843750e+02
3.633519897460937500e+02
1.975642944335937500e+03
1.980390014648437500e+02
1.986900024414062500e+02
2.220999956130981445e+00
5.786409912109375000e+02
2.800390014648437500e+02
4.481999874114990234e+00
6.687300109863281250e+01
7.126200103759765625e+01
3.219000101089477539e+00
1.906320037841796875e+02
4.018389892578125000e+02
1.713509979248046875e+02
6.364130249023437500e+02
6.093700027465820312e+01
5.354630126953125000e+02
2.109450073242187500e+02
1.236910018920898438e+02
8.369000434875488281e+00
1.615000009536743164e+00
4.406600189208984375e+01
2.250699996948242188e+01
1.255699996948242188e+02
2.050600051879882812e+01
2.591189880371093750e+02
3.831159973144531250e+02
1.310970001220703125e+02
3.983229980468750000e+02
2.086920013427734375e+02
6.018729858398437500e+02
2.584379882812500000e+02
2.182449951171875000e+02
6.212999820709228516e+00
1.341699981689453125e+01
5.291999816894531250e+00
1.149965942382812500e+03
5.295009765625000000e+02
2.699799919128417969e+01
2.102566894531250000e+03
3.426050109863281250e+02
8.289710083007812500e+02
2.583104980468750000e+03
6.834400177001953125e+01
1.833499908447265625e+01
3.641400146484375000e+01
2.529659912109375000e+03
5.454800033569335938e+01
9.010800170898437500e+01
1.294739013671875000e+03
4.501600036621093750e+02
2.436159973144531250e+02
1.895299911499023438e+01
4.509530029296875000e+02
7.712300109863281250e+01
1.111090011596679688e+02
1.831828979492187500e+03
2.030200004577636719e+01
5.240219726562500000e+02
1.342980041503906250e+02
8.660800170898437500e+01
1.395740051269531250e+02
6.205799865722656250e+01
5.305899810791015625e+01
6.372499847412109375e+01
1.547200012207031250e+02
2.043350067138671875e+02
3.948559875488281250e+02
1.139946044921875000e+03
1.679629974365234375e+02
6.781179809570312500e+02
2.776199913024902344e+01
3.130020141601562500e+02
3.006069946289062500e+02
1.142689971923828125e+02
8.440700073242187500e+02
9.561959838867187500e+02
1.566109924316406250e+02
1.625799942016601562e+01
1.577816040039062500e+03
8.637000274658203125e+01
7.594899749755859375e+01
3.158999919891357422e+00
1.268140029907226562e+02
4.466629943847656250e+02
6.586119995117187500e+02
6.085100097656250000e+02
4.243219909667968750e+02
1.529869995117187500e+02
1.002900028228759766e+01
2.583789978027343750e+02
2.796690063476562500e+02
7.395859985351562500e+02
8.503999710083007812e+00
9.194899749755859375e+01
1.717600059509277344e+01
2.190359954833984375e+02
3.993999958038330078e+00
3.587219848632812500e+02
5.564099731445312500e+02
3.739699935913085938e+01
1.912169952392578125e+02
2.999300003051757812e+01
1.312850036621093750e+02
1.545199966430664062e+01
6.704799652099609375e+01
4.583900146484375000e+02
6.532000064849853516e+00
3.294599914550781250e+01
3.172900009155273438e+01
6.480999755859375000e+01
6.178099822998046875e+01
2.009259948730468750e+02
1.159810028076171875e+02
8.756700134277343750e+01
1.216240005493164062e+02
9.184229736328125000e+02
1.781181030273437500e+03
2.897969970703125000e+02
6.543499755859375000e+01
4.493309936523437500e+02
1.708300018310546875e+01
6.105000019073486328e+00
9.785299682617187500e+01
8.069069824218750000e+02
1.359810028076171875e+02
1.396599960327148438e+01
5.714169921875000000e+02
6.183000183105468750e+01
5.222860107421875000e+02
3.562000036239624023e+00
7.952000141143798828e+00
5.503400039672851562e+01
5.191799926757812500e+02
5.541999816894531250e+01
7.305300140380859375e+01
1.214578979492187500e+03
7.472000122070312500e+00
1.415687011718750000e+03
1.366320037841796875e+02
5.827659912109375000e+02
1.268900012969970703e+01
5.664340209960937500e+02
4.870599975585937500e+02
2.279949951171875000e+02
6.376999855041503906e+00
1.046000003814697266e+01
5.790999889373779297e+00
6.837700195312500000e+02
4.251849975585937500e+02
8.010999679565429688e+00
1.376940002441406250e+02
9.752310180664062500e+02
6.080330200195312500e+02
2.070650024414062500e+02
4.465539855957031250e+02
1.223291015625000000e+03
8.671500244140625000e+02
1.477890014648437500e+02
4.957300109863281250e+02
1.200699996948242188e+01
3.177499961853027344e+01
2.059199981689453125e+02
8.267780151367187500e+02
3.249370117187500000e+02
1.009550018310546875e+02
1.465950012207031250e+02
7.537000179290771484e+00
7.567700195312500000e+01
1.340999984741210938e+01
1.841799926757812500e+01
5.237609863281250000e+02
3.382999897003173828e+00
1.221964965820312500e+03
1.986457031250000000e+03
1.973880004882812500e+02
9.247930297851562500e+02
2.720289916992187500e+02
1.524040039062500000e+03
7.250070190429687500e+02
3.109799957275390625e+01
6.130000114440917969e+00
1.261730957031250000e+03
2.850799865722656250e+02
4.241879882812500000e+02
3.357699966430664062e+01
3.251800155639648438e+01
1.599499988555908203e+01
3.345999908447265625e+01
2.198800086975097656e+01
3.763710021972656250e+02
1.000020996093750000e+03
3.648250122070312500e+02
9.210099792480468750e+01
1.153320007324218750e+02
5.926010131835937500e+02
1.750045043945312500e+03
1.872109985351562500e+02
8.982979736328125000e+02
1.372272949218750000e+03
3.913150024414062500e+02
1.435690002441406250e+02
1.131200027465820312e+01
3.200799942016601562e+01
1.912929992675781250e+02
7.201500244140625000e+02
8.733200073242187500e+01
5.443699951171875000e+02
1.581400012969970703e+01
7.665999889373779297e+00
1.441139984130859375e+02
5.576799926757812500e+02
4.228099822998046875e+01
1.147860031127929688e+02
1.429500007629394531e+01
4.159349975585937500e+02
1.049570007324218750e+02
5.516380004882812500e+02
9.930100097656250000e+02
1.200741943359375000e+03
7.632999897003173828e+00
8.270570068359375000e+02
1.577200031280517578e+01
8.124240112304687500e+02
1.618269958496093750e+02
1.488450012207031250e+02
9.400900268554687500e+01
3.218619995117187500e+02
9.370889892578125000e+02
5.490360107421875000e+02
9.068000030517578125e+01
1.757570037841796875e+02
3.022579956054687500e+02
1.379720001220703125e+02
6.971099853515625000e+01
3.560339965820312500e+02
4.562090148925781250e+02
2.138800048828125000e+01
2.250239013671875000e+03
1.187000036239624023e+00
3.742279968261718750e+02
4.123000144958496094e+00
5.116600036621093750e+01
1.003479995727539062e+02
4.972680053710937500e+02
5.229349975585937500e+02
9.010600280761718750e+01
3.477799987792968750e+01
1.402180023193359375e+02
2.872599983215332031e+01
6.112999916076660156e+00
2.529530029296875000e+02
1.608421997070312500e+03
9.036500244140625000e+02
3.906900024414062500e+01
2.283799934387207031e+01
3.886000061035156250e+01
1.061900043487548828e+01
5.326229858398437500e+02
2.995629882812500000e+02
6.592349853515625000e+02
6.045500183105468750e+01
2.673900032043457031e+01
1.684660034179687500e+02
5.685170288085937500e+02
6.888189697265625000e+02
1.307839965820312500e+02
2.633200073242187500e+01
1.875390014648437500e+02
8.306229858398437500e+02
1.076099967956542969e+01
1.550738037109375000e+03
9.123200225830078125e+01
2.233489990234375000e+02
1.991900062561035156e+01
2.555800056457519531e+01
6.615059814453125000e+02
7.987999916076660156e+00
1.221200027465820312e+02
8.277899932861328125e+01
4.807019958496093750e+02
9.469499969482421875e+01
1.994369964599609375e+02
1.472000026702880859e+01
6.033309936523437500e+02
5.404700088500976562e+01
3.847690124511718750e+02
6.436510009765625000e+02
1.119421020507812500e+03
6.921550292968750000e+02
2.124799919128417969e+01
2.167859954833984375e+02
3.029370117187500000e+02
1.640140075683593750e+02
1.473450012207031250e+02
5.903109741210937500e+02
9.741459960937500000e+02
1.075015014648437500e+03
1.427267944335937500e+03
1.245380020141601562e+02
2.192971923828125000e+03
6.865000152587890625e+01
2.664670104980468750e+02
1.204739013671875000e+03
1.208500003814697266e+01
1.160550003051757812e+02
4.462980041503906250e+02
7.895800018310546875e+01
1.209000015258789062e+02
1.639040069580078125e+02
6.902969970703125000e+02
9.996900177001953125e+01
1.247244995117187500e+03
1.874600028991699219e+01
9.718000411987304688e+00
1.532030029296875000e+02
3.773380126953125000e+02
3.698139953613281250e+02
1.793179931640625000e+02
1.489799976348876953e+01
5.418489990234375000e+02
2.464999914169311523e+00
2.918999910354614258e+00
4.507860107421875000e+02
3.548000097274780273e+00
6.050500106811523438e+01
2.801979980468750000e+02
7.262050170898437500e+02
7.447379760742187500e+02
1.998070068359375000e+02
6.070130004882812500e+02
6.301250000000000000e+02
9.128999710083007812e+00
1.528499984741210938e+01
3.158529968261718750e+02
1.624600028991699219e+01
2.192630004882812500e+02
1.272599983215332031e+01
8.578179931640625000e+02
1.804969940185546875e+02
2.064210052490234375e+02
2.127310028076171875e+02
9.547329711914062500e+02
1.691750030517578125e+02
2.610509948730468750e+02
7.102139892578125000e+02
1.988269958496093750e+02
2.983349914550781250e+02
4.974599838256835938e+01
4.295000076293945312e+01
3.308659973144531250e+02
4.495399856567382812e+01
6.098770141601562500e+02
1.274759979248046875e+02
1.072999954223632812e+00
2.649900054931640625e+01
1.580799961090087891e+01
8.594359741210937500e+02
1.288225952148437500e+03
1.970769958496093750e+02
1.945829925537109375e+02
6.652799987792968750e+01
9.312839965820312500e+02
1.677362060546875000e+03
2.302059936523437500e+02
4.187980041503906250e+02
9.831999778747558594e+00
3.749769897460937500e+02
4.963999938964843750e+01
4.185350036621093750e+02
5.930430297851562500e+02
1.081685058593750000e+03
2.901919860839843750e+02
8.134520263671875000e+02
3.530700073242187500e+02
1.013500022888183594e+01
1.146610031127929688e+02
1.285432006835937500e+03
5.248989868164062500e+02
2.456472900390625000e+03
2.870020141601562500e+02
5.897810058593750000e+02
3.663219909667968750e+02
3.322170104980468750e+02
2.458246093750000000e+03
4.931610107421875000e+02
3.704200134277343750e+02
1.439479980468750000e+02
4.169949951171875000e+02
2.635690002441406250e+02
7.670099639892578125e+01
6.425570068359375000e+02
1.816450042724609375e+02
4.628880004882812500e+02
5.708519897460937500e+02
1.256599998474121094e+01
6.916999816894531250e+00
3.376499938964843750e+02
1.200279998779296875e+02
1.528049926757812500e+02
3.280939941406250000e+02
7.116250000000000000e+02
7.601799774169921875e+01
3.537780151367187500e+02
3.698720092773437500e+02
9.497100067138671875e+01
1.554500007629394531e+01
5.183369750976562500e+02
1.625980072021484375e+02
6.276599884033203125e+01
3.328999996185302734e+00
3.471999883651733398e+00
1.976999998092651367e+00
2.079239959716796875e+02
1.688739929199218750e+02
3.129800033569335938e+01
1.114120025634765625e+02
5.628859863281250000e+02
2.089620056152343750e+02
1.321280059814453125e+02
1.304791015625000000e+03
2.406599998474121094e+01
2.803250122070312500e+02
4.243699951171875000e+02
2.923900146484375000e+02
3.293009948730468750e+02
3.761669921875000000e+02
1.473200035095214844e+01
9.271600341796875000e+01
5.312670288085937500e+02
2.112299919128417969e+01
8.075440063476562500e+02
1.337266967773437500e+03
1.827089965820312500e+03
4.586270141601562500e+02
4.656900024414062500e+01
4.648479919433593750e+02
3.138899993896484375e+01
2.729469909667968750e+02
4.804800033569335938e+01
7.609000205993652344e+00
1.025302978515625000e+03
2.351999998092651367e+00
2.129160003662109375e+02
2.504400062561035156e+01
2.206929931640625000e+02
1.553999938964843750e+02
7.570700073242187500e+01
9.603299713134765625e+01
6.375699996948242188e+01
9.571000099182128906e+00
1.085380004882812500e+03
1.752499961853027344e+01
3.592030029296875000e+02
3.643840026855468750e+02
6.354100036621093750e+01
2.271640014648437500e+02
2.679200134277343750e+02
9.836999893188476562e+00
6.184000015258789062e+00
1.499830017089843750e+02
2.732600097656250000e+02
1.459799957275390625e+01
8.627300262451171875e+01
4.598999977111816406e+00
2.028059997558593750e+02
2.944660034179687500e+02
6.539000034332275391e+00
2.449099922180175781e+01
8.509600067138671875e+01
3.468999938964843750e+02
7.485299682617187500e+01
6.067100143432617188e+01
4.849469909667968750e+02
1.071719970703125000e+02
3.881289978027343750e+02
7.830999851226806641e+00
7.510150146484375000e+02
3.288630065917968750e+02
6.102529907226562500e+02
2.537500000000000000e+01
4.058599853515625000e+02
1.892140045166015625e+02
1.217590026855468750e+02
9.639180297851562500e+02
2.297599983215332031e+01
9.293000221252441406e+00
2.028589935302734375e+02
2.727130126953125000e+02
2.486000061035156250e+00
4.146080017089843750e+02
1.084723022460937500e+03
1.679199981689453125e+02
3.726740112304687500e+02
3.628240051269531250e+02
5.391459960937500000e+02
1.450652954101562500e+03
1.596820068359375000e+02
1.603910064697265625e+02
4.394999980926513672e+00
4.286260070800781250e+02
6.522599792480468750e+01
6.355300140380859375e+01
7.174800109863281250e+01
1.485700035095214844e+01
2.221299934387207031e+01
2.059570007324218750e+02
9.454000473022460938e+00
1.605850067138671875e+02
1.360950012207031250e+02
6.853099975585937500e+02
1.930599975585937500e+01
3.550840148925781250e+02
2.137460021972656250e+02
7.969999790191650391e+00
4.344900131225585938e+01
8.769699859619140625e+01
1.364490051269531250e+02
4.069750061035156250e+02
3.680169982910156250e+02
2.071080017089843750e+02
9.822719726562500000e+02
1.287230072021484375e+02
5.991400146484375000e+01
2.029389953613281250e+02
6.067869873046875000e+02
5.024100036621093750e+02
7.153900146484375000e+01
2.579500007629394531e+01
2.529609985351562500e+02
8.282299804687500000e+01
6.438000202178955078e+00
4.226579895019531250e+02
4.684000015258789062e+00
9.309899902343750000e+01
2.947800064086914062e+01
2.016779937744140625e+02
1.754940032958984375e+02
7.197579956054687500e+02
5.919000148773193359e+00
5.220109863281250000e+02
1.168102050781250000e+03
1.987019958496093750e+02
7.726939697265625000e+02
6.591309814453125000e+02
1.381484008789062500e+03
5.385000228881835938e+00
3.361399841308593750e+01
1.304400024414062500e+02
7.777410278320312500e+02
6.661100006103515625e+01
9.376200103759765625e+01
6.405319824218750000e+02
9.237999916076660156e+00
6.926000118255615234e+00
3.234600067138671875e+01
1.545774047851562500e+03
2.556269989013671875e+02
2.668160095214843750e+02
2.758099975585937500e+02
1.898249969482421875e+02
3.347780151367187500e+02
4.245500183105468750e+01
4.163330078125000000e+02
1.077060058593750000e+03
6.919599914550781250e+01
1.223692016601562500e+03
1.698800086975097656e+01
1.224899978637695312e+02
2.927590026855468750e+02
7.255869750976562500e+02
8.909999728202819824e-01
5.302680053710937500e+02
1.230300045013427734e+01
3.379399871826171875e+01
5.098810119628906250e+02
5.894749755859375000e+02
7.896170043945312500e+02
2.688789978027343750e+02
9.374400329589843750e+01
9.595500183105468750e+01
5.548519897460937500e+02
7.680560302734375000e+02
9.332890014648437500e+02
2.018240051269531250e+02
3.038590087890625000e+02
9.041000366210937500e+00
3.117690124511718750e+02
2.833729858398437500e+02
6.642000198364257812e+00
3.777529907226562500e+02
1.894810028076171875e+02
2.560310058593750000e+02
7.622030029296875000e+02
1.439069976806640625e+02
2.215279998779296875e+02
9.781999588012695312e+00
7.021370239257812500e+02
5.707109985351562500e+02
2.591229858398437500e+02
2.500000000000000000e+01
1.707817016601562500e+03
2.778000116348266602e+00
1.451105957031250000e+03
1.491779937744140625e+02
9.471600341796875000e+01
2.554949951171875000e+02
5.392509765625000000e+02
8.997200012207031250e+01
1.176342041015625000e+03
4.592019958496093750e+02
6.024599838256835938e+01
3.015050048828125000e+02
5.636500167846679688e+01
1.220333984375000000e+03
3.096919860839843750e+02
6.579199981689453125e+01
8.154699707031250000e+01
6.132199859619140625e+01
5.030270080566406250e+02
2.808039855957031250e+02
3.149880065917968750e+02
5.692999839782714844e+00
2.993630065917968750e+02
5.272999763488769531e+00
1.680800056457519531e+01
6.679000091552734375e+01
9.010700225830078125e+01
6.919890136718750000e+02
2.618999958038330078e+00
1.499069976806640625e+02
2.654000091552734375e+01
1.037259979248046875e+02
2.195509948730468750e+02
5.106900024414062500e+01
1.162649993896484375e+02
1.418009948730468750e+02
2.026829986572265625e+02
9.264749755859375000e+02
8.694999694824218750e+00
2.012970947265625000e+03
3.343770141601562500e+02
2.656839904785156250e+02
8.418339843750000000e+02
1.025041992187500000e+03
5.578109741210937500e+02
6.301000118255615234e+00
1.376999969482421875e+02
1.409799957275390625e+02
3.682500076293945312e+01
3.468640136718750000e+02
3.258499908447265625e+01
1.017236999511718750e+03
1.197407958984375000e+03
5.272459716796875000e+02
2.663599967956542969e+01
8.325199890136718750e+01
3.660400009155273438e+01
9.333699951171875000e+02
2.164069976806640625e+02
4.546200180053710938e+01
1.128509979248046875e+02
1.020931030273437500e+03
3.051019897460937500e+02
2.480999946594238281e+00
1.211171997070312500e+03
6.380699920654296875e+01
5.750419921875000000e+02
3.538700103759765625e+01
8.736399841308593750e+01
3.713199996948242188e+01
2.104199981689453125e+01
7.077899780273437500e+02
1.516289978027343750e+02
5.375529785156250000e+02
1.335740051269531250e+02
7.505500030517578125e+01
6.535490112304687500e+02
5.427910156250000000e+02
4.587699890136718750e+02
7.034600219726562500e+02
1.670400047302246094e+01
1.221374023437500000e+03
4.177770080566406250e+02
1.727400016784667969e+01
3.089679870605468750e+02
5.711660156250000000e+02
3.046340026855468750e+02
2.262359924316406250e+02
2.526899909973144531e+01
2.742300033569335938e+01
1.849900054931640625e+01
1.217399978637695312e+01
9.207199859619140625e+01
1.041868041992187500e+03
2.179190063476562500e+02
5.253750000000000000e+02
2.854000091552734375e+00
4.266430053710937500e+02
2.294400024414062500e+02
2.348800086975097656e+01
2.942479858398437500e+02
3.584869995117187500e+02
9.511510009765625000e+02
9.462369995117187500e+02
1.754819946289062500e+02
4.684899902343750000e+01
2.015200042724609375e+01
1.499676025390625000e+03
3.475299835205078125e+01
4.370339965820312500e+02
1.797900009155273438e+01
4.018129882812500000e+02
2.520310058593750000e+02
5.841000080108642578e+00
1.003293029785156250e+03
5.858700180053710938e+01
1.009875000000000000e+03
1.371979003906250000e+03
1.790900039672851562e+01
7.016400146484375000e+01
2.599840087890625000e+02
1.715410003662109375e+02
1.437370971679687500e+03
4.387770080566406250e+02
6.684700012207031250e+01
3.338320007324218750e+02
1.368454956054687500e+03
2.572760009765625000e+02
1.220709991455078125e+02
4.868619995117187500e+02
4.521929931640625000e+02
4.643000125885009766e+00
1.746219940185546875e+02
8.529569702148437500e+02
9.478600311279296875e+01
5.670620117187500000e+02
1.041738037109375000e+03
3.431100082397460938e+01
2.354100036621093750e+01
1.819431030273437500e+03
5.730430297851562500e+02
7.365739746093750000e+02
4.205899810791015625e+01
4.640399932861328125e+01
3.824700164794921875e+01
2.787239990234375000e+02
1.999399948120117188e+01
1.345800018310546875e+01
2.327209930419921875e+02
1.420959930419921875e+02
1.452619934082031250e+02
3.584700012207031250e+02
6.388499832153320312e+01
3.896799926757812500e+02
4.501499938964843750e+01
7.059999942779541016e+00
6.138000011444091797e+00
4.104219970703125000e+02
1.460364013671875000e+03
4.967349853515625000e+02
2.674999952316284180e+00
4.927999973297119141e+00
6.642960205078125000e+02
1.663199996948242188e+01
1.068328002929687500e+03
8.293759765625000000e+02
3.597399902343750000e+02
8.119999885559082031e+00
8.105269775390625000e+02
1.508339996337890625e+02
2.171699905395507812e+01
1.039927978515625000e+03
5.215640258789062500e+02
7.871849975585937500e+02
5.933300018310546875e+01
4.719330139160156250e+02
1.644349975585937500e+02
7.155000209808349609e+00
8.753289794921875000e+02
3.947630004882812500e+02
3.178000068664550781e+01
8.191649780273437500e+02
6.619899749755859375e+01
2.303489990234375000e+02
7.506000041961669922e+00
1.027587036132812500e+03
8.509600067138671875e+01
1.604299926757812500e+01
5.669400024414062500e+01
5.419450073242187500e+02
2.578999996185302734e+00
1.311699962615966797e+01
4.088499832153320312e+01
3.093219909667968750e+02
4.704199981689453125e+01
2.745968017578125000e+03
4.542680053710937500e+02
6.183399963378906250e+01
1.244015991210937500e+03
2.721610107421875000e+02
5.855000019073486328e+00
1.141199970245361328e+01
1.796699905395507812e+01
3.495299911499023438e+01
4.796900177001953125e+01
1.260803955078125000e+03
5.775999832153320312e+01
7.676799774169921875e+01
8.120819702148437500e+02
3.795369873046875000e+02
3.571900024414062500e+02
1.398399963378906250e+02
3.999259948730468750e+02
1.797400093078613281e+01
5.915040283203125000e+02
5.938350219726562500e+02
1.032819976806640625e+02
1.371199989318847656e+01
8.849700164794921875e+01
5.017210083007812500e+02
4.110599899291992188e+01
4.433300018310546875e+01
6.640999794006347656e+00
2.590849914550781250e+02
2.026600074768066406e+01
3.070299911499023438e+01
8.732900238037109375e+01
3.330300140380859375e+01
8.261530151367187500e+02
7.656199645996093750e+01
7.602000236511230469e+00
1.267900009155273438e+02
3.235300064086914062e+01
7.610999755859375000e+02
1.069049987792968750e+02
4.445899963378906250e+01
5.266500244140625000e+02
1.870899963378906250e+01
1.047911010742187500e+03
4.451879882812500000e+02
3.348420104980468750e+02
1.997417968750000000e+03
5.705549926757812500e+02
2.870729980468750000e+02
3.187709960937500000e+02
2.079660034179687500e+02
3.490299987792968750e+01
1.901899909973144531e+01
7.204520263671875000e+02
9.686909790039062500e+02
5.461700057983398438e+01
1.938240051269531250e+02
2.240900039672851562e+01
3.448999881744384766e+00
1.186800003051757812e+01
8.395400238037109375e+01
6.753700256347656250e+01
2.337949981689453125e+02
1.148026000976562500e+03
1.863509979248046875e+02
1.634749023437500000e+03
1.338020019531250000e+02
3.142279968261718750e+02
1.178463989257812500e+03
4.617800140380859375e+01
3.940329895019531250e+02
2.798970031738281250e+02
4.382899856567382812e+01
2.658039855957031250e+02
9.998300170898437500e+01
