1.561450042724609375e+02
2.428100013732910156e+01
2.172800064086914062e+01
3.479000091552734375e+01
4.051000118255615234e+00
1.323119964599609375e+02
9.741999626159667969e+00
9.288700103759765625e+01
3.330000042915344238e-01
4.405000209808349609e+00
1.415400028228759766e+01
3.140000104904174805e+00
4.265200042724609375e+01
1.271000027656555176e+00
5.019000053405761719e+00
1.393900012969970703e+01
1.426999969482421875e+02
4.261000156402587891e+00
1.216899967193603516e+01
2.242099952697753906e+01
7.956999778747558594e+00
1.076200008392333984e+01
1.156999945640563965e+00
9.038099670410156250e+01
4.263399887084960938e+01
3.892999887466430664e+00
1.092500019073486328e+01
8.892000198364257812e+00
3.107500076293945312e+01
9.373000144958496094e+00
7.741000175476074219e+00
4.171999931335449219e+00
1.676700019836425781e+01
6.072000026702880859e+00
2.016000032424926758e+00
9.970999717712402344e+00
1.159300041198730469e+01
3.034099960327148438e+01
3.844599914550781250e+01
8.702200317382812500e+01
8.890100097656250000e+01
6.837999820709228516e+00
5.884799957275390625e+01
6.209999918937683105e-01
7.043000221252441406e+00
1.061699962615966797e+01
3.864000082015991211e+00
6.701000213623046875e+00
1.572999954223632812e+00
2.974799919128417969e+01
1.396510009765625000e+02
4.704999923706054688e+00
1.684499931335449219e+01
4.798999786376953125e+00
1.088399982452392578e+01
6.250000000000000000e+00
3.502799987792968750e+01
3.868999958038330078e+00
2.934000015258789062e+00
1.094489974975585938e+02
7.731900024414062500e+01
8.439999818801879883e-01
2.640000104904174805e+00
7.140599822998046875e+01
1.070589981079101562e+02
2.623699951171875000e+01
4.666999816894531250e+00
3.299999952316284180e+00
7.762599945068359375e+01
8.883000373840332031e+00
9.756999969482421875e+00
8.754000091552734375e+01
1.717200088500976562e+01
4.173799896240234375e+01
1.807999968528747559e+00
3.819100189208984375e+01
5.426399993896484375e+01
4.477000236511230469e+00
6.147999763488769531e+00
7.675000190734863281e+00
1.993999958038330078e+00
5.224999904632568359e+00
1.485700035095214844e+01
1.231299972534179688e+01
1.521199989318847656e+01
9.251499938964843750e+01
1.902999997138977051e+00
2.591000080108642578e+00
1.783799934387207031e+01
5.099599838256835938e+01
4.635000228881835938e+00
1.786499977111816406e+01
1.809000015258789062e+00
1.965500030517578125e+02
1.118400001525878906e+01
2.680299949645996094e+01
9.256999969482421875e+00
9.385999679565429688e+00
1.372630004882812500e+02
6.461399841308593750e+01
2.881999969482421875e+00
2.940999984741210938e+01
2.579999864101409912e-01
4.733599853515625000e+01
1.274999976158142090e+00
1.782699966430664062e+01
1.290600013732910156e+01
8.864499664306640625e+01
1.020300006866455078e+01
5.263700103759765625e+01
1.077129974365234375e+02
4.227000045776367188e+01
1.600579986572265625e+02
8.491000366210937500e+01
6.494999885559082031e+00
9.416999816894531250e+00
4.399000167846679688e+00
1.218500041961669922e+01
3.273600006103515625e+01
2.892999887466430664e+00
7.649900054931640625e+01
4.149300003051757812e+01
2.409999966621398926e-01
1.501099967956542969e+01
2.963000059127807617e+00
1.969899940490722656e+01
1.817000031471252441e+00
5.420399856567382812e+01
2.253999948501586914e+00
4.796999931335449219e+00
6.928999900817871094e+00
1.220899963378906250e+01
3.169599914550781250e+01
1.934000015258789062e+00
5.091000080108642578e+00
1.226070022583007812e+02
3.102599906921386719e+01
5.315000057220458984e+00
1.208109970092773438e+02
3.701999902725219727e+00
1.636000037193298340e+00
4.434899902343750000e+01
4.722000122070312500e+00
1.151099967956542969e+01
1.096899986267089844e+01
2.745100021362304688e+01
4.768500137329101562e+01
4.299599838256835938e+01
1.406230010986328125e+02
1.473999977111816406e+01
2.199399948120117188e+01
1.029500007629394531e+01
2.177999973297119141e+00
2.105999946594238281e+00
1.676600074768066406e+01
2.651499938964843750e+01
6.391699981689453125e+01
6.543699645996093750e+01
1.992600059509277344e+01
4.932000160217285156e+00
3.792000055313110352e+00
2.566999912261962891e+00
2.423600006103515625e+01
7.155000209808349609e+00
3.507999897003173828e+00
2.279800033569335938e+01
1.019430007934570312e+02
3.252999877929687500e+01
7.916999816894531250e+00
3.953400039672851562e+01
2.192900085449218750e+01
3.013000011444091797e+00
7.985700225830078125e+01
1.153850021362304688e+02
7.310999870300292969e+00
3.872999906539916992e+00
5.013999938964843750e+00
4.912900161743164062e+01
8.680000305175781250e+00
2.982000112533569336e+00
1.493999958038330078e+00
1.304899978637695312e+01
6.558000087738037109e+00
3.184000015258789062e+00
3.815000057220458984e+00
1.261999964714050293e+00
1.375000000000000000e+01
4.376999855041503906e+00
1.449000000953674316e+00
1.599199962615966797e+01
7.223999977111816406e+00
1.789999961853027344e+00
1.024280014038085938e+02
3.260539855957031250e+02
4.019000053405761719e+00
2.365800094604492188e+01
5.774000167846679688e+00
7.738899993896484375e+01
9.397000312805175781e+00
3.658999919891357422e+00
1.708999991416931152e+00
1.634399986267089844e+01
1.154999971389770508e+00
2.444000005722045898e+00
4.910999774932861328e+00
2.961000061035156250e+01
3.846999883651733398e+00
1.585769958496093750e+02
1.520800018310546875e+01
2.362299919128417969e+01
2.325200080871582031e+01
3.356999969482421875e+01
7.073200225830078125e+01
2.517999887466430664e+00
1.748900032043457031e+01
2.164000034332275391e+00
7.686999797821044922e+00
4.914880065917968750e+02
1.959999948740005493e-01
1.227700042724609375e+01
5.205999851226806641e+00
9.666999816894531250e+00
5.492000102996826172e+00
1.148730010986328125e+02
2.076999902725219727e+00
6.828999996185302734e+00
1.052299976348876953e+01
1.051470031738281250e+02
3.434999942779541016e+00
7.842600250244140625e+01
2.917000055313110352e+00
5.308000087738037109e+00
1.761000061035156250e+01
3.738700103759765625e+01
8.977999877929687500e+01
1.427700042724609375e+01
1.316899967193603516e+01
1.710220031738281250e+02
1.106400012969970703e+01
1.934000015258789062e+00
2.450000000000000000e+01
4.489300155639648438e+01
4.282999992370605469e+00
4.046999931335449219e+00
8.393099975585937500e+01
3.177999973297119141e+00
3.342000007629394531e+00
3.088999938964843750e+01
7.581999778747558594e+00
3.092700004577636719e+01
4.440000057220458984e+00
1.748200035095214844e+01
1.876999974250793457e+00
2.957999944686889648e+00
1.135329971313476562e+02
2.180299949645996094e+01
1.902999997138977051e+00
3.345000028610229492e+00
1.386999964714050293e+00
3.273999929428100586e+00
1.797000050544738770e+00
3.407000064849853516e+00
8.982700347900390625e+01
1.666000008583068848e+00
1.053100013732910156e+01
9.513800048828125000e+01
8.503000259399414062e+00
7.056099700927734375e+01
1.216890029907226562e+02
2.901999950408935547e+00
5.734000205993652344e+00
4.645999908447265625e+00
5.343999862670898438e+00
6.111000061035156250e+00
5.809999942779541016e+00
1.228999972343444824e+00
1.570400047302246094e+01
6.250000000000000000e-01
1.751000046730041504e+00
6.373000144958496094e+00
2.063999891281127930e+00
4.081999778747558594e+00
4.650000035762786865e-01
1.615000009536743164e+00
9.269000053405761719e+00
1.011699962615966797e+01
1.572999954223632812e+00
1.166699981689453125e+01
3.533999919891357422e+00
2.051080017089843750e+02
1.190999984741210938e+00
2.562199974060058594e+01
1.416000008583068848e+00
4.500199890136718750e+01
9.407599639892578125e+01
6.684999942779541016e+00
4.297999858856201172e+00
6.051800155639648438e+01
1.174499988555908203e+01
1.686000061035156250e+01
1.201799964904785156e+01
5.907999992370605469e+00
3.986399841308593750e+01
1.518099975585937500e+01
1.927000045776367188e+00
5.494999885559082031e+00
4.160999774932861328e+00
5.325000000000000000e+01
7.715000152587890625e+00
7.190999984741210938e+00
9.121600341796875000e+01
6.318600082397460938e+01
1.168799972534179688e+01
6.741000175476074219e+00
2.153000116348266602e+00
2.673500061035156250e+01
1.996199989318847656e+01
2.841000080108642578e+00
5.153999805450439453e+00
4.862999916076660156e+00
5.848199844360351562e+01
2.437999963760375977e+00
2.887000083923339844e+00
1.369299983978271484e+01
4.197999954223632812e+00
1.840000033378601074e+00
2.611000061035156250e+00
3.118000030517578125e+00
1.536800003051757812e+01
4.074999809265136719e+00
3.628999948501586914e+00
1.526999950408935547e+00
3.395999908447265625e+00
7.985000133514404297e+00
1.200599956512451172e+01
4.838299942016601562e+01
1.781640014648437500e+02
1.141630020141601562e+02
3.128999948501586914e+00
1.192700004577636719e+01
3.618000030517578125e+00
2.234900093078613281e+01
7.355000019073486328e+00
3.943500137329101562e+01
8.546999931335449219e+00
6.681000232696533203e+00
7.362999916076660156e+00
2.516000032424926758e+00
4.670000076293945312e+00
1.734600067138671875e+01
4.978000164031982422e+00
8.151000022888183594e+00
4.126999855041503906e+00
7.367000102996826172e+00
1.960799980163574219e+01
2.484900093078613281e+01
3.296599960327148438e+01
9.869999885559082031e-01
3.563899993896484375e+01
2.391999959945678711e+00
1.218500041961669922e+01
3.119499969482421875e+01
1.954999923706054688e+01
1.488000035285949707e+00
9.764299774169921875e+01
3.720199966430664062e+01
1.264039993286132812e+02
5.942999839782714844e+00
1.253000020980834961e+00
1.701099967956542969e+01
5.847399902343750000e+01
2.223999977111816406e+00
8.212400054931640625e+01
5.847499847412109375e+01
1.033659973144531250e+02
4.059000015258789062e+00
2.000899963378906250e+02
3.565000057220458984e+00
3.622999906539916992e+00
6.514999866485595703e+00
4.207899856567382812e+01
1.525800037384033203e+01
9.928900146484375000e+01
1.955000042915344238e+00
1.405200004577636719e+01
4.303999900817871094e+00
2.463000059127807617e+00
1.437239990234375000e+02
3.142999887466430664e+00
1.492440032958984375e+02
2.260899925231933594e+01
6.186899948120117188e+01
2.312000036239624023e+00
4.508999824523925781e+00
2.361000061035156250e+00
6.698899841308593750e+01
2.012000083923339844e+00
3.903000116348266602e+00
2.552000045776367188e+00
4.756000041961669922e+00
5.932699966430664062e+01
2.358200073242187500e+01
1.288179931640625000e+02
2.364200019836425781e+01
1.554000020027160645e+00
3.759000062942504883e+00
3.103800010681152344e+01
9.135500335693359375e+01
7.939000129699707031e+00
2.541799926757812500e+01
7.282900238037109375e+01
4.830999851226806641e+00
2.795000076293945312e+00
6.978199768066406250e+01
3.493000030517578125e+00
1.703999996185302734e+00
2.667999982833862305e+00
1.697800064086914062e+01
2.834000110626220703e+00
3.378000020980834961e+00
2.090070037841796875e+02
6.000999927520751953e+00
4.815499877929687500e+01
1.835999965667724609e+00
1.232100009918212891e+01
2.795700073242187500e+01
2.066699981689453125e+01
1.217199993133544922e+01
1.042559967041015625e+02
2.097870025634765625e+02
5.206999778747558594e+00
6.276200103759765625e+01
2.986999988555908203e+00
1.220100021362304688e+01
4.733340148925781250e+02
2.129750061035156250e+02
3.698899841308593750e+01
5.712300109863281250e+01
6.414999961853027344e+00
2.038000106811523438e+00
4.860900115966796875e+01
7.250000238418579102e-01
2.494099998474121094e+01
1.012899971008300781e+01
8.460000157356262207e-01
1.621000051498413086e+00
1.242899990081787109e+01
2.663000106811523438e+00
2.795000076293945312e+00
4.560599899291992188e+01
1.264500045776367188e+01
2.186000108718872070e+00
3.051000118255615234e+00
1.723000049591064453e+00
9.131999969482421875e+00
7.146099853515625000e+01
1.207299995422363281e+01
4.946500015258789062e+01
2.976999998092651367e+00
1.162600040435791016e+01
2.337539978027343750e+02
3.835999965667724609e+00
6.715000152587890625e+00
1.185799980163574219e+01
9.396600341796875000e+01
2.043499946594238281e+01
4.421000003814697266e+00
6.321000099182128906e+00
2.031399993896484375e+02
1.136000037193298340e+00
2.232200050354003906e+01
8.498999595642089844e+00
3.427399826049804688e+01
6.638000011444091797e+00
7.232999801635742188e+00
1.003499984741210938e+01
1.299199962615966797e+01
1.105000019073486328e+00
1.074300003051757812e+01
7.689999938011169434e-01
2.087539978027343750e+02
1.199600028991699219e+01
1.300300025939941406e+01
4.372700119018554688e+01
7.583000183105468750e+00
1.856999969482421875e+01
3.310400009155273438e+01
1.774399948120117188e+01
6.976899719238281250e+01
3.539999961853027344e+00
1.688880004882812500e+02
3.727000045776367188e+01
3.210999965667724609e+00
6.340000152587890625e+00
7.983799743652343750e+01
1.125189971923828125e+02
2.763400077819824219e+01
3.674000024795532227e+00
5.737999916076660156e+00
5.426499938964843750e+01
2.403000116348266602e+00
1.640299987792968750e+01
1.647400093078613281e+01
1.838500022888183594e+01
2.575000047683715820e+00
1.337899971008300781e+01
2.766999959945678711e+00
2.479500007629394531e+01
6.713800048828125000e+01
1.260469970703125000e+02
7.435399627685546875e+01
4.405099868774414062e+01
3.311090087890625000e+02
1.029999971389770508e+00
2.645899963378906250e+01
1.629999995231628418e+00
4.112999916076660156e+00
5.639999866485595703e+00
1.319900035858154297e+01
5.058700180053710938e+01
3.069999933242797852e+00
3.448500061035156250e+01
2.111000061035156250e+00
7.265999794006347656e+00
2.598000049591064453e+00
6.551000118255615234e+00
8.821999549865722656e+00
1.744199943542480469e+01
5.088100051879882812e+01
3.880000114440917969e+00
1.523979949951171875e+02
1.534739990234375000e+02
1.522099971771240234e+01
7.624700164794921875e+01
2.565900039672851562e+01
4.975999832153320312e+00
2.064920043945312500e+02
4.186399841308593750e+01
4.646999835968017578e+00
3.246999979019165039e+00
4.651000022888183594e+00
2.221699981689453125e+02
1.764429931640625000e+02
4.122000122070312500e+01
3.069400024414062500e+01
1.281970062255859375e+02
3.008099937438964844e+01
3.582000017166137695e+00
4.736100006103515625e+01
1.751999974250793457e+00
9.320500183105468750e+01
6.550000190734863281e+00
2.033999919891357422e+00
6.873500061035156250e+01
2.234999895095825195e+00
1.254899978637695312e+01
1.523299980163574219e+01
7.853500366210937500e+01
1.296569976806640625e+02
1.095260009765625000e+02
2.461599922180175781e+01
8.451999664306640625e+00
3.887000083923339844e+00
5.618999958038330078e+00
1.033899974822998047e+01
2.890000104904174805e+00
8.646299743652343750e+01
7.649299621582031250e+01
7.135000228881835938e+00
6.764999866485595703e+00
1.953999996185302734e+00
5.268000125885009766e+00
1.975319976806640625e+02
5.180799865722656250e+01
3.576999902725219727e+00
2.227999925613403320e+00
4.427999973297119141e+00
4.660999774932861328e+00
1.555469970703125000e+02
3.005000114440917969e+00
2.420000076293945312e+00
4.427399826049804688e+01
8.082099914550781250e+01
1.633150024414062500e+02
1.794499969482421875e+01
3.015000104904174805e+00
9.589999914169311523e-01
9.774999618530273438e+00
4.804000091552734375e+01
3.245849914550781250e+02
9.578000068664550781e+00
3.470999956130981445e+00
3.218700027465820312e+01
1.619839935302734375e+02
1.868600082397460938e+01
3.546999931335449219e+00
4.756000137329101562e+01
4.474999904632568359e+00
1.656130065917968750e+02
5.162000179290771484e+00
2.359099960327148438e+01
1.313439941406250000e+02
8.373999595642089844e+00
9.265000343322753906e+00
6.644000053405761719e+00
1.700890045166015625e+02
1.261999964714050293e+00
8.723999977111816406e+00
3.983000040054321289e+00
1.099600028991699219e+01
1.182000041007995605e+00
5.845899963378906250e+01
3.258800125122070312e+01
7.969499969482421875e+01
4.619999885559082031e+00
9.901000022888183594e+00
1.873600006103515625e+01
3.170999908447265625e+01
1.129599952697753906e+01
1.236999988555908203e+00
4.020999908447265625e+00
5.125999927520751953e+00
5.335000038146972656e+00
8.098999977111816406e+00
1.007009963989257812e+02
6.947899627685546875e+01
7.513899993896484375e+01
9.093399810791015625e+01
1.489799976348876953e+01
5.657000064849853516e+00
1.111200046539306641e+01
6.336999893188476562e+00
3.951999902725219727e+00
7.681000232696533203e+00
3.809999942779541016e+00
2.804000091552734375e+01
5.663999938964843750e+01
2.171800041198730469e+01
2.956000089645385742e+00
4.504800033569335938e+01
5.800000190734863281e+00
1.187100028991699219e+01
2.125099945068359375e+01
4.202000141143798828e+00
4.115100097656250000e+01
1.271989974975585938e+02
4.197999954223632812e+00
1.892700004577636719e+01
6.506400299072265625e+01
4.343799972534179688e+01
5.375999927520751953e+00
1.493000030517578125e+01
1.160900020599365234e+01
1.614100074768066406e+01
4.064099884033203125e+01
8.628000259399414062e+00
1.656320037841796875e+02
2.527700042724609375e+01
1.169499969482421875e+01
2.901999950408935547e+00
1.048489990234375000e+02
3.361000061035156250e+00
1.188799953460693359e+01
6.736000061035156250e+00
5.984999847412109375e+01
5.987999916076660156e+00
8.192299652099609375e+01
2.278400039672851562e+01
1.076200008392333984e+01
1.888299942016601562e+01
7.032000064849853516e+00
7.236699676513671875e+01
4.960000038146972656e+00
4.615100097656250000e+01
3.873899841308593750e+01
8.526699829101562500e+01
3.937200164794921875e+01
6.216099929809570312e+01
4.372000217437744141e+00
4.565000057220458984e+00
2.017600059509277344e+01
3.247999906539916992e+00
2.612210083007812500e+02
2.123999977111816406e+01
1.041000008583068848e+00
2.112999916076660156e+00
1.472000002861022949e+00
2.498800086975097656e+01
5.320199966430664062e+01
3.627500152587890625e+01
1.307999968528747559e+00
5.883999824523925781e+00
7.106999874114990234e+00
5.075600051879882812e+01
4.018600082397460938e+01
5.258900070190429688e+01
1.379459991455078125e+02
1.718000030517578125e+01
1.210920028686523438e+02
8.614999771118164062e+00
2.387000083923339844e+00
8.800999641418457031e+00
2.915999889373779297e+00
4.096000194549560547e+00
1.601139984130859375e+02
2.049000024795532227e+00
9.719100189208984375e+01
7.110900115966796875e+01
3.015000104904174805e+00
1.945400047302246094e+01
5.399000167846679688e+00
6.163000106811523438e+00
1.722999954223632812e+01
6.326499938964843750e+01
4.430500030517578125e+01
5.314699935913085938e+01
1.090299987792968750e+01
1.297299957275390625e+01
4.763399887084960938e+01
3.882699966430664062e+01
1.218369979858398438e+02
1.082999944686889648e+00
7.734000205993652344e+00
2.168499946594238281e+01
1.157999992370605469e+00
1.180250015258789062e+02
4.567999839782714844e+00
8.442999839782714844e+00
4.477000045776367188e+01
1.221959991455078125e+02
8.996000289916992188e+00
2.072000026702880859e+00
3.322999954223632812e+00
4.323999881744384766e+00
1.461800003051757812e+01
1.705999970436096191e+00
3.882999897003173828e+00
2.217999935150146484e+00
2.844000101089477539e+00
1.809300041198730469e+01
2.562999963760375977e+00
2.548000097274780273e+00
7.964000225067138672e+00
3.010600090026855469e+01
6.408999919891357422e+00
2.311000108718872070e+00
3.693700027465820312e+01
6.256999969482421875e+00
5.176000118255615234e+00
3.700999975204467773e+00
1.271999955177307129e+00
2.759000062942504883e+00
4.624000167846679688e+01
1.990099906921386719e+01
1.991999983787536621e+00
4.585400009155273438e+01
2.194000005722045898e+00
3.260999917984008789e+00
5.120999813079833984e+00
8.748400115966796875e+01
7.361000061035156250e+00
3.115999937057495117e+00
3.630000114440917969e+00
2.503000068664550781e+01
9.690999984741210938e+00
4.869999885559082031e+00
9.390000104904174805e-01
6.467000007629394531e+00
1.457999944686889648e+00
9.219999909400939941e-01
7.763999938964843750e+00
5.357099914550781250e+01
1.712000012397766113e+00
3.325999975204467773e+00
1.128150024414062500e+02
3.368999958038330078e+00
7.025000095367431641e+00
1.084200000762939453e+01
9.623999595642089844e+00
7.620000243186950684e-01
4.068999767303466797e+00
5.222900009155273438e+01
1.127639999389648438e+02
3.896599960327148438e+01
1.450899982452392578e+01
5.647999763488769531e+00
3.187000036239624023e+00
6.680899810791015625e+01
1.734980010986328125e+02
1.369200038909912109e+01
2.158999919891357422e+00
1.402769927978515625e+02
3.499000072479248047e+00
2.142999887466430664e+00
4.504000186920166016e+00
1.777270050048828125e+02
2.737500000000000000e+01
4.240799865722656250e+02
4.355000019073486328e+00
1.264599990844726562e+01
1.886000037193298340e+00
3.209500122070312500e+01
1.031940002441406250e+02
3.055000066757202148e+00
4.074800109863281250e+01
6.342999935150146484e+00
3.617000102996826172e+00
3.433000087738037109e+00
1.162399959564208984e+01
5.945600128173828125e+01
1.023200035095214844e+01
6.239300155639648438e+01
1.077000045776367188e+01
1.234089965820312500e+02
3.091600036621093750e+01
7.008999633789062500e+01
1.301219940185546875e+02
1.513000011444091797e+00
1.851999998092651367e+00
3.270500183105468750e+01
1.062000036239624023e+00
2.114200019836425781e+01
1.660400009155273438e+01
6.051000118255615234e+00
6.545000076293945312e+00
1.375300025939941406e+01
1.962199974060058594e+01
3.544800186157226562e+01
2.196000099182128906e+00
5.949599838256835938e+01
4.019000053405761719e+00
8.977999687194824219e+00
4.535699844360351562e+01
6.492600250244140625e+01
5.994999885559082031e+00
1.921999931335449219e+01
4.807000160217285156e+00
7.443999767303466797e+00
1.757799911499023438e+01
5.914000034332275391e+00
2.845999956130981445e+00
6.640999794006347656e+00
1.862039947509765625e+02
2.067000007629394531e+01
5.695800018310546875e+01
3.776999950408935547e+00
4.106999969482421875e+01
7.165999889373779297e+00
2.835999965667724609e+00
1.092659988403320312e+02
6.244999885559082031e+00
2.118619995117187500e+02
2.186000108718872070e+00
1.297000050544738770e+00
9.888800048828125000e+01
1.745000004768371582e+00
4.081999969482421875e+01
4.806000232696533203e+00
3.863899993896484375e+01
3.002099990844726562e+01
5.510900115966796875e+01
5.085000038146972656e+00
2.552000045776367188e+00
9.140000343322753906e+00
3.002000045776367188e+01
6.243999958038330078e+00
3.924000024795532227e+00
2.288400077819824219e+01
1.929999947547912598e+00
2.886000061035156250e+01
1.644799995422363281e+01
4.151999950408935547e+00
1.406999945640563965e+00
2.254899978637695312e+01
2.506000041961669922e+00
7.409999966621398926e-01
1.319200038909912109e+01
7.632999897003173828e+00
1.170300006866455078e+01
9.847999572753906250e+00
4.045000076293945312e+00
2.653800010681152344e+01
4.626999855041503906e+00
1.142000007629394531e+01
7.282000064849853516e+00
9.319000244140625000e+00
4.609000205993652344e+00
4.872000217437744141e+00
1.616000056266784668e+00
8.653299713134765625e+01
2.359999895095825195e+00
2.888999938964843750e+00
1.666000008583068848e+00
8.220999717712402344e+00
2.676700019836425781e+01
2.729000091552734375e+00
7.864999771118164062e+00
1.205500030517578125e+01
3.227999925613403320e+00
1.101569976806640625e+02
5.528799819946289062e+01
1.613000035285949707e+00
8.208000183105468750e+00
2.773000001907348633e+00
3.752000093460083008e+00
3.061000108718872070e+00
7.540999889373779297e+00
6.544599914550781250e+01
9.135000228881835938e+00
2.091500091552734375e+01
1.730999946594238281e+00
5.283700180053710938e+01
2.468700027465820312e+01
1.513639984130859375e+02
2.271199989318847656e+01
5.715000152587890625e+00
4.804999828338623047e+00
1.995199966430664062e+01
1.784999966621398926e+00
2.573999881744384766e+00
9.369000434875488281e+00
2.703999996185302734e+00
4.039999961853027344e+00
1.588000059127807617e+00
1.004899978637695312e+01
4.530000090599060059e-01
5.316999912261962891e+00
5.971000194549560547e+00
2.109999954700469971e-01
1.087100028991699219e+01
2.424000024795532227e+00
1.752099990844726562e+01
1.440999984741210938e+00
4.597299957275390625e+01
7.298999786376953125e+00
8.737999916076660156e+00
3.710000038146972656e+00
1.195999979972839355e+00
4.224700164794921875e+01
3.567100143432617188e+01
1.360499954223632812e+01
1.286100006103515625e+01
1.592399978637695312e+01
1.815570068359375000e+02
8.959500122070312500e+01
4.701699829101562500e+01
2.118260040283203125e+02
1.115569992065429688e+02
9.288600158691406250e+01
2.224399948120117188e+01
8.932399749755859375e+01
1.588799953460693359e+01
2.138000011444091797e+00
1.021399974822998047e+01
8.410199737548828125e+01
1.894060058593750000e+02
3.862999916076660156e+00
7.047999858856201172e+00
4.903400039672851562e+01
1.718000054359436035e+00
1.054599952697753906e+01
2.776999950408935547e+00
6.114999771118164062e+00
3.365999937057495117e+00
1.019000053405761719e+00
7.631999969482421875e+00
1.764000058174133301e+00
9.520000457763671875e+00
3.520520019531250000e+02
1.507699966430664062e+01
5.558300018310546875e+01
4.169000148773193359e+00
3.523999929428100586e+00
3.361999988555908203e+00
4.137000083923339844e+00
3.042999982833862305e+00
2.324500083923339844e+01
2.460999965667724609e+00
1.074580001831054688e+02
1.370039978027343750e+02
4.651900100708007812e+01
2.616399955749511719e+01
6.065000057220458984e+00
4.183000087738037109e+00
1.572299957275390625e+01
4.461999893188476562e+00
1.478999972343444824e+00
1.074499988555908203e+01
1.486999988555908203e+00
9.671999931335449219e+00
2.381200027465820312e+01
1.439000010490417480e+00
1.898000001907348633e+00
3.063999891281127930e+00
4.238999843597412109e+00
9.426300048828125000e+01
2.766000032424926758e+00
8.999999761581420898e-01
1.184000015258789062e+00
4.388999938964843750e+00
