1.435279375000000000e+05
1.863616562500000000e+05
7.535700195312500000e+03
1.334307187500000000e+05
1.332163940429687500e+03
1.079645000000000000e+05
1.153887304687500000e+04
2.067509375000000000e+05
2.071687812500000000e+05
3.164334375000000000e+04
8.373900390625000000e+03
7.210789794921875000e+02
7.753913125000000000e+05
1.528319726562500000e+04
8.814900207519531250e+01
9.298161132812500000e+03
4.172419062500000000e+05
3.481557500000000000e+05
4.493149902343750000e+03
5.846729003906250000e+03
8.600499877929687500e+02
1.040772734375000000e+05
8.479609375000000000e+03
4.505559375000000000e+04
1.205185156250000000e+04
3.854945068359375000e+03
1.692809179687500000e+04
1.166021406250000000e+05
3.268074062500000000e+05
1.300994018554687500e+03
7.641121875000000000e+04
2.104766210937500000e+04
1.562178125000000000e+04
4.254288437500000000e+05
7.759900781250000000e+04
2.511577880859375000e+03
4.984063964843750000e+03
1.288781640625000000e+04
6.924240000000000000e+05
2.168610546875000000e+04
1.333864375000000000e+05
4.406548046875000000e+04
1.087809863281250000e+04
5.669443847656250000e+03
3.050541015625000000e+03
1.481043261718750000e+04
3.668563964843750000e+03
8.775792968750000000e+03
3.436072265625000000e+04
1.264954956054687500e+03
6.917873437500000000e+04
1.773109985351562500e+03
5.174476875000000000e+05
1.240229453125000000e+05
2.018270312500000000e+04
3.308717578125000000e+04
2.823057187500000000e+05
4.011001953125000000e+03
3.511517089843750000e+03
9.658001953125000000e+03
1.384981875000000000e+05
6.984719848632812500e+02
7.350097167968750000e+03
1.326042187500000000e+05
4.778705937500000000e+05
5.505283203125000000e+03
2.828031875000000000e+05
1.912219970703125000e+03
1.565211425781250000e+04
6.519840087890625000e+02
3.116081054687500000e+03
1.626421997070312500e+03
2.447758007812500000e+04
8.354941406250000000e+03
1.204267187500000000e+05
3.989191894531250000e+03
3.354735107421875000e+03
2.217646250000000000e+05
2.538753593750000000e+05
2.379847900390625000e+03
1.536352343750000000e+04
5.183998046875000000e+03
3.226110107421875000e+03
4.876646250000000000e+05
2.362202812500000000e+05
2.129960021972656250e+02
1.674400156250000000e+05
1.985344970703125000e+03
3.394002929687500000e+03
2.209293945312500000e+04
1.556342041015625000e+03
7.707150878906250000e+03
5.383141875000000000e+05
8.801634765625000000e+03
2.976437011718750000e+03
1.461272031250000000e+05
2.689006103515625000e+03
9.989733398437500000e+03
2.451895996093750000e+03
1.112129394531250000e+04
7.915480957031250000e+03
1.057903515625000000e+04
1.276042343750000000e+05
2.630990000000000000e+05
9.180200195312500000e+02
1.311805566406250000e+04
5.410416015625000000e+03
6.431807500000000000e+05
2.632876757812500000e+04
5.760989375000000000e+05
1.995107055664062500e+03
6.261937988281250000e+03
7.722506835937500000e+03
1.458259863281250000e+04
8.189055175781250000e+03
6.727019042968750000e+03
4.495132812500000000e+03
6.971537109375000000e+03
3.435390014648437500e+02
2.408594726562500000e+04
7.579839843750000000e+03
2.678158593750000000e+04
8.787413281250000000e+04
7.809388183593750000e+03
2.892544687500000000e+05
6.243341015625000000e+04
5.536578125000000000e+03
2.275651562500000000e+05
6.398141113281250000e+03
4.624998125000000000e+05
1.131747875000000000e+06
2.968705078125000000e+03
1.045948437500000000e+05
5.347027832031250000e+03
3.906119995117187500e+02
9.218142578125000000e+03
1.119467041015625000e+03
2.421100976562500000e+04
8.872347656250000000e+03
5.829128906250000000e+04
7.945777832031250000e+03
4.397120056152343750e+02
1.072121191406250000e+04
5.082709960937500000e+02
3.081894062500000000e+05
7.533099975585937500e+02
3.710847656250000000e+04
4.370503515625000000e+04
1.700553710937500000e+04
1.063873593750000000e+05
1.687010546875000000e+04
5.497157226562500000e+03
1.108979980468750000e+03
2.807969375000000000e+05
3.284580078125000000e+02
3.808936035156250000e+03
1.345167031250000000e+05
8.130312988281250000e+03
9.436380004882812500e+02
1.141448974609375000e+03
2.201560058593750000e+03
4.978569824218750000e+03
1.295632812500000000e+04
2.212885009765625000e+03
7.798350097656250000e+03
6.008079833984375000e+02
1.452937988281250000e+03
1.953178593750000000e+05
1.568185312500000000e+05
1.180361523437500000e+04
1.104840011596679688e+02
7.939659179687500000e+03
6.464162500000000000e+05
2.029040039062500000e+04
2.447839965820312500e+02
1.188690032958984375e+02
1.267419967651367188e+02
3.004450000000000000e+04
1.984206054687500000e+04
4.476166406250000000e+04
6.704521972656250000e+03
8.730088281250000000e+04
1.614076562500000000e+05
2.854803750000000000e+05
6.964668750000000000e+05
3.100124023437500000e+03
4.741220092773437500e+02
2.279124414062500000e+04
1.633671875000000000e+04
1.234779980468750000e+04
1.356194843750000000e+05
4.510698242187500000e+03
4.486516113281250000e+03
3.542149963378906250e+02
3.194182500000000000e+05
3.068342500000000000e+05
1.626670937500000000e+05
2.062652656250000000e+05
2.561978027343750000e+03
1.221697167968750000e+04
3.461987060546875000e+03
2.392805078125000000e+04
1.240900078125000000e+05
6.151780468750000000e+04
1.048123671875000000e+05
2.505190917968750000e+03
5.841669921875000000e+02
8.205391250000000000e+05
7.321920898437500000e+03
1.069017944335937500e+03
1.034974609375000000e+04
1.742290039062500000e+02
1.311371948242187500e+03
4.006745117187500000e+03
2.793215312500000000e+05
6.264959716796875000e+02
2.575978437500000000e+05
5.118320800781250000e+03
4.484047851562500000e+03
9.114346875000000000e+04
3.584272949218750000e+03
2.544501953125000000e+03
5.549390258789062500e+02
7.520289916992187500e+02
4.054530468750000000e+04
3.536428437500000000e+05
3.788540039062500000e+03
6.987801757812500000e+03
5.392760009765625000e+02
1.238397031250000000e+05
4.030801875000000000e+05
9.225679931640625000e+02
5.028789978027343750e+02
1.053281835937500000e+04
7.483304199218750000e+03
1.287766503906250000e+04
1.160608032226562500e+03
4.815763183593750000e+03
2.697319091796875000e+03
9.187309375000000000e+04
6.609268750000000000e+05
1.655114990234375000e+03
6.911432031250000000e+04
2.332059960937500000e+04
5.557584375000000000e+05
9.256145312500000000e+04
1.519648437500000000e+05
1.049121582031250000e+04
3.640751875000000000e+05
3.997333007812500000e+03
5.374816894531250000e+03
3.106316406250000000e+04
2.541119726562500000e+04
1.678392968750000000e+05
5.095349121093750000e+03
1.681224023437500000e+04
2.015191718750000000e+05
1.940076250000000000e+05
4.208390625000000000e+05
6.542619140625000000e+03
2.356396972656250000e+03
1.224913476562500000e+04
1.905058750000000000e+05
9.870007812500000000e+03
7.100034375000000000e+05
2.218288085937500000e+03
1.261337695312500000e+04
1.857248046875000000e+03
1.177673906250000000e+05
5.979818847656250000e+03
7.902940063476562500e+02
3.057725097656250000e+03
1.829762695312500000e+04
1.941472045898437500e+03
1.869343017578125000e+03
5.483969726562500000e+02
1.968762656250000000e+05
1.453388437500000000e+05
1.922235625000000000e+05
1.714619018554687500e+03
2.948227500000000000e+05
6.219853906250000000e+04
4.784586914062500000e+03
3.438687011718750000e+03
4.667650146484375000e+02
6.416778906250000000e+04
2.633123437500000000e+04
8.971405273437500000e+03
4.054695068359375000e+03
3.163236328125000000e+04
1.149909057617187500e+03
1.897886962890625000e+03
5.726829833984375000e+02
7.688738769531250000e+03
6.204825625000000000e+05
2.069096093750000000e+05
6.045912109375000000e+03
5.821946777343750000e+03
1.025408398437500000e+04
8.398710000000000000e+05
3.526225625000000000e+05
9.539795898437500000e+03
2.027796679687500000e+04
3.388999938964843750e+02
4.522958007812500000e+03
3.737916992187500000e+03
1.203823925781250000e+04
3.193068437500000000e+05
1.138876660156250000e+04
1.770521718750000000e+05
2.270927148437500000e+04
1.926292968750000000e+03
1.619443969726562500e+03
3.090422119140625000e+03
1.999222851562500000e+04
2.334355625000000000e+05
7.254709960937500000e+03
1.462180023193359375e+02
5.608229980468750000e+02
8.611817968750000000e+04
4.750137207031250000e+03
2.853680114746093750e+02
1.184773046875000000e+04
1.953085000000000000e+05
6.358951953125000000e+04
1.262595800781250000e+04
4.872664453125000000e+04
9.121021484375000000e+03
5.252797656250000000e+04
1.045936250000000000e+05
3.270133437500000000e+05
1.053120781250000000e+05
6.132102050781250000e+03
2.415391875000000000e+05
3.566749218750000000e+04
3.105454375000000000e+05
1.352742656250000000e+05
3.815669062500000000e+05
3.527777099609375000e+03
1.835454956054687500e+03
1.606685351562500000e+04
4.616130065917968750e+02
3.351861562500000000e+05
2.632251367187500000e+04
1.346290429687500000e+04
5.837794921875000000e+04
2.167301171875000000e+04
1.469826250000000000e+05
1.702130004882812500e+03
4.589333593750000000e+04
3.145598046875000000e+04
1.038840942382812500e+03
1.340970605468750000e+04
1.683509979248046875e+02
2.300392089843750000e+03
3.148720092773437500e+02
1.466564375000000000e+05
1.654854003906250000e+03
1.299652954101562500e+03
1.378821093750000000e+04
3.957171875000000000e+05
2.424108886718750000e+03
7.331913085937500000e+03
3.489476171875000000e+04
2.066613037109375000e+03
9.219130468750000000e+04
1.745127031250000000e+05
1.344640014648437500e+03
1.590235156250000000e+04
1.338118066406250000e+04
1.452260351562500000e+04
1.372782958984375000e+03
2.461218554687500000e+04
5.979399871826171875e+01
1.533471406250000000e+05
5.676379882812500000e+03
3.214081054687500000e+03
1.481483789062500000e+04
1.768627812500000000e+05
6.814945800781250000e+03
2.120380078125000000e+04
1.130098022460937500e+03
1.540098632812500000e+04
3.452735156250000000e+04
1.425928906250000000e+04
2.595212695312500000e+04
1.263426953125000000e+04
7.276259765625000000e+02
7.758259887695312500e+02
2.703628750000000000e+05
3.349888125000000000e+05
3.392452880859375000e+03
8.371250000000000000e+02
2.800279687500000000e+05
1.029774937500000000e+06
1.175966015625000000e+04
3.524631875000000000e+05
3.719339453125000000e+04
3.457948974609375000e+03
1.676904843750000000e+05
9.486599731445312500e+02
8.574290625000000000e+05
6.160888750000000000e+05
3.304489990234375000e+03
2.339701757812500000e+04
5.042680175781250000e+03
8.886914062500000000e+03
8.352379760742187500e+02
9.094788085937500000e+03
2.532332031250000000e+03
2.774113671875000000e+04
8.403679687500000000e+03
2.382672119140625000e+03
4.869677734375000000e+04
9.538189697265625000e+02
1.413555175781250000e+04
1.578860156250000000e+05
1.257101953125000000e+04
1.455064218750000000e+05
5.609870117187500000e+03
5.696336914062500000e+03
6.058070800781250000e+03
1.345078002929687500e+03
2.069997343750000000e+05
3.585599609375000000e+04
1.376687988281250000e+04
4.515085937500000000e+03
7.123581250000000000e+05
1.075291562500000000e+05
9.104748046875000000e+03
7.980040283203125000e+02
4.471167968750000000e+03
3.959052978515625000e+03
2.722208593750000000e+04
3.948025878906250000e+03
1.458255004882812500e+03
1.057894531250000000e+05
4.884032226562500000e+03
5.309228027343750000e+03
2.785889892578125000e+02
2.018685058593750000e+03
1.169611171875000000e+05
1.034000312500000000e+05
4.228649902343750000e+03
1.159947998046875000e+03
7.760410156250000000e+02
3.646210546875000000e+04
4.332107421875000000e+04
9.522390000000000000e+05
2.220609843750000000e+05
7.693494140625000000e+03
1.391517089843750000e+04
2.309081835937500000e+04
2.477586718750000000e+05
8.745721093750000000e+04
4.314014375000000000e+05
4.033953437500000000e+05
1.763055053710937500e+03
8.330432031250000000e+04
9.797115234375000000e+03
2.453130035400390625e+02
3.027959899902343750e+02
3.793616562500000000e+05
7.407498437500000000e+04
1.012625000000000000e+03
7.032686035156250000e+03
1.915777929687500000e+04
3.789641113281250000e+03
1.563139746093750000e+04
2.385356933593750000e+03
5.127567871093750000e+03
2.660644375000000000e+05
1.326939648437500000e+04
2.176676953125000000e+04
1.053369500000000000e+06
7.503679809570312500e+02
4.484918945312500000e+03
1.212860961914062500e+03
4.244819946289062500e+02
3.446863037109375000e+03
1.075578002929687500e+03
3.080122656250000000e+04
1.509316113281250000e+04
4.393449218750000000e+03
7.374872070312500000e+03
3.317533935546875000e+03
1.930738281250000000e+05
1.729442812500000000e+05
3.213953515625000000e+04
4.131182187500000000e+05
7.067142187500000000e+04
6.060095214843750000e+03
2.571248046875000000e+03
1.790301367187500000e+04
7.656449218750000000e+03
4.822417968750000000e+03
1.170479003906250000e+03
2.967715312500000000e+05
1.139097265625000000e+04
2.893160095214843750e+02
2.114425625000000000e+05
5.958948828125000000e+04
1.161020996093750000e+03
1.127236230468750000e+04
1.447154052734375000e+03
7.053803222656250000e+03
9.602216406250000000e+04
1.874219970703125000e+03
1.341146972656250000e+03
2.642632500000000000e+05
6.582050170898437500e+02
3.321691875000000000e+05
3.287853027343750000e+03
7.141535000000000000e+05
2.134534375000000000e+05
1.020731542968750000e+04
6.239766113281250000e+03
1.620274047851562500e+03
5.164239062500000000e+05
1.048475097656250000e+04
1.350176025390625000e+03
1.705035034179687500e+03
8.826975000000000000e+05
5.092538085937500000e+03
6.311840209960937500e+02
4.626123046875000000e+03
8.283870239257812500e+02
1.938480957031250000e+03
7.726085937500000000e+03
3.691734765625000000e+04
8.612524414062500000e+03
2.099435058593750000e+03
4.596969909667968750e+02
1.413830664062500000e+04
6.750963125000000000e+05
4.016702343750000000e+04
5.741036132812500000e+03
3.008663125000000000e+05
8.568298828125000000e+03
5.980880126953125000e+02
2.409983789062500000e+04
2.345821044921875000e+03
3.846438964843750000e+03
4.220065625000000000e+05
3.804752929687500000e+03
4.003016796875000000e+04
1.015847558593750000e+04
1.342623144531250000e+04
2.556869375000000000e+05
1.451039062500000000e+04
3.148684082031250000e+03
3.505326953125000000e+04
3.233389892578125000e+02
3.099094970703125000e+03
2.959341875000000000e+05
6.079240234375000000e+04
1.146385742187500000e+04
2.316301025390625000e+03
3.919469909667968750e+02
3.418388437500000000e+05
2.875677978515625000e+03
1.015568066406250000e+04
3.659989929199218750e+02
8.876902343750000000e+03
1.826593359375000000e+04
1.562936035156250000e+03
7.876081054687500000e+03
7.829630126953125000e+02
9.221630859375000000e+03
1.373741796875000000e+04
1.636671020507812500e+03
1.200550683593750000e+04
4.344824218750000000e+04
1.374186230468750000e+04
2.452304375000000000e+05
2.157679882812500000e+04
1.927746679687500000e+04
5.953209375000000000e+04
1.424343164062500000e+04
4.179783984375000000e+04
1.385650683593750000e+04
2.789282958984375000e+03
1.749733032226562500e+03
1.143020410156250000e+04
2.195615468750000000e+05
1.955979218750000000e+05
7.366491406250000000e+04
2.917566992187500000e+04
1.177791015625000000e+03
5.441368125000000000e+05
1.333563574218750000e+04
2.194408203125000000e+04
2.126436875000000000e+05
4.737699890136718750e+01
2.625117968750000000e+04
1.897058959960937500e+03
2.838962304687500000e+04
2.280061875000000000e+05
5.870875000000000000e+03
5.206493359375000000e+04
2.377152099609375000e+03
1.038136425781250000e+04
4.484667812500000000e+05
2.138601562500000000e+05
2.515937988281250000e+03
2.349374414062500000e+04
1.584679531250000000e+05
2.600219140625000000e+04
1.211557910156250000e+04
6.706162109375000000e+03
1.961134033203125000e+03
1.006716979980468750e+03
3.749615966796875000e+03
2.771834570312500000e+04
6.766220312500000000e+04
5.059445312500000000e+04
9.604295898437500000e+03
1.770501953125000000e+03
1.466637939453125000e+03
1.067401953125000000e+04
1.476734008789062500e+03
1.284297558593750000e+04
1.468362343750000000e+05
8.145054199218750000e+03
1.591135986328125000e+03
1.442200878906250000e+04
1.036214843750000000e+05
3.475386962890625000e+03
1.764776977539062500e+03
1.074408593750000000e+05
1.643991406250000000e+05
3.426140136718750000e+02
1.548740966796875000e+03
6.273994140625000000e+03
8.455067187500000000e+04
4.056806250000000000e+05
1.986803125000000000e+05
1.645225976562500000e+04
4.196386230468750000e+03
5.135167968750000000e+03
2.537447343750000000e+05
2.368454843750000000e+05
3.585760009765625000e+03
2.843161718750000000e+04
5.726778125000000000e+05
1.656057006835937500e+03
1.403850937500000000e+05
2.030727148437500000e+04
5.017324062500000000e+05
3.038527812500000000e+05
2.941269042968750000e+03
1.325255781250000000e+05
8.308814453125000000e+03
4.919437988281250000e+03
2.544075390625000000e+04
5.909969238281250000e+03
3.611858593750000000e+04
4.051778076171875000e+03
2.349222265625000000e+04
2.178715087890625000e+03
1.408348999023437500e+03
1.517625488281250000e+04
3.006052978515625000e+03
1.329984985351562500e+03
1.945276406250000000e+05
5.833950195312500000e+02
2.970725625000000000e+05
3.973456054687500000e+03
1.244369628906250000e+04
5.037814941406250000e+03
2.123956640625000000e+04
5.501214843750000000e+03
1.760438867187500000e+04
4.374990625000000000e+04
3.633700937500000000e+05
9.565706054687500000e+03
6.231250390625000000e+04
3.484055312500000000e+05
1.386376500000000000e+06
1.354865312500000000e+05
1.622098022460937500e+03
2.963705078125000000e+04
2.902274902343750000e+03
1.046487988281250000e+04
5.733711914062500000e+03
1.730346875000000000e+04
6.668337500000000000e+05
1.103629785156250000e+04
1.613887939453125000e+03
5.695601074218750000e+03
2.277061406250000000e+05
2.487470703125000000e+04
6.027941796875000000e+04
1.624230957031250000e+03
2.753810312500000000e+05
1.238445781250000000e+05
3.777791992187500000e+03
1.076031640625000000e+04
8.296232421875000000e+03
1.553782617187500000e+04
7.491469238281250000e+03
7.706965820312500000e+03
7.177907031250000000e+04
7.842164062500000000e+03
1.557796562500000000e+05
3.086758056640625000e+03
2.979142578125000000e+04
2.819408789062500000e+04
1.395538281250000000e+04
5.008070068359375000e+02
2.554921250000000000e+05
1.190894921875000000e+04
1.038319453125000000e+05
1.400180053710937500e+03
4.055543750000000000e+05
2.383145019531250000e+03
9.493708007812500000e+03
7.930402832031250000e+03
5.032714375000000000e+05
6.447683203125000000e+04
1.233854492187500000e+04
5.944352050781250000e+03
2.891682812500000000e+04
7.209500000000000000e+03
2.546542968750000000e+03
1.057442578125000000e+04
1.285386640625000000e+05
1.371831054687500000e+03
1.269573974609375000e+03
5.922181152343750000e+03
1.271222460937500000e+04
3.668408984375000000e+04
5.943457031250000000e+03
1.349147500000000000e+05
1.979703710937500000e+04
6.418157226562500000e+03
5.269081250000000000e+05
1.109173144531250000e+04
4.857300109863281250e+02
1.591475952148437500e+03
1.013505664062500000e+04
3.041969687500000000e+05
1.575193593750000000e+05
9.406975781250000000e+04
5.346312988281250000e+03
4.771214843750000000e+03
4.850808125000000000e+05
3.857279062500000000e+05
1.799590039062500000e+04
2.340479003906250000e+03
8.433204101562500000e+03
1.799122265625000000e+04
4.727310058593750000e+03
6.242780151367187500e+02
9.517012695312500000e+03
8.376690063476562500e+02
6.005969238281250000e+03
3.781554375000000000e+05
2.668178955078125000e+03
1.894199981689453125e+02
1.403410034179687500e+03
1.667216210937500000e+04
1.286858496093750000e+04
1.176776855468750000e+04
2.609100976562500000e+04
1.151497812500000000e+05
4.344885546875000000e+04
1.639302343750000000e+05
1.647552978515625000e+03
6.903715820312500000e+03
3.603296250000000000e+05
8.211109375000000000e+03
1.267005004882812500e+03
3.839245312500000000e+04
2.388243554687500000e+04
2.678893359375000000e+04
1.390624707031250000e+04
3.405626250000000000e+05
2.273472968750000000e+05
1.068260000000000000e+05
1.952935156250000000e+04
7.538278125000000000e+05
1.017988203125000000e+05
5.948379882812500000e+03
8.927785156250000000e+03
5.729715625000000000e+05
7.596560058593750000e+02
4.615489062500000000e+04
1.450823750000000000e+05
2.262757656250000000e+05
1.621086914062500000e+04
1.696682812500000000e+05
1.325135009765625000e+03
2.912845937500000000e+05
1.807143164062500000e+04
5.708109741210937500e+02
9.199424804687500000e+03
5.772447500000000000e+05
1.183406054687500000e+04
3.215050048828125000e+03
4.229604687500000000e+04
5.684140014648437500e+02
7.180685058593750000e+03
2.063276093750000000e+05
4.775921875000000000e+05
3.977458007812500000e+03
3.487846923828125000e+03
1.216150703125000000e+05
1.062160839843750000e+04
6.870269775390625000e+02
1.555953125000000000e+04
2.812633437500000000e+05
5.120118164062500000e+03
1.970563671875000000e+04
7.672766113281250000e+03
1.508361562500000000e+05
5.630809082031250000e+03
6.575988125000000000e+05
3.640944091796875000e+03
7.073660278320312500e+02
7.305909179687500000e+03
2.127739990234375000e+03
1.546170043945312500e+02
7.357934082031250000e+03
2.613469848632812500e+02
2.159989990234375000e+03
1.644876953125000000e+03
2.579184843750000000e+05
2.586369921875000000e+04
2.249049072265625000e+03
3.267591992187500000e+04
9.218775390625000000e+03
1.753587109375000000e+04
1.363474218750000000e+04
3.447742919921875000e+03
4.980745117187500000e+03
4.659773437500000000e+05
2.060195507812500000e+04
3.878884033203125000e+03
2.258560028076171875e+02
3.160474609375000000e+04
2.919884062500000000e+05
9.041144531250000000e+04
1.222189750000000000e+06
3.631776953125000000e+04
5.132376171875000000e+04
2.387655664062500000e+04
5.642834375000000000e+04
6.525490112304687500e+02
1.978897968750000000e+05
2.510004218750000000e+05
3.988429931640625000e+03
8.413929687500000000e+03
3.308981640625000000e+04
1.346318906250000000e+05
1.487107968750000000e+05
1.511753906250000000e+05
4.606726171875000000e+04
3.354926953125000000e+04
7.626853027343750000e+03
1.056753051757812500e+03
2.075301025390625000e+03
5.291051757812500000e+03
6.461742187500000000e+03
2.692529907226562500e+02
7.589938750000000000e+05
1.854937500000000000e+05
1.167981738281250000e+04
5.135919799804687500e+02
1.304417480468750000e+04
5.213233203125000000e+04
4.864626953125000000e+03
3.428130312500000000e+05
5.520378906250000000e+03
1.213042089843750000e+04
1.790521406250000000e+05
2.151576757812500000e+04
1.519067382812500000e+04
1.854148437500000000e+05
7.788766113281250000e+03
5.225220214843750000e+03
3.918094140625000000e+04
2.081974121093750000e+03
3.604117919921875000e+03
5.147161875000000000e+05
7.079840820312500000e+03
1.283935156250000000e+04
9.015009765625000000e+03
2.256032500000000000e+05
3.029054931640625000e+03
8.448968750000000000e+03
1.353005981445312500e+03
3.618774902343750000e+03
8.848003906250000000e+03
5.262346191406250000e+03
3.147153125000000000e+04
1.039960937500000000e+04
1.209020937500000000e+05
8.875170288085937500e+02
9.905059814453125000e+02
3.093442187500000000e+05
7.472698242187500000e+03
1.042478613281250000e+04
6.270818847656250000e+03
4.741361328125000000e+04
3.157741406250000000e+04
1.014479003906250000e+03
4.357600097656250000e+02
7.609543945312500000e+03
2.043102500000000000e+05
2.178378320312500000e+04
8.437886718750000000e+03
1.064282958984375000e+03
5.190659790039062500e+02
3.357340087890625000e+02
4.776400878906250000e+03
1.485338574218750000e+04
2.481189531250000000e+05
1.480246948242187500e+03
7.031664062500000000e+03
2.628845000000000000e+05
3.991140136718750000e+02
7.968430175781250000e+02
2.384186035156250000e+03
9.673310000000000000e+05
4.868792968750000000e+03
7.622869873046875000e+02
1.454612890625000000e+04
2.271073974609375000e+03
2.602155029296875000e+03
2.435777343750000000e+05
1.953470001220703125e+02
1.559846386718750000e+04
5.639299926757812500e+02
1.347805371093750000e+04
1.531747753906250000e+04
5.120682128906250000e+03
7.661597167968750000e+03
1.949270996093750000e+03
5.696429199218750000e+03
1.882944946289062500e+03
4.268688964843750000e+03
1.849389953613281250e+02
3.879219970703125000e+03
9.171200195312500000e+03
2.005836328125000000e+04
1.022999707031250000e+04
2.971669921875000000e+02
7.635269775390625000e+02
1.052730000000000000e+05
2.638393066406250000e+03
6.204780273437500000e+02
1.305500859375000000e+05
2.579738037109375000e+03
1.679433007812500000e+04
1.924140014648437500e+02
4.144300390625000000e+04
3.066400146484375000e+02
7.962707031250000000e+03
4.371493750000000000e+04
4.655710156250000000e+04
1.680531835937500000e+04
3.331516113281250000e+03
3.064260937500000000e+04
6.169906640625000000e+04
4.498667968750000000e+03
1.700921997070312500e+03
6.862272949218750000e+03
8.237161718750000000e+04
6.462593750000000000e+04
2.515708593750000000e+04
3.839513437500000000e+05
2.076008437500000000e+05
2.157850781250000000e+04
7.890313281250000000e+04
4.444869995117187500e+02
5.308711914062500000e+03
7.215107031250000000e+04
1.420820007324218750e+02
1.003739687500000000e+06
3.048208984375000000e+03
4.818852734375000000e+04
7.150911132812500000e+03
5.712160546875000000e+04
1.280438085937500000e+04
5.714781250000000000e+05
1.717718750000000000e+04
2.232363037109375000e+03
2.923538085937500000e+03
1.679297973632812500e+03
7.108779907226562500e+02
7.941845312500000000e+04
7.456096875000000000e+04
1.766432983398437500e+03
4.161053750000000000e+05
4.638339453125000000e+04
2.983405029296875000e+03
1.150830761718750000e+04
2.621869687500000000e+05
2.610376953125000000e+03
