1.555286406250000000e+05
1.116337125000000000e+06
2.758967500000000000e+05
4.933000183105468750e+01
1.984709960937500000e+04
2.253732250000000000e+06
2.410211000000000000e+06
1.698583007812500000e+03
1.644244750000000000e+06
1.784336059570312500e+03
1.833224218750000000e+05
2.178177187500000000e+05
1.491427375000000000e+06
1.229671625000000000e+06
6.227632500000000000e+05
1.168462300000000000e+07
1.447782031250000000e+04
1.602913281250000000e+04
1.022352100000000000e+07
3.540246000000000000e+06
6.165130000000000000e+06
3.943104062500000000e+05
9.032042500000000000e+05
1.472015312500000000e+05
9.412605625000000000e+05
1.504657900000000000e+07
4.663527812500000000e+05
2.142843000000000000e+06
1.330578320312500000e+04
4.811760000000000000e+05
6.477913750000000000e+05
4.634002187500000000e+05
2.000655937500000000e+05
2.895007812500000000e+05
6.989612500000000000e+05
2.492043125000000000e+05
2.780422500000000000e+05
5.627626250000000000e+05
8.693180468750000000e+04
2.496474121093750000e+03
2.445002539062500000e+04
1.395432200000000000e+07
1.607684472656250000e+04
3.142169375000000000e+05
7.493282812500000000e+04
1.933224500000000000e+06
9.865626250000000000e+05
2.703042812500000000e+05
3.831575312500000000e+05
3.613287187500000000e+05
6.345701250000000000e+05
3.391892500000000000e+05
5.548375000000000000e+05
2.284131875000000000e+05
3.285035312500000000e+05
1.292408000000000000e+07
3.164774414062500000e+04
2.507083437500000000e+05
1.035685058593750000e+03
2.805708125000000000e+05
6.723678500000000000e+06
7.408005468750000000e+04
2.174060742187500000e+04
4.843426250000000000e+05
2.080403125000000000e+04
4.784788500000000000e+06
2.842670625000000000e+05
1.301341718750000000e+05
3.736511962890625000e+03
2.762407812500000000e+05
6.287537000000000000e+06
1.287560500000000000e+06
4.997023925781250000e+03
1.138885000000000000e+06
1.181436875000000000e+05
1.087252812500000000e+05
7.658593750000000000e+05
1.324530175781250000e+04
7.510291250000000000e+05
1.756063750000000000e+05
8.282978000000000000e+06
3.280856500000000000e+06
9.637919375000000000e+05
1.449805625000000000e+05
5.574204500000000000e+06
2.423175312500000000e+05
3.556808593750000000e+04
1.137073250000000000e+06
5.798506875000000000e+05
1.374891125000000000e+06
1.453225878906250000e+04
1.408549500000000000e+07
4.006220937500000000e+05
2.643408789062500000e+04
1.563317500000000000e+06
3.943846250000000000e+06
2.261868750000000000e+06
6.975843125000000000e+05
1.348025390625000000e+04
1.334957031250000000e+05
2.206381093750000000e+05
3.648172187500000000e+05
1.022727100000000000e+07
2.279000091552734375e+01
3.550217187500000000e+05
7.761025625000000000e+05
1.719585000000000000e+05
2.635298750000000000e+05
1.457811375000000000e+06
5.673327500000000000e+05
2.871531750000000000e+06
2.652107000000000000e+06
3.338289062500000000e+04
6.637362500000000000e+04
5.286220092773437500e+02
2.731009765625000000e+04
7.490647949218750000e+03
1.445262500000000000e+05
7.053340500000000000e+06
6.453333984375000000e+03
1.849018125000000000e+05
3.772944091796875000e+03
3.624203000000000000e+06
1.826919200000000000e+07
1.050882968750000000e+05
2.050207226562500000e+04
1.907277343750000000e+05
1.099594843750000000e+05
9.216441406250000000e+03
6.264808750000000000e+05
1.887618750000000000e+04
5.871816894531250000e+03
1.516070625000000000e+05
2.920735000000000000e+05
1.924032812500000000e+05
3.305875937500000000e+05
5.356153750000000000e+05
1.251447753906250000e+04
2.781742919921875000e+03
6.988808750000000000e+05
1.579409000000000000e+07
8.018068125000000000e+05
6.468614453125000000e+04
2.799412500000000000e+06
2.266551250000000000e+06
9.053060000000000000e+05
7.783876875000000000e+05
1.063056445312500000e+04
5.486281250000000000e+05
6.197398925781250000e+03
2.245757600000000000e+07
1.529401171875000000e+04
2.448219750000000000e+06
8.839953125000000000e+04
5.295360000000000000e+05
1.003989355468750000e+04
4.539883789062500000e+03
3.259951904296875000e+03
7.177673000000000000e+06
7.849736250000000000e+05
2.197562500000000000e+06
1.033674250000000000e+06
3.005219375000000000e+05
3.599776562500000000e+05
1.555095000000000000e+05
9.267945625000000000e+05
3.825963750000000000e+05
6.419381875000000000e+05
1.011572437500000000e+06
4.771718750000000000e+04
2.449575000000000000e+06
5.849480468750000000e+04
3.150167500000000000e+05
1.560909843750000000e+05
1.043686035156250000e+03
2.091066750000000000e+06
2.733030312500000000e+05
9.124693750000000000e+05
1.105772812500000000e+05
4.842026250000000000e+05
6.344650000000000000e+06
3.144486250000000000e+06
2.513741200000000000e+07
2.013519843750000000e+05
2.397629101562500000e+04
2.744391406250000000e+04
1.722288400000000000e+07
2.355247656250000000e+05
1.522762125000000000e+06
5.406501953125000000e+04
8.937308593750000000e+03
9.193218750000000000e+05
8.601080000000000000e+05
3.682866562500000000e+05
1.346230600000000000e+07
8.837707500000000000e+05
8.906958007812500000e+03
4.902565000000000000e+06
7.187960205078125000e+02
2.223628500000000000e+06
1.559058750000000000e+05
1.487373437500000000e+05
1.634109687500000000e+05
5.580310625000000000e+05
2.674584375000000000e+05
3.219989929199218750e+02
2.705050625000000000e+05
2.758178000000000000e+06
1.434513500000000000e+06
1.084364062500000000e+05
7.948833750000000000e+05
9.882738750000000000e+05
4.746280625000000000e+05
7.205090625000000000e+05
1.262925859375000000e+05
7.801998437500000000e+04
1.026615546875000000e+05
2.233764687500000000e+05
5.261600112915039062e+01
3.256881562500000000e+05
2.572439880371093750e+02
7.449642968750000000e+04
2.094779875000000000e+06
2.959155500000000000e+06
7.099054375000000000e+05
2.071844875000000000e+06
3.630358500000000000e+06
8.082446875000000000e+05
1.654669952392578125e+02
1.373768593750000000e+05
3.357887812500000000e+05
1.582842900000000000e+07
1.930592343750000000e+05
1.656868437500000000e+05
1.330109000000000000e+06
1.100105156250000000e+05
1.977633789062500000e+04
5.640748046875000000e+03
2.695087890625000000e+04
4.937136328125000000e+04
8.076034179687500000e+03
6.339337000000000000e+06
1.023283750000000000e+05
9.263152500000000000e+05
2.494042968750000000e+03
1.374418500000000000e+06
3.485743750000000000e+06
1.379519062500000000e+05
7.436775878906250000e+03
2.382229218750000000e+05
4.242003125000000000e+05
2.262682812500000000e+05
3.326155468750000000e+04
8.929316250000000000e+05
1.016205750000000000e+06
8.915578906250000000e+04
1.126204875000000000e+06
3.788977734375000000e+04
6.806687500000000000e+05
2.754437500000000000e+06
6.324153500000000000e+06
7.110392968750000000e+04
4.333201562500000000e+04
1.631925250000000000e+06
2.193577031250000000e+05
2.606497500000000000e+05
1.548380250000000000e+06
1.683578437500000000e+05
4.519272187500000000e+05
7.711323125000000000e+05
4.201626953125000000e+04
1.194063867187500000e+04
5.929854980468750000e+03
7.127134375000000000e+05
7.358271972656250000e+03
2.696532187500000000e+05
1.373307500000000000e+06
2.108049200000000000e+07
3.972040312500000000e+05
3.365702500000000000e+06
1.209547500000000000e+06
5.757284000000000000e+06
4.592092968750000000e+04
7.319565625000000000e+05
9.434261250000000000e+05
5.860660625000000000e+05
3.971862109375000000e+04
9.701640000000000000e+06
3.606882187500000000e+05
1.013489648437500000e+04
2.317517968750000000e+04
1.110775100000000000e+07
1.130527600000000000e+07
9.079798750000000000e+05
6.571480500000000000e+06
2.202141750000000000e+06
8.215460156250000000e+04
1.178046500000000000e+07
2.225313593750000000e+05
5.750873125000000000e+05
1.436709687500000000e+05
3.808299375000000000e+05
4.721416875000000000e+05
1.476843125000000000e+06
3.363040000000000000e+06
1.646591210937500000e+04
1.281798700000000000e+07
5.969776000000000000e+06
8.919456000000000000e+06
1.388833750000000000e+05
8.549376875000000000e+05
1.707938867187500000e+04
1.481869125000000000e+06
3.330840625000000000e+05
1.071243000000000000e+07
9.256741000000000000e+06
2.691055000000000000e+05
1.172593125000000000e+05
2.930740000000000000e+05
9.172281875000000000e+05
6.118665625000000000e+05
1.134314765625000000e+05
6.912188281250000000e+04
8.623343125000000000e+05
3.974100112915039062e+01
6.641507812500000000e+03
8.171226250000000000e+05
6.078946777343750000e+03
1.350899316406250000e+04
4.683736328125000000e+04
6.395547656250000000e+04
7.246122500000000000e+05
6.408369140625000000e+03
7.481421093750000000e+04
2.557333281250000000e+05
2.631319375000000000e+05
4.827196777343750000e+03
3.160816210937500000e+04
2.237017500000000000e+06
2.006573242187500000e+04
6.654232910156250000e+03
7.996057128906250000e+03
5.373205078125000000e+03
1.419171125000000000e+06
1.922751375000000000e+06
4.998798437500000000e+05
5.902227343750000000e+04
1.628772500000000000e+05
1.320625700000000000e+07
2.851509000000000000e+06
7.642525781250000000e+04
7.989350000000000000e+06
2.192820312500000000e+05
4.400829687500000000e+05
2.799006640625000000e+04
4.151990937500000000e+05
5.795953125000000000e+04
4.309404687500000000e+05
3.033103750000000000e+05
8.228045625000000000e+05
1.095363378906250000e+04
5.739238000000000000e+06
3.531360937500000000e+05
9.124719848632812500e+02
1.094062187500000000e+05
2.964750390625000000e+04
5.075311328125000000e+04
7.013930625000000000e+05
9.638749218750000000e+04
3.272533500000000000e+06
1.481590125000000000e+06
1.272580312500000000e+05
3.449242187500000000e+05
4.985264062500000000e+05
7.107379500000000000e+06
3.107304687500000000e+05
7.651498750000000000e+05
8.954482000000000000e+06
3.102513916015625000e+03
3.639030937500000000e+05
3.937087187500000000e+05
1.085819946289062500e+03
1.842679062500000000e+05
4.177548828125000000e+03
2.112749023437500000e+03
4.532269897460937500e+02
1.326173281250000000e+05
1.172524902343750000e+04
1.049036125000000000e+06
3.869828750000000000e+05
1.330509765625000000e+04
1.126795800000000000e+07
8.134966250000000000e+05
5.599359500000000000e+06
8.428597500000000000e+05
2.580855750000000000e+06
8.496904687500000000e+04
2.051978125000000000e+04
1.331939000000000000e+06
6.220045898437500000e+03
4.206610625000000000e+05
2.336666015625000000e+03
2.105614648437500000e+04
1.464020250000000000e+06
2.984987812500000000e+05
1.074625300000000000e+07
4.345530937500000000e+05
5.504705000000000000e+05
8.890898437500000000e+04
3.696354980468750000e+03
5.531499862670898438e+01
1.055104589843750000e+04
7.756977500000000000e+05
4.607291015625000000e+03
1.174376074218750000e+04
2.200180625000000000e+05
5.506551875000000000e+05
2.301860107421875000e+03
3.731421562500000000e+05
6.942341796875000000e+03
1.544626500000000000e+07
1.176695500000000000e+06
2.285631718750000000e+05
3.590638750000000000e+05
7.234234375000000000e+05
3.413379882812500000e+03
3.946530312500000000e+05
1.612628750000000000e+05
5.639031875000000000e+05
3.238745750000000000e+06
1.802911875000000000e+05
4.753693000000000000e+06
4.741087500000000000e+06
3.287074951171875000e+03
3.037591000000000000e+06
8.467780273437500000e+03
1.571589687500000000e+05
2.975012187500000000e+05
5.124151171875000000e+04
9.882782031250000000e+04
2.490372500000000000e+05
6.318171875000000000e+05
5.534210205078125000e+02
1.374894125000000000e+06
2.078164843750000000e+04
3.540261328125000000e+04
6.989002929687500000e+03
1.230288574218750000e+04
4.386558984375000000e+04
1.286183886718750000e+04
1.647252600000000000e+07
8.410708750000000000e+05
1.610188378906250000e+04
8.257892187500000000e+04
3.697038671875000000e+04
1.186702500000000000e+06
8.144636250000000000e+05
6.563044375000000000e+05
2.943855000000000000e+06
1.620512500000000000e+06
3.076860046386718750e+02
6.673926562500000000e+04
6.806321777343750000e+03
4.177822500000000000e+05
1.127162875000000000e+06
1.066104101562500000e+04
4.737140937500000000e+05
9.105341250000000000e+05
2.435166250000000000e+05
1.377995750000000000e+06
1.353222700000000000e+07
8.759899902343750000e+01
1.384657656250000000e+05
1.395243100000000000e+07
8.720236250000000000e+05
6.195224000000000000e+06
1.795561328125000000e+04
1.389109843750000000e+05
1.961068969726562500e+03
4.278952187500000000e+05
2.016638281250000000e+05
3.217374804687500000e+04
8.278064000000000000e+06
1.864189218750000000e+05
2.768591250000000000e+05
2.646671562500000000e+05
4.625446562500000000e+05
2.784549062500000000e+05
3.828251000000000000e+06
6.027444375000000000e+05
5.658428500000000000e+06
1.035530875000000000e+06
2.004400156250000000e+05
1.293825234375000000e+05
7.365173750000000000e+05
3.389361562500000000e+05
3.610185058593750000e+03
1.199994300000000000e+07
4.058558250000000000e+06
3.978621875000000000e+04
4.812476875000000000e+05
9.486666406250000000e+04
1.696895996093750000e+03
3.501490625000000000e+04
2.908238037109375000e+03
2.766850195312500000e+04
2.404094843750000000e+05
3.574969687500000000e+05
1.270919062500000000e+05
8.669705000000000000e+06
7.050077343750000000e+04
4.946853125000000000e+05
4.733963867187500000e+03
6.253505625000000000e+05
4.207252812500000000e+05
6.059828125000000000e+05
6.650542187500000000e+04
3.435359062500000000e+05
1.743586093750000000e+05
2.561495468750000000e+05
1.590307006835937500e+03
1.215318203125000000e+05
2.156850800000000000e+07
1.041006875000000000e+06
5.707348750000000000e+05
2.378592000000000000e+06
5.491751500000000000e+06
1.440850156250000000e+05
3.923829956054687500e+02
1.377561406250000000e+05
4.302600097656250000e+02
6.191863671875000000e+04
5.507668750000000000e+05
2.377017812500000000e+05
1.730804218750000000e+05
1.434945214843750000e+04
2.518474250000000000e+06
5.655982500000000000e+05
1.016906171875000000e+05
5.836899948120117188e+01
2.506873750000000000e+06
2.642614375000000000e+05
6.649589843750000000e+02
7.338687000000000000e+06
5.387626000000000000e+06
4.236321093750000000e+04
2.050032625000000000e+06
2.600508437500000000e+05
1.307003046875000000e+05
6.592042000000000000e+06
2.401088593750000000e+05
2.457130468750000000e+05
3.846344375000000000e+05
3.344620056152343750e+02
3.309986250000000000e+05
3.586182812500000000e+04
5.654495312500000000e+04
7.035681875000000000e+05
1.975121406250000000e+05
1.872824375000000000e+05
3.826644500000000000e+06
6.193635156250000000e+04
2.626611000000000000e+06
5.179738500000000000e+06
2.052008056640625000e+03
1.429122100000000000e+07
2.563500976562500000e+03
7.330971500000000000e+06
1.621152656250000000e+05
4.550106933593750000e+03
1.171344300000000000e+07
1.847571562500000000e+05
8.427139843750000000e+04
4.058207500000000000e+05
5.431838500000000000e+06
1.535576171875000000e+04
4.118300000000000000e+05
1.030338700000000000e+07
3.075613125000000000e+05
3.018099375000000000e+05
1.541192343750000000e+05
2.058926875000000000e+06
2.254762187500000000e+05
7.126655000000000000e+05
5.772780151367187500e+02
1.533687304687500000e+04
6.061132500000000000e+05
1.866084375000000000e+04
5.199458984375000000e+03
4.426304199218750000e+03
1.147603437500000000e+05
2.234404750000000000e+06
1.172953027343750000e+04
9.007436718750000000e+04
5.760325781250000000e+04
3.187525878906250000e+03
1.008684843750000000e+05
1.014479500000000000e+07
3.655262500000000000e+05
7.763841406250000000e+04
3.289406250000000000e+06
6.665531250000000000e+04
6.852178125000000000e+04
5.134521972656250000e+03
5.800058750000000000e+05
6.497851250000000000e+05
4.308684375000000000e+05
8.215511875000000000e+05
1.453074218750000000e+05
1.972634531250000000e+05
5.056016500000000000e+06
9.311928750000000000e+05
3.930500030517578125e+01
2.770389062500000000e+04
1.219994875000000000e+06
1.598500061035156250e+02
1.290615625000000000e+06
7.229987500000000000e+05
1.889587200000000000e+07
1.669373906250000000e+05
2.611537500000000000e+06
1.272667000000000000e+06
2.572523125000000000e+05
5.855044500000000000e+06
3.683752750000000000e+06
2.612690820312500000e+04
1.744133125000000000e+05
5.870693125000000000e+05
6.113700103759765625e+01
2.212571875000000000e+05
2.314776200000000000e+07
3.534795312500000000e+05
1.726952812500000000e+05
1.499640250000000000e+06
5.714675500000000000e+06
9.010028906250000000e+04
1.147299100000000000e+07
2.786985625000000000e+05
4.040254882812500000e+03
4.515662500000000000e+05
2.479888593750000000e+05
2.831036875000000000e+05
9.274300781250000000e+04
4.988260625000000000e+05
3.133124023437500000e+03
1.623046406250000000e+05
2.542451250000000000e+06
3.444820937500000000e+05
1.999490051269531250e+02
2.169000156250000000e+05
5.205784000000000000e+06
7.728561035156250000e+03
7.298808105468750000e+03
1.535690875000000000e+06
4.813870000000000000e+06
4.286365000000000000e+05
1.032949843750000000e+05
8.720041250000000000e+05
4.057277750000000000e+06
2.294176500000000000e+06
1.071305390625000000e+05
4.563414687500000000e+05
1.511519927978515625e+02
6.776178125000000000e+05
6.845551250000000000e+05
1.276746500000000000e+07
5.846579687500000000e+04
5.369453750000000000e+05
9.588135937500000000e+04
5.683470000000000000e+05
3.531868750000000000e+05
5.557411875000000000e+05
5.948285000000000000e+06
1.365972000000000000e+06
7.677008000000000000e+06
6.513592500000000000e+05
5.005580625000000000e+05
1.334177343750000000e+05
2.047473281250000000e+05
1.649900054931640625e+01
5.306065000000000000e+06
3.028107812500000000e+04
1.069259500000000000e+06
4.355016500000000000e+06
2.780407617187500000e+04
7.498064062500000000e+04
2.828596250000000000e+05
1.530981250000000000e+05
3.959021250000000000e+05
1.534406625000000000e+06
9.768906875000000000e+05
2.077838593750000000e+05
5.303650390625000000e+04
6.308708750000000000e+05
1.331402500000000000e+05
3.746399902343750000e+03
1.164304625000000000e+06
2.993237500000000000e+06
1.113784625000000000e+06
4.508207500000000000e+06
2.497337187500000000e+05
1.188659500000000000e+07
1.007229500000000000e+06
4.416650390625000000e+04
3.676322998046875000e+03
3.076051250000000000e+05
1.741162500000000000e+05
5.407117500000000000e+06
3.260545703125000000e+04
1.866945750000000000e+06
2.387137250000000000e+06
1.722153593750000000e+05
1.797084625000000000e+06
1.048358515625000000e+05
3.817930908203125000e+03
2.912199974060058594e+01
3.966231875000000000e+05
5.343648125000000000e+05
2.479980000000000000e+05
3.609337500000000000e+05
1.040365625000000000e+05
4.599499893188476562e+01
1.288785125000000000e+06
5.628059000000000000e+06
2.823303955078125000e+03
1.827078979492187500e+03
2.619327812500000000e+05
5.527529687500000000e+04
3.539766250000000000e+05
7.753075500000000000e+06
1.070392200000000000e+07
1.119495125000000000e+06
9.986364375000000000e+05
1.590727250000000000e+06
9.366504375000000000e+05
4.440202148437500000e+03
2.850038281250000000e+04
1.262321796875000000e+05
1.986541015625000000e+04
2.811460742187500000e+04
1.009272800000000000e+07
3.151870117187500000e+03
2.125099945068359375e+01
1.905029687500000000e+05
5.562391875000000000e+05
2.081901562500000000e+05
2.501672656250000000e+05
3.570748750000000000e+05
8.430046250000000000e+05
8.417862500000000000e+05
1.499893500000000000e+07
1.681199687500000000e+05
1.882896972656250000e+03
2.357503000000000000e+06
9.660670000000000000e+05
9.525971875000000000e+04
1.521082500000000000e+05
1.749582250000000000e+06
1.466710000000000000e+05
1.405282500000000000e+06
9.394175000000000000e+06
1.611387625000000000e+06
9.345707031250000000e+03
2.099103125000000000e+05
1.786336250000000000e+06
5.762107500000000000e+05
8.975880468750000000e+04
3.690718750000000000e+04
1.858880937500000000e+05
9.359450000000000000e+06
2.748090820312500000e+04
3.286145250000000000e+06
3.936887500000000000e+05
2.205354492187500000e+04
5.100833125000000000e+05
8.696779785156250000e+02
8.037147656250000000e+04
4.950110000000000000e+05
1.540910600000000000e+07
2.785970312500000000e+05
1.652757187500000000e+05
9.482741000000000000e+06
7.709643066406250000e+03
3.198500625000000000e+05
5.618005000000000000e+05
7.241593125000000000e+05
2.179916875000000000e+05
1.000196875000000000e+05
4.672700119018554688e+01
1.053679218750000000e+05
3.191993750000000000e+06
4.083710000000000000e+05
4.263913000000000000e+06
3.675476562500000000e+04
7.904288750000000000e+05
1.770039687500000000e+05
7.627618750000000000e+05
6.204024375000000000e+05
8.857710000000000000e+05
7.622496500000000000e+06
7.294140136718750000e+03
4.935893066406250000e+03
7.398819531250000000e+04
1.763062656250000000e+05
4.646155859375000000e+04
6.213826250000000000e+05
1.900861250000000000e+06
9.636137695312500000e+03
1.235372656250000000e+04
1.199896640625000000e+05
6.708522500000000000e+05
5.970500000000000000e+05
1.706264038085937500e+03
2.310144062500000000e+05
6.105088750000000000e+05
2.594753750000000000e+05
1.253967480468750000e+04
3.480766500000000000e+06
2.930076000000000000e+06
1.519470250000000000e+06
3.571148000000000000e+07
3.465113671875000000e+04
1.354234500000000000e+06
4.717479003906250000e+03
8.154040500000000000e+06
3.951766875000000000e+05
4.090065917968750000e+03
2.252415750000000000e+06
2.079458007812500000e+03
1.257026750000000000e+06
1.519967100000000000e+07
6.543919375000000000e+05
2.295395000000000000e+05
1.707422875000000000e+06
8.864216796875000000e+03
2.185357656250000000e+05
2.361727812500000000e+05
3.182075625000000000e+05
2.733562988281250000e+03
1.796296289062500000e+04
6.145436035156250000e+03
4.042991406250000000e+04
5.498347656250000000e+04
5.370092000000000000e+06
3.572652500000000000e+06
5.135485937500000000e+04
1.076609863281250000e+04
4.215565937500000000e+05
1.196906718750000000e+05
1.136316625000000000e+06
4.906667187500000000e+05
7.719046875000000000e+04
9.599701250000000000e+05
1.698192812500000000e+05
1.048122187500000000e+05
1.867385986328125000e+03
1.041849804687500000e+04
2.818609179687500000e+04
5.754069000000000000e+06
4.248823750000000000e+05
2.119787500000000000e+06
4.975225097656250000e+03
4.869686250000000000e+05
9.564464062500000000e+04
4.906308125000000000e+05
2.397233437500000000e+05
4.154524375000000000e+05
2.045287875000000000e+06
5.748600006103515625e+01
1.373935000000000000e+06
6.474161875000000000e+05
3.665217812500000000e+05
2.613114531250000000e+05
3.516694140625000000e+04
3.508920898437500000e+03
1.198604500000000000e+06
9.931995000000000000e+06
1.474828593750000000e+05
2.016411010742187500e+03
9.807946875000000000e+05
4.611947265625000000e+04
1.795072968750000000e+05
3.931746562500000000e+05
9.485586718750000000e+04
2.736691562500000000e+05
1.566231250000000000e+05
9.446488750000000000e+05
4.239096000000000000e+06
7.320415625000000000e+05
9.318652343750000000e+03
1.404183875000000000e+06
4.631347187500000000e+05
7.663578125000000000e+05
5.325971500000000000e+06
2.426387500000000000e+05
2.122853750000000000e+05
2.524320000000000000e+06
6.677649902343750000e+03
4.574766000000000000e+06
1.668854250000000000e+06
3.088814000000000000e+06
2.316165750000000000e+06
1.347681250000000000e+05
8.294821500000000000e+06
5.682050625000000000e+05
1.922058959960937500e+03
8.082558000000000000e+06
2.009324800000000000e+07
2.121511718750000000e+05
1.402436406250000000e+05
1.499511962890625000e+03
5.205844500000000000e+06
4.457588125000000000e+05
4.020352250000000000e+06
8.479481250000000000e+04
1.512283984375000000e+04
4.482436875000000000e+05
8.877190625000000000e+04
3.401946250000000000e+06
2.965533935546875000e+03
5.288117500000000000e+05
4.579037500000000000e+05
5.659312500000000000e+05
1.901178600000000000e+07
1.578895900000000000e+07
4.190325312500000000e+05
8.012011250000000000e+05
1.498321562500000000e+05
2.803122187500000000e+05
1.092052978515625000e+03
5.409907500000000000e+05
2.864759375000000000e+05
8.576420000000000000e+05
2.490920312500000000e+04
3.244697500000000000e+05
2.229755859375000000e+04
3.664770000000000000e+05
8.029246250000000000e+05
7.446397500000000000e+05
6.892075625000000000e+05
6.478679809570312500e+02
3.585905937500000000e+05
1.340202500000000000e+05
2.910872812500000000e+05
1.006891718750000000e+05
1.177352031250000000e+05
1.059032734375000000e+05
6.225080078125000000e+04
6.328083125000000000e+05
1.115947998046875000e+03
1.139293375000000000e+06
5.407017500000000000e+05
1.375303955078125000e+03
3.257084960937500000e+04
1.260508007812500000e+04
3.973622500000000000e+05
8.455828125000000000e+05
9.550303000000000000e+06
2.030516406250000000e+04
1.379754100000000000e+07
5.479466250000000000e+05
1.755046020507812500e+03
3.467220312500000000e+05
7.184753000000000000e+06
1.106036875000000000e+05
3.597862187500000000e+05
9.883368750000000000e+04
3.056507500000000000e+06
2.063267250000000000e+06
1.386893250000000000e+06
7.864711250000000000e+05
6.291925625000000000e+05
4.465435937500000000e+04
1.353523437500000000e+05
1.971163281250000000e+05
4.234558593750000000e+04
1.779702750000000000e+06
1.100628750000000000e+06
4.982287500000000000e+06
2.835198974609375000e+03
3.686571500000000000e+06
3.007384375000000000e+05
8.049766500000000000e+06
3.098092812500000000e+05
1.222032200000000000e+07
7.929843750000000000e+05
3.026861562500000000e+05
1.093747100000000000e+07
3.289850097656250000e+03
3.520254750000000000e+06
5.671871093750000000e+03
9.083190429687500000e+03
1.980960625000000000e+06
2.528625000000000000e+03
8.140094500000000000e+06
9.073269375000000000e+05
1.043949453125000000e+05
5.416603125000000000e+05
7.330961718750000000e+04
3.032064062500000000e+05
