1.213999986648559570e+00
2.414761718750000000e+04
9.566200256347656250e+01
5.695225781250000000e+04
6.331800079345703125e+01
1.558600044250488281e+01
8.088000297546386719e+00
2.003899955749511719e+01
3.502500152587890625e+01
2.700623046875000000e+03
1.892409973144531250e+02
4.546870117187500000e+02
3.741861083984375000e+03
6.859234863281250000e+03
9.205774414062500000e+03
1.268000006675720215e+00
1.216123925781250000e+04
1.290619726562500000e+04
6.218947656250000000e+04
2.811000108718872070e+00
9.138500213623046875e+01
1.421705566406250000e+04
2.150499916076660156e+01
1.410540234375000000e+04
2.086930908203125000e+03
5.538882812500000000e+04
7.505632812500000000e+03
1.688518945312500000e+04
1.342700004577636719e+01
1.084300041198730469e+01
8.557000160217285156e+00
5.477495117187500000e+03
2.285235351562500000e+04
2.103602050781250000e+03
6.943029785156250000e+02
9.227954687500000000e+04
1.251799964904785156e+01
1.274000048637390137e+00
1.837720031738281250e+02
2.201700019836425781e+01
5.307563964843750000e+03
5.539000034332275391e+00
6.936999797821044922e+00
6.328403515625000000e+04
1.269299983978271484e+01
3.290999889373779297e+00
5.741999816894531250e+01
6.941100311279296875e+01
2.822000026702880859e+00
1.107237890625000000e+04
9.701000213623046875e+00
3.442542968750000000e+03
1.661329956054687500e+02
6.139151953125000000e+04
1.139484985351562500e+03
2.315099906921386719e+01
9.858384765625000000e+03
5.360000133514404297e+00
2.677000045776367188e+00
1.838999938964843750e+01
1.021907128906250000e+04
6.236291015625000000e+04
7.799550781250000000e+03
3.354722656250000000e+04
6.380000114440917969e-01
5.913141796875000000e+04
6.217892089843750000e+03
8.344298828125000000e+03
3.864400100708007812e+01
1.430804687500000000e+04
7.269516113281250000e+03
6.037000179290771484e+00
4.988529296875000000e+04
2.773000001907348633e+00
1.441569726562500000e+04
1.815299987792968750e+01
1.388913085937500000e+04
2.128193750000000000e+04
4.815044531250000000e+04
4.119699859619140625e+01
8.620088867187500000e+03
6.019844238281250000e+03
1.094335078125000000e+05
2.793473437500000000e+04
2.734739990234375000e+02
7.992085156250000000e+04
1.417139062500000000e+04
1.477746679687500000e+04
3.882999897003173828e+00
7.886804199218750000e+03
4.363800048828125000e+01
1.251144628906250000e+04
6.248000144958496094e+00
3.722399902343750000e+01
3.103199958801269531e+01
4.188124218750000000e+04
2.763999938964843750e+00
3.604000091552734375e+00
1.817999958992004395e+00
2.876822460937500000e+04
2.354000091552734375e+00
9.312999725341796875e+00
4.007999897003173828e+00
1.598125488281250000e+04
2.194599914550781250e+01
1.013130035400390625e+02
4.221000194549560547e+00
5.112571777343750000e+03
7.329529785156250000e+03
2.978576562500000000e+04
1.933229980468750000e+02
2.795807421875000000e+04
2.166842773437500000e+04
2.344849218750000000e+04
3.777999877929687500e+01
3.307846093750000000e+04
2.710999965667724609e+00
1.507699966430664062e+01
2.054899978637695312e+01
1.290459765625000000e+04
4.023109375000000000e+04
5.427000045776367188e+00
4.071719140625000000e+04
2.433688281250000000e+04
2.924000024795532227e+00
2.282623437500000000e+04
8.588014648437500000e+03
8.638999938964843750e+00
9.997221679687500000e+03
1.400800037384033203e+01
5.271999835968017578e+00
7.305230102539062500e+02
7.493399810791015625e+01
4.018806250000000000e+04
5.329359741210937500e+02
2.393349804687500000e+04
4.412000179290771484e+00
2.263668164062500000e+04
1.430837109375000000e+04
4.288205078125000000e+04
1.250934277343750000e+04
6.267908984375000000e+04
1.958999991416931152e+00
8.049609985351562500e+02
1.831483398437500000e+04
3.362999916076660156e+00
4.348999977111816406e+00
9.914499664306640625e+01
2.592700004577636719e+01
1.057858984375000000e+04
5.734000205993652344e+00
1.011650009155273438e+02
3.761700057983398438e+01
2.003984008789062500e+03
1.910229949951171875e+02
9.587526367187500000e+03
6.678139160156250000e+03
1.199680023193359375e+02
1.809181835937500000e+04
7.748942871093750000e+03
1.364099979400634766e+01
1.536569433593750000e+04
1.669400024414062500e+01
1.159302978515625000e+03
9.250916992187500000e+03
2.168249969482421875e+02
5.952600097656250000e+01
1.677899932861328125e+01
1.218890991210937500e+03
2.654000043869018555e+00
2.012440820312500000e+04
3.026388281250000000e+04
3.851000070571899414e+00
1.732048632812500000e+04
1.560413476562500000e+04
7.693815917968750000e+03
1.246446679687500000e+04
5.401190185546875000e+02
3.759999990463256836e+00
3.487999916076660156e+00
2.641161523437500000e+04
1.935559997558593750e+02
3.288000106811523438e+01
1.155599975585937500e+01
3.577799987792968750e+01
9.314800262451171875e+01
3.954655029296875000e+03
5.659999847412109375e+00
7.973999977111816406e+00
2.069559936523437500e+02
5.025982910156250000e+03
1.980500030517578125e+01
3.098000049591064453e+00
1.493200073242187500e+02
1.446060028076171875e+02
1.855660546875000000e+04
7.839312988281250000e+03
4.964199829101562500e+01
1.039749984741210938e+02
2.529700088500976562e+01
1.961241406250000000e+04
2.698761718750000000e+04
1.284999966621398926e+00
2.278901953125000000e+04
1.582861132812500000e+04
7.191409912109375000e+02
2.851999998092651367e+00
2.622360742187500000e+04
2.240695117187500000e+04
1.022645156250000000e+05
4.490674218750000000e+04
2.437999963760375977e+00
4.522352343750000000e+04
2.492420043945312500e+02
3.308990966796875000e+03
2.001960351562500000e+04
2.813199996948242188e+01
3.503777734375000000e+04
8.179093750000000000e+04
1.262944921875000000e+04
3.058000087738037109e+00
4.678810119628906250e+02
3.494999885559082031e+00
3.545100021362304688e+01
1.582499980926513672e+01
4.093346484375000000e+04
2.000999927520751953e+00
1.570421875000000000e+04
3.311000108718872070e+00
3.408020312500000000e+04
2.270400047302246094e+01
1.015289993286132812e+02
6.541259765625000000e+02
1.163079986572265625e+02
2.801199951171875000e+02
1.470067480468750000e+04
9.759805468750000000e+04
4.192100143432617188e+01
1.816999687500000000e+05
6.759345214843750000e+03
4.158399963378906250e+02
1.908979949951171875e+02
3.981230859375000000e+04
6.442099761962890625e+01
1.024100017547607422e+01
3.781782812500000000e+04
9.013976562500000000e+03
2.030299949645996094e+01
2.059887109375000000e+04
1.381052929687500000e+04
1.444310546875000000e+04
1.994099998474121094e+01
7.451397949218750000e+03
2.531444140625000000e+04
2.849999904632568359e+00
8.167998046875000000e+03
7.862999916076660156e+00
3.165200042724609375e+01
2.761199951171875000e+01
2.850476367187500000e+04
8.556099700927734375e+01
1.015799999237060547e+01
9.134732421875000000e+03
4.253300094604492188e+01
4.222902832031250000e+03
2.361694726562500000e+04
1.629299926757812500e+01
2.007600021362304688e+01
3.070166992187500000e+03
1.347200012207031250e+01
1.401980781250000000e+05
9.902999877929687500e+00
2.404299926757812500e+01
2.624031054687500000e+04
1.395815527343750000e+04
7.179068847656250000e+03
2.077000045776367188e+01
9.166928710937500000e+03
2.193199920654296875e+01
6.257953125000000000e+03
1.097334082031250000e+04
5.618000030517578125e+00
6.086800003051757812e+01
7.805989062500000000e+04
8.874792187500000000e+04
3.958617187500000000e+04
3.033799934387207031e+01
1.107202929687500000e+04
1.575699996948242188e+01
6.753199768066406250e+01
1.792570037841796875e+02
4.958379687500000000e+04
5.417867187500000000e+04
2.467183789062500000e+04
1.556391601562500000e+04
1.882799911499023438e+01
8.021742187500000000e+04
1.355513281250000000e+05
1.744700050354003906e+01
6.359799957275390625e+01
1.244673535156250000e+04
3.054366406250000000e+04
1.386999964714050293e+00
3.897800064086914062e+01
1.167399978637695312e+01
2.852441894531250000e+03
4.230119934082031250e+02
8.826000213623046875e+00
7.521649780273437500e+02
3.298200927734375000e+03
2.434999942779541016e+00
7.937500000000000000e+01
5.198999881744384766e+00
1.082699966430664062e+01
3.620364453125000000e+04
5.353478906250000000e+04
5.434146875000000000e+04
1.341800022125244141e+01
2.584000110626220703e+00
1.323650097656250000e+04
1.043856738281250000e+04
2.510499954223632812e+01
5.987900161743164062e+01
8.774999618530273438e+00
5.433772949218750000e+03
8.824000358581542969e+00
1.866600036621093750e+01
2.170899963378906250e+01
2.207631835937500000e+04
1.034970410156250000e+04
7.130000114440917969e+00
2.007665039062500000e+03
3.021889953613281250e+02
8.873046875000000000e+04
5.391941015625000000e+04
3.079287109375000000e+04
4.046617919921875000e+03
4.063899993896484375e+01
6.244469140625000000e+04
1.569423950195312500e+03
5.658079833984375000e+02
1.130199966430664062e+02
3.523192187500000000e+04
1.501092041015625000e+03
7.957245117187500000e+03
4.706406250000000000e+04
6.407028515625000000e+04
2.749083007812500000e+03
2.478254492187500000e+04
8.645701171875000000e+03
1.709483203125000000e+04
2.760999917984008789e+00
9.044147656250000000e+04
5.950198242187500000e+03
4.566807031250000000e+04
3.930000066757202148e+00
1.359500026702880859e+01
8.535318359375000000e+03
3.598000049591064453e+00
4.941459765625000000e+04
3.773199844360351562e+01
6.539000034332275391e+00
2.549625976562500000e+03
3.545154052734375000e+03
4.886600112915039062e+01
1.459099960327148438e+01
7.438300323486328125e+01
3.276999950408935547e+00
5.285798828125000000e+03
4.105901855468750000e+03
9.480000138282775879e-01
1.454079785156250000e+04
6.156190917968750000e+03
5.290050048828125000e+02
3.830194531250000000e+04
8.170000076293945312e+00
1.072900009155273438e+01
2.113798437500000000e+04
9.515772460937500000e+03
1.854500007629394531e+01
6.435432421875000000e+04
1.070647070312500000e+04
1.487594970703125000e+03
2.860899925231933594e+01
9.081446289062500000e+03
2.017423632812500000e+04
9.189000129699707031e+00
4.982169921875000000e+04
5.517546875000000000e+04
3.497200012207031250e+01
7.056117187500000000e+03
2.730000019073486328e+00
4.479048437500000000e+04
6.678487792968750000e+03
4.022439880371093750e+02
9.836299896240234375e+01
1.775439941406250000e+03
1.470679931640625000e+02
2.856754882812500000e+03
7.680599975585937500e+01
3.015000104904174805e+00
7.476084960937500000e+03
2.253777343750000000e+04
3.558624023437500000e+03
3.354390625000000000e+04
5.931299972534179688e+01
2.275494531250000000e+04
1.730563281250000000e+04
3.062795117187500000e+04
5.022415625000000000e+04
7.772746093750000000e+04
2.555536718750000000e+04
6.157099914550781250e+01
5.788000106811523438e+00
3.448799896240234375e+01
1.416308691406250000e+04
1.880884033203125000e+03
4.920000076293945312e+00
6.009935156250000000e+04
5.208229296875000000e+04
9.437575195312500000e+03
4.749000072479248047e+00
4.625619531250000000e+04
8.642584960937500000e+03
1.360374023437500000e+03
5.206505859375000000e+03
4.643546875000000000e+04
1.584704956054687500e+03
1.099720001220703125e+02
3.033499908447265625e+01
4.298232910156250000e+03
5.757999897003173828e+00
5.889899826049804688e+01
3.815000057220458984e+00
3.058405029296875000e+03
3.727000045776367188e+01
1.962369995117187500e+02
5.076735839843750000e+03
2.195170312500000000e+04
1.030900001525878906e+01
4.865523925781250000e+03
2.578772851562500000e+04
4.801200103759765625e+01
1.437525585937500000e+04
2.081870507812500000e+04
2.699008007812500000e+04
1.220723632812500000e+04
1.666600036621093750e+01
1.220199966430664062e+01
9.655686523437500000e+03
4.572741406250000000e+04
2.473977050781250000e+03
9.894400024414062500e+01
2.554815917968750000e+03
1.014540023803710938e+02
5.621799850463867188e+01
1.926477343750000000e+04
1.377790069580078125e+02
6.876478027343750000e+03
2.061000108718872070e+00
3.823601562500000000e+04
4.139699935913085938e+01
3.347999954223632812e+01
1.099812207031250000e+04
1.096300029754638672e+01
1.338029937744140625e+02
2.811004296875000000e+04
3.131000041961669922e+00
4.462535546875000000e+04
3.237099838256835938e+01
8.293439453125000000e+03
2.041250585937500000e+04
2.934999942779541016e+00
2.715900039672851562e+01
1.788572656250000000e+04
1.783546997070312500e+03
8.302200317382812500e+01
3.704000091552734375e+01
2.802000045776367188e+00
1.080076855468750000e+04
2.558170898437500000e+03
3.354581640625000000e+04
8.190000057220458984e-01
1.199169998168945312e+02
2.431688964843750000e+03
5.877999877929687500e+01
8.408399963378906250e+01
6.775499725341796875e+01
1.904899978637695312e+01
4.333999938964843750e+02
1.575574609375000000e+04
3.241445068359375000e+03
4.450483984375000000e+04
5.465000152587890625e+00
2.419387939453125000e+03
9.228600311279296875e+01
3.628000020980834961e+00
2.235700035095214844e+01
2.234300041198730469e+01
9.166999816894531250e+00
2.276000022888183594e+00
3.489922656250000000e+04
4.657539978027343750e+02
8.944615234375000000e+03
1.504399967193603516e+01
9.327563476562500000e+03
6.847130468750000000e+04
1.349775024414062500e+03
1.140400028228759766e+01
1.583750000000000000e+02
2.664999961853027344e+01
2.556811035156250000e+03
1.031608496093750000e+04
5.898199844360351562e+01
4.333222656250000000e+04
8.892418750000000000e+04
1.358100032806396484e+01
2.164284179687500000e+04
1.317416699218750000e+04
3.347999954223632812e+01
3.486999988555908203e+00
3.779000091552734375e+01
2.867561914062500000e+04
1.623900032043457031e+01
1.278919982910156250e+02
2.343199920654296875e+01
3.682562500000000000e+04
9.165971875000000000e+04
1.720499992370605469e+01
5.770214843750000000e+04
1.983732031250000000e+04
6.962769775390625000e+02
1.946816406250000000e+04
3.498792968750000000e+03
1.844306835937500000e+04
1.202734863281250000e+04
3.607600021362304688e+01
1.243161987304687500e+03
7.696900177001953125e+01
1.626624121093750000e+04
2.315999984741210938e+00
1.465741406250000000e+05
1.906599975585937500e+03
4.956607031250000000e+04
2.270147265625000000e+04
3.502164453125000000e+04
8.472399902343750000e+02
7.183417968750000000e+03
2.241099929809570312e+01
6.539999961853027344e+00
2.946482421875000000e+04
5.057000160217285156e+00
3.970750122070312500e+02
1.552157910156250000e+04
1.687881054687500000e+04
2.743999958038330078e+00
2.118999958038330078e+00
2.707000017166137695e+00
1.172399997711181641e+01
8.863022460937500000e+03
3.653497070312500000e+03
5.220469970703125000e+02
1.149670028686523438e+02
9.550584375000000000e+04
5.773417187500000000e+04
3.470138916015625000e+03
4.475039978027343750e+02
3.891218750000000000e+04
4.973363769531250000e+03
1.940000057220458984e+00
9.958249023437500000e+03
4.144629296875000000e+04
7.995247070312500000e+03
7.142000198364257812e+00
1.218828417968750000e+04
1.682489929199218750e+02
4.884608886718750000e+03
4.256000041961669922e+00
1.314599990844726562e+01
1.630429992675781250e+02
3.391575390625000000e+04
1.631898730468750000e+04
1.746000051498413086e+00
1.371156982421875000e+03
3.700999975204467773e+00
4.026795898437500000e+03
3.899531250000000000e+04
1.100111425781250000e+04
6.644330468750000000e+04
3.389354003906250000e+03
6.633772949218750000e+03
5.002532812500000000e+04
4.852428906250000000e+04
2.436099804687500000e+04
1.659235937500000000e+04
1.470075390625000000e+04
4.089707031250000000e+04
3.213000059127807617e+00
1.934838989257812500e+03
1.755970947265625000e+03
1.116745971679687500e+03
3.755928955078125000e+03
9.223192382812500000e+03
1.220483300781250000e+04
4.311426953125000000e+04
1.362864355468750000e+04
1.153299999237060547e+01
1.251500034332275391e+01
6.062950390625000000e+04
9.585000038146972656e+00
6.371032031250000000e+04
7.964445312500000000e+04
9.505989990234375000e+02
6.679999828338623047e+00
1.920771875000000000e+04
3.427999877929687500e+01
4.054501171875000000e+04
1.244909973144531250e+02
3.690999984741210938e+00
2.972563964843750000e+03
2.333472265625000000e+04
1.149057324218750000e+04
3.123600006103515625e+01
7.435999870300292969e+00
4.437516113281250000e+03
2.895999908447265625e+00
2.294663085937500000e+04
1.034001464843750000e+04
4.741170703125000000e+04
4.372000217437744141e+00
4.720500183105468750e+01
1.189099979400634766e+01
6.915246093750000000e+04
4.380498437500000000e+04
3.088412890625000000e+04
3.380000114440917969e+00
5.591711914062500000e+03
1.225000000000000000e+01
1.606193652343750000e+04
3.372999906539916992e+00
1.151288671875000000e+04
5.265842773437500000e+03
1.244299983978271484e+01
5.614799880981445312e+01
8.888800048828125000e+01
3.976999998092651367e+00
8.174741406250000000e+04
4.922328125000000000e+03
9.812999725341796875e+00
3.337696484375000000e+04
4.945558105468750000e+03
8.385700225830078125e+01
1.600772949218750000e+03
8.801751953125000000e+03
9.719670898437500000e+03
3.644373828125000000e+04
6.280767089843750000e+03
1.096665039062500000e+03
3.301429687500000000e+04
4.148703515625000000e+04
8.729518554687500000e+03
1.662129974365234375e+02
6.763107812500000000e+04
1.474499988555908203e+01
1.296543945312500000e+03
3.291699981689453125e+01
4.746839843750000000e+03
2.915139892578125000e+03
2.897999954223632812e+01
1.857913476562500000e+04
2.457679687500000000e+04
8.694829711914062500e+02
3.310900115966796875e+01
6.871059375000000000e+04
6.869999885559082031e+00
2.832000017166137695e+00
5.521999835968017578e+00
3.644100189208984375e+01
5.769185058593750000e+03
4.064367919921875000e+03
1.655904296875000000e+04
2.820957031250000000e+03
2.394822656250000000e+04
3.263999938964843750e+00
1.143200016021728516e+01
8.880029907226562500e+02
3.673122656250000000e+04
4.112999916076660156e+00
1.038500022888183594e+01
1.779349975585937500e+02
4.864999771118164062e+00
1.229869995117187500e+02
3.495918359375000000e+04
4.113389160156250000e+03
2.270470117187500000e+04
1.720969970703125000e+03
3.683710021972656250e+02
1.274600028991699219e+01
4.396262207031250000e+03
1.218000054359436035e+00
5.503353515625000000e+04
1.533643945312500000e+04
1.885099983215332031e+01
2.472038085937500000e+04
2.801099967956542969e+01
4.268500137329101562e+01
1.963739062500000000e+04
3.067900085449218750e+01
4.076717968750000000e+04
6.778671875000000000e+04
3.312883984375000000e+04
6.719551757812500000e+03
7.689000129699707031e+00
5.629000186920166016e+00
3.875000000000000000e+00
3.021140429687500000e+04
3.047787109375000000e+04
2.765346679687500000e+04
3.755000114440917969e+00
5.734041796875000000e+04
2.475970001220703125e+02
6.346000194549560547e+00
5.471399902343750000e+03
5.096790039062500000e+03
1.460769958496093750e+02
2.146670074462890625e+02
5.644000053405761719e+00
4.684000015258789062e+00
6.623466406250000000e+04
4.159999847412109375e+00
3.763052001953125000e+03
3.743641113281250000e+03
1.257900047302246094e+01
2.338052001953125000e+03
4.900389453125000000e+04
4.361793945312500000e+03
1.281599998474121094e+01
3.317197265625000000e+04
4.524000167846679688e+00
3.110246093750000000e+03
3.020137939453125000e+03
1.930999994277954102e+00
6.456999778747558594e+00
1.408815625000000000e+04
1.134791503906250000e+04
4.303699874877929688e+01
3.788819885253906250e+02
4.644999980926513672e+00
1.570999979972839355e+00
1.956485937500000000e+04
2.572604492187500000e+04
1.503129028320312500e+03
1.357834082031250000e+04
1.503699970245361328e+01
7.231264160156250000e+03
1.201728515625000000e+04
3.962701953125000000e+04
4.923400115966796875e+01
7.969999790191650391e+00
1.143616093750000000e+05
2.595427001953125000e+03
3.226800155639648438e+01
2.858962890625000000e+04
4.830699920654296875e+01
9.231173828125000000e+03
5.130337890625000000e+04
5.069663085937500000e+03
4.933617187500000000e+03
7.089310058593750000e+03
7.295700073242187500e+01
1.953331054687500000e+04
5.807485839843750000e+03
8.250000000000000000e+00
1.365799609375000000e+04
1.125487402343750000e+04
1.072900009155273438e+01
9.459653125000000000e+04
3.071320068359375000e+03
2.592999935150146484e+00
1.927382031250000000e+04
5.205999851226806641e+00
5.664999961853027344e+00
2.658999919891357422e+00
1.639105273437500000e+04
6.247555175781250000e+03
6.462849121093750000e+03
1.194000005722045898e+00
1.363208105468750000e+04
8.368404687500000000e+04
2.878875585937500000e+04
2.050269335937500000e+04
1.947999954223632812e+00
6.242000102996826172e+00
1.028299999237060547e+01
3.697999954223632812e+01
1.045059967041015625e+02
2.053300094604492188e+01
7.420000076293945312e+00
2.209700012207031250e+01
3.091000061035156250e+02
2.696719970703125000e+02
4.004774609375000000e+04
1.427743041992187500e+03
4.188398437500000000e+04
9.467000007629394531e+00
1.183316113281250000e+04
9.544554687500000000e+03
7.484996093750000000e+03
2.915348632812500000e+04
3.105165625000000000e+04
2.052187011718750000e+03
5.978000164031982422e+00
1.530574707031250000e+04
9.660795898437500000e+03
8.855999946594238281e+00
1.319983886718750000e+04
3.662997070312500000e+03
1.092950390625000000e+04
2.166988085937500000e+04
1.021689746093750000e+04
9.598999977111816406e+00
1.751999974250793457e+00
3.021265429687500000e+04
3.701999902725219727e+00
4.601100158691406250e+01
3.181170043945312500e+02
3.570040625000000000e+04
1.949902343750000000e+04
4.275600051879882812e+01
5.315719531250000000e+04
1.843073242187500000e+04
4.294000148773193359e+00
3.042614062500000000e+04
6.346000194549560547e+00
3.848000049591064453e+00
7.570000171661376953e+00
3.517671484375000000e+04
1.251200008392333984e+01
6.355859765625000000e+04
9.483200073242187500e+01
8.562000274658203125e+00
5.287000179290771484e+00
5.995314941406250000e+03
1.371700000762939453e+01
1.126799964904785156e+01
9.918099975585937500e+01
7.112999916076660156e+00
3.783200073242187500e+01
5.224700164794921875e+01
1.826150054931640625e+02
1.025296386718750000e+04
5.732559375000000000e+04
1.103443457031250000e+04
4.791999816894531250e+01
8.675000190734863281e+00
1.026071640625000000e+05
5.331100082397460938e+01
4.825609765625000000e+04
1.179603613281250000e+04
8.892303710937500000e+03
7.589000225067138672e+00
1.169240036010742188e+02
1.046549987792968750e+02
6.384352050781250000e+03
2.276000022888183594e+01
1.001900005340576172e+01
7.402659179687500000e+03
1.362751953125000000e+03
6.593543945312500000e+03
6.544499969482421875e+01
2.000019726562500000e+04
4.735994140625000000e+03
4.060200119018554688e+01
1.207000017166137695e+00
4.066699981689453125e+01
2.891719531250000000e+04
1.620065820312500000e+04
2.503193115234375000e+03
1.274146582031250000e+04
3.283759033203125000e+03
2.718651171875000000e+04
3.302724609375000000e+04
6.460999965667724609e+00
5.173930053710937500e+02
2.160300064086914062e+01
2.021549987792968750e+02
3.430000066757202148e+00
2.899469909667968750e+02
3.260999917984008789e+00
9.116999626159667969e+00
2.098615625000000000e+04
1.733999967575073242e+00
4.182979003906250000e+03
1.619400024414062500e+01
3.767999887466430664e+00
8.975999832153320312e+00
2.600066210937500000e+04
9.210000038146972656e+00
1.023489990234375000e+02
5.683800125122070312e+01
1.927599906921386719e+01
1.309000015258789062e+00
6.874000072479248047e+00
3.482699966430664062e+01
1.154000043869018555e+00
1.321598999023437500e+03
2.239379687500000000e+04
3.107582031250000000e+03
2.684999942779541016e+00
6.268099975585937500e+02
1.398183959960937500e+03
5.524165039062500000e+03
7.416699981689453125e+01
3.148999929428100586e+00
1.652103027343750000e+03
1.483289947509765625e+02
3.252399826049804688e+01
9.106372070312500000e+03
6.340399932861328125e+01
1.074982055664062500e+03
2.237868750000000000e+04
2.274024218750000000e+04
5.714000225067138672e+00
1.097620010375976562e+02
1.334492578125000000e+04
1.131684472656250000e+04
4.578926953125000000e+04
3.126039453125000000e+04
3.660489990234375000e+03
5.014199829101562500e+01
8.261521875000000000e+04
1.839399909973144531e+01
4.062766015625000000e+04
3.470684765625000000e+04
1.617900085449218750e+01
3.703347900390625000e+03
3.365399932861328125e+01
8.325414062500000000e+04
6.101059082031250000e+03
4.707801757812500000e+03
1.679000020027160645e+00
3.907699966430664062e+01
5.699200057983398438e+01
1.919505004882812500e+03
5.188299942016601562e+01
3.640900039672851562e+01
4.858200073242187500e+01
8.642927734375000000e+03
1.314909570312500000e+04
7.128175000000000000e+04
3.779507031250000000e+04
3.994032031250000000e+04
8.771099853515625000e+01
2.782489929199218750e+02
2.124671875000000000e+04
1.280010070800781250e+02
7.657999992370605469e+00
8.216649780273437500e+02
6.543241210937500000e+03
1.486699962615966797e+01
3.697000026702880859e+00
8.571912500000000000e+04
2.046100044250488281e+01
4.852794140625000000e+04
3.503000020980834961e+00
3.568406005859375000e+03
4.616000175476074219e+00
7.169000148773193359e+00
2.099290008544921875e+02
2.290790039062500000e+04
4.789000034332275391e+00
1.690824951171875000e+03
1.088924804687500000e+04
1.738769531250000000e+04
9.478900146484375000e+01
1.114999961853027344e+01
1.368070068359375000e+02
1.859507617187500000e+04
2.506800079345703125e+01
1.027600002288818359e+01
1.451981054687500000e+04
1.405099964141845703e+01
1.040510025024414062e+02
3.623199844360351562e+01
1.434049987792968750e+02
3.666819921875000000e+04
4.765264160156250000e+03
4.698141113281250000e+03
1.000688476562500000e+04
1.172755004882812500e+03
2.631814843750000000e+04
5.375033203125000000e+03
7.372351562500000000e+04
3.912722265625000000e+04
3.720969848632812500e+02
5.305719921875000000e+04
1.151999969482421875e+02
1.292800045013427734e+01
5.433999023437500000e+03
2.933000087738037109e+00
