8.471939453125000000e+03
1.085920028686523438e+02
4.963398437500000000e+04
6.420496093750000000e+04
3.326310156250000000e+04
6.654992187500000000e+04
2.449029101562500000e+04
1.128358046875000000e+05
5.891728515625000000e+04
1.212597265625000000e+04
4.388014062500000000e+04
2.234546484375000000e+04
2.187411132812500000e+04
1.124454785156250000e+04
1.247528417968750000e+04
7.711091406250000000e+04
9.875213281250000000e+04
1.958869218750000000e+05
1.398830937500000000e+05
5.642471093750000000e+04
7.218930053710937500e+02
1.396810468750000000e+05
1.977255004882812500e+03
3.731089453125000000e+04
1.801109179687500000e+04
2.096390075683593750e+02
3.289061035156250000e+03
5.104129943847656250e+02
4.165069824218750000e+03
1.355929531250000000e+05
3.295599121093750000e+03
1.566906982421875000e+03
2.755930078125000000e+04
5.127243359375000000e+04
6.559180468750000000e+04
5.890123046875000000e+04
1.505887031250000000e+05
5.747204101562500000e+03
1.480436914062500000e+04
6.440188281250000000e+04
3.693278906250000000e+04
8.831811523437500000e+03
6.278162500000000000e+04
9.829509887695312500e+02
1.285337031250000000e+05
2.619601074218750000e+03
1.428423535156250000e+04
2.091313964843750000e+03
9.139700000000000000e+04
2.078909375000000000e+04
6.857007812500000000e+04
3.310768066406250000e+03
4.082451171875000000e+04
6.167704101562500000e+03
2.236074609375000000e+04
3.017854296875000000e+04
2.464863037109375000e+03
6.319598144531250000e+03
9.357575195312500000e+03
8.265267187500000000e+04
2.597504882812500000e+03
1.692469062500000000e+05
2.392676171875000000e+04
9.100139770507812500e+02
2.046578437500000000e+05
1.000021171875000000e+05
1.784282187500000000e+05
3.377104003906250000e+03
2.025604687500000000e+05
5.358869921875000000e+04
8.200688476562500000e+03
1.358765014648437500e+03
1.046773437500000000e+04
1.208559472656250000e+04
2.001614257812500000e+04
1.623064218750000000e+05
3.730083593750000000e+04
1.888330625000000000e+05
7.956178125000000000e+04
1.486100006103515625e+01
7.423811035156250000e+03
1.925134960937500000e+04
1.039855234375000000e+05
5.932284765625000000e+04
7.954025781250000000e+04
1.381734985351562500e+03
2.677636962890625000e+03
3.736929931640625000e+02
5.220904785156250000e+03
2.706479003906250000e+03
2.069307031250000000e+05
6.822517187500000000e+04
8.481680664062500000e+03
2.810741943359375000e+03
5.415772949218750000e+03
4.046745703125000000e+04
1.201449966430664062e+02
1.445027636718750000e+04
5.074909375000000000e+04
3.640408593750000000e+04
2.458099609375000000e+04
7.791076171875000000e+03
1.196625976562500000e+03
5.306339721679687500e+02
5.502257031250000000e+04
8.364999771118164062e+00
1.768581640625000000e+04
7.791154687500000000e+04
2.800700073242187500e+02
3.760684375000000000e+04
2.298592382812500000e+04
5.583847265625000000e+04
1.960466562500000000e+05
8.630400085449218750e+01
1.700234960937500000e+04
4.744702343750000000e+04
4.811245703125000000e+04
1.539666406250000000e+04
6.214001562500000000e+04
1.622885156250000000e+05
9.137050170898437500e+02
1.996015039062500000e+04
6.103192968750000000e+04
1.971500015258789062e+01
3.825005468750000000e+04
7.212126562500000000e+04
9.123967187500000000e+04
2.237180468750000000e+04
2.590491992187500000e+04
7.955070190429687500e+02
9.766851562500000000e+04
5.682370117187500000e+03
4.462039843750000000e+04
2.056657958984375000e+03
3.718666406250000000e+04
6.707227050781250000e+03
1.158711718750000000e+05
1.982840039062500000e+04
1.782438085937500000e+04
1.403509979248046875e+02
3.679899978637695312e+01
1.330555781250000000e+05
4.999689453125000000e+04
5.019991015625000000e+04
1.690840781250000000e+05
1.414233032226562500e+03
5.418137109375000000e+04
1.312493359375000000e+04
9.951253906250000000e+04
1.916590942382812500e+03
7.844409790039062500e+02
3.729400024414062500e+02
1.199204956054687500e+03
7.532299804687500000e+01
6.899419531250000000e+04
2.909487500000000000e+04
8.082637500000000000e+04
6.275805175781250000e+03
1.035981796875000000e+05
1.704400062561035156e+01
9.078428906250000000e+04
4.855454101562500000e+03
1.046672500000000000e+05
6.128694531250000000e+04
4.257050390625000000e+04
4.236702148437500000e+03
1.235855957031250000e+03
6.921450195312500000e+02
4.383966796875000000e+03
1.570046875000000000e+04
2.081120703125000000e+04
2.147443115234375000e+03
1.903119921875000000e+04
9.032349853515625000e+02
2.552891406250000000e+04
9.667199707031250000e+02
1.490100002288818359e+01
3.261772460937500000e+04
5.494819946289062500e+02
4.369281250000000000e+04
2.102175000000000000e+04
8.237300781250000000e+04
7.226716796875000000e+03
1.672291796875000000e+04
3.500081054687500000e+03
4.596860156250000000e+04
9.937461718750000000e+04
1.299205468750000000e+05
4.555890136718750000e+03
6.020530078125000000e+04
4.087071875000000000e+04
1.690156054687500000e+04
1.907211059570312500e+03
1.075370312500000000e+05
4.174375390625000000e+04
3.864544921875000000e+04
1.296765014648437500e+03
2.403605273437500000e+04
2.292485312500000000e+05
2.209520996093750000e+03
3.459503906250000000e+03
6.838664062500000000e+04
4.556025781250000000e+04
3.753390234375000000e+04
3.864518750000000000e+04
6.736594531250000000e+04
2.778208398437500000e+04
4.676915039062500000e+03
3.454725390625000000e+04
2.232088671875000000e+04
6.940886718750000000e+04
2.190974121093750000e+03
5.144840234375000000e+04
2.605210351562500000e+04
1.865107812500000000e+05
2.414597656250000000e+04
2.027681250000000000e+04
1.842065820312500000e+04
1.054068906250000000e+05
5.191197656250000000e+04
1.423339996337890625e+02
9.070068359375000000e+03
7.577824218750000000e+04
1.185312421875000000e+05
6.691521875000000000e+04
2.460372265625000000e+04
5.292169531250000000e+04
1.647484008789062500e+03
8.138367187500000000e+04
1.379470062255859375e+02
1.189193359375000000e+04
3.324458007812500000e+03
4.141767187500000000e+04
1.015395312500000000e+04
2.746044062500000000e+05
3.252200012207031250e+02
3.648999929428100586e+00
3.742664062500000000e+03
4.100830078125000000e+02
5.571537109375000000e+04
5.372992187500000000e+03
1.440652656250000000e+05
3.840041796875000000e+04
6.746149902343750000e+02
5.357550781250000000e+03
4.821747656250000000e+04
1.621547343750000000e+05
6.684582812500000000e+04
8.896945312500000000e+03
3.132388085937500000e+04
3.721040039062500000e+02
2.237194091796875000e+03
9.436237304687500000e+03
7.387854687500000000e+04
7.030300140380859375e+01
3.271427001953125000e+03
2.342742919921875000e+03
1.700960937500000000e+04
5.270030761718750000e+03
5.685591406250000000e+04
2.717847851562500000e+04
8.601999664306640625e+01
2.057221923828125000e+03
9.842385156250000000e+04
5.740861816406250000e+03
2.617831835937500000e+04
1.234233032226562500e+03
7.866258789062500000e+03
1.017721582031250000e+04
5.148753906250000000e+03
1.249629974365234375e+02
1.409168945312500000e+03
2.637165234375000000e+04
5.329877929687500000e+03
1.772031250000000000e+04
2.959532812500000000e+04
4.978079101562500000e+03
4.919058203125000000e+04
6.134654296875000000e+04
8.321800781250000000e+04
2.718755859375000000e+04
3.431693750000000000e+04
1.028594453125000000e+05
7.774296875000000000e+03
3.832995312500000000e+05
1.726691040039062500e+03
2.795112304687500000e+04
4.020879882812500000e+03
3.434858984375000000e+04
1.078913769531250000e+04
1.471284057617187500e+03
6.982869873046875000e+02
3.614237500000000000e+04
1.923320312500000000e+04
7.501729687500000000e+04
1.626060058593750000e+03
2.272199375000000000e+05
4.711659851074218750e+02
8.534425781250000000e+04
3.729185156250000000e+04
5.197781640625000000e+04
5.999567871093750000e+03
1.020637402343750000e+04
4.447908203125000000e+03
6.440070190429687500e+02
3.623993750000000000e+04
2.378909960937500000e+04
8.222667968750000000e+04
1.796919531250000000e+04
4.630547656250000000e+04
8.154789062500000000e+04
9.472086718750000000e+04
1.913734985351562500e+03
6.314167187500000000e+04
9.454198437500000000e+04
6.315606640625000000e+04
2.576157421875000000e+04
8.762240234375000000e+03
2.701022500000000000e+05
6.661996093750000000e+03
1.520685351562500000e+04
3.579573046875000000e+04
4.175929870605468750e+02
1.250464062500000000e+04
7.122799682617187500e+01
3.802457031250000000e+04
1.175799531250000000e+05
2.204885009765625000e+03
1.603532656250000000e+05
1.902541992187500000e+03
2.825314941406250000e+03
5.177055078125000000e+04
1.742642944335937500e+03
3.158980273437500000e+04
1.184679140625000000e+05
1.351812695312500000e+04
2.032781718750000000e+05
2.598460083007812500e+02
1.258192016601562500e+03
4.432833984375000000e+03
4.799487109375000000e+04
1.399259033203125000e+03
1.158642968750000000e+05
6.716980468750000000e+04
3.290484375000000000e+04
8.349470703125000000e+03
4.619558593750000000e+04
4.233396484375000000e+04
7.171399688720703125e+01
1.148170019531250000e+04
1.737950585937500000e+04
1.403427187500000000e+05
1.533511962890625000e+03
1.218994062500000000e+05
6.383825195312500000e+03
1.275035034179687500e+03
1.462230072021484375e+02
3.186349414062500000e+04
5.115891015625000000e+04
7.329722167968750000e+03
7.775189941406250000e+03
2.687638476562500000e+04
2.524997656250000000e+04
2.053000068664550781e+01
2.463253906250000000e+03
2.704161250000000000e+05
7.216321777343750000e+03
3.125175195312500000e+04
1.887934960937500000e+04
4.425702734375000000e+04
2.549500083923339844e+01
5.978122656250000000e+04
2.343540039062500000e+02
9.649565429687500000e+03
1.242739062500000000e+05
4.888355468750000000e+04
7.727734375000000000e+04
1.140098437500000000e+05
6.244990234375000000e+03
7.231112500000000000e+04
3.089809875488281250e+02
3.404030029296875000e+03
1.643572851562500000e+04
1.611164160156250000e+04
1.865568359375000000e+04
3.922489929199218750e+02
2.389533789062500000e+04
4.164164453125000000e+04
1.353554531250000000e+05
4.318729858398437500e+02
3.379286328125000000e+04
1.873728125000000000e+04
2.863837890625000000e+03
1.194737060546875000e+03
1.075812578125000000e+05
3.488411250000000000e+05
3.208000183105468750e+01
8.199893750000000000e+04
1.679718281250000000e+05
3.726462890625000000e+03
3.160564941406250000e+03
7.869300079345703125e+01
7.748330468750000000e+04
3.351437011718750000e+03
2.752379882812500000e+03
1.592636816406250000e+04
1.935285937500000000e+04
7.571720312500000000e+04
8.345129882812500000e+03
6.368040625000000000e+04
5.764219970703125000e+02
1.634589965820312500e+03
8.411117187500000000e+03
2.918329296875000000e+04
6.136023828125000000e+04
5.541981640625000000e+04
6.146400146484375000e+02
3.064550000000000000e+04
8.806890258789062500e+02
2.516795312500000000e+04
1.895899963378906250e+01
8.355693750000000000e+04
1.532069433593750000e+04
3.793050048828125000e+03
6.208261328125000000e+04
7.498402343750000000e+04
1.027876093750000000e+05
2.505286562500000000e+05
1.712496406250000000e+05
8.699046093750000000e+04
1.105671093750000000e+04
1.685368437500000000e+05
4.476688964843750000e+03
5.986656250000000000e+04
6.352896484375000000e+04
7.345757812500000000e+04
7.627652343750000000e+04
3.278556640625000000e+04
8.107670898437500000e+03
3.677561035156250000e+03
4.870100021362304688e+01
9.081612500000000000e+04
6.538728906250000000e+04
5.928510131835937500e+02
7.580678222656250000e+03
1.714619140625000000e+04
1.552901757812500000e+04
3.274026562500000000e+04
8.067613769531250000e+03
3.759956054687500000e+03
1.780149218750000000e+05
1.904221250000000000e+05
2.312408935546875000e+03
5.052247656250000000e+04
5.524000000000000000e+04
3.488128515625000000e+04
1.293466601562500000e+04
1.931203979492187500e+03
3.844004882812500000e+03
1.487017773437500000e+04
1.433724687500000000e+05
4.672358886718750000e+03
7.859674218750000000e+04
5.888262109375000000e+04
1.817524047851562500e+03
1.649712890625000000e+04
3.455105859375000000e+04
2.279405029296875000e+03
2.077047119140625000e+03
5.853477050781250000e+03
8.773083007812500000e+03
8.378111718750000000e+04
2.088693115234375000e+03
6.205317968750000000e+04
3.569808105468750000e+03
1.703278515625000000e+04
4.109993164062500000e+03
1.004429531250000000e+05
3.147275390625000000e+04
6.156760253906250000e+02
3.608864990234375000e+03
6.685942187500000000e+04
1.320996972656250000e+04
3.402871484375000000e+04
7.840369873046875000e+02
2.166889953613281250e+02
1.428800048828125000e+03
1.420930625000000000e+05
3.606157958984375000e+03
6.731764843750000000e+04
3.426903125000000000e+04
9.317434375000000000e+04
1.129253125000000000e+05
1.266868041992187500e+03
7.683705078125000000e+03
6.401594140625000000e+04
2.967765820312500000e+04
3.357688964843750000e+03
8.286605468750000000e+04
4.974094531250000000e+04
2.659809875488281250e+02
3.473141015625000000e+04
3.002312988281250000e+03
1.098619921875000000e+05
4.670174804687500000e+03
9.527100372314453125e+01
3.601380004882812500e+02
1.623022753906250000e+04
4.531090625000000000e+04
7.047546875000000000e+03
6.013999938964843750e+00
1.782131054687500000e+04
8.363396875000000000e+04
1.879962890625000000e+04
4.399673046875000000e+04
6.028794921875000000e+04
5.178670043945312500e+02
7.559494140625000000e+03
8.137952343750000000e+04
5.839400100708007812e+01
2.760821044921875000e+03
2.095327148437500000e+04
4.154895703125000000e+04
3.114100074768066406e+01
1.254970016479492188e+02
1.601896875000000000e+04
4.575704101562500000e+03
9.172609863281250000e+02
4.446556250000000000e+04
6.344229736328125000e+02
5.735828515625000000e+04
4.590501562500000000e+04
1.687304882812500000e+04
1.067703281250000000e+05
1.523483032226562500e+03
2.128079375000000000e+05
4.937367578125000000e+04
3.468290234375000000e+04
1.540900039672851562e+01
9.216069946289062500e+02
2.720435156250000000e+04
5.937789843750000000e+04
2.466687890625000000e+04
8.992835937500000000e+04
1.001168029785156250e+03
4.542504296875000000e+04
5.114259375000000000e+04
1.770158437500000000e+05
5.285937109375000000e+04
6.003400268554687500e+02
5.198645996093750000e+03
2.643500585937500000e+04
3.274712304687500000e+04
2.385657617187500000e+04
7.312429199218750000e+03
6.361344140625000000e+04
7.969899749755859375e+01
3.368349218750000000e+04
7.944780468750000000e+04
4.788939453125000000e+04
1.391891894531250000e+04
5.082932031250000000e+04
2.924055273437500000e+04
3.030064941406250000e+03
4.201301953125000000e+04
5.640044921875000000e+04
1.568808886718750000e+04
4.081057031250000000e+04
5.058700390625000000e+04
1.450382519531250000e+04
7.948579687500000000e+04
3.475648046875000000e+04
9.006409179687500000e+03
4.492943847656250000e+03
2.936444921875000000e+04
1.018112500000000000e+05
7.897702343750000000e+04
4.766950073242187500e+02
1.062986132812500000e+04
6.853508593750000000e+04
4.184026562500000000e+04
4.570296484375000000e+04
3.526636718750000000e+04
3.533321484375000000e+04
2.834222070312500000e+04
2.107775195312500000e+04
3.983112890625000000e+04
4.957373828125000000e+04
1.121603613281250000e+04
5.730207031250000000e+04
1.397490312500000000e+05
1.086893125000000000e+05
1.342642944335937500e+03
3.150272070312500000e+04
8.092929687500000000e+04
1.221690820312500000e+04
2.549979003906250000e+03
2.820734375000000000e+04
2.240082421875000000e+04
1.433779062500000000e+05
1.697458437500000000e+05
1.779449218750000000e+04
1.222858203125000000e+04
2.158136962890625000e+03
3.302785937500000000e+04
1.100293984375000000e+05
9.769580078125000000e+02
5.066898046875000000e+04
1.458896406250000000e+05
1.840008056640625000e+03
1.359480312500000000e+05
4.411412500000000000e+04
2.031349945068359375e+02
1.960691210937500000e+04
3.853329687500000000e+04
3.034809960937500000e+04
1.681511250000000000e+05
8.149985937500000000e+04
2.862431445312500000e+04
1.191676953125000000e+05
1.110057983398437500e+03
7.417601562500000000e+04
2.016908750000000000e+05
9.419935937500000000e+04
7.019999980926513672e+00
1.030386132812500000e+04
4.433030761718750000e+03
5.584932812500000000e+04
9.089238281250000000e+03
1.526586059570312500e+03
5.571608984375000000e+04
3.884900781250000000e+04
8.392828125000000000e+04
2.120441406250000000e+04
6.286876171875000000e+04
4.886973828125000000e+04
1.018291875000000000e+05
9.947175781250000000e+03
3.459034765625000000e+04
2.739454101562500000e+03
1.711778125000000000e+05
8.432703906250000000e+04
1.400324531250000000e+05
2.725330078125000000e+03
1.216141406250000000e+05
1.031994018554687500e+03
1.631249316406250000e+04
2.746781054687500000e+04
4.800110546875000000e+04
3.147093994140625000e+03
1.588450097656250000e+04
1.807125000000000000e+03
1.052229980468750000e+03
1.735859570312500000e+04
1.483496948242187500e+03
1.033898281250000000e+05
8.177119531250000000e+04
1.933709960937500000e+03
3.458680468750000000e+04
4.845671093750000000e+04
9.298999786376953125e+00
4.014759033203125000e+03
3.020482226562500000e+04
1.653713671875000000e+04
2.029396679687500000e+04
2.478390234375000000e+04
8.003011718750000000e+04
2.227237500000000000e+04
3.727953515625000000e+04
1.182400546875000000e+05
2.359054843750000000e+05
4.849367968750000000e+04
3.398919531250000000e+04
5.839599121093750000e+03
1.635836230468750000e+04
1.452222045898437500e+03
9.890990625000000000e+04
2.630087890625000000e+03
1.177308906250000000e+05
1.844000053405761719e+01
8.885078125000000000e+04
4.122621093750000000e+04
7.592132031250000000e+04
1.335434960937500000e+04
8.654459838867187500e+02
1.788895117187500000e+04
4.692791015625000000e+03
5.454520263671875000e+02
7.400750000000000000e+03
4.265380859375000000e+03
2.471860546875000000e+04
1.414866992187500000e+04
1.238231347656250000e+04
5.540839843750000000e+04
5.799508984375000000e+04
2.575088281250000000e+04
4.671483886718750000e+03
3.497642187500000000e+04
8.705093750000000000e+04
1.227442016601562500e+03
3.819509887695312500e+02
1.400234008789062500e+03
1.574308789062500000e+04
3.488780029296875000e+03
2.807070898437500000e+04
1.227357031250000000e+04
3.641556250000000000e+04
5.643326171875000000e+04
3.893799972534179688e+01
3.957619921875000000e+04
1.344764648437500000e+04
1.309662109375000000e+04
2.985480041503906250e+02
3.386607812500000000e+05
4.326679687500000000e+04
7.157101562500000000e+04
1.567741992187500000e+04
1.299461328125000000e+04
4.341891406250000000e+04
3.232709960937500000e+04
5.880310058593750000e+02
2.654049987792968750e+02
1.339690156250000000e+05
4.019588671875000000e+04
4.983035937500000000e+04
3.686661718750000000e+04
4.324945312500000000e+04
1.602618359375000000e+04
1.258481093750000000e+05
2.322588476562500000e+04
3.588897656250000000e+04
4.059365000000000000e+05
5.905802734375000000e+04
4.061479980468750000e+03
1.102379394531250000e+04
5.892200195312500000e+03
1.488632421875000000e+04
1.038136914062500000e+04
6.784331250000000000e+04
3.242587890625000000e+03
9.495100585937500000e+03
8.628002343750000000e+04
3.691683593750000000e+04
2.546194335937500000e+04
2.435199414062500000e+04
4.745660095214843750e+02
1.187234985351562500e+03
1.127542871093750000e+04
1.126634609375000000e+05
4.539011230468750000e+03
2.099802978515625000e+03
2.697223828125000000e+04
1.495430468750000000e+04
1.696159062500000000e+05
1.156110961914062500e+03
1.027579296875000000e+05
1.355599975585937500e+03
8.203481250000000000e+04
6.207559814453125000e+02
6.633390625000000000e+04
3.216243554687500000e+04
9.830910937500000000e+04
1.674521406250000000e+05
3.888635937500000000e+04
6.060031250000000000e+04
4.662096484375000000e+04
1.327985961914062500e+03
1.928150024414062500e+02
4.364349975585937500e+02
3.037294726562500000e+04
5.887000083923339844e+00
6.188395996093750000e+03
1.785430273437500000e+04
4.417401855468750000e+03
6.050960937500000000e+04
1.768770019531250000e+03
1.895948974609375000e+03
2.738495898437500000e+04
6.757999897003173828e+00
3.386060546875000000e+04
1.483003515625000000e+04
6.406046875000000000e+03
3.292093359375000000e+04
3.907008593750000000e+04
5.853409375000000000e+04
2.392837109375000000e+04
1.051143945312500000e+04
4.737464062500000000e+04
1.471399974822998047e+01
1.170009994506835938e+02
6.348823828125000000e+04
1.077932421875000000e+04
4.023783203125000000e+04
6.386100006103515625e+01
1.831987890625000000e+04
8.350221093750000000e+04
3.098800086975097656e+01
7.919493750000000000e+04
4.940177343750000000e+04
6.700394531250000000e+04
6.979305468750000000e+04
1.067055053710937500e+03
1.396925000000000000e+05
1.088352832031250000e+04
2.218596289062500000e+04
2.832571679687500000e+04
3.238243896484375000e+03
5.466208203125000000e+04
5.637396093750000000e+04
8.977990112304687500e+02
8.064101562500000000e+04
8.267849731445312500e+02
1.947649993896484375e+02
2.123433984375000000e+04
1.992463012695312500e+03
4.621492187500000000e+03
1.821170043945312500e+02
2.333047656250000000e+04
1.356570800781250000e+04
3.120683984375000000e+04
1.037729003906250000e+03
2.087913476562500000e+04
8.448400268554687500e+02
2.886899218750000000e+04
3.542858984375000000e+04
1.145148437500000000e+04
4.820125976562500000e+03
4.889739990234375000e+02
1.129339375000000000e+05
2.740175976562500000e+04
1.079468046875000000e+05
1.424678222656250000e+04
9.308257812500000000e+03
2.646888750000000000e+05
4.615499877929687500e+01
2.777546289062500000e+04
7.049036718750000000e+04
1.804942993164062500e+03
2.395599937438964844e+01
8.759728125000000000e+04
1.829468945312500000e+04
1.485884667968750000e+04
2.319806884765625000e+03
8.381787109375000000e+03
2.674063281250000000e+04
6.199037109375000000e+04
1.106831835937500000e+04
5.374780273437500000e+02
1.765980664062500000e+04
2.738564843750000000e+04
2.389840087890625000e+03
3.736716064453125000e+03
1.423045043945312500e+03
1.964272968750000000e+05
4.982358886718750000e+03
1.645881958007812500e+03
7.853098437500000000e+04
1.338907343750000000e+05
7.760696093750000000e+04
1.057317016601562500e+03
2.790408984375000000e+04
6.255130004882812500e+02
2.522300585937500000e+04
9.929077148437500000e+03
1.294332031250000000e+03
7.689787109375000000e+03
2.219202880859375000e+03
1.073299980163574219e+01
2.913255664062500000e+04
7.050805468750000000e+04
5.161878906250000000e+03
1.202760000000000000e+05
1.413989531250000000e+05
5.885428222656250000e+03
1.802737060546875000e+03
5.511600112915039062e+01
6.172020263671875000e+02
1.903201367187500000e+04
5.118873046875000000e+03
2.267441894531250000e+03
1.207309472656250000e+04
5.368711328125000000e+04
4.067917578125000000e+04
4.023131103515625000e+03
8.736632812500000000e+04
5.654634765625000000e+03
1.338320625000000000e+05
1.724776953125000000e+04
1.549798950195312500e+03
2.600605957031250000e+03
3.255177539062500000e+04
1.667303593750000000e+05
6.939232910156250000e+03
2.741205078125000000e+03
2.413022656250000000e+04
8.496890258789062500e+02
7.132361718750000000e+04
4.647796093750000000e+04
1.940048950195312500e+03
6.290881250000000000e+04
2.725278320312500000e+04
1.701260351562500000e+04
6.036326953125000000e+04
1.848094375000000000e+05
4.931198828125000000e+04
2.123514843750000000e+05
1.837616796875000000e+04
3.626656982421875000e+03
5.409083007812500000e+03
5.650250244140625000e+02
4.389540234375000000e+04
7.685495312500000000e+04
2.017043750000000000e+04
1.756418945312500000e+03
1.705489013671875000e+03
5.853759375000000000e+04
2.988848242187500000e+04
1.005583691406250000e+04
4.598388183593750000e+03
6.543512109375000000e+04
7.908590625000000000e+04
3.197510070800781250e+02
8.231389770507812500e+02
7.309060058593750000e+02
1.012825012207031250e+03
5.531164843750000000e+04
2.469809960937500000e+04
1.394037812500000000e+05
1.166369238281250000e+04
4.144055175781250000e+03
5.294163085937500000e+03
5.083171093750000000e+04
3.065637939453125000e+03
2.566229858398437500e+02
8.649039843750000000e+04
3.719875976562500000e+03
9.289810937500000000e+04
1.595973022460937500e+03
8.656067187500000000e+04
2.356941894531250000e+03
2.543485351562500000e+04
1.819480957031250000e+03
5.656951562500000000e+04
4.041767578125000000e+04
2.499900878906250000e+03
1.664364375000000000e+05
1.913185625000000000e+05
2.435863476562500000e+04
5.897039453125000000e+04
9.380030273437500000e+03
2.499132812500000000e+04
4.836855859375000000e+04
1.582375000000000000e+03
3.113822070312500000e+04
1.220225000000000000e+04
1.297630981445312500e+03
1.952917187500000000e+04
3.829549865722656250e+02
2.849671093750000000e+04
7.254457031250000000e+04
4.512239453125000000e+04
6.963981250000000000e+04
4.681185546875000000e+04
2.216521679687500000e+04
1.367307421875000000e+04
6.992325781250000000e+04
4.272562011718750000e+03
3.436028125000000000e+04
7.349625781250000000e+04
7.198501562500000000e+04
2.458843017578125000e+03
9.902711718750000000e+04
4.469319921875000000e+04
2.751876757812500000e+04
9.215200042724609375e+01
2.567350097656250000e+03
1.417646972656250000e+03
8.288075000000000000e+04
3.479661328125000000e+04
1.413954062500000000e+05
5.143810546875000000e+04
5.034014843750000000e+04
1.448923950195312500e+03
5.181000232696533203e+00
8.706664062500000000e+04
1.295963989257812500e+03
1.584757128906250000e+04
9.296307031250000000e+04
2.347652148437500000e+04
9.738735156250000000e+04
1.445312011718750000e+03
8.843720092773437500e+02
1.813788281250000000e+04
7.852599121093750000e+03
4.678999900817871094e+00
6.880709375000000000e+04
1.112080273437500000e+04
1.097910234375000000e+05
6.399557812500000000e+04
1.499427031250000000e+05
