1.265925878906250000e+04
3.656883984375000000e+04
2.804614687500000000e+05
3.276406250000000000e+04
4.627576562500000000e+04
2.668420703125000000e+04
3.084915039062500000e+04
8.315248046875000000e+03
2.793591064453125000e+03
9.091888671875000000e+03
1.939418593750000000e+05
1.285031406250000000e+05
8.715232812500000000e+04
4.828318359375000000e+04
5.565473144531250000e+03
3.164997460937500000e+04
1.404351562500000000e+05
1.656208203125000000e+04
3.527725000000000000e+04
1.326270800781250000e+04
2.171115429687500000e+04
2.401708984375000000e+04
1.415405859375000000e+04
8.013378906250000000e+04
1.283279980468750000e+04
2.599926025390625000e+03
6.432634765625000000e+03
2.365030664062500000e+04
7.389567871093750000e+03
2.050959960937500000e+04
1.044261425781250000e+04
6.364661718750000000e+04
7.067403808593750000e+03
8.896292968750000000e+03
1.005236999511718750e+03
1.247210156250000000e+04
4.437277832031250000e+03
3.065263476562500000e+04
4.796958984375000000e+04
2.187843750000000000e+04
3.272582812500000000e+05
1.764230078125000000e+04
7.200763281250000000e+04
2.358175000000000000e+04
7.764541015625000000e+03
9.127853515625000000e+03
5.099529785156250000e+03
4.252449951171875000e+02
5.837916015625000000e+03
2.290255859375000000e+04
1.507643652343750000e+04
7.195993164062500000e+03
1.799017187500000000e+04
2.271974804687500000e+04
4.081114013671875000e+03
5.584628125000000000e+04
3.237969335937500000e+04
1.088277421875000000e+05
1.943744140625000000e+04
1.089592421875000000e+05
1.735205078125000000e+04
3.341907812500000000e+04
4.494568847656250000e+03
1.058700781250000000e+04
1.174466171875000000e+05
1.100195703125000000e+04
3.703617187500000000e+05
1.247143945312500000e+04
3.608477050781250000e+03
1.390108593750000000e+04
3.497503515625000000e+04
1.531574687500000000e+05
4.786312988281250000e+03
8.221923437500000000e+04
1.451856542968750000e+04
8.456139648437500000e+03
4.666930078125000000e+04
2.437838476562500000e+04
2.451633398437500000e+04
1.788156640625000000e+04
4.070383056640625000e+03
1.127359472656250000e+04
6.417469531250000000e+04
3.271901367187500000e+04
5.466748437500000000e+04
1.224490234375000000e+04
1.104081347656250000e+04
6.981658203125000000e+03
2.872122656250000000e+04
1.269059982299804688e+02
1.238856953125000000e+05
7.670551562500000000e+04
1.005234375000000000e+04
3.493751953125000000e+04
2.283255468750000000e+04
3.164944726562500000e+04
4.762583593750000000e+04
1.096971718750000000e+05
8.598691406250000000e+03
2.292339843750000000e+04
1.627714355468750000e+04
5.448660546875000000e+04
5.099177343750000000e+04
1.275880468750000000e+04
1.472627734375000000e+04
1.082690781250000000e+05
7.478664062500000000e+03
2.572372851562500000e+04
8.513457812500000000e+04
1.958986718750000000e+04
7.381069531250000000e+04
3.482946093750000000e+04
6.744560058593750000e+03
5.452438964843750000e+03
1.530323046875000000e+04
5.485100173950195312e+01
1.301770898437500000e+04
1.233299218750000000e+04
1.414468994140625000e+03
4.671383789062500000e+03
1.990611875000000000e+05
1.571771679687500000e+04
6.979345312500000000e+04
1.990279101562500000e+04
6.590368164062500000e+03
4.697732910156250000e+03
1.261321386718750000e+04
1.548869921875000000e+04
7.171259765625000000e+03
2.316656982421875000e+03
1.260930761718750000e+04
1.925608007812500000e+04
6.207077734375000000e+04
6.728982031250000000e+04
3.239303320312500000e+04
2.116329492187500000e+04
1.495362500000000000e+04
7.594160156250000000e+02
3.550250390625000000e+04
2.624064941406250000e+03
1.024643164062500000e+04
6.352572656250000000e+04
1.164740966796875000e+03
1.583031347656250000e+04
4.971133789062500000e+03
1.458269824218750000e+04
1.768725937500000000e+05
8.413339843750000000e+02
2.726843437500000000e+05
1.656427343750000000e+04
3.153478515625000000e+04
7.237620239257812500e+02
1.874190429687500000e+04
2.817448437500000000e+05
1.057128125000000000e+04
3.215595703125000000e+04
1.013540429687500000e+04
1.977290820312500000e+04
1.407139843750000000e+04
3.660323437500000000e+04
3.547485000000000000e+05
2.333927001953125000e+03
9.065345703125000000e+03
8.223240234375000000e+03
1.940612343750000000e+05
1.337639746093750000e+04
1.295834960937500000e+03
5.714590625000000000e+04
2.435089062500000000e+04
1.134260058593750000e+04
1.278898632812500000e+04
1.270059082031250000e+04
3.579706250000000000e+04
2.293642773437500000e+04
2.486775000000000000e+04
8.753311523437500000e+03
2.152483984375000000e+04
1.310492187500000000e+04
6.196337890625000000e+03
1.342765468750000000e+05
1.392128906250000000e+05
4.730250390625000000e+04
3.029730859375000000e+04
6.730459960937500000e+03
8.060705078125000000e+03
3.304388281250000000e+04
4.488570800781250000e+03
4.433464062500000000e+04
1.071429921875000000e+05
2.083237695312500000e+04
3.624724218750000000e+04
3.568631640625000000e+04
1.316468652343750000e+04
5.309625390625000000e+04
1.390630035400390625e+02
3.870025781250000000e+04
1.625928125000000000e+04
3.529694091796875000e+03
1.360784179687500000e+04
4.387301171875000000e+04
7.884823437500000000e+04
9.742556640625000000e+03
4.476541015625000000e+04
3.269061562500000000e+05
2.029320507812500000e+04
1.108072031250000000e+05
2.474575585937500000e+04
2.940342968750000000e+04
1.165711718750000000e+04
6.025165039062500000e+03
2.062638906250000000e+05
3.778108437500000000e+05
1.857338750000000000e+05
9.272635937500000000e+04
7.864044531250000000e+04
1.480644140625000000e+04
1.036193261718750000e+04
2.995803320312500000e+04
1.042286406250000000e+05
1.725996289062500000e+04
8.158201171875000000e+03
9.992138671875000000e+03
2.052563671875000000e+04
3.264444091796875000e+03
9.442055664062500000e+03
1.024920156250000000e+05
8.081278808593750000e+03
6.711911718750000000e+04
1.064295000000000000e+05
4.360117187500000000e+03
9.651619140625000000e+03
3.083001953125000000e+03
3.153399902343750000e+03
1.114415468750000000e+05
1.619500976562500000e+03
2.096659765625000000e+04
1.649973593750000000e+05
1.593716992187500000e+04
1.643548242187500000e+04
1.997546289062500000e+04
3.297061035156250000e+03
7.745025878906250000e+03
5.493410034179687500e+02
7.867016406250000000e+04
1.641833203125000000e+04
4.586267089843750000e+03
3.298351953125000000e+04
1.682966601562500000e+04
1.249273535156250000e+04
2.527525585937500000e+04
2.113204296875000000e+04
1.472904687500000000e+04
2.184438671875000000e+04
2.680941992187500000e+04
2.724608886718750000e+03
2.676117968750000000e+04
1.328398046875000000e+04
7.955474218750000000e+04
2.374732812500000000e+04
6.521570800781250000e+03
3.657428906250000000e+04
1.141558828125000000e+05
1.220499023437500000e+04
7.579269531250000000e+04
3.159637304687500000e+04
6.856141113281250000e+03
2.196658007812500000e+04
1.189884921875000000e+05
2.631440917968750000e+03
2.192281835937500000e+04
7.149462500000000000e+04
3.733977050781250000e+03
1.867779882812500000e+04
2.310153906250000000e+05
6.120231250000000000e+04
7.210265625000000000e+04
1.935015039062500000e+04
9.772598437500000000e+04
1.085040625000000000e+04
7.252467187500000000e+04
1.244144531250000000e+05
8.833278320312500000e+03
1.738745898437500000e+04
1.713633906250000000e+05
7.139514160156250000e+03
2.710941210937500000e+04
2.604128320312500000e+04
1.048704218750000000e+05
2.672430908203125000e+03
1.971244921875000000e+04
2.409893359375000000e+04
1.344275976562500000e+04
5.157881835937500000e+03
1.861621484375000000e+04
7.138875000000000000e+03
4.373644042968750000e+03
1.478323339843750000e+04
4.031879296875000000e+04
6.228078515625000000e+04
1.522216406250000000e+05
3.369426025390625000e+03
1.132451269531250000e+04
1.648001953125000000e+04
3.636913437500000000e+05
8.522635156250000000e+04
1.688000976562500000e+04
2.501564648437500000e+04
5.359435937500000000e+04
2.381126250000000000e+05
4.531023437500000000e+04
1.564509179687500000e+04
2.393044140625000000e+04
4.401159973144531250e+02
1.934363085937500000e+04
6.493829101562500000e+03
3.023182812500000000e+04
1.490080859375000000e+04
8.470563476562500000e+03
2.011082812500000000e+05
7.817566894531250000e+03
2.891119687500000000e+05
5.111229003906250000e+03
1.330355468750000000e+04
5.367539453125000000e+04
1.283957714843750000e+04
1.336754394531250000e+04
7.134423828125000000e+03
3.450195312500000000e+04
5.692675781250000000e+04
1.061105566406250000e+04
2.435404882812500000e+04
5.904126953125000000e+03
1.031523750000000000e+05
2.091410156250000000e+04
1.002393066406250000e+04
1.064853027343750000e+03
7.070629882812500000e+03
1.705696484375000000e+04
9.109827148437500000e+03
2.432707031250000000e+04
4.968149902343750000e+03
3.607410888671875000e+03
2.077797812500000000e+05
8.538393554687500000e+03
1.562210468750000000e+05
2.262892089843750000e+03
3.280381250000000000e+04
5.262431152343750000e+03
1.213814453125000000e+05
1.105392089843750000e+04
9.556310937500000000e+04
1.596994042968750000e+04
3.690274609375000000e+04
4.895644042968750000e+03
1.135704394531250000e+04
1.418251093750000000e+05
3.333756640625000000e+04
2.636350781250000000e+04
3.247751562500000000e+05
9.225271093750000000e+04
7.302836718750000000e+04
5.489722656250000000e+04
2.012782226562500000e+04
1.597302539062500000e+04
2.322726367187500000e+04
2.670800976562500000e+04
2.850347656250000000e+04
1.437619531250000000e+05
3.746221484375000000e+04
2.192549218750000000e+04
8.217397656250000000e+04
3.372420898437500000e+03
1.193858300781250000e+04
6.365812890625000000e+04
4.859969140625000000e+04
3.429278076171875000e+03
4.115245312500000000e+04
5.947455859375000000e+04
8.596564453125000000e+03
2.632583984375000000e+04
4.399261718750000000e+04
7.079064843750000000e+04
8.815564062500000000e+04
6.980950781250000000e+04
2.419161914062500000e+04
2.669435742187500000e+04
3.548158935546875000e+03
6.228640136718750000e+03
1.187853906250000000e+04
7.335914062500000000e+03
3.398286328125000000e+04
8.213415039062500000e+03
1.088254003906250000e+04
1.700423046875000000e+04
3.710752343750000000e+04
8.213782226562500000e+03
1.430573730468750000e+04
1.263667675781250000e+04
9.069498437500000000e+04
2.169866250000000000e+05
7.016148437500000000e+04
2.714989929199218750e+02
1.157499121093750000e+04
3.868476171875000000e+04
9.267594531250000000e+04
1.403965429687500000e+04
8.868474609375000000e+03
1.931487890625000000e+04
7.141935058593750000e+03
8.938475000000000000e+04
8.781621875000000000e+04
2.032546289062500000e+04
1.019250097656250000e+04
1.133828906250000000e+04
2.518524902343750000e+03
5.493426757812500000e+03
4.334776855468750000e+03
7.082685937500000000e+04
3.561173095703125000e+03
2.109323974609375000e+03
4.174931250000000000e+04
7.418505468750000000e+04
3.968457031250000000e+03
2.955218164062500000e+04
3.223251367187500000e+04
2.784135156250000000e+04
2.068203320312500000e+04
4.018405859375000000e+04
5.148816894531250000e+03
1.420293847656250000e+04
2.335427812500000000e+05
4.477453906250000000e+04
6.173353906250000000e+04
1.789693554687500000e+04
1.058413359375000000e+05
1.839050976562500000e+04
1.673162304687500000e+04
2.849731933593750000e+03
1.437835839843750000e+04
1.211106054687500000e+04
2.880862890625000000e+04
7.031419531250000000e+04
1.183120156250000000e+05
2.253123281250000000e+05
7.327763281250000000e+04
1.463943945312500000e+04
5.931127343750000000e+04
1.456769726562500000e+04
2.970348632812500000e+04
8.759364257812500000e+03
1.174977734375000000e+05
3.130889892578125000e+03
5.161797656250000000e+04
2.366271484375000000e+04
1.552473999023437500e+03
5.994895019531250000e+03
1.585558300781250000e+04
6.656520019531250000e+03
1.014085644531250000e+04
1.656249218750000000e+04
7.980476074218750000e+03
1.408804199218750000e+04
2.061214648437500000e+04
1.397169687500000000e+05
4.054370117187500000e+02
7.733699218750000000e+03
1.940414648437500000e+04
2.642750585937500000e+04
2.607235351562500000e+04
2.410322460937500000e+04
4.428655312500000000e+05
1.650097812500000000e+05
2.481617968750000000e+04
5.882883593750000000e+04
1.279896796875000000e+05
2.784744531250000000e+04
1.383213769531250000e+04
5.975092773437500000e+03
1.918366796875000000e+04
1.024876171875000000e+04
6.131783203125000000e+04
1.344387939453125000e+03
3.738061718750000000e+04
1.594318164062500000e+04
4.970334765625000000e+04
2.066000585937500000e+04
7.528426757812500000e+03
1.999577343750000000e+04
1.684508984375000000e+04
2.469983789062500000e+04
1.263880566406250000e+04
1.645748437500000000e+04
4.284236718750000000e+04
5.889730957031250000e+03
9.180276562500000000e+04
8.838738281250000000e+04
1.198044296875000000e+05
2.321831640625000000e+04
4.122219921875000000e+04
6.838307128906250000e+03
6.447707031250000000e+03
7.825040283203125000e+02
4.451708984375000000e+03
1.443295312500000000e+05
3.579315234375000000e+04
4.035876171875000000e+04
1.600637890625000000e+04
2.491733203125000000e+04
2.586266992187500000e+04
1.256988125000000000e+05
6.156210156250000000e+04
1.510708789062500000e+04
1.133991308593750000e+04
2.463386962890625000e+03
8.151312011718750000e+03
9.813071289062500000e+03
1.733646718750000000e+05
2.030107500000000000e+05
1.112452968750000000e+05
1.381973730468750000e+04
1.912286718750000000e+05
6.531799218750000000e+04
1.661015014648437500e+03
1.363813437500000000e+05
5.793454101562500000e+03
1.132436640625000000e+05
3.383012939453125000e+03
8.124960937500000000e+03
5.339504687500000000e+04
2.738421875000000000e+04
1.077367656250000000e+05
3.194413867187500000e+04
3.499767089843750000e+03
5.118664453125000000e+04
5.085458984375000000e+04
3.176498632812500000e+04
1.189357656250000000e+05
1.386138378906250000e+04
8.401182617187500000e+03
4.362692187500000000e+04
1.332222851562500000e+04
5.308808203125000000e+04
9.664612304687500000e+03
9.716031250000000000e+04
9.766804687500000000e+03
1.663222851562500000e+04
8.848118164062500000e+03
1.976974843750000000e+05
8.623467968750000000e+04
1.444524218750000000e+04
1.518310156250000000e+04
4.238987500000000000e+04
1.747551757812500000e+04
3.829749609375000000e+04
7.080507812500000000e+03
9.201991210937500000e+03
3.718101953125000000e+04
8.438887695312500000e+03
1.146237890625000000e+04
1.530018125000000000e+05
5.860394921875000000e+04
1.452161328125000000e+04
5.884294140625000000e+04
1.048951464843750000e+04
1.337986035156250000e+04
4.975598144531250000e+03
4.116285546875000000e+04
1.460372070312500000e+04
1.822608984375000000e+04
9.752873046875000000e+03
6.029707031250000000e+03
8.691033203125000000e+03
2.718347265625000000e+04
7.968010156250000000e+04
1.156129989624023438e+02
5.447576171875000000e+04
6.693430175781250000e+03
3.315173046875000000e+04
1.124007812500000000e+04
1.782654492187500000e+04
1.513369531250000000e+04
1.687576718750000000e+05
8.943660937500000000e+04
1.137244995117187500e+03
3.114623437500000000e+04
8.550150146484375000e+02
2.253112109375000000e+04
5.686970703125000000e+04
1.566205273437500000e+04
1.077918945312500000e+03
7.611930175781250000e+03
6.160089062500000000e+04
3.815649609375000000e+04
5.564543945312500000e+03
5.155396875000000000e+04
1.587302929687500000e+04
8.131826562500000000e+04
1.695995000000000000e+05
8.313523437500000000e+03
2.306405029296875000e+03
2.355708593750000000e+04
3.053725781250000000e+04
4.432325195312500000e+03
5.677067871093750000e+03
1.435745117187500000e+04
6.853435156250000000e+04
1.832449414062500000e+04
1.725716015625000000e+04
4.241500000000000000e+03
4.933167968750000000e+03
2.767491943359375000e+03
1.237393281250000000e+05
1.865818945312500000e+04
2.667134765625000000e+04
6.734063281250000000e+04
1.954636718750000000e+04
1.004288867187500000e+04
1.108672656250000000e+05
4.920301953125000000e+04
4.710430175781250000e+03
1.648090820312500000e+04
2.201436132812500000e+04
1.020248632812500000e+04
2.221699375000000000e+05
1.355591562500000000e+05
1.897058593750000000e+04
1.151261640625000000e+05
5.363262109375000000e+04
2.835096093750000000e+04
1.706434687500000000e+05
1.712182226562500000e+04
1.315427031250000000e+05
7.364939941406250000e+03
1.274641718750000000e+05
1.045529199218750000e+04
6.422134765625000000e+03
3.585053955078125000e+03
1.834220000000000000e+05
4.630679296875000000e+04
2.106245898437500000e+04
2.773089062500000000e+04
1.526161718750000000e+05
3.186386962890625000e+03
1.889966796875000000e+04
1.312672070312500000e+04
1.425226406250000000e+05
1.379698437500000000e+05
7.859475097656250000e+03
1.975499023437500000e+03
2.216166015625000000e+04
2.120479003906250000e+03
3.144504296875000000e+04
4.818576562500000000e+04
4.823920898437500000e+03
8.635266601562500000e+03
8.410709375000000000e+04
6.797243164062500000e+03
3.818136962890625000e+03
3.267421484375000000e+04
2.620896484375000000e+04
1.135037695312500000e+04
2.793691210937500000e+04
7.949010009765625000e+02
3.665602734375000000e+04
1.535742480468750000e+04
9.932466796875000000e+03
2.050475390625000000e+04
4.145760937500000000e+04
4.629150085449218750e+02
1.036456152343750000e+04
7.000705078125000000e+03
3.571005859375000000e+04
1.497552636718750000e+04
6.226834765625000000e+04
4.090968359375000000e+04
1.945321289062500000e+04
1.660203593750000000e+05
4.498136718750000000e+04
1.687613867187500000e+04
6.186537500000000000e+04
5.239647265625000000e+04
1.596384472656250000e+04
1.791200195312500000e+04
2.578117578125000000e+04
3.119835351562500000e+04
8.722829687500000000e+04
1.910717343750000000e+05
4.369795703125000000e+04
2.862489843750000000e+04
8.713417187500000000e+04
3.794861083984375000e+03
4.036890625000000000e+04
1.589285034179687500e+03
4.981354980468750000e+03
9.651524218750000000e+04
1.928199951171875000e+03
6.714637500000000000e+04
1.905173950195312500e+03
7.217221875000000000e+04
1.862449218750000000e+04
3.010424072265625000e+03
8.826454101562500000e+03
3.168729980468750000e+03
4.870500390625000000e+04
2.851138867187500000e+04
1.104833886718750000e+04
2.206257080078125000e+03
1.353915429687500000e+04
8.616564843750000000e+04
4.643305175781250000e+03
6.566681875000000000e+05
2.490815820312500000e+04
9.917268750000000000e+04
8.783280273437500000e+03
1.375187597656250000e+04
7.291772949218750000e+03
2.383964843750000000e+04
2.058866992187500000e+04
3.963797656250000000e+04
1.411796093750000000e+04
6.348910156250000000e+03
1.390548281250000000e+05
2.648150781250000000e+04
2.379791992187500000e+04
6.389448437500000000e+04
3.014916992187500000e+04
5.862117500000000000e+05
9.745851562500000000e+03
9.010505859375000000e+03
1.047537890625000000e+05
4.504006250000000000e+04
1.224613515625000000e+05
1.653070507812500000e+04
7.527713867187500000e+03
8.973929687500000000e+04
4.675764453125000000e+04
2.029349023437500000e+04
4.110734062500000000e+05
4.526676562500000000e+04
1.316284375000000000e+05
7.990571777343750000e+03
2.039129687500000000e+04
1.603973281250000000e+05
4.414635312500000000e+05
2.047950781250000000e+04
2.281371562500000000e+05
3.042055937500000000e+05
1.500697265625000000e+04
3.565198046875000000e+04
7.710349731445312500e+02
4.839008437500000000e+05
1.243985859375000000e+05
2.494239990234375000e+03
4.336409375000000000e+04
1.369421289062500000e+04
8.285075781250000000e+04
3.371934765625000000e+04
2.113014892578125000e+03
1.258613281250000000e+04
4.879750781250000000e+04
4.148312500000000000e+04
8.329461914062500000e+03
8.098546875000000000e+03
1.014423925781250000e+04
3.495648925781250000e+03
2.406146972656250000e+03
7.787465625000000000e+04
7.414757812500000000e+03
1.049481542968750000e+04
6.839819946289062500e+02
1.711802812500000000e+05
1.619840942382812500e+03
1.541624062500000000e+05
3.208833007812500000e+03
1.848722265625000000e+04
3.755822265625000000e+04
1.347945996093750000e+04
8.644456250000000000e+04
4.142332031250000000e+04
8.402939453125000000e+03
2.185821093750000000e+04
7.192663085937500000e+03
2.161905625000000000e+05
7.114778906250000000e+04
4.978587890625000000e+03
3.740001953125000000e+03
2.239835156250000000e+04
1.983699609375000000e+04
2.026931562500000000e+05
4.901888671875000000e+04
2.075835000000000000e+05
2.585850097656250000e+03
1.728885937500000000e+04
1.607952812500000000e+05
6.107394921875000000e+04
9.260085937500000000e+04
4.113034179687500000e+03
1.947160156250000000e+04
1.796823046875000000e+04
3.367145703125000000e+04
1.957408398437500000e+04
1.333992773437500000e+04
9.166852343750000000e+04
1.085743515625000000e+05
2.006101171875000000e+04
5.261550292968750000e+02
1.173045468750000000e+05
5.229097265625000000e+04
4.764306152343750000e+03
1.579936035156250000e+04
2.611620781250000000e+05
1.218205078125000000e+04
3.439721484375000000e+04
2.931270141601562500e+02
3.824131250000000000e+04
1.586684863281250000e+04
3.462791796875000000e+04
1.424294726562500000e+04
1.792517773437500000e+04
2.564452929687500000e+04
3.378323437500000000e+04
4.002138281250000000e+04
7.285123046875000000e+03
5.041703125000000000e+03
1.481078002929687500e+03
8.997818359375000000e+03
2.142501367187500000e+04
1.354530664062500000e+04
1.959519218750000000e+05
1.326408300781250000e+04
6.190346484375000000e+04
9.106699218750000000e+03
4.084165234375000000e+04
1.809011523437500000e+04
2.014023046875000000e+04
1.832638085937500000e+04
4.592971093750000000e+04
1.344148046875000000e+04
1.081800234375000000e+05
5.818180468750000000e+04
1.036715722656250000e+04
5.929857031250000000e+04
8.740371093750000000e+03
3.229327148437500000e+04
8.613609375000000000e+04
6.521344921875000000e+04
2.137953515625000000e+04
5.316917578125000000e+04
1.625510986328125000e+03
5.111454101562500000e+03
6.022277343750000000e+04
1.845084765625000000e+04
1.453148125000000000e+05
1.105961035156250000e+04
1.261255371093750000e+04
8.107358593750000000e+04
2.149629492187500000e+04
7.752446777343750000e+03
6.665346875000000000e+04
1.989101171875000000e+04
2.124129687500000000e+04
4.931076562500000000e+04
1.115853906250000000e+05
2.602911132812500000e+04
2.366409375000000000e+04
1.090510839843750000e+04
1.340295410156250000e+04
2.895538085937500000e+04
1.023970703125000000e+04
2.364820703125000000e+04
3.711548046875000000e+04
2.217278076171875000e+03
1.394330761718750000e+04
1.671532343750000000e+05
1.363833203125000000e+04
9.091619873046875000e+02
8.036388281250000000e+04
3.555120312500000000e+04
3.175831054687500000e+04
1.215223515625000000e+05
1.833804531250000000e+05
1.030960742187500000e+04
2.864491875000000000e+05
2.438843994140625000e+03
6.916626953125000000e+03
2.403385156250000000e+04
1.194741250000000000e+05
2.921803906250000000e+04
1.146893554687500000e+04
7.772009375000000000e+04
3.689023046875000000e+04
1.450913183593750000e+04
3.184774902343750000e+03
4.020919921875000000e+03
1.361996093750000000e+05
2.134495703125000000e+04
2.756475390625000000e+04
1.220647343750000000e+05
2.409760742187500000e+04
2.054034179687500000e+04
3.678538085937500000e+03
2.618200781250000000e+04
8.861236718750000000e+04
4.913549687500000000e+05
2.871153076171875000e+03
3.558724121093750000e+03
2.702889257812500000e+04
7.254399218750000000e+04
2.031514648437500000e+04
1.442452929687500000e+04
2.923209570312500000e+04
1.076915312500000000e+05
6.206223437500000000e+04
2.058995468750000000e+05
1.233867109375000000e+05
1.117508105468750000e+04
3.497338281250000000e+04
5.986079711914062500e+02
2.525813085937500000e+04
4.973735156250000000e+04
1.210866503906250000e+04
3.680651562500000000e+04
3.650860156250000000e+04
2.726094531250000000e+04
3.421913085937500000e+03
2.844155078125000000e+04
4.967088671875000000e+04
1.426083593750000000e+04
2.601922656250000000e+05
1.394352246093750000e+04
1.604610961914062500e+03
4.650954101562500000e+03
8.246962890625000000e+03
3.874805908203125000e+03
1.757790820312500000e+04
1.638133906250000000e+05
2.593033984375000000e+04
3.010929687500000000e+04
4.696866210937500000e+03
4.511819921875000000e+04
4.539272265625000000e+04
4.995954101562500000e+03
7.707925781250000000e+03
4.053969687500000000e+05
3.077350585937500000e+04
3.287584765625000000e+04
6.401369140625000000e+03
9.804398437500000000e+03
9.669566406250000000e+04
7.193006835937500000e+03
3.813390234375000000e+04
7.918127343750000000e+04
3.739611083984375000e+03
5.474197265625000000e+04
3.630508203125000000e+04
9.095792187500000000e+04
3.408803125000000000e+04
9.516420312500000000e+04
1.723183007812500000e+04
3.063326953125000000e+04
3.107507812500000000e+04
1.909653906250000000e+04
7.419302343750000000e+04
3.844097656250000000e+04
1.337866894531250000e+04
1.376502148437500000e+04
7.728729003906250000e+03
1.619308398437500000e+04
2.319077539062500000e+04
1.763032812500000000e+05
2.441607226562500000e+04
1.590316040039062500e+03
3.440301025390625000e+03
3.873301562500000000e+04
6.558515625000000000e+04
2.089144140625000000e+04
5.812235156250000000e+04
4.298904785156250000e+03
1.434661523437500000e+04
4.272945800781250000e+03
1.593763671875000000e+04
5.372000390625000000e+04
2.244169140625000000e+04
2.307373632812500000e+04
7.904472167968750000e+03
2.139893554687500000e+04
8.756905273437500000e+03
3.424893750000000000e+04
6.048967968750000000e+04
1.458623593750000000e+05
8.853390625000000000e+04
1.498239453125000000e+04
1.730403320312500000e+04
4.337166992187500000e+03
2.929430468750000000e+04
1.231058671875000000e+05
2.001092968750000000e+04
3.581074951171875000e+03
3.428062812500000000e+05
2.005157187500000000e+05
