2.792413867187500000e+04
1.485848022460937500e+03
1.924130000000000000e+05
6.104526953125000000e+04
2.491941210937500000e+04
1.384461523437500000e+04
6.527273046875000000e+04
6.108839453125000000e+04
1.186972656250000000e+05
1.036321015625000000e+05
1.284924531250000000e+05
4.888164453125000000e+04
1.584254589843750000e+04
7.583645312500000000e+04
2.118247265625000000e+04
1.861769218750000000e+05
4.215939453125000000e+04
1.170466171875000000e+05
4.242353027343750000e+03
2.620226562500000000e+04
2.742025000000000000e+05
1.311913964843750000e+04
6.461862109375000000e+04
7.246342187500000000e+04
4.317318750000000000e+04
1.286523046875000000e+05
4.101082500000000000e+05
1.506366406250000000e+04
1.808540039062500000e+03
6.200458007812500000e+03
2.176980937500000000e+05
7.158200073242187500e+01
1.360334960937500000e+03
4.252975937500000000e+05
1.527990468750000000e+05
1.879649414062500000e+04
1.949594843750000000e+05
1.142333984375000000e+05
9.597278125000000000e+04
1.068558105468750000e+04
2.545956875000000000e+05
6.657770312500000000e+04
5.129506250000000000e+04
4.366189843750000000e+04
5.898440000000000000e+05
4.509912109375000000e+04
4.141020937500000000e+05
3.267446250000000000e+05
4.472532031250000000e+04
9.253850097656250000e+02
8.254556250000000000e+05
4.911140625000000000e+04
1.258385644531250000e+04
6.531004882812500000e+03
5.670468359375000000e+04
1.295102929687500000e+04
1.464787597656250000e+04
4.869678125000000000e+05
2.388471923828125000e+03
1.596736250000000000e+05
3.525646093750000000e+04
5.547814453125000000e+04
6.465596875000000000e+05
9.840816406250000000e+03
2.118694335937500000e+04
4.616558593750000000e+04
1.565088906250000000e+05
8.925000976562500000e+03
1.129362890625000000e+04
2.838872070312500000e+04
2.868380126953125000e+02
9.230431640625000000e+03
8.664000781250000000e+04
5.469173046875000000e+04
9.987009375000000000e+04
1.325811914062500000e+04
1.170895214843750000e+04
6.828021875000000000e+04
1.895508789062500000e+04
5.041382812500000000e+03
6.888114843750000000e+04
2.335534218750000000e+05
1.203083886718750000e+04
7.729221191406250000e+03
3.641815917968750000e+03
1.414077343750000000e+05
4.376656875000000000e+05
1.240368203125000000e+05
1.752893906250000000e+05
1.352777636718750000e+04
4.193600781250000000e+04
4.106839453125000000e+04
2.464646484375000000e+04
8.974029296875000000e+03
3.481412109375000000e+04
1.113024531250000000e+05
3.865021484375000000e+04
3.520872656250000000e+04
1.048467734375000000e+05
4.676592968750000000e+04
1.228974975585937500e+03
1.715527656250000000e+05
1.139935859375000000e+05
8.186692968750000000e+04
1.002807343750000000e+05
3.755150781250000000e+04
1.216238593750000000e+05
1.462010040283203125e+02
7.641807031250000000e+04
2.183180468750000000e+04
2.668851250000000000e+05
1.356677031250000000e+05
5.165991015625000000e+04
2.747761132812500000e+04
3.909737109375000000e+04
5.875089062500000000e+04
3.294180078125000000e+04
4.911438964843750000e+03
1.948731718750000000e+05
2.558108203125000000e+04
1.605029394531250000e+04
9.069227539062500000e+03
2.864644921875000000e+04
4.474777734375000000e+04
3.193039257812500000e+04
1.487776093750000000e+05
9.707351562500000000e+04
6.424494140625000000e+04
1.960800048828125000e+03
5.888630625000000000e+05
4.773195625000000000e+05
2.910665039062500000e+03
6.753888281250000000e+04
8.631809570312500000e+03
5.781098828125000000e+04
5.104109375000000000e+04
2.321238593750000000e+05
3.807938281250000000e+04
6.677140625000000000e+04
7.398555000000000000e+05
3.784197812500000000e+05
6.758431250000000000e+04
8.221580078125000000e+03
7.507193750000000000e+04
1.987504101562500000e+04
7.953958125000000000e+05
7.111620312500000000e+04
1.969282968750000000e+05
5.271092578125000000e+04
3.131227148437500000e+04
1.257739140625000000e+05
9.468922656250000000e+04
6.264529687500000000e+04
2.370718281250000000e+05
7.862359863281250000e+03
9.556084960937500000e+03
4.675939687500000000e+05
1.100425312500000000e+05
1.334701562500000000e+05
1.549125781250000000e+04
7.397268125000000000e+05
4.042635312500000000e+05
3.674802734375000000e+04
5.723120703125000000e+04
8.633000373840332031e+00
1.539532812500000000e+05
2.336073437500000000e+05
7.858149218750000000e+04
5.004926171875000000e+04
2.301760937500000000e+05
6.668860937500000000e+04
7.773428222656250000e+03
1.117239062500000000e+04
4.136204687500000000e+05
2.639294531250000000e+04
1.261165781250000000e+05
1.361247968750000000e+05
5.280937890625000000e+04
3.629660888671875000e+03
8.523693359375000000e+03
4.781942187500000000e+04
2.450315039062500000e+04
1.646368164062500000e+04
3.578379296875000000e+04
2.282926875000000000e+05
1.269179296875000000e+04
5.268252734375000000e+04
1.382288574218750000e+04
1.411478906250000000e+04
9.593113281250000000e+04
6.360585625000000000e+05
8.346441406250000000e+04
5.373268359375000000e+04
3.125976074218750000e+03
1.947329375000000000e+05
9.392904687500000000e+04
9.459875781250000000e+04
1.880208281250000000e+05
1.211121953125000000e+05
4.839648046875000000e+04
7.448757812500000000e+03
6.853785156250000000e+04
2.025227187500000000e+05
5.329901953125000000e+04
4.705953906250000000e+04
1.641048437500000000e+04
5.289014843750000000e+04
1.669858906250000000e+05
1.717012343750000000e+05
4.869056152343750000e+03
9.019445312500000000e+04
5.631569921875000000e+04
2.100273242187500000e+04
1.006765014648437500e+03
1.987814648437500000e+04
1.412375488281250000e+04
6.812874023437500000e+03
4.874005937500000000e+05
1.375915781250000000e+05
9.277234375000000000e+04
5.980414453125000000e+04
5.711964062500000000e+04
2.891288085937500000e+04
5.399423437500000000e+04
1.734831835937500000e+04
6.898825781250000000e+04
2.753501562500000000e+04
5.225250000000000000e+04
7.495471093750000000e+04
5.489831250000000000e+04
1.446977929687500000e+04
7.377474218750000000e+04
9.755683593750000000e+03
2.294506562500000000e+05
6.943306250000000000e+04
6.627565917968750000e+03
2.113349375000000000e+05
2.875298242187500000e+04
1.785407656250000000e+05
1.950313750000000000e+05
1.392859960937500000e+04
1.011205468750000000e+04
4.697020703125000000e+04
1.662899218750000000e+05
4.666880859375000000e+04
1.549105625000000000e+05
1.062719218750000000e+05
4.388470703125000000e+04
2.354630273437500000e+04
1.761344687500000000e+05
8.150330468750000000e+04
8.041060058593750000e+03
2.869080312500000000e+05
2.464455273437500000e+04
1.759087695312500000e+04
2.686234687500000000e+05
8.610315625000000000e+04
1.255248750000000000e+05
1.104723593750000000e+05
2.052797812500000000e+05
2.496106445312500000e+04
7.344046875000000000e+03
7.815757812500000000e+04
6.151295312500000000e+04
3.022830078125000000e+04
1.789691992187500000e+04
9.955694531250000000e+04
8.455102343750000000e+04
3.776946044921875000e+03
6.818938281250000000e+04
3.415641796875000000e+04
1.131648125000000000e+05
8.824456250000000000e+04
1.835313593750000000e+05
3.988184082031250000e+03
1.178063671875000000e+04
2.852989687500000000e+05
2.459662304687500000e+04
3.872777734375000000e+04
3.905687109375000000e+04
2.867887109375000000e+04
9.596750976562500000e+03
2.947095117187500000e+04
1.240861562500000000e+05
8.746053125000000000e+04
8.206371093750000000e+04
8.216347656250000000e+03
8.172812500000000000e+04
2.599757031250000000e+04
4.125131250000000000e+04
1.237877734375000000e+04
1.070685058593750000e+03
3.514668750000000000e+04
3.023742812500000000e+05
7.547334375000000000e+04
1.299173359375000000e+05
2.902069140625000000e+04
1.010468046875000000e+05
6.085515000000000000e+05
1.930579986572265625e+02
2.175203320312500000e+04
1.788926171875000000e+04
2.323143359375000000e+04
2.653788281250000000e+04
3.945230078125000000e+04
1.244273339843750000e+04
5.836369921875000000e+04
4.510492187500000000e+05
1.111715234375000000e+05
1.372690429687500000e+04
8.724210937500000000e+04
3.315445068359375000e+03
1.340231152343750000e+04
2.348206718750000000e+05
9.044340625000000000e+04
9.059651562500000000e+04
3.014505273437500000e+04
2.284197968750000000e+05
5.764714453125000000e+04
1.741352539062500000e+04
2.037748046875000000e+04
1.703422973632812500e+03
4.488777832031250000e+03
1.328253437500000000e+05
4.568016406250000000e+04
4.283219921875000000e+04
2.574256103515625000e+03
1.050378515625000000e+04
1.109937207031250000e+04
1.030260625000000000e+05
5.937085156250000000e+04
1.224131093750000000e+05
2.263983984375000000e+04
6.156945312500000000e+04
3.033979062500000000e+05
3.620576562500000000e+04
1.333020156250000000e+05
8.682513281250000000e+04
2.688342812500000000e+05
2.758140000000000000e+05
4.139612812500000000e+05
5.960292968750000000e+04
1.744561406250000000e+05
5.883976953125000000e+04
5.050517812500000000e+05
4.547828906250000000e+04
1.088170410156250000e+04
2.132961250000000000e+05
3.811234375000000000e+04
2.512266093750000000e+05
1.508236093750000000e+05
7.432605957031250000e+03
1.218267382812500000e+04
1.820574062500000000e+05
8.441646875000000000e+04
3.126252343750000000e+04
2.983324951171875000e+03
1.463064843750000000e+05
1.667266250000000000e+05
3.048400976562500000e+04
3.278746093750000000e+04
9.430139843750000000e+04
8.879819946289062500e+02
1.305174414062500000e+04
5.836410156250000000e+03
3.624384033203125000e+03
4.731869531250000000e+04
1.809586914062500000e+04
5.121951953125000000e+04
5.887498046875000000e+03
1.722281445312500000e+04
1.063097851562500000e+04
3.965221923828125000e+03
2.028868945312500000e+04
1.971121679687500000e+04
1.003138046875000000e+05
1.656649218750000000e+05
1.232911523437500000e+04
7.996335156250000000e+04
1.907554882812500000e+04
1.063789375000000000e+05
1.085700292968750000e+04
1.558811875000000000e+05
4.712088281250000000e+04
3.619605468750000000e+04
2.809995703125000000e+04
3.327030029296875000e+03
1.494003051757812500e+03
6.686939697265625000e+02
8.883259375000000000e+04
3.333988671875000000e+04
1.404980010986328125e+02
1.967043593750000000e+05
5.122918750000000000e+04
3.158121562500000000e+05
2.201567500000000000e+05
3.029955664062500000e+04
1.968816015625000000e+04
2.787828320312500000e+04
6.509407031250000000e+04
1.205031953125000000e+05
3.202482421875000000e+04
1.180025312500000000e+05
4.135725390625000000e+04
7.603556250000000000e+04
6.765586718750000000e+04
1.247118437500000000e+05
1.133616406250000000e+05
6.143545898437500000e+03
2.681444140625000000e+04
1.286554687500000000e+05
1.502450625000000000e+05
1.092953125000000000e+04
1.454296679687500000e+04
8.323288281250000000e+04
7.695783203125000000e+03
5.864150000000000000e+05
5.765912500000000000e+04
4.222838281250000000e+04
7.428198437500000000e+04
4.680376562500000000e+04
3.539512500000000000e+05
3.559571093750000000e+04
2.889338671875000000e+04
2.494093945312500000e+04
5.715813281250000000e+04
2.824049218750000000e+04
1.622572070312500000e+04
7.911085937500000000e+04
7.079782031250000000e+04
1.140946953125000000e+05
1.718584570312500000e+04
3.538362060546875000e+03
4.349538671875000000e+04
3.668485625000000000e+05
1.339253710937500000e+04
7.223207812500000000e+04
2.356015781250000000e+05
4.132058203125000000e+04
1.207471875000000000e+05
9.641818359375000000e+03
5.887169531250000000e+04
1.741140820312500000e+04
2.063403125000000000e+04
5.792405468750000000e+04
2.508189843750000000e+04
1.209660078125000000e+05
2.249076757812500000e+04
4.721489868164062500e+02
1.588800878906250000e+04
5.781727734375000000e+04
4.870168359375000000e+04
2.218767773437500000e+04
4.446800390625000000e+04
8.239450073242187500e+02
2.049137968750000000e+05
6.066806250000000000e+04
1.985064218750000000e+05
2.803589843750000000e+04
3.731468359375000000e+04
3.155330078125000000e+03
1.692375781250000000e+05
1.232393359375000000e+04
5.101911718750000000e+04
1.059091015625000000e+05
3.364569531250000000e+04
3.586553515625000000e+04
2.338712812500000000e+05
4.065923095703125000e+03
5.194484765625000000e+04
1.063902954101562500e+03
1.079517480468750000e+04
7.613789843750000000e+04
3.537784765625000000e+04
1.367768359375000000e+04
1.791237695312500000e+04
4.111568125000000000e+05
8.052167968750000000e+03
2.854963867187500000e+04
2.151029492187500000e+04
1.514787250000000000e+06
1.377759765625000000e+04
2.697617578125000000e+04
2.216534375000000000e+04
5.980951562500000000e+04
2.113587968750000000e+05
3.206364062500000000e+04
6.249935156250000000e+04
3.865924218750000000e+04
2.875152734375000000e+04
5.419935546875000000e+04
3.921092187500000000e+04
9.105792968750000000e+03
2.049002539062500000e+04
8.850078125000000000e+04
2.503186328125000000e+04
7.900454687500000000e+04
2.886007500000000000e+05
2.584940468750000000e+05
2.955849914550781250e+02
5.991554375000000000e+05
3.140715312500000000e+05
4.875137500000000000e+05
5.879848046875000000e+04
7.600116406250000000e+04
5.196445703125000000e+04
2.135024609375000000e+04
6.344451953125000000e+04
3.094881875000000000e+05
8.656730468750000000e+04
8.582510742187500000e+03
5.695473828125000000e+04
4.776758984375000000e+04
5.382898437500000000e+04
2.382653076171875000e+03
3.176950312500000000e+05
4.579110839843750000e+03
5.294164843750000000e+04
1.934586250000000000e+05
1.527380065917968750e+02
3.774875000000000000e+04
3.028260156250000000e+04
9.335749023437500000e+03
2.721768125000000000e+05
5.453561035156250000e+03
1.341289218750000000e+05
4.476130859375000000e+04
1.894988125000000000e+05
1.235950078125000000e+05
8.293026562500000000e+04
5.787734375000000000e+04
4.572772265625000000e+04
6.622019042968750000e+03
1.801221406250000000e+05
5.471135000000000000e+05
1.850940937500000000e+05
1.872317016601562500e+03
5.620865625000000000e+04
1.493783437500000000e+05
1.404394042968750000e+03
5.817698437500000000e+04
1.626365722656250000e+04
3.552426562500000000e+04
5.190844687500000000e+05
1.025969687500000000e+05
1.476051093750000000e+05
2.673660937500000000e+05
1.620615429687500000e+04
1.521999218750000000e+04
3.412873437500000000e+04
1.742891093750000000e+05
5.274779687500000000e+04
1.507179687500000000e+04
1.390633906250000000e+05
2.895327187500000000e+05
1.505658281250000000e+05
7.584356250000000000e+04
6.986368164062500000e+03
3.074306054687500000e+04
7.673300170898437500e+01
2.629025390625000000e+04
1.129919335937500000e+04
1.695883203125000000e+04
3.667067187500000000e+05
1.435585742187500000e+04
1.348400781250000000e+05
1.104758828125000000e+05
4.222735839843750000e+03
6.254112500000000000e+04
1.171040429687500000e+04
1.203095546875000000e+05
4.309459765625000000e+04
3.057131835937500000e+04
7.680341406250000000e+04
9.582096875000000000e+04
1.309848925781250000e+04
1.722053281250000000e+05
3.569379687500000000e+04
1.400782968750000000e+05
3.081936132812500000e+04
1.444947656250000000e+04
1.164347753906250000e+04
3.368251171875000000e+04
7.503375000000000000e+04
4.504646484375000000e+04
9.531322656250000000e+04
1.877226953125000000e+04
1.797292773437500000e+04
9.081590625000000000e+04
1.396812402343750000e+04
4.088249218750000000e+04
9.313287500000000000e+04
5.144838867187500000e+03
7.888889160156250000e+03
9.285056250000000000e+04
5.864458593750000000e+04
2.578760312500000000e+05
9.820311718750000000e+04
1.496976562500000000e+05
2.363219531250000000e+05
2.493047851562500000e+04
9.921228125000000000e+04
6.333116796875000000e+04
2.555858437500000000e+05
1.175577890625000000e+05
1.314740937500000000e+05
1.468158203125000000e+04
1.284742109375000000e+05
7.448196875000000000e+04
2.308631875000000000e+05
3.145081835937500000e+04
6.273010156250000000e+04
6.814042968750000000e+04
5.647539062500000000e+04
2.306878906250000000e+03
4.722060058593750000e+03
8.801349609375000000e+03
5.253257421875000000e+04
1.608480175781250000e+04
1.350888671875000000e+04
2.263182226562500000e+04
9.978572265625000000e+03
6.719101562500000000e+04
7.795042968750000000e+03
3.968061035156250000e+03
1.787485742187500000e+04
1.199273046875000000e+05
1.621693125000000000e+05
2.053153320312500000e+04
5.790571093750000000e+04
5.932773437500000000e+04
6.253557128906250000e+03
5.347707500000000000e+05
3.179241015625000000e+04
5.447476074218750000e+03
1.589394843750000000e+05
1.386779218750000000e+05
9.388669921875000000e+03
1.458281005859375000e+03
7.977814843750000000e+04
1.454835781250000000e+05
7.375044531250000000e+04
7.338130000000000000e+05
1.334755156250000000e+05
1.308574316406250000e+04
1.359480957031250000e+03
3.632132080078125000e+03
2.403174609375000000e+04
1.821932812500000000e+04
3.389355957031250000e+03
9.602651562500000000e+04
1.779117968750000000e+04
5.904923046875000000e+04
5.991776171875000000e+04
3.828204101562500000e+03
1.678705625000000000e+05
3.721464453125000000e+04
9.512762500000000000e+04
2.272572070312500000e+04
4.541260000000000000e+05
1.145764038085937500e+03
2.157718125000000000e+05
4.200539062500000000e+03
5.377118164062500000e+03
4.771628515625000000e+04
1.929545117187500000e+04
1.435224687500000000e+05
2.525197031250000000e+05
6.459244921875000000e+04
6.113763281250000000e+04
2.386709218750000000e+05
1.226536328125000000e+04
5.252052343750000000e+04
6.637869375000000000e+05
7.740085937500000000e+04
1.191906484375000000e+05
3.078540234375000000e+04
2.501030000000000000e+05
2.206330312500000000e+05
7.236168945312500000e+03
9.454051757812500000e+03
6.438970625000000000e+05
1.267331250000000000e+05
5.840122656250000000e+04
3.399411718750000000e+04
1.709980859375000000e+04
6.379666015625000000e+03
5.324115234375000000e+04
1.461550625000000000e+05
2.041997500000000000e+05
2.360729003906250000e+03
5.192007812500000000e+04
2.791525878906250000e+03
5.464539062500000000e+03
3.504817968750000000e+04
2.234952539062500000e+04
1.108838378906250000e+04
9.048821093750000000e+04
5.766251953125000000e+03
2.755226074218750000e+03
3.428870117187500000e+03
4.540114453125000000e+04
1.216478593750000000e+05
6.446305859375000000e+04
3.552077500000000000e+05
2.357334375000000000e+04
4.949484375000000000e+05
6.872899218750000000e+04
6.304471484375000000e+04
3.729246875000000000e+04
1.828426953125000000e+04
2.961960156250000000e+04
1.328688281250000000e+04
3.247769335937500000e+04
1.932241015625000000e+04
5.213560156250000000e+04
1.180812421875000000e+05
3.415342578125000000e+04
1.978359375000000000e+05
1.638396250000000000e+05
6.178216796875000000e+04
5.628216015625000000e+04
5.084480468750000000e+04
2.931342578125000000e+04
2.215465087890625000e+03
9.663646875000000000e+04
2.748313867187500000e+04
1.363828808593750000e+04
2.267481875000000000e+05
1.132355625000000000e+05
2.390548632812500000e+04
2.354603125000000000e+05
2.706663085937500000e+04
1.765686406250000000e+05
6.539743750000000000e+05
2.602220947265625000e+03
3.556555908203125000e+03
2.856419375000000000e+05
7.873079687500000000e+04
2.006573242187500000e+04
9.636954375000000000e+05
3.647168437500000000e+05
1.210809609375000000e+05
1.432280273437500000e+04
4.053179931640625000e+03
1.992910937500000000e+05
2.284960625000000000e+05
1.016115937500000000e+05
4.449080859375000000e+04
4.104423437500000000e+04
3.789495625000000000e+05
1.446502734375000000e+04
4.154196093750000000e+04
1.648048750000000000e+05
6.737667968750000000e+04
6.920888281250000000e+04
1.509958750000000000e+05
3.554561250000000000e+05
2.574210742187500000e+04
7.417422851562500000e+03
6.041957031250000000e+04
7.307792500000000000e+05
4.531683750000000000e+05
1.938859062500000000e+05
3.214484687500000000e+05
5.136148828125000000e+04
1.397805761718750000e+04
1.608503613281250000e+04
2.795873046875000000e+04
2.728318554687500000e+04
1.067853515625000000e+04
3.078266406250000000e+04
2.007599414062500000e+04
4.812701171875000000e+03
1.716454882812500000e+04
1.754334218750000000e+05
2.153418750000000000e+04
5.005651250000000000e+05
1.391842031250000000e+05
3.104841064453125000e+03
1.097886250000000000e+05
1.532651093750000000e+05
3.783250000000000000e+04
1.174729995727539062e+02
1.245255175781250000e+04
7.857817968750000000e+04
5.473115625000000000e+04
1.705006640625000000e+04
5.031748046875000000e+04
6.522509375000000000e+05
1.385646679687500000e+04
1.600788671875000000e+04
3.560513671875000000e+04
4.840892500000000000e+05
2.911352343750000000e+04
4.857277343750000000e+04
7.145360156250000000e+04
1.692006093750000000e+05
6.944378906250000000e+04
1.720630078125000000e+04
8.288386718750000000e+03
2.365459687500000000e+05
1.479879980468750000e+04
1.585924414062500000e+04
6.610823437500000000e+04
4.473710937500000000e+05
3.610360107421875000e+02
7.398693750000000000e+04
3.311569140625000000e+04
6.082976171875000000e+04
1.595049375000000000e+05
7.404730468750000000e+04
8.958375000000000000e+05
1.620225468750000000e+05
7.772202343750000000e+04
5.470222265625000000e+04
1.035773359375000000e+05
1.988182343750000000e+05
1.188656328125000000e+05
1.125962343750000000e+05
1.067634218750000000e+05
1.062613906250000000e+05
8.431164843750000000e+04
8.847045625000000000e+05
1.529392187500000000e+04
1.030317187500000000e+05
2.019454375000000000e+05
1.007588593750000000e+05
2.793771250000000000e+05
8.879787500000000000e+04
2.600547851562500000e+04
7.939819531250000000e+04
3.592171484375000000e+04
2.684050195312500000e+04
2.277104062500000000e+05
7.082885156250000000e+04
2.870601562500000000e+05
1.868078125000000000e+05
2.543498046875000000e+03
1.039538984375000000e+05
8.565517578125000000e+03
2.682524902343750000e+03
3.355001953125000000e+04
2.982810937500000000e+04
3.565849609375000000e+04
4.012098828125000000e+04
1.169294042968750000e+04
2.040978750000000000e+05
1.282887656250000000e+05
1.458103320312500000e+04
1.937723022460937500e+03
1.255419218750000000e+05
3.801838671875000000e+04
1.139319062500000000e+05
5.037127187500000000e+05
1.840751562500000000e+04
1.530603320312500000e+04
8.119407812500000000e+04
8.914770312500000000e+04
1.830604531250000000e+05
7.527059375000000000e+04
8.938620312500000000e+04
1.108770078125000000e+05
1.354411987304687500e+03
7.902263750000000000e+05
1.363403125000000000e+05
3.716213281250000000e+04
6.336882812500000000e+03
2.084363906250000000e+05
1.028627500000000000e+05
6.431372070312500000e+03
3.120171289062500000e+04
2.603790429687500000e+04
4.142094375000000000e+05
2.203791406250000000e+05
3.935283593750000000e+04
6.115183593750000000e+04
5.110387109375000000e+04
7.781487792968750000e+03
2.546202734375000000e+04
5.568758593750000000e+04
9.031758593750000000e+04
3.859496484375000000e+04
6.483706054687500000e+03
3.456080859375000000e+04
2.265291093750000000e+05
2.310413125000000000e+05
1.886812109375000000e+04
7.657004687500000000e+04
4.674376562500000000e+04
2.866355078125000000e+04
6.384863769531250000e+03
5.496890625000000000e+04
2.037978710937500000e+04
2.088691992187500000e+04
7.541600097656250000e+03
1.105244375000000000e+05
4.131305468750000000e+04
2.458069335937500000e+04
1.390683398437500000e+04
7.588289794921875000e+02
3.254340312500000000e+05
1.917030859375000000e+04
7.045293750000000000e+04
3.982226953125000000e+04
2.349517656250000000e+05
1.890972187500000000e+05
1.761125468750000000e+05
3.571696484375000000e+04
2.613564941406250000e+03
1.360375781250000000e+05
1.184851269531250000e+04
1.517410781250000000e+05
2.287859960937500000e+04
1.145938867187500000e+04
1.041745546875000000e+05
8.759507812500000000e+04
1.070209500000000000e+06
1.612690917968750000e+04
1.568515722656250000e+04
5.243207812500000000e+04
6.630271972656250000e+03
3.585194921875000000e+04
1.753584960937500000e+03
1.937198437500000000e+05
9.074596093750000000e+04
8.049100097656250000e+03
9.927803125000000000e+04
8.352245312500000000e+04
1.401429375000000000e+05
1.981382968750000000e+05
2.103333125000000000e+05
1.123381953125000000e+05
6.640388281250000000e+04
4.375117187500000000e+04
1.676866718750000000e+05
1.231807968750000000e+05
4.306528125000000000e+04
5.819458593750000000e+04
1.109669218750000000e+05
2.845654687500000000e+04
1.794789843750000000e+05
9.783380468750000000e+04
1.262663964843750000e+04
5.026193125000000000e+05
2.413005664062500000e+04
3.058530273437500000e+04
3.136077343750000000e+04
4.023983593750000000e+04
1.646839375000000000e+05
3.184867773437500000e+04
2.564890625000000000e+04
8.312878125000000000e+04
5.923825781250000000e+04
5.383512500000000000e+04
1.730487656250000000e+05
1.544697656250000000e+05
8.784188281250000000e+04
3.247502929687500000e+04
2.611845898437500000e+04
1.073452968750000000e+05
2.919229980468750000e+03
1.302235156250000000e+05
7.443145312500000000e+04
1.024295312500000000e+05
3.487378906250000000e+03
1.725076367187500000e+04
3.012081054687500000e+04
2.555274804687500000e+04
6.790804199218750000e+03
1.567348437500000000e+05
5.763394140625000000e+04
2.952812011718750000e+03
2.794190063476562500e+02
8.358112500000000000e+04
9.929576562500000000e+04
2.973242968750000000e+04
2.343938867187500000e+04
2.284707421875000000e+04
5.261000781250000000e+04
3.129565937500000000e+05
4.320388183593750000e+03
7.911662500000000000e+04
3.675880468750000000e+04
3.437002812500000000e+05
2.708733593750000000e+04
4.547383789062500000e+03
1.529748046875000000e+04
1.768508789062500000e+04
2.916718945312500000e+04
5.532392968750000000e+04
9.045902343750000000e+04
2.428213085937500000e+04
1.953394140625000000e+04
6.415601953125000000e+04
9.692606250000000000e+04
1.851640014648437500e+02
1.575850585937500000e+04
4.326199609375000000e+04
8.766881835937500000e+03
