1.988000035285949707e+00
1.044000029563903809e+00
8.180000185966491699e-01
2.049000024795532227e+00
4.090000092983245850e-01
2.899999916553497314e-01
8.399999737739562988e-01
2.619999945163726807e-01
7.369999885559082031e-01
4.350000023841857910e-01
4.399999976158142090e-02
9.899999946355819702e-02
1.664000034332275391e+00
6.100000068545341492e-02
1.317000031471252441e+00
9.200000166893005371e-01
1.886000037193298340e+00
3.519999980926513672e-01
5.659999847412109375e-01
2.400000020861625671e-02
2.899999916553497314e-02
8.629999756813049316e-01
2.210000008344650269e-01
2.233000040054321289e+00
1.485000014305114746e+00
1.032999992370605469e+00
1.537999987602233887e+00
1.099999994039535522e-01
1.353999972343444824e+00
1.955999970436096191e+00
2.592000007629394531e+00
1.217000007629394531e+00
1.894000053405761719e+00
1.957000017166137695e+00
2.398999929428100586e+00
5.799999833106994629e-02
1.047999978065490723e+00
6.140000224113464355e-01
8.420000076293945312e-01
1.049999967217445374e-01
1.190999984741210938e+00
1.799999922513961792e-02
1.208999991416931152e+00
6.549999713897705078e-01
4.639999866485595703e-01
1.220000013709068298e-01
1.949999928474426270e-01
9.999999776482582092e-03
4.230000078678131104e-01
1.070000007748603821e-01
1.955000042915344238e+00
1.375000000000000000e+00
6.340000033378601074e-01
3.980000019073486328e-01
3.889999985694885254e-01
2.000000094994902611e-03
1.420000046491622925e-01
3.200000151991844177e-02
4.415999889373779297e+00
2.820000052452087402e-01
9.200000017881393433e-02
1.299999952316284180e-01
2.039999961853027344e-01
5.239999890327453613e-01
2.389999926090240479e-01
3.050000071525573730e-01
9.079999923706054688e-01
2.029999941587448120e-01
5.210000276565551758e-01
2.029000043869018555e+00
7.500000000000000000e-01
2.352999925613403320e+00
1.144999980926513672e+00
2.153000116348266602e+00
3.510000109672546387e-01
3.880000114440917969e-01
4.889999926090240479e-01
2.009999990463256836e+00
5.249999761581420898e-01
3.348000049591064453e+00
9.200000017881393433e-02
1.009999990463256836e+00
1.514999985694885254e+00
1.000000000000000000e+00
2.256000041961669922e+00
5.099999904632568359e-02
4.500000178813934326e-02
1.264999985694885254e+00
1.911999940872192383e+00
4.339999854564666748e-01
2.246999979019165039e+00
1.014999985694885254e+00
1.019999980926513672e-01
3.059999942779541016e-01
4.410000145435333252e-01
4.852000236511230469e+00
6.349999904632568359e-01
1.011999964714050293e+00
3.466000080108642578e+00
2.234999895095825195e+00
6.899999976158142090e-01
6.499999761581420898e-01
1.146000027656555176e+00
1.490000039339065552e-01
3.539999961853027344e+00
1.833999991416931152e+00
6.980000138282775879e-01
2.105999946594238281e+00
2.680000066757202148e-01
5.310000181198120117e-01
2.790000140666961670e-01
2.440000027418136597e-01
4.059000015258789062e+00
1.090000033378601074e+00
5.090000033378601074e-01
2.779999971389770508e-01
8.479999899864196777e-01
2.759999930858612061e-01
9.600000083446502686e-02
3.821000099182128906e+00
2.502000093460083008e+00
2.487999916076660156e+00
2.006000041961669922e+00
3.170000016689300537e-01
5.839999914169311523e-01
1.829999983310699463e-01
5.170000195503234863e-01
3.092000007629394531e+00
9.710000157356262207e-01
3.129999935626983643e-01
3.750000000000000000e-01
2.628000020980834961e+00
9.760000109672546387e-01
3.219999969005584717e-01
1.031000018119812012e+00
2.099999971687793732e-02
4.390000104904174805e-01
1.499999966472387314e-02
2.161000013351440430e+00
1.766000032424926758e+00
4.007999897003173828e+00
1.944000005722045898e+00
4.106999874114990234e+00
1.449000000953674316e+00
2.196000099182128906e+00
2.509999871253967285e-01
1.157999992370605469e+00
4.100000113248825073e-02
1.322000026702880859e+00
1.770000010728836060e-01
2.319000005722045898e+00
2.070000022649765015e-01
3.299999982118606567e-02
1.292000055313110352e+00
9.210000038146972656e-01
1.050999999046325684e+00
9.589999914169311523e-01
3.030000030994415283e-01
8.960000276565551758e-01
1.876000046730041504e+00
3.900000080466270447e-02
1.947000026702880859e+00
5.609999895095825195e-01
2.029999941587448120e-01
9.860000014305114746e-01
4.029999971389770508e-01
6.400000303983688354e-02
2.569999992847442627e-01
9.359999895095825195e-01
3.200000151991844177e-02
1.014000058174133301e+00
1.490000009536743164e+00
1.042000055313110352e+00
1.453999996185302734e+00
4.291999816894531250e+00
5.355000019073486328e+00
4.280000030994415283e-01
3.330000042915344238e-01
2.605000019073486328e+00
3.810000121593475342e-01
1.856999993324279785e+00
1.883999943733215332e+00
2.259999960660934448e-01
1.141000032424926758e+00
2.939999997615814209e-01
6.380000114440917969e-01
9.300000071525573730e-01
2.800000086426734924e-02
1.000000014901161194e-01
1.601999998092651367e+00
2.808000087738037109e+00
5.189999938011169434e-01
1.180000007152557373e-01
3.513999938964843750e+00
1.879999935626983643e-01
6.809999942779541016e-01
8.450000286102294922e-01
7.469999790191650391e-01
1.289999932050704956e-01
4.620000123977661133e-01
9.700000286102294922e-02
2.716000080108642578e+00
2.305999994277954102e+00
6.439999938011169434e-01
1.289999932050704956e-01
4.510000050067901611e-01
1.999999955296516418e-02
1.373000025749206543e+00
9.700000286102294922e-02
1.459999978542327881e-01
1.129999980330467224e-01
1.639000058174133301e+00
7.459999918937683105e-01
1.121999979019165039e+00
4.469999969005584717e-01
1.780000030994415283e-01
4.339999854564666748e-01
6.779999732971191406e-01
6.560000181198120117e-01
1.159999966621398926e+00
2.870000004768371582e-01
3.236000061035156250e+00
7.450000047683715820e-01
4.839999973773956299e-01
6.930000185966491699e-01
6.190000176429748535e-01
1.128000020980834961e+00
1.389999985694885254e-01
7.910000085830688477e-01
9.099999815225601196e-02
9.710000157356262207e-01
3.759999871253967285e-01
9.000000357627868652e-02
3.289999961853027344e+00
3.986000061035156250e+00
1.776000022888183594e+00
8.200000226497650146e-02
7.649999856948852539e-01
5.440000295639038086e-01
1.753000020980834961e+00
3.300000131130218506e-01
1.069000005722045898e+00
3.272000074386596680e+00
1.879999935626983643e-01
2.560000121593475342e-01
1.674999952316284180e+00
4.560000002384185791e-01
2.563999891281127930e+00
2.400000020861625671e-02
4.269999861717224121e-01
2.809999942779541016e+00
8.830000162124633789e-01
2.045000076293945312e+00
1.447999954223632812e+00
4.650000035762786865e-01
1.110000014305114746e-01
3.129999935626983643e-01
5.329999923706054688e-01
2.460000067949295044e-01
2.290000021457672119e-01
2.770000100135803223e-01
2.778000116348266602e+00
2.686000108718872070e+00
1.909999996423721313e-01
1.345000028610229492e+00
9.899999946355819702e-02
2.540000081062316895e-01
9.750000238418579102e-01
4.510000050067901611e-01
7.059999704360961914e-01
2.104000091552734375e+00
1.029000043869018555e+00
5.189999938011169434e-01
1.439999938011169434e-01
1.694000005722045898e+00
2.060000002384185791e-01
1.292999982833862305e+00
4.810000061988830566e-01
1.185999989509582520e+00
9.610000252723693848e-01
1.899999976158142090e+00
2.440000027418136597e-01
9.409999847412109375e-01
1.519999951124191284e-01
1.039000034332275391e+00
7.720000147819519043e-01
3.490000069141387939e-01
1.805999994277954102e+00
1.643000006675720215e+00
4.500000178813934326e-02
4.899999871850013733e-02
9.490000009536743164e-01
3.400000035762786865e-01
9.860000014305114746e-01
1.422000050544738770e+00
8.799999952316284180e-02
2.000999927520751953e+00
2.960000038146972656e-01
9.890000224113464355e-01
3.290999889373779297e+00
2.890000045299530029e-01
4.199999868869781494e-01
1.720000058412551880e-01
3.449999988079071045e-01
6.400000303983688354e-02
1.059999987483024597e-01
1.539999991655349731e-01
9.179999828338623047e-01
2.680000066757202148e-01
4.099999964237213135e-01
1.680999994277954102e+00
2.831000089645385742e+00
1.751999974250793457e+00
8.999999612569808960e-03
6.449999809265136719e-01
7.960000038146972656e-01
2.720000147819519043e-01
4.480000138282775879e-01
4.090000092983245850e-01
1.475000023841857910e+00
3.930000066757202148e-01
3.190000057220458984e-01
1.562999963760375977e+00
1.917000055313110352e+00
3.289999961853027344e-01
1.529999971389770508e-01
5.839999914169311523e-01
1.261999964714050293e+00
8.280000090599060059e-01
3.709999918937683105e-01
2.989999949932098389e-01
9.459999799728393555e-01
7.770000100135803223e-01
1.679999977350234985e-01
5.419999957084655762e-01
8.859999775886535645e-01
6.600000262260437012e-01
1.075000047683715820e+00
3.996000051498413086e+00
1.697000026702880859e+00
6.150000095367431641e-01
1.330000013113021851e-01
7.590000033378601074e-01
7.900000363588333130e-02
2.301000118255615234e+00
3.160000145435333252e-01
2.720000147819519043e-01
1.608999967575073242e+00
2.529999911785125732e-01
1.270000040531158447e-01
6.050000190734863281e+00
2.898999929428100586e+00
3.359999954700469971e-01
2.609999895095825195e+00
9.269999861717224121e-01
9.929999709129333496e-01
1.026000022888183594e+00
7.400000095367431641e-01
2.599999904632568359e-01
6.660000085830688477e-01
5.350000262260437012e-01
1.815000057220458984e+00
6.090000271797180176e-01
1.751000046730041504e+00
2.240000069141387939e-01
7.299999892711639404e-02
3.269999921321868896e-01
1.157999992370605469e+00
9.649999737739562988e-01
1.101999998092651367e+00
2.855000019073486328e+00
4.539999961853027344e-01
1.829999983310699463e-01
1.250000000000000000e-01
5.302000045776367188e+00
1.498999953269958496e+00
8.299999684095382690e-02
1.330000042915344238e+00
3.750000000000000000e-01
1.075999975204467773e+00
1.110000014305114746e+00
4.709999859333038330e-01
3.700000047683715820e-01
1.657999992370605469e+00
6.269999742507934570e-01
2.489000082015991211e+00
2.599999904632568359e-01
5.999999865889549255e-02
1.519999951124191284e-01
3.992000102996826172e+00
1.909999996423721313e-01
1.097000002861022949e+00
8.759999871253967285e-01
9.639999866485595703e-01
1.011999964714050293e+00
2.509999871253967285e-01
4.097000122070312500e+00
3.013000011444091797e+00
1.519999980926513672e+00
9.200000166893005371e-01
2.770000100135803223e-01
1.399999976158142090e+00
5.200000107288360596e-02
1.200000010430812836e-02
1.434999942779541016e+00
1.338999986648559570e+00
9.139999747276306152e-01
2.430000007152557373e-01
4.819999933242797852e-01
1.450999975204467773e+00
8.420000076293945312e-01
2.099999934434890747e-01
7.300000190734863281e-01
2.196000099182128906e+00
5.830000042915344238e-01
6.610000133514404297e-01
1.610000014305114746e+00
4.122000217437744141e+00
1.157999992370605469e+00
1.802999973297119141e+00
3.700000047683715820e-01
1.159999966621398926e-01
1.680999994277954102e+00
6.700000166893005371e-02
8.220000267028808594e-01
2.086999893188476562e+00
4.428999900817871094e+00
2.220000028610229492e-01
9.760000109672546387e-01
1.863000035285949707e+00
2.461999893188476562e+00
4.699999988079071045e-01
1.049000024795532227e+00
2.739000082015991211e+00
5.030000209808349609e-01
1.453999996185302734e+00
4.239999949932098389e-01
4.149999916553497314e-01
4.519999921321868896e-01
1.391000032424926758e+00
5.410000085830688477e-01
6.250000000000000000e-01
2.053999900817871094e+00
1.969999969005584717e-01
1.419999957084655762e+00
3.700000047683715820e-02
3.600000143051147461e-01
2.349999904632568359e+00
5.718999862670898438e+00
3.729999959468841553e-01
1.078999996185302734e+00
2.029999971389770508e+00
4.830000102519989014e-01
7.540000081062316895e-01
8.560000061988830566e-01
1.031999945640563965e+00
1.309999942779541016e+00
3.610000014305114746e-01
2.532000064849853516e+00
1.879999935626983643e-01
1.601999998092651367e+00
2.329999953508377075e-01
5.299999937415122986e-02
3.700000047683715820e-02
5.600000172853469849e-02
1.030000001192092896e-01
4.420000016689300537e-01
5.120000243186950684e-01
1.516999959945678711e+00
2.828999996185302734e+00
5.469999909400939941e-01
1.899999976158142090e-01
2.203000068664550781e+00
7.720000147819519043e-01
4.860000014305114746e-01
2.020000070333480835e-01
3.190000057220458984e-01
2.368000030517578125e+00
1.419000029563903809e+00
1.042999982833862305e+00
2.743000030517578125e+00
1.440999984741210938e+00
1.577999949455261230e+00
3.335999965667724609e+00
2.329999953508377075e-01
5.910000205039978027e-01
3.959000110626220703e+00
9.739999771118164062e-01
1.042999982833862305e+00
1.524000048637390137e+00
8.299999684095382690e-02
8.539999723434448242e-01
4.130000114440917969e+00
2.483999967575073242e+00
4.100000113248825073e-02
4.199999868869781494e-01
3.125000000000000000e+00
1.669999957084655762e-01
1.621999979019165039e+00
1.899999938905239105e-02
3.529999852180480957e-01
8.750000000000000000e-01
2.990000009536743164e+00
3.451999902725219727e+00
1.307999968528747559e+00
2.395999908447265625e+00
7.919999957084655762e-01
5.580000281333923340e-01
7.020000219345092773e-01
4.300000146031379700e-02
8.769999742507934570e-01
5.920000076293945312e-01
1.077999949455261230e+00
4.859000205993652344e+00
9.530000090599060059e-01
7.699999958276748657e-02
1.646999955177307129e+00
3.752000093460083008e+00
9.909999966621398926e-01
1.044999957084655762e+00
6.199999898672103882e-02
2.108999967575073242e+00
5.009999871253967285e-01
8.040000200271606445e-01
2.753999948501586914e+00
2.526000022888183594e+00
4.600000008940696716e-02
1.250000000000000000e-01
3.390000104904174805e+00
3.586999893188476562e+00
1.871999979019165039e+00
2.249999940395355225e-01
4.778999805450439453e+00
5.960000157356262207e-01
4.399999976158142090e-02
1.319999992847442627e-01
3.444000005722045898e+00
1.319999992847442627e-01
1.967000007629394531e+00
4.790000021457672119e-01
1.514000058174133301e+00
1.979999989271163940e-01
2.739999890327453613e-01
9.070000052452087402e-01
3.459999859333038330e-01
3.680000007152557373e-01
2.560000121593475342e-01
4.099999964237213135e-01
1.034000039100646973e+00
1.909999996423721313e-01
1.299000024795532227e+00
6.560000181198120117e-01
1.495000004768371582e+00
1.319999992847442627e-01
8.970000147819519043e-01
7.039999961853027344e-01
2.121999979019165039e+00
1.411999940872192383e+00
2.230000048875808716e-01
9.570000171661376953e-01
1.042000055313110352e+00
1.019999980926513672e-01
6.439999938011169434e-01
1.827000021934509277e+00
1.099999994039535522e-02
1.853999972343444824e+00
2.759999930858612061e-01
1.649000048637390137e+00
6.909999847412109375e-01
6.219999790191650391e-01
5.720000267028808594e-01
1.599999964237213135e-01
6.970000267028808594e-01
6.299999952316284180e-01
4.760000109672546387e-01
3.253999948501586914e+00
1.131999969482421875e+00
9.300000220537185669e-02
1.758999943733215332e+00
1.865000009536743164e+00
1.366999983787536621e+00
1.394999980926513672e+00
1.108999967575073242e+00
7.609999775886535645e-01
3.400000184774398804e-02
5.649000167846679688e+00
1.172000050544738770e+00
3.240000009536743164e-01
8.820000290870666504e-01
1.305999994277954102e+00
2.823999881744384766e+00
3.670000135898590088e-01
2.223999977111816406e+00
1.800000071525573730e-01
1.906000018119812012e+00
2.105000019073486328e+00
6.650000214576721191e-01
1.626999974250793457e+00
1.621999979019165039e+00
1.281000018119812012e+00
4.300000071525573730e-01
1.462000012397766113e+00
2.479999959468841553e-01
8.960000276565551758e-01
4.164000034332275391e+00
9.419999718666076660e-01
1.300000026822090149e-02
2.177000045776367188e+00
1.013000011444091797e+00
2.989999949932098389e-01
1.822999954223632812e+00
2.879999876022338867e-01
6.999999880790710449e-01
1.034000039100646973e+00
1.369999945163726807e-01
1.089999973773956299e-01
1.029300022125244141e+01
1.154999971389770508e+00
9.899999946355819702e-02
1.749999970197677612e-01
8.500000089406967163e-02
2.413000106811523438e+00
1.700000017881393433e-01
1.315000057220458984e+00
2.939999997615814209e-01
8.100000023841857910e-02
5.659999847412109375e-01
1.375000000000000000e+00
1.899999976158142090e-01
7.070000171661376953e-01
1.601999998092651367e+00
3.359999954700469971e-01
3.493999958038330078e+00
1.410000026226043701e-01
7.000000029802322388e-02
9.700000286102294922e-02
1.659999936819076538e-01
1.286999940872192383e+00
1.008000016212463379e+00
1.118999958038330078e+00
1.400000005960464478e-01
2.440000027418136597e-01
2.594000101089477539e+00
2.700000070035457611e-02
2.669999897480010986e-01
3.639999926090240479e-01
4.300000146031379700e-02
6.430000066757202148e-01
1.095999956130981445e+00
7.179999947547912598e-01
8.270000219345092773e-01
1.008000016212463379e+00
2.759999930858612061e-01
1.991999983787536621e+00
3.200000151991844177e-02
1.779999971389770508e+00
1.909000039100646973e+00
3.986999988555908203e+00
1.488999962806701660e+00
6.539999842643737793e-01
2.700000070035457611e-02
5.680000185966491699e-01
2.424999952316284180e+00
7.409999966621398926e-01
1.030000001192092896e-01
3.240000009536743164e-01
6.949999928474426270e-01
3.869999945163726807e-01
1.802000045776367188e+00
2.345999956130981445e+00
1.513000011444091797e+00
3.187999963760375977e+00
1.369999945163726807e-01
1.366999983787536621e+00
1.228999972343444824e+00
8.000000119209289551e-01
7.670000195503234863e-01
1.345999956130981445e+00
2.829999923706054688e-01
7.760000228881835938e-01
9.900000095367431641e-01
3.540000021457672119e-01
1.277999997138977051e+00
1.569000005722045898e+00
2.496000051498413086e+00
5.400000140070915222e-02
1.197000026702880859e+00
2.569999992847442627e-01
9.099999815225601196e-02
2.443000078201293945e+00
1.309999972581863403e-01
1.141000032424926758e+00
3.650000095367431641e-01
3.170000016689300537e-01
4.160999774932861328e+00
1.059999942779541016e+00
5.429999828338623047e-01
9.290000200271606445e-01
1.700000017881393433e-01
5.529999732971191406e-01
2.681999921798706055e+00
9.190000295639038086e-01
1.161999940872192383e+00
1.856999993324279785e+00
1.490000039339065552e-01
6.800000071525573730e-01
1.620000004768371582e-01
1.582999944686889648e+00
3.260000050067901611e-01
2.599999904632568359e-01
2.273999929428100586e+00
5.849999785423278809e-01
1.307999968528747559e+00
3.589999973773956299e-01
9.129999876022338867e-01
1.077999949455261230e+00
3.799999877810478210e-02
1.700000017881393433e-01
7.070000171661376953e-01
1.550000011920928955e-01
2.179999947547912598e-01
2.680000066757202148e-01
1.611999988555908203e+00
1.669999957084655762e-01
6.819999814033508301e-01
8.849999904632568359e-01
4.149999916553497314e-01
7.559999823570251465e-01
2.861999988555908203e+00
1.199999973177909851e-01
2.269999980926513672e-01
2.809999883174896240e-01
4.239999949932098389e-01
1.049999952316284180e+00
5.849999785423278809e-01
9.369999766349792480e-01
9.750000238418579102e-01
4.300000071525573730e-01
2.211999893188476562e+00
4.974999904632568359e+00
7.519999742507934570e-01
2.834000110626220703e+00
1.202000021934509277e+00
1.570000052452087402e+00
3.070000112056732178e-01
3.052000045776367188e+00
1.205999970436096191e+00
1.129999980330467224e-01
4.589999914169311523e-01
2.651999950408935547e+00
3.050000071525573730e-01
1.180000007152557373e-01
4.819999933242797852e-01
2.006999969482421875e+00
1.899999976158142090e-01
5.059999823570251465e-01
4.600000008940696716e-02
1.860000044107437134e-01
1.478999972343444824e+00
1.449000000953674316e+00
3.109999895095825195e-01
7.400000095367431641e-02
2.680000066757202148e-01
1.689999997615814209e-01
7.730000019073486328e-01
1.860000044107437134e-01
5.571000099182128906e+00
4.569999873638153076e-01
1.799999922513961792e-02
6.600000262260437012e-01
7.000000029802322388e-02
2.565000057220458984e+00
2.000000094994902611e-03
1.580000072717666626e-01
1.539000034332275391e+00
1.115000009536743164e+00
5.400000140070915222e-02
5.109999775886535645e-01
2.529000043869018555e+00
1.105999946594238281e+00
2.569000005722045898e+00
4.188000202178955078e+00
2.700000070035457611e-02
5.619999766349792480e-01
1.838999986648559570e+00
1.700000017881393433e-01
1.016000032424926758e+00
1.092000007629394531e+00
2.042999982833862305e+00
3.479999899864196777e-01
5.479999780654907227e-01
9.509999752044677734e-01
4.979999959468841553e-01
3.790000081062316895e-01
1.049999967217445374e-01
1.095999956130981445e+00
2.861000061035156250e+00
1.790000051259994507e-01
2.934999942779541016e+00
4.990000128746032715e-01
1.363000035285949707e+00
1.299999952316284180e-01
1.650000065565109253e-01
1.927000045776367188e+00
7.760000228881835938e-01
3.330000042915344238e-01
5.709999799728393555e-01
5.299999713897705078e-01
2.619999945163726807e-01
1.197000026702880859e+00
2.349999994039535522e-01
2.180999994277954102e+00
4.320000112056732178e-01
3.249999880790710449e-01
1.475000023841857910e+00
3.919999897480010986e-01
6.779999732971191406e-01
1.064000010490417480e+00
4.399999976158142090e-02
3.210999965667724609e+00
5.090000033378601074e-01
7.200000286102294922e-01
3.630000054836273193e-01
9.530000090599060059e-01
5.540000200271606445e-01
4.799999892711639404e-01
5.889999866485595703e-01
1.320000052452087402e+00
1.400000005960464478e-01
1.689000010490417480e+00
2.663000106811523438e+00
1.669999957084655762e-01
8.889999985694885254e-01
2.119999974966049194e-01
3.759999871253967285e-01
5.770000219345092773e-01
3.207000017166137695e+00
1.263000011444091797e+00
6.510000228881835938e-01
1.089999973773956299e-01
1.348999977111816406e+00
1.914000034332275391e+00
2.786000013351440430e+00
1.210999965667724609e+00
1.832000017166137695e+00
2.800000011920928955e-01
1.047000050544738770e+00
3.529999971389770508e+00
5.619999766349792480e-01
5.690000057220458984e-01
2.310000061988830566e-01
1.353999972343444824e+00
1.042000055313110352e+00
4.639999866485595703e-01
9.679999947547912598e-01
3.637000083923339844e+00
4.208000183105468750e+00
5.569999814033508301e-01
2.305999994277954102e+00
2.865999937057495117e+00
1.047000050544738770e+00
8.930000066757202148e-01
3.010999917984008789e+00
2.169999927282333374e-01
2.569999992847442627e-01
7.829999923706054688e-01
1.121999979019165039e+00
2.440000027418136597e-01
1.049999967217445374e-01
3.140000104904174805e-01
6.470000147819519043e-01
2.275000095367431641e+00
1.090999960899353027e+00
8.569999933242797852e-01
5.999999865889549255e-02
3.720000088214874268e-01
2.578999996185302734e+00
1.973999977111816406e+00
2.529999911785125732e-01
1.809999942779541016e-01
1.749999970197677612e-01
4.909999966621398926e-01
1.751000046730041504e+00
2.450000047683715820e-01
1.866999983787536621e+00
1.723000049591064453e+00
1.485000014305114746e+00
1.439000010490417480e+00
5.389999747276306152e-01
1.713999986648559570e+00
2.389999926090240479e-01
4.440000057220458984e-01
9.940000176429748535e-01
1.030000001192092896e-01
4.339999854564666748e-01
1.100000023841857910e+00
3.210000097751617432e-01
2.800000086426734924e-02
2.910000085830688477e-01
2.915999889373779297e+00
2.879999876022338867e-01
7.979999780654907227e-01
1.080000042915344238e+00
2.665999889373779297e+00
2.949999868869781494e-01
1.345000028610229492e+00
2.099999971687793732e-02
3.959000110626220703e+00
4.166999816894531250e+00
3.449999988079071045e-01
3.689999878406524658e-01
1.425999999046325684e+00
9.430000185966491699e-01
9.899999946355819702e-02
5.339999794960021973e-01
1.108999967575073242e+00
2.520999908447265625e+00
4.160000085830688477e-01
2.500000000000000000e-01
1.151000022888183594e+00
8.790000081062316895e-01
7.429999709129333496e-01
2.901999950408935547e+00
5.200000107288360596e-02
2.709999978542327881e-01
1.307999968528747559e+00
7.530000209808349609e-01
1.062999963760375977e+00
9.799999743700027466e-02
5.389999747276306152e-01
1.281999945640563965e+00
9.490000009536743164e-01
6.930000185966491699e-01
2.255000114440917969e+00
9.120000004768371582e-01
2.049999982118606567e-01
1.371000051498413086e+00
1.103999972343444824e+00
5.199999809265136719e-01
7.429999709129333496e-01
7.340000271797180176e-01
5.230000019073486328e-01
7.649999856948852539e-01
1.929000020027160645e+00
1.422000050544738770e+00
8.470000028610229492e-01
2.003000020980834961e+00
2.630000114440917969e-01
1.123999953269958496e+00
2.022000074386596680e+00
1.300000026822090149e-02
1.754999995231628418e+00
1.057999968528747559e+00
2.300000041723251343e-01
1.400000043213367462e-02
8.909999728202819824e-01
1.554999947547912598e+00
2.009000062942504883e+00
5.889999866485595703e-01
3.449999988079071045e-01
6.439999938011169434e-01
1.514999985694885254e+00
1.527999997138977051e+00
2.300000041723251343e-01
1.682999968528747559e+00
2.739999890327453613e-01
1.006999969482421875e+00
3.085000038146972656e+00
1.700999975204467773e+00
1.070000007748603821e-01
3.219999969005584717e-01
5.929999947547912598e-01
6.400000303983688354e-02
3.042000055313110352e+00
1.378999948501586914e+00
1.682000041007995605e+00
2.370000034570693970e-01
9.139999747276306152e-01
1.560999989509582520e+00
1.174999952316284180e+00
1.210999965667724609e+00
5.809999704360961914e-01
1.030000001192092896e-01
2.000000094994902611e-03
5.860000252723693848e-01
1.609999984502792358e-01
4.547999858856201172e+00
3.783999919891357422e+00
8.479999899864196777e-01
1.150000020861625671e-01
2.084000110626220703e+00
8.759999871253967285e-01
2.095999956130981445e+00
2.825999975204467773e+00
5.970000028610229492e-01
4.429999887943267822e-01
2.052000045776367188e+00
9.120000004768371582e-01
4.699999839067459106e-02
1.199999973177909851e-01
