9.903807031250000000e+04
8.741344531250000000e+04
5.127930297851562500e+02
1.073782421875000000e+04
3.392149963378906250e+02
1.512817812500000000e+05
1.614769062500000000e+05
2.252818593750000000e+05
8.140709838867187500e+02
7.177439843750000000e+04
4.724432187500000000e+05
3.432172187500000000e+05
5.511680175781250000e+03
2.766113125000000000e+05
4.731100082397460938e+01
7.596682500000000000e+05
1.704931030273437500e+03
9.213939819335937500e+02
9.973160156250000000e+03
9.430239868164062500e+02
2.900399971008300781e+01
3.613299218750000000e+04
6.467670288085937500e+02
2.079397656250000000e+04
6.869600219726562500e+02
9.036377343750000000e+04
3.455258437500000000e+05
3.411510009765625000e+03
5.947399902343750000e+01
3.008397187500000000e+05
1.343030156250000000e+05
7.731936718750000000e+04
4.006329956054687500e+02
2.971979980468750000e+02
4.144882812500000000e+03
1.568509979248046875e+02
2.968899023437500000e+04
2.529517187500000000e+05
2.542372343750000000e+05
1.023700027465820312e+02
1.008221008300781250e+03
4.889700012207031250e+02
2.894809875488281250e+02
1.432961059570312500e+03
1.525738037109375000e+03
3.579608125000000000e+05
2.247599945068359375e+02
5.933399963378906250e+01
7.996255859375000000e+03
1.132972031250000000e+05
2.723749375000000000e+05
2.401496406250000000e+05
1.517952026367187500e+03
1.031779375000000000e+05
5.021988125000000000e+05
5.190269775390625000e+02
1.080598515625000000e+05
2.366050625000000000e+05
2.906613125000000000e+05
3.116099853515625000e+02
4.138295937500000000e+05
1.588997167968750000e+04
4.847871093750000000e+03
2.366740156250000000e+05
4.395453125000000000e+05
1.960152656250000000e+05
6.544290161132812500e+02
8.978047656250000000e+04
5.973462890625000000e+03
1.277710037231445312e+02
2.626170043945312500e+02
2.721459960937500000e+02
2.040315625000000000e+05
2.648648828125000000e+04
1.354204375000000000e+05
1.974132187500000000e+05
3.260919375000000000e+05
3.872555078125000000e+04
1.592899932861328125e+02
9.387521093750000000e+04
2.322153281250000000e+05
1.191739013671875000e+03
1.604169843750000000e+05
3.522309875488281250e+02
5.229476562500000000e+05
2.663591875000000000e+05
5.374707421875000000e+04
3.523489990234375000e+02
1.265266967773437500e+03
1.321546093750000000e+05
4.490069062500000000e+05
1.291472421875000000e+05
3.358130625000000000e+05
2.016459960937500000e+02
1.041468994140625000e+03
1.829396718750000000e+05
1.478448437500000000e+05
4.545480041503906250e+02
1.628439941406250000e+02
3.309252500000000000e+05
3.246430053710937500e+02
3.000605957031250000e+03
7.504302343750000000e+04
3.060029375000000000e+05
7.556261250000000000e+05
1.063183281250000000e+05
1.632519843750000000e+05
2.615931445312500000e+04
3.451157187500000000e+05
1.692030029296875000e+02
3.890639953613281250e+02
1.573489013671875000e+03
2.274751718750000000e+05
4.189613125000000000e+05
2.700119934082031250e+02
3.332850036621093750e+02
2.786247812500000000e+05
8.951640014648437500e+02
4.053350781250000000e+04
8.716531250000000000e+03
4.131407031250000000e+04
5.759416250000000000e+05
1.655365468750000000e+05
1.300798671875000000e+05
6.740575195312500000e+03
1.043724975585937500e+03
4.591192812500000000e+05
2.853030090332031250e+02
4.741122070312500000e+03
1.452060156250000000e+05
1.535170043945312500e+03
3.555969848632812500e+02
3.680104062500000000e+05
2.257875390625000000e+04
9.503415039062500000e+03
1.086807006835937500e+03
2.522189941406250000e+02
5.648099899291992188e+01
2.118676562500000000e+05
2.050366406250000000e+04
7.086505859375000000e+03
2.046689218750000000e+05
4.890379943847656250e+02
2.191678955078125000e+03
5.281190185546875000e+02
2.325205781250000000e+05
3.456329062500000000e+05
6.727190625000000000e+05
2.282076562500000000e+05
1.871682812500000000e+05
2.446258906250000000e+05
1.795379028320312500e+03
1.437848437500000000e+05
1.141179962158203125e+02
3.730799865722656250e+01
1.835950012207031250e+02
1.972357656250000000e+05
1.371150937500000000e+05
2.897820129394531250e+02
2.091820068359375000e+02
2.937078437500000000e+05
5.637300109863281250e+01
8.689608750000000000e+05
2.298329925537109375e+02
4.845914062500000000e+04
8.921782226562500000e+03
2.559810028076171875e+02
1.858355859375000000e+04
1.987294062500000000e+05
5.716415625000000000e+05
4.098939062500000000e+05
1.396407958984375000e+03
3.883025312500000000e+05
3.495619375000000000e+05
8.823787500000000000e+04
1.533036406250000000e+05
1.676198750000000000e+05
3.401967812500000000e+05
4.678030090332031250e+02
9.200260009765625000e+02
9.445360107421875000e+02
8.481270141601562500e+02
5.803860937500000000e+04
1.095708984375000000e+03
2.279874531250000000e+05
7.187630004882812500e+02
6.298762500000000000e+04
1.341411010742187500e+03
1.966080017089843750e+02
1.202706093750000000e+05
6.254790039062500000e+02
3.865150146484375000e+02
4.008915234375000000e+04
1.426972812500000000e+05
9.266787109375000000e+03
1.508387187500000000e+05
1.379675468750000000e+05
5.376640625000000000e+04
7.045999908447265625e+01
3.820350036621093750e+02
1.909297973632812500e+03
2.204605957031250000e+03
5.256959838867187500e+02
1.813112890625000000e+04
1.519025125000000000e+06
3.740679931640625000e+02
2.437687500000000000e+05
6.862299218750000000e+04
4.634540100097656250e+02
1.318910064697265625e+02
7.754426562500000000e+04
7.780300292968750000e+02
2.238723906250000000e+05
5.703480224609375000e+02
9.138779907226562500e+02
7.785750122070312500e+02
5.820033125000000000e+05
1.186286987304687500e+03
2.813970031738281250e+02
7.024971250000000000e+05
5.979539794921875000e+02
6.451199951171875000e+02
5.972100067138671875e+01
4.826792500000000000e+05
4.558838125000000000e+05
4.542399978637695312e+01
1.272419967651367188e+02
3.544809875488281250e+02
5.737200164794921875e+01
2.278899993896484375e+02
9.118359985351562500e+02
4.393199920654296875e+01
5.841370239257812500e+02
1.617720312500000000e+05
2.662489929199218750e+02
1.451790008544921875e+02
4.813399963378906250e+02
3.014599914550781250e+02
1.353933750000000000e+05
9.277408125000000000e+05
5.040284375000000000e+05
2.703179931640625000e+02
3.220167968750000000e+04
8.431380004882812500e+02
8.233889770507812500e+02
5.776666796875000000e+04
9.588418125000000000e+05
6.790787500000000000e+04
5.369235156250000000e+04
1.918510000000000000e+05
1.172792031250000000e+05
5.286495312500000000e+04
3.574987812500000000e+05
9.600410156250000000e+02
6.008481250000000000e+05
1.527327026367187500e+03
7.578599853515625000e+02
2.435540625000000000e+05
7.939420166015625000e+02
5.171796875000000000e+03
7.832559814453125000e+02
4.373521972656250000e+03
5.766199874877929688e+01
1.389433750000000000e+05
1.102628051757812500e+03
5.274829711914062500e+02
6.661548750000000000e+05
9.131199645996093750e+01
1.837510070800781250e+02
5.807899856567382812e+01
2.990845312500000000e+05
1.013411010742187500e+03
1.656779937744140625e+02
4.863999938964843750e+01
4.157052500000000000e+05
7.195807500000000000e+05
1.725422812500000000e+05
4.285910034179687500e+02
1.424040069580078125e+02
9.606756875000000000e+05
1.017750015258789062e+02
3.019044687500000000e+05
7.204957812500000000e+04
2.369499969482421875e+01
5.810479736328125000e+02
1.265934960937500000e+04
5.504499816894531250e+01
3.647500312500000000e+05
5.892676757812500000e+03
5.709960937500000000e+03
1.192061035156250000e+03
8.823101875000000000e+05
2.632304062500000000e+05
2.222940063476562500e+02
1.893086562500000000e+05
8.857349853515625000e+02
2.051970062255859375e+02
1.909420312500000000e+05
2.059591064453125000e+03
4.993300781250000000e+03
1.353113671875000000e+04
3.526633125000000000e+05
4.912820000000000000e+05
7.991824375000000000e+05
1.329281250000000000e+05
2.705820007324218750e+02
1.377010040283203125e+02
4.150165234375000000e+04
6.882020263671875000e+02
3.875005468750000000e+04
9.773500000000000000e+04
2.693000030517578125e+01
1.871704531250000000e+05
1.593172343750000000e+05
1.502409973144531250e+02
2.476761875000000000e+05
1.291562734375000000e+05
2.193736562500000000e+05
1.742703002929687500e+03
1.935540008544921875e+02
7.765877343750000000e+04
4.903800048828125000e+02
2.512422187500000000e+05
4.465837109375000000e+04
1.709248593750000000e+05
2.476499938964843750e+01
4.900249938964843750e+02
2.470176093750000000e+05
7.867099218750000000e+04
4.667062187500000000e+05
1.270670013427734375e+02
1.253499984741210938e+01
2.433719940185546875e+02
1.401188964843750000e+03
3.431166992187500000e+03
7.072129375000000000e+05
7.030025781250000000e+04
1.321009979248046875e+02
4.022520141601562500e+02
1.842578515625000000e+04
5.627216796875000000e+03
5.135769062500000000e+05
5.493039375000000000e+05
4.846520625000000000e+05
9.521293750000000000e+04
5.332618750000000000e+04
3.438235000000000000e+05
8.709768554687500000e+03
4.017569885253906250e+02
6.980100250244140625e+01
4.252841796875000000e+03
2.732405078125000000e+04
7.667559814453125000e+02
2.583481875000000000e+05
3.044219970703125000e+02
7.327119750976562500e+02
1.870777187500000000e+05
7.643140000000000000e+05
1.290338989257812500e+03
4.948737890625000000e+04
1.604703979492187500e+03
9.682509765625000000e+02
1.068147851562500000e+04
8.922447500000000000e+05
8.823799896240234375e+01
3.871331250000000000e+05
9.893779907226562500e+02
3.307640625000000000e+05
1.570283437500000000e+05
3.158677978515625000e+03
3.487829895019531250e+02
1.359921562500000000e+05
6.280804296875000000e+04
6.727205078125000000e+03
1.285219970703125000e+03
3.818829956054687500e+02
1.619730072021484375e+02
6.027908125000000000e+05
6.405144375000000000e+05
1.163241943359375000e+03
1.885829925537109375e+02
1.152482968750000000e+05
8.113857910156250000e+03
2.700508437500000000e+05
2.295200468750000000e+05
3.766621562500000000e+05
3.560900115966796875e+01
2.328520050048828125e+02
8.355878906250000000e+03
4.387612812500000000e+05
2.200279998779296875e+02
5.062284179687500000e+03
2.857896562500000000e+05
1.104710006713867188e+02
2.538191718750000000e+05
5.401069946289062500e+02
2.118144843750000000e+05
6.469465234375000000e+04
5.791510009765625000e+02
3.323721875000000000e+05
4.597846191406250000e+03
5.016500091552734375e+01
1.898269958496093750e+02
1.047271812500000000e+06
5.480580859375000000e+04
9.106879882812500000e+02
3.748919982910156250e+02
4.761220092773437500e+02
2.734530029296875000e+02
4.028068750000000000e+04
3.363667812500000000e+05
3.640721093750000000e+04
2.618154375000000000e+05
2.133103125000000000e+05
9.903600311279296875e+01
3.052333750000000000e+05
4.079199981689453125e+01
5.004618750000000000e+04
7.973209838867187500e+02
8.818304687500000000e+03
1.332463281250000000e+05
2.065919952392578125e+02
3.236050937500000000e+05
1.596385986328125000e+03
3.300908984375000000e+04
2.474750061035156250e+02
3.574838125000000000e+05
5.531250000000000000e+02
2.388999938964843750e+00
8.143214375000000000e+05
5.570693847656250000e+03
1.962069946289062500e+03
8.662683125000000000e+05
4.143210144042968750e+02
1.820675781250000000e+05
3.537916992187500000e+03
1.354608437500000000e+05
3.420019687500000000e+05
7.959689941406250000e+02
3.244479882812500000e+04
7.057160034179687500e+02
5.603393750000000000e+04
7.511711250000000000e+05
3.334079895019531250e+02
4.978439941406250000e+02
7.226318750000000000e+04
3.094809875488281250e+02
5.675366210937500000e+03
2.094383593750000000e+05
3.058810119628906250e+02
4.886891250000000000e+05
7.917949829101562500e+02
2.559871875000000000e+04
5.107058125000000000e+05
1.211942750000000000e+06
1.835200042724609375e+02
1.536942343750000000e+05
6.073302343750000000e+04
4.073118125000000000e+05
1.185366562500000000e+05
1.213865859375000000e+05
1.100256958007812500e+03
3.557201250000000000e+05
2.202846875000000000e+05
8.245600128173828125e+01
1.818985351562500000e+04
8.298809814453125000e+02
2.325520019531250000e+02
3.164700012207031250e+02
9.187000274658203125e+00
1.424635156250000000e+05
4.646901171875000000e+04
5.794499969482421875e+01
7.980096250000000000e+05
4.232012187500000000e+05
1.419669952392578125e+02
1.084502000000000000e+06
2.570859985351562500e+02
3.697504296875000000e+04
3.547449951171875000e+02
3.004159851074218750e+02
4.877595703125000000e+04
4.502015625000000000e+04
3.970029907226562500e+02
1.203603046875000000e+05
4.697943750000000000e+04
4.164660034179687500e+02
2.209216562500000000e+05
2.464055625000000000e+05
1.057764375000000000e+05
2.883830937500000000e+05
2.597289062500000000e+05
1.220080625000000000e+06
4.963487500000000000e+04
4.526740112304687500e+02
3.841115625000000000e+05
3.331719970703125000e+02
3.776040039062500000e+02
7.361489868164062500e+02
1.450386718750000000e+05
4.801183984375000000e+04
9.432900238037109375e+01
9.448729858398437500e+02
1.425787656250000000e+05
7.697943750000000000e+05
3.698030000000000000e+05
3.198509375000000000e+05
1.404052978515625000e+03
1.031893906250000000e+05
1.819520937500000000e+05
8.799450073242187500e+02
8.665128906250000000e+04
3.238700103759765625e+01
3.941230937500000000e+05
4.986547851562500000e+03
4.315311718750000000e+04
3.106190625000000000e+05
5.941470000000000000e+05
1.130953002929687500e+03
1.405609765625000000e+04
1.436326250000000000e+06
7.771329956054687500e+02
8.544539794921875000e+02
1.715970001220703125e+02
2.768787812500000000e+05
2.291620000000000000e+05
4.238549804687500000e+03
3.419965087890625000e+03
7.978198125000000000e+05
2.394766113281250000e+03
2.782483437500000000e+05
5.379196875000000000e+04
1.968185546875000000e+04
2.013067812500000000e+05
3.112542382812500000e+04
1.721060028076171875e+02
5.315139770507812500e+02
1.373760070800781250e+02
5.685951171875000000e+04
7.854160156250000000e+02
5.190230078125000000e+04
1.712039947509765625e+02
7.684682031250000000e+04
2.589193554687500000e+04
7.359200286865234375e+01
1.113511962890625000e+03
1.577769927978515625e+02
3.941048046875000000e+04
3.036474687500000000e+05
1.790922851562500000e+04
7.795947656250000000e+04
7.457800292968750000e+02
4.480260546875000000e+04
2.361529998779296875e+02
1.072567187500000000e+04
1.201459296875000000e+05
9.518976250000000000e+05
4.390180053710937500e+02
1.559039218750000000e+05
1.919135468750000000e+05
2.112043593750000000e+05
5.255689697265625000e+02
8.290155468750000000e+04
1.048702968750000000e+05
3.990599687500000000e+05
1.029849453125000000e+05
2.447562500000000000e+05
1.235599140625000000e+05
2.144399218750000000e+04
2.028177812500000000e+05
4.521288281250000000e+04
2.995360107421875000e+02
2.197943125000000000e+05
1.573500061035156250e+02
7.068813750000000000e+05
3.502805000000000000e+05
4.806929931640625000e+02
7.998489990234375000e+02
7.680600000000000000e+04
6.245276171875000000e+04
1.405853027343750000e+03
4.858030090332031250e+02
1.055209062500000000e+05
4.099310937500000000e+05
1.984940032958984375e+02
2.668830000000000000e+05
2.005062500000000000e+05
5.691309814453125000e+02
6.999550170898437500e+02
1.580000000000000000e+02
4.281435937500000000e+05
4.681610107421875000e+02
7.827504687500000000e+04
4.527779062500000000e+05
1.678134843750000000e+05
1.045640029907226562e+02
9.960000038146972656e+00
4.643720092773437500e+02
1.746790008544921875e+02
2.440119934082031250e+02
4.431507187500000000e+05
2.902387500000000000e+05
1.405896875000000000e+04
1.369999980926513672e+01
2.214360046386718750e+02
3.288169860839843750e+02
3.292075312500000000e+05
2.975240937500000000e+05
1.120840942382812500e+03
4.322870625000000000e+05
2.662120625000000000e+05
6.017651855468750000e+03
1.054612734375000000e+05
9.114199829101562500e+01
3.531084062500000000e+05
4.098408437500000000e+05
4.221799850463867188e+01
1.092119979858398438e+02
1.544493906250000000e+05
2.395529937744140625e+02
5.660031250000000000e+05
2.407928437500000000e+05
1.797400093078613281e+01
1.053142773437500000e+04
1.339989929199218750e+02
1.154313964843750000e+03
6.063100051879882812e+01
4.696763125000000000e+05
2.390890045166015625e+02
1.225537963867187500e+03
4.911510009765625000e+02
6.987449375000000000e+05
1.335441562500000000e+05
9.127418945312500000e+03
2.992479858398437500e+02
1.488810312500000000e+05
6.689149780273437500e+02
7.889550170898437500e+02
1.039228320312500000e+04
3.753495937500000000e+05
1.882958906250000000e+05
5.344689941406250000e+02
2.270595312500000000e+05
3.779190937500000000e+05
1.904984008789062500e+03
8.993759765625000000e+02
1.217140014648437500e+03
8.993015625000000000e+05
4.682767812500000000e+05
8.272246250000000000e+05
2.093470001220703125e+02
3.421484765625000000e+04
1.422921718750000000e+05
9.262039062500000000e+04
1.024129028320312500e+03
1.278590625000000000e+05
5.994340209960937500e+02
6.332795312500000000e+04
2.585200000000000000e+05
4.598525625000000000e+05
8.890490112304687500e+02
1.023179003906250000e+04
2.368015781250000000e+05
8.065744531250000000e+04
7.271199798583984375e+01
5.833709716796875000e+02
1.609557187500000000e+05
9.006476562500000000e+04
3.789701250000000000e+05
6.506881250000000000e+04
1.143096000000000000e+06
4.438563437500000000e+05
1.850509948730468750e+02
1.210513750000000000e+05
3.722796093750000000e+04
3.095169982910156250e+02
2.586503906250000000e+03
3.702386875000000000e+05
9.563244531250000000e+04
5.432361875000000000e+05
4.458445937500000000e+05
4.066770019531250000e+02
1.005469970703125000e+02
9.330770625000000000e+05
1.309219970703125000e+02
5.500219726562500000e+02
3.481229858398437500e+02
1.714949951171875000e+02
1.253028828125000000e+05
9.657630004882812500e+02
2.084779968261718750e+02
3.435155468750000000e+04
4.700159912109375000e+02
5.955572656250000000e+04
4.835991875000000000e+05
1.737005625000000000e+05
3.116068750000000000e+05
3.626830139160156250e+02
1.895034179687500000e+04
6.395896875000000000e+05
1.848494995117187500e+03
9.194399414062500000e+03
9.027057812500000000e+04
1.030845859375000000e+05
4.529125000000000000e+04
3.398387812500000000e+05
1.059219843750000000e+05
1.094520996093750000e+03
4.091663085937500000e+03
8.432860625000000000e+05
2.983200073242187500e+02
2.565985625000000000e+05
9.793570312500000000e+04
8.831472656250000000e+04
3.002609863281250000e+02
3.625820007324218750e+02
7.843439941406250000e+02
5.033388125000000000e+05
2.519905468750000000e+05
3.311510009765625000e+02
2.916809997558593750e+02
2.937265937500000000e+05
7.409713750000000000e+05
5.313929199218750000e+03
6.220410156250000000e+02
2.370700073242187500e+02
9.501632812500000000e+03
2.648994062500000000e+05
5.669675625000000000e+05
2.239470937500000000e+05
6.481210937500000000e+03
3.301820068359375000e+02
2.832600021362304688e+01
1.954140014648437500e+02
1.196559982299804688e+02
3.792500000000000000e+02
2.302648925781250000e+03
7.168087500000000000e+05
4.840413750000000000e+05
6.633699798583984375e+01
2.916440124511718750e+02
4.994582031250000000e+04
3.170169982910156250e+02
2.393500061035156250e+02
3.907563437500000000e+05
2.254248046875000000e+04
3.124200057983398438e+01
7.778953125000000000e+05
5.422584960937500000e+03
2.595218125000000000e+05
1.632709960937500000e+02
2.266985781250000000e+05
1.643875390625000000e+04
2.477319531250000000e+05
1.545099945068359375e+02
5.162780151367187500e+02
1.635827812500000000e+05
1.465111523437500000e+04
3.179633437500000000e+05
1.017624023437500000e+03
3.829840087890625000e+02
7.678129882812500000e+02
2.582179870605468750e+02
2.460079956054687500e+02
2.171499938964843750e+02
1.582480761718750000e+04
7.421977343750000000e+04
8.656718750000000000e+04
1.035862812500000000e+05
2.163513281250000000e+05
6.059160156250000000e+02
5.936852500000000000e+05
5.152689819335937500e+02
1.063739990234375000e+03
7.375099945068359375e+01
1.626586093750000000e+05
1.787422973632812500e+03
1.822270050048828125e+02
1.433619995117187500e+02
4.584140014648437500e+02
1.112494765625000000e+05
4.343148437500000000e+04
4.217632500000000000e+05
3.093581875000000000e+05
4.895607812500000000e+05
8.839074218750000000e+03
6.490551875000000000e+05
9.760725000000000000e+04
6.555742187500000000e+04
1.554620056152343750e+02
8.240523750000000000e+05
1.460676718750000000e+05
9.731098437500000000e+04
4.699400024414062500e+02
3.732599375000000000e+05
9.960481250000000000e+04
2.208709531250000000e+05
3.322133437500000000e+05
3.037568125000000000e+05
2.509989929199218750e+02
8.690291406250000000e+04
1.425812343750000000e+05
5.577167187500000000e+04
5.199680175781250000e+02
3.855969848632812500e+02
2.891804492187500000e+04
3.184181250000000000e+05
8.478000000000000000e+05
2.807259033203125000e+03
2.967100097656250000e+03
2.264310546875000000e+04
3.340856250000000000e+05
2.144618750000000000e+05
2.593764843750000000e+05
7.018380625000000000e+05
2.498079986572265625e+02
5.591469726562500000e+02
6.131920166015625000e+02
1.161694140625000000e+05
2.629742187500000000e+04
4.656262187500000000e+05
2.316154687500000000e+05
3.360180053710937500e+02
6.610094531250000000e+04
4.800955312500000000e+05
3.406261875000000000e+05
4.890490112304687500e+02
3.554349121093750000e+03
6.853260625000000000e+05
1.240790023803710938e+02
3.436539916992187500e+02
9.542909375000000000e+04
2.170319976806640625e+02
1.023990020751953125e+02
1.781429218750000000e+05
8.765091875000000000e+05
1.073052978515625000e+03
1.270455937500000000e+05
1.917551953125000000e+04
8.896222656250000000e+04
2.442857910156250000e+03
1.442827500000000000e+05
4.954289855957031250e+02
1.414338437500000000e+05
9.289700317382812500e+01
6.799159179687500000e+03
3.600495312500000000e+05
1.467975156250000000e+05
1.843307006835937500e+03
5.703626562500000000e+04
5.000220031738281250e+02
5.344699859619140625e+01
5.997814375000000000e+05
1.248589687500000000e+05
4.676010131835937500e+02
3.025990625000000000e+05
3.324689941406250000e+02
2.271175195312500000e+04
4.316340026855468750e+02
4.582659912109375000e+02
2.829379882812500000e+02
4.792990112304687500e+02
3.253806562500000000e+05
1.400390014648437500e+03
3.859600067138671875e+01
2.886049687500000000e+05
1.205940312500000000e+05
7.414399719238281250e+01
9.686753125000000000e+04
3.496770019531250000e+02
6.713112500000000000e+04
2.276168945312500000e+03
3.759660034179687500e+02
9.084540000000000000e+05
1.419880065917968750e+02
8.418778125000000000e+05
5.857329711914062500e+02
1.259810028076171875e+02
7.076446093750000000e+04
1.174509963989257812e+02
4.761187500000000000e+05
4.995100097656250000e+02
1.309983789062500000e+04
8.399850000000000000e+04
2.503597187500000000e+05
1.989589996337890625e+02
1.851191406250000000e+05
8.126770019531250000e+02
3.129743437500000000e+05
1.275474843750000000e+05
9.691293750000000000e+04
6.038224609375000000e+04
1.736028281250000000e+05
1.071833007812500000e+03
4.408796093750000000e+04
2.799830000000000000e+05
3.992094687500000000e+05
2.161757031250000000e+05
1.374029882812500000e+04
1.459309997558593750e+02
1.145697343750000000e+05
6.181040625000000000e+04
2.328780059814453125e+02
6.278359985351562500e+02
5.108980937500000000e+05
4.048984375000000000e+05
6.192043750000000000e+05
2.581991250000000000e+05
6.586950073242187500e+02
3.385150146484375000e+02
4.901333984375000000e+04
8.198460083007812500e+02
1.086786953125000000e+05
1.465039978027343750e+02
3.791419982910156250e+02
4.190069885253906250e+02
4.242604062500000000e+05
7.611069946289062500e+02
1.992330017089843750e+02
1.458892812500000000e+05
9.339810180664062500e+02
3.094400024414062500e+02
1.045180500000000000e+06
2.222948974609375000e+03
7.626550292968750000e+02
4.129028125000000000e+05
7.076815625000000000e+04
3.145429992675781250e+02
8.025919799804687500e+02
3.479110107421875000e+02
5.460586914062500000e+03
8.974310302734375000e+02
2.570672031250000000e+05
6.838571093750000000e+04
7.944799804687500000e+01
1.585195000000000000e+05
4.291359863281250000e+02
4.505840625000000000e+05
8.645289916992187500e+02
2.837621562500000000e+05
6.108090820312500000e+03
3.907707812500000000e+05
2.395624687500000000e+05
1.888786406250000000e+05
4.407860156250000000e+04
1.774810028076171875e+02
7.418061875000000000e+05
1.577200031280517578e+01
2.380762939453125000e+03
1.033733032226562500e+03
6.322399902343750000e+01
1.681060028076171875e+02
9.252282031250000000e+04
2.181560058593750000e+02
2.505325585937500000e+04
7.283964375000000000e+05
1.965764687500000000e+05
6.105819702148437500e+02
1.298824140625000000e+05
1.276276328125000000e+05
2.157366562500000000e+05
1.251613671875000000e+05
4.767019958496093750e+02
7.415360107421875000e+02
1.135067109375000000e+05
6.249729375000000000e+05
1.264720001220703125e+02
2.509299926757812500e+02
1.793289947509765625e+02
8.208149218750000000e+04
3.644508437500000000e+05
3.805909687500000000e+05
1.613353906250000000e+05
2.234374023437500000e+03
1.226845625000000000e+05
2.783013867187500000e+04
1.004510937500000000e+05
3.969379882812500000e+02
7.517374218750000000e+04
4.684590000000000000e+05
3.895809936523437500e+02
1.683910064697265625e+02
4.699789453125000000e+04
9.579198437500000000e+04
1.178190002441406250e+02
3.186749877929687500e+02
9.651290283203125000e+02
1.008314531250000000e+05
1.257633056640625000e+03
1.542577187500000000e+05
4.387327148437500000e+03
9.940390014648437500e+02
7.599403125000000000e+05
7.315451250000000000e+05
8.197069702148437500e+02
1.220394843750000000e+05
1.857319946289062500e+02
4.044360046386718750e+02
1.915406406250000000e+05
6.073070312500000000e+04
