9.913309936523437500e+02
3.537038671875000000e+04
1.370764687500000000e+05
5.163100051879882812e+01
2.129819921875000000e+04
4.717009887695312500e+02
4.478134375000000000e+04
2.485368896484375000e+03
1.329790527343750000e+04
8.409910278320312500e+02
5.695278125000000000e+04
4.750258984375000000e+04
1.758942968750000000e+04
2.542957031250000000e+03
2.817836914062500000e+04
3.535549926757812500e+02
3.824150085449218750e+02
5.106472167968750000e+03
5.591193847656250000e+03
5.367934375000000000e+04
1.524909687500000000e+05
1.584308959960937500e+03
8.569210937500000000e+04
3.418334375000000000e+04
5.427523046875000000e+04
2.840402099609375000e+03
4.384206054687500000e+03
1.650094335937500000e+04
1.775237890625000000e+04
5.538039453125000000e+04
1.161731796875000000e+05
3.754204101562500000e+03
1.146917656250000000e+05
6.821748437500000000e+04
4.225267578125000000e+04
4.714014843750000000e+04
1.030847558593750000e+04
1.672648906250000000e+05
2.110663085937500000e+04
2.395214257812500000e+04
6.532132031250000000e+04
4.588679199218750000e+03
6.057342773437500000e+03
8.536250781250000000e+04
1.157562890625000000e+05
6.556544531250000000e+04
5.317353027343750000e+03
5.927287109375000000e+03
7.889266406250000000e+04
9.394240234375000000e+03
1.197709960937500000e+03
3.707926171875000000e+04
1.503156445312500000e+04
8.683469848632812500e+02
8.882360937500000000e+04
5.209699707031250000e+02
1.911793945312500000e+03
2.386248046875000000e+03
6.709111816406250000e+03
1.908327148437500000e+04
5.429408203125000000e+04
3.017925195312500000e+04
3.621291015625000000e+03
4.775326171875000000e+03
5.418443750000000000e+04
4.414314941406250000e+03
2.083672460937500000e+04
3.415793945312500000e+03
6.317682031250000000e+04
9.099926562500000000e+04
1.764073974609375000e+03
2.161699218750000000e+04
1.469546997070312500e+03
1.045618457031250000e+04
6.634444824218750000e+03
2.132710742187500000e+04
3.096806884765625000e+03
3.163243896484375000e+03
9.184673437500000000e+04
1.421271406250000000e+05
5.892314843750000000e+04
5.675999832153320312e+01
1.475273339843750000e+04
9.001170043945312500e+02
5.494230078125000000e+04
7.263987500000000000e+04
1.640298950195312500e+03
4.178869531250000000e+04
1.686426025390625000e+03
1.401358593750000000e+05
6.499219531250000000e+04
1.536258056640625000e+03
3.108659973144531250e+02
1.209109008789062500e+03
3.515596484375000000e+04
7.761339062500000000e+04
4.809907031250000000e+04
6.795939843750000000e+04
4.285022265625000000e+04
3.800832812500000000e+04
4.032555859375000000e+04
1.167225703125000000e+05
6.807499694824218750e+01
3.190840148925781250e+02
9.380724218750000000e+04
3.571900878906250000e+03
2.497777343750000000e+04
1.230918750000000000e+05
7.863873437500000000e+04
5.004317187500000000e+04
4.566900390625000000e+04
7.698039062500000000e+04
3.173391210937500000e+04
1.247524047851562500e+03
7.860803125000000000e+04
4.234721484375000000e+04
7.566961718750000000e+04
1.191293945312500000e+04
6.087512890625000000e+04
1.934634531250000000e+05
3.743991406250000000e+04
4.135792968750000000e+04
3.532701171875000000e+04
9.562675781250000000e+03
2.375219531250000000e+04
9.065910156250000000e+04
1.358884570312500000e+04
3.881535888671875000e+03
3.867259375000000000e+04
1.959675048828125000e+03
5.871160156250000000e+03
6.260452343750000000e+04
2.537384960937500000e+04
2.680975390625000000e+04
2.026799964904785156e+01
4.423246875000000000e+04
3.079720117187500000e+04
1.004532421875000000e+04
1.040866015625000000e+05
3.948656640625000000e+04
5.296042968750000000e+03
2.524946250000000000e+05
6.775159912109375000e+02
9.905196875000000000e+04
2.989349414062500000e+04
6.873430175781250000e+03
6.379316406250000000e+04
4.630194921875000000e+04
5.155170898437500000e+03
3.137114257812500000e+04
6.112372265625000000e+04
1.777776953125000000e+04
2.216345947265625000e+03
2.540488281250000000e+04
6.884713867187500000e+03
4.004443115234375000e+03
8.617907812500000000e+04
2.506299972534179688e+01
7.078790039062500000e+03
3.387707812500000000e+04
8.332166992187500000e+03
6.523130078125000000e+04
2.667500000000000000e+03
3.629351953125000000e+04
5.491970703125000000e+04
7.155300000000000000e+04
1.223676953125000000e+05
9.843538085937500000e+03
3.207170898437500000e+03
1.137189921875000000e+05
1.564577246093750000e+04
1.758616943359375000e+03
1.005079296875000000e+05
3.004100585937500000e+04
3.406530151367187500e+02
8.114862792968750000e+03
3.933928955078125000e+03
2.999989648437500000e+04
1.536861132812500000e+04
2.662017968750000000e+04
3.753276562500000000e+04
1.396015468750000000e+05
3.594813964843750000e+03
1.413275156250000000e+05
2.935429492187500000e+04
1.217570625000000000e+05
2.352655859375000000e+04
4.862188281250000000e+04
8.085713281250000000e+04
2.433249969482421875e+02
4.162863769531250000e+03
9.717349853515625000e+02
7.398359985351562500e+02
6.739201171875000000e+03
1.275820214843750000e+04
2.313944091796875000e+03
2.052544335937500000e+04
2.298173828125000000e+04
1.943377539062500000e+04
6.498187500000000000e+04
7.423845214843750000e+03
1.032562988281250000e+03
1.676500000000000000e+03
4.322982031250000000e+04
1.843385351562500000e+04
2.332219970703125000e+03
1.518297265625000000e+04
1.415829925537109375e+02
1.055553808593750000e+04
9.496850000000000000e+04
3.826074609375000000e+04
3.196732421875000000e+04
7.079059375000000000e+04
7.703475097656250000e+03
8.476282031250000000e+04
6.051886328125000000e+04
1.688277148437500000e+04
3.093759179687500000e+04
1.483899993896484375e+02
2.539636523437500000e+04
1.217036987304687500e+03
4.103522656250000000e+04
1.922279968261718750e+02
6.492581250000000000e+04
1.393830468750000000e+04
1.677743554687500000e+04
8.454268750000000000e+04
5.598060302734375000e+02
6.663828125000000000e+04
3.711175781250000000e+04
7.857539843750000000e+04
8.181672851562500000e+03
4.573063964843750000e+03
3.544835546875000000e+04
3.397078125000000000e+04
1.281675585937500000e+04
4.306773437500000000e+04
1.830078002929687500e+03
1.112753515625000000e+05
3.131300976562500000e+04
5.908669140625000000e+04
1.947060058593750000e+03
4.196220214843750000e+03
7.834209375000000000e+04
1.686453002929687500e+03
1.399733750000000000e+05
5.013763183593750000e+03
9.683280029296875000e+02
1.287631958007812500e+03
2.654552734375000000e+04
1.688520019531250000e+03
1.564558789062500000e+04
1.670322265625000000e+04
4.220543359375000000e+04
2.187210742187500000e+04
2.077910003662109375e+02
2.521074951171875000e+03
8.510550000000000000e+04
4.154378906250000000e+03
2.466861914062500000e+04
1.919661250000000000e+05
7.740679199218750000e+03
3.269870703125000000e+04
6.404520263671875000e+02
1.858155273437500000e+04
2.985975000000000000e+04
1.623288085937500000e+04
1.987747851562500000e+04
2.667856835937500000e+04
2.139919921875000000e+03
1.753112890625000000e+04
9.064317187500000000e+04
5.664415625000000000e+04
2.761809570312500000e+04
9.689625000000000000e+03
4.126415039062500000e+03
8.847860156250000000e+04
9.163932812500000000e+04
1.519310625000000000e+05
2.400437988281250000e+03
6.075524609375000000e+04
1.604413940429687500e+03
6.498500061035156250e+01
1.154645546875000000e+05
3.223000000000000000e+03
1.237895546875000000e+05
2.819676757812500000e+04
6.301535156250000000e+03
1.447099975585937500e+03
3.211379101562500000e+04
1.283017578125000000e+04
2.081768359375000000e+04
6.346395996093750000e+03
7.463429199218750000e+03
1.246052148437500000e+04
5.356088281250000000e+04
1.300260937500000000e+04
2.335123632812500000e+04
7.894240112304687500e+02
4.760532031250000000e+04
6.701243750000000000e+04
7.764457812500000000e+04
4.282109985351562500e+02
2.138194921875000000e+04
8.772916992187500000e+03
2.662379882812500000e+03
1.044984296875000000e+05
1.512251953125000000e+03
6.304959375000000000e+04
4.477265234375000000e+04
2.997733886718750000e+03
1.432941992187500000e+04
2.532500976562500000e+03
7.646878906250000000e+03
7.218875000000000000e+03
2.578551562500000000e+04
3.638510009765625000e+03
3.126170507812500000e+04
1.461680371093750000e+04
5.358163085937500000e+03
1.128426562500000000e+05
3.454747070312500000e+03
1.967250195312500000e+04
6.579127343750000000e+04
1.097112060546875000e+03
6.789364062500000000e+04
4.217711718750000000e+04
9.761275390625000000e+03
4.134701953125000000e+04
6.494741406250000000e+04
1.618775000000000000e+05
2.005608906250000000e+05
4.857569885253906250e+02
6.349127734375000000e+04
1.501916113281250000e+04
1.643951718750000000e+05
1.380142382812500000e+04
3.822306884765625000e+03
5.311099853515625000e+02
1.041457656250000000e+05
1.186010234375000000e+05
7.635838281250000000e+04
5.179910278320312500e+02
7.349398437500000000e+04
5.940871484375000000e+04
1.640007421875000000e+04
4.359389843750000000e+04
5.998489990234375000e+02
4.594847265625000000e+04
4.063799609375000000e+04
6.966662500000000000e+04
9.983601562500000000e+04
8.099240112304687500e+02
2.481708437500000000e+05
1.049573974609375000e+03
4.582798828125000000e+04
3.214828515625000000e+04
1.399057031250000000e+05
9.076602539062500000e+03
7.853109375000000000e+04
4.588710021972656250e+02
7.559730468750000000e+04
2.447200012207031250e+01
6.899613281250000000e+04
5.759736718750000000e+04
6.854237792968750000e+03
3.113391406250000000e+04
6.284737890625000000e+04
1.518816250000000000e+05
1.276717675781250000e+04
2.068890429687500000e+04
3.242927001953125000e+03
1.030500156250000000e+05
1.415423632812500000e+04
2.965106835937500000e+04
5.756520019531250000e+03
3.038870507812500000e+04
1.055348999023437500e+03
3.319946875000000000e+04
1.551179687500000000e+05
1.044282910156250000e+04
6.838380126953125000e+02
3.384715087890625000e+03
3.292476953125000000e+04
7.274032812500000000e+04
6.117209375000000000e+04
1.109641640625000000e+05
4.949542187500000000e+04
6.794911718750000000e+04
7.502588281250000000e+04
5.918922656250000000e+04
6.066293945312500000e+03
1.972409765625000000e+04
1.012163828125000000e+05
1.034864013671875000e+03
1.309564941406250000e+03
1.356265014648437500e+03
2.471831640625000000e+04
1.541763750000000000e+05
4.394253125000000000e+04
3.731474609375000000e+04
3.612536718750000000e+04
3.278221875000000000e+04
3.210259570312500000e+04
3.262422656250000000e+04
1.499848022460937500e+03
1.889638867187500000e+04
6.626008593750000000e+04
4.479425781250000000e+03
1.311748730468750000e+04
7.803652343750000000e+04
3.721579101562500000e+03
1.358313964843750000e+04
2.129366992187500000e+04
1.432842187500000000e+04
1.545810058593750000e+03
1.739467041015625000e+03
4.969857031250000000e+04
7.151916406250000000e+04
1.769575585937500000e+04
7.912616406250000000e+04
1.082782968750000000e+05
8.750194531250000000e+04
5.129799804687500000e+03
1.107750585937500000e+04
7.583552343750000000e+04
3.672993750000000000e+04
3.551443750000000000e+04
2.552904101562500000e+04
7.725499725341796875e+01
9.788052734375000000e+03
2.648428906250000000e+04
5.845914843750000000e+04
3.695987890625000000e+04
1.246103027343750000e+03
1.165554101562500000e+04
2.051178710937500000e+04
3.286910095214843750e+02
3.145530090332031250e+02
1.280605781250000000e+05
1.495234375000000000e+04
1.525099316406250000e+04
2.607343554687500000e+04
1.066372968750000000e+05
1.819012109375000000e+04
6.030899810791015625e+01
7.220709838867187500e+02
1.737624804687500000e+04
1.504080761718750000e+04
1.891505000000000000e+05
5.946063281250000000e+04
1.795299911499023438e+01
2.719580078125000000e+03
5.026521875000000000e+04
9.301691406250000000e+04
4.195013183593750000e+03
1.110326406250000000e+05
2.673909960937500000e+04
1.351658593750000000e+04
7.875882812500000000e+04
7.623759765625000000e+02
7.453428906250000000e+04
3.266710937500000000e+04
1.024311640625000000e+05
6.532169921875000000e+03
6.430699920654296875e+01
4.742967773437500000e+03
2.581784375000000000e+04
6.349749755859375000e+02
2.236724687500000000e+05
1.829406875000000000e+05
1.057406093750000000e+05
4.465364062500000000e+04
1.778350067138671875e+02
3.063240966796875000e+03
9.014990234375000000e+02
9.158553906250000000e+04
1.667149804687500000e+04
3.717984375000000000e+04
7.560002929687500000e+03
4.041887500000000000e+04
1.478717871093750000e+04
9.913339843750000000e+02
2.098820703125000000e+04
5.145944140625000000e+04
1.517013125000000000e+05
7.906419531250000000e+04
1.945678125000000000e+04
2.154798437500000000e+04
6.959530029296875000e+02
8.205334375000000000e+04
1.063259033203125000e+03
2.320589062500000000e+04
6.767216796875000000e+03
6.353951171875000000e+03
1.501021679687500000e+04
3.055426953125000000e+04
2.422683007812500000e+04
3.375035888671875000e+03
4.721608886718750000e+03
4.197270019531250000e+03
3.272800000000000000e+04
9.635650024414062500e+02
2.564490051269531250e+02
3.151603320312500000e+04
1.094183515625000000e+05
1.556977539062500000e+04
3.156599998474121094e+01
2.422869726562500000e+04
1.567760468750000000e+05
2.484089843750000000e+04
5.189041406250000000e+04
1.102969970703125000e+02
2.394875390625000000e+04
1.172838671875000000e+05
5.075497656250000000e+04
1.788312695312500000e+04
3.485089453125000000e+04
5.819669531250000000e+04
3.429186718750000000e+04
1.939024047851562500e+03
2.796307031250000000e+04
7.478881835937500000e+03
2.850170898437500000e+03
3.155897851562500000e+04
3.132901757812500000e+04
3.625357421875000000e+04
6.775679687500000000e+04
6.450573437500000000e+04
7.545301562500000000e+04
2.529421289062500000e+04
1.132607055664062500e+03
1.232949140625000000e+05
3.342982910156250000e+03
1.152369995117187500e+03
5.644235156250000000e+04
2.714256445312500000e+04
8.581300354003906250e+01
5.111522949218750000e+03
6.507658593750000000e+04
4.715230957031250000e+03
1.182803906250000000e+04
7.190230102539062500e+02
3.358659912109375000e+03
3.113200390625000000e+04
5.156620312500000000e+04
2.424638281250000000e+04
8.638931250000000000e+04
2.964339453125000000e+04
1.263091113281250000e+04
3.744900390625000000e+04
5.379294921875000000e+03
1.349963476562500000e+04
9.209560156250000000e+04
2.009281445312500000e+04
1.182708886718750000e+04
3.161531250000000000e+04
1.261640156250000000e+05
1.329976875000000000e+05
8.589763671875000000e+03
5.164815917968750000e+03
2.001729492187500000e+04
1.038353613281250000e+04
1.198830000000000000e+05
1.101890156250000000e+05
3.801820068359375000e+02
1.852824687500000000e+05
3.037277500000000000e+05
2.824713125000000000e+05
8.495161718750000000e+04
4.714687890625000000e+04
1.531015468750000000e+05
4.132984765625000000e+04
7.977481933593750000e+03
8.610759375000000000e+04
2.606185058593750000e+03
9.626178125000000000e+04
1.002589765625000000e+05
1.349942016601562500e+03
8.125118750000000000e+04
3.410477343750000000e+04
1.785121484375000000e+04
3.938550781250000000e+04
1.796885546875000000e+04
5.424736718750000000e+04
7.325301757812500000e+03
6.431497265625000000e+04
1.262495781250000000e+05
8.095625000000000000e+04
1.472543847656250000e+04
1.174150390625000000e+05
5.247034179687500000e+03
9.379100781250000000e+04
6.825319824218750000e+02
3.402192187500000000e+04
7.073100280761718750e+01
5.341342187500000000e+04
3.917725000000000000e+04
6.914279785156250000e+03
3.612757080078125000e+03
3.023739990234375000e+03
1.670274047851562500e+03
9.560081250000000000e+04
7.685078125000000000e+04
3.592434375000000000e+04
1.966647949218750000e+03
8.618708593750000000e+04
1.792966992187500000e+04
7.557520141601562500e+02
7.816063964843750000e+03
7.259301562500000000e+04
2.949429492187500000e+04
4.532477734375000000e+04
1.856636962890625000e+03
4.557601171875000000e+04
3.495778515625000000e+04
4.288554296875000000e+04
1.838570625000000000e+05
9.516956250000000000e+04
1.200857031250000000e+04
2.777629882812500000e+03
6.546832812500000000e+04
7.616246093750000000e+04
1.859917968750000000e+05
8.701715820312500000e+03
2.178143066406250000e+03
1.888541562500000000e+05
2.777424023437500000e+04
7.259546093750000000e+04
3.791177734375000000e+04
2.155509033203125000e+03
1.776929882812500000e+04
6.558642187500000000e+04
4.153216796875000000e+03
5.228668750000000000e+04
2.030579956054687500e+03
3.102610107421875000e+03
8.821383593750000000e+04
4.939198437500000000e+04
6.848266113281250000e+03
5.221267968750000000e+04
3.481674609375000000e+04
7.363192187500000000e+04
6.910550781250000000e+04
3.559010937500000000e+04
9.006714062500000000e+04
7.455746875000000000e+04
2.073540039062500000e+02
7.538235937500000000e+04
1.183058593750000000e+04
3.971887109375000000e+04
1.170292089843750000e+04
5.888385937500000000e+04
3.217011962890625000e+03
2.970020996093750000e+03
8.597575781250000000e+04
3.010815234375000000e+04
6.241546875000000000e+04
7.947881250000000000e+04
6.330892089843750000e+03
5.588941015625000000e+04
2.897483886718750000e+03
2.036751953125000000e+03
4.155985156250000000e+04
1.462092343750000000e+05
2.072727187500000000e+05
1.201198730468750000e+04
6.268256250000000000e+04
1.146999023437500000e+03
1.230209960937500000e+03
3.806599609375000000e+04
5.368859863281250000e+02
1.324318554687500000e+04
2.030950390625000000e+04
1.624344433593750000e+04
4.172526953125000000e+04
4.951996875000000000e+04
1.207104296875000000e+05
8.863911132812500000e+03
1.794520019531250000e+03
2.141255859375000000e+04
2.128875000000000000e+03
8.835026562500000000e+04
8.540112500000000000e+04
1.862729375000000000e+05
8.442163281250000000e+04
1.185136962890625000e+03
3.740453906250000000e+04
2.208447031250000000e+05
1.293327026367187500e+03
9.749864843750000000e+04
2.125085937500000000e+03
9.988259375000000000e+04
3.885749609375000000e+04
1.940925585937500000e+04
2.029897500000000000e+05
2.842086914062500000e+04
7.618107812500000000e+04
1.117475952148437500e+03
3.350416015625000000e+04
2.070157031250000000e+05
1.205633789062500000e+04
6.716820068359375000e+02
3.142833125000000000e+05
3.932673437500000000e+04
1.151997070312500000e+04
1.251510859375000000e+05
2.266529101562500000e+04
5.646060180664062500e+02
1.165151171875000000e+04
6.883031250000000000e+04
4.653572656250000000e+04
2.133474121093750000e+03
1.367027343750000000e+05
4.797887890625000000e+04
9.851510156250000000e+04
8.884264062500000000e+04
4.944614843750000000e+04
2.895735937500000000e+04
4.187151855468750000e+03
1.263806933593750000e+04
1.333862060546875000e+03
3.477728906250000000e+04
1.064072500000000000e+05
7.845898925781250000e+03
2.444673242187500000e+04
1.241737060546875000e+03
1.751305053710937500e+03
8.431585156250000000e+04
7.104519042968750000e+03
3.875169140625000000e+04
1.743105000000000000e+05
1.463780781250000000e+05
7.322924804687500000e+03
1.579325097656250000e+04
1.045659453125000000e+05
1.557895937500000000e+05
5.763850781250000000e+04
1.048129062500000000e+05
2.352436132812500000e+04
1.399458496093750000e+04
5.585130859375000000e+03
4.615103515625000000e+04
6.398962890625000000e+04
6.368023437500000000e+04
7.335500781250000000e+04
1.174741796875000000e+04
1.932881718750000000e+05
4.416022265625000000e+04
4.206288085937500000e+03
1.009554062500000000e+05
7.128820190429687500e+02
1.338027343750000000e+05
3.896322998046875000e+03
2.189353320312500000e+04
6.313832031250000000e+04
1.653774414062500000e+04
3.039101953125000000e+04
5.126549609375000000e+04
2.555998046875000000e+03
3.422676025390625000e+03
5.154977343750000000e+04
2.162365625000000000e+04
5.853557128906250000e+03
5.757239062500000000e+04
1.330691699218750000e+04
1.152737890625000000e+05
1.909073828125000000e+04
1.538782812500000000e+05
2.978036718750000000e+04
1.549090917968750000e+04
6.749125000000000000e+03
1.056350703125000000e+05
1.654244018554687500e+03
2.854721679687500000e+04
4.018716406250000000e+04
8.397856445312500000e+03
8.546250000000000000e+02
1.036236718750000000e+05
1.579248437500000000e+05
2.089286718750000000e+04
4.682699890136718750e+02
9.262999877929687500e+02
3.625610107421875000e+03
2.227909179687500000e+04
2.906463476562500000e+04
3.454086718750000000e+04
1.195066718750000000e+05
2.682912695312500000e+04
6.686636230468750000e+03
3.464070129394531250e+02
3.640937011718750000e+03
4.256498437500000000e+04
4.440339062500000000e+04
3.457302343750000000e+04
3.835573046875000000e+04
4.727966796875000000e+03
1.375670625000000000e+05
5.774424609375000000e+04
9.143848632812500000e+03
4.022881103515625000e+03
9.016849975585937500e+02
1.573861035156250000e+04
4.094628906250000000e+03
9.196953125000000000e+04
5.910996875000000000e+04
1.905333007812500000e+03
1.142470859375000000e+05
1.173622343750000000e+05
1.034688964843750000e+03
3.451288671875000000e+04
2.055725097656250000e+03
5.602547851562500000e+03
8.562390136718750000e+02
1.350065000000000000e+05
2.154371250000000000e+05
4.551166015625000000e+04
1.333666718750000000e+05
5.857403906250000000e+04
9.423110351562500000e+03
4.047458984375000000e+04
4.445798046875000000e+04
5.898545312500000000e+04
1.211202500000000000e+05
2.412321484375000000e+04
4.767660546875000000e+04
7.548300170898437500e+02
1.045787207031250000e+04
2.867730957031250000e+03
5.105710144042968750e+02
2.495699218750000000e+04
4.882531640625000000e+04
4.651779687500000000e+04
2.963902539062500000e+04
2.456308105468750000e+03
3.106108007812500000e+04
5.432266113281250000e+03
2.225798437500000000e+04
1.436518125000000000e+05
1.315553027343750000e+04
5.372540283203125000e+02
8.836306250000000000e+04
8.184611718750000000e+04
2.495600390625000000e+04
9.267670288085937500e+02
1.355810058593750000e+03
1.110923906250000000e+05
8.425996875000000000e+04
4.911454687500000000e+04
7.142789916992187500e+02
4.328884765625000000e+03
7.784412109375000000e+03
6.793871093750000000e+04
5.544144140625000000e+04
1.896106835937500000e+04
1.621297500000000000e+05
5.028127343750000000e+04
3.070629492187500000e+04
1.361340332031250000e+04
3.279888281250000000e+04
2.189463281250000000e+05
2.754662695312500000e+04
1.135928593750000000e+05
3.156586132812500000e+04
7.492748046875000000e+03
6.704223144531250000e+03
1.898956250000000000e+05
7.134057031250000000e+04
1.221013183593750000e+04
7.741452148437500000e+03
4.858153808593750000e+03
8.785426757812500000e+03
9.169120312500000000e+04
3.793800048828125000e+02
4.738244531250000000e+04
3.359275390625000000e+04
1.420576562500000000e+05
9.718448437500000000e+04
6.048162890625000000e+04
1.999785546875000000e+04
5.249350390625000000e+04
2.132709960937500000e+02
6.170535156250000000e+04
3.972270019531250000e+03
7.705357812500000000e+04
9.411100006103515625e+01
1.880542968750000000e+03
9.465632031250000000e+04
1.633666250000000000e+05
9.325209960937500000e+02
1.006555371093750000e+04
1.820569062500000000e+05
8.738093750000000000e+04
5.268337890625000000e+03
1.430864990234375000e+03
2.869178320312500000e+04
2.988909570312500000e+04
2.384756103515625000e+03
6.748449707031250000e+02
4.064569531250000000e+04
1.401857031250000000e+05
8.671188476562500000e+03
2.182558203125000000e+04
8.514093750000000000e+04
2.141906445312500000e+04
1.249803671875000000e+05
1.937510070800781250e+02
4.817641015625000000e+04
7.481409912109375000e+02
2.108615468750000000e+05
3.487739453125000000e+04
2.110000000000000000e+03
4.660869140625000000e+03
4.672280859375000000e+04
4.171912109375000000e+03
4.502700390625000000e+04
2.210262939453125000e+03
1.828618041992187500e+03
6.726695312500000000e+04
4.776638183593750000e+03
3.031855273437500000e+04
6.453337109375000000e+04
4.426620312500000000e+04
3.115716796875000000e+04
6.203626171875000000e+04
1.096615966796875000e+03
3.929849609375000000e+04
4.056793359375000000e+04
2.490526953125000000e+04
1.021878710937500000e+04
2.137996289062500000e+04
3.254637890625000000e+04
2.310875156250000000e+05
3.679199609375000000e+04
6.443807128906250000e+03
2.953547119140625000e+03
5.727694531250000000e+04
5.217054296875000000e+04
4.301747265625000000e+04
4.361038281250000000e+04
3.559410156250000000e+04
1.999889038085937500e+03
1.816785937500000000e+04
5.158004882812500000e+03
4.205326562500000000e+04
1.282460937500000000e+05
2.213995703125000000e+04
1.712354980468750000e+03
2.850280029296875000e+03
5.180464453125000000e+04
4.858469238281250000e+03
3.647469140625000000e+04
2.351142382812500000e+04
6.845700073242187500e+02
1.063649978637695312e+02
5.112785546875000000e+04
1.769652954101562500e+03
2.557793945312500000e+04
6.629849853515625000e+02
6.054827734375000000e+04
7.193107812500000000e+04
2.879718945312500000e+04
1.247785546875000000e+04
6.406819531250000000e+04
1.589532958984375000e+03
4.886220092773437500e+02
7.670232910156250000e+03
6.760133593750000000e+04
4.323783203125000000e+03
3.133059179687500000e+04
3.721123046875000000e+04
2.117204375000000000e+05
6.306015625000000000e+04
8.378741210937500000e+03
2.822694091796875000e+03
1.009989013671875000e+03
6.526328125000000000e+03
1.323630004882812500e+03
2.812783593750000000e+04
6.856961914062500000e+03
2.184943359375000000e+04
5.980950195312500000e+03
3.885492919921875000e+03
2.879757812500000000e+04
1.782763476562500000e+04
2.213854882812500000e+04
2.350118750000000000e+04
4.184354003906250000e+03
1.008151953125000000e+05
4.666404296875000000e+04
6.516979687500000000e+04
6.308139453125000000e+04
2.427179296875000000e+04
1.359195312500000000e+05
4.811905078125000000e+04
1.578350097656250000e+04
6.320398828125000000e+04
3.119136523437500000e+04
1.025620390625000000e+05
5.679329833984375000e+02
