3.082000017166137695e+00
6.586131835937500000e+03
2.692395019531250000e+03
1.008899974822998047e+01
1.953447998046875000e+03
3.093169921875000000e+03
2.663822021484375000e+03
3.329252929687500000e+03
5.035599899291992188e+01
1.549000024795532227e+00
8.826999664306640625e+00
4.760200119018554688e+01
1.617951049804687500e+03
1.565950097656250000e+04
9.877750244140625000e+02
3.781700134277343750e+01
1.187899971008300781e+01
3.619560058593750000e+03
8.204999923706054688e+00
7.595777832031250000e+03
3.771650085449218750e+02
1.180802246093750000e+04
1.180415429687500000e+04
3.292000055313110352e+00
1.301686621093750000e+04
2.436479980468750000e+03
2.967565917968750000e+03
1.102299976348876953e+01
1.262249023437500000e+03
1.533880004882812500e+02
1.074699974060058594e+01
2.312500000000000000e+03
7.126916992187500000e+03
1.208011962890625000e+03
2.304226074218750000e+03
3.936849121093750000e+03
4.478094238281250000e+03
2.142997070312500000e+03
3.878697998046875000e+03
3.966500091552734375e+01
3.688574951171875000e+03
6.928092773437500000e+03
9.934310302734375000e+02
9.041170043945312500e+02
1.434539947509765625e+02
1.128483032226562500e+03
3.581000089645385742e+00
6.732919921875000000e+02
3.583645996093750000e+03
1.117639999389648438e+02
7.320000171661376953e+00
3.162934082031250000e+03
6.506026855468750000e+03
3.268000030517578125e+01
1.557499980926513672e+01
8.493000030517578125e+00
6.748307128906250000e+03
4.710769958496093750e+02
3.260701904296875000e+03
8.192500976562500000e+03
1.487380981445312500e+03
1.791717041015625000e+03
8.731346679687500000e+03
2.800564941406250000e+03
7.918000221252441406e+00
3.673845947265625000e+03
2.216458984375000000e+03
7.636000156402587891e+00
7.636000156402587891e+00
2.902436035156250000e+03
1.584599971771240234e+01
5.502210083007812500e+02
2.734581054687500000e+03
1.901938964843750000e+03
8.361049804687500000e+03
7.348148925781250000e+03
3.337056884765625000e+03
1.061971484375000000e+04
9.412938476562500000e+03
1.097613037109375000e+03
6.155581054687500000e+03
6.213504882812500000e+03
1.255402954101562500e+03
7.304999828338623047e+00
1.838070068359375000e+02
5.729000091552734375e+00
1.309899997711181641e+01
4.294375976562500000e+03
8.404401367187500000e+03
6.499461914062500000e+03
1.087600040435791016e+01
5.408036132812500000e+03
3.807270019531250000e+03
5.762869873046875000e+02
1.821850952148437500e+03
6.973999977111816406e+00
3.741230957031250000e+03
1.572599983215332031e+01
1.797999954223632812e+01
1.591644042968750000e+03
9.803000450134277344e+00
3.209456054687500000e+03
7.618889770507812500e+02
1.617976074218750000e+04
7.523241210937500000e+03
3.275799942016601562e+01
1.789999961853027344e+00
4.002842041015625000e+03
2.050000000000000000e+01
1.061999988555908203e+01
6.474340209960937500e+02
4.828210144042968750e+02
1.400927978515625000e+03
1.295457031250000000e+03
2.363298095703125000e+03
1.487430053710937500e+03
6.167852050781250000e+03
1.223067993164062500e+03
1.594200038909912109e+01
5.059254882812500000e+03
1.539000034332275391e+00
8.409038085937500000e+03
1.272299957275390625e+01
1.523823535156250000e+04
5.856916015625000000e+03
5.691999912261962891e+00
4.789999961853027344e+00
2.361000061035156250e+00
1.533883593750000000e+04
4.525703125000000000e+03
1.417321044921875000e+03
5.338675781250000000e+03
1.898299980163574219e+01
6.149710083007812500e+02
3.501724121093750000e+03
6.828859863281250000e+02
2.171570068359375000e+03
1.217920043945312500e+03
1.496016113281250000e+04
5.225799804687500000e+03
2.433301025390625000e+03
6.464000225067138672e+00
1.150964965820312500e+03
3.513299942016601562e+01
6.962359863281250000e+03
1.381792968750000000e+03
4.993600082397460938e+01
3.056435058593750000e+03
4.232999801635742188e+00
1.312080859375000000e+04
8.349108398437500000e+03
1.856187988281250000e+03
2.801145019531250000e+03
2.092635986328125000e+03
4.823054199218750000e+03
8.329899902343750000e+02
2.816282958984375000e+03
7.800171875000000000e+03
4.185520996093750000e+03
4.285999774932861328e+00
7.349775878906250000e+03
3.318323974609375000e+03
3.173647949218750000e+03
3.232148925781250000e+03
2.709347900390625000e+03
8.126170043945312500e+02
2.230095947265625000e+03
6.724007812500000000e+03
1.334479980468750000e+02
4.137258789062500000e+03
4.466600036621093750e+01
6.302984863281250000e+03
2.715143066406250000e+03
1.122963989257812500e+03
1.963276977539062500e+03
6.100490112304687500e+02
5.728030761718750000e+03
4.671990234375000000e+03
5.078089904785156250e+02
6.131999969482421875e+00
1.554547851562500000e+04
2.436400032043457031e+01
2.160799980163574219e+01
1.026299953460693359e+01
2.008192993164062500e+03
3.368999958038330078e+00
5.236000061035156250e+00
1.210819946289062500e+03
1.376525292968750000e+04
2.335499954223632812e+01
1.018329589843750000e+04
1.390584960937500000e+03
1.247884033203125000e+03
4.447890014648437500e+02
7.568999767303466797e+00
1.094982055664062500e+03
4.158190002441406250e+02
1.232054492187500000e+04
4.393333984375000000e+03
2.154999923706054688e+01
8.633930664062500000e+03
1.182269042968750000e+04
1.771902954101562500e+03
6.734149780273437500e+02
2.772555908203125000e+03
3.427909851074218750e+02
4.842000007629394531e+00
7.227000236511230469e+00
8.394000053405761719e+00
2.720273925781250000e+03
1.895100021362304688e+01
7.872826171875000000e+03
5.313740234375000000e+02
1.638800048828125000e+01
4.550099945068359375e+01
4.246500015258789062e+01
5.319379882812500000e+02
7.541999816894531250e+00
1.162699985504150391e+01
2.386985107421875000e+03
1.105680007934570312e+02
8.875046875000000000e+03
6.639299774169921875e+01
2.487504882812500000e+03
1.579508056640625000e+03
1.169749984741210938e+02
2.029511962890625000e+03
2.755577880859375000e+03
7.738514160156250000e+03
5.585999965667724609e+00
5.416946777343750000e+03
5.009899902343750000e+01
2.008444946289062500e+03
5.078789978027343750e+02
4.173096191406250000e+03
4.422000122070312500e+01
5.833899902343750000e+03
4.632241210937500000e+03
7.346000194549560547e+00
6.635000228881835938e+00
9.355009765625000000e+02
8.410983398437500000e+03
1.800180053710937500e+03
1.529154199218750000e+04
1.114756347656250000e+04
6.290000081062316895e-01
4.059999942779541016e+00
2.943799972534179688e+01
4.348548828125000000e+03
6.819990234375000000e+02
2.094186035156250000e+03
8.387999534606933594e+00
4.777291992187500000e+03
1.789781005859375000e+03
3.604373046875000000e+03
5.430300140380859375e+01
4.147515136718750000e+03
3.633917968750000000e+03
4.270758789062500000e+03
7.075510253906250000e+02
1.086060028076171875e+02
8.834327148437500000e+03
2.917198974609375000e+03
1.490460052490234375e+02
1.088633056640625000e+03
2.323160888671875000e+03
5.092000007629394531e+00
1.677918750000000000e+04
4.059285888671875000e+03
1.392899990081787109e+01
1.362699985504150391e+01
8.603701171875000000e+03
1.585538940429687500e+03
5.771323242187500000e+03
5.306499862670898438e+01
2.461608886718750000e+03
2.431885009765625000e+03
4.850299835205078125e+01
2.249000072479248047e+00
2.586485107421875000e+03
7.743000030517578125e+00
8.681911132812500000e+03
2.561634033203125000e+03
1.815099906921386719e+01
6.072999954223632812e+00
5.929538085937500000e+03
5.761097167968750000e+03
7.148501953125000000e+03
8.333000183105468750e+00
7.379414062500000000e+03
5.476499938964843750e+01
2.559490051269531250e+02
5.408480224609375000e+02
1.757970947265625000e+03
4.203086914062500000e+03
7.142000198364257812e+00
3.137916992187500000e+03
9.229182617187500000e+03
2.414553955078125000e+03
9.443490234375000000e+03
2.537899971008300781e+01
9.478241210937500000e+03
4.811183105468750000e+03
9.920999526977539062e+00
3.661461914062500000e+03
3.908158935546875000e+03
7.888191894531250000e+03
1.655900001525878906e+01
8.364774414062500000e+03
1.691699981689453125e+01
1.373799991607666016e+01
2.181822021484375000e+03
6.835532226562500000e+03
1.497485961914062500e+03
3.405999898910522461e+00
3.819580078125000000e+02
3.792862060546875000e+03
3.710400009155273438e+01
1.707960052490234375e+02
6.177000045776367188e+00
1.996345947265625000e+03
2.626906005859375000e+03
4.178253906250000000e+03
2.941370898437500000e+04
1.284038671875000000e+04
7.839300781250000000e+03
5.203999996185302734e+00
2.935877929687500000e+03
7.249160156250000000e+03
1.309974804687500000e+04
4.412390136718750000e+02
6.913900146484375000e+02
3.008116943359375000e+03
2.969178955078125000e+03
1.523098999023437500e+03
7.385000228881835938e+00
1.924999952316284180e+00
1.936170043945312500e+02
3.141761962890625000e+03
1.238999962806701660e+00
4.394000053405761719e+00
1.214271777343750000e+04
4.290999889373779297e+00
4.344144042968750000e+03
1.461522460937500000e+04
4.818930053710937500e+02
5.220199966430664062e+01
3.196385009765625000e+03
5.341099929809570312e+01
1.269605957031250000e+03
2.262920898437500000e+03
2.284470062255859375e+02
4.306000232696533203e+00
3.954486083984375000e+03
1.880299949645996094e+01
9.500315429687500000e+03
7.730000019073486328e-01
2.588555908203125000e+03
3.044150085449218750e+02
1.950399971008300781e+01
1.690994018554687500e+03
7.646539916992187500e+02
7.794000148773193359e+00
8.181044921875000000e+03
5.534429199218750000e+03
8.359000205993652344e+00
4.281518066406250000e+03
6.589837890625000000e+03
6.394999980926513672e+00
5.675009765625000000e+03
3.326399993896484375e+01
2.953217041015625000e+03
7.625323242187500000e+03
2.446999931335449219e+01
4.337999820709228516e+00
1.083877734375000000e+04
1.310039978027343750e+02
1.866600036621093750e+01
3.560031982421875000e+03
1.494966796875000000e+04
1.944000005722045898e+00
1.258714257812500000e+04
2.151198974609375000e+03
2.384199905395507812e+01
1.457489990234375000e+03
2.043249969482421875e+02
7.264260253906250000e+02
3.510237060546875000e+03
2.024701049804687500e+03
4.626999855041503906e+00
5.434299850463867188e+01
3.955669860839843750e+02
5.527620117187500000e+03
8.830000162124633789e-01
1.165850976562500000e+04
4.286640136718750000e+03
1.808612060546875000e+03
1.598000049591064453e+00
6.102799987792968750e+01
4.485000133514404297e+00
2.082654052734375000e+03
1.872299957275390625e+02
1.206499958038330078e+01
1.473999977111816406e+01
2.017984008789062500e+03
5.161370239257812500e+02
6.923893066406250000e+03
4.141210021972656250e+02
1.465799999237060547e+01
3.059872070312500000e+03
1.227631958007812500e+03
5.609091796875000000e+03
2.918699218750000000e+04
9.554996093750000000e+03
3.661614013671875000e+03
1.461233593750000000e+04
5.086969238281250000e+03
2.230000019073486328e+00
4.590887207031250000e+03
1.139331054687500000e+04
2.204552343750000000e+04
7.990348144531250000e+03
4.735690002441406250e+02
7.207059936523437500e+02
6.195012207031250000e+03
5.788000106811523438e+00
1.617700004577636719e+01
2.287252929687500000e+03
1.238255175781250000e+04
1.150199121093750000e+04
4.362569885253906250e+02
2.045469970703125000e+02
7.692862792968750000e+03
2.671362060546875000e+03
7.632784179687500000e+03
9.955219726562500000e+02
1.208300018310546875e+01
8.328595703125000000e+03
1.137870025634765625e+02
9.511900329589843750e+01
7.732379760742187500e+02
8.154489746093750000e+02
7.933229980468750000e+02
2.750999927520751953e+00
4.104036132812500000e+03
1.627963012695312500e+03
1.929844970703125000e+03
8.566846679687500000e+03
1.453057983398437500e+03
1.796943969726562500e+03
2.736802001953125000e+03
9.376999855041503906e+00
4.204999923706054688e+00
1.426500034332275391e+01
3.338331054687500000e+03
1.142199993133544922e+01
3.250000000000000000e+00
8.490099609375000000e+03
7.701899719238281250e+01
1.991115966796875000e+03
7.073999881744384766e+00
3.740109863281250000e+02
6.168000221252441406e+00
2.831927978515625000e+03
3.213293945312500000e+03
1.096009979248046875e+02
7.297730102539062500e+02
7.839584960937500000e+03
4.882999897003173828e+00
2.665900039672851562e+01
1.959300041198730469e+01
3.192227050781250000e+03
1.351000022888183594e+01
4.273890075683593750e+02
5.772050170898437500e+02
3.356858886718750000e+03
2.082000017166137695e+00
3.206688964843750000e+03
1.071092041015625000e+03
4.102061035156250000e+03
1.771425048828125000e+03
4.276430053710937500e+02
3.775000095367431641e+00
1.207199954986572266e+01
7.191719970703125000e+02
2.244977539062500000e+04
9.295999526977539062e+00
5.239099731445312500e+02
8.656996093750000000e+03
9.184500976562500000e+03
2.838589111328125000e+03
1.724099922180175781e+01
1.219031152343750000e+04
2.063999891281127930e+00
4.692999839782714844e+00
1.504801464843750000e+04
2.032594970703125000e+03
1.069396972656250000e+03
9.611199951171875000e+01
2.284371093750000000e+03
2.706364013671875000e+03
3.640108886718750000e+03
3.522000074386596680e+00
2.229305908203125000e+03
1.845299911499023438e+01
1.839061035156250000e+03
5.929216796875000000e+03
5.968020019531250000e+02
6.057641113281250000e+03
9.423260742187500000e+03
9.616146484375000000e+03
2.228400039672851562e+01
1.513418945312500000e+03
3.535200119018554688e+01
2.729000091552734375e+00
2.743509033203125000e+03
1.003100013732910156e+01
3.743462890625000000e+03
3.266072021484375000e+03
1.283954956054687500e+03
2.359898925781250000e+03
7.427999973297119141e+00
4.828640136718750000e+03
1.146177978515625000e+03
4.992000102996826172e+00
2.042300033569335938e+01
6.751999855041503906e+00
4.675899887084960938e+01
4.448500061035156250e+01
7.172479858398437500e+02
5.412899780273437500e+02
5.013000011444091797e+00
1.650932006835937500e+03
2.901312988281250000e+03
2.083794921875000000e+03
2.174773925781250000e+03
2.243099975585937500e+01
8.045490112304687500e+02
1.093894042968750000e+03
4.636939941406250000e+03
3.961999893188476562e+00
8.959000244140625000e+02
5.875000000000000000e+00
4.201870117187500000e+03
1.889055053710937500e+03
5.333111816406250000e+03
5.879999995231628418e-01
5.830199218750000000e+03
7.375999927520751953e+00
4.774630859375000000e+03
1.029491210937500000e+04
4.912090820312500000e+03
3.492364013671875000e+03
1.817121948242187500e+03
9.692639770507812500e+02
5.477958984375000000e+03
9.532999992370605469e+00
1.195000052452087402e+00
5.638495117187500000e+03
1.090833886718750000e+04
9.802845703125000000e+03
1.186299991607666016e+01
1.184500026702880859e+01
4.080249938964843750e+02
2.003428955078125000e+03
3.841999816894531250e+01
1.072298950195312500e+03
4.054760131835937500e+02
4.409219238281250000e+03
4.452328125000000000e+03
4.020500183105468750e+01
5.133054199218750000e+03
1.177499961853027344e+01
2.748662109375000000e+03
4.831200027465820312e+01
5.482589843750000000e+03
2.054800033569335938e+01
1.134899997711181641e+01
1.516800022125244141e+01
1.423609924316406250e+02
3.888458007812500000e+03
5.918000221252441406e+00
4.409419921875000000e+03
8.631999969482421875e+00
3.573659973144531250e+02
1.466375976562500000e+03
1.665307006835937500e+03
1.391956054687500000e+03
2.004313964843750000e+03
2.518099975585937500e+01
1.278463012695312500e+03
3.064587890625000000e+03
6.579999923706054688e+00
4.748916015625000000e+03
2.120083984375000000e+03
5.637111816406250000e+03
5.647073242187500000e+03
1.052649707031250000e+04
4.623000144958496094e+00
1.716084960937500000e+03
3.129814941406250000e+03
3.656379882812500000e+03
7.135410156250000000e+02
1.714699935913085938e+01
3.193937011718750000e+03
3.269456054687500000e+03
2.178377929687500000e+03
8.161499786376953125e+01
5.644000053405761719e+00
6.835000038146972656e+00
5.861999988555908203e+00
2.364999961853027344e+01
1.794186035156250000e+03
4.963240051269531250e+02
4.038060058593750000e+03
1.462403808593750000e+04
2.604000091552734375e+00
2.715500068664550781e+01
7.264190063476562500e+02
4.034899902343750000e+01
1.834197460937500000e+04
1.141521972656250000e+03
8.248519897460937500e+02
2.291885009765625000e+03
1.821299934387207031e+01
7.519999980926513672e+00
4.196900177001953125e+01
2.809894042968750000e+03
2.421802001953125000e+03
3.911800003051757812e+01
1.048499965667724609e+01
3.489916992187500000e+03
6.251724121093750000e+03
2.354899978637695312e+01
6.190607910156250000e+03
1.866900062561035156e+01
2.936000108718872070e+00
8.732465820312500000e+03
1.105399990081787109e+01
3.341675048828125000e+03
2.941999912261962891e+00
2.841000080108642578e+00
6.709094238281250000e+03
1.894499969482421875e+01
1.672432983398437500e+03
6.589222167968750000e+03
1.310897949218750000e+03
5.483499755859375000e+02
4.374717773437500000e+03
1.683200073242187500e+01
3.904389953613281250e+02
5.577799987792968750e+01
3.655981933593750000e+03
4.389999866485595703e+00
3.936396972656250000e+03
4.303674804687500000e+03
1.707469940185546875e+02
1.775228027343750000e+03
5.745999813079833984e+00
6.389998046875000000e+03
1.553603027343750000e+03
6.895599975585937500e+02
7.735873046875000000e+03
3.108126953125000000e+03
2.192024218750000000e+04
5.747000217437744141e+00
1.015510025024414062e+02
7.866082031250000000e+03
1.330799121093750000e+04
4.472000122070312500e+00
5.771999835968017578e+00
2.039667968750000000e+03
7.028138183593750000e+03
1.302999023437500000e+03
4.718713867187500000e+03
1.087128222656250000e+04
7.489999771118164062e+00
7.781792968750000000e+03
9.939397460937500000e+03
4.552520141601562500e+02
1.734517968750000000e+04
1.052281005859375000e+03
4.211602050781250000e+03
3.877600097656250000e+01
1.090677929687500000e+04
3.493999958038330078e+00
8.062951171875000000e+03
1.300599956512451172e+01
4.162839843750000000e+03
3.784419860839843750e+02
3.514599990844726562e+01
1.002455993652343750e+03
3.924103027343750000e+03
1.639140014648437500e+02
7.426208007812500000e+03
6.446363769531250000e+03
4.731408203125000000e+03
1.991089935302734375e+02
1.421083984375000000e+03
1.144299983978271484e+01
4.780667968750000000e+03
3.754242919921875000e+03
7.687230224609375000e+02
1.330900001525878906e+01
4.566849975585937500e+02
2.423678710937500000e+04
5.099294921875000000e+03
3.581510009765625000e+02
3.302600097656250000e+01
2.607999877929687500e+02
7.178521972656250000e+03
6.984310302734375000e+02
3.554561035156250000e+03
3.279224121093750000e+03
2.302385986328125000e+03
1.850203979492187500e+03
3.048614990234375000e+03
2.003000020980834961e+00
1.206932006835937500e+03
6.903479003906250000e+03
4.022168945312500000e+03
2.445166015625000000e+03
1.925642944335937500e+03
1.597070007324218750e+02
1.051356933593750000e+04
9.223037109375000000e+03
2.465804931640625000e+03
2.597511962890625000e+03
1.442874218750000000e+04
1.206364746093750000e+04
1.578600025177001953e+01
1.215699609375000000e+04
4.070304931640625000e+03
5.716189941406250000e+03
4.623699951171875000e+01
2.238549957275390625e+02
2.723299072265625000e+03
7.594646972656250000e+03
1.479599952697753906e+01
1.876291992187500000e+03
2.124000072479248047e+00
9.014253906250000000e+03
1.127600002288818359e+01
1.047254028320312500e+03
1.956902539062500000e+04
7.787000179290771484e+00
8.100910034179687500e+02
6.803999900817871094e+00
5.259249877929687500e+02
1.056547973632812500e+03
4.034999847412109375e+00
7.708000183105468750e+00
6.611652832031250000e+03
3.735814941406250000e+03
5.466000080108642578e+00
2.178300094604492188e+01
8.238356445312500000e+03
1.049680371093750000e+04
6.067859863281250000e+03
4.198999881744384766e+00
1.377900028228759766e+01
5.055886230468750000e+03
2.099242919921875000e+03
2.566141113281250000e+03
3.546119995117187500e+02
1.587291992187500000e+03
7.440000176429748535e-01
1.290601074218750000e+04
3.913299942016601562e+01
2.279070068359375000e+03
1.305240820312500000e+04
5.129681152343750000e+03
8.156000137329101562e+00
5.695858886718750000e+03
5.670659790039062500e+02
3.107114013671875000e+03
3.472915039062500000e+03
4.790444824218750000e+03
3.830866943359375000e+03
1.021700000762939453e+01
3.832999944686889648e+00
5.599869995117187500e+02
3.731476074218750000e+03
1.074699974060058594e+01
4.078030029296875000e+03
5.538000106811523438e+00
4.939000129699707031e+00
3.624050048828125000e+03
5.745368164062500000e+03
1.583360351562500000e+04
7.162670898437500000e+03
3.387511962890625000e+03
1.003515014648437500e+03
8.885999679565429688e+00
2.168562011718750000e+03
1.911723999023437500e+03
6.513999938964843750e+00
1.471240820312500000e+04
4.414912109375000000e+03
1.030818969726562500e+03
9.209569702148437500e+02
2.277335937500000000e+03
1.272045043945312500e+03
2.625999927520751953e+00
2.440858886718750000e+03
4.348899841308593750e+01
4.255844238281250000e+03
1.173451074218750000e+04
1.745936035156250000e+03
3.277800048828125000e+03
4.083720947265625000e+03
5.415000152587890625e+01
8.211820068359375000e+02
2.704400062561035156e+01
6.200842773437500000e+03
2.224281982421875000e+03
5.911607910156250000e+03
2.028406982421875000e+03
2.919200134277343750e+02
3.219474121093750000e+03
3.323242919921875000e+03
7.327548828125000000e+03
6.363495117187500000e+03
7.317278808593750000e+03
3.079951904296875000e+03
8.093800354003906250e+01
8.228680664062500000e+03
8.385000228881835938e+00
4.337132812500000000e+03
9.871389770507812500e+02
3.853720092773437500e+02
1.296500015258789062e+01
5.757999897003173828e+00
6.708000183105468750e+00
4.500476074218750000e+03
8.127100372314453125e+01
1.630558691406250000e+04
1.356700038909912109e+01
3.454895996093750000e+03
2.722281982421875000e+03
1.473380004882812500e+03
3.481343017578125000e+03
7.369240112304687500e+02
3.287968994140625000e+03
4.309999942779541016e+00
1.063785034179687500e+03
4.046830078125000000e+03
1.857299995422363281e+01
1.976999998092651367e+00
4.439000129699707031e+00
2.707335937500000000e+03
3.507961914062500000e+03
4.713034179687500000e+03
6.182958984375000000e+03
1.837000012397766113e+00
3.299900054931640625e+01
3.440999984741210938e+00
8.670999526977539062e+00
3.832709960937500000e+03
2.607000112533569336e+00
6.119047851562500000e+03
4.334689941406250000e+02
8.951999664306640625e+00
1.020899963378906250e+01
1.345305053710937500e+03
7.221825195312500000e+03
1.211144042968750000e+03
3.198999881744384766e+00
6.802713867187500000e+03
4.966799926757812500e+01
8.064489746093750000e+02
5.456524902343750000e+03
4.351130065917968750e+02
6.995658203125000000e+03
3.977420043945312500e+02
1.919397949218750000e+03
6.210887207031250000e+03
7.391810302734375000e+02
7.401123046875000000e+03
4.952814941406250000e+03
7.660999774932861328e+00
2.755800056457519531e+01
5.324858886718750000e+03
9.859717773437500000e+03
3.457762939453125000e+03
2.744180908203125000e+03
4.991554199218750000e+03
1.764068554687500000e+04
3.105781982421875000e+03
1.582000017166137695e+00
9.252600097656250000e+02
3.671000061035156250e+02
7.419530029296875000e+02
3.737810058593750000e+03
3.936462890625000000e+03
5.113290100097656250e+02
5.314899826049804688e+01
1.480525024414062500e+03
2.909134033203125000e+03
7.950634765625000000e+03
2.510999917984008789e+00
8.867249755859375000e+02
1.768081054687500000e+03
1.534000039100646973e+00
3.480699920654296875e+01
3.954912109375000000e+03
6.827799804687500000e+03
5.703099822998046875e+01
2.613425048828125000e+03
1.628921020507812500e+03
3.144594970703125000e+03
4.599005859375000000e+03
8.142212890625000000e+03
1.267765014648437500e+03
5.603879882812500000e+03
1.098900032043457031e+01
2.458510009765625000e+03
6.023058105468750000e+03
6.985105957031250000e+03
9.838680664062500000e+03
9.938070068359375000e+02
3.079899978637695312e+01
1.376027954101562500e+03
6.339337890625000000e+03
4.028626953125000000e+03
3.885221923828125000e+03
2.804739013671875000e+03
1.044386962890625000e+03
5.994999885559082031e+00
2.791849975585937500e+02
2.338890075683593750e+02
3.318389892578125000e+03
7.881999969482421875e+00
1.266890991210937500e+03
9.947650146484375000e+02
9.501361328125000000e+03
2.785610107421875000e+03
4.922999858856201172e+00
2.496199989318847656e+01
9.800891601562500000e+03
7.109000205993652344e+00
2.158457031250000000e+03
9.000000000000000000e+00
6.059999942779541016e+00
2.349708007812500000e+03
4.446000099182128906e+00
4.785799804687500000e+03
1.735416015625000000e+03
4.557000160217285156e+00
1.394844970703125000e+03
4.069033935546875000e+03
2.821071044921875000e+03
2.495199966430664062e+01
1.700799942016601562e+01
1.618300056457519531e+01
1.121786523437500000e+04
2.524099922180175781e+01
3.303999900817871094e+00
3.047390136718750000e+02
3.471999883651733398e+00
2.430258593750000000e+04
8.286678710937500000e+03
1.380453002929687500e+03
1.004800033569335938e+01
1.307440032958984375e+02
1.299620898437500000e+04
6.453999996185302734e+00
2.633928955078125000e+03
3.734999895095825195e+00
6.710000038146972656e+00
2.369899940490722656e+01
1.780837036132812500e+03
1.358288574218750000e+04
6.171510009765625000e+02
7.932208007812500000e+03
7.311166015625000000e+03
3.841275878906250000e+03
1.140074023437500000e+04
6.789570800781250000e+03
6.115200042724609375e+01
1.007999992370605469e+01
2.277099990844726562e+01
3.061345947265625000e+03
5.812625000000000000e+03
2.100254882812500000e+03
3.254199981689453125e+01
1.300629028320312500e+03
3.082906982421875000e+03
3.607985107421875000e+03
3.813822998046875000e+03
3.811000061035156250e+01
3.088999986648559570e+00
5.493000030517578125e+00
1.626999974250793457e+00
4.681600189208984375e+01
5.121562988281250000e+03
8.268950195312500000e+02
2.871999931335449219e+01
1.471702026367187500e+03
1.357499980926513672e+01
