9.770011718750000000e+03
1.047279968261718750e+02
3.337350097656250000e+03
4.974784179687500000e+03
4.923250000000000000e+03
4.438000202178955078e+00
5.815299987792968750e+01
2.137960052490234375e+02
8.192000389099121094e+00
1.380426025390625000e+03
1.256026000976562500e+03
1.361770019531250000e+02
8.996000289916992188e+00
4.931498046875000000e+03
8.890020141601562500e+02
7.877189941406250000e+02
2.161156982421875000e+03
1.234993066406250000e+04
4.764574218750000000e+03
3.500063964843750000e+03
3.202399826049804688e+01
4.403828125000000000e+03
4.267940063476562500e+02
1.904587036132812500e+03
1.527089965820312500e+03
5.602270996093750000e+03
1.245946044921875000e+03
2.596699905395507812e+01
7.037759765625000000e+03
2.434810028076171875e+02
1.032263964843750000e+04
9.644680175781250000e+02
1.858471093750000000e+04
7.864999771118164062e+00
3.860599899291992188e+01
1.111588012695312500e+03
3.114100074768066406e+01
6.059221191406250000e+03
2.546349121093750000e+03
1.218375976562500000e+03
1.072901000976562500e+03
2.451609954833984375e+02
8.923350585937500000e+03
5.785200119018554688e+01
1.189466601562500000e+04
3.826717041015625000e+03
6.399872070312500000e+03
1.356431152343750000e+04
2.243800048828125000e+02
1.849655029296875000e+03
6.639026855468750000e+03
1.529078979492187500e+03
6.954949951171875000e+02
4.504000186920166016e+00
2.896359863281250000e+02
9.166880859375000000e+03
5.894333984375000000e+03
7.294459838867187500e+02
3.511752929687500000e+03
1.692144726562500000e+04
1.518061718750000000e+04
4.729305175781250000e+03
7.500756835937500000e+03
1.556270996093750000e+03
1.398666015625000000e+03
1.415799999237060547e+01
1.844045043945312500e+03
8.043209838867187500e+02
1.191899967193603516e+01
1.332699966430664062e+01
1.141871875000000000e+04
9.304440429687500000e+03
6.601444824218750000e+03
4.678115234375000000e+03
2.003130004882812500e+03
1.756232812500000000e+04
7.725999832153320312e+00
1.488000035285949707e+00
1.330970001220703125e+02
9.915626953125000000e+03
7.080502929687500000e+03
5.979479980468750000e+03
5.753300094604492188e+01
2.104420013427734375e+02
2.978118896484375000e+03
2.128569946289062500e+02
1.282897460937500000e+04
2.234830078125000000e+03
1.096500015258789062e+01
2.559000015258789062e+00
2.102266113281250000e+03
2.668656445312500000e+04
5.700246093750000000e+03
3.610289916992187500e+02
6.162787109375000000e+03
2.965769042968750000e+03
3.413000106811523438e+00
1.784579925537109375e+02
4.016899871826171875e+01
1.845999956130981445e+00
1.163912304687500000e+04
6.976563964843750000e+03
4.680617187500000000e+03
1.554800033569335938e+01
5.347140136718750000e+03
5.436999797821044922e+00
2.430513916015625000e+03
2.089147949218750000e+03
8.056797851562500000e+03
8.189907226562500000e+03
3.501200103759765625e+01
3.806000137329101562e+01
2.765481933593750000e+03
1.117781005859375000e+03
5.649609985351562500e+02
1.991545043945312500e+03
5.229625000000000000e+03
4.154879882812500000e+03
1.008164978027343750e+03
8.522969970703125000e+02
7.086999893188476562e+00
2.656990051269531250e+02
2.659600067138671875e+01
7.339000225067138672e+00
1.273799991607666016e+01
7.531400299072265625e+01
6.107240234375000000e+03
4.965239868164062500e+02
9.279999732971191406e-01
5.911334960937500000e+03
9.683271484375000000e+03
2.957938964843750000e+03
4.765669921875000000e+03
3.651530151367187500e+02
6.328000068664550781e+00
6.213779907226562500e+02
2.548600006103515625e+01
4.690257812500000000e+03
7.422999858856201172e+00
2.560600090026855469e+01
4.364207031250000000e+03
2.074570068359375000e+03
3.076875000000000000e+03
2.180836914062500000e+03
3.160000085830688477e+00
6.082799911499023438e+01
8.824121093750000000e+03
1.967310028076171875e+02
7.140393066406250000e+03
3.791865966796875000e+03
1.260000038146972656e+01
6.026000022888183594e+00
2.632950927734375000e+03
7.390000224113464355e-01
1.168349990844726562e+02
1.418986816406250000e+04
2.791479980468750000e+03
1.054228027343750000e+03
2.392306884765625000e+03
2.028439941406250000e+02
3.496999979019165039e+00
1.697120703125000000e+04
2.138742919921875000e+03
4.476900024414062500e+02
1.033300018310546875e+01
6.985452148437500000e+03
1.116199970245361328e+01
4.631759765625000000e+03
3.771069946289062500e+02
1.184672070312500000e+04
6.474999904632568359e+00
7.354189941406250000e+03
5.550000190734863281e+00
2.411660888671875000e+03
2.942600059509277344e+01
9.024999618530273438e+00
4.062483886718750000e+03
6.840000152587890625e-01
8.098829956054687500e+02
4.541663085937500000e+03
1.747400093078613281e+01
4.080999851226806641e+00
1.570213989257812500e+03
3.716541015625000000e+03
1.778318969726562500e+03
3.076479003906250000e+03
5.941464843750000000e+03
1.088402954101562500e+03
2.755133056640625000e+03
7.995999813079833984e+00
4.277898925781250000e+03
3.502132080078125000e+03
7.199918945312500000e+03
8.635358398437500000e+03
1.061214453125000000e+04
6.925929199218750000e+03
8.388790283203125000e+02
1.197145019531250000e+03
5.661199951171875000e+01
7.625650878906250000e+03
2.028257226562500000e+04
1.017601660156250000e+04
1.771999955177307129e+00
3.613229980468750000e+02
8.706800079345703125e+01
1.083421020507812500e+03
4.926605957031250000e+03
1.770677001953125000e+03
4.030281982421875000e+03
3.303479919433593750e+02
7.096306152343750000e+03
1.778359985351562500e+02
5.096119995117187500e+02
6.706192871093750000e+03
7.046979980468750000e+03
5.315000057220458984e+00
1.380948974609375000e+03
4.575985839843750000e+03
4.586910095214843750e+02
9.428994140625000000e+03
4.316400146484375000e+01
1.223865966796875000e+03
8.331770019531250000e+02
1.026428027343750000e+04
7.433000087738037109e+00
1.596411230468750000e+04
4.875450195312500000e+03
6.684086914062500000e+03
2.408492919921875000e+03
2.361000061035156250e+00
3.843552001953125000e+03
1.790956054687500000e+03
3.176313964843750000e+03
1.572595947265625000e+03
6.877340087890625000e+02
4.929105957031250000e+03
2.505000114440917969e+00
1.294499969482421875e+01
5.275459960937500000e+03
2.886923095703125000e+03
1.137389648437500000e+04
1.152483032226562500e+03
6.052999023437500000e+03
3.968620117187500000e+03
2.278476074218750000e+03
3.061690917968750000e+03
1.188559570312500000e+04
9.507509765625000000e+02
2.338999986648559570e+00
8.488099670410156250e+01
5.030756835937500000e+03
6.703000068664550781e+00
1.052200031280517578e+01
7.500525878906250000e+03
4.787945800781250000e+03
2.580969970703125000e+03
1.047000050544738770e+00
1.002231018066406250e+03
5.387372070312500000e+03
2.888987060546875000e+03
2.716799926757812500e+02
3.099999904632568359e+00
3.949930114746093750e+02
4.539953125000000000e+03
3.323959960937500000e+02
3.128999948501586914e+00
5.135000228881835938e+00
7.300521972656250000e+03
4.529399902343750000e+03
1.782791406250000000e+04
3.778178955078125000e+03
2.326679992675781250e+02
6.224999904632568359e+00
1.281614990234375000e+03
3.134999990463256836e+00
1.021552001953125000e+03
2.314320068359375000e+02
9.308222656250000000e+03
4.368413085937500000e+03
9.896849975585937500e+02
7.084639892578125000e+02
1.019026855468750000e+04
5.602334960937500000e+03
2.386089935302734375e+02
1.908399963378906250e+01
4.177999973297119141e+00
6.169000148773193359e+00
1.102499961853027344e+01
1.651199913024902344e+01
2.340968994140625000e+03
9.315999984741210938e+00
7.700975097656250000e+03
4.024000167846679688e+00
3.166720947265625000e+03
2.608000040054321289e+00
5.086310119628906250e+02
5.519056152343750000e+03
2.770627929687500000e+03
3.654800033569335938e+01
3.757359924316406250e+02
1.543765014648437500e+03
3.456716064453125000e+03
1.111699962615966797e+01
2.635690002441406250e+02
4.216099929809570312e+01
1.102975952148437500e+03
2.343130035400390625e+02
5.658999919891357422e+00
6.140756835937500000e+03
3.782991943359375000e+03
3.505406005859375000e+03
3.883200073242187500e+01
4.309000015258789062e+00
1.004111999511718750e+03
2.663500022888183594e+01
3.914000034332275391e+00
4.963564941406250000e+03
3.239000082015991211e+00
8.869509887695312500e+02
2.497999906539916992e+00
2.444285888671875000e+03
1.171286010742187500e+03
3.976999998092651367e+00
2.656511962890625000e+03
4.299141113281250000e+03
5.419779785156250000e+03
6.855999946594238281e+00
1.467099952697753906e+01
6.426690917968750000e+03
9.175000000000000000e+01
6.834425781250000000e+03
2.393679931640625000e+03
8.078000068664550781e+00
8.385999679565429688e+00
1.832622460937500000e+04
1.478727539062500000e+04
9.295222656250000000e+03
4.791178222656250000e+03
4.990715820312500000e+03
6.535358886718750000e+03
9.821999549865722656e+00
1.247900009155273438e+01
6.772158203125000000e+03
7.462999820709228516e+00
4.383148925781250000e+03
2.909914062500000000e+03
7.697919921875000000e+02
7.249000072479248047e+00
3.575000047683715820e+00
6.537937011718750000e+03
5.336000061035156250e+01
1.614440002441406250e+02
1.515070037841796875e+02
6.675000190734863281e+00
1.009609765625000000e+04
1.734760986328125000e+03
4.406996093750000000e+03
5.536481933593750000e+03
5.202000141143798828e+00
1.179995971679687500e+03
1.205317187500000000e+04
1.359000976562500000e+03
5.936999797821044922e+00
2.490018066406250000e+03
4.496301757812500000e+03
1.010299968719482422e+01
9.635369873046875000e+02
1.263333984375000000e+03
1.768000000000000000e+03
1.087680053710937500e+03
2.858399963378906250e+01
2.080367919921875000e+03
3.369773925781250000e+03
2.171699905395507812e+01
1.169886328125000000e+04
6.176257812500000000e+03
1.286142285156250000e+04
5.826079711914062500e+02
1.570699977874755859e+01
3.061097900390625000e+03
2.722125976562500000e+03
1.036800003051757812e+01
7.673568847656250000e+03
1.219299983978271484e+01
5.243503906250000000e+03
5.784416015625000000e+03
2.315357421875000000e+04
5.028999805450439453e+00
2.782940063476562500e+02
5.862479858398437500e+02
2.965648925781250000e+03
4.015371093750000000e+03
5.231999874114990234e+00
4.788186035156250000e+03
7.539000034332275391e+00
1.132910546875000000e+04
8.161000251770019531e+00
1.520556030273437500e+03
1.002600002288818359e+01
2.245915039062500000e+03
1.289654052734375000e+03
4.430767089843750000e+03
1.645000076293945312e+01
3.011843017578125000e+03
2.300811035156250000e+03
1.421000003814697266e+01
2.252490966796875000e+03
2.529599952697753906e+01
1.304673144531250000e+04
3.289999961853027344e+00
7.722000122070312500e+01
8.284210205078125000e+02
2.658811035156250000e+03
1.964100074768066406e+01
3.551959960937500000e+03
6.843359863281250000e+03
4.160300064086914062e+01
7.401079711914062500e+02
9.786829833984375000e+02
1.689000010490417480e+00
1.345400047302246094e+01
6.545000076293945312e+00
5.899684082031250000e+03
1.050703906250000000e+04
1.061438964843750000e+04
4.161275878906250000e+03
9.391879882812500000e+02
1.705599975585937500e+02
7.974900054931640625e+01
1.588602050781250000e+03
2.250288085937500000e+03
7.536869140625000000e+03
2.667999982833862305e+00
1.274991894531250000e+04
2.727000045776367188e+01
5.148930053710937500e+02
6.705166992187500000e+03
2.692413085937500000e+03
2.380559997558593750e+02
1.159000015258789062e+01
5.421999931335449219e+00
1.214912963867187500e+03
1.300679931640625000e+02
1.153676025390625000e+03
2.491077880859375000e+03
6.761983886718750000e+03
7.201662109375000000e+03
4.396999835968017578e+00
1.056520019531250000e+03
2.694812011718750000e+03
6.006939941406250000e+03
2.129899978637695312e+01
7.932858886718750000e+03
1.477288671875000000e+04
4.636183105468750000e+03
6.395277832031250000e+03
8.349999785423278809e-01
6.918800048828125000e+02
7.417520141601562500e+02
3.379510986328125000e+03
4.815000057220458984e+00
5.676779785156250000e+03
5.018299865722656250e+01
3.348810058593750000e+03
1.084700012207031250e+01
2.672299957275390625e+01
2.798965087890625000e+03
6.428999900817871094e+00
2.271218994140625000e+03
4.018125976562500000e+03
2.074112060546875000e+03
5.852683105468750000e+03
6.355000019073486328e+00
3.314779052734375000e+03
5.602030029296875000e+02
1.040655957031250000e+04
1.962583984375000000e+03
4.677709960937500000e+03
1.359899121093750000e+04
8.141944824218750000e+03
3.866875000000000000e+03
1.503899955749511719e+01
1.844279937744140625e+02
5.187119140625000000e+03
6.730000019073486328e+00
1.582140014648437500e+03
5.378920288085937500e+02
1.098833984375000000e+03
1.885563964843750000e+03
2.094178955078125000e+03
6.435999870300292969e+00
7.494999885559082031e+00
1.948357055664062500e+03
3.550580139160156250e+02
5.241199874877929688e+01
1.853755004882812500e+03
8.741558593750000000e+03
3.927743896484375000e+03
9.856909790039062500e+02
2.624916015625000000e+03
4.728080139160156250e+02
3.145149902343750000e+03
4.895999908447265625e+00
2.673893066406250000e+03
2.013800048828125000e+01
1.763899993896484375e+01
7.793969726562500000e+02
2.688815917968750000e+03
1.798170117187500000e+04
3.273918945312500000e+03
4.530198242187500000e+03
4.343605957031250000e+03
5.965000152587890625e+00
9.091699829101562500e+02
1.627400016784667969e+01
1.608300018310546875e+01
1.149100017547607422e+01
5.957224121093750000e+03
9.466950195312500000e+03
8.442470092773437500e+02
1.559000015258789062e+00
3.044198974609375000e+03
1.562058959960937500e+03
5.813821777343750000e+03
6.227054199218750000e+03
1.235370312500000000e+04
2.772000074386596680e+00
5.034387207031250000e+03
1.705999970436096191e+00
3.131680908203125000e+03
5.518000125885009766e+00
2.077660064697265625e+02
1.331891113281250000e+04
1.598392944335937500e+03
9.817020263671875000e+02
4.678399963378906250e+02
1.857845947265625000e+03
6.043000221252441406e+00
8.353540039062500000e+02
9.853090209960937500e+02
6.979140014648437500e+02
1.369299983978271484e+01
1.107233032226562500e+03
6.364099884033203125e+01
1.062300014495849609e+01
8.449110107421875000e+02
9.117721679687500000e+03
2.071538085937500000e+03
1.423415039062500000e+03
6.629999876022338867e-01
7.547399902343750000e+01
7.769200134277343750e+01
3.853980957031250000e+03
3.363208007812500000e+03
2.354105468750000000e+04
1.266000032424926758e+00
9.473851562500000000e+03
4.492742187500000000e+03
9.760999679565429688e+00
8.830609741210937500e+02
2.303934082031250000e+03
1.429696044921875000e+03
3.697000026702880859e+00
2.914987060546875000e+03
7.523415039062500000e+03
1.360999941825866699e+00
1.936782958984375000e+03
1.685332226562500000e+04
4.252521972656250000e+03
1.201399993896484375e+01
8.022327148437500000e+03
3.730269042968750000e+03
1.821519042968750000e+03
9.761100006103515625e+01
2.876767089843750000e+03
1.295732055664062500e+03
1.389700031280517578e+01
2.802498046875000000e+03
3.593899917602539062e+01
9.890599975585937500e+02
6.316999912261962891e+00
2.788000106811523438e+00
7.387100219726562500e+01
4.730103027343750000e+03
9.715999603271484375e+00
7.727831054687500000e+03
1.330957226562500000e+04
9.673649902343750000e+02
3.829999923706054688e+00
2.374000072479248047e+00
1.477161010742187500e+03
3.115800094604492188e+01
3.996999979019165039e+00
7.515999794006347656e+00
4.946740234375000000e+03
4.350270019531250000e+03
2.418810058593750000e+03
2.505930023193359375e+02
1.865467578125000000e+04
2.344358886718750000e+03
2.051899909973144531e+01
4.831999778747558594e+00
7.040743164062500000e+03
4.973318847656250000e+03
1.376641967773437500e+03
6.783999919891357422e+00
3.881544921875000000e+03
1.451800488281250000e+04
5.466533203125000000e+03
6.144000053405761719e+00
3.069550048828125000e+03
5.463499832153320312e+01
1.659422973632812500e+03
1.617900085449218750e+01
6.377429199218750000e+03
1.386938964843750000e+03
5.406492187500000000e+03
1.013424023437500000e+04
4.823756835937500000e+03
3.377000093460083008e+00
1.398200035095214844e+01
4.878345214843750000e+03
5.585527832031250000e+03
4.137000083923339844e+00
2.067662109375000000e+03
7.700186035156250000e+03
9.062000274658203125e+00
8.395000457763671875e+00
1.386209960937500000e+03
1.352052001953125000e+03
8.535659790039062500e+02
2.405999898910522461e+00
2.400051025390625000e+03
7.538913085937500000e+03
2.529999971389770508e+00
2.646086914062500000e+03
1.654199981689453125e+01
1.488999962806701660e+00
1.477137011718750000e+04
1.401936035156250000e+03
7.730000019073486328e+00
5.411316894531250000e+03
4.201699829101562500e+01
4.531000137329101562e+00
2.514730072021484375e+02
9.161170043945312500e+02
6.788543945312500000e+03
4.241000175476074219e+00
3.475600051879882812e+01
1.301583007812500000e+03
8.086999893188476562e+00
5.175000190734863281e+00
2.958677978515625000e+03
6.271514160156250000e+03
2.086629882812500000e+03
3.289199829101562500e+01
2.526002929687500000e+03
1.819688964843750000e+03
8.373999595642089844e+00
1.645037890625000000e+04
5.143186035156250000e+03
5.205400878906250000e+03
2.839237060546875000e+03
1.765927978515625000e+03
9.494630126953125000e+02
1.985000000000000000e+02
8.407999992370605469e+00
2.178700065612792969e+01
5.368033203125000000e+03
3.028482910156250000e+03
2.630200004577636719e+01
2.639270996093750000e+03
9.081179809570312500e+02
9.571704101562500000e+03
7.785999774932861328e+00
1.898000001907348633e+00
6.916999816894531250e+00
5.267000198364257812e+00
1.606900024414062500e+03
6.492000102996826172e+00
1.736599922180175781e+01
4.831820068359375000e+02
7.366000175476074219e+00
2.323239990234375000e+03
9.680999755859375000e+00
3.477647949218750000e+03
5.690168945312500000e+03
2.168222900390625000e+03
3.241799926757812500e+01
7.335162109375000000e+03
1.349996679687500000e+04
6.343495117187500000e+03
9.652590820312500000e+03
2.111400032043457031e+01
6.933060302734375000e+02
1.024100017547607422e+01
3.145820007324218750e+02
4.402431152343750000e+03
2.992783935546875000e+03
6.422999858856201172e+00
1.920247851562500000e+04
1.040241943359375000e+03
1.362187988281250000e+03
9.181291992187500000e+03
1.260490036010742188e+02
7.148066894531250000e+03
2.096999883651733398e+00
1.064200019836425781e+01
3.123299980163574219e+01
3.833100128173828125e+01
1.570447998046875000e+03
1.217199993133544922e+01
3.565900039672851562e+01
9.819999933242797852e-01
5.109146972656250000e+03
7.736929931640625000e+02
2.197100067138671875e+01
5.404341796875000000e+03
2.128999948501586914e+00
3.319100189208984375e+01
2.119382080078125000e+03
3.886489868164062500e+02
4.692266113281250000e+03
4.408846191406250000e+03
1.047999707031250000e+04
3.175100097656250000e+02
4.032892089843750000e+03
1.824589996337890625e+02
3.568233886718750000e+03
1.190900039672851562e+01
2.859049987792968750e+02
6.182229980468750000e+03
4.076000213623046875e+00
4.084000110626220703e+00
2.518833984375000000e+03
2.491615966796875000e+03
4.321549804687500000e+03
4.716542968750000000e+03
4.526000022888183594e+00
1.979550048828125000e+03
9.379672851562500000e+03
4.508910156250000000e+03
7.883999824523925781e+00
3.904271972656250000e+03
1.063035034179687500e+03
3.213780029296875000e+03
1.141000032424926758e+00
3.104016113281250000e+03
3.190099906921386719e+01
2.975363037109375000e+03
5.580699920654296875e+01
9.883773437500000000e+03
2.996999979019165039e+00
1.441089935302734375e+02
1.440933691406250000e+04
6.781630859375000000e+03
2.235358886718750000e+03
4.303562988281250000e+03
2.160352050781250000e+03
8.691055664062500000e+03
1.673796484375000000e+04
3.183211914062500000e+03
2.816849975585937500e+02
2.814906005859375000e+03
1.295982055664062500e+03
3.047762939453125000e+03
7.751019042968750000e+03
4.572267089843750000e+03
2.321100044250488281e+01
3.992274902343750000e+03
8.504272460937500000e+03
2.510165039062500000e+03
3.935285888671875000e+03
6.904399871826171875e+01
4.043542968750000000e+03
1.828070068359375000e+02
5.995999813079833984e+00
4.506999969482421875e+00
1.154151660156250000e+04
6.315815917968750000e+03
1.398985961914062500e+03
6.693676757812500000e+03
1.900199951171875000e+03
1.357192993164062500e+03
1.854989929199218750e+02
1.068700027465820312e+01
1.014290008544921875e+02
2.112089996337890625e+02
1.233800029754638672e+01
9.873215820312500000e+03
4.097000122070312500e+00
1.396000027656555176e+00
2.511100006103515625e+01
3.596825927734375000e+03
1.137229003906250000e+03
7.199999809265136719e+00
5.912500000000000000e+01
1.174616406250000000e+04
3.124072998046875000e+03
4.184000015258789062e+00
6.062600097656250000e+02
1.852912963867187500e+03
1.747910034179687500e+03
4.650639953613281250e+02
2.103962890625000000e+03
5.300000190734863281e+00
5.029922851562500000e+03
1.347350292968750000e+04
5.778999805450439453e+00
4.554499816894531250e+01
5.881999969482421875e+00
4.025699996948242188e+01
1.475915039062500000e+03
2.857992919921875000e+03
1.727750000000000000e+03
1.338000059127807617e+00
7.765999794006347656e+00
4.051000118255615234e+00
1.527900028228759766e+01
2.868597900390625000e+03
3.788801025390625000e+03
6.125780029296875000e+02
6.444349975585937500e+02
9.563159790039062500e+02
1.287006640625000000e+04
3.683420104980468750e+02
1.920561035156250000e+03
1.460799980163574219e+01
2.111951904296875000e+03
8.838000297546386719e+00
4.830727050781250000e+03
2.117720031738281250e+02
6.945539062500000000e+03
2.542699951171875000e+03
2.093606933593750000e+03
1.008330993652343750e+03
2.779878906250000000e+03
6.555982910156250000e+03
4.795528808593750000e+03
3.211640014648437500e+02
7.046868164062500000e+03
9.862375976562500000e+03
6.925120239257812500e+02
4.309176757812500000e+03
1.160993041992187500e+03
1.664999961853027344e+01
6.983158203125000000e+03
4.694561035156250000e+03
5.977418945312500000e+03
1.011206970214843750e+03
7.817497070312500000e+03
3.607950134277343750e+02
2.929299926757812500e+01
2.383999938964843750e+02
2.283999919891357422e+00
9.524780273437500000e+02
2.108000040054321289e+00
3.891040039062500000e+02
5.799973144531250000e+03
6.032785156250000000e+03
1.179095947265625000e+03
4.247800064086914062e+01
2.768982910156250000e+03
7.679487792968750000e+03
4.823999881744384766e+00
2.767325927734375000e+03
1.538399982452392578e+01
2.726715087890625000e+03
1.652238037109375000e+03
1.248800000000000000e+04
1.415207031250000000e+03
3.352553955078125000e+03
1.306782519531250000e+04
2.387989959716796875e+02
3.357000112533569336e+00
2.617488037109375000e+03
5.062690124511718750e+02
2.562999963760375977e+00
1.177532958984375000e+03
3.126534912109375000e+03
1.090699958801269531e+01
2.311179962158203125e+02
9.402999877929687500e+00
6.942089843750000000e+02
4.988573242187500000e+03
5.370060058593750000e+03
5.435066894531250000e+03
2.769374023437500000e+03
7.923999786376953125e+00
6.953670898437500000e+03
1.275286010742187500e+03
1.001612890625000000e+04
6.208000183105468750e+00
1.728336059570312500e+03
3.822000026702880859e+00
2.974999904632568359e+00
1.216699981689453125e+01
3.368399810791015625e+01
1.126962036132812500e+03
2.421000003814697266e+00
3.373882080078125000e+03
1.344259948730468750e+02
8.904999732971191406e+00
8.338818359375000000e+03
4.325096191406250000e+03
3.439379882812500000e+02
5.721129760742187500e+02
3.887000083923339844e+00
6.724999904632568359e+00
1.097000026702880859e+01
9.345869750976562500e+02
1.161545043945312500e+03
3.235083007812500000e+03
6.848450195312500000e+03
1.429500007629394531e+01
1.572299957275390625e+01
5.439489746093750000e+02
2.934911523437500000e+04
5.640999794006347656e+00
5.244999885559082031e+00
5.967109863281250000e+03
1.777745971679687500e+03
3.253204101562500000e+03
3.698287109375000000e+03
4.206675781250000000e+03
1.605763867187500000e+04
8.553000450134277344e+00
4.478770996093750000e+03
3.881430908203125000e+03
2.178999900817871094e+00
2.702499961853027344e+01
5.665280761718750000e+03
2.879012939453125000e+03
4.724018066406250000e+03
1.521300029754638672e+01
2.733489013671875000e+03
9.524029296875000000e+03
2.064191894531250000e+03
5.316967773437500000e+03
3.012870117187500000e+03
1.473000049591064453e+00
1.382550048828125000e+02
1.996999931335449219e+01
9.933033203125000000e+03
1.624718017578125000e+03
4.150000095367431641e+00
1.690399932861328125e+01
2.193000078201293945e+00
9.642000198364257812e+00
6.270652832031250000e+03
1.725875976562500000e+03
1.571963012695312500e+03
8.428610229492187500e+02
6.665991210937500000e+03
4.669779968261718750e+02
1.101942993164062500e+03
2.997999906539916992e+00
6.261000156402587891e+00
6.293380126953125000e+02
1.154999971389770508e+00
2.690573974609375000e+03
2.592300033569335938e+01
1.291534057617187500e+03
4.327311035156250000e+03
2.125805908203125000e+03
2.494793945312500000e+03
4.870736816406250000e+03
1.182000041007995605e+00
7.084719848632812500e+02
6.671329101562500000e+03
5.568000030517578125e+01
8.212797851562500000e+03
6.529308105468750000e+03
6.147199707031250000e+02
6.777999877929687500e+00
2.443823974609375000e+03
1.559204956054687500e+03
6.076491210937500000e+03
6.074899902343750000e+03
4.768000125885009766e+00
1.482900047302246094e+01
2.229460937500000000e+03
1.815800018310546875e+02
2.479300048828125000e+03
1.796699905395507812e+01
8.205540161132812500e+02
2.597200012207031250e+01
1.338999986648559570e+00
1.440672973632812500e+03
5.132063964843750000e+03
1.632593652343750000e+04
1.078590011596679688e+02
7.018129882812500000e+02
1.134200000762939453e+01
3.658334960937500000e+03
1.747699928283691406e+01
4.670000076293945312e+00
6.914684082031250000e+03
5.847490234375000000e+02
1.436520996093750000e+03
