6.448660278320312500e+02
2.195410003662109375e+02
1.190318969726562500e+03
1.200900024414062500e+03
1.332590026855468750e+02
9.617500305175781250e+01
6.261299896240234375e+01
6.627630004882812500e+02
9.317290039062500000e+02
2.673000097274780273e+00
4.175450195312500000e+03
1.840626953125000000e+03
1.585535034179687500e+03
1.246906005859375000e+03
4.750533203125000000e+03
1.163920043945312500e+03
7.187020263671875000e+02
8.055040283203125000e+02
3.373630065917968750e+02
8.515449829101562500e+02
2.177077880859375000e+03
2.500870056152343750e+02
3.741310119628906250e+02
2.525559997558593750e+02
2.968710021972656250e+02
1.663649047851562500e+03
1.229359970092773438e+02
1.578130981445312500e+03
1.162994995117187500e+03
1.002921997070312500e+03
3.399677001953125000e+03
3.731730041503906250e+02
2.637399902343750000e+02
6.393920288085937500e+02
1.423913940429687500e+03
1.958071044921875000e+03
1.956615966796875000e+03
1.139609985351562500e+02
4.648515136718750000e+03
2.045874023437500000e+03
3.233831054687500000e+03
8.114500122070312500e+02
1.073800048828125000e+03
1.007783203125000000e+04
1.326439971923828125e+02
1.239130004882812500e+03
4.142479858398437500e+02
1.642270019531250000e+03
1.031612060546875000e+03
6.994400024414062500e+01
9.530000090599060059e-01
8.026591796875000000e+03
8.114489746093750000e+02
1.924021972656250000e+03
6.485388183593750000e+03
1.375952026367187500e+03
1.880200042724609375e+02
1.397460021972656250e+02
4.723089904785156250e+02
9.029006835937500000e+03
4.492449951171875000e+02
8.384879760742187500e+02
8.486399841308593750e+01
2.004100036621093750e+01
7.551300048828125000e+02
2.725232910156250000e+03
2.134239990234375000e+03
1.567758056640625000e+03
6.800969848632812500e+02
7.370339965820312500e+02
1.360062988281250000e+03
1.871712036132812500e+03
4.659289855957031250e+02
2.138768066406250000e+03
2.066660888671875000e+03
6.604000091552734375e+00
2.640637939453125000e+03
2.031320037841796875e+02
9.285089721679687500e+02
3.074717041015625000e+03
2.375599975585937500e+02
1.299327026367187500e+03
2.178954101562500000e+03
4.283100128173828125e+01
5.731790161132812500e+02
2.766802001953125000e+03
7.563969726562500000e+02
1.609468994140625000e+03
4.190299987792968750e+01
9.395089721679687500e+02
4.597000122070312500e+01
6.433900146484375000e+02
1.620559997558593750e+02
8.898800048828125000e+02
1.383289947509765625e+02
2.571950073242187500e+02
1.800703979492187500e+03
5.062699890136718750e+01
5.965939941406250000e+02
1.145801025390625000e+03
2.640688964843750000e+03
1.278458984375000000e+03
1.062807983398437500e+03
5.199630126953125000e+02
2.199376953125000000e+03
1.764999985694885254e+00
1.137649047851562500e+03
3.015119934082031250e+02
2.426130065917968750e+02
3.107059936523437500e+02
3.249000072479248047e+00
3.341210021972656250e+02
7.550520019531250000e+02
1.285968017578125000e+03
6.679600219726562500e+02
1.499060058593750000e+02
1.938343994140625000e+03
2.676499938964843750e+01
1.437640991210937500e+03
7.585949707031250000e+02
5.244383789062500000e+03
4.894649963378906250e+02
1.315799999237060547e+01
2.288572021484375000e+03
2.809000015258789062e+00
8.289530029296875000e+02
1.806224975585937500e+03
4.533259887695312500e+02
1.823848022460937500e+03
3.983479919433593750e+02
1.432699966430664062e+01
4.915459899902343750e+02
1.464290039062500000e+03
2.162940917968750000e+03
5.517059936523437500e+02
3.523052978515625000e+03
3.925799865722656250e+02
3.216335937500000000e+03
1.293229003906250000e+03
1.161001953125000000e+03
2.925620117187500000e+02
3.109685058593750000e+03
1.269682006835937500e+03
2.314181884765625000e+03
2.295690002441406250e+02
7.294119873046875000e+02
1.777020019531250000e+03
4.270294921875000000e+03
2.356069946289062500e+02
5.915939941406250000e+02
3.809079895019531250e+02
2.484810028076171875e+02
6.686409912109375000e+02
6.694819946289062500e+02
1.323580017089843750e+02
9.177899932861328125e+01
3.078810058593750000e+03
1.418219970703125000e+03
7.269509887695312500e+02
4.277980041503906250e+02
7.928419799804687500e+02
1.829598022460937500e+03
3.310989990234375000e+03
4.201430053710937500e+02
1.148899993896484375e+02
2.521027099609375000e+03
1.232402954101562500e+03
2.980836914062500000e+03
5.556170043945312500e+02
6.096110229492187500e+02
6.371170043945312500e+02
3.050830078125000000e+03
4.886180114746093750e+02
1.521396972656250000e+03
9.513400268554687500e+02
2.028871948242187500e+03
2.884358886718750000e+03
1.612733032226562500e+03
1.000508972167968750e+03
1.859602050781250000e+03
4.830509948730468750e+02
5.177659912109375000e+02
1.347095947265625000e+03
1.055500030517578125e+02
1.358468994140625000e+03
4.110299987792968750e+02
1.114239990234375000e+03
3.584187011718750000e+03
3.824103027343750000e+03
1.528786987304687500e+03
4.636669921875000000e+02
1.663874023437500000e+03
1.064564941406250000e+03
1.811700057983398438e+01
1.585468994140625000e+03
1.358895996093750000e+03
1.979959960937500000e+03
1.348548950195312500e+03
9.912919921875000000e+02
5.740360107421875000e+02
3.101180908203125000e+03
1.099588989257812500e+03
2.305843994140625000e+03
4.893394042968750000e+03
6.214130249023437500e+02
2.176430053710937500e+02
5.965949707031250000e+02
7.532199707031250000e+02
4.386499938964843750e+02
6.555319824218750000e+02
3.356059875488281250e+02
1.032379028320312500e+03
3.813089904785156250e+02
4.262708007812500000e+03
7.515440063476562500e+02
8.247940063476562500e+02
4.803292968750000000e+03
4.967853027343750000e+03
1.325453002929687500e+03
5.228560180664062500e+02
2.587739990234375000e+03
3.166500091552734375e+01
2.884247070312500000e+03
2.393000000000000000e+03
8.444810180664062500e+02
1.708609924316406250e+02
2.862279968261718750e+02
8.585390014648437500e+02
7.041200195312500000e+03
4.545509948730468750e+02
7.842109985351562500e+02
1.240162963867187500e+03
1.529883056640625000e+03
1.087077026367187500e+03
2.344300079345703125e+01
1.059800033569335938e+02
1.856258056640625000e+03
8.991209716796875000e+02
2.654916992187500000e+03
8.431729736328125000e+02
1.317917968750000000e+03
4.106960144042968750e+02
1.371210021972656250e+02
7.812400054931640625e+01
1.967508056640625000e+03
9.868159790039062500e+02
6.543374023437500000e+03
1.075281005859375000e+03
4.642019958496093750e+02
4.179375000000000000e+03
2.678656005859375000e+03
5.256104003906250000e+03
9.992509765625000000e+02
2.740297119140625000e+03
9.121589965820312500e+02
5.253020019531250000e+02
4.738450012207031250e+02
1.144802978515625000e+03
2.419824951171875000e+03
1.485463989257812500e+03
1.215577026367187500e+03
5.584589843750000000e+02
2.758420104980468750e+02
2.881220092773437500e+02
1.268129028320312500e+03
6.621087890625000000e+03
1.459459991455078125e+02
4.800310058593750000e+02
3.984440002441406250e+02
4.110786132812500000e+03
5.522782226562500000e+03
1.719290039062500000e+03
2.960570068359375000e+02
3.874254882812500000e+03
3.375000000000000000e+00
3.206489013671875000e+03
2.454660034179687500e+02
1.135823974609375000e+03
2.660799072265625000e+03
2.312516113281250000e+03
3.035343994140625000e+03
5.113970031738281250e+02
2.473160888671875000e+03
2.927059936523437500e+02
5.144730224609375000e+02
3.150644042968750000e+03
7.525510253906250000e+02
1.054637939453125000e+03
4.657000064849853516e+00
5.537089843750000000e+02
1.091313964843750000e+03
1.013943969726562500e+03
4.620150146484375000e+02
2.144748046875000000e+03
2.603717041015625000e+03
3.166271972656250000e+03
1.980802978515625000e+03
1.523697998046875000e+03
3.477774902343750000e+03
4.339249877929687500e+02
2.405780029296875000e+02
8.701699829101562500e+01
1.428389038085937500e+03
6.558519897460937500e+02
2.418080078125000000e+03
2.082778076171875000e+03
3.222330078125000000e+03
4.703200149536132812e+01
7.808599853515625000e+01
2.516369934082031250e+02
1.302006958007812500e+03
3.139753906250000000e+03
3.393619995117187500e+02
2.864104980468750000e+03
3.097699928283691406e+01
3.063240966796875000e+03
4.272458984375000000e+03
9.494329833984375000e+02
1.463661010742187500e+03
4.068619995117187500e+02
2.921941894531250000e+03
3.686589965820312500e+02
2.239863037109375000e+03
7.893599700927734375e+01
4.359713867187500000e+03
4.495920104980468750e+02
1.328020019531250000e+03
4.718949890136718750e+02
1.574128051757812500e+03
4.207471191406250000e+03
7.298939819335937500e+02
1.261963012695312500e+03
6.597009887695312500e+02
1.004450988769531250e+03
1.028100013732910156e+01
1.778974975585937500e+03
2.095815917968750000e+03
1.802196044921875000e+03
6.472080078125000000e+02
8.119000244140625000e+01
2.468899917602539062e+01
1.542129974365234375e+02
1.876656005859375000e+03
1.778597045898437500e+03
7.933999633789062500e+01
4.850545898437500000e+03
9.047119750976562500e+02
3.365372070312500000e+03
9.837910156250000000e+02
1.660144042968750000e+03
1.199811035156250000e+03
2.102867919921875000e+03
1.347927978515625000e+03
2.640605957031250000e+03
6.366560058593750000e+02
1.503510009765625000e+03
2.760861083984375000e+03
4.621846191406250000e+03
1.160785034179687500e+03
3.034549865722656250e+02
1.474666015625000000e+03
9.901309814453125000e+02
6.104089965820312500e+02
1.659000039100646973e+00
2.195056884765625000e+03
1.119187011718750000e+03
4.498294921875000000e+03
2.888000011444091797e+00
4.908200073242187500e+02
9.852169799804687500e+02
5.771430053710937500e+02
1.506979003906250000e+03
3.113949890136718750e+02
3.659437988281250000e+03
8.751870117187500000e+02
5.235127929687500000e+03
3.983160095214843750e+02
6.105036132812500000e+03
3.530385009765625000e+03
1.758177978515625000e+03
2.599999904632568359e+00
3.484849853515625000e+02
1.973234008789062500e+03
3.589684082031250000e+03
1.292344970703125000e+03
9.913889770507812500e+02
1.026395019531250000e+03
2.484737060546875000e+03
1.041988037109375000e+03
3.455899810791015625e+01
3.232799911499023438e+01
6.753700195312500000e+03
3.742045898437500000e+03
1.862542968750000000e+03
1.309429931640625000e+02
3.190769958496093750e+02
7.813649902343750000e+02
3.789750061035156250e+02
1.984610961914062500e+03
1.131770019531250000e+02
2.535376953125000000e+03
2.285830078125000000e+03
1.540480957031250000e+03
2.454779968261718750e+02
2.225590057373046875e+02
3.441980957031250000e+03
4.552229919433593750e+02
9.149619750976562500e+02
1.752582031250000000e+03
1.712457031250000000e+03
2.608000040054321289e+00
1.443683959960937500e+03
5.840679931640625000e+02
1.116062988281250000e+03
1.455290039062500000e+03
2.554409942626953125e+02
1.931052978515625000e+03
2.129850006103515625e+02
1.506399047851562500e+03
7.740330200195312500e+02
7.407657226562500000e+03
1.020679992675781250e+03
7.779710083007812500e+02
1.768512939453125000e+03
3.779280090332031250e+02
2.039909973144531250e+02
2.626799926757812500e+02
1.118359985351562500e+02
1.022422973632812500e+03
2.924331054687500000e+03
2.297349121093750000e+03
2.053687988281250000e+03
4.187860107421875000e+02
6.654149780273437500e+02
1.390508056640625000e+03
3.304570007324218750e+02
2.279000043869018555e+00
2.104583007812500000e+03
3.950273925781250000e+03
4.763500061035156250e+02
1.552139038085937500e+03
2.369479980468750000e+02
1.542192016601562500e+03
2.096631103515625000e+03
4.760562011718750000e+03
1.387978027343750000e+03
6.887390136718750000e+02
6.679119873046875000e+02
3.028959960937500000e+02
3.305653076171875000e+03
2.036682983398437500e+03
2.057404052734375000e+03
2.196464111328125000e+03
1.380624023437500000e+03
2.274068115234375000e+03
8.142899780273437500e+02
2.697479003906250000e+03
3.859614013671875000e+03
9.538829956054687500e+02
1.534838012695312500e+03
2.378726074218750000e+03
2.995060119628906250e+02
9.055650024414062500e+02
9.837999877929687500e+02
5.892540283203125000e+02
3.230607910156250000e+03
1.144219970703125000e+02
2.333218994140625000e+03
2.035260986328125000e+03
3.974410095214843750e+02
4.642521972656250000e+03
2.313415039062500000e+03
1.481463989257812500e+03
6.630999755859375000e+02
2.525469970703125000e+03
6.166339721679687500e+02
2.238719970703125000e+03
1.438061035156250000e+03
5.719320068359375000e+02
1.276190032958984375e+02
1.220192016601562500e+03
6.164069824218750000e+02
6.084940185546875000e+02
8.870209960937500000e+02
2.748989868164062500e+02
1.048668945312500000e+03
2.689541992187500000e+03
1.363870971679687500e+03
1.600758056640625000e+03
3.670000076293945312e+01
1.994432006835937500e+03
8.279000091552734375e+01
3.979890136718750000e+02
2.027730957031250000e+03
2.133465087890625000e+03
1.279249023437500000e+03
1.605699920654296875e+01
1.579536987304687500e+03
1.227526977539062500e+03
9.064509887695312500e+02
1.122703979492187500e+03
5.566332031250000000e+03
1.711343994140625000e+03
8.500099945068359375e+01
2.915409912109375000e+03
1.718115966796875000e+03
2.560053955078125000e+03
7.379760131835937500e+02
7.880739746093750000e+02
2.679831054687500000e+03
1.948150024414062500e+02
1.197689941406250000e+03
4.414750000000000000e+03
1.577782958984375000e+03
2.191260009765625000e+03
1.705338989257812500e+03
1.313025024414062500e+03
1.494883056640625000e+03
3.502489929199218750e+02
7.384299926757812500e+02
1.934953979492187500e+03
5.032102050781250000e+03
3.856809997558593750e+02
4.829464843750000000e+03
4.568500061035156250e+02
1.838114990234375000e+03
4.202590026855468750e+02
1.336793945312500000e+03
2.792399902343750000e+03
1.482440032958984375e+02
1.422001953125000000e+03
9.429680175781250000e+02
1.086270019531250000e+03
9.205799865722656250e+01
1.659886962890625000e+03
8.368419799804687500e+02
5.493370117187500000e+03
2.145670013427734375e+02
2.411927978515625000e+03
3.259603027343750000e+03
3.026530151367187500e+02
2.937250061035156250e+02
1.092967041015625000e+03
7.097319946289062500e+02
1.996229980468750000e+03
3.230459899902343750e+02
1.203895996093750000e+03
9.642180175781250000e+02
4.296669921875000000e+02
1.191342041015625000e+03
2.817667968750000000e+03
5.666299819946289062e+01
1.737811035156250000e+03
1.152659988403320312e+02
8.208040161132812500e+02
4.422600097656250000e+02
2.364080047607421875e+02
4.235861816406250000e+03
6.839459838867187500e+02
9.470189819335937500e+02
1.867718017578125000e+03
1.563659973144531250e+02
1.210159988403320312e+02
2.172552001953125000e+03
2.875964111328125000e+03
8.101179809570312500e+02
4.409490051269531250e+02
2.396278076171875000e+03
2.861052001953125000e+03
2.211781982421875000e+03
1.897749938964843750e+02
2.173619995117187500e+02
2.645299911499023438e+01
3.721860046386718750e+02
4.166583007812500000e+03
2.612790039062500000e+03
2.243592041015625000e+03
2.998729858398437500e+02
2.794905029296875000e+03
2.824337890625000000e+03
1.042370971679687500e+03
5.130499877929687500e+02
1.395822998046875000e+03
7.778168945312500000e+03
3.983989868164062500e+02
1.235619964599609375e+02
3.191811035156250000e+03
2.154681884765625000e+03
5.131620117187500000e+03
1.168531982421875000e+03
6.272230224609375000e+02
5.865579833984375000e+02
1.208095947265625000e+03
3.585150878906250000e+03
4.812780761718750000e+03
2.578563964843750000e+03
2.329205078125000000e+03
2.023190002441406250e+02
7.676370239257812500e+02
2.340399932861328125e+02
2.684101074218750000e+03
1.084407958984375000e+03
1.361016967773437500e+03
2.874799919128417969e+01
4.475022949218750000e+03
8.353670043945312500e+02
2.337562988281250000e+03
8.481090087890625000e+02
1.459399986267089844e+01
6.732166015625000000e+03
4.369331054687500000e+03
2.047271972656250000e+03
6.439530029296875000e+02
3.754110107421875000e+02
2.849479980468750000e+02
7.440200042724609375e+01
2.003062011718750000e+03
4.746040039062500000e+02
3.959017089843750000e+03
2.523665039062500000e+03
5.999010009765625000e+02
1.334822021484375000e+03
1.605389038085937500e+03
1.598069946289062500e+03
1.239250030517578125e+02
6.751580200195312500e+02
4.230440063476562500e+02
1.996219940185546875e+02
8.516170043945312500e+02
4.443541015625000000e+03
4.553190002441406250e+02
1.358587036132812500e+03
2.747320068359375000e+03
8.834030151367187500e+02
3.104199981689453125e+01
1.177685058593750000e+03
1.099243041992187500e+03
6.458270263671875000e+02
1.389790039062500000e+02
5.033680114746093750e+02
2.202700042724609375e+02
4.561993164062500000e+03
1.113225952148437500e+03
7.049680175781250000e+02
1.934100952148437500e+03
4.427860107421875000e+02
1.251269989013671875e+02
7.694190063476562500e+02
9.209100341796875000e+01
4.082529907226562500e+02
6.407000064849853516e+00
7.229551757812500000e+03
2.560742919921875000e+03
6.243339843750000000e+02
2.358746093750000000e+03
4.335440063476562500e+02
1.362004028320312500e+03
2.080784912109375000e+03
6.566209716796875000e+02
2.933009948730468750e+02
1.170823974609375000e+03
2.627616943359375000e+03
5.358235839843750000e+03
2.718632080078125000e+03
1.997271972656250000e+03
3.762374023437500000e+03
1.340609985351562500e+03
3.238466064453125000e+03
5.922709960937500000e+02
2.441865966796875000e+03
3.816626953125000000e+03
2.327906005859375000e+03
4.244599914550781250e+01
2.079019927978515625e+02
1.481366943359375000e+03
1.298776000976562500e+03
8.843839721679687500e+02
1.690537963867187500e+03
1.640317993164062500e+03
3.991499938964843750e+02
1.522429962158203125e+02
7.570510253906250000e+02
1.386056030273437500e+03
1.279735961914062500e+03
1.267310028076171875e+02
6.645570068359375000e+02
3.242800140380859375e+01
1.992031005859375000e+03
4.118600082397460938e+01
1.907182006835937500e+03
3.135125000000000000e+03
1.478999972343444824e+00
1.517400054931640625e+02
2.641595947265625000e+03
1.356151977539062500e+03
1.869440002441406250e+02
4.950039978027343750e+02
2.130092041015625000e+03
1.342321044921875000e+03
4.470150146484375000e+02
2.093419952392578125e+02
1.645151000976562500e+03
3.304100036621093750e+02
4.030989013671875000e+03
1.826109008789062500e+03
2.683800048828125000e+02
4.157359924316406250e+02
1.748229980468750000e+02
2.493110107421875000e+03
2.832999944686889648e+00
6.858899688720703125e+01
1.062588012695312500e+03
3.547468994140625000e+03
2.530209960937500000e+03
8.115579833984375000e+02
1.766493041992187500e+03
1.608999967575073242e+00
7.803500366210937500e+01
7.186160278320312500e+02
2.018612060546875000e+03
1.417678955078125000e+03
4.418782226562500000e+03
8.461999893188476562e+00
2.343518066406250000e+03
1.153120971679687500e+03
1.814609008789062500e+03
2.295931884765625000e+03
1.435208984375000000e+03
1.145756958007812500e+03
1.835099983215332031e+01
1.600014038085937500e+03
3.322460021972656250e+02
2.456309967041015625e+02
3.397087890625000000e+03
5.851198242187500000e+03
2.052389984130859375e+02
1.414022949218750000e+03
1.901413940429687500e+03
1.507852050781250000e+03
4.723320007324218750e+02
2.457798095703125000e+03
2.207779998779296875e+02
3.108531982421875000e+03
8.612000274658203125e+01
3.345423095703125000e+03
1.183666992187500000e+03
1.666000008583068848e+00
1.489761962890625000e+03
2.458090057373046875e+02
6.444769897460937500e+02
6.009569702148437500e+02
9.574589843750000000e+02
4.807799987792968750e+02
8.124700164794921875e+01
2.413379974365234375e+02
6.486640014648437500e+02
1.739060058593750000e+02
4.179859924316406250e+02
2.541909942626953125e+02
7.423759765625000000e+02
1.528950042724609375e+02
2.052240966796875000e+03
1.156890014648437500e+03
1.720429992675781250e+02
3.215900039672851562e+01
2.934851074218750000e+03
1.481313964843750000e+03
6.779699707031250000e+01
1.535697021484375000e+03
7.005729980468750000e+02
5.009589843750000000e+03
5.683875976562500000e+03
4.620469970703125000e+02
2.152519042968750000e+03
1.594968017578125000e+03
1.405749969482421875e+02
3.576539916992187500e+02
5.048521972656250000e+03
7.256049804687500000e+02
1.260458007812500000e+03
4.009029052734375000e+03
9.806110229492187500e+02
3.734859924316406250e+02
3.469146972656250000e+03
1.072525024414062500e+03
2.419340087890625000e+03
5.086050109863281250e+02
6.905969848632812500e+02
1.652562011718750000e+03
2.375310058593750000e+02
2.635410888671875000e+03
1.047343994140625000e+03
3.449710083007812500e+02
2.690007080078125000e+03
1.442301025390625000e+03
3.824452880859375000e+03
1.085034057617187500e+03
3.963126953125000000e+03
3.237470092773437500e+02
8.958000183105468750e+01
5.429879760742187500e+02
1.329751953125000000e+03
3.053269958496093750e+02
1.107999992370605469e+01
3.484164062500000000e+03
3.111709899902343750e+02
6.070700073242187500e+01
5.630059814453125000e+02
4.500652832031250000e+03
1.622741943359375000e+03
8.122699737548828125e+01
7.261149902343750000e+02
3.251135986328125000e+03
8.266760253906250000e+02
2.977950134277343750e+02
1.380203002929687500e+03
3.269743896484375000e+03
3.234999895095825195e+00
2.127517089843750000e+03
1.519969970703125000e+03
3.179289855957031250e+02
3.129654052734375000e+03
9.203740234375000000e+02
7.262880249023437500e+02
1.267614013671875000e+03
1.825699996948242188e+01
1.099339981079101562e+02
3.525518066406250000e+03
2.307093017578125000e+03
4.170375000000000000e+03
4.348519897460937500e+02
3.096130065917968750e+02
1.400399971008300781e+01
2.477999925613403320e+00
3.861850097656250000e+03
3.216132080078125000e+03
1.316287963867187500e+03
4.103644042968750000e+03
9.974099731445312500e+01
4.941149902343750000e+03
5.522999763488769531e+00
4.219771972656250000e+03
1.827313964843750000e+03
1.032564941406250000e+03
1.926040039062500000e+02
6.192030029296875000e+02
2.631060058593750000e+03
1.786400032043457031e+01
2.078332031250000000e+03
6.467869873046875000e+02
5.392997070312500000e+03
1.056369018554687500e+03
1.062317993164062500e+03
2.727753906250000000e+03
3.230979919433593750e+02
2.012488037109375000e+03
2.839132080078125000e+03
9.981450195312500000e+02
2.110501953125000000e+03
3.180951904296875000e+03
5.070459899902343750e+02
4.017019042968750000e+03
1.223031005859375000e+03
9.935109863281250000e+02
2.829674072265625000e+03
3.164170898437500000e+03
5.585300292968750000e+02
1.974510040283203125e+02
1.145556030273437500e+03
1.518488037109375000e+03
8.225590209960937500e+02
2.566020996093750000e+03
4.868190002441406250e+02
2.252295898437500000e+03
1.972982055664062500e+03
1.020530014038085938e+02
2.085937988281250000e+03
3.827510070800781250e+02
2.289034912109375000e+03
1.007835021972656250e+03
5.942349853515625000e+02
7.565299987792968750e+01
5.325570068359375000e+02
4.331229858398437500e+02
2.313193115234375000e+03
3.279759033203125000e+03
3.739187011718750000e+03
1.688569946289062500e+02
9.939800262451171875e+01
5.196713867187500000e+03
1.070232055664062500e+03
1.241114013671875000e+03
9.737930297851562500e+02
6.456155761718750000e+03
7.820800018310546875e+01
9.733670043945312500e+02
1.836300086975097656e+01
1.223399963378906250e+02
2.526809997558593750e+02
1.601350952148437500e+03
4.308590087890625000e+02
2.090847900390625000e+03
9.748489990234375000e+02
2.155531005859375000e+03
1.053602050781250000e+03
2.292510070800781250e+02
7.516019897460937500e+02
2.646789855957031250e+02
3.048750000000000000e+02
2.783051025390625000e+03
8.377930297851562500e+02
3.403370056152343750e+02
3.461362060546875000e+03
4.880785156250000000e+03
7.308323242187500000e+03
1.011208007812500000e+03
6.309979858398437500e+02
1.788186035156250000e+03
1.341828979492187500e+03
3.994119873046875000e+02
5.830369873046875000e+02
3.127032958984375000e+03
4.272909851074218750e+02
1.690128051757812500e+03
3.059041015625000000e+03
9.657760009765625000e+02
2.857893066406250000e+03
2.999379882812500000e+02
7.787990112304687500e+02
5.189450195312500000e+03
3.408824951171875000e+03
1.790670013427734375e+02
4.378153808593750000e+03
2.461251953125000000e+03
5.741079711914062500e+02
1.848368041992187500e+03
3.073319091796875000e+03
6.383079833984375000e+02
4.553550109863281250e+02
2.787739868164062500e+02
1.333942993164062500e+03
3.387420043945312500e+02
1.230862060546875000e+03
2.722810058593750000e+03
6.364030151367187500e+02
2.460702880859375000e+03
9.829849853515625000e+02
1.680942993164062500e+03
6.853309936523437500e+02
4.370780029296875000e+02
1.735800018310546875e+02
3.167495117187500000e+03
1.396308959960937500e+03
1.775230957031250000e+03
4.810064941406250000e+03
2.507812011718750000e+03
5.060335937500000000e+03
2.913025878906250000e+03
1.504832031250000000e+03
2.282979980468750000e+03
3.963312988281250000e+03
2.878135009765625000e+03
1.108228027343750000e+03
1.572532958984375000e+03
4.960200119018554688e+01
1.582973022460937500e+03
5.267719726562500000e+02
1.222665039062500000e+03
6.004299926757812500e+02
5.158759765625000000e+03
9.171099853515625000e+02
1.276769042968750000e+03
5.039849853515625000e+02
8.714569702148437500e+02
9.016250000000000000e+02
6.978280029296875000e+02
3.222331054687500000e+03
3.254809875488281250e+02
1.286820068359375000e+02
5.941799926757812500e+02
1.326199951171875000e+02
3.212400054931640625e+01
6.063870239257812500e+02
2.708157958984375000e+03
4.373050781250000000e+03
2.106062988281250000e+03
1.875850952148437500e+03
1.745350036621093750e+02
2.889429931640625000e+02
1.051734985351562500e+03
3.443110046386718750e+02
1.656988037109375000e+03
3.598829956054687500e+02
2.431569976806640625e+02
1.590279998779296875e+02
5.310265136718750000e+03
7.273049926757812500e+02
3.746189880371093750e+02
1.125650024414062500e+02
6.540299987792968750e+01
