2.683200073242187500e+01
2.507711093750000000e+05
6.954210205078125000e+02
1.884506640625000000e+04
6.483823828125000000e+04
5.916182421875000000e+04
1.612118593750000000e+05
1.183276977539062500e+03
3.442307500000000000e+05
4.546999931335449219e+00
1.766326250000000000e+05
3.060171875000000000e+05
3.468601875000000000e+05
1.134455703125000000e+05
1.635356718750000000e+05
2.882834960937500000e+04
6.952916406250000000e+04
5.060950390625000000e+04
2.050216406250000000e+04
4.816803906250000000e+04
1.700975952148437500e+03
3.892321250000000000e+05
7.263209375000000000e+04
1.921507187500000000e+05
2.934809960937500000e+04
5.921899609375000000e+04
1.743699062500000000e+05
1.801633437500000000e+05
3.888485156250000000e+04
5.608994140625000000e+04
4.692035156250000000e+03
7.343464843750000000e+03
2.361520625000000000e+05
4.880707812500000000e+04
1.744929882812500000e+04
1.231820234375000000e+05
3.178597900390625000e+03
1.853666992187500000e+03
3.075593437500000000e+05
1.291549765625000000e+05
1.725699996948242188e+01
3.313839843750000000e+04
1.398731738281250000e+04
3.100541992187500000e+04
1.092502656250000000e+05
3.990892187500000000e+04
1.772843906250000000e+05
1.896365234375000000e+04
4.184909687500000000e+05
4.651433750000000000e+05
1.319896718750000000e+05
1.550495781250000000e+05
6.215193847656250000e+03
1.473739843750000000e+05
3.170374375000000000e+05
1.620139062500000000e+04
2.087687031250000000e+05
3.739757421875000000e+04
2.214363437500000000e+05
3.116980000000000000e+05
1.268010078125000000e+05
3.484720947265625000e+03
4.931422812500000000e+05
3.382230625000000000e+05
2.799483007812500000e+04
1.123268203125000000e+05
2.186415039062500000e+03
7.764890625000000000e+04
1.143330001831054688e+02
8.910805468750000000e+04
1.204200000000000000e+04
1.064931718750000000e+05
6.343666406250000000e+04
1.944956250000000000e+05
4.652575390625000000e+04
2.486775781250000000e+05
3.820803515625000000e+04
8.077931250000000000e+04
8.062971875000000000e+05
2.104157421875000000e+04
9.563400390625000000e+03
3.008616015625000000e+04
9.949645312500000000e+04
6.723957031250000000e+03
1.583229003906250000e+03
1.268442285156250000e+04
4.032466875000000000e+05
1.724799919128417969e+01
1.593749687500000000e+05
2.831274062500000000e+05
2.519148593750000000e+05
6.622046875000000000e+04
1.612820996093750000e+04
1.265640029907226562e+02
1.235091640625000000e+05
2.410950468750000000e+05
5.659714453125000000e+04
1.325833789062500000e+04
9.428708984375000000e+03
6.950623437500000000e+04
8.633992968750000000e+04
2.127319946289062500e+02
1.487396386718750000e+04
8.226780000000000000e+05
2.034145996093750000e+03
5.290046250000000000e+05
1.380742500000000000e+05
4.731566894531250000e+03
2.389808007812500000e+04
7.939182128906250000e+03
9.450737304687500000e+03
2.118854980468750000e+03
6.592117968750000000e+04
1.021031005859375000e+03
1.451184687500000000e+05
4.847909062500000000e+05
9.160079956054687500e+02
1.864555468750000000e+05
2.780528710937500000e+04
5.020587890625000000e+03
2.061029052734375000e+03
7.529071093750000000e+04
1.702957031250000000e+05
9.242562500000000000e+04
3.278645625000000000e+05
3.715986250000000000e+05
2.070154218750000000e+05
3.952496875000000000e+05
6.997796875000000000e+04
5.316811718750000000e+04
3.208298125000000000e+05
7.130809936523437500e+02
2.537469940185546875e+02
3.537460021972656250e+02
1.039967109375000000e+05
2.474313125000000000e+05
4.896414687500000000e+05
2.077474414062500000e+04
8.984370117187500000e+02
2.638359062500000000e+05
1.051917421875000000e+05
2.142661875000000000e+05
4.307196875000000000e+05
1.885065820312500000e+04
4.262785312500000000e+05
1.139194453125000000e+05
3.574384375000000000e+04
6.917345312500000000e+04
6.519980468750000000e+04
7.510530000000000000e+05
5.644500976562500000e+03
4.483890000000000000e+05
6.158134765625000000e+04
3.292903125000000000e+04
3.505085312500000000e+05
4.687566015625000000e+04
3.889568750000000000e+04
2.285185468750000000e+05
1.947803125000000000e+05
4.973846484375000000e+04
6.357065917968750000e+03
4.320412890625000000e+04
2.561100006103515625e+01
1.293330078125000000e+05
5.299507421875000000e+04
1.796324218750000000e+05
7.922239843750000000e+04
8.165808105468750000e+03
2.090064843750000000e+05
5.152152500000000000e+05
2.126298046875000000e+04
7.192862500000000000e+05
1.555799961090087891e+01
9.750115234375000000e+03
1.537801562500000000e+05
4.127048828125000000e+04
3.973989062500000000e+05
9.137180468750000000e+04
1.238974140625000000e+05
4.191428515625000000e+04
1.611052187500000000e+05
2.743268066406250000e+03
8.060076171875000000e+03
5.316209960937500000e+03
1.067544921875000000e+04
2.013599967956542969e+01
1.805991093750000000e+05
9.916699981689453125e+01
3.660480041503906250e+02
7.656799926757812500e+02
3.112087187500000000e+05
2.572262304687500000e+04
7.518341406250000000e+04
1.881208593750000000e+04
1.773867773437500000e+04
1.549135156250000000e+05
3.023840000000000000e+05
3.789375781250000000e+04
2.513065468750000000e+05
8.784873046875000000e+03
7.726242968750000000e+04
4.003608984375000000e+04
3.387026562500000000e+05
1.613933398437500000e+04
8.693511718750000000e+03
1.921805664062500000e+04
2.300588476562500000e+04
5.463143750000000000e+05
4.046347500000000000e+05
4.810469238281250000e+03
4.793418750000000000e+04
1.114364746093750000e+04
5.887199707031250000e+02
5.887000000000000000e+05
1.955307421875000000e+04
4.577248437500000000e+04
1.122288476562500000e+04
7.916730468750000000e+04
1.556833984375000000e+03
3.530147187500000000e+05
7.101497656250000000e+04
5.285763281250000000e+04
7.258714062500000000e+04
2.913159687500000000e+05
1.583761962890625000e+03
7.877799987792968750e+01
1.155385312500000000e+05
1.278125781250000000e+05
2.448024414062500000e+04
6.266408125000000000e+05
2.248110781250000000e+05
2.516237656250000000e+05
6.158002734375000000e+04
3.410317187500000000e+05
1.992707031250000000e+03
7.880370625000000000e+05
1.291045156250000000e+05
1.877365781250000000e+05
1.150728222656250000e+04
5.036107031250000000e+04
3.969937500000000000e+05
4.651446875000000000e+05
2.150310742187500000e+04
3.969570007324218750e+02
2.055513125000000000e+05
3.203190002441406250e+02
1.443691040039062500e+03
3.249367187500000000e+04
3.105027929687500000e+04
1.308790625000000000e+06
2.395554062500000000e+05
1.737099218750000000e+04
8.057818847656250000e+03
8.814396093750000000e+04
3.733492187500000000e+05
5.717720214843750000e+03
1.263081796875000000e+05
3.323233437500000000e+05
3.689355859375000000e+04
2.765702343750000000e+04
3.612853125000000000e+05
6.158304687500000000e+04
3.403883984375000000e+04
1.454812304687500000e+04
1.070247343750000000e+05
7.575591406250000000e+04
5.821808125000000000e+05
1.073682910156250000e+04
2.020150468750000000e+05
7.750369531250000000e+04
9.917202343750000000e+04
4.432517968750000000e+04
1.840543750000000000e+04
8.756896875000000000e+04
1.402770625000000000e+05
1.397709960937500000e+02
5.845217500000000000e+05
6.081161718750000000e+04
6.870798828125000000e+03
5.191836562500000000e+05
7.156069946289062500e+02
9.746768750000000000e+05
6.358976250000000000e+05
1.329571875000000000e+04
6.930523750000000000e+05
1.898853710937500000e+04
2.468048750000000000e+05
1.540357031250000000e+04
2.372343437500000000e+05
5.455599975585937500e+02
2.985315625000000000e+05
1.047978515625000000e+05
3.060021972656250000e+03
1.492603125000000000e+05
2.878228125000000000e+05
1.356100006103515625e+02
5.595331054687500000e+03
2.780999898910522461e+00
1.569977050781250000e+03
2.273815937500000000e+05
2.254148125000000000e+05
6.416266015625000000e+04
3.790196250000000000e+05
7.827581054687500000e+03
1.188766308593750000e+04
1.031117343750000000e+05
3.837652099609375000e+03
4.153426171875000000e+04
6.793085000000000000e+05
6.425609741210937500e+02
8.548055664062500000e+03
2.650849375000000000e+05
1.217962109375000000e+05
1.908772968750000000e+05
5.514184082031250000e+03
2.827399902343750000e+03
2.595800048828125000e+03
1.339550048828125000e+03
2.137055078125000000e+04
9.650065625000000000e+04
1.813828125000000000e+04
2.900832187500000000e+05
8.339999914169311523e-01
3.670402343750000000e+04
2.141417382812500000e+04
3.525377500000000000e+05
5.450773046875000000e+04
3.418030078125000000e+04
1.001460234375000000e+05
3.401137500000000000e+04
3.490727343750000000e+04
1.128116943359375000e+03
3.012499414062500000e+04
2.886969909667968750e+02
4.210659375000000000e+05
1.737085937500000000e+04
3.079999983310699463e-01
1.216300010681152344e+01
2.240089218750000000e+05
2.884980078125000000e+04
1.940435781250000000e+05
4.978315312500000000e+05
1.592911406250000000e+05
1.598807812500000000e+04
4.528722187500000000e+05
1.190368750000000000e+05
1.573987792968750000e+04
4.210009765625000000e+04
1.095703710937500000e+04
1.036280781250000000e+05
2.384642382812500000e+04
1.906818554687500000e+04
4.493227050781250000e+03
4.429440002441406250e+02
1.374487060546875000e+03
4.082690234375000000e+04
1.906186328125000000e+04
6.847542968750000000e+04
2.391943906250000000e+05
1.651831562500000000e+05
2.734455000000000000e+05
6.736560937500000000e+04
3.733574687500000000e+05
4.828358203125000000e+04
1.003216003417968750e+03
1.645677148437500000e+04
4.049810625000000000e+05
1.704043125000000000e+05
2.430006835937500000e+04
1.308312812500000000e+05
5.406135625000000000e+05
4.154256835937500000e+03
2.151138437500000000e+05
6.931053906250000000e+04
5.368069531250000000e+04
1.501199609375000000e+04
3.984312812500000000e+05
9.842355468750000000e+04
4.429706250000000000e+04
3.524328906250000000e+04
4.856832031250000000e+04
6.289207812500000000e+04
7.768075000000000000e+04
3.464507812500000000e+04
7.494315000000000000e+05
7.284343750000000000e+04
3.143440000000000000e+05
1.453982031250000000e+05
3.139600585937500000e+04
1.039118750000000000e+05
4.454837109375000000e+04
2.209451562500000000e+04
3.119060156250000000e+04
6.538079101562500000e+03
1.725863906250000000e+05
7.923732812500000000e+04
1.704503906250000000e+04
5.827113281250000000e+04
2.431798242187500000e+04
1.882017382812500000e+04
4.914937500000000000e+05
8.153811718750000000e+04
4.646834960937500000e+03
3.154875312500000000e+05
1.312934277343750000e+04
1.837441015625000000e+04
1.267044453125000000e+05
1.702861875000000000e+05
9.615232421875000000e+03
1.173836015625000000e+05
3.719866796875000000e+04
3.929322265625000000e+04
4.522199609375000000e+04
8.733640136718750000e+02
3.138924609375000000e+04
1.637592187500000000e+05
1.087018945312500000e+04
2.589551171875000000e+04
1.132295898437500000e+04
3.758187011718750000e+03
1.482612500000000000e+05
1.283537304687500000e+04
1.068755981445312500e+03
2.783130859375000000e+04
2.010596875000000000e+04
2.132907617187500000e+04
2.385719531250000000e+05
6.352172851562500000e+03
3.830400085449218750e+01
8.046250000000000000e+02
9.123389892578125000e+02
8.613397656250000000e+04
1.960401171875000000e+04
4.772835625000000000e+05
1.099968359375000000e+04
9.465428710937500000e+03
4.417511328125000000e+04
1.289007656250000000e+05
6.382147265625000000e+04
3.648840312500000000e+05
7.186910156250000000e+03
2.958841406250000000e+04
6.603514843750000000e+04
1.795396093750000000e+05
3.116495117187500000e+03
5.671307031250000000e+04
7.387799835205078125e+01
3.378069375000000000e+05
1.908200073242187500e+02
1.115323359375000000e+05
7.159342968750000000e+04
1.120231484375000000e+05
1.418277968750000000e+05
1.139946289062500000e+04
1.973626406250000000e+05
3.281234375000000000e+04
8.072281250000000000e+04
9.057695312500000000e+03
8.559458593750000000e+04
2.343406250000000000e+05
1.001297578125000000e+05
2.017547851562500000e+04
8.897020312500000000e+04
2.371959991455078125e+02
1.159991015625000000e+04
2.636247070312500000e+03
1.909995468750000000e+05
3.077864687500000000e+05
1.425967675781250000e+04
2.980062695312500000e+04
2.912410546875000000e+04
2.017385546875000000e+04
1.912112890625000000e+04
3.033593994140625000e+03
6.980604003906250000e+03
1.598664648437500000e+04
1.995957421875000000e+04
1.232101562500000000e+05
5.205230957031250000e+03
1.816707968750000000e+05
6.880632812500000000e+04
7.408843750000000000e+04
8.687061523437500000e+03
2.057808203125000000e+04
7.705851250000000000e+05
3.845778125000000000e+05
2.143062109375000000e+04
8.626304687500000000e+04
3.110138750000000000e+05
2.043125976562500000e+04
2.054898281250000000e+05
7.878844238281250000e+03
4.617184375000000000e+05
1.113127656250000000e+05
2.131929931640625000e+02
3.246859687500000000e+05
1.964686914062500000e+04
1.711192812500000000e+05
1.251897578125000000e+05
7.170314843750000000e+04
1.338324062500000000e+05
2.215609531250000000e+05
1.827056718750000000e+05
3.721435058593750000e+03
7.902135937500000000e+04
1.769186328125000000e+04
2.969312187500000000e+05
1.436365937500000000e+05
5.430783593750000000e+04
2.632565820312500000e+04
2.120264062500000000e+05
5.946347167968750000e+03
8.753263750000000000e+05
7.013640136718750000e+02
3.162011718750000000e+04
1.015300937500000000e+05
9.220527343750000000e+04
6.953153125000000000e+04
3.624409062500000000e+05
3.451030000000000000e+05
5.979957812500000000e+04
1.599153125000000000e+05
1.848579296875000000e+04
2.598059082031250000e+03
8.898892187500000000e+04
7.571246093750000000e+04
1.213807187500000000e+05
1.235599975585937500e+03
3.481963671875000000e+04
5.487656250000000000e+05
1.511265781250000000e+05
5.641006640625000000e+04
1.580037963867187500e+03
5.222033203125000000e+04
1.135799980163574219e+01
1.499416875000000000e+05
1.688719687500000000e+05
1.984227656250000000e+05
6.585742187500000000e+03
2.174121875000000000e+04
4.341381875000000000e+05
5.866726171875000000e+04
6.211812500000000000e+05
3.363664062500000000e+03
5.700241406250000000e+04
1.453939218750000000e+05
2.527473593750000000e+05
6.596700286865234375e+01
4.522679687500000000e+04
7.170893066406250000e+03
9.801831054687500000e+03
1.684199609375000000e+04
2.034271250000000000e+05
1.509882910156250000e+04
7.616157812500000000e+04
4.540959960937500000e+03
8.776303906250000000e+04
1.911188281250000000e+04
1.366936562500000000e+05
1.383236035156250000e+04
2.609308789062500000e+04
2.039739990234375000e+03
1.648539218750000000e+05
7.311696875000000000e+04
2.936008203125000000e+04
2.926597812500000000e+05
6.931950073242187500e+02
2.888181884765625000e+03
1.039908515625000000e+05
3.155651757812500000e+04
6.689703125000000000e+04
4.146506640625000000e+04
6.244555859375000000e+04
2.853131250000000000e+04
5.893013125000000000e+05
1.710431562500000000e+05
2.111975468750000000e+05
3.731523925781250000e+03
1.032090078125000000e+05
3.780389062500000000e+05
9.296447265625000000e+03
3.531952812500000000e+05
5.709243750000000000e+04
3.213320007324218750e+02
8.990521093750000000e+04
8.906999969482421875e+01
2.912176875000000000e+05
4.043254687500000000e+04
3.893943359375000000e+04
4.241999816894531250e+01
1.290338989257812500e+03
1.403813437500000000e+05
2.319775195312500000e+04
4.177806250000000000e+05
2.588356054687500000e+04
8.795317968750000000e+04
2.044029218750000000e+05
1.317691015625000000e+04
1.069859140625000000e+05
8.564404687500000000e+04
1.842757187500000000e+05
7.843828125000000000e+03
1.678271093750000000e+04
5.284771484375000000e+04
6.278999805450439453e+00
5.690908203125000000e+04
3.399229062500000000e+05
5.135077343750000000e+04
1.230253046875000000e+05
2.490194140625000000e+04
4.029281562500000000e+05
3.752905937500000000e+05
3.820111718750000000e+04
2.341795156250000000e+05
6.038000106811523438e+01
1.625782812500000000e+05
1.275951718750000000e+05
8.880999565124511719e+00
4.298160095214843750e+02
3.805133593750000000e+04
2.007005000000000000e+05
3.100133056640625000e+03
6.540518066406250000e+03
5.988808105468750000e+03
4.471769921875000000e+04
6.715708593750000000e+04
2.457959960937500000e+03
5.339097167968750000e+03
8.115181250000000000e+04
3.678563964843750000e+03
3.231248125000000000e+05
1.547700023651123047e+01
6.383448125000000000e+05
1.130504003906250000e+04
4.970682812500000000e+04
1.559669140625000000e+04
1.931481406250000000e+05
1.031533886718750000e+04
1.770785156250000000e+04
1.003963984375000000e+05
1.346683906250000000e+05
4.167206640625000000e+04
7.266710205078125000e+02
2.848244726562500000e+04
3.888794921875000000e+03
5.297800064086914062e+01
2.153621250000000000e+05
3.377091406250000000e+04
3.565103125000000000e+04
6.183736816406250000e+03
7.349417187500000000e+04
9.864394531250000000e+04
1.026214257812500000e+04
3.571922500000000000e+05
2.042313906250000000e+05
4.483306640625000000e+04
1.072250468750000000e+05
4.729021972656250000e+03
6.165565234375000000e+04
4.214755625000000000e+05
2.784323750000000000e+05
9.142954375000000000e+05
1.516561250000000000e+05
5.024992187500000000e+05
3.374073750000000000e+05
8.030367187500000000e+03
5.488870117187500000e+03
6.834603906250000000e+04
9.112899780273437500e+01
2.553833750000000000e+05
8.632540283203125000e+02
6.545558105468750000e+03
3.892705078125000000e+04
1.005547187500000000e+05
1.771657812500000000e+04
4.545000076293945312e+00
2.524256250000000000e+04
4.189028808593750000e+03
1.948674804687500000e+04
4.444721191406250000e+03
8.495848632812500000e+03
1.981870507812500000e+04
1.939102343750000000e+05
5.252761230468750000e+03
2.084618359375000000e+04
2.412940625000000000e+04
7.672479858398437500e+02
3.270657500000000000e+05
1.486039843750000000e+05
1.486200875000000000e+06
1.672540039062500000e+04
4.540100097656250000e+01
1.517844375000000000e+05
4.648011230468750000e+03
5.140642578125000000e+04
3.192839687500000000e+05
4.158188281250000000e+04
3.698168359375000000e+04
1.394995312500000000e+04
3.013149062500000000e+05
7.136663281250000000e+04
2.384190781250000000e+05
1.815165820312500000e+04
2.251560625000000000e+05
2.863604882812500000e+04
5.021106933593750000e+03
6.354008593750000000e+04
6.067609863281250000e+02
2.981977148437500000e+04
4.839277187500000000e+05
2.487302734375000000e+04
1.974246093750000000e+04
1.050938437500000000e+05
3.469903125000000000e+05
3.669245312500000000e+04
1.280137109375000000e+04
8.851037109375000000e+03
4.687415937500000000e+05
1.365334375000000000e+04
1.257332910156250000e+04
4.039211562500000000e+05
2.481841562500000000e+05
8.557692968750000000e+04
1.588439218750000000e+05
1.739408281250000000e+05
1.193027890625000000e+05
1.204002421875000000e+05
4.013694921875000000e+04
9.763709960937500000e+03
8.682750244140625000e+02
2.363624531250000000e+05
1.440124218750000000e+05
2.165665156250000000e+05
1.370110839843750000e+04
5.789586875000000000e+05
5.241406250000000000e+04
2.169651367187500000e+04
6.904477500000000000e+05
4.636579895019531250e+02
6.419593750000000000e+04
4.932303125000000000e+04
1.085770468750000000e+05
2.214145468750000000e+05
4.564076250000000000e+05
2.580356250000000000e+04
3.223628125000000000e+04
1.058627343750000000e+04
6.042297265625000000e+04
1.318517382812500000e+04
2.649482500000000000e+05
1.809900781250000000e+04
2.025417578125000000e+04
2.283315917968750000e+03
2.369685312500000000e+05
2.645090026855468750e+02
3.052769531250000000e+04
1.523592968750000000e+05
3.137868359375000000e+04
1.984947265625000000e+04
9.139124218750000000e+04
1.840858789062500000e+04
7.964726074218750000e+03
2.911981562500000000e+05
6.834503906250000000e+03
1.643220312500000000e+05
6.396282812500000000e+04
2.957493896484375000e+03
7.173994531250000000e+04
1.908220062255859375e+02
3.243049072265625000e+03
4.550180468750000000e+04
1.615127148437500000e+04
1.165470019531250000e+04
3.231054375000000000e+05
1.527157343750000000e+05
9.122342968750000000e+04
6.365157031250000000e+04
1.717547851562500000e+04
4.267232031250000000e+04
5.412371875000000000e+05
1.709213906250000000e+05
4.540798437500000000e+04
1.214636015625000000e+05
4.885171484375000000e+04
1.459948593750000000e+05
1.264400005340576172e+01
6.412110546875000000e+04
1.733680468750000000e+05
8.538000106811523438e+00
1.066892968750000000e+05
9.189458750000000000e+05
9.407459716796875000e+02
1.968759062500000000e+05
4.031819062500000000e+05
2.865492812500000000e+05
6.593520996093750000e+03
1.016721250000000000e+05
3.570896484375000000e+04
3.788916562500000000e+05
1.441458300781250000e+04
5.662771875000000000e+05
1.100345996093750000e+04
1.053670234375000000e+05
3.307535625000000000e+05
1.389314531250000000e+05
2.242203437500000000e+05
3.215444335937500000e+04
1.021724902343750000e+04
6.722269375000000000e+05
1.659310156250000000e+05
1.508663769531250000e+04
1.396386962890625000e+03
1.574735781250000000e+05
7.085603125000000000e+04
3.594924062500000000e+05
1.183050468750000000e+05
7.453664062500000000e+04
5.482349121093750000e+03
9.642132031250000000e+04
6.996149218750000000e+04
7.446851562500000000e+04
2.941161914062500000e+04
1.550599062500000000e+05
5.019999980926513672e+00
1.003876953125000000e+04
8.775079956054687500e+02
2.054718125000000000e+05
4.806353906250000000e+04
1.536247070312500000e+04
7.201840209960937500e+02
2.894366250000000000e+05
1.831771679687500000e+04
1.578972187500000000e+05
6.732560937500000000e+04
8.035553222656250000e+03
1.335851250000000000e+05
2.440306718750000000e+05
2.905360546875000000e+04
5.714387890625000000e+04
4.468087109375000000e+04
1.036777246093750000e+04
7.727342968750000000e+04
4.421875976562500000e+03
1.116362060546875000e+03
1.041436953125000000e+05
3.398730468750000000e+04
2.409116875000000000e+05
6.642176757812500000e+03
4.731798046875000000e+04
3.797356640625000000e+04
2.857642578125000000e+04
1.162023144531250000e+04
6.166877343750000000e+04
1.177059296875000000e+05
4.721948828125000000e+04
9.177475781250000000e+04
4.046397265625000000e+04
9.407819531250000000e+04
4.954773437500000000e+04
8.707917187500000000e+04
1.964473828125000000e+04
1.514455000000000000e+05
1.055886962890625000e+03
2.553999900817871094e+00
2.066509375000000000e+04
2.289036875000000000e+05
3.876957421875000000e+04
2.327444062500000000e+05
8.399817187500000000e+04
1.415857324218750000e+04
9.889080200195312500e+02
2.415999889373779297e+00
3.055145312500000000e+04
2.210788437500000000e+05
1.081452968750000000e+05
4.196707812500000000e+04
6.628393750000000000e+04
3.408606933593750000e+03
1.117570037841796875e+02
6.687436875000000000e+05
2.332878320312500000e+04
1.124356484375000000e+05
3.698285937500000000e+04
4.820989062500000000e+04
4.718647656250000000e+04
1.341793066406250000e+04
7.333480468750000000e+04
4.480148046875000000e+04
3.663337109375000000e+04
4.216370625000000000e+05
3.204416406250000000e+04
2.654050937500000000e+05
3.155999946594238281e+01
3.963000059127807617e+00
7.230837500000000000e+04
1.842283007812500000e+04
1.615377500000000000e+05
3.260542812500000000e+05
3.171927187500000000e+05
3.104729375000000000e+05
8.652859375000000000e+04
1.107923437500000000e+05
3.898099899291992188e+01
3.246030078125000000e+04
3.733000040054321289e+00
1.878028710937500000e+04
6.178869921875000000e+04
1.618305273437500000e+04
2.684682226562500000e+04
2.110631875000000000e+05
7.945476562500000000e+04
2.089210351562500000e+04
8.190416406250000000e+04
3.211187187500000000e+05
4.461078515625000000e+04
4.671241875000000000e+05
9.344717500000000000e+05
2.074942578125000000e+04
4.426307128906250000e+03
1.110082734375000000e+05
3.035627343750000000e+04
3.207223750000000000e+05
1.422897187500000000e+05
2.358336328125000000e+04
2.241447656250000000e+04
2.224999904632568359e+00
1.485627656250000000e+05
3.187231562500000000e+05
1.169774843750000000e+05
6.492349609375000000e+04
1.422567187500000000e+05
8.049800109863281250e+01
4.223373828125000000e+04
4.206167187500000000e+04
4.386679199218750000e+03
2.104405664062500000e+04
5.860235546875000000e+04
1.043206347656250000e+04
1.209806562500000000e+05
2.042763085937500000e+04
6.842885156250000000e+04
4.842999935150146484e+00
3.791606250000000000e+05
3.286697812500000000e+05
1.108262109375000000e+05
1.824309997558593750e+02
7.674182128906250000e+03
2.802641406250000000e+04
2.240079101562500000e+03
2.871780664062500000e+04
6.586671875000000000e+04
1.118336015625000000e+05
2.126971289062500000e+04
1.467201049804687500e+03
1.215138750000000000e+05
1.086187011718750000e+04
4.538707500000000000e+05
2.394131640625000000e+04
3.315337812500000000e+05
1.572221875000000000e+05
1.570777812500000000e+05
6.602950781250000000e+04
3.016116406250000000e+04
1.988454687500000000e+05
4.092000007629394531e+00
4.149630312500000000e+05
3.165736875000000000e+05
3.132489843750000000e+04
1.123259960937500000e+04
6.870198437500000000e+04
1.029427636718750000e+04
9.887264648437500000e+03
8.756187500000000000e+04
1.318163437500000000e+05
3.266999959945678711e+00
5.380148750000000000e+05
6.836110839843750000e+03
3.412182187500000000e+05
7.970943750000000000e+05
1.536809687500000000e+05
8.409517578125000000e+03
1.221429977416992188e+02
6.621100000000000000e+04
7.109929375000000000e+05
3.605755312500000000e+05
4.478320800781250000e+03
1.239949414062500000e+04
3.505746093750000000e+03
8.431807500000000000e+05
4.434505859375000000e+04
1.094347656250000000e+04
5.277999877929687500e+02
2.186281093750000000e+05
1.320540008544921875e+02
2.058151562500000000e+04
2.015260937500000000e+04
5.595317968750000000e+04
2.155716093750000000e+05
2.317879492187500000e+04
1.804314375000000000e+05
