1.871760986328125000e+03
5.527402832031250000e+03
1.349126269531250000e+04
2.457690625000000000e+04
7.118961914062500000e+03
2.434999942779541016e+00
1.850924023437500000e+04
4.477467968750000000e+04
2.467635546875000000e+04
1.388849945068359375e+02
1.575899982452392578e+01
8.025780761718750000e+03
4.889699935913085938e+01
4.264953125000000000e+03
8.882674804687500000e+03
1.345189257812500000e+04
3.439504882812500000e+03
1.471568554687500000e+04
9.010793945312500000e+03
2.215122265625000000e+04
8.391391601562500000e+03
1.700347070312500000e+04
6.392599868774414062e+01
6.927000045776367188e+00
3.966000080108642578e+00
8.824999809265136719e+00
8.587100219726562500e+01
2.598368945312500000e+04
5.874000072479248047e+00
2.329640045166015625e+02
9.846734375000000000e+03
5.423642089843750000e+03
1.262426025390625000e+03
8.522057617187500000e+03
1.428941040039062500e+03
3.717260156250000000e+04
1.409000039100646973e+00
1.395283691406250000e+04
9.261742187500000000e+03
8.377847656250000000e+03
6.225499023437500000e+03
4.529039916992187500e+02
5.623899841308593750e+01
4.149332031250000000e+03
7.348999977111816406e+00
3.572000026702880859e+00
2.180999994277954102e+00
2.780708203125000000e+04
1.577125292968750000e+04
1.808893164062500000e+04
8.339073242187500000e+03
1.199649963378906250e+02
4.683000087738037109e+00
3.164641406250000000e+04
4.883999824523925781e+00
1.032461059570312500e+03
2.624646679687500000e+04
1.826621289062500000e+04
2.536399218750000000e+04
1.257977148437500000e+04
1.745490625000000000e+04
1.961225195312500000e+04
8.267257812500000000e+03
1.137857910156250000e+04
8.220999717712402344e+00
1.925920043945312500e+03
2.302999973297119141e+00
1.414733886718750000e+04
2.044734008789062500e+03
6.110000133514404297e+00
1.403062304687500000e+04
4.000726953125000000e+04
8.566295898437500000e+03
1.286494335937500000e+04
1.542317480468750000e+04
2.422420043945312500e+02
5.540834960937500000e+03
2.175419921875000000e+03
1.168048437500000000e+04
3.395037109375000000e+03
4.627999782562255859e+00
2.133590039062500000e+04
2.616646484375000000e+04
5.151999950408935547e+00
1.524551562500000000e+04
3.542000055313110352e+00
2.052217578125000000e+04
3.100693750000000000e+04
9.311450195312500000e+02
5.647056152343750000e+03
4.356891113281250000e+03
5.834648437500000000e+04
1.578129785156250000e+04
1.699514062500000000e+04
6.601629882812500000e+03
4.251750000000000000e+03
7.089000225067138672e+00
2.220100021362304688e+01
4.263000011444091797e+00
1.167165625000000000e+04
3.614683105468750000e+03
3.698606933593750000e+03
1.606599998474121094e+01
9.064263671875000000e+03
1.504214257812500000e+04
1.460520019531250000e+02
6.270630859375000000e+03
6.185999870300292969e+00
2.116698828125000000e+04
2.610510546875000000e+04
1.292214843750000000e+04
1.876561523437500000e+04
1.355608300781250000e+04
6.695789794921875000e+02
5.317999839782714844e+00
1.343384082031250000e+04
1.164823144531250000e+04
5.892102050781250000e+03
1.785380078125000000e+04
4.947000026702880859e+00
9.739199218750000000e+03
3.630000114440917969e+00
8.115051757812500000e+03
7.752709960937500000e+03
1.704000091552734375e+01
2.778943115234375000e+03
2.204360156250000000e+04
8.278376953125000000e+03
2.758012939453125000e+03
3.661000013351440430e+00
8.366599731445312500e+02
5.323099899291992188e+01
6.733778808593750000e+03
1.477608032226562500e+03
4.096679992675781250e+02
1.464970947265625000e+03
1.000199985504150391e+01
2.519485546875000000e+04
3.499000072479248047e+00
2.005218945312500000e+04
2.672206054687500000e+03
2.039858203125000000e+04
2.433178125000000000e+04
2.559820898437500000e+04
4.297900009155273438e+01
5.461999893188476562e+00
5.331142089843750000e+03
2.260181445312500000e+04
2.626105273437500000e+04
1.445996875000000000e+04
1.363348925781250000e+04
2.575229980468750000e+03
2.056450042724609375e+02
1.631482031250000000e+04
7.357675781250000000e+03
2.927479003906250000e+03
3.077201171875000000e+04
1.047374511718750000e+04
3.664199829101562500e+01
5.883999824523925781e+00
8.765657226562500000e+03
2.272835937500000000e+04
9.058372070312500000e+03
4.815339965820312500e+02
2.579999923706054688e+00
8.850999832153320312e+00
1.647599983215332031e+01
7.020399780273437500e+02
5.398393066406250000e+03
5.184999942779541016e+00
1.572059936523437500e+02
1.925099945068359375e+01
7.130238769531250000e+03
7.355911132812500000e+03
9.023500061035156250e+01
1.720294531250000000e+04
7.640799713134765625e+01
1.526000022888183594e+01
4.160400085449218750e+02
1.340999960899353027e+00
4.258139160156250000e+03
5.764228027343750000e+03
7.019398925781250000e+03
2.568870117187500000e+03
9.553708984375000000e+03
6.849048828125000000e+03
4.076000213623046875e+00
1.018315136718750000e+04
8.414999961853027344e+00
3.801699829101562500e+01
1.726343994140625000e+03
5.685966015625000000e+04
3.450999975204467773e+00
3.390956640625000000e+04
1.715381250000000000e+04
9.601200103759765625e+01
1.750000000000000000e+01
5.223119140625000000e+04
1.225149707031250000e+04
3.156459960937500000e+03
6.772999763488769531e+00
5.138191894531250000e+03
7.905000209808349609e+00
1.924554687500000000e+04
2.796626953125000000e+03
7.904495117187500000e+03
6.749780273437500000e+02
2.074846923828125000e+03
4.381051171875000000e+04
1.222126367187500000e+04
3.558000087738037109e+00
8.829624023437500000e+03
3.775000095367431641e+00
1.616865722656250000e+04
4.167423828125000000e+03
1.244409057617187500e+03
8.192000389099121094e+00
1.109069628906250000e+04
1.378712695312500000e+04
2.208499908447265625e+01
3.273399963378906250e+02
2.532292773437500000e+04
1.627938964843750000e+03
1.475699996948242188e+01
9.739087890625000000e+03
1.370786035156250000e+04
2.815999984741210938e+00
5.866000175476074219e+00
7.693660278320312500e+02
4.719999790191650391e+00
2.594232617187500000e+04
3.649613037109375000e+03
5.008999824523925781e+00
3.752000093460083008e+00
1.167945898437500000e+04
4.976175390625000000e+04
5.054999828338623047e+00
7.757377929687500000e+03
2.027954882812500000e+04
2.656835937500000000e+03
3.973936035156250000e+03
1.804905468750000000e+04
9.195923828125000000e+03
5.471189941406250000e+03
1.144000053405761719e+00
2.341148242187500000e+04
3.397880078125000000e+04
1.087833593750000000e+04
4.851149902343750000e+02
3.656035156250000000e+04
2.344333984375000000e+03
7.978761230468750000e+03
1.789058984375000000e+04
3.601409912109375000e+02
6.228599929809570312e+01
4.784999847412109375e+00
1.353494531250000000e+04
3.599999904632568359e+00
1.659125390625000000e+04
9.693199920654296875e+01
1.373451757812500000e+04
2.054789648437500000e+04
8.121999740600585938e+00
1.284000015258789062e+01
7.874063964843750000e+03
1.573431738281250000e+04
1.051696044921875000e+03
5.055298828125000000e+04
3.916400146484375000e+01
9.107620239257812500e+02
2.566600097656250000e+03
1.333910546875000000e+04
1.808691406250000000e+04
8.287640625000000000e+03
2.393741992187500000e+04
3.942803955078125000e+03
4.684999942779541016e+00
2.033875585937500000e+04
4.985419921875000000e+02
1.114849975585937500e+03
5.091980957031250000e+03
2.820457031250000000e+03
5.336188964843750000e+03
1.104487402343750000e+04
1.078333007812500000e+04
1.366745703125000000e+04
2.779999971389770508e+00
1.650844726562500000e+04
5.943999767303466797e+00
3.673156982421875000e+03
2.946591064453125000e+03
2.001661718750000000e+04
4.001989013671875000e+03
3.930756103515625000e+03
5.592020263671875000e+02
3.180791992187500000e+03
6.126069946289062500e+02
4.158999919891357422e+00
2.059381103515625000e+03
8.463492187500000000e+03
1.982094531250000000e+04
1.309295605468750000e+04
1.437875976562500000e+03
8.408170898437500000e+03
3.944321875000000000e+04
5.818044921875000000e+03
1.619722045898437500e+03
7.533687011718750000e+03
5.468443359375000000e+04
1.501133105468750000e+04
2.403000116348266602e+00
8.014782031250000000e+04
2.452899932861328125e+01
1.219733300781250000e+04
4.050888916015625000e+03
1.307180023193359375e+02
9.888324218750000000e+03
7.637880859375000000e+03
4.211109863281250000e+03
2.997474121093750000e+03
1.421423144531250000e+04
1.801684375000000000e+04
1.468021582031250000e+04
2.001430859375000000e+04
3.524536328125000000e+04
9.246232421875000000e+03
3.758772949218750000e+03
1.474400043487548828e+01
9.780454101562500000e+03
9.536000251770019531e+00
6.421250000000000000e+03
1.455185351562500000e+04
9.133313476562500000e+03
2.663000106811523438e+00
1.245859985351562500e+02
1.887510070800781250e+02
8.457304687500000000e+03
8.559030273437500000e+03
1.959822460937500000e+04
2.848000049591064453e+00
5.771500015258789062e+01
4.435617187500000000e+03
1.228804101562500000e+04
1.039763671875000000e+04
2.186298095703125000e+03
1.351499938964843750e+02
3.527700042724609375e+01
1.257125195312500000e+04
6.639700317382812500e+01
4.210314453125000000e+04
2.129929962158203125e+02
2.695800018310546875e+01
1.325548437500000000e+04
2.055100059509277344e+01
5.818294921875000000e+03
6.141833984375000000e+03
6.276000022888183594e+00
5.589000225067138672e+00
1.688788085937500000e+04
2.963150878906250000e+03
5.100999832153320312e+00
2.988049072265625000e+03
8.692999839782714844e+00
1.933773437500000000e+04
9.651500976562500000e+03
6.751999855041503906e+00
1.812286010742187500e+03
5.103687988281250000e+03
1.751883056640625000e+03
1.077400016784667969e+01
5.495999813079833984e+00
2.155530468750000000e+04
3.141999959945678711e+00
9.955663085937500000e+03
5.120999908447265625e+01
1.090600013732910156e+01
2.700442382812500000e+04
3.802999973297119141e+00
7.191839843750000000e+03
1.804000020027160645e+00
1.764052148437500000e+04
2.034359985351562500e+03
2.648689941406250000e+03
4.576444824218750000e+03
5.678709716796875000e+02
2.969300079345703125e+01
1.268540332031250000e+04
1.673748632812500000e+04
1.080269433593750000e+04
5.093399810791015625e+01
2.168960742187500000e+04
2.453774902343750000e+03
4.366481933593750000e+03
1.920864453125000000e+04
6.557000160217285156e+00
2.892600059509277344e+01
1.125663378906250000e+04
8.010999679565429688e+00
2.866154052734375000e+03
1.276394921875000000e+04
1.839091992187500000e+04
6.330262207031250000e+03
7.447599792480468750e+01
4.057530468750000000e+04
2.936812011718750000e+03
7.428820190429687500e+02
7.087999820709228516e+00
4.996050109863281250e+02
1.874279296875000000e+04
7.254832031250000000e+03
1.615580957031250000e+04
9.723500061035156250e+01
1.052799987792968750e+01
2.168904052734375000e+03
6.214673828125000000e+03
2.711742919921875000e+03
9.711880859375000000e+03
1.909591015625000000e+04
4.426325195312500000e+03
8.661431640625000000e+03
8.204535937500000000e+04
4.847000122070312500e+00
6.872650146484375000e+02
4.139999866485595703e+00
1.376163281250000000e+04
7.522268066406250000e+03
3.231700134277343750e+02
1.326017968750000000e+04
1.154199981689453125e+01
1.094069976806640625e+02
2.695640234375000000e+04
5.852830200195312500e+02
8.731817382812500000e+03
1.039599990844726562e+01
3.960939941406250000e+02
4.710067871093750000e+03
3.295648925781250000e+03
1.287485961914062500e+03
4.568999767303466797e+00
6.222409375000000000e+04
5.256999969482421875e+00
7.856534179687500000e+03
1.820599937438964844e+01
3.263729980468750000e+03
8.387000083923339844e+00
1.049166015625000000e+04
6.025699996948242188e+01
9.776970214843750000e+02
1.412115966796875000e+03
2.012929992675781250e+02
7.564621093750000000e+03
1.805822656250000000e+04
1.127798242187500000e+04
4.368999958038330078e+00
4.319926757812500000e+03
6.900100097656250000e+03
2.306286718750000000e+04
9.869999885559082031e+00
3.084000110626220703e+00
1.130715625000000000e+04
1.717440429687500000e+04
2.604593994140625000e+03
1.498935253906250000e+04
4.791350097656250000e+03
3.683000087738037109e+00
4.532000064849853516e+00
3.134099960327148438e+01
3.341625000000000000e+03
3.466799926757812500e+01
3.083796289062500000e+04
8.352794921875000000e+03
5.878530273437500000e+02
2.287999916076660156e+01
6.056874023437500000e+03
1.943572998046875000e+03
6.826300048828125000e+02
1.004500007629394531e+01
6.564641113281250000e+03
7.515620117187500000e+03
8.230000138282775879e-01
3.549624023437500000e+03
1.757302343750000000e+04
2.086906982421875000e+03
8.642709960937500000e+03
4.318028808593750000e+03
1.599555566406250000e+04
1.569886914062500000e+04
1.437744531250000000e+04
9.662595703125000000e+03
3.646589965820312500e+02
1.543191796875000000e+04
5.195800018310546875e+01
1.781000018119812012e+00
2.363800048828125000e+01
2.428235156250000000e+04
5.550400161743164062e+01
4.484389953613281250e+02
2.871329956054687500e+02
2.143641113281250000e+03
1.872400093078613281e+01
7.792596191406250000e+03
5.180000066757202148e-01
5.000000000000000000e+00
8.686768554687500000e+03
1.440600013732910156e+01
6.994999885559082031e+00
1.546000003814697266e+00
3.026381103515625000e+03
1.210900020599365234e+01
2.571199989318847656e+01
5.121336914062500000e+03
1.283549957275390625e+02
4.905000209808349609e+00
1.105944921875000000e+04
4.722100067138671875e+01
7.756999969482421875e+00
1.415876562500000000e+04
1.143439257812500000e+04
2.404540234375000000e+04
1.396118164062500000e+04
1.608600044250488281e+01
2.484641992187500000e+04
2.153000068664550781e+01
1.441838574218750000e+04
5.995733886718750000e+03
3.201399993896484375e+01
2.658964111328125000e+03
1.728999972343444824e+00
9.435139770507812500e+02
4.797039062500000000e+03
1.565657226562500000e+04
1.992857812500000000e+04
4.113999843597412109e+00
5.073688964843750000e+03
1.523900032043457031e+01
4.485897949218750000e+03
4.054677001953125000e+03
7.681193847656250000e+03
1.135058398437500000e+04
5.091000080108642578e+00
1.465806933593750000e+04
2.261894531250000000e+04
8.141699981689453125e+01
1.620310058593750000e+02
3.099183593750000000e+04
1.213009277343750000e+04
3.741270312500000000e+04
1.333127734375000000e+04
7.533499023437500000e+03
3.013949023437500000e+04
1.168200016021728516e+01
4.121728027343750000e+03
1.985999941825866699e+00
1.487945898437500000e+04
2.928999900817871094e+00
3.447675000000000000e+04
1.819317382812500000e+04
1.565914355468750000e+04
1.188181030273437500e+03
7.379000186920166016e+00
9.039999842643737793e-01
6.655395019531250000e+03
6.857061035156250000e+03
1.121800041198730469e+01
2.147031982421875000e+03
5.167579101562500000e+03
1.622900009155273438e+01
4.689020080566406250e+02
1.547200012207031250e+01
3.125677001953125000e+03
3.885971484375000000e+04
1.747636718750000000e+04
9.639452148437500000e+03
1.878499984741210938e+01
1.145817480468750000e+04
3.300706054687500000e+03
4.879673828125000000e+04
5.417178222656250000e+03
8.947382812500000000e+03
1.126899218750000000e+04
5.899951171875000000e+03
1.458600044250488281e+01
3.880139892578125000e+03
1.055929199218750000e+04
1.524177832031250000e+04
1.480979980468750000e+03
3.793659912109375000e+03
1.452401953125000000e+04
5.202191015625000000e+04
3.570892089843750000e+03
7.057788085937500000e+03
5.385000228881835938e+00
1.864234008789062500e+03
2.805220031738281250e+02
2.370399902343750000e+03
2.269421289062500000e+04
1.925117187500000000e+04
3.477410888671875000e+03
6.747587890625000000e+03
7.633099121093750000e+03
5.517300033569335938e+01
6.467625000000000000e+04
2.388938867187500000e+04
3.772179870605468750e+02
3.882199859619140625e+01
1.210851171875000000e+04
1.170339965820312500e+02
1.773789062500000000e+04
1.035799980163574219e+01
3.792645019531250000e+03
9.767429809570312500e+02
1.243856054687500000e+04
1.658630065917968750e+02
4.454999923706054688e+00
3.901479980468750000e+03
1.727702734375000000e+04
1.792322998046875000e+03
1.394683789062500000e+04
1.065641699218750000e+04
3.409844970703125000e+03
5.759267089843750000e+03
2.091000080108642578e+00
9.856324218750000000e+03
1.685824951171875000e+03
6.738999843597412109e+00
1.004102539062500000e+04
3.415300048828125000e+03
1.246175000000000000e+04
7.034276855468750000e+03
1.609107055664062500e+03
6.032275878906250000e+03
3.632183593750000000e+04
4.727270019531250000e+03
2.213884765625000000e+04
3.371540039062500000e+03
2.506052978515625000e+03
1.310799980163574219e+01
1.301119995117187500e+03
1.590999960899353027e+00
3.598372070312500000e+03
4.108100128173828125e+01
1.081239648437500000e+04
8.269000053405761719e+00
2.713441406250000000e+04
6.162256835937500000e+03
4.313323242187500000e+03
2.518344726562500000e+04
3.717032958984375000e+03
9.523010253906250000e+02
2.248142578125000000e+04
2.326938964843750000e+03
1.759482055664062500e+03
9.212206054687500000e+03
1.851700019836425781e+01
7.575691894531250000e+03
4.377670898437500000e+03
6.225300292968750000e+02
1.416507031250000000e+04
1.092683886718750000e+04
2.730000019073486328e+00
4.613600097656250000e+03
2.585968994140625000e+03
7.544639892578125000e+02
1.019499969482421875e+01
5.231399917602539062e+01
1.443543261718750000e+04
7.002897949218750000e+03
3.968850097656250000e+03
2.648066894531250000e+03
1.738653320312500000e+04
3.471666992187500000e+03
1.689634033203125000e+03
3.754188671875000000e+04
8.677563476562500000e+03
4.885240234375000000e+03
5.914999961853027344e+00
3.005360156250000000e+04
3.254083203125000000e+04
1.683245312500000000e+04
1.112442675781250000e+04
6.798588867187500000e+03
3.164944140625000000e+04
5.807662109375000000e+03
1.245030761718750000e+04
5.619499969482421875e+01
1.771365039062500000e+04
3.629129296875000000e+04
9.338097656250000000e+03
6.335949707031250000e+02
6.000551757812500000e+03
2.068819921875000000e+04
4.360623046875000000e+03
1.452905078125000000e+04
1.444946289062500000e+04
2.718099975585937500e+01
6.077205078125000000e+03
8.595500183105468750e+01
5.599573242187500000e+03
1.807494531250000000e+04
2.730750000000000000e+03
4.973564941406250000e+03
6.190000057220458984e+00
9.982638671875000000e+03
4.490599822998046875e+01
7.769000053405761719e+00
1.503264843750000000e+04
1.178471679687500000e+04
6.673999786376953125e+00
1.246416113281250000e+04
2.842337890625000000e+03
1.845208007812500000e+03
2.211461328125000000e+04
2.573219970703125000e+03
4.313800781250000000e+03
1.244182983398437500e+03
1.579237988281250000e+04
9.722383789062500000e+03
5.791600036621093750e+01
1.999372656250000000e+04
6.290787109375000000e+03
8.943330078125000000e+03
3.997410888671875000e+03
5.022226074218750000e+03
6.589311035156250000e+03
5.062066894531250000e+03
1.234331054687500000e+03
4.173400115966796875e+01
1.386453125000000000e+04
1.489687109375000000e+04
6.361000061035156250e+00
1.534019927978515625e+02
2.781877929687500000e+03
9.097000122070312500e+00
8.431334960937500000e+03
6.051965625000000000e+04
9.592157226562500000e+03
1.894351757812500000e+04
6.263309936523437500e+02
3.699277099609375000e+03
5.501275878906250000e+03
4.205479980468750000e+03
7.716363769531250000e+03
1.599982324218750000e+04
5.607097167968750000e+03
1.195057324218750000e+04
1.443633984375000000e+04
1.348703808593750000e+04
1.601992871093750000e+04
1.408800029754638672e+01
2.429559082031250000e+03
1.165971386718750000e+04
4.418902832031250000e+03
2.382999897003173828e+00
2.733799934387207031e+01
1.201063476562500000e+04
1.215370025634765625e+02
1.664999961853027344e+00
6.841200256347656250e+01
7.297865234375000000e+03
6.248442871093750000e+03
3.563999891281127930e+00
2.414422851562500000e+04
5.651002343750000000e+04
6.011100006103515625e+01
7.159748046875000000e+03
1.645632226562500000e+04
8.163352050781250000e+03
3.649399948120117188e+01
6.484462890625000000e+03
3.954999923706054688e+00
1.953411132812500000e+04
3.034812988281250000e+03
1.342462792968750000e+04
1.989100074768066406e+01
2.901000022888183594e+01
7.846566894531250000e+03
5.197715820312500000e+03
2.987400054931640625e+01
4.388370703125000000e+04
9.236346679687500000e+03
7.610871093750000000e+03
1.902700042724609375e+01
1.915933007812500000e+04
2.565699958801269531e+01
3.636300048828125000e+03
5.749000072479248047e+00
1.697284057617187500e+03
2.391844970703125000e+03
5.671719970703125000e+02
2.463999986648559570e+00
1.836067016601562500e+03
2.298584179687500000e+04
2.066128906250000000e+03
1.173999977111816406e+01
2.294236132812500000e+04
7.829999923706054688e+00
1.086031005859375000e+03
9.761747070312500000e+03
4.915999889373779297e+00
4.380710144042968750e+02
8.965755859375000000e+03
2.429199981689453125e+01
9.678999900817871094e+00
1.055617382812500000e+04
5.449632421875000000e+04
3.548000097274780273e+00
8.076304199218750000e+03
9.543999671936035156e+00
3.202722265625000000e+04
1.050000000000000000e+01
1.875418554687500000e+04
1.061792480468750000e+04
5.793904785156250000e+03
1.782066040039062500e+03
2.446195068359375000e+03
8.068571777343750000e+03
5.532838867187500000e+03
5.805699920654296875e+01
2.414410888671875000e+03
4.317812988281250000e+03
6.041136230468750000e+03
1.901999950408935547e+00
2.958250122070312500e+02
5.567999839782714844e+00
5.680724121093750000e+03
1.674914257812500000e+04
5.002555175781250000e+03
4.835906250000000000e+04
2.622674609375000000e+04
6.644511230468750000e+03
1.860218017578125000e+03
6.926146972656250000e+03
2.834275878906250000e+03
1.754740820312500000e+04
5.909645019531250000e+03
7.250000238418579102e-01
1.820148632812500000e+04
1.983000040054321289e+00
1.188799953460693359e+01
3.275600051879882812e+01
2.795359765625000000e+04
5.922999877929687500e+02
1.102848022460937500e+03
4.324999809265136719e+00
4.672299957275390625e+01
4.198999881744384766e+00
7.180408203125000000e+03
2.537445312500000000e+04
1.484200000762939453e+01
5.603673828125000000e+04
2.682349853515625000e+02
1.097000002861022949e+00
5.830810058593750000e+03
6.933100128173828125e+01
1.574815820312500000e+04
6.096599960327148438e+01
4.572536718750000000e+04
3.246999979019165039e+00
2.460999965667724609e+00
1.554095898437500000e+04
3.157937011718750000e+03
1.765813085937500000e+04
2.552043945312500000e+03
3.472870117187500000e+03
3.592000007629394531e+00
1.246628613281250000e+04
2.422220001220703125e+02
4.830134765625000000e+03
8.913936523437500000e+03
1.895741015625000000e+04
4.639769897460937500e+02
5.927000045776367188e+00
3.990729980468750000e+02
1.963895117187500000e+04
2.021557006835937500e+03
2.103000068664550781e+01
3.707068115234375000e+03
5.646999835968017578e+00
3.063999891281127930e+00
1.222399997711181641e+01
1.879800033569335938e+01
4.685371093750000000e+03
3.421279052734375000e+03
2.537705078125000000e+03
3.575999975204467773e+00
7.484698242187500000e+03
3.722240625000000000e+04
3.908710021972656250e+02
1.636000037193298340e+00
9.717000007629394531e+00
4.051303125000000000e+04
9.553000450134277344e+00
6.817039794921875000e+02
7.065185058593750000e+03
8.253999710083007812e+00
1.466699981689453125e+01
2.698600006103515625e+01
7.554909179687500000e+03
3.058640625000000000e+04
3.449818115234375000e+03
4.270027832031250000e+03
3.757791015625000000e+03
4.678032226562500000e+03
1.302259979248046875e+02
1.478510937500000000e+04
5.278200149536132812e+01
5.969912109375000000e+03
6.190183105468750000e+03
4.876999855041503906e+00
1.287399047851562500e+03
4.830999851226806641e+00
2.763138476562500000e+04
4.285200119018554688e+01
3.520999908447265625e+00
2.325912500000000000e+04
1.968499946594238281e+01
5.599169921875000000e+02
4.795000076293945312e+00
6.497619140625000000e+03
9.732500000000000000e+02
7.848215820312500000e+03
4.291423828125000000e+03
4.747000217437744141e+00
2.625000000000000000e+00
4.931688964843750000e+03
8.705093750000000000e+03
2.777275878906250000e+03
2.739299964904785156e+01
1.639246948242187500e+03
1.000860351562500000e+04
2.092468994140625000e+03
2.043733789062500000e+04
2.240860107421875000e+03
1.811199951171875000e+03
1.953139953613281250e+02
2.421902099609375000e+03
3.877000093460083008e+00
2.971483203125000000e+04
1.199439160156250000e+04
2.623627734375000000e+04
3.161999940872192383e+00
2.464406982421875000e+03
1.285049414062500000e+04
2.878779492187500000e+04
8.104144042968750000e+03
6.875834960937500000e+03
1.071500015258789062e+01
1.633004589843750000e+04
1.959291796875000000e+04
1.078530029296875000e+03
5.095719909667968750e+02
3.645472656250000000e+04
1.662261132812500000e+04
8.771306640625000000e+03
1.169850976562500000e+04
1.658891992187500000e+04
1.073799991607666016e+01
1.384999990463256836e+00
5.085300064086914062e+01
1.235967041015625000e+03
5.211999893188476562e+00
1.345196484375000000e+04
6.094696777343750000e+03
8.303179931640625000e+02
3.086160888671875000e+03
4.523557031250000000e+04
5.310640258789062500e+02
6.057105859375000000e+04
1.909399986267089844e+01
6.097000122070312500e+00
2.876152099609375000e+03
5.173003906250000000e+03
2.389453320312500000e+04
2.307784179687500000e+04
1.463370971679687500e+03
4.186863769531250000e+03
7.364995117187500000e+03
7.239999771118164062e+00
5.628259765625000000e+03
5.776000022888183594e+00
6.663922851562500000e+03
1.199242968750000000e+04
3.618254687500000000e+04
3.573999881744384766e+00
6.294800186157226562e+01
8.896195312500000000e+03
4.762285156250000000e+03
2.362499804687500000e+04
5.148548828125000000e+03
9.015000343322753906e+00
1.731659057617187500e+03
1.015100002288818359e+01
3.167999982833862305e+00
1.408862304687500000e+04
2.634309997558593750e+02
1.186017871093750000e+04
6.757999897003173828e+00
7.462730957031250000e+03
3.658447021484375000e+03
2.623134375000000000e+04
