1.645100021362304688e+01
1.016539993286132812e+02
2.294790039062500000e+02
3.256260070800781250e+02
2.374689941406250000e+02
2.496999931335449219e+01
1.356979980468750000e+02
2.246199989318847656e+01
3.902299880981445312e+01
4.350999832153320312e+00
9.203399658203125000e+01
1.013809967041015625e+02
6.814499664306640625e+01
9.350900268554687500e+01
2.319300079345703125e+01
4.034000015258789062e+01
8.514450073242187500e+02
1.006716979980468750e+03
2.030551025390625000e+03
1.475859985351562500e+02
1.182040023803710938e+02
4.343750000000000000e+02
2.613400077819824219e+01
9.482299804687500000e+01
2.760000038146972656e+01
8.149800109863281250e+01
9.324900054931640625e+01
1.705890045166015625e+02
6.044400024414062500e+01
3.477099990844726562e+01
3.844410095214843750e+02
1.189850006103515625e+02
2.010509948730468750e+02
2.838096923828125000e+03
2.415599975585937500e+02
1.525800037384033203e+01
7.584920043945312500e+02
1.087500000000000000e+02
5.161800003051757812e+01
1.161669998168945312e+02
6.144370117187500000e+02
2.536999940872192383e+00
1.616519927978515625e+02
2.090460052490234375e+02
3.714500045776367188e+01
1.761859985351562500e+03
8.207599639892578125e+01
7.151599884033203125e+01
2.395899963378906250e+01
5.180599975585937500e+01
1.970700073242187500e+01
8.662599945068359375e+01
2.552499961853027344e+01
9.113400268554687500e+01
3.436100006103515625e+01
1.173479995727539062e+02
1.148467041015625000e+03
2.194599914550781250e+01
1.023349990844726562e+02
8.784899902343750000e+01
1.940099906921386719e+01
7.984500122070312500e+01
3.163850097656250000e+02
9.515739746093750000e+02
2.896599960327148438e+01
4.641899871826171875e+01
2.497550048828125000e+02
9.495700073242187500e+01
4.207600021362304688e+01
7.470700073242187500e+01
1.891159973144531250e+02
1.820690002441406250e+02
8.872799682617187500e+01
4.461700057983398438e+01
2.402799987792968750e+01
5.115900039672851562e+01
1.936179962158203125e+02
3.267800140380859375e+01
1.840449951171875000e+03
3.370610046386718750e+02
1.043160018920898438e+02
1.494450073242187500e+02
7.209000110626220703e+00
4.665299987792968750e+01
5.739999771118164062e+00
9.123000144958496094e+00
4.756299972534179688e+01
1.513179931640625000e+02
1.881390075683593750e+02
1.480472045898437500e+03
2.470989990234375000e+02
1.568799972534179688e+01
1.693379974365234375e+02
3.781690063476562500e+02
3.949599838256835938e+01
3.816549987792968750e+02
3.998800048828125000e+02
1.696299934387207031e+01
5.038700103759765625e+01
4.069200134277343750e+01
1.293459930419921875e+02
2.454149932861328125e+02
1.489190063476562500e+02
2.746860046386718750e+02
2.869300079345703125e+01
1.984199905395507812e+01
1.027787963867187500e+03
1.618450012207031250e+02
5.935900115966796875e+01
7.392559814453125000e+02
1.170100021362304688e+02
1.825449951171875000e+03
6.977500152587890625e+01
3.633499908447265625e+01
2.689200019836425781e+01
7.135800170898437500e+01
7.351999664306640625e+01
7.766600036621093750e+01
9.077799987792968750e+01
8.120460205078125000e+02
4.231579895019531250e+02
3.551200103759765625e+01
1.672599983215332031e+01
3.487799835205078125e+01
2.975499916076660156e+01
2.321519927978515625e+02
5.233700180053710938e+01
2.892669982910156250e+02
1.210630035400390625e+02
1.305599975585937500e+01
4.256000137329101562e+01
1.640639953613281250e+02
1.220383056640625000e+03
2.066640014648437500e+02
4.727999877929687500e+01
3.022999954223632812e+01
4.037900161743164062e+01
4.863700103759765625e+01
1.733890075683593750e+02
1.592030029296875000e+02
5.170000076293945312e+01
5.044200134277343750e+01
1.216320037841796875e+02
3.637900085449218750e+02
1.140799999237060547e+01
1.897359924316406250e+02
3.527700042724609375e+01
3.225999832153320312e+01
4.691999912261962891e+00
7.135000228881835938e+00
2.057689971923828125e+02
6.738800048828125000e+01
4.037200164794921875e+01
4.816400146484375000e+01
2.170999908447265625e+01
1.318899993896484375e+02
5.436399841308593750e+01
2.945499992370605469e+01
1.205400009155273438e+02
2.415740051269531250e+02
1.902700042724609375e+01
3.489199829101562500e+01
4.480699920654296875e+01
1.141839981079101562e+02
6.159899902343750000e+01
2.729100036621093750e+01
2.350070037841796875e+02
2.924289855957031250e+02
3.989500045776367188e+01
8.350900268554687500e+01
3.584500122070312500e+01
4.836299896240234375e+01
7.830999851226806641e+00
1.647570037841796875e+02
1.578600025177001953e+01
4.114799880981445312e+01
4.489799880981445312e+01
1.429230041503906250e+02
1.383809967041015625e+02
7.302000045776367188e+00
1.424689941406250000e+02
7.671049804687500000e+02
9.095000267028808594e+00
8.715999603271484375e+00
8.813600158691406250e+01
1.015240020751953125e+02
9.877200317382812500e+01
1.570800018310546875e+01
3.141940002441406250e+02
2.261929931640625000e+02
4.804399871826171875e+01
8.370999755859375000e+02
7.815000152587890625e+01
3.625299835205078125e+01
1.308970031738281250e+02
2.421699905395507812e+01
3.568810119628906250e+02
6.462599945068359375e+01
7.994100189208984375e+01
1.336649047851562500e+03
5.345600128173828125e+01
1.991250000000000000e+02
6.142239990234375000e+02
3.583000183105468750e+01
3.967560119628906250e+02
4.277500152587890625e+01
2.333390045166015625e+02
1.354800033569335938e+01
1.546629943847656250e+02
1.583399963378906250e+01
4.031800079345703125e+01
4.316299819946289062e+01
7.767260131835937500e+02
6.779499816894531250e+01
5.866630249023437500e+02
3.687099838256835938e+01
3.516299819946289062e+01
2.689100074768066406e+01
8.077500152587890625e+01
1.952547973632812500e+03
8.523500061035156250e+01
4.227999877929687500e+01
1.565799999237060547e+01
3.201999902725219727e+00
1.601922973632812500e+03
1.412199974060058594e+01
1.640410003662109375e+02
1.438540039062500000e+02
7.568800354003906250e+01
1.351900005340576172e+01
1.870619964599609375e+02
6.790200042724609375e+01
2.638540039062500000e+02
1.874300003051757812e+01
7.242800140380859375e+01
1.099921997070312500e+03
4.513700103759765625e+01
1.558800029754638672e+01
2.569299926757812500e+02
2.523090057373046875e+02
1.408079986572265625e+02
8.998500061035156250e+01
3.568269958496093750e+02
3.479199981689453125e+01
3.200099945068359375e+01
1.729270019531250000e+02
6.798999786376953125e+00
6.849500274658203125e+01
1.607500976562500000e+03
3.882900085449218750e+02
1.057839965820312500e+02
2.496929931640625000e+02
4.409999847412109375e+00
8.731519775390625000e+02
1.914399909973144531e+01
2.527599945068359375e+02
7.100000000000000000e+02
2.187100028991699219e+01
7.819060058593750000e+02
5.504110107421875000e+02
5.144580078125000000e+02
6.882199859619140625e+01
1.053817993164062500e+03
5.222299957275390625e+01
8.069030151367187500e+02
2.664618896484375000e+03
6.047900009155273438e+01
4.622000122070312500e+01
3.272680053710937500e+02
1.024639968872070312e+02
2.191799926757812500e+01
2.782500076293945312e+01
2.854400062561035156e+01
1.004049987792968750e+02
8.397000312805175781e+00
8.121099853515625000e+01
8.668000221252441406e+00
9.248799896240234375e+01
5.672647949218750000e+03
9.140499877929687500e+01
3.744800186157226562e+01
2.413529968261718750e+02
1.819010009765625000e+02
2.339500045776367188e+01
1.366889953613281250e+02
9.262000083923339844e+00
1.645700073242187500e+01
1.255790023803710938e+02
8.413300323486328125e+01
1.101399993896484375e+02
4.950099945068359375e+01
1.511699981689453125e+02
1.655079956054687500e+02
2.994670104980468750e+02
8.530599975585937500e+01
8.824600219726562500e+01
1.666950073242187500e+02
8.491300201416015625e+01
6.393500137329101562e+01
3.007699966430664062e+01
9.023600006103515625e+01
1.542910003662109375e+02
1.422610015869140625e+02
1.191200027465820312e+02
2.167099952697753906e+01
1.870619964599609375e+02
5.070399856567382812e+01
1.495359954833984375e+02
1.304170074462890625e+02
3.090699958801269531e+01
2.272599945068359375e+02
1.466100006103515625e+02
1.349157958984375000e+03
4.039099884033203125e+01
4.062799835205078125e+01
1.427539978027343750e+02
3.723309936523437500e+02
7.451000213623046875e+00
9.869899749755859375e+01
3.341310119628906250e+02
3.832600021362304688e+01
9.106099700927734375e+01
9.201899719238281250e+01
6.428999900817871094e+00
1.018999958038330078e+01
1.181210021972656250e+02
1.467460021972656250e+02
6.800499725341796875e+01
5.930620117187500000e+02
1.160759963989257812e+02
1.247900009155273438e+01
5.170360107421875000e+02
2.475220031738281250e+02
2.046199989318847656e+01
1.382050018310546875e+02
6.948000335693359375e+01
4.325699996948242188e+01
1.445209960937500000e+02
2.455500030517578125e+01
1.059219970703125000e+02
1.759479980468750000e+02
1.617000007629394531e+01
1.042829971313476562e+02
3.515200042724609375e+01
2.668949890136718750e+02
2.774410095214843750e+02
3.242399978637695312e+01
5.276729736328125000e+02
9.240599822998046875e+01
1.332189941406250000e+02
1.178109970092773438e+02
1.490400028228759766e+01
1.267129974365234375e+02
9.647399902343750000e+01
1.958840026855468750e+02
2.529709930419921875e+02
1.654499969482421875e+02
1.035640029907226562e+02
7.136469726562500000e+02
6.808799743652343750e+01
5.377399826049804688e+01
2.156540069580078125e+02
2.043309936523437500e+02
2.233699989318847656e+01
1.746009979248046875e+02
3.767850036621093750e+02
6.201800155639648438e+01
1.195059967041015625e+02
2.005850067138671875e+02
5.950600051879882812e+01
2.263999938964843750e+01
7.415999889373779297e+00
7.541100311279296875e+01
1.649149932861328125e+02
3.081100082397460938e+01
3.390150146484375000e+02
1.254059982299804688e+02
9.483799743652343750e+01
1.383500003814697266e+01
8.943800354003906250e+01
2.619710083007812500e+02
2.085199928283691406e+01
1.460339965820312500e+02
1.985420074462890625e+02
9.810399627685546875e+01
1.171739990234375000e+03
8.661799621582031250e+01
4.469800186157226562e+01
7.468199920654296875e+01
1.095279998779296875e+02
9.107099914550781250e+01
3.911999940872192383e+00
3.381600189208984375e+01
5.677239990234375000e+02
3.301480102539062500e+02
3.950699996948242188e+01
4.582699966430664062e+01
8.703000068664550781e+00
1.037949981689453125e+02
4.326900100708007812e+01
9.996099853515625000e+01
4.660300064086914062e+01
1.174290008544921875e+02
1.298099994659423828e+01
2.673999977111816406e+01
1.251657958984375000e+03
5.327000045776367188e+01
5.044419860839843750e+02
8.175700378417968750e+01
1.855814941406250000e+03
3.433672119140625000e+03
8.794200134277343750e+01
1.854500007629394531e+01
1.502839965820312500e+02
1.521500015258789062e+01
1.910659942626953125e+02
1.128708007812500000e+03
3.543999910354614258e+00
5.040520019531250000e+02
1.100130004882812500e+02
2.409199905395507812e+01
9.004900360107421875e+01
3.286100006103515625e+01
2.868000030517578125e+00
1.817010040283203125e+02
6.358300018310546875e+01
8.328270263671875000e+02
5.491160278320312500e+02
2.350300025939941406e+01
9.551640014648437500e+02
2.840650024414062500e+02
5.338618164062500000e+03
4.790000152587890625e+01
9.424299621582031250e+01
1.900659942626953125e+02
8.519100189208984375e+01
9.348999977111816406e+00
3.325099945068359375e+01
4.442100143432617188e+01
2.952599906921386719e+01
2.943700027465820312e+01
3.624639892578125000e+02
9.715000152587890625e+00
6.756329956054687500e+02
2.211199951171875000e+01
6.570300292968750000e+01
8.773289794921875000e+02
1.736199951171875000e+01
1.949750061035156250e+02
4.084600067138671875e+01
2.354599952697753906e+01
1.979400024414062500e+02
7.275800323486328125e+01
9.025499725341796875e+01
6.256700134277343750e+01
4.635499954223632812e+01
1.055739974975585938e+02
1.503400039672851562e+01
2.476640014648437500e+02
2.703899955749511719e+01
1.472669982910156250e+02
9.555899810791015625e+01
3.528150024414062500e+02
8.249180297851562500e+02
2.156399917602539062e+01
4.067959899902343750e+02
1.512239990234375000e+02
3.571099853515625000e+01
6.088800048828125000e+01
1.025000000000000000e+01
3.298949890136718750e+02
9.715999603271484375e+00
3.833700180053710938e+01
3.296200180053710938e+01
8.966100311279296875e+01
1.344620056152343750e+02
2.906900024414062500e+01
4.543240051269531250e+02
5.679999828338623047e+00
1.493900012969970703e+01
2.159459991455078125e+02
8.420609741210937500e+02
8.520099639892578125e+01
2.588599967956542969e+01
6.891799926757812500e+01
3.258540039062500000e+02
6.976899719238281250e+01
2.195399932861328125e+02
5.177799987792968750e+01
1.439799976348876953e+01
4.261199951171875000e+01
9.473300170898437500e+01
2.735700035095214844e+01
3.834280090332031250e+02
2.608420104980468750e+02
1.743609924316406250e+02
2.589270019531250000e+02
7.497499847412109375e+01
9.461100006103515625e+01
2.368780059814453125e+02
9.185199737548828125e+01
1.283840026855468750e+02
1.199207031250000000e+03
8.587699890136718750e+01
1.933489990234375000e+02
1.912830047607421875e+02
7.811000061035156250e+01
1.490780029296875000e+02
2.041699981689453125e+01
1.727799987792968750e+01
5.490399932861328125e+01
2.538549957275390625e+02
1.547319946289062500e+02
3.112829895019531250e+02
2.651899909973144531e+01
4.599800109863281250e+01
3.608000183105468750e+01
2.623900032043457031e+01
1.980100059509277344e+01
6.297600173950195312e+01
3.223919982910156250e+02
1.597109985351562500e+02
1.395149993896484375e+02
7.180899810791015625e+01
4.224219970703125000e+02
7.441400146484375000e+01
1.236320037841796875e+02
4.486100006103515625e+01
2.898399925231933594e+01
6.070299911499023438e+01
2.696299934387207031e+01
3.492479858398437500e+02
4.924300003051757812e+01
3.098320007324218750e+02
1.613959960937500000e+02
2.983399963378906250e+01
2.656369934082031250e+02
8.870999908447265625e+01
1.446599960327148438e+01
1.069499969482421875e+02
5.829899978637695312e+01
9.578000068664550781e+00
4.030549926757812500e+02
1.135709991455078125e+02
2.108699989318847656e+01
3.132699966430664062e+01
9.150700378417968750e+01
6.600599670410156250e+01
1.538700008392333984e+01
5.470100021362304688e+01
5.236299896240234375e+01
7.696499633789062500e+01
2.712800025939941406e+01
1.184209976196289062e+02
3.495620117187500000e+02
4.782300186157226562e+01
1.458869934082031250e+02
1.303905029296875000e+03
1.718919982910156250e+02
4.184799957275390625e+01
1.262710037231445312e+02
8.459400177001953125e+01
1.312810058593750000e+02
6.842099761962890625e+01
3.469100189208984375e+01
8.390899658203125000e+01
4.901599884033203125e+01
1.032499980926513672e+01
1.406130065917968750e+02
2.105900001525878906e+01
5.449100112915039062e+01
2.036899948120117188e+01
1.059399986267089844e+01
2.270489959716796875e+02
2.173569946289062500e+02
1.265329971313476562e+02
4.813800048828125000e+01
1.968199920654296875e+01
9.371619873046875000e+02
9.607399749755859375e+01
8.010520019531250000e+02
3.430060119628906250e+02
7.771099853515625000e+01
1.604080047607421875e+02
8.219499969482421875e+01
2.258220062255859375e+02
1.584649963378906250e+02
2.302499961853027344e+01
5.770999908447265625e+00
6.309299850463867188e+01
1.166169967651367188e+02
1.140854980468750000e+03
2.440220031738281250e+02
4.528400039672851562e+01
5.315999984741210938e+01
1.082299995422363281e+01
5.148699951171875000e+01
7.528299713134765625e+01
4.749200057983398438e+01
9.223999977111816406e+00
7.623000144958496094e+00
2.120400047302246094e+01
3.693000030517578125e+01
2.723800086975097656e+01
1.027099990844726562e+02
4.285769958496093750e+02
9.154999732971191406e+00
4.624000167846679688e+01
2.769199943542480469e+01
5.526710205078125000e+02
3.200500106811523438e+01
1.223187988281250000e+03
8.287100219726562500e+01
6.097600173950195312e+01
3.298300170898437500e+01
7.743999958038330078e+00
3.497709960937500000e+02
1.101210021972656250e+02
1.686889953613281250e+02
1.606770019531250000e+02
8.094899749755859375e+01
4.021799850463867188e+01
9.353850097656250000e+02
1.060130004882812500e+02
8.012680053710937500e+02
1.596759948730468750e+02
2.470099945068359375e+02
1.711000061035156250e+01
3.254800033569335938e+01
3.822189941406250000e+02
7.476100158691406250e+01
4.997009887695312500e+02
5.425199890136718750e+01
1.397960052490234375e+02
5.200600051879882812e+01
1.034219970703125000e+02
5.084899902343750000e+01
2.194599914550781250e+01
2.059570007324218750e+02
2.538699913024902344e+01
3.304169921875000000e+02
3.093300056457519531e+01
2.580480041503906250e+02
3.509750061035156250e+02
1.026520004272460938e+02
1.444099998474121094e+01
6.093299865722656250e+01
3.337599945068359375e+01
2.425249938964843750e+02
4.085900115966796875e+01
1.797640075683593750e+02
1.120279998779296875e+02
3.110700035095214844e+01
7.370300292968750000e+01
1.253519973754882812e+02
9.991100311279296875e+01
7.968619995117187500e+02
1.789173950195312500e+03
1.481560058593750000e+02
8.538099670410156250e+01
1.036534057617187500e+03
3.924200057983398438e+01
1.434300041198730469e+01
6.063700103759765625e+01
9.469599914550781250e+01
3.674859924316406250e+02
1.649500083923339844e+01
1.637070007324218750e+02
1.520100021362304688e+01
1.272710037231445312e+02
3.257199859619140625e+01
1.259929962158203125e+02
7.558599853515625000e+01
1.427910003662109375e+02
1.859300041198730469e+01
5.895899963378906250e+01
5.683000183105468750e+01
5.857600021362304688e+01
1.364270019531250000e+02
5.057899856567382812e+01
6.559400177001953125e+01
1.584080047607421875e+02
9.850000000000000000e+01
5.719200134277343750e+01
2.657900047302246094e+01
6.509390258789062500e+02
1.391000061035156250e+02
1.702400016784667969e+01
3.250631103515625000e+03
5.690399932861328125e+01
4.367619934082031250e+02
2.653899955749511719e+01
2.141699981689453125e+01
4.020100021362304688e+01
1.267139968872070312e+02
1.527799987792968750e+01
4.290900039672851562e+01
2.507230072021484375e+02
1.004879989624023438e+02
1.738560028076171875e+02
4.917800140380859375e+01
2.656100082397460938e+01
3.605899810791015625e+01
1.821080017089843750e+02
2.317859954833984375e+02
2.609639892578125000e+02
1.370559997558593750e+02
8.532930297851562500e+02
1.097610015869140625e+02
3.339530029296875000e+02
1.213599967956542969e+01
5.087200164794921875e+01
8.276200103759765625e+01
1.679899978637695312e+01
9.293800354003906250e+01
3.593700027465820312e+01
1.029199981689453125e+01
8.836859741210937500e+02
1.583789978027343750e+02
5.251913085937500000e+03
1.257149963378906250e+02
9.996279907226562500e+02
1.711199951171875000e+01
5.766899871826171875e+01
1.495796997070312500e+03
2.535199928283691406e+01
3.152799987792968750e+01
8.377700042724609375e+01
8.145800018310546875e+01
3.263139953613281250e+02
2.610199890136718750e+02
4.242200088500976562e+01
2.240540008544921875e+02
4.518429870605468750e+02
2.678410034179687500e+02
2.870400047302246094e+01
2.552799987792968750e+01
2.679100036621093750e+01
7.380699920654296875e+01
8.886870117187500000e+02
5.725319824218750000e+02
5.191199874877929688e+01
9.864600372314453125e+01
9.250099945068359375e+01
5.271400070190429688e+01
1.218929977416992188e+02
1.072200012207031250e+01
3.288800048828125000e+01
1.801899909973144531e+01
6.514700317382812500e+01
9.103199768066406250e+01
3.700099945068359375e+01
7.828600311279296875e+01
2.348200035095214844e+01
3.539400100708007812e+01
2.167129974365234375e+02
2.773299980163574219e+01
3.897299957275390625e+01
1.369140014648437500e+02
4.480180053710937500e+02
2.102140045166015625e+02
2.575929931640625000e+03
1.065490036010742188e+02
2.494299926757812500e+02
1.750460052490234375e+02
4.874670104980468750e+02
8.300299835205078125e+01
3.412799835205078125e+01
7.299700164794921875e+01
2.885499954223632812e+01
1.380559997558593750e+02
6.513600158691406250e+01
1.801569976806640625e+02
5.846000194549560547e+00
4.046099853515625000e+01
1.738699913024902344e+01
1.207080001831054688e+02
4.871650085449218750e+02
6.932260131835937500e+02
3.086650085449218750e+02
3.467399978637695312e+01
7.698000335693359375e+01
1.185540008544921875e+02
6.347399902343750000e+01
4.445100021362304688e+01
3.425099945068359375e+01
3.256000041961669922e+00
2.799200057983398438e+01
2.181369934082031250e+02
3.894389953613281250e+02
9.045099639892578125e+01
1.638760070800781250e+02
1.209199981689453125e+02
1.257360000610351562e+02
1.483970031738281250e+02
1.786755981445312500e+03
1.049670028686523438e+02
6.624270019531250000e+02
2.854899978637695312e+01
6.565699768066406250e+01
8.932620239257812500e+02
7.398799896240234375e+01
8.274400329589843750e+01
5.905699920654296875e+01
4.285350036621093750e+02
9.373300170898437500e+01
4.843099975585937500e+01
1.331313964843750000e+03
1.273109970092773438e+02
8.289999961853027344e+00
5.620199966430664062e+01
3.174200057983398438e+01
5.760499954223632812e+01
3.913219909667968750e+02
6.217360229492187500e+02
3.164800071716308594e+01
1.116199951171875000e+03
3.360849914550781250e+02
5.760300064086914062e+01
1.862700080871582031e+01
3.222200012207031250e+01
1.153519973754882812e+02
5.091299819946289062e+01
3.502099990844726562e+01
4.844800186157226562e+01
5.210100173950195312e+01
3.225394042968750000e+03
1.507160034179687500e+02
4.299499893188476562e+01
2.646100044250488281e+01
2.502499961853027344e+01
1.863212036132812500e+03
1.125670013427734375e+02
2.311199951171875000e+01
9.401100158691406250e+01
4.162099838256835938e+01
4.386000061035156250e+01
5.051430053710937500e+02
1.783070068359375000e+02
1.328979003906250000e+03
1.919709930419921875e+02
7.201000213623046875e+00
1.965789947509765625e+02
4.937699890136718750e+01
4.789799880981445312e+01
7.123300170898437500e+01
3.079800033569335938e+01
4.258599853515625000e+02
1.512279968261718750e+02
3.365700149536132812e+01
2.857600021362304688e+01
1.296649932861328125e+02
6.844689941406250000e+02
6.301800155639648438e+01
8.432789916992187500e+02
1.029020004272460938e+02
7.610000133514404297e+00
4.682600021362304688e+01
9.816890258789062500e+02
1.673650054931640625e+02
1.212050018310546875e+02
6.998500061035156250e+01
2.081640014648437500e+02
3.008800048828125000e+02
4.357099914550781250e+01
3.440900039672851562e+01
1.485959930419921875e+02
2.923819885253906250e+02
8.966400146484375000e+01
9.559700012207031250e+01
5.196300125122070312e+01
3.447650146484375000e+02
4.704999923706054688e+00
3.473300170898437500e+01
2.676080017089843750e+02
4.553999900817871094e+00
1.544620056152343750e+02
8.741699981689453125e+01
1.969730072021484375e+02
1.370570068359375000e+02
8.080899810791015625e+01
2.322910003662109375e+02
4.946560058593750000e+02
1.550030059814453125e+02
9.437960205078125000e+02
5.898300170898437500e+01
4.331180114746093750e+02
5.609899902343750000e+01
2.650440063476562500e+02
4.379899978637695312e+01
1.748489990234375000e+02
1.082480010986328125e+02
2.457799911499023438e+01
6.151800155639648438e+01
3.637269897460937500e+02
5.795609741210937500e+02
1.020300006866455078e+01
8.552100372314453125e+01
1.381990051269531250e+02
4.706800079345703125e+01
2.620199966430664062e+01
5.890499877929687500e+01
9.064299774169921875e+01
2.033919982910156250e+02
5.487249755859375000e+02
5.476200103759765625e+01
3.852210083007812500e+02
9.605000305175781250e+01
1.176070022583007812e+02
5.474149780273437500e+02
1.870400047302246094e+01
5.033670043945312500e+02
1.951719970703125000e+02
2.924000024795532227e+00
1.179895996093750000e+03
8.334999847412109375e+01
2.452929992675781250e+02
4.382070007324218750e+02
5.400699996948242188e+01
5.410400009155273438e+01
3.487300109863281250e+01
1.688959960937500000e+02
8.642479858398437500e+02
1.677440032958984375e+02
9.114700317382812500e+01
7.541799926757812500e+01
5.696599960327148438e+01
6.233599853515625000e+01
1.327700042724609375e+02
1.065383056640625000e+03
1.642200088500976562e+01
2.515529937744140625e+02
5.046799926757812500e+02
9.404000282287597656e+00
1.669400024414062500e+02
7.715679931640625000e+02
4.768899917602539062e+01
8.560700225830078125e+01
2.914200019836425781e+01
7.741100311279296875e+01
6.499800109863281250e+01
9.818800354003906250e+01
6.619300079345703125e+01
2.867900085449218750e+02
3.171100044250488281e+01
6.483899688720703125e+01
2.136670074462890625e+02
6.811000061035156250e+01
1.252389984130859375e+02
3.221119995117187500e+02
7.037799835205078125e+01
9.745899963378906250e+01
6.195199966430664062e+01
2.921879882812500000e+02
8.355500030517578125e+01
8.090000152587890625e+00
4.555480041503906250e+02
9.736000061035156250e+00
1.083580017089843750e+02
1.962999916076660156e+01
3.100050048828125000e+02
1.789730072021484375e+02
5.218000030517578125e+01
6.467800140380859375e+01
5.334229736328125000e+02
5.974100112915039062e+01
1.319880065917968750e+02
1.911649932861328125e+02
4.328000068664550781e+00
1.313899993896484375e+01
5.419599914550781250e+01
1.174729995727539062e+02
5.012340087890625000e+02
4.295000076293945312e+00
5.413999938964843750e+01
6.769699707031250000e+02
3.204051025390625000e+03
1.175930023193359375e+02
3.171999931335449219e+01
9.199299621582031250e+01
4.989199829101562500e+01
4.165399932861328125e+01
1.658630065917968750e+02
1.125250015258789062e+02
1.528317016601562500e+03
2.639991943359375000e+03
4.597600173950195312e+01
4.790800094604492188e+01
2.827700042724609375e+01
1.478499984741210938e+01
7.093999862670898438e+00
8.548899841308593750e+01
1.090680007934570312e+02
1.316175048828125000e+03
3.487400054931640625e+01
5.572900009155273438e+01
2.799300003051757812e+01
1.211661010742187500e+03
6.778600311279296875e+01
7.507700347900390625e+01
