1.898619995117187500e+02
2.455989990234375000e+02
8.344680175781250000e+02
1.459290008544921875e+02
3.986399841308593750e+01
2.183220062255859375e+02
1.432100009918212891e+01
1.346340026855468750e+02
7.915399932861328125e+01
3.270700073242187500e+01
1.227180023193359375e+02
9.195400238037109375e+01
5.493000030517578125e+00
6.495400238037109375e+01
1.041510009765625000e+02
9.159999847412109375e+01
3.870190124511718750e+02
8.476000213623046875e+01
2.610390014648437500e+02
9.055699920654296875e+01
9.888800048828125000e+01
1.580500030517578125e+02
9.325650024414062500e+02
2.718340148925781250e+02
1.215830001831054688e+02
9.013800048828125000e+01
1.281979980468750000e+02
1.076890029907226562e+02
3.053049926757812500e+02
2.282400054931640625e+02
1.640330047607421875e+02
2.341490020751953125e+02
1.097299957275390625e+01
6.974890136718750000e+02
8.286389770507812500e+02
3.022219848632812500e+02
6.716870117187500000e+02
9.967199707031250000e+01
7.537910156250000000e+02
5.592719726562500000e+02
5.652700042724609375e+01
2.547160034179687500e+02
1.326900005340576172e+01
1.473276977539062500e+03
7.250999927520751953e+00
2.662090148925781250e+02
5.095100021362304688e+01
3.219989929199218750e+02
3.554689941406250000e+02
2.185950012207031250e+02
2.252120056152343750e+02
1.997649993896484375e+02
1.089420013427734375e+02
3.940140075683593750e+02
9.705500030517578125e+01
1.067229995727539062e+02
3.728179931640625000e+02
2.122740020751953125e+02
2.426999969482421875e+02
8.189399719238281250e+01
5.469500122070312500e+02
5.858010253906250000e+02
3.796000003814697266e+00
1.939299964904785156e+01
5.771999835968017578e+00
2.519859924316406250e+02
4.967000007629394531e+00
3.587529907226562500e+02
2.657659912109375000e+02
1.857859954833984375e+02
1.172720031738281250e+02
3.076990051269531250e+02
1.396580047607421875e+02
2.156179962158203125e+02
1.831299972534179688e+01
2.486840057373046875e+02
5.969450073242187500e+02
3.578699874877929688e+01
1.542700004577636719e+01
1.711490020751953125e+02
3.643199920654296875e+01
1.769819946289062500e+02
7.848000335693359375e+01
1.423800048828125000e+02
4.271699905395507812e+01
5.695029907226562500e+02
2.802950134277343750e+02
4.953450012207031250e+02
9.188629760742187500e+02
4.694410095214843750e+02
5.415139770507812500e+02
2.299000024795532227e+00
6.059799957275390625e+01
3.139209899902343750e+02
5.256900024414062500e+02
2.586100006103515625e+01
2.232960052490234375e+02
9.940100097656250000e+01
2.280460052490234375e+02
1.703800010681152344e+01
2.024300003051757812e+01
2.147700042724609375e+02
8.449000358581542969e+00
9.385700225830078125e+01
3.538989868164062500e+02
1.820260009765625000e+02
5.446000099182128906e+00
2.459960021972656250e+02
7.119899749755859375e+01
2.285820007324218750e+02
5.146900177001953125e+01
2.234450073242187500e+02
9.071600341796875000e+01
4.137489929199218750e+02
5.902700042724609375e+01
2.917200012207031250e+02
3.358300018310546875e+01
2.411479949951171875e+02
1.359049987792968750e+02
1.134369964599609375e+02
1.539089965820312500e+02
5.258400268554687500e+02
3.938729858398437500e+02
4.890999794006347656e+00
1.044970016479492188e+02
5.807300186157226562e+01
1.454629974365234375e+02
1.301422973632812500e+03
9.023400115966796875e+01
1.505939941406250000e+02
2.973240051269531250e+02
1.096899986267089844e+01
1.082187011718750000e+03
7.236999988555908203e+00
1.002653991699218750e+03
6.216500091552734375e+01
3.955400085449218750e+01
2.174900054931640625e+02
4.030780029296875000e+02
1.140790023803710938e+02
1.378099975585937500e+02
2.409850006103515625e+02
3.612760009765625000e+02
2.395499992370605469e+01
4.889790039062500000e+02
2.373029937744140625e+02
2.670180053710937500e+02
4.586800003051757812e+01
2.487100028991699219e+01
7.033100128173828125e+01
1.130099964141845703e+01
2.031770019531250000e+02
1.362915039062500000e+03
1.020804016113281250e+03
5.420219726562500000e+02
1.564450073242187500e+02
4.654979858398437500e+02
1.808540039062500000e+02
4.013600158691406250e+01
8.418920288085937500e+02
7.585800170898437500e+01
1.348589935302734375e+02
3.668999910354614258e+00
2.491399955749511719e+01
9.227500152587890625e+01
3.216170043945312500e+02
3.582139892578125000e+02
1.131461059570312500e+03
4.957869873046875000e+02
1.697599945068359375e+02
1.245699996948242188e+02
1.922539978027343750e+02
2.616000061035156250e+02
3.142999887466430664e+00
4.876659851074218750e+02
8.661199951171875000e+01
9.287699890136718750e+01
1.318090057373046875e+02
5.644999980926513672e+00
1.121753051757812500e+03
2.372590026855468750e+02
7.928399658203125000e+01
2.285799980163574219e+01
1.390820007324218750e+02
5.122160034179687500e+02
5.428610229492187500e+02
2.244300079345703125e+01
1.080839996337890625e+02
1.258489990234375000e+02
1.283130035400390625e+02
2.744219970703125000e+02
5.249340209960937500e+02
1.545026977539062500e+03
1.182911987304687500e+03
1.339019927978515625e+02
4.203499984741210938e+01
6.152390136718750000e+02
9.458000183105468750e+01
8.100800323486328125e+01
3.155620117187500000e+02
1.146309967041015625e+02
5.837599945068359375e+01
5.937900161743164062e+01
4.903930053710937500e+02
1.970659942626953125e+02
2.234709930419921875e+02
7.819240112304687500e+02
1.052578002929687500e+03
2.100870056152343750e+02
4.055020141601562500e+02
3.051740112304687500e+02
2.499799919128417969e+01
6.578439941406250000e+02
1.372720031738281250e+02
3.327500000000000000e+02
1.831089935302734375e+02
2.389599990844726562e+01
2.248130035400390625e+02
4.914129943847656250e+02
1.537409973144531250e+02
1.993999938964843750e+02
5.021300125122070312e+01
1.470079956054687500e+02
1.018150024414062500e+02
9.363700103759765625e+01
2.792619934082031250e+02
1.786599922180175781e+01
7.076000213623046875e+00
1.175500011444091797e+01
3.236359863281250000e+02
1.160090026855468750e+02
2.736390075683593750e+02
1.044980010986328125e+02
1.670930023193359375e+02
1.089469985961914062e+02
5.027690124511718750e+02
1.996156005859375000e+03
8.176499938964843750e+01
1.811329956054687500e+02
1.845240020751953125e+02
2.751659851074218750e+02
4.822810058593750000e+02
2.121589965820312500e+02
9.215200042724609375e+01
1.393970031738281250e+02
1.343840026855468750e+02
4.947510070800781250e+02
1.016429977416992188e+02
2.073289947509765625e+02
2.533099937438964844e+01
7.894400024414062500e+01
5.563399887084960938e+01
3.801969909667968750e+02
9.606500244140625000e+01
2.351829986572265625e+02
4.222900009155273438e+01
1.158720016479492188e+02
1.418170013427734375e+02
1.675579986572265625e+02
4.103900146484375000e+01
1.695189971923828125e+02
2.853500061035156250e+02
6.896999835968017578e+00
1.302499961853027344e+01
1.813599967956542969e+01
5.912000179290771484e+00
2.161269989013671875e+02
4.184700012207031250e+01
9.021690063476562500e+02
1.316139984130859375e+02
7.665000000000000000e+02
1.031350021362304688e+02
9.042299804687500000e+02
4.619300079345703125e+01
1.167850036621093750e+02
7.513300323486328125e+01
2.589999961853027344e+01
7.189669799804687500e+02
7.578600311279296875e+01
2.089129943847656250e+02
2.446779937744140625e+02
9.655029907226562500e+02
1.950690002441406250e+02
8.963309936523437500e+02
1.145550003051757812e+02
2.076390075683593750e+02
2.793049926757812500e+02
2.481759948730468750e+02
3.408840026855468750e+02
3.338000059127807617e+00
2.290339965820312500e+02
1.117469970703125000e+03
6.562699890136718750e+01
3.063269958496093750e+02
1.357999992370605469e+01
7.256400299072265625e+01
1.528500061035156250e+02
1.352799987792968750e+01
6.091299819946289062e+01
8.275900268554687500e+01
4.207600021362304688e+01
4.328200149536132812e+01
4.075699996948242188e+01
6.684999942779541016e+00
1.597299957275390625e+01
1.184409057617187500e+03
2.513650054931640625e+02
9.717000007629394531e+00
8.635380249023437500e+02
9.673999786376953125e+01
1.252374023437500000e+03
8.486619873046875000e+02
5.859899902343750000e+01
2.463500061035156250e+02
2.125720062255859375e+02
5.689799880981445312e+01
5.728640136718750000e+02
1.463899993896484375e+01
3.731399917602539062e+01
3.094840087890625000e+02
3.855820007324218750e+02
1.003600025177001953e+01
1.233610000610351562e+02
2.863710021972656250e+02
1.247529983520507812e+02
1.863167968750000000e+03
8.920700073242187500e+01
6.654900360107421875e+01
3.321000099182128906e+00
9.700000286102294922e-01
1.127347045898437500e+03
4.708349914550781250e+02
6.273899841308593750e+01
5.244200134277343750e+01
9.237999916076660156e+00
3.223599853515625000e+02
1.900529937744140625e+02
2.314060058593750000e+02
6.602899932861328125e+01
6.647399902343750000e+02
1.890449981689453125e+02
3.283999919891357422e+00
2.067810058593750000e+02
8.045700073242187500e+01
8.936799621582031250e+01
2.485930023193359375e+02
5.614699935913085938e+01
4.827149963378906250e+02
1.288320007324218750e+02
1.029120025634765625e+02
7.377589721679687500e+02
1.107129974365234375e+02
3.340000152587890625e+01
1.676199951171875000e+02
2.391470031738281250e+02
1.188330001831054688e+02
3.355549926757812500e+02
3.256210021972656250e+02
2.531660003662109375e+02
5.031960144042968750e+02
1.233980026245117188e+02
5.362609863281250000e+02
2.934280090332031250e+02
1.560460052490234375e+02
6.715599822998046875e+01
1.595099945068359375e+02
8.703399658203125000e+01
2.046000003814697266e+00
1.159039993286132812e+02
4.310320129394531250e+02
1.541759948730468750e+02
7.147540283203125000e+02
4.854599914550781250e+02
1.082790039062500000e+03
7.921999931335449219e+00
1.214599990844726562e+01
3.202879943847656250e+02
1.802039947509765625e+02
1.728390045166015625e+02
1.886499977111816406e+01
3.103710021972656250e+02
1.169099998474121094e+01
8.884300231933593750e+01
4.261399841308593750e+01
3.501200103759765625e+01
2.307299957275390625e+02
5.441030273437500000e+02
1.590200042724609375e+01
2.086459960937500000e+02
7.009200286865234375e+01
3.338399963378906250e+02
3.108489990234375000e+02
1.205000019073486328e+01
1.300059967041015625e+02
1.985099983215332031e+01
1.047999954223632812e+01
2.023430023193359375e+02
5.910999774932861328e+00
7.103859863281250000e+02
2.632200050354003906e+01
3.813659973144531250e+02
4.680599975585937500e+02
5.322000026702880859e+00
1.967630004882812500e+02
1.744170074462890625e+02
4.390090026855468750e+02
5.786100006103515625e+01
1.646860046386718750e+02
1.055599975585937500e+01
1.383072998046875000e+03
1.312209930419921875e+02
3.569999933242797852e+00
1.007919998168945312e+02
3.039609985351562500e+02
4.050899887084960938e+01
3.589370117187500000e+02
5.000299835205078125e+01
3.437560119628906250e+02
7.771499633789062500e+01
7.004119873046875000e+02
2.058730010986328125e+02
2.925000000000000000e+01
1.133089981079101562e+02
1.497910003662109375e+02
1.174209960937500000e+03
6.165230102539062500e+02
4.814000129699707031e+00
5.428820190429687500e+02
6.328400268554687500e+02
3.875999927520751953e+00
9.975000381469726562e+00
1.486009979248046875e+02
6.971499633789062500e+01
1.269420013427734375e+02
3.532109985351562500e+02
5.672080078125000000e+02
1.503370056152343750e+02
1.189745971679687500e+03
3.240969848632812500e+02
2.115599975585937500e+02
5.365100097656250000e+01
9.269000053405761719e+00
2.236900024414062500e+02
2.351000070571899414e+00
9.966600036621093750e+01
5.012999877929687500e+02
2.799970092773437500e+02
2.751239929199218750e+02
3.025469970703125000e+02
1.757079925537109375e+02
2.043020019531250000e+02
2.528560028076171875e+02
2.084299926757812500e+02
9.456600189208984375e+01
9.515200042724609375e+01
1.474830017089843750e+02
4.082929992675781250e+02
8.123599853515625000e+02
5.745000076293945312e+01
1.213570022583007812e+02
6.788489990234375000e+02
1.748206054687500000e+03
3.623400115966796875e+01
6.305099868774414062e+01
1.597999954223632812e+01
5.648380126953125000e+02
6.092499923706054688e+01
1.309308959960937500e+03
8.373000144958496094e+00
3.180450134277343750e+02
3.729060058593750000e+02
2.737049865722656250e+02
1.767310028076171875e+02
1.111709976196289062e+02
5.325799942016601562e+01
3.145270080566406250e+02
6.856640014648437500e+02
7.495880126953125000e+02
7.007369995117187500e+02
3.730710144042968750e+02
4.821019897460937500e+02
1.781999969482421875e+02
5.895640258789062500e+02
9.652300262451171875e+01
1.553899993896484375e+02
3.611329956054687500e+02
6.694999694824218750e+01
1.206949996948242188e+02
8.086999893188476562e+00
7.802130126953125000e+02
1.934900093078613281e+01
3.859199905395507812e+01
3.812149963378906250e+02
4.470600128173828125e+01
5.719200134277343750e+01
2.416790008544921875e+02
3.368899917602539062e+01
9.243599700927734375e+01
1.492870025634765625e+02
5.941099929809570312e+01
8.911900329589843750e+01
2.035189971923828125e+02
1.854599952697753906e+01
1.397839965820312500e+02
1.670970001220703125e+02
4.669049987792968750e+02
4.159830017089843750e+02
1.694019927978515625e+02
5.027999877929687500e+02
5.546000003814697266e+00
5.239799880981445312e+01
4.121029968261718750e+02
5.982400131225585938e+01
1.980339965820312500e+02
3.792300033569335938e+01
2.353599929809570312e+01
5.457600021362304688e+01
9.108229980468750000e+02
1.897879943847656250e+02
1.340509948730468750e+02
3.567030029296875000e+02
2.279000091552734375e+01
9.880899810791015625e+01
1.382779998779296875e+02
2.141770019531250000e+02
2.443480072021484375e+02
2.232899932861328125e+02
7.755899810791015625e+01
4.957699966430664062e+01
1.036954956054687500e+03
7.559100341796875000e+01
9.409890136718750000e+02
3.802449951171875000e+02
7.817800140380859375e+01
2.947260131835937500e+02
1.263379974365234375e+02
2.031380004882812500e+02
3.966499938964843750e+02
7.402700042724609375e+01
5.090119934082031250e+02
1.939570007324218750e+02
2.624600028991699219e+01
8.779999732971191406e+00
4.536430053710937500e+02
6.481770019531250000e+02
1.110699996948242188e+02
5.058609924316406250e+02
1.689620056152343750e+02
1.752480010986328125e+02
4.020299911499023438e+01
3.876270141601562500e+02
3.499549865722656250e+02
1.523739929199218750e+02
3.479599914550781250e+02
1.727062011718750000e+03
2.455500030517578125e+01
4.488700103759765625e+01
8.039299774169921875e+01
1.012976013183593750e+03
1.764599990844726562e+01
4.558720092773437500e+02
1.299239959716796875e+02
2.274709930419921875e+02
6.157999992370605469e+00
3.169209899902343750e+02
2.177400054931640625e+02
2.341069946289062500e+02
6.290000000000000000e+02
1.592734985351562500e+03
6.250799942016601562e+01
5.721400070190429688e+01
1.360447998046875000e+03
1.966390075683593750e+02
3.095700073242187500e+01
3.181090087890625000e+02
1.128190002441406250e+02
6.468369750976562500e+02
1.659799957275390625e+01
6.141640014648437500e+02
1.507900047302246094e+01
3.479519958496093750e+02
2.446239929199218750e+02
1.845780029296875000e+02
7.850679931640625000e+02
2.320099945068359375e+02
6.309199905395507812e+01
9.696970214843750000e+02
4.513959960937500000e+02
7.159110107421875000e+02
5.907300186157226562e+01
9.206700134277343750e+01
2.268049926757812500e+02
3.579399871826171875e+01
5.909600067138671875e+01
4.794900131225585938e+01
1.299899959564208984e+01
1.018825988769531250e+03
1.333040008544921875e+02
4.970600128173828125e+01
5.543000221252441406e+00
5.484000015258789062e+01
2.536690063476562500e+02
1.126389999389648438e+02
1.901629943847656250e+02
5.850099945068359375e+01
7.588629760742187500e+02
3.034739990234375000e+02
1.382350006103515625e+02
2.098299980163574219e+01
3.043710021972656250e+02
2.512669982910156250e+02
3.438100051879882812e+01
1.223919982910156250e+02
1.703249969482421875e+02
6.049130249023437500e+02
4.528400039672851562e+01
2.181040039062500000e+02
5.605250244140625000e+02
7.503099822998046875e+01
8.781800079345703125e+01
1.502149963378906250e+02
4.149300003051757812e+01
1.291970062255859375e+02
3.380950012207031250e+02
2.270390014648437500e+02
5.843660278320312500e+02
4.633900070190429688e+01
2.686709899902343750e+02
1.353079986572265625e+02
7.043800354003906250e+01
4.229899978637695312e+01
2.802380065917968750e+02
2.098609924316406250e+02
2.268099975585937500e+02
1.296003051757812500e+03
1.649913940429687500e+03
4.146149902343750000e+02
1.832039947509765625e+02
1.768179931640625000e+02
8.776099853515625000e+02
1.078430023193359375e+02
5.398400115966796875e+01
8.867949829101562500e+02
4.927000045776367188e+00
8.254299926757812500e+01
2.283099937438964844e+01
8.089399719238281250e+01
9.648699951171875000e+01
2.972690124511718750e+02
3.832000017166137695e+00
3.093410034179687500e+02
4.550999832153320312e+01
5.627700042724609375e+01
8.581030273437500000e+02
4.874000072479248047e+00
3.589649963378906250e+02
4.415180053710937500e+02
3.815169982910156250e+02
1.123899993896484375e+02
2.558190002441406250e+02
3.897789916992187500e+02
3.989429931640625000e+02
6.471000194549560547e+00
4.203760070800781250e+02
1.273394042968750000e+03
1.223830032348632812e+02
8.286599731445312500e+01
1.246539993286132812e+02
5.368000030517578125e+01
3.482219848632812500e+02
3.417709960937500000e+02
8.539149780273437500e+02
8.229599761962890625e+01
2.621090087890625000e+02
1.180339965820312500e+02
4.435989990234375000e+02
8.969439697265625000e+02
4.415790100097656250e+02
3.791409912109375000e+02
1.938959960937500000e+02
1.314560058593750000e+03
5.816099929809570312e+01
1.525500030517578125e+02
3.926610107421875000e+02
1.256100006103515625e+02
1.181090011596679688e+02
2.936889953613281250e+02
7.186999797821044922e+00
3.630799865722656250e+01
9.144619750976562500e+02
7.173999786376953125e+00
2.756051025390625000e+03
4.400000095367431641e+00
8.823419799804687500e+02
2.067700042724609375e+02
4.695199890136718750e+02
1.225960006713867188e+02
1.863999938964843750e+01
3.743899917602539062e+01
2.940590087890625000e+03
1.875399971008300781e+01
1.108140991210937500e+03
7.016600036621093750e+01
3.688700103759765625e+01
1.802769927978515625e+02
1.255830001831054688e+02
7.200819702148437500e+02
1.514360046386718750e+02
4.273500061035156250e+01
1.293200016021728516e+01
2.016909942626953125e+02
2.701390075683593750e+02
1.878991943359375000e+03
6.368720092773437500e+02
1.414320068359375000e+02
1.824233032226562500e+03
9.925399780273437500e+02
3.398699951171875000e+01
1.031930007934570312e+02
5.506640014648437500e+02
6.371129760742187500e+02
6.591000080108642578e+00
2.040600013732910156e+01
1.064970016479492188e+02
1.149449996948242188e+02
2.172310028076171875e+02
3.580599975585937500e+01
6.165999889373779297e+00
1.863319946289062500e+03
7.279550170898437500e+02
6.905200195312500000e+01
7.542249755859375000e+02
9.930999755859375000e+00
4.886480102539062500e+02
4.114999771118164062e+00
1.178690032958984375e+02
9.347999572753906250e+00
5.343199920654296875e+01
9.382599639892578125e+01
5.537200164794921875e+01
2.092600059509277344e+01
6.124200057983398438e+01
5.439099884033203125e+01
1.080690002441406250e+02
5.056200027465820312e+01
4.131000041961669922e+00
5.879299926757812500e+01
2.619670104980468750e+02
8.006800079345703125e+01
9.818599700927734375e+01
2.003139953613281250e+02
1.735579986572265625e+02
3.033089904785156250e+02
7.360000133514404297e+00
1.357729949951171875e+02
2.750289916992187500e+02
1.185657958984375000e+03
1.291779937744140625e+02
2.895650024414062500e+02
1.814819946289062500e+02
2.234069976806640625e+02
1.218700027465820312e+01
1.008209991455078125e+02
1.728609924316406250e+02
4.522499847412109375e+01
2.759460144042968750e+02
5.320899963378906250e+01
2.102449951171875000e+02
6.060040283203125000e+02
2.881459960937500000e+02
2.209160003662109375e+02
1.900110015869140625e+02
1.768509979248046875e+02
9.083200073242187500e+01
4.637200164794921875e+01
8.562699890136718750e+01
9.053499755859375000e+02
2.870570068359375000e+02
3.612690124511718750e+02
3.231900024414062500e+02
2.925799865722656250e+02
6.014940185546875000e+02
3.524700164794921875e+01
8.218870239257812500e+02
6.970099639892578125e+01
1.231149978637695312e+02
2.029982055664062500e+03
1.693499946594238281e+01
5.246799850463867188e+01
3.640440063476562500e+02
3.997800064086914062e+01
1.680429992675781250e+02
1.179950027465820312e+02
1.834420013427734375e+02
1.597790069580078125e+02
5.810659790039062500e+02
2.431790008544921875e+02
6.964340209960937500e+02
2.413110046386718750e+02
3.489819946289062500e+02
5.907719726562500000e+02
2.735130004882812500e+02
3.432139892578125000e+02
6.733399963378906250e+01
3.545929870605468750e+02
1.879640045166015625e+02
2.849960021972656250e+02
3.218049926757812500e+02
2.401099967956542969e+01
4.440339965820312500e+02
1.114219970703125000e+02
6.299399948120117188e+01
1.780850067138671875e+02
2.988699913024902344e+01
1.102220001220703125e+02
8.135800170898437500e+01
4.453999996185302734e+00
2.640920104980468750e+02
6.192699813842773438e+01
1.892200012207031250e+02
6.720500183105468750e+01
1.123900032043457031e+01
1.555110015869140625e+02
3.422420043945312500e+02
1.360581054687500000e+03
2.936229858398437500e+02
8.268619995117187500e+02
1.984069976806640625e+02
6.439199829101562500e+01
3.224002929687500000e+03
1.189744018554687500e+03
1.424952026367187500e+03
1.490264038085937500e+03
2.119499969482421875e+01
3.665029907226562500e+02
1.520110015869140625e+02
1.215360031127929688e+02
4.768439941406250000e+02
3.424949951171875000e+02
3.122539978027343750e+02
5.130809936523437500e+02
2.155809936523437500e+02
6.223300170898437500e+01
1.716500091552734375e+01
4.146599960327148438e+01
2.564200019836425781e+01
1.463119964599609375e+02
6.448100280761718750e+01
4.968600082397460938e+01
1.708799934387207031e+01
6.894959716796875000e+02
5.383100128173828125e+01
1.497270050048828125e+02
7.202200317382812500e+01
4.289219970703125000e+02
2.921199989318847656e+01
4.769570007324218750e+02
1.664470062255859375e+02
3.616579895019531250e+02
1.178379974365234375e+02
1.295857055664062500e+03
2.548699951171875000e+01
4.052000045776367188e+01
2.763210144042968750e+02
5.489799880981445312e+01
9.592000007629394531e+00
2.583630065917968750e+02
2.408880004882812500e+02
8.596700286865234375e+01
1.456320037841796875e+02
2.278170013427734375e+02
3.285679931640625000e+02
6.464520263671875000e+02
1.154614013671875000e+03
6.234899902343750000e+01
1.391150054931640625e+02
2.067200088500976562e+01
6.336370239257812500e+02
2.779169921875000000e+02
5.548129882812500000e+02
1.663300018310546875e+02
5.342399978637695312e+01
2.618760070800781250e+02
7.323999786376953125e+01
7.263049926757812500e+02
2.248964111328125000e+03
2.658129882812500000e+02
4.296879882812500000e+02
4.800500106811523438e+01
1.483699951171875000e+02
2.167579956054687500e+02
4.898199844360351562e+01
2.171640014648437500e+02
5.554999828338623047e+00
8.809439697265625000e+02
7.612699890136718750e+01
2.668689880371093750e+02
8.159500122070312500e+01
3.432699966430664062e+01
2.849219970703125000e+02
2.038809967041015625e+02
2.910570068359375000e+02
4.940989990234375000e+02
1.962649993896484375e+02
1.656670074462890625e+02
2.353529968261718750e+02
2.342980041503906250e+02
4.046999931335449219e+00
9.337290039062500000e+02
5.657329711914062500e+02
5.095499877929687500e+02
4.036409912109375000e+02
9.496099853515625000e+01
2.891600036621093750e+01
9.378800201416015625e+01
1.928683959960937500e+03
7.164349975585937500e+02
1.575999975204467773e+00
2.520269927978515625e+02
4.065599822998046875e+01
1.270110015869140625e+02
1.894250030517578125e+02
8.905059814453125000e+02
2.173150024414062500e+02
7.504299926757812500e+02
4.744339904785156250e+02
1.090220031738281250e+02
1.139909973144531250e+02
1.233639984130859375e+02
1.533990020751953125e+02
1.315269927978515625e+02
3.944739990234375000e+02
3.036300086975097656e+01
2.349080047607421875e+02
3.744499969482421875e+01
6.266820068359375000e+02
5.423099899291992188e+01
1.112149963378906250e+02
7.276499938964843750e+01
7.654299926757812500e+01
9.241600036621093750e+01
9.934700012207031250e+01
2.997609863281250000e+02
1.256679992675781250e+02
6.141270141601562500e+02
3.610509948730468750e+02
5.460159912109375000e+02
2.190709991455078125e+02
1.289290008544921875e+02
1.006585021972656250e+03
1.681670074462890625e+02
2.829199981689453125e+01
1.635000038146972656e+01
1.466450042724609375e+02
1.391576049804687500e+03
3.279999971389770508e+00
7.183330078125000000e+02
8.759799957275390625e+01
7.544799804687500000e+01
2.506280059814453125e+02
1.431991943359375000e+03
2.274479980468750000e+02
1.719190063476562500e+02
8.340399932861328125e+01
2.114109954833984375e+02
1.966600036621093750e+02
4.220800018310546875e+01
3.136149902343750000e+02
1.902819976806640625e+02
1.606610961914062500e+03
5.314899902343750000e+02
2.328869934082031250e+02
9.143900299072265625e+01
3.468859863281250000e+02
3.117560119628906250e+02
2.814679870605468750e+02
5.916810302734375000e+02
1.971500015258789062e+01
5.772000122070312500e+01
2.786669921875000000e+02
5.901359863281250000e+02
3.276200103759765625e+01
1.175343017578125000e+03
6.468699645996093750e+01
1.470899963378906250e+02
1.520379943847656250e+02
1.098399963378906250e+02
1.299032958984375000e+03
6.746800231933593750e+01
1.413869934082031250e+02
1.499210052490234375e+02
4.871029968261718750e+02
4.991600036621093750e+01
3.750549926757812500e+02
1.203771972656250000e+03
1.799589996337890625e+02
2.742499923706054688e+01
1.637189941406250000e+03
1.126799964904785156e+01
2.768559875488281250e+02
