5.885000228881835938e+00
1.035943164062500000e+04
7.616649780273437500e+02
2.483093994140625000e+03
3.518559875488281250e+02
2.173699951171875000e+01
2.280999946594238281e+01
2.477099990844726562e+01
2.131892968750000000e+04
1.171822363281250000e+04
2.148800048828125000e+02
7.717800140380859375e+01
1.129115625000000000e+04
1.809944946289062500e+03
4.892877929687500000e+03
2.204800033569335938e+01
7.635565917968750000e+03
1.360460052490234375e+02
1.076269989013671875e+02
6.064505859375000000e+03
5.636651855468750000e+03
1.583150024414062500e+02
2.257035742187500000e+04
1.584181030273437500e+03
4.038399887084960938e+01
1.544210644531250000e+04
1.523379974365234375e+02
1.233300018310546875e+01
4.076000213623046875e+00
2.132099914550781250e+01
2.971416015625000000e+03
3.117000102996826172e+00
6.749522949218750000e+03
1.065520019531250000e+02
6.385916015625000000e+03
4.542300033569335938e+01
2.150386962890625000e+03
5.081747070312500000e+03
6.840000152587890625e+00
5.219839843750000000e+03
1.209199981689453125e+02
2.321999931335449219e+01
2.761241943359375000e+03
1.971878051757812500e+03
1.626760009765625000e+03
3.209000110626220703e+00
3.221800976562500000e+04
6.425041015625000000e+03
7.314303222656250000e+03
1.449178222656250000e+04
2.293518066406250000e+03
6.080179199218750000e+03
2.720999956130981445e+00
4.386800003051757812e+01
1.717239990234375000e+02
8.952730468750000000e+03
3.076037109375000000e+03
1.793199920654296875e+01
7.003758789062500000e+03
5.171227050781250000e+03
1.620700073242187500e+01
7.323000335693359375e+01
7.694402832031250000e+03
9.863465820312500000e+03
9.045189819335937500e+02
3.474300003051757812e+01
3.391058593750000000e+04
1.370757714843750000e+04
8.341378906250000000e+03
3.834162109375000000e+03
3.385355859375000000e+04
5.874789062500000000e+03
3.782000064849853516e+00
1.428499984741210938e+01
9.741774414062500000e+03
2.212879882812500000e+04
5.551010131835937500e+02
3.565455078125000000e+03
1.951399993896484375e+01
3.229638916015625000e+03
6.632786132812500000e+03
3.006353027343750000e+03
2.440468994140625000e+03
2.107833789062500000e+04
4.443008789062500000e+03
6.545000076293945312e+00
1.591699981689453125e+01
1.143165039062500000e+03
3.425537109375000000e+03
1.391269042968750000e+03
2.821805908203125000e+03
3.356695068359375000e+03
2.697699928283691406e+01
1.752858984375000000e+04
7.756400299072265625e+01
7.200199890136718750e+01
5.208539062500000000e+03
5.827000141143798828e+00
1.269557324218750000e+04
3.814400100708007812e+01
5.078000068664550781e+00
3.954708984375000000e+03
6.661299896240234375e+01
6.930200195312500000e+01
1.863745703125000000e+04
6.060382812500000000e+03
5.913847167968750000e+03
8.798699951171875000e+01
3.598222900390625000e+03
1.197556835937500000e+04
1.934088989257812500e+03
2.390318115234375000e+03
1.505885009765625000e+03
1.895858032226562500e+03
1.704199981689453125e+02
4.335000038146972656e+00
8.154799652099609375e+01
5.549634765625000000e+03
1.160640991210937500e+03
4.424499893188476562e+01
1.195770034790039062e+02
1.191517089843750000e+04
2.925079956054687500e+02
2.517499923706054688e+01
5.647046875000000000e+03
7.417937988281250000e+03
5.322735839843750000e+03
3.778667968750000000e+03
1.352406982421875000e+03
1.390416308593750000e+04
2.003352343750000000e+04
1.403187890625000000e+04
1.831287963867187500e+03
2.559552978515625000e+03
2.390579986572265625e+02
8.608170166015625000e+02
4.745195800781250000e+03
8.343596679687500000e+03
9.051030273437500000e+02
5.844307128906250000e+03
7.728414062500000000e+03
1.471399974822998047e+01
2.411000013351440430e+00
1.078264038085937500e+03
3.679199981689453125e+01
2.692099952697753906e+01
6.150457031250000000e+03
1.388910742187500000e+04
4.104096191406250000e+03
1.284700012207031250e+01
9.001635742187500000e+03
6.661096191406250000e+03
6.523699951171875000e+01
1.397364990234375000e+03
1.553248046875000000e+03
3.681999921798706055e+00
2.614999961853027344e+01
2.079899978637695312e+01
1.620899963378906250e+01
2.732403710937500000e+04
2.015379943847656250e+02
2.505350585937500000e+04
7.583041992187500000e+03
9.456500244140625000e+01
7.983269042968750000e+03
4.355136230468750000e+03
2.588999986648559570e+00
4.594999790191650391e+00
3.770508056640625000e+03
1.835449981689453125e+02
3.351599884033203125e+01
4.782534179687500000e+03
1.821792968750000000e+04
2.436021972656250000e+03
9.851981445312500000e+03
1.110397265625000000e+04
2.628999948501586914e+00
3.089769042968750000e+03
7.228573242187500000e+03
5.736173828125000000e+03
3.401850097656250000e+03
6.724619750976562500e+02
1.768000030517578125e+01
5.787410156250000000e+03
2.165980468750000000e+04
4.022403076171875000e+03
6.349700164794921875e+01
1.039422656250000000e+04
5.457569824218750000e+03
4.956910156250000000e+03
4.660999774932861328e+00
4.159416015625000000e+03
2.970800048828125000e+03
4.656413085937500000e+03
8.304615234375000000e+03
1.585906982421875000e+03
1.467895019531250000e+03
7.312500000000000000e+01
6.495500183105468750e+01
2.752416601562500000e+04
4.758200073242187500e+01
3.733239013671875000e+03
1.410099983215332031e+01
5.929172851562500000e+03
1.092048950195312500e+03
4.439796875000000000e+03
4.550068847656250000e+03
3.220000028610229492e+00
1.231743041992187500e+03
2.634093994140625000e+03
6.808282226562500000e+03
4.649410095214843750e+02
1.178899955749511719e+01
8.968999862670898438e+00
6.109690917968750000e+03
3.972437988281250000e+03
4.944634765625000000e+03
4.755757812500000000e+03
5.934680175781250000e+02
3.814169921875000000e+02
5.546099853515625000e+01
6.762599945068359375e+01
6.169561035156250000e+03
7.861000061035156250e+00
2.113105957031250000e+03
1.733513867187500000e+04
1.422525781250000000e+04
8.382499694824218750e+01
7.871299743652343750e+01
7.812511230468750000e+03
3.644917968750000000e+03
8.000100097656250000e+02
1.695588012695312500e+03
3.835625000000000000e+03
1.119673535156250000e+04
1.582800006866455078e+01
7.610755859375000000e+03
7.210000038146972656e+00
4.480999946594238281e+00
1.852061035156250000e+03
8.440803710937500000e+03
6.289099884033203125e+01
1.039359970092773438e+02
2.683695703125000000e+04
1.224218017578125000e+03
1.730523437500000000e+04
2.725690002441406250e+02
3.208591064453125000e+03
2.024673437500000000e+04
2.946304931640625000e+03
1.257765625000000000e+04
1.214169998168945312e+02
1.031224218750000000e+04
4.699091796875000000e+03
1.542999982833862305e+00
1.869709570312500000e+04
1.446023730468750000e+04
4.619365234375000000e+03
3.236999988555908203e+00
3.884342578125000000e+04
7.790999889373779297e+00
6.096200180053710938e+01
9.355469970703125000e+02
3.203615625000000000e+04
2.047139257812500000e+04
6.879650268554687500e+02
7.982713867187500000e+03
2.883300018310546875e+01
5.997340087890625000e+02
4.517000198364257812e+00
7.902243164062500000e+03
1.947381054687500000e+04
1.915452343750000000e+04
1.589900016784667969e+01
8.457800292968750000e+01
2.201423095703125000e+03
1.044932983398437500e+03
7.854920043945312500e+02
2.107152099609375000e+03
8.839513671875000000e+03
4.616965820312500000e+03
2.146849975585937500e+02
8.455241210937500000e+03
3.176736083984375000e+03
1.743216015625000000e+04
7.262998046875000000e+03
4.073562988281250000e+03
2.790999984741210938e+01
8.636499786376953125e+01
2.962880859375000000e+04
2.457468359375000000e+04
4.813199996948242188e+01
1.642744995117187500e+03
8.708799743652343750e+01
2.365600013732910156e+01
8.058829101562500000e+03
3.002426025390625000e+03
1.565500976562500000e+03
9.952341796875000000e+03
1.059474218750000000e+04
3.822900009155273438e+01
3.155302978515625000e+03
1.451897265625000000e+04
9.793099975585937500e+01
1.267774047851562500e+03
3.887799835205078125e+01
7.643149902343750000e+03
7.272882812500000000e+03
3.224469921875000000e+04
1.187899971008300781e+01
1.448820037841796875e+02
3.730150878906250000e+03
4.322000026702880859e+00
9.642199707031250000e+02
3.459093017578125000e+03
1.826499938964843750e+01
4.023899841308593750e+01
5.642094238281250000e+03
1.100619964599609375e+02
2.413400077819824219e+01
7.044211914062500000e+03
4.457583984375000000e+03
4.228039855957031250e+02
2.249158935546875000e+03
3.493299865722656250e+01
1.945420043945312500e+03
1.920562011718750000e+03
1.217842382812500000e+04
8.453099822998046875e+01
5.583387207031250000e+03
5.914000034332275391e+00
2.513869934082031250e+02
2.842000007629394531e+00
1.695462036132812500e+03
5.054128906250000000e+03
6.267280761718750000e+03
6.535199737548828125e+01
5.664823242187500000e+03
1.749600028991699219e+01
1.111117089843750000e+04
1.092800045013427734e+01
1.138274804687500000e+04
2.251294921875000000e+03
9.708000183105468750e+01
2.644999980926513672e+00
2.179580468750000000e+04
4.916318847656250000e+03
3.023861083984375000e+03
1.284266503906250000e+04
2.914999961853027344e+01
6.168000221252441406e+00
2.490863476562500000e+04
3.678023437500000000e+04
8.152869873046875000e+02
1.011230273437500000e+04
1.979557006835937500e+03
4.588170898437500000e+03
6.413126953125000000e+03
1.729459991455078125e+02
1.168075781250000000e+04
1.480775781250000000e+04
5.750000000000000000e+00
6.049237792968750000e+03
6.888700103759765625e+01
1.231732055664062500e+03
2.773816894531250000e+03
9.041799926757812500e+01
1.394723022460937500e+03
7.877300262451171875e+01
4.107199859619140625e+01
2.045686132812500000e+04
2.056900024414062500e+01
2.309271093750000000e+04
2.815647656250000000e+04
5.083000183105468750e+00
3.095448974609375000e+03
8.162074218750000000e+03
2.356691894531250000e+03
1.243526977539062500e+03
1.467000007629394531e+00
7.639297851562500000e+03
2.043724975585937500e+03
2.221986083984375000e+03
1.374397949218750000e+03
1.382135986328125000e+03
3.043499946594238281e+01
5.899000167846679688e+00
4.736999988555908203e+00
8.194529296875000000e+03
2.293968750000000000e+04
1.526001074218750000e+04
5.221499023437500000e+03
7.073150024414062500e+02
2.222914648437500000e+04
7.103655761718750000e+03
1.556016967773437500e+03
9.111000061035156250e+00
2.321679931640625000e+03
3.500999927520751953e+00
1.206200027465820312e+01
2.523986083984375000e+03
2.290299987792968750e+01
1.774784960937500000e+04
5.454014160156250000e+03
8.326909790039062500e+02
1.137155273437500000e+04
1.110796875000000000e+04
1.287706933593750000e+04
1.513864013671875000e+03
9.868199920654296875e+01
3.660000085830688477e+00
2.721409912109375000e+02
1.466036914062500000e+04
1.619649963378906250e+02
1.574116943359375000e+03
6.805245117187500000e+03
8.540809936523437500e+02
2.150754882812500000e+03
1.730500976562500000e+03
2.053512939453125000e+03
1.270260986328125000e+03
1.500780029296875000e+02
1.694000005722045898e+00
1.192133300781250000e+04
1.945579986572265625e+02
7.169599914550781250e+01
1.970786987304687500e+03
3.379700088500976562e+01
4.974644042968750000e+03
2.886800003051757812e+01
1.884300041198730469e+01
4.896500015258789062e+01
6.892000198364257812e+00
8.308453125000000000e+03
3.025099945068359375e+01
9.778678710937500000e+03
1.199785644531250000e+04
3.490100097656250000e+01
4.305330078125000000e+03
5.538299942016601562e+01
4.739038085937500000e+03
2.607500076293945312e+01
1.657979882812500000e+04
2.823970947265625000e+03
3.305000066757202148e+00
3.856399917602539062e+01
1.731372265625000000e+04
1.089151269531250000e+04
1.534557006835937500e+03
4.323370056152343750e+02
4.406515136718750000e+03
2.377718017578125000e+03
4.910605957031250000e+03
1.354119824218750000e+04
8.403199768066406250e+01
1.179626953125000000e+03
5.858499908447265625e+01
4.493000030517578125e+00
1.025265014648437500e+03
2.631172460937500000e+04
8.584625976562500000e+03
5.138007812500000000e+03
3.515799072265625000e+03
3.033658935546875000e+03
3.543899917602539062e+01
1.330010070800781250e+02
1.363138867187500000e+04
4.881678222656250000e+03
2.677312011718750000e+03
9.105280273437500000e+03
2.351538085937500000e+04
1.631287963867187500e+03
2.047976171875000000e+04
6.427100372314453125e+01
1.943864990234375000e+03
7.253475097656250000e+03
2.747779052734375000e+03
6.625999927520751953e+00
2.522900009155273438e+01
3.129100036621093750e+01
9.497570190429687500e+02
9.249613281250000000e+03
6.961060058593750000e+03
1.645100021362304688e+01
2.985375976562500000e+03
1.620255004882812500e+03
6.305297851562500000e+03
1.049309997558593750e+02
8.271900177001953125e+01
4.837282226562500000e+03
1.363792968750000000e+03
9.790570068359375000e+02
1.371385986328125000e+03
3.513058105468750000e+03
3.646719970703125000e+03
1.512363574218750000e+04
2.087040039062500000e+03
8.461379882812500000e+03
5.554352050781250000e+03
1.272574951171875000e+03
2.519802929687500000e+04
2.250437988281250000e+03
1.991569976806640625e+02
1.632089996337890625e+02
2.014124609375000000e+04
6.718070068359375000e+02
9.486220092773437500e+02
7.874700164794921875e+01
5.928999900817871094e+00
1.687409973144531250e+02
7.083640136718750000e+03
1.389033496093750000e+04
3.130377929687500000e+03
7.575800323486328125e+01
7.694272949218750000e+03
6.362811328125000000e+04
2.125300025939941406e+01
5.772357910156250000e+03
2.306349121093750000e+03
1.203684082031250000e+04
3.103669921875000000e+03
7.034999847412109375e+01
4.177988769531250000e+03
1.546153906250000000e+04
3.960675048828125000e+03
6.494799804687500000e+01
2.916250000000000000e+02
2.315708984375000000e+03
2.367395996093750000e+03
1.671463281250000000e+04
8.070435058593750000e+03
2.808257080078125000e+03
4.908700180053710938e+01
6.517928222656250000e+03
1.146122363281250000e+04
1.690299987792968750e+01
5.393000030517578125e+01
5.556312011718750000e+03
6.821399902343750000e+03
3.047394042968750000e+03
3.948999881744384766e+00
1.666487060546875000e+03
6.604022949218750000e+03
1.630598022460937500e+03
5.402403808593750000e+03
7.020799804687500000e+03
5.758902832031250000e+03
1.917178955078125000e+03
1.978551171875000000e+04
5.717999935150146484e+00
1.795000076293945312e+01
2.353199958801269531e+01
2.520639892578125000e+03
1.859597045898437500e+03
2.116140820312500000e+04
4.963268066406250000e+03
7.195999908447265625e+01
7.107639770507812500e+02
5.394464843750000000e+03
3.797647949218750000e+03
1.921999931335449219e+01
6.084698242187500000e+03
6.007094238281250000e+03
6.752875976562500000e+03
3.930518066406250000e+03
4.007999897003173828e+00
2.608000040054321289e+00
3.959230041503906250e+02
3.592220947265625000e+03
2.347251953125000000e+03
1.834392968750000000e+04
6.634920043945312500e+02
1.636090722656250000e+04
5.449999809265136719e+00
3.420600128173828125e+01
3.124347900390625000e+03
1.278079199218750000e+04
6.325289062500000000e+03
1.204442187500000000e+04
6.019579101562500000e+03
2.797530029296875000e+03
2.031357617187500000e+04
1.496000051498413086e+00
5.381900024414062500e+01
1.513012939453125000e+03
1.309187988281250000e+03
1.017402441406250000e+04
7.044046875000000000e+03
2.605500030517578125e+01
5.775000095367431641e+00
4.315499877929687500e+01
2.889084960937500000e+03
1.791016210937500000e+04
8.780941406250000000e+03
8.013099670410156250e+01
7.952239990234375000e+02
1.350416308593750000e+04
2.378666992187500000e+03
1.895299911499023438e+01
1.302452343750000000e+04
2.084884033203125000e+03
1.540563574218750000e+04
1.147193847656250000e+04
2.968000030517578125e+01
2.555999994277954102e+00
1.943086718750000000e+04
3.373976074218750000e+03
2.343866943359375000e+03
9.081000328063964844e+00
2.839200019836425781e+01
4.053099822998046875e+01
7.394750000000000000e+03
2.956732910156250000e+03
9.380899810791015625e+01
5.776100158691406250e+01
1.161053320312500000e+04
2.540080859375000000e+04
2.656399917602539062e+01
1.099565332031250000e+04
1.067800045013427734e+01
4.786499023437500000e+03
3.269800186157226562e+01
8.186298828125000000e+03
1.628979003906250000e+03
7.028999805450439453e+00
9.907530273437500000e+03
2.114048828125000000e+04
4.548653808593750000e+03
1.510590722656250000e+04
4.847200012207031250e+01
3.768687988281250000e+03
1.186729965209960938e+02
4.723151855468750000e+03
2.469961132812500000e+04
6.435600280761718750e+01
6.734811035156250000e+03
2.625999927520751953e+00
7.748812011718750000e+03
2.943700027465820312e+01
2.593400781250000000e+04
9.417675781250000000e+03
2.181100082397460938e+01
1.961580047607421875e+02
1.655771679687500000e+04
8.748803710937500000e+03
2.268302978515625000e+03
9.672599792480468750e+01
1.581290917968750000e+04
8.419200134277343750e+01
7.150199890136718750e+01
8.093679199218750000e+03
3.372200012207031250e+01
2.060991943359375000e+03
1.192945996093750000e+04
1.261159973144531250e+02
6.075200195312500000e+02
9.382787109375000000e+03
1.735333984375000000e+04
9.512750976562500000e+03
2.230500030517578125e+01
1.404470062255859375e+02
1.595832031250000000e+03
3.207002148437500000e+04
8.688540039062500000e+02
9.205999755859375000e+02
5.756291992187500000e+03
2.166600036621093750e+01
8.735020141601562500e+02
4.501480102539062500e+02
1.904500007629394531e+01
3.092125000000000000e+03
1.802744995117187500e+03
7.961465820312500000e+03
1.380735961914062500e+03
6.505283203125000000e+03
7.633480224609375000e+02
3.076999902725219727e+00
6.150154785156250000e+03
1.447360961914062500e+03
3.541997070312500000e+03
1.256900024414062500e+01
4.272320800781250000e+03
3.362210083007812500e+02
1.608806445312500000e+04
1.292252343750000000e+04
4.012034912109375000e+03
1.033119964599609375e+02
1.647803515625000000e+04
8.643505859375000000e+03
2.784601074218750000e+03
5.844397949218750000e+03
6.976575195312500000e+03
2.504503906250000000e+03
2.299657812500000000e+04
9.083000183105468750e+00
1.087649993896484375e+02
4.494112792968750000e+03
1.931115966796875000e+03
6.599400329589843750e+01
1.075150024414062500e+03
5.774094238281250000e+03
4.809999942779541016e+00
4.267399978637695312e+01
3.453499984741210938e+01
1.407199954986572266e+01
8.226514648437500000e+03
3.580500030517578125e+01
6.591200256347656250e+01
2.076099967956542969e+01
6.964163085937500000e+03
5.170216796875000000e+03
6.567538085937500000e+03
1.552366601562500000e+04
6.041565917968750000e+03
4.696036132812500000e+03
2.087299919128417969e+01
3.862959899902343750e+02
7.508270019531250000e+03
1.600519238281250000e+04
2.741210351562500000e+04
5.302639770507812500e+02
4.138000011444091797e+00
1.679400062561035156e+01
6.803338867187500000e+03
6.049790039062500000e+02
7.597810058593750000e+02
5.765169921875000000e+03
3.588000059127807617e+00
5.880000114440917969e+00
1.362740966796875000e+03
1.844750585937500000e+04
1.196668945312500000e+03
1.390558398437500000e+04
2.098802978515625000e+03
2.197137500000000000e+04
3.706735107421875000e+03
8.811548828125000000e+03
7.167924804687500000e+03
6.649900054931640625e+01
1.338157128906250000e+04
1.830999970436096191e+00
3.638299942016601562e+01
4.676339843750000000e+03
5.729978027343750000e+03
6.981625000000000000e+03
4.209651953125000000e+04
1.576929931640625000e+02
4.539752929687500000e+03
5.926951171875000000e+03
8.973799896240234375e+01
6.983469848632812500e+02
8.260999679565429688e+00
2.848999977111816406e+01
5.776100158691406250e+01
3.720489843750000000e+04
8.003700256347656250e+01
3.257999897003173828e+00
3.232180908203125000e+03
3.394789062500000000e+03
1.335407617187500000e+04
4.640687011718750000e+03
5.598300170898437500e+01
3.644999980926513672e+00
4.004054931640625000e+03
2.074273925781250000e+03
3.972489929199218750e+02
2.911300086975097656e+01
9.017783203125000000e+03
4.103509765625000000e+03
3.687049865722656250e+02
3.190654052734375000e+03
1.599795043945312500e+03
1.185292871093750000e+04
1.577394335937500000e+04
6.433715820312500000e+03
6.508180175781250000e+03
2.543902099609375000e+03
1.122463867187500000e+04
2.635720117187500000e+04
1.184899997711181641e+01
7.235461914062500000e+03
4.104294921875000000e+03
1.851480273437500000e+04
1.526179101562500000e+04
3.540226074218750000e+03
8.609209960937500000e+03
7.778550781250000000e+03
3.560300064086914062e+01
1.815000057220458984e+00
1.374199962615966797e+01
9.046680664062500000e+03
1.494490051269531250e+02
9.826001953125000000e+03
4.473918945312500000e+03
3.626600036621093750e+02
5.767829101562500000e+03
3.357251953125000000e+03
9.614000320434570312e+00
3.549119873046875000e+02
2.965286914062500000e+04
7.355799865722656250e+01
5.324798828125000000e+03
3.867917968750000000e+03
9.379499816894531250e+01
1.759000015258789062e+01
3.816884033203125000e+03
1.337329956054687500e+03
2.810099983215332031e+01
6.691899871826171875e+01
1.428400039672851562e+01
1.341887304687500000e+04
5.506399917602539062e+01
1.414622656250000000e+04
8.034038085937500000e+03
1.415449981689453125e+02
5.416413085937500000e+03
2.366286914062500000e+04
4.300000190734863281e+00
1.020575000000000000e+04
1.164937988281250000e+03
7.416740234375000000e+03
1.374730072021484375e+02
6.559999942779541016e+00
1.026770019531250000e+02
6.139854980468750000e+03
3.594200134277343750e+01
1.989529492187500000e+04
5.234000205993652344e+00
1.095139999389648438e+02
6.314138183593750000e+03
8.767206054687500000e+03
2.834499931335449219e+01
6.469799804687500000e+01
8.783809814453125000e+02
1.328733593750000000e+04
1.476269989013671875e+02
2.424660034179687500e+02
6.318779907226562500e+02
3.595969848632812500e+02
1.410057128906250000e+04
1.170600032806396484e+01
9.512352539062500000e+03
7.497443847656250000e+03
9.274400329589843750e+01
4.593199920654296875e+01
3.991699981689453125e+01
2.957999944686889648e+00
1.091041796875000000e+04
1.002289843750000000e+04
4.349399948120117188e+01
7.065930175781250000e+02
4.837408203125000000e+03
4.982728027343750000e+03
1.354441113281250000e+04
2.960740051269531250e+02
3.178700065612792969e+01
2.720999956130981445e+00
2.942319946289062500e+02
4.252999782562255859e+00
5.219544921875000000e+03
4.928999900817871094e+00
2.078142089843750000e+03
9.814923828125000000e+03
2.530890045166015625e+02
3.035025878906250000e+03
7.667399902343750000e+03
7.244456054687500000e+03
2.307253906250000000e+03
5.498523925781250000e+03
4.027299880981445312e+01
9.443030273437500000e+03
2.341000080108642578e+00
3.050658935546875000e+03
1.654718017578125000e+03
1.086699962615966797e+01
2.539173095703125000e+03
1.257390332031250000e+04
1.836364990234375000e+03
2.857085937500000000e+03
1.167708886718750000e+04
3.259999990463256836e+00
3.176071289062500000e+04
1.446673632812500000e+04
1.496141210937500000e+04
4.115719909667968750e+02
4.927000045776367188e+00
4.339590820312500000e+03
8.326999664306640625e+00
1.845999956130981445e+00
3.589597900390625000e+03
2.242753906250000000e+03
7.481249023437500000e+03
7.429901855468750000e+03
3.402763281250000000e+04
1.264299964904785156e+01
3.285157958984375000e+03
2.681999921798706055e+00
9.885573242187500000e+03
2.901110107421875000e+03
1.397846484375000000e+04
4.883999824523925781e+00
3.565999984741210938e+00
9.972466796875000000e+03
7.449607910156250000e+03
1.777184765625000000e+04
1.500675048828125000e+03
9.314999580383300781e+00
1.836423046875000000e+04
2.585139892578125000e+03
4.696799850463867188e+01
6.451775878906250000e+03
4.161859863281250000e+03
1.403053808593750000e+04
1.134788476562500000e+04
6.482170898437500000e+03
2.284300041198730469e+01
5.577449218750000000e+03
4.840299987792968750e+01
1.890280468750000000e+04
2.876480102539062500e+02
2.194000005722045898e+00
1.118484179687500000e+04
7.238852050781250000e+03
1.181409988403320312e+02
1.717196044921875000e+03
1.089010058593750000e+04
6.398257812500000000e+03
9.112075195312500000e+03
1.345556835937500000e+04
1.095302001953125000e+03
3.479630126953125000e+02
3.556999969482421875e+01
2.642300033569335938e+01
6.719808105468750000e+03
2.442587890625000000e+03
5.238746093750000000e+03
2.385811035156250000e+03
1.700930053710937500e+03
8.486665039062500000e+03
1.156476953125000000e+04
2.533462890625000000e+03
7.343924804687500000e+03
9.589470214843750000e+02
3.268089111328125000e+03
1.087249984741210938e+02
7.730599975585937500e+01
2.726899909973144531e+01
5.469970214843750000e+03
7.275065917968750000e+03
1.556609954833984375e+02
1.149396972656250000e+03
6.347299957275390625e+01
1.962669982910156250e+02
1.091051562500000000e+04
2.535800048828125000e+03
2.471701904296875000e+03
3.424000167846679688e+01
2.856764892578125000e+03
1.854329986572265625e+02
1.701043750000000000e+04
2.335583984375000000e+03
1.184954980468750000e+04
2.731629943847656250e+02
7.172869873046875000e+02
4.122282226562500000e+03
1.200817675781250000e+04
1.104000015258789062e+02
5.640410156250000000e+02
1.050437988281250000e+03
3.888499832153320312e+01
7.762930175781250000e+03
1.107104101562500000e+04
8.306720703125000000e+03
7.402467773437500000e+03
1.192508300781250000e+04
2.346860107421875000e+03
7.375000000000000000e+00
9.606482421875000000e+03
2.790129882812500000e+03
1.648140625000000000e+04
4.961929199218750000e+03
9.986000061035156250e+00
4.726462890625000000e+03
7.629202148437500000e+03
6.610600280761718750e+01
5.671546875000000000e+03
1.271973730468750000e+04
2.777887939453125000e+03
7.898200225830078125e+01
3.825737060546875000e+03
5.385000228881835938e+00
1.000594042968750000e+04
1.614100074768066406e+01
1.329699993133544922e+01
1.286199218750000000e+04
6.436299896240234375e+01
7.289229736328125000e+02
1.118462792968750000e+04
1.488119433593750000e+04
9.320613281250000000e+03
