4.805050000000000000e+06
4.153200149536132812e+01
3.849008056640625000e+03
1.738584765625000000e+04
3.728076750000000000e+06
2.516122070312500000e+04
3.579660156250000000e+04
1.703427343750000000e+04
1.850399971008300781e+01
1.313231640625000000e+04
4.893637207031250000e+03
6.839099884033203125e+01
1.549925048828125000e+03
2.037803515625000000e+04
5.651800155639648438e+01
2.231739843750000000e+04
2.078440917968750000e+03
3.503679500000000000e+06
3.673237890625000000e+04
3.082900047302246094e+01
1.609835351562500000e+04
1.695299911499023438e+01
2.494700050354003906e+01
6.838600158691406250e+01
4.385025937500000000e+05
5.077199935913085938e+01
5.089292968750000000e+03
1.041400000000000000e+04
1.763959960937500000e+02
1.796299934387207031e+01
6.708429199218750000e+03
1.963623632812500000e+04
1.839230041503906250e+02
4.078409912109375000e+03
3.867100143432617188e+01
1.376938875000000000e+06
1.291813574218750000e+04
7.157160034179687500e+02
5.597499847412109375e+01
5.240100097656250000e+01
5.038677734375000000e+04
2.591540039062500000e+03
9.865245117187500000e+03
8.963806640625000000e+03
8.642346679687500000e+03
3.609999847412109375e+01
9.788150024414062500e+02
8.296508789062500000e+03
1.194200038909912109e+01
4.288999938964843750e+01
4.994300079345703125e+01
1.682624218750000000e+04
2.290034375000000000e+04
4.007677001953125000e+03
2.737599945068359375e+01
8.101047851562500000e+03
5.498899841308593750e+01
1.616092578125000000e+04
1.824200057983398438e+01
1.263464746093750000e+04
1.144064941406250000e+03
4.380599975585937500e+01
2.227799987792968750e+01
5.544300079345703125e+01
4.914599990844726562e+01
1.346529998779296875e+02
2.553808007812500000e+04
2.318162109375000000e+03
1.712145996093750000e+03
3.795737060546875000e+03
3.836086875000000000e+05
1.526755566406250000e+04
1.117841503906250000e+04
3.551357910156250000e+03
2.127499961853027344e+01
8.509169921875000000e+03
6.363807000000000000e+06
5.986025878906250000e+03
3.276563964843750000e+03
1.764759979248046875e+02
2.689345117187500000e+04
9.527103750000000000e+05
6.000400161743164062e+01
2.202258203125000000e+04
4.979899978637695312e+01
3.685053955078125000e+03
7.936199951171875000e+01
8.750541015625000000e+03
1.860736523437500000e+04
1.075800037384033203e+01
2.201762109375000000e+04
3.036373046875000000e+03
2.368400001525878906e+01
2.916500091552734375e+01
1.042676464843750000e+04
1.541503125000000000e+04
8.396800231933593750e+01
1.038463769531250000e+04
1.065751855468750000e+04
2.947848046875000000e+04
4.314599990844726562e+01
4.037400054931640625e+01
9.757949829101562500e+02
6.173500061035156250e+01
2.332299995422363281e+01
1.299187207031250000e+04
1.439730072021484375e+02
2.399669952392578125e+02
2.857070007324218750e+02
3.405190917968750000e+03
1.518393359375000000e+04
4.293361000000000000e+06
2.181399917602539062e+01
1.173273632812500000e+04
2.752915039062500000e+03
6.392500000000000000e+03
1.959000015258789062e+01
2.121669921875000000e+03
4.461999893188476562e+01
9.958406250000000000e+03
1.218209991455078125e+02
1.595780029296875000e+02
7.688437988281250000e+03
8.722999572753906250e+00
2.586000061035156250e+01
5.841279907226562500e+02
3.566657958984375000e+03
2.267645898437500000e+04
9.996600341796875000e+01
1.166986914062500000e+04
2.107716210937500000e+04
2.478975585937500000e+04
3.999000167846679688e+01
3.950034912109375000e+03
3.170932226562500000e+04
4.205980078125000000e+04
5.695399856567382812e+01
8.841964843750000000e+03
3.625600051879882812e+01
1.402026367187500000e+04
3.671858886718750000e+03
1.868516796875000000e+04
4.049879882812500000e+03
1.306721125000000000e+06
4.603701171875000000e+03
2.835960083007812500e+02
2.238419952392578125e+02
9.392600250244140625e+01
1.581399047851562500e+03
1.748399925231933594e+01
1.934420013427734375e+02
1.406959991455078125e+02
2.213407617187500000e+04
2.780999946594238281e+01
1.184990005493164062e+02
2.094499969482421875e+01
1.053733203125000000e+04
2.781699943542480469e+01
3.149331250000000000e+04
2.376260070800781250e+02
2.836919860839843750e+02
4.891699981689453125e+01
1.094714062500000000e+04
1.539362695312500000e+04
8.724013671875000000e+03
1.414019927978515625e+02
1.482712125000000000e+06
1.750354687500000000e+04
4.829357910156250000e+03
1.446233203125000000e+04
1.495399932861328125e+02
5.985900115966796875e+01
1.471360015869140625e+02
1.799155029296875000e+03
2.040983398437500000e+04
5.114300155639648438e+01
5.158300018310546875e+01
1.028699970245361328e+01
1.994599914550781250e+01
8.691899871826171875e+01
2.850576904296875000e+03
1.126491503906250000e+04
8.495313476562500000e+03
4.050447021484375000e+03
8.441849975585937500e+02
2.283750390625000000e+04
2.604800033569335938e+01
1.546234277343750000e+04
2.274149932861328125e+02
3.626499938964843750e+01
5.494490234375000000e+03
6.428209838867187500e+02
3.539899826049804688e+01
8.727599000000000000e+06
1.427378710937500000e+04
1.025513875000000000e+06
9.067661132812500000e+03
2.967300585937500000e+04
1.439662792968750000e+04
4.480722167968750000e+03
2.486289062500000000e+03
6.407700347900390625e+01
3.554025390625000000e+04
4.669599914550781250e+01
9.730029296875000000e+03
4.050666562500000000e+05
1.126159973144531250e+02
1.162993625000000000e+06
1.198040429687500000e+04
2.333976250000000000e+06
2.824784179687500000e+04
2.279400062561035156e+01
1.983161523437500000e+04
4.737707031250000000e+03
3.172429296875000000e+04
1.211755004882812500e+03
1.729299926757812500e+01
1.043601074218750000e+04
1.715500068664550781e+01
9.795698242187500000e+03
3.467499923706054688e+01
4.737699890136718750e+01
9.059663085937500000e+03
9.146427734375000000e+03
1.018718994140625000e+03
1.655726562500000000e+04
1.833545043945312500e+03
1.054520034790039062e+02
7.896610839843750000e+03
1.406594628906250000e+04
1.963921997070312500e+03
3.284113037109375000e+03
2.867785750000000000e+06
1.604147167968750000e+04
2.989691796875000000e+04
7.968357910156250000e+03
2.754400062561035156e+01
9.573699951171875000e+01
1.859190429687500000e+04
1.917600059509277344e+01
6.292002929687500000e+03
1.615172973632812500e+03
1.063001269531250000e+04
2.133495898437500000e+04
2.608139953613281250e+02
2.453882750000000000e+06
2.174148046875000000e+04
2.170069140625000000e+04
1.793274609375000000e+04
4.324003906250000000e+03
1.200573437500000000e+04
3.547510986328125000e+03
7.585599975585937500e+02
5.358333984375000000e+03
2.411309967041015625e+02
7.203010253906250000e+02
2.305104882812500000e+04
3.183300018310546875e+01
1.905635546875000000e+04
4.737179870605468750e+02
6.741100311279296875e+01
1.635070312500000000e+04
1.615370898437500000e+04
3.518399810791015625e+01
2.848916992187500000e+03
1.691489990234375000e+03
2.679999750000000000e+06
3.614259948730468750e+02
2.346999931335449219e+01
2.741030273437500000e+04
4.552399826049804688e+01
4.988412109375000000e+03
2.450907617187500000e+04
6.918071777343750000e+03
2.638400077819824219e+01
2.205800056457519531e+01
8.561523437500000000e+03
8.033599853515625000e+01
2.016967041015625000e+03
1.004555371093750000e+04
1.737251953125000000e+03
2.163400077819824219e+01
1.314230041503906250e+02
1.181610031127929688e+02
1.553598144531250000e+04
2.509199905395507812e+01
1.432321044921875000e+03
5.911124609375000000e+04
1.215482128906250000e+04
6.914099884033203125e+01
1.129800033569335938e+01
2.736658935546875000e+03
3.371500015258789062e+01
5.709459838867187500e+02
7.266100311279296875e+01
1.713999938964843750e+01
1.902688671875000000e+04
1.693029937744140625e+02
3.442941406250000000e+04
2.805020996093750000e+03
3.779524218750000000e+04
1.854999923706054688e+01
9.639065429687500000e+03
2.332299995422363281e+01
3.794167968750000000e+04
3.800368750000000000e+04
4.549270019531250000e+03
2.647100067138671875e+01
3.158118359375000000e+04
1.534040136718750000e+04
1.074106054687500000e+04
2.371456250000000000e+04
2.197568359375000000e+04
1.238312597656250000e+04
6.606734863281250000e+03
1.503290722656250000e+04
1.166125976562500000e+03
2.794440429687500000e+04
2.086878320312500000e+04
1.566499938964843750e+02
5.271799850463867188e+01
1.425762207031250000e+04
2.673521484375000000e+04
4.362039062500000000e+05
3.375867750000000000e+06
3.935300064086914062e+01
8.973825195312500000e+03
6.843269042968750000e+03
3.645116500000000000e+06
4.885892089843750000e+03
7.897399902343750000e+01
2.619519958496093750e+02
3.702146972656250000e+03
5.740900039672851562e+01
6.438899993896484375e+01
1.580030761718750000e+04
9.385999679565429688e+00
8.283899688720703125e+01
4.067940063476562500e+02
4.736092812500000000e+05
2.329895019531250000e+03
5.650469970703125000e+02
5.708300018310546875e+01
9.772883789062500000e+03
1.875850067138671875e+02
2.253000068664550781e+01
3.726576904296875000e+03
2.694079895019531250e+02
1.897800064086914062e+01
7.585798828125000000e+03
1.344518261718750000e+04
1.246859863281250000e+04
1.189274023437500000e+04
2.131599998474121094e+01
2.147468750000000000e+04
2.800225097656250000e+03
1.429169628906250000e+04
1.766411523437500000e+04
9.407535156250000000e+03
2.715770312500000000e+04
2.454519958496093750e+02
5.452700042724609375e+01
9.635299682617187500e+01
1.624662963867187500e+03
8.198462890625000000e+03
7.218216796875000000e+03
2.977300071716308594e+01
3.679800033569335938e+01
2.534579925537109375e+02
1.664599990844726562e+01
2.994368896484375000e+03
7.305185058593750000e+03
1.180619964599609375e+02
4.669499969482421875e+01
1.039430007934570312e+02
1.132581152343750000e+04
6.934702000000000000e+06
1.993744995117187500e+03
4.622651855468750000e+03
4.212099838256835938e+01
4.065499877929687500e+01
5.548880004882812500e+02
6.949618164062500000e+03
1.381220898437500000e+04
1.148956750000000000e+06
3.641215087890625000e+03
2.970818750000000000e+04
7.101934375000000000e+05
7.101898925781250000e+03
6.743299865722656250e+01
6.469776855468750000e+03
4.478081500000000000e+06
9.343870117187500000e+03
8.763379687500000000e+04
2.796500015258789062e+01
5.710699844360351562e+01
5.479630126953125000e+02
1.828499984741210938e+01
5.779846191406250000e+03
4.214436250000000000e+05
1.759145996093750000e+03
1.620694335937500000e+04
1.210129296875000000e+04
5.925684082031250000e+03
2.464909973144531250e+02
4.650727343750000000e+04
6.392000198364257812e+00
6.782499694824218750e+01
1.398160546875000000e+04
3.179930908203125000e+03
4.164089965820312500e+02
1.575216406250000000e+04
3.553900146484375000e+01
1.021719726562500000e+04
7.584200286865234375e+01
2.218923437500000000e+04
4.049700164794921875e+01
4.010800170898437500e+01
5.690700149536132812e+01
7.902500152587890625e+01
4.599545898437500000e+03
1.316110961914062500e+03
2.353000068664550781e+01
1.396750030517578125e+02
6.978439941406250000e+03
5.320199966430664062e+01
1.992645507812500000e+04
3.150020141601562500e+02
8.932383750000000000e+05
4.013323750000000000e+06
1.476215332031250000e+04
6.803462000000000000e+06
1.854439941406250000e+03
9.677500152587890625e+01
5.031800079345703125e+01
1.750988085937500000e+04
2.894599914550781250e+01
1.194799995422363281e+01
1.984700012207031250e+01
4.742333984375000000e+03
1.635000000000000000e+02
1.703743554687500000e+04
5.472999954223632812e+01
3.686100006103515625e+01
1.127340011596679688e+02
7.883686035156250000e+03
2.949438964843750000e+03
1.481286914062500000e+04
1.051284277343750000e+04
2.949904375000000000e+05
3.902770312500000000e+05
1.486047973632812500e+03
1.755950976562500000e+04
2.505354980468750000e+03
7.018499755859375000e+01
1.137428417968750000e+04
1.679870117187500000e+04
2.566906640625000000e+04
9.361617187500000000e+03
1.043027246093750000e+04
6.523899841308593750e+01
7.323872070312500000e+03
1.883318164062500000e+04
4.637099838256835938e+01
5.615299987792968750e+01
1.902570037841796875e+02
4.302899932861328125e+01
1.368991943359375000e+03
1.558593457031250000e+04
8.506640000000000000e+06
1.290141503906250000e+04
1.006697460937500000e+04
2.167532958984375000e+03
4.207788281250000000e+04
7.674900054931640625e+01
1.637100028991699219e+01
4.729499816894531250e+01
1.021020312500000000e+04
1.814290625000000000e+04
2.179500007629394531e+01
3.995357500000000000e+06
9.344231445312500000e+03
3.719400024414062500e+01
3.127281445312500000e+04
2.029570507812500000e+04
3.115971750000000000e+06
1.222505004882812500e+03
4.658928222656250000e+03
4.634524902343750000e+03
8.213200378417968750e+01
9.732302734375000000e+03
3.400566406250000000e+04
3.896305625000000000e+05
3.059549865722656250e+02
1.062034057617187500e+03
9.928224609375000000e+03
1.125095947265625000e+03
2.310906445312500000e+04
1.300809936523437500e+02
1.579775585937500000e+04
3.240700149536132812e+01
1.503769042968750000e+04
1.640235546875000000e+04
2.133783203125000000e+04
2.666114500000000000e+06
5.804700088500976562e+01
8.021099853515625000e+01
1.272811621093750000e+04
6.788494140625000000e+03
5.915176250000000000e+05
1.040636962890625000e+03
6.419699859619140625e+01
5.419366210937500000e+03
1.115696679687500000e+04
9.627171875000000000e+03
6.918499755859375000e+01
3.580230102539062500e+02
5.322499847412109375e+01
1.897354882812500000e+04
2.695000076293945312e+01
4.254899978637695312e+01
2.173506103515625000e+03
2.478499984741210938e+01
3.351809082031250000e+03
1.711099609375000000e+04
1.453724121093750000e+04
3.099481933593750000e+03
2.522149218750000000e+04
1.875000000000000000e+01
1.655400085449218750e+01
8.939700317382812500e+01
1.042070007324218750e+02
6.592142089843750000e+03
9.441899871826171875e+01
1.098523925781250000e+04
5.743992187500000000e+03
1.657887500000000000e+06
6.877400207519531250e+01
1.593047558593750000e+04
3.016252000000000000e+06
1.333477929687500000e+04
6.390492187500000000e+03
3.544300079345703125e+01
3.556700134277343750e+01
8.590880126953125000e+02
1.469927343750000000e+04
2.470321044921875000e+03
9.016919921875000000e+03
3.355648500000000000e+06
2.585719909667968750e+02
7.051176000000000000e+06
7.004940185546875000e+02
4.650099945068359375e+01
6.368399810791015625e+01
1.522200012207031250e+02
2.104999923706054688e+01
4.957500076293945312e+01
2.440340039062500000e+04
3.172742500000000000e+05
1.963735351562500000e+04
3.234195068359375000e+03
2.256492750000000000e+06
3.216337890625000000e+03
7.675900268554687500e+01
6.610527832031250000e+03
5.100674804687500000e+03
8.469923828125000000e+03
1.171764941406250000e+04
1.308600044250488281e+01
9.487208984375000000e+03
1.046979980468750000e+02
1.624864013671875000e+03
1.573600006103515625e+01
4.229620703125000000e+04
9.705644531250000000e+03
5.283700180053710938e+01
9.245111328125000000e+03
5.374268066406250000e+03
4.638646562500000000e+05
3.419100189208984375e+01
6.526000022888183594e+00
8.075271972656250000e+03
5.401159179687500000e+03
8.446537109375000000e+03
9.645244140625000000e+03
3.724049987792968750e+02
1.446953125000000000e+04
4.678620500000000000e+06
7.059100341796875000e+01
1.018565125000000000e+06
9.735327148437500000e+03
1.388710021972656250e+02
3.612281982421875000e+03
5.343561035156250000e+03
6.032600021362304688e+01
8.087145996093750000e+03
9.606742187500000000e+03
2.506599998474121094e+01
4.598946777343750000e+03
9.423415039062500000e+03
1.886199951171875000e+01
7.170200347900390625e+01
3.228157226562500000e+04
2.652599906921386719e+01
8.100696777343750000e+03
2.588904531250000000e+05
7.307700347900390625e+01
9.717507812500000000e+03
5.100199890136718750e+01
8.215831250000000000e+05
8.183060302734375000e+02
6.633000183105468750e+01
1.661639062500000000e+04
2.019799995422363281e+01
4.127619934082031250e+02
2.969136328125000000e+04
3.924890234375000000e+04
4.054101074218750000e+03
2.014689625000000000e+06
2.896894726562500000e+04
1.220277148437500000e+04
7.862400054931640625e+01
8.055000305175781250e+00
5.411492187500000000e+03
9.222981445312500000e+03
6.327299880981445312e+01
4.859282500000000000e+06
2.658358886718750000e+03
1.752380065917968750e+02
1.023170013427734375e+02
9.879641601562500000e+03
4.807699966430664062e+01
7.256356933593750000e+03
5.903200149536132812e+01
1.124556347656250000e+04
1.660019989013671875e+02
1.218659973144531250e+02
5.165891113281250000e+03
7.077200317382812500e+01
4.074240112304687500e+02
1.896420312500000000e+04
1.485331933593750000e+04
8.456300354003906250e+01
6.169317871093750000e+03
2.340999984741210938e+01
1.334555371093750000e+04
9.119799804687500000e+01
5.747150268554687500e+02
6.742259765625000000e+03
7.061467773437500000e+03
3.887540039062500000e+03
4.562272949218750000e+03
2.953678125000000000e+04
1.504683300781250000e+04
2.278800010681152344e+01
7.129349975585937500e+02
1.605472656250000000e+05
3.991999816894531250e+01
3.415969848632812500e+02
2.241670074462890625e+02
3.168496093750000000e+03
7.630283203125000000e+03
1.079430007934570312e+02
1.685668750000000000e+06
2.068618945312500000e+04
1.679558007812500000e+04
1.623175390625000000e+04
1.012987976074218750e+03
1.595100021362304688e+01
1.078567016601562500e+03
5.439199829101562500e+01
1.406700038909912109e+01
2.571499804687500000e+04
8.150700378417968750e+01
6.503392089843750000e+03
1.627867382812500000e+04
9.092832031250000000e+03
4.183700180053710938e+01
7.158397949218750000e+03
9.469699859619140625e+01
3.065500068664550781e+01
1.161200046539306641e+01
1.764429687500000000e+04
9.737999916076660156e+00
8.833699798583984375e+01
5.941183203125000000e+04
1.060994625000000000e+06
4.100000000000000000e+01
5.487700195312500000e+02
7.390499877929687500e+01
3.602989013671875000e+03
1.501691992187500000e+04
1.393633203125000000e+04
1.363295898437500000e+04
1.003600025177001953e+01
5.402914000000000000e+06
4.295299911499023438e+01
1.433149023437500000e+04
1.654577148437500000e+04
2.232600021362304688e+01
4.951499938964843750e+01
1.040609970092773438e+02
1.000300025939941406e+01
2.282299995422363281e+01
2.850600051879882812e+01
3.659600067138671875e+01
1.095380020141601562e+02
2.815699958801269531e+01
2.507541406250000000e+05
1.558602734375000000e+04
2.160498242187500000e+04
1.529599952697753906e+01
8.271046875000000000e+03
1.318599987030029297e+01
1.496360015869140625e+02
1.438249969482421875e+02
2.065534375000000000e+04
4.026100158691406250e+01
3.338881640625000000e+04
1.268700027465820312e+01
1.681170507812500000e+04
1.590764453125000000e+04
1.688355273437500000e+04
2.686915039062500000e+04
2.881709899902343750e+02
4.149379882812500000e+02
5.400299835205078125e+01
2.316498046875000000e+03
3.001391210937500000e+04
2.350376757812500000e+04
4.950144042968750000e+03
2.371100044250488281e+01
2.717529907226562500e+02
1.600603515625000000e+04
1.586810351562500000e+04
5.333397949218750000e+03
2.936195068359375000e+03
9.131997070312500000e+03
5.916107910156250000e+03
1.825929296875000000e+04
7.922217773437500000e+03
8.272609863281250000e+02
3.734299850463867188e+01
7.781985839843750000e+03
6.341553222656250000e+03
3.223950976562500000e+04
7.232755859375000000e+03
1.014453320312500000e+04
1.507225952148437500e+03
8.564018554687500000e+03
2.965014892578125000e+03
3.268550109863281250e+02
2.160608203125000000e+04
1.350573730468750000e+04
2.295117578125000000e+04
7.405699920654296875e+01
9.705139770507812500e+02
1.216182006835937500e+03
1.708499908447265625e+01
8.122200012207031250e+01
2.212029052734375000e+03
7.038706000000000000e+06
2.005106054687500000e+04
7.749786132812500000e+03
1.565025781250000000e+04
7.048806152343750000e+03
2.618083984375000000e+03
8.905200195312500000e+01
3.376947998046875000e+03
1.027400016784667969e+01
2.986232910156250000e+03
4.974900054931640625e+01
9.849970092773437500e+02
4.121603027343750000e+03
4.436455078125000000e+03
6.452500152587890625e+01
4.235977812500000000e+05
7.522099121093750000e+03
3.269571093750000000e+04
4.938389160156250000e+03
4.093309936523437500e+02
1.760205468750000000e+04
3.290700149536132812e+01
3.708300018310546875e+01
2.948100090026855469e+01
2.477099990844726562e+01
2.107154052734375000e+03
1.556270019531250000e+04
3.969499969482421875e+01
1.027209960937500000e+03
5.003859863281250000e+03
1.847086059570312500e+03
1.976395117187500000e+04
1.178913964843750000e+04
1.416069946289062500e+02
3.189784912109375000e+03
8.139333125000000000e+05
1.277307031250000000e+04
9.040131835937500000e+03
5.314630126953125000e+02
4.610589904785156250e+02
2.845650390625000000e+04
1.903100013732910156e+01
3.153645117187500000e+04
8.012100219726562500e+01
3.615208984375000000e+03
1.015851013183593750e+03
8.860399627685546875e+01
1.241093261718750000e+04
2.061062011718750000e+03
1.083259472656250000e+04
3.824500000000000000e+03
3.532799911499023438e+01
5.872880859375000000e+03
1.044595214843750000e+04
1.117761962890625000e+03
2.936899948120117188e+01
2.687184082031250000e+03
3.045800018310546875e+01
3.073393066406250000e+03
1.182913250000000000e+06
1.027964437500000000e+06
4.525280761718750000e+03
5.511999893188476562e+01
1.393879687500000000e+04
5.319300079345703125e+01
9.937979736328125000e+02
8.065770000000000000e+05
1.727522656250000000e+04
2.939479687500000000e+04
1.324339648437500000e+04
3.006268066406250000e+03
2.022269921875000000e+04
3.330599975585937500e+01
1.220172265625000000e+04
2.021400070190429688e+01
6.490399932861328125e+01
5.116080017089843750e+02
4.043899917602539062e+01
1.186745996093750000e+04
9.081400299072265625e+01
9.893594726562500000e+03
1.562699985504150391e+01
7.690035156250000000e+03
4.188370117187500000e+03
1.428189941406250000e+03
1.021966699218750000e+04
5.675799942016601562e+01
6.612484863281250000e+03
3.288219000000000000e+06
3.361399841308593750e+01
5.034899902343750000e+01
2.205565917968750000e+03
1.581189160156250000e+04
5.468500137329101562e+01
1.637740039062500000e+04
1.268043945312500000e+04
1.518645125000000000e+06
1.446490625000000000e+04
7.065525781250000000e+04
1.620539648437500000e+04
3.658000183105468750e+01
7.285652832031250000e+03
1.603262939453125000e+03
7.277200317382812500e+01
1.457889453125000000e+04
2.474799919128417969e+01
2.265123046875000000e+03
4.048099899291992188e+01
2.167710937500000000e+04
8.106821777343750000e+03
1.045046289062500000e+04
1.406671875000000000e+04
1.422819042968750000e+04
3.948199844360351562e+01
2.559700012207031250e+01
1.852720507812500000e+04
6.409745500000000000e+06
1.744385986328125000e+03
2.396800041198730469e+01
9.697275000000000000e+05
3.505150146484375000e+02
5.640900039672851562e+01
8.248483398437500000e+03
5.588199996948242188e+01
1.752183398437500000e+04
8.827400207519531250e+01
2.181833007812500000e+03
5.482505859375000000e+03
1.020767187500000000e+06
1.405666113281250000e+04
1.157049804687500000e+04
7.335979003906250000e+03
7.853700256347656250e+01
1.152907958984375000e+03
7.233995117187500000e+03
2.083959570312500000e+04
4.562590026855468750e+02
8.315100097656250000e+02
2.783648925781250000e+03
3.438342187500000000e+04
9.609100341796875000e+01
1.529125585937500000e+04
3.563744531250000000e+04
4.851100158691406250e+01
1.561600017547607422e+01
1.745547851562500000e+04
1.321090234375000000e+04
5.527797851562500000e+03
2.760510742187500000e+04
1.645185156250000000e+04
2.344842187500000000e+04
1.819729003906250000e+03
1.069664746093750000e+04
1.634010009765625000e+03
3.617674072265625000e+03
4.540700149536132812e+01
7.267814941406250000e+03
4.067900085449218750e+01
3.671699905395507812e+01
9.604299926757812500e+01
6.118909179687500000e+03
3.103089648437500000e+04
6.089699935913085938e+01
1.364783496093750000e+04
8.904610000000000000e+06
4.751040039062500000e+02
3.750500106811523438e+01
3.584999847412109375e+01
1.006098999023437500e+03
2.331500053405761719e+01
4.411199951171875000e+01
8.174126953125000000e+03
1.480296386718750000e+04
3.504772949218750000e+03
7.217940063476562500e+02
1.209130020141601562e+02
1.146132617187500000e+04
1.837000083923339844e+01
2.294000976562500000e+04
6.262599945068359375e+01
1.507162890625000000e+04
6.150880126953125000e+02
2.769700050354003906e+01
9.646180000000000000e+05
1.126539993286132812e+02
2.068085625000000000e+05
1.072679977416992188e+02
4.834999847412109375e+01
3.778699874877929688e+01
4.211399841308593750e+01
2.394102050781250000e+03
3.626071484375000000e+04
3.217801562500000000e+04
4.068799972534179688e+01
2.589140014648437500e+02
1.484500026702880859e+01
2.770800018310546875e+01
1.844160156250000000e+04
5.045999908447265625e+01
1.110050292968750000e+04
1.088922460937500000e+04
1.536499977111816406e+01
1.233339996337890625e+02
2.313806884765625000e+03
1.440549926757812500e+02
1.100652734375000000e+04
1.326739959716796875e+02
8.870320312500000000e+03
1.762521972656250000e+03
4.185583984375000000e+03
6.330419921875000000e+03
8.675199890136718750e+01
3.362430750000000000e+06
3.579479980468750000e+02
5.009500122070312500e+01
2.045764038085937500e+03
2.814436132812500000e+04
4.870000076293945312e+01
4.713367187500000000e+03
5.563701171875000000e+04
5.056636230468750000e+03
4.929417578125000000e+04
2.459399986267089844e+01
1.683150024414062500e+02
9.726300048828125000e+01
2.693269726562500000e+04
4.987599945068359375e+01
2.914053320312500000e+04
2.862135009765625000e+03
6.879199981689453125e+01
1.252879687500000000e+04
3.036100006103515625e+01
4.603400039672851562e+01
9.051701171875000000e+03
3.211927001953125000e+03
1.796346093750000000e+04
1.447220001220703125e+02
1.114927246093750000e+04
1.532010040283203125e+02
