2.290895019531250000e+03
8.908850097656250000e+02
3.750260009765625000e+02
1.938529968261718750e+02
3.129639892578125000e+02
5.223412109375000000e+03
5.175300292968750000e+02
5.262719726562500000e+02
1.832730957031250000e+03
2.181580047607421875e+02
1.042436035156250000e+03
9.050999641418457031e+00
3.841299819946289062e+01
4.580320129394531250e+02
6.267730102539062500e+02
7.345499877929687500e+02
2.126175048828125000e+03
2.664729919433593750e+02
1.411465942382812500e+03
4.733670043945312500e+02
1.037725952148437500e+03
1.756130065917968750e+02
1.484427978515625000e+03
2.097673095703125000e+03
1.572373046875000000e+03
6.289500122070312500e+02
2.852270996093750000e+03
5.515859985351562500e+02
1.292123046875000000e+03
1.015800018310546875e+02
5.534140014648437500e+02
2.023739013671875000e+03
1.261583007812500000e+03
1.191029968261718750e+02
1.773781982421875000e+03
5.727217773437500000e+03
7.717189941406250000e+02
1.010686914062500000e+04
4.357007812500000000e+03
1.055969970703125000e+03
3.256800079345703125e+01
1.636170043945312500e+02
3.812000036239624023e+00
1.760916015625000000e+03
1.815579986572265625e+02
5.069620056152343750e+02
5.243094238281250000e+03
1.452541992187500000e+03
9.797630004882812500e+02
1.199508056640625000e+03
8.956199645996093750e+01
1.692067016601562500e+03
6.509700012207031250e+01
4.260440063476562500e+02
4.297179870605468750e+02
3.719104003906250000e+03
1.318203002929687500e+03
3.579219970703125000e+02
5.678380126953125000e+02
4.711348144531250000e+03
4.328489990234375000e+02
9.857449951171875000e+02
6.064810180664062500e+02
1.445974975585937500e+03
2.089329986572265625e+02
5.197069702148437500e+02
3.583900070190429688e+01
1.025182006835937500e+03
2.274859924316406250e+02
1.499524047851562500e+03
4.591369934082031250e+02
2.538339996337890625e+02
2.873705078125000000e+03
4.912699890136718750e+02
1.588510009765625000e+03
4.590800094604492188e+01
5.444910278320312500e+02
4.346270141601562500e+02
1.894708984375000000e+03
1.294559936523437500e+02
8.763359985351562500e+02
8.977449951171875000e+02
1.196489013671875000e+03
3.431700134277343750e+01
3.423400115966796875e+01
8.972949829101562500e+02
1.214889038085937500e+03
8.638779907226562500e+02
2.368589935302734375e+02
9.783280029296875000e+02
9.183000183105468750e+01
7.526309814453125000e+02
9.963969726562500000e+02
2.442420043945312500e+02
2.610559997558593750e+02
6.924450073242187500e+02
7.622360229492187500e+02
5.049392089843750000e+03
1.266000032424926758e+00
4.341170043945312500e+02
1.535678955078125000e+03
8.667520141601562500e+02
1.131947998046875000e+03
3.146470031738281250e+02
7.382990112304687500e+02
6.419166992187500000e+03
3.252919921875000000e+02
9.994119873046875000e+02
8.271299743652343750e+01
3.267810058593750000e+02
5.709823242187500000e+03
4.252369995117187500e+02
1.386078002929687500e+03
1.002639999389648438e+02
3.966650085449218750e+02
1.897078002929687500e+03
7.846010131835937500e+02
3.927189941406250000e+02
4.547087890625000000e+03
1.974015991210937500e+03
5.270880126953125000e+02
2.900209960937500000e+02
1.918457031250000000e+03
1.746874023437500000e+03
7.453999996185302734e+00
4.506000137329101562e+01
2.047689971923828125e+02
6.144784179687500000e+03
1.296927001953125000e+03
4.784999847412109375e+00
6.171129760742187500e+02
1.467649047851562500e+03
1.291340942382812500e+03
3.730790100097656250e+02
1.770718017578125000e+03
1.004867980957031250e+03
1.259520019531250000e+03
3.526399993896484375e+01
5.526760253906250000e+02
5.502520141601562500e+02
6.980989990234375000e+02
6.082880249023437500e+02
1.362879943847656250e+02
1.119802978515625000e+03
6.087680053710937500e+02
3.058893066406250000e+03
1.535800018310546875e+02
5.915059814453125000e+02
1.298218994140625000e+03
6.713120117187500000e+02
3.634099960327148438e+01
1.277526977539062500e+03
5.541047851562500000e+03
3.272290039062500000e+02
2.906629882812500000e+03
9.511000061035156250e+01
6.589959716796875000e+02
4.744309997558593750e+02
8.196000099182128906e+00
4.576889953613281250e+02
1.240179977416992188e+02
1.704340942382812500e+03
4.527462890625000000e+03
2.643882080078125000e+03
8.362200164794921875e+01
7.924799804687500000e+02
5.145969848632812500e+02
1.753800010681152344e+01
1.635879974365234375e+02
2.113240051269531250e+02
2.406379882812500000e+03
1.499354980468750000e+03
1.989147949218750000e+03
2.515839996337890625e+02
1.231667968750000000e+03
1.546730041503906250e+02
2.853000068664550781e+01
3.673575927734375000e+03
3.855339965820312500e+02
3.284743896484375000e+03
1.681183959960937500e+03
2.877399902343750000e+03
8.450479736328125000e+02
3.896499938964843750e+02
3.022650146484375000e+02
3.294549865722656250e+02
1.179899978637695312e+02
2.893779907226562500e+02
1.117251953125000000e+03
3.351229858398437500e+02
6.943099975585937500e+01
1.600816040039062500e+03
9.259780273437500000e+02
9.614539794921875000e+02
2.349369964599609375e+02
1.686890014648437500e+03
2.392472900390625000e+03
5.522919921875000000e+02
8.527000427246093750e+00
4.500329895019531250e+02
4.285650024414062500e+02
5.666987792968750000e+03
1.972729980468750000e+03
2.678681884765625000e+03
1.407100067138671875e+02
3.754360046386718750e+02
2.589649902343750000e+03
8.550499725341796875e+01
7.072899627685546875e+01
1.485449981689453125e+02
5.688079833984375000e+02
2.923770141601562500e+02
2.168318115234375000e+03
9.916000366210937500e+00
1.026902954101562500e+03
7.999669799804687500e+02
3.014039916992187500e+02
9.978299713134765625e+01
1.780567993164062500e+03
2.170919952392578125e+02
7.727979736328125000e+02
2.170226074218750000e+03
7.394999980926513672e+00
1.777014038085937500e+03
1.061930007934570312e+02
1.676430053710937500e+02
7.362100219726562500e+02
4.649000167846679688e+00
1.984161987304687500e+03
4.616569824218750000e+03
9.095490112304687500e+02
3.615660095214843750e+02
2.992529907226562500e+02
3.578999023437500000e+03
1.967567016601562500e+03
1.492041015625000000e+03
7.852910156250000000e+02
1.972900009155273438e+01
1.115047973632812500e+03
4.221960144042968750e+02
2.761279907226562500e+02
2.995278076171875000e+03
1.347288940429687500e+03
1.816100006103515625e+02
3.832080078125000000e+02
4.980119934082031250e+02
1.476152954101562500e+03
4.083993896484375000e+03
3.485451904296875000e+03
9.892890014648437500e+02
1.643602050781250000e+03
1.824848999023437500e+03
1.758848999023437500e+03
6.811060180664062500e+02
2.326349945068359375e+02
1.274302978515625000e+03
1.788574951171875000e+03
9.339409790039062500e+02
2.282259979248046875e+02
6.698699951171875000e+02
8.666500091552734375e+01
5.626989746093750000e+02
2.409309082031250000e+03
1.640068969726562500e+03
6.601580200195312500e+02
9.605300140380859375e+01
1.090650024414062500e+02
1.216209960937500000e+03
3.712850036621093750e+02
8.924260253906250000e+02
5.326929931640625000e+02
2.181331054687500000e+03
2.625101074218750000e+03
8.180460205078125000e+02
7.946649780273437500e+02
2.783370056152343750e+02
5.955500030517578125e+01
4.342059936523437500e+02
3.708429870605468750e+02
1.227229995727539062e+02
5.596166992187500000e+03
1.154100036621093750e+01
7.001389770507812500e+02
1.947519989013671875e+02
3.999549072265625000e+03
4.843479919433593750e+02
5.957821777343750000e+03
1.683750000000000000e+02
5.918640136718750000e+02
3.190350097656250000e+03
2.887899971008300781e+01
1.854201049804687500e+03
6.036040039062500000e+02
7.254744140625000000e+03
6.958770141601562500e+02
1.527906005859375000e+03
6.261179809570312500e+02
2.321434082031250000e+03
4.068880004882812500e+02
1.119833007812500000e+03
1.410820007324218750e+02
3.445140075683593750e+02
8.001560058593750000e+02
2.876479980468750000e+03
3.572569885253906250e+02
5.405200195312500000e+02
8.446090087890625000e+02
2.238334960937500000e+03
2.042286010742187500e+03
5.223387207031250000e+03
4.114930114746093750e+02
1.266709960937500000e+03
1.369400024414062500e+02
7.662269897460937500e+02
4.963576171875000000e+03
9.231019897460937500e+02
1.406459960937500000e+02
4.114078125000000000e+03
1.188890991210937500e+03
3.914300155639648438e+01
1.349703979492187500e+03
9.211660156250000000e+02
1.226824951171875000e+03
2.453985107421875000e+03
3.398217041015625000e+03
1.705079956054687500e+02
1.480775024414062500e+03
4.790509948730468750e+02
6.138510131835937500e+02
1.051702026367187500e+03
8.647849731445312500e+02
1.977463989257812500e+03
5.841660156250000000e+02
4.551220092773437500e+02
4.035509948730468750e+02
2.257541992187500000e+03
3.356399917602539062e+01
1.316032958984375000e+03
8.195739746093750000e+02
1.819514038085937500e+03
2.145310058593750000e+02
2.806126953125000000e+03
1.781694946289062500e+03
3.773599853515625000e+02
3.233010986328125000e+03
1.317740020751953125e+02
3.143320007324218750e+02
3.195873046875000000e+03
4.746300048828125000e+02
5.209639892578125000e+02
1.244114013671875000e+03
2.839100036621093750e+02
1.913666015625000000e+03
7.572650146484375000e+02
4.336570129394531250e+02
4.447170104980468750e+02
3.713169860839843750e+02
2.563768066406250000e+03
2.862999916076660156e+01
2.092937011718750000e+03
9.065999984741210938e+00
1.708277954101562500e+03
4.609790039062500000e+02
4.333479919433593750e+02
9.605440063476562500e+02
1.785890045166015625e+02
5.683759765625000000e+02
1.863938964843750000e+03
2.842000007629394531e+00
5.648569946289062500e+02
9.278800201416015625e+01
7.468560180664062500e+02
1.534619018554687500e+03
1.086135986328125000e+03
8.499379882812500000e+02
9.328800201416015625e+01
8.165490112304687500e+02
1.910228027343750000e+03
1.193076049804687500e+03
1.518500041961669922e+01
6.974379882812500000e+02
2.925880126953125000e+02
7.413999938964843750e+01
4.944280090332031250e+02
6.928950195312500000e+02
4.442049865722656250e+02
4.455051757812500000e+03
3.672309875488281250e+02
1.880850067138671875e+02
2.038560028076171875e+02
1.690130981445312500e+03
2.609179992675781250e+02
4.158409179687500000e+03
7.465499877929687500e+01
1.756730041503906250e+02
2.910039062500000000e+03
2.451333984375000000e+03
3.277109985351562500e+02
1.234030029296875000e+03
1.652499961853027344e+01
4.931669921875000000e+02
2.253930053710937500e+02
4.044300079345703125e+01
1.608167968750000000e+03
1.296621948242187500e+03
1.757680053710937500e+02
1.419069976806640625e+02
7.593820190429687500e+02
6.769470214843750000e+02
2.254091064453125000e+03
5.453000068664550781e+00
6.549910278320312500e+02
1.063901977539062500e+03
7.948540039062500000e+02
2.074299926757812500e+02
2.510665039062500000e+03
2.354120025634765625e+02
4.276229858398437500e+02
9.558339843750000000e+02
3.624900054931640625e+01
1.285048950195312500e+03
1.313439941406250000e+02
5.820960083007812500e+02
1.129848022460937500e+03
1.726999998092651367e+00
1.070973999023437500e+03
2.841200065612792969e+01
3.749399948120117188e+01
5.604439697265625000e+02
3.659417968750000000e+03
3.428670043945312500e+02
1.049084960937500000e+03
1.079619018554687500e+03
3.363499832153320312e+01
7.771380004882812500e+02
9.892659912109375000e+02
1.838500022888183594e+01
4.393999023437500000e+03
5.077009887695312500e+02
3.880705078125000000e+03
2.298000097274780273e+00
9.946290283203125000e+02
3.195880126953125000e+02
5.605720214843750000e+02
3.404758056640625000e+03
1.118450012207031250e+02
4.554790039062500000e+02
3.707590026855468750e+02
2.591579895019531250e+02
1.418740966796875000e+03
4.053110046386718750e+02
4.986999988555908203e+00
3.371459960937500000e+02
2.466309967041015625e+02
1.379800033569335938e+01
2.304840087890625000e+03
2.182079925537109375e+02
7.944409790039062500e+02
3.470999908447265625e+01
5.773969726562500000e+02
1.952380065917968750e+02
4.656619873046875000e+02
2.083948974609375000e+03
8.430070190429687500e+02
2.108583984375000000e+03
1.323912963867187500e+03
1.106657958984375000e+03
5.206100082397460938e+01
1.399468017578125000e+03
1.666155029296875000e+03
5.095199966430664062e+01
3.703966064453125000e+03
4.157319946289062500e+02
2.269219970703125000e+02
1.673679962158203125e+02
5.785469970703125000e+02
1.166979980468750000e+03
6.697709960937500000e+02
4.750880126953125000e+02
1.058939941406250000e+03
2.717729980468750000e+03
1.803906005859375000e+03
1.433418945312500000e+03
1.239799976348876953e+01
1.749870971679687500e+03
5.071400070190429688e+01
4.907489929199218750e+02
1.253432006835937500e+03
4.478429870605468750e+02
7.106469726562500000e+02
1.567519989013671875e+02
3.288263916015625000e+03
1.449508056640625000e+03
1.126729965209960938e+02
1.146314941406250000e+03
5.454249877929687500e+02
1.279816040039062500e+03
5.814429931640625000e+02
2.949642089843750000e+03
8.462020263671875000e+02
3.742793945312500000e+03
3.457600021362304688e+01
9.423709716796875000e+02
3.200159912109375000e+02
7.261000156402587891e+00
4.008187011718750000e+03
9.763259887695312500e+02
2.158385009765625000e+03
3.689752929687500000e+03
2.336771972656250000e+03
9.914929809570312500e+02
2.196479949951171875e+02
3.624899902343750000e+02
1.125647949218750000e+03
3.211041992187500000e+03
7.175390014648437500e+02
3.621616943359375000e+03
3.534168945312500000e+03
1.937838012695312500e+03
8.537849731445312500e+02
1.088909988403320312e+02
4.152420043945312500e+02
8.625000000000000000e+01
2.754194091796875000e+03
1.989012939453125000e+03
7.604219970703125000e+02
1.098793945312500000e+03
3.961648925781250000e+03
4.490669860839843750e+02
5.085390014648437500e+02
3.071940917968750000e+03
3.266229858398437500e+02
1.410079956054687500e+03
9.453670043945312500e+02
9.609600067138671875e+01
1.287953979492187500e+03
1.334229003906250000e+03
3.652760009765625000e+02
6.622000217437744141e+00
8.015889892578125000e+02
1.168975952148437500e+03
5.081149902343750000e+02
2.322496093750000000e+03
7.315070190429687500e+02
2.288899993896484375e+02
1.874300003051757812e+01
1.521990051269531250e+02
5.725109863281250000e+02
2.937189941406250000e+02
2.843542968750000000e+03
6.440089721679687500e+02
3.386145019531250000e+03
3.630069885253906250e+02
1.499649963378906250e+02
4.984989929199218750e+02
1.131136962890625000e+03
6.476929931640625000e+02
3.265810058593750000e+03
2.557101074218750000e+03
1.265550003051757812e+02
1.655520996093750000e+03
9.188500213623046875e+01
4.084000110626220703e+00
1.446610961914062500e+03
1.850723999023437500e+03
2.332847900390625000e+03
1.468962036132812500e+03
2.522259979248046875e+02
1.278400039672851562e+01
7.082490234375000000e+02
3.394866943359375000e+03
1.151989990234375000e+03
4.964299926757812500e+02
3.535625000000000000e+03
1.825322021484375000e+03
1.788009948730468750e+02
4.434970092773437500e+02
1.151890014648437500e+03
1.901588012695312500e+03
8.137730102539062500e+02
2.961990051269531250e+02
1.048000030517578125e+02
4.501900100708007812e+01
1.486510009765625000e+02
8.625989990234375000e+02
2.767000122070312500e+02
6.653469848632812500e+02
8.452089843750000000e+02
1.593840026855468750e+02
1.922215942382812500e+03
1.708549957275390625e+02
3.920100021362304688e+01
1.681660003662109375e+02
2.036239013671875000e+03
2.644624023437500000e+03
3.075315917968750000e+03
1.110816040039062500e+03
2.657850036621093750e+02
1.641541992187500000e+03
1.736546020507812500e+03
7.096630249023437500e+02
1.025197021484375000e+03
2.108350067138671875e+02
2.369299926757812500e+02
1.025530014038085938e+02
1.049542968750000000e+03
2.096109924316406250e+02
3.576913085937500000e+03
1.172895996093750000e+03
8.888999938964843750e+00
2.282999992370605469e+00
5.019249877929687500e+02
7.781450195312500000e+02
3.016940002441406250e+02
8.735199737548828125e+01
1.643614990234375000e+03
1.213537963867187500e+03
1.902199935913085938e+01
4.859989929199218750e+02
4.435260009765625000e+02
2.938420104980468750e+02
1.274980010986328125e+02
1.272740966796875000e+03
1.760536010742187500e+03
6.921069946289062500e+02
2.433730010986328125e+02
1.195250015258789062e+02
4.680169982910156250e+02
1.510968017578125000e+03
5.212940063476562500e+02
1.482480010986328125e+02
2.989819946289062500e+02
1.220022949218750000e+03
2.873259887695312500e+02
2.568630065917968750e+02
1.109265014648437500e+03
3.918760070800781250e+02
1.299140991210937500e+03
4.397239990234375000e+02
1.697500000000000000e+02
8.998510131835937500e+02
7.699710083007812500e+02
4.934000015258789062e+01
6.746569824218750000e+02
2.389941894531250000e+03
1.522666992187500000e+03
2.632099914550781250e+02
1.581119995117187500e+02
1.836573974609375000e+03
8.217020263671875000e+02
8.619200134277343750e+01
1.451843017578125000e+03
1.405599975585937500e+01
2.866300048828125000e+02
6.044300079345703125e+01
2.973122070312500000e+03
2.796099853515625000e+02
3.350895019531250000e+03
7.945230102539062500e+02
6.102429809570312500e+02
3.450379943847656250e+02
2.516866943359375000e+03
1.906860046386718750e+02
1.306829986572265625e+02
1.852180023193359375e+02
3.314361083984375000e+03
4.165999984741210938e+01
3.595790100097656250e+02
1.316546997070312500e+03
2.815122070312500000e+03
4.417330017089843750e+02
2.221490020751953125e+02
3.645896972656250000e+03
4.612799835205078125e+01
4.361255859375000000e+03
3.803330078125000000e+02
9.796339721679687500e+02
3.530390014648437500e+02
1.702116943359375000e+03
3.680879882812500000e+03
8.010239868164062500e+02
1.388719940185546875e+02
7.768679809570312500e+02
3.052371093750000000e+03
9.631290283203125000e+02
2.930741943359375000e+03
5.455999851226806641e+00
7.062609863281250000e+02
2.300300025939941406e+01
3.676449890136718750e+02
2.705642089843750000e+03
1.578598022460937500e+03
8.331370239257812500e+02
1.181907958984375000e+03
2.493815917968750000e+03
5.065589904785156250e+02
2.739580078125000000e+02
2.068281982421875000e+03
8.762940063476562500e+02
2.511479003906250000e+03
2.401466064453125000e+03
1.659730957031250000e+03
6.671599731445312500e+02
2.175989990234375000e+02
6.363300170898437500e+02
7.455579833984375000e+02
6.907940063476562500e+02
2.111900024414062500e+02
5.090541992187500000e+03
1.246728027343750000e+03
6.468889770507812500e+02
4.684980957031250000e+03
1.497718994140625000e+03
4.687160034179687500e+02
3.939960021972656250e+02
1.616060028076171875e+02
1.548249969482421875e+02
1.769288940429687500e+03
7.237089843750000000e+02
5.782860107421875000e+02
1.128089965820312500e+03
7.481710205078125000e+02
2.193000030517578125e+01
1.539845947265625000e+03
3.015717041015625000e+03
2.370378906250000000e+03
1.791269989013671875e+02
8.416279907226562500e+02
2.012998046875000000e+03
2.242079925537109375e+02
4.041612060546875000e+03
1.732494995117187500e+03
1.129381958007812500e+03
8.331099700927734375e+01
1.743925048828125000e+03
1.367738037109375000e+03
2.408513916015625000e+03
1.065605957031250000e+03
2.031501953125000000e+03
1.462762939453125000e+03
1.908678955078125000e+03
2.131979980468750000e+03
9.576959838867187500e+02
7.387449951171875000e+02
1.262751953125000000e+03
2.680237060546875000e+03
4.406040039062500000e+02
1.425031005859375000e+03
1.145510025024414062e+02
2.588420104980468750e+02
1.702209930419921875e+02
1.261910018920898438e+02
1.350670013427734375e+02
7.942030029296875000e+02
1.591959991455078125e+02
9.584650268554687500e+02
3.742599868774414062e+01
2.605669860839843750e+02
5.456999969482421875e+01
9.490330200195312500e+02
4.244630126953125000e+02
5.474730224609375000e+02
9.093430175781250000e+02
5.063429870605468750e+02
2.851620117187500000e+03
1.270583007812500000e+03
2.722124023437500000e+03
1.968308959960937500e+03
1.834199905395507812e+01
6.075830078125000000e+02
7.243809814453125000e+02
6.950180053710937500e+02
2.966185058593750000e+03
2.979996093750000000e+03
2.965982910156250000e+03
2.887000083923339844e+00
8.574689941406250000e+02
9.828399658203125000e+01
9.155780029296875000e+02
1.697682983398437500e+03
5.544929809570312500e+02
2.737857910156250000e+03
5.663200073242187500e+02
3.086300086975097656e+01
1.588317016601562500e+03
1.844262939453125000e+03
5.508412109375000000e+03
2.352680053710937500e+02
3.854129943847656250e+02
1.844521972656250000e+03
8.596309814453125000e+02
2.535600090026855469e+01
3.802333984375000000e+03
9.254780273437500000e+02
3.915042968750000000e+03
3.134289855957031250e+02
6.340300292968750000e+02
1.631003051757812500e+03
8.397999763488769531e+00
2.203300018310546875e+02
1.779100952148437500e+03
1.331948974609375000e+03
1.821826049804687500e+03
1.221598022460937500e+03
1.082250000000000000e+03
1.861069946289062500e+02
3.455950012207031250e+02
4.988659973144531250e+02
2.871435058593750000e+03
3.699559936523437500e+02
3.838970947265625000e+03
6.347349853515625000e+02
5.811600112915039062e+01
1.453899993896484375e+02
4.998099899291992188e+01
5.162360229492187500e+02
4.329140014648437500e+02
1.778439941406250000e+02
9.343809814453125000e+02
1.559483032226562500e+03
8.645339965820312500e+02
6.602410278320312500e+02
3.845500976562500000e+03
3.857760009765625000e+02
2.524314941406250000e+03
6.268000125885009766e+00
6.276450195312500000e+02
2.357775878906250000e+03
1.384526977539062500e+03
3.112960937500000000e+03
9.728930053710937500e+02
6.085910034179687500e+02
2.393040008544921875e+02
2.337402099609375000e+03
2.806260070800781250e+02
2.647999954223632812e+01
5.567390136718750000e+02
1.377890014648437500e+02
4.970260009765625000e+02
1.226511962890625000e+03
5.867470092773437500e+02
6.753600311279296875e+01
5.019900131225585938e+01
7.479399871826171875e+01
1.299848999023437500e+03
8.789169921875000000e+02
6.311040039062500000e+02
2.331250000000000000e+02
1.764413940429687500e+03
1.349718994140625000e+03
9.675620117187500000e+02
2.182140045166015625e+02
2.688045898437500000e+03
7.108920288085937500e+02
1.947394042968750000e+03
1.508190002441406250e+02
8.258270263671875000e+02
9.847210083007812500e+02
1.245991943359375000e+03
1.909609985351562500e+02
9.131600189208984375e+01
4.097780761718750000e+03
5.628250122070312500e+02
3.337112060546875000e+03
4.954899978637695312e+01
5.899609985351562500e+02
4.155369873046875000e+02
1.138990020751953125e+02
1.967989959716796875e+02
4.160974121093750000e+03
1.599323974609375000e+03
1.359099960327148438e+01
1.073797973632812500e+03
9.544840087890625000e+02
1.618899917602539062e+01
8.181710205078125000e+02
1.633560028076171875e+02
1.100386962890625000e+03
1.291603027343750000e+03
7.698430175781250000e+02
2.088415039062500000e+03
9.519300079345703125e+01
1.161290039062500000e+03
5.859650268554687500e+02
2.144074951171875000e+03
2.046488037109375000e+03
4.734209960937500000e+03
3.367439880371093750e+02
1.153809967041015625e+02
4.271929931640625000e+02
2.149949951171875000e+02
5.952089843750000000e+02
4.075150146484375000e+02
3.902576904296875000e+03
6.401259765625000000e+02
7.104819946289062500e+02
1.253703979492187500e+03
2.434949951171875000e+02
1.575000976562500000e+03
7.678359985351562500e+02
6.842750244140625000e+02
1.712488037109375000e+03
4.620249938964843750e+02
9.112210083007812500e+02
9.423209838867187500e+02
1.221448974609375000e+03
9.371619873046875000e+02
3.560500000000000000e+03
1.439526977539062500e+03
3.739385986328125000e+03
1.251640014648437500e+02
3.109032958984375000e+03
3.892433105468750000e+03
3.454999923706054688e+00
2.247289062500000000e+03
1.592963989257812500e+03
1.037131958007812500e+03
2.608791015625000000e+03
1.379661010742187500e+03
1.696610961914062500e+03
4.356166992187500000e+03
1.203923950195312500e+03
1.255244018554687500e+03
4.292390136718750000e+02
2.193000030517578125e+01
6.518709716796875000e+02
1.400746948242187500e+03
2.950130004882812500e+02
7.718179931640625000e+02
1.783970947265625000e+03
1.713456054687500000e+03
7.950330200195312500e+02
1.063798950195312500e+03
7.634849853515625000e+02
1.505214965820312500e+03
2.852990112304687500e+02
7.747599792480468750e+01
3.358599853515625000e+01
6.443629760742187500e+02
2.805887939453125000e+03
1.383600952148437500e+03
1.015734985351562500e+03
1.216380004882812500e+02
6.876119995117187500e+02
1.282598999023437500e+03
2.273813964843750000e+03
1.178280029296875000e+03
3.141502929687500000e+03
5.213560180664062500e+02
2.752616943359375000e+03
2.458664062500000000e+03
5.754000186920166016e+00
1.262920043945312500e+03
6.903999805450439453e+00
1.222494995117187500e+03
5.204710083007812500e+02
2.401940002441406250e+02
2.907493896484375000e+03
3.553489990234375000e+03
2.868121093750000000e+03
2.234640045166015625e+02
6.888200073242187500e+02
4.860629882812500000e+02
4.852890014648437500e+02
2.017859985351562500e+03
7.702379760742187500e+02
2.789599990844726562e+01
1.791589965820312500e+02
2.978290100097656250e+02
3.276827880859375000e+03
1.421541992187500000e+03
3.891322021484375000e+03
1.298300018310546875e+02
1.428149047851562500e+03
4.504700012207031250e+02
1.858880004882812500e+02
1.671405029296875000e+03
3.250299072265625000e+03
2.581310119628906250e+02
7.076578125000000000e+03
2.206629943847656250e+02
2.917246093750000000e+03
4.155386230468750000e+03
1.410946044921875000e+03
1.695703979492187500e+03
2.062850036621093750e+02
6.675919799804687500e+02
3.864732910156250000e+03
4.665010070800781250e+02
1.772967041015625000e+03
4.605999946594238281e+00
6.436690063476562500e+02
4.138469848632812500e+02
1.352206054687500000e+03
8.953099822998046875e+01
1.962779998779296875e+02
5.701000213623046875e+00
1.759499931335449219e+01
8.450729980468750000e+02
8.103129882812500000e+02
