7.684540500000000000e+06
1.672944500000000000e+07
2.709857910156250000e+03
1.993910064697265625e+02
4.190100097656250000e+01
3.939355957031250000e+03
7.123500061035156250e+01
1.412369018554687500e+03
1.214445800000000000e+07
7.647000122070312500e+02
5.177616015625000000e+04
2.528110046386718750e+02
2.569968017578125000e+03
3.035000038146972656e+01
1.478379974365234375e+02
1.123543945312500000e+03
1.350469970703125000e+02
9.611790161132812500e+02
4.851421875000000000e+03
5.697000976562500000e+03
5.344499969482421875e+01
1.792879943847656250e+02
9.673799896240234375e+01
3.204119873046875000e+02
5.496879882812500000e+02
4.725831054687500000e+03
2.397748046875000000e+03
1.220363500000000000e+07
5.740460205078125000e+02
4.768399810791015625e+01
4.951349121093750000e+03
4.137869873046875000e+02
3.546405750000000000e+06
2.977238037109375000e+03
1.885327875000000000e+06
1.743125000000000000e+03
7.521290283203125000e+02
1.346300029754638672e+01
3.697810058593750000e+02
2.521600036621093750e+02
8.143375976562500000e+03
2.502899932861328125e+01
1.833687800000000000e+07
2.707717812500000000e+05
1.104629028320312500e+03
2.884440002441406250e+02
2.562843994140625000e+03
4.587099838256835938e+01
4.819578400000000000e+07
4.271823600000000000e+07
3.367109985351562500e+02
2.456222900390625000e+03
3.219200134277343750e+02
1.454909973144531250e+02
2.007026977539062500e+03
2.213142089843750000e+03
6.678600311279296875e+01
1.072839965820312500e+02
1.602946700000000000e+07
1.385769958496093750e+02
1.309124023437500000e+03
5.638499832153320312e+01
4.067808750000000000e+06
3.054119873046875000e+02
2.227200012207031250e+02
2.063775000000000000e+06
1.209533800000000000e+07
7.303681500000000000e+06
9.859943359375000000e+03
5.019450073242187500e+02
1.378095375000000000e+06
4.361800003051757812e+01
8.751399993896484375e+01
1.924360046386718750e+02
5.244149780273437500e+02
1.481780900000000000e+07
3.071589965820312500e+02
6.130099868774414062e+01
1.480642944335937500e+03
2.560397949218750000e+03
1.101839981079101562e+02
6.280588500000000000e+06
2.750324951171875000e+03
5.928400039672851562e+01
2.713219909667968750e+02
1.699720001220703125e+02
2.092402099609375000e+03
1.338026000976562500e+03
2.188269958496093750e+02
6.089139500000000000e+06
1.290700073242187500e+02
2.330354980468750000e+03
7.922760009765625000e+02
4.235300064086914062e+01
1.591800022125244141e+01
2.839898925781250000e+03
1.338339965820312500e+03
1.748953002929687500e+03
6.084034179687500000e+03
4.304000091552734375e+01
6.417546500000000000e+06
2.526246000000000000e+07
2.215420074462890625e+02
1.306955300000000000e+07
1.964843994140625000e+03
4.456759948730468750e+02
2.082250000000000000e+03
5.372280273437500000e+02
2.046370971679687500e+03
1.887008056640625000e+03
2.135300064086914062e+01
2.550581054687500000e+03
6.986959838867187500e+02
1.489239959716796875e+02
3.049246250000000000e+06
2.110644042968750000e+03
1.379621948242187500e+03
6.510800170898437500e+01
7.618900299072265625e+01
2.750369873046875000e+02
1.671170043945312500e+02
2.249089965820312500e+02
3.449159851074218750e+02
1.512699985504150391e+01
8.866859741210937500e+02
1.335677001953125000e+03
3.023771500000000000e+06
2.011289875000000000e+06
6.117300033569335938e+01
1.131779200000000000e+07
7.414970092773437500e+02
2.235520019531250000e+02
1.821139984130859375e+02
7.768499755859375000e+02
1.420019989013671875e+02
2.352676025390625000e+03
1.083292250000000000e+06
1.790240020751953125e+02
9.832053000000000000e+06
6.366747070312500000e+03
1.010159472656250000e+04
1.413279052734375000e+03
1.548738037109375000e+03
8.158720092773437500e+02
7.207973500000000000e+06
9.587599945068359375e+01
2.899389953613281250e+02
1.134160003662109375e+02
3.571321044921875000e+03
7.382230224609375000e+02
1.818399963378906250e+02
3.324914000000000000e+06
8.895009765625000000e+02
3.028635986328125000e+03
5.294869995117187500e+02
9.050800323486328125e+01
5.662562000000000000e+06
2.641413600000000000e+07
4.172500000000000000e+02
4.510000000000000000e+02
4.180520019531250000e+02
4.554140136718750000e+03
1.068050100000000000e+07
2.137929992675781250e+02
8.445650024414062500e+02
1.551869964599609375e+02
5.341430625000000000e+05
2.520731933593750000e+03
2.551268066406250000e+03
4.556026250000000000e+05
3.024016113281250000e+03
5.009000015258789062e+01
2.692245117187500000e+03
2.554749023437500000e+03
3.514312011718750000e+03
2.708600044250488281e+01
4.010931562500000000e+05
1.154394042968750000e+03
6.735099792480468750e+01
4.137017500000000000e+06
1.953639984130859375e+02
1.018224812500000000e+06
6.867089843750000000e+02
1.709944946289062500e+03
1.182046000000000000e+06
1.369474975585937500e+03
5.960100173950195312e+01
2.451210021972656250e+02
4.417850097656250000e+03
5.725999832153320312e+00
1.181009033203125000e+03
3.539899826049804688e+01
1.536640014648437500e+02
2.761684687500000000e+05
1.867918000000000000e+07
2.464468017578125000e+03
4.544598000000000000e+06
2.856702880859375000e+03
5.290419921875000000e+02
5.493999958038330078e+00
3.391109924316406250e+02
5.617499923706054688e+01
1.586849975585937500e+02
2.680688964843750000e+03
2.474521400000000000e+07
6.698203125000000000e+03
1.039198974609375000e+03
1.676679992675781250e+02
1.136257400000000000e+07
8.926899719238281250e+01
2.200710937500000000e+03
1.077000045776367188e+01
3.131599998474121094e+01
1.886770019531250000e+02
7.930599975585937500e+01
3.801520080566406250e+02
2.984492919921875000e+03
1.341020050048828125e+02
8.558670043945312500e+02
3.888499832153320312e+01
7.118900299072265625e+01
1.479494995117187500e+03
1.003168029785156250e+03
1.869384600000000000e+07
3.737560119628906250e+02
5.624920043945312500e+02
3.116856933593750000e+03
7.932399749755859375e+01
6.708799743652343750e+01
1.050952900000000000e+07
1.041159973144531250e+02
1.987319946289062500e+03
6.569499969482421875e+01
9.572699737548828125e+01
1.423962036132812500e+03
1.196640014648437500e+03
8.817377000000000000e+06
2.422879943847656250e+02
2.765379943847656250e+02
1.542740020751953125e+02
1.379320068359375000e+02
2.373904052734375000e+03
1.610240020751953125e+02
7.397100219726562500e+02
1.442503800000000000e+07
4.296189880371093750e+02
2.118560028076171875e+02
1.022144800000000000e+07
1.862489929199218750e+02
6.619999885559082031e+00
4.056210021972656250e+02
3.765740051269531250e+02
6.295600128173828125e+01
7.369600000000000000e+05
7.261900329589843750e+01
6.021030761718750000e+03
3.895865500000000000e+06
4.470399856567382812e+01
1.106369018554687500e+03
6.320310000000000000e+06
5.439915039062500000e+03
4.235878500000000000e+06
8.677930297851562500e+02
5.003389892578125000e+02
3.069994500000000000e+06
1.248682006835937500e+03
1.522546020507812500e+03
3.779467041015625000e+03
1.461069946289062500e+02
1.369698974609375000e+03
2.192259979248046875e+02
2.593690917968750000e+03
1.700749969482421875e+02
1.738211059570312500e+03
2.415007800000000000e+07
2.128791992187500000e+03
5.880146875000000000e+05
3.340991943359375000e+03
7.007399902343750000e+02
1.120839965820312500e+03
4.111022500000000000e+05
9.202949829101562500e+02
1.822953979492187500e+03
5.713537500000000000e+06
1.061284057617187500e+03
8.163960500000000000e+06
2.182640075683593750e+02
1.413540039062500000e+02
3.501975097656250000e+03
2.380209960937500000e+02
5.127929000000000000e+06
1.609208007812500000e+03
2.951279907226562500e+02
2.326758056640625000e+03
3.643028076171875000e+03
3.969914062500000000e+05
2.673777099609375000e+03
1.760570068359375000e+02
1.155792968750000000e+03
2.003979949951171875e+02
1.275357055664062500e+03
3.242019958496093750e+02
7.312197500000000000e+06
1.015684020996093750e+03
2.005930023193359375e+02
5.282642089843750000e+03
2.514534250000000000e+06
6.132099914550781250e+01
1.499340057373046875e+02
4.355369873046875000e+02
3.020642750000000000e+06
1.045149993896484375e+02
6.165986816406250000e+03
3.345587890625000000e+03
4.366812800000000000e+07
1.521399993896484375e+02
2.436185058593750000e+03
4.209193000000000000e+06
5.223300170898437500e+01
4.600999832153320312e+00
5.914119873046875000e+02
2.659739013671875000e+03
3.378893750000000000e+05
3.082500000000000000e+02
2.456846923828125000e+03
3.604454101562500000e+03
1.648779052734375000e+03
1.077330017089843750e+02
4.832305175781250000e+03
1.799041992187500000e+03
4.565596000000000000e+07
1.416108750000000000e+06
1.817000007629394531e+01
5.436004882812500000e+03
3.775395996093750000e+03
2.972505500000000000e+06
2.684219970703125000e+02
5.151937187500000000e+05
6.742470092773437500e+02
3.658469970703125000e+03
1.697043945312500000e+03
9.887200164794921875e+01
1.095411010742187500e+03
8.094300079345703125e+01
8.049279785156250000e+02
7.589329833984375000e+02
9.452386000000000000e+06
2.999258056640625000e+03
7.251000213623046875e+01
6.632399749755859375e+01
5.833499908447265625e+01
2.268653076171875000e+03
7.565299987792968750e+01
3.349039916992187500e+02
1.885079956054687500e+02
8.889195000000000000e+06
4.513439941406250000e+02
4.047689941406250000e+03
5.069719238281250000e+03
4.868099975585937500e+01
3.284793945312500000e+03
1.138914100000000000e+07
1.224315400000000000e+07
1.447239990234375000e+02
3.438301025390625000e+03
8.125900268554687500e+01
2.037236000000000000e+07
8.029618500000000000e+06
5.596355957031250000e+03
6.346148925781250000e+03
6.162089843750000000e+02
5.217949500000000000e+06
7.936000061035156250e+01
2.281719970703125000e+02
1.443181030273437500e+03
5.296220214843750000e+03
2.123655029296875000e+03
8.989340209960937500e+02
4.914095214843750000e+03
1.435279998779296875e+02
3.769989929199218750e+02
1.327298600000000000e+07
2.795246093750000000e+03
5.592630004882812500e+02
5.936770019531250000e+02
5.434000015258789062e+01
9.085310058593750000e+02
1.919270019531250000e+02
4.206924500000000000e+06
1.528499984741210938e+01
3.052730102539062500e+02
2.284199981689453125e+02
2.059935125000000000e+06
8.842327000000000000e+06
4.881040039062500000e+02
1.098290023803710938e+02
9.439760131835937500e+02
5.201100158691406250e+01
6.011800003051757812e+01
4.433139953613281250e+02
8.794182000000000000e+06
2.962000122070312500e+02
1.662899971008300781e+01
1.654619400000000000e+07
2.020939941406250000e+02
3.117349853515625000e+02
5.083479919433593750e+02
1.713047973632812500e+03
1.236977050781250000e+03
5.423610229492187500e+02
2.678266600000000000e+07
8.343729858398437500e+02
9.915137000000000000e+06
3.536900024414062500e+02
1.013120100000000000e+07
3.997573600000000000e+07
1.813750000000000000e+02
1.540749969482421875e+02
3.508700180053710938e+01
1.047916015625000000e+03
1.680027954101562500e+03
9.541019897460937500e+02
2.847258250000000000e+06
2.648680114746093750e+02
5.943551200000000000e+07
1.940198400000000000e+07
4.786400146484375000e+02
3.027127929687500000e+03
6.304249877929687500e+02
3.987090148925781250e+02
4.040899750000000000e+06
3.264500045776367188e+01
2.120806884765625000e+03
1.382230072021484375e+02
2.924660034179687500e+02
2.688540039062500000e+02
1.352239990234375000e+02
6.883512207031250000e+03
5.799710083007812500e+02
7.597789916992187500e+02
2.490469970703125000e+02
4.351329956054687500e+02
1.741889038085937500e+03
3.416000061035156250e+02
1.833746948242187500e+03
7.350492000000000000e+06
1.776959991455078125e+02
8.946900177001953125e+01
6.515000152587890625e+01
1.057907958984375000e+03
1.833079986572265625e+02
1.513329925537109375e+02
2.916059000000000000e+07
3.347164062500000000e+03
1.070499992370605469e+01
7.063099670410156250e+01
1.331299972534179688e+01
3.796946500000000000e+06
1.743870971679687500e+03
4.703278808593750000e+03
8.748000144958496094e+00
7.429810180664062500e+02
4.272980041503906250e+02
5.583000183105468750e+00
4.164803222656250000e+03
1.555180053710937500e+02
1.080000019073486328e+01
2.109294000000000000e+06
2.190718250000000000e+06
2.328929200000000000e+07
3.947846750000000000e+06
1.352983900000000000e+07
2.042868041992187500e+03
9.799800109863281250e+01
5.851399993896484375e+01
8.540000152587890625e+01
3.600310058593750000e+02
3.860159912109375000e+02
2.036860200000000000e+07
1.336657958984375000e+03
1.107450027465820312e+02
5.173199844360351562e+01
1.266299972534179688e+02
2.011260986328125000e+03
1.375197998046875000e+03
5.048435937500000000e+05
7.987500000000000000e+01
2.637227050781250000e+03
1.072720031738281250e+02
7.614827000000000000e+06
1.147575700000000000e+07
2.992539978027343750e+02
1.598443200000000000e+07
1.443730010986328125e+02
1.172906300000000000e+07
2.695841064453125000e+03
6.626899719238281250e+01
3.337810058593750000e+03
3.425611000000000000e+06
2.151349945068359375e+02
3.777610107421875000e+03
7.935720214843750000e+02
2.878865966796875000e+03
3.910409851074218750e+02
1.408110046386718750e+02
8.835440063476562500e+02
9.676180000000000000e+06
1.784779968261718750e+02
2.086583007812500000e+03
8.625390014648437500e+02
1.622792200000000000e+07
3.764730500000000000e+06
1.656629943847656250e+02
4.553599929809570312e+01
8.081890136718750000e+03
8.779738281250000000e+03
1.137460021972656250e+02
1.187399959564208984e+01
9.325549926757812500e+02
1.905753051757812500e+03
2.042906005859375000e+03
2.004570007324218750e+02
1.666805053710937500e+03
4.407634765625000000e+03
8.208535500000000000e+06
8.722399902343750000e+01
2.313875000000000000e+03
5.818500137329101562e+01
4.153063750000000000e+06
4.194800186157226562e+01
6.862272800000000000e+07
5.072086914062500000e+03
1.581137300000000000e+07
5.749900054931640625e+01
3.656584750000000000e+06
2.566625000000000000e+03
9.440479736328125000e+02
2.921530151367187500e+02
3.135118896484375000e+03
1.009789962768554688e+02
2.313239250000000000e+06
1.294900054931640625e+02
1.410970001220703125e+02
2.181655400000000000e+07
9.627200317382812500e+01
1.575590057373046875e+02
5.964300155639648438e+01
1.763337000000000000e+06
4.255395996093750000e+03
2.484544000000000000e+06
6.091500091552734375e+01
7.096851000000000000e+06
2.542619934082031250e+02
6.812717500000000000e+05
1.044364990234375000e+03
3.337531005859375000e+03
3.252630004882812500e+02
1.898170013427734375e+02
1.931878750000000000e+06
2.821740112304687500e+02
3.287599945068359375e+01
3.417006103515625000e+03
8.652390136718750000e+02
1.663196044921875000e+03
9.421299743652343750e+01
2.464029998779296875e+02
2.880770996093750000e+03
1.276553900000000000e+07
1.406967041015625000e+03
4.849300003051757812e+01
3.174099922180175781e+01
4.721874023437500000e+03
3.131568115234375000e+03
2.477700042724609375e+02
1.187464965820312500e+03
4.506986816406250000e+03
1.221060028076171875e+02
1.235598400000000000e+07
2.164120025634765625e+02
9.317199707031250000e+01
6.892400360107421875e+01
1.233594200000000000e+07
4.165399932861328125e+01
5.150415200000000000e+07
1.557400054931640625e+02
6.657249755859375000e+02
6.218199920654296875e+01
3.835300064086914062e+01
7.180567000000000000e+06
9.406000137329101562e+00
3.626830139160156250e+02
2.149196200000000000e+07
8.201767500000000000e+06
4.664679870605468750e+02
3.760686035156250000e+03
2.154069091796875000e+03
4.128586914062500000e+03
2.150240020751953125e+02
3.214949951171875000e+02
1.646598022460937500e+03
3.266600036621093750e+01
2.120926025390625000e+03
9.329480000000000000e+06
2.759947998046875000e+03
1.328673950195312500e+03
4.767709960937500000e+02
1.372709960937500000e+02
2.119949951171875000e+02
7.048985500000000000e+06
8.301806640625000000e+03
4.904909500000000000e+06
1.456820068359375000e+02
4.008552000000000000e+06
4.321866210937500000e+03
6.166999816894531250e+01
2.877038085937500000e+03
7.325239868164062500e+02
2.223500061035156250e+01
2.870490112304687500e+02
3.756779052734375000e+03
1.874557983398437500e+03
2.822100067138671875e+01
4.869210500000000000e+06
1.216719875000000000e+06
6.894000053405761719e+00
5.173993164062500000e+03
1.815200042724609375e+01
9.750653000000000000e+06
1.249203750000000000e+06
5.351200103759765625e+01
3.487982910156250000e+03
1.059850006103515625e+02
5.009118000000000000e+06
1.460706700000000000e+07
8.006110229492187500e+02
3.693320007324218750e+02
2.204128000000000000e+06
3.335895996093750000e+03
2.140153076171875000e+03
9.087984000000000000e+06
1.008307006835937500e+03
2.968566894531250000e+03
1.685330047607421875e+02
4.388100051879882812e+01
2.661555908203125000e+03
2.180041015625000000e+03
1.269550048828125000e+03
2.037089996337890625e+02
2.398890075683593750e+02
9.394340209960937500e+02
6.336309000000000000e+06
3.611399841308593750e+01
5.251081500000000000e+06
2.432319946289062500e+02
1.032432983398437500e+03
1.439389953613281250e+02
4.254856933593750000e+03
3.414945068359375000e+03
1.104076800000000000e+07
1.692274500000000000e+06
4.190830078125000000e+02
2.576541015625000000e+03
2.263300018310546875e+02
1.093300018310546875e+02
4.106208984375000000e+03
1.350329900000000000e+07
3.019060058593750000e+02
2.398378906250000000e+03
8.002039794921875000e+02
2.605209960937500000e+02
1.948885000000000000e+07
1.777592041015625000e+03
2.653789978027343750e+02
8.069042968750000000e+03
1.398890075683593750e+02
3.989445068359375000e+03
6.658799743652343750e+01
1.195906000000000000e+06
1.146734985351562500e+03
2.730562011718750000e+03
7.872200012207031250e+01
1.336029968261718750e+02
2.559499969482421875e+02
8.105599975585937500e+01
1.020469970703125000e+02
1.320441040039062500e+03
1.090569992065429688e+02
3.384204101562500000e+03
9.650800323486328125e+01
5.038505000000000000e+06
6.358200073242187500e+01
8.228262000000000000e+06
7.234999847412109375e+01
2.305859985351562500e+02
2.260013000000000000e+07
1.143150024414062500e+02
7.125760000000000000e+06
2.753110000000000000e+07
2.375193400000000000e+07
2.986105750000000000e+06
1.051819992065429688e+02
7.290540161132812500e+02
3.670800018310546875e+01
3.138400077819824219e+01
2.706419982910156250e+02
3.479789250000000000e+06
1.280411010742187500e+03
3.253699951171875000e+02
1.613301400000000000e+07
1.420091300000000000e+07
1.703149000000000000e+07
4.855813000000000000e+06
2.012380981445312500e+03
1.465610800000000000e+07
9.867243000000000000e+06
5.198616210937500000e+03
4.091107910156250000e+03
7.470769000000000000e+06
4.187550048828125000e+02
3.630985107421875000e+03
1.823815625000000000e+06
9.947021000000000000e+06
4.845899963378906250e+01
1.311050000000000000e+06
4.773300170898437500e+01
1.080894042968750000e+03
1.046800041198730469e+01
3.705679931640625000e+02
6.570721191406250000e+03
3.324169921875000000e+03
1.351860046386718750e+02
5.594800186157226562e+01
7.180500030517578125e+01
1.735140075683593750e+02
3.479729980468750000e+03
1.102328002929687500e+03
1.201370971679687500e+03
5.455794000000000000e+06
6.748679809570312500e+02
9.212896484375000000e+03
7.346000194549560547e+00
1.967826049804687500e+03
1.244320410156250000e+04
3.429987060546875000e+03
5.262290039062500000e+03
4.055435058593750000e+03
8.824364000000000000e+06
2.758900070190429688e+01
7.566000366210937500e+01
9.103856000000000000e+06
2.249559936523437500e+02
4.761976400000000000e+07
5.410009765625000000e+02
4.071361500000000000e+06
2.991239990234375000e+03
5.670301000000000000e+06
4.046278076171875000e+03
1.450055053710937500e+03
3.692659912109375000e+02
9.097999572753906250e+00
4.025306500000000000e+06
6.694706054687500000e+03
2.927463800000000000e+07
2.348968017578125000e+03
3.778400039672851562e+01
1.809161987304687500e+03
1.062531200000000000e+07
8.530000305175781250e+01
2.951053500000000000e+06
6.395179500000000000e+06
5.515830078125000000e+02
1.537185900000000000e+07
1.032137900000000000e+07
2.118041000000000000e+07
1.664005981445312500e+03
2.918500061035156250e+02
2.775520019531250000e+02
3.044289855957031250e+02
1.572187011718750000e+03
9.718486000000000000e+06
2.409929962158203125e+02
3.104818115234375000e+03
4.168521972656250000e+03
5.080713867187500000e+03
1.281993800000000000e+07
6.701000213623046875e+01
1.252811035156250000e+03
1.500000000000000000e+01
2.252000093460083008e+00
9.255679931640625000e+02
2.646892089843750000e+03
7.585599975585937500e+02
9.521567000000000000e+06
4.970182800000000000e+07
7.131999969482421875e+00
6.032196000000000000e+06
6.643126875000000000e+05
2.567644042968750000e+03
4.914033203125000000e+03
7.579599761962890625e+01
1.229862060546875000e+03
1.995161010742187500e+03
1.671027900000000000e+07
2.032576049804687500e+03
7.628737792968750000e+03
2.504778076171875000e+03
6.499329833984375000e+02
1.158635009765625000e+03
1.364874000000000000e+07
1.360277954101562500e+03
5.681909790039062500e+02
9.803800201416015625e+01
3.340549926757812500e+02
3.327415039062500000e+03
1.299579925537109375e+02
4.143059997558593750e+02
1.857886962890625000e+03
6.064505859375000000e+03
1.455449981689453125e+02
2.218459930419921875e+02
5.433410034179687500e+02
7.459100341796875000e+01
3.524076400000000000e+07
4.636128906250000000e+03
1.538619995117187500e+02
1.522590026855468750e+02
4.797349853515625000e+02
1.408589935302734375e+02
1.495994018554687500e+03
1.785489959716796875e+02
3.954714111328125000e+03
7.452153808593750000e+03
2.316154052734375000e+03
4.491817187500000000e+05
3.137854687500000000e+05
1.033720016479492188e+02
1.586260070800781250e+02
3.805297119140625000e+03
8.258112304687500000e+03
8.562459716796875000e+02
2.298353000000000000e+07
2.959399986267089844e+01
3.830820007324218750e+02
2.572854003906250000e+03
4.141220092773437500e+02
1.375180053710937500e+02
9.880079956054687500e+02
5.196003200000000000e+07
1.335296900000000000e+07
3.416189941406250000e+03
1.410234900000000000e+07
7.763147949218750000e+03
7.646404785156250000e+03
2.871114013671875000e+03
2.152361083984375000e+03
7.279439697265625000e+02
2.318400001525878906e+01
1.551025024414062500e+03
1.553857055664062500e+03
2.540529937744140625e+02
7.576699829101562500e+01
5.865099121093750000e+03
9.256199645996093750e+01
1.504011962890625000e+03
8.742819824218750000e+02
2.526539062500000000e+03
1.264820022583007812e+02
1.046764900000000000e+07
7.485700225830078125e+01
1.146600036621093750e+02
2.440253906250000000e+03
1.869592600000000000e+07
4.118439941406250000e+02
5.329070800000000000e+07
1.994989929199218750e+02
1.849510986328125000e+03
6.658423500000000000e+06
4.963014000000000000e+06
6.087039794921875000e+02
1.056250000000000000e+02
6.962643066406250000e+03
2.677159912109375000e+03
1.289458700000000000e+07
1.679419531250000000e+05
4.904631000000000000e+06
6.461909000000000000e+06
8.559002000000000000e+06
8.111199951171875000e+01
1.199400024414062500e+02
9.076599884033203125e+01
2.792200088500976562e+01
3.217754687500000000e+05
6.245800018310546875e+01
1.378209991455078125e+02
1.249349975585937500e+02
2.617199951171875000e+03
1.095499023437500000e+03
2.465216064453125000e+03
3.380201904296875000e+03
8.410579833984375000e+02
1.616739959716796875e+02
1.999810028076171875e+02
5.117890500000000000e+06
9.906500244140625000e+01
2.240673800000000000e+07
1.740274800000000000e+07
2.308480072021484375e+02
2.730395996093750000e+03
1.006502990722656250e+03
8.334200286865234375e+01
1.271927001953125000e+03
6.360128800000000000e+07
1.627302978515625000e+03
4.758063964843750000e+03
6.075482500000000000e+06
2.528860015869140625e+02
4.928670043945312500e+02
5.683759765625000000e+02
5.350780029296875000e+02
4.346099853515625000e+01
1.297949981689453125e+02
2.025650400000000000e+07
4.059299072265625000e+03
5.436500167846679688e+01
4.177099990844726562e+01
1.682989959716796875e+02
4.716095214843750000e+03
3.259404052734375000e+03
1.582494995117187500e+03
3.003686035156250000e+03
4.059880065917968750e+02
7.224769042968750000e+03
2.750669921875000000e+03
2.346605800000000000e+07
5.133530273437500000e+02
4.373699951171875000e+01
1.842171875000000000e+06
1.064577026367187500e+03
5.804689941406250000e+02
2.258746093750000000e+03
9.039409790039062500e+02
2.884519958496093750e+02
9.743499755859375000e+01
1.179745125000000000e+06
1.460304600000000000e+07
1.709779968261718750e+02
3.540114990234375000e+03
1.549819946289062500e+03
1.250693969726562500e+03
6.231499862670898438e+01
1.007740020751953125e+02
1.187900600000000000e+07
6.111770019531250000e+02
1.644760300000000000e+07
8.095070190429687500e+02
3.942189941406250000e+02
1.259160003662109375e+02
7.851808125000000000e+05
2.085067625000000000e+06
8.241248500000000000e+06
6.882700347900390625e+01
9.026900024414062500e+02
2.640460937500000000e+03
1.134354980468750000e+03
1.243045043945312500e+03
2.116300010681152344e+01
3.468280029296875000e+02
1.647749938964843750e+02
2.848399925231933594e+01
8.629599761962890625e+01
1.046489013671875000e+03
2.775137500000000000e+06
2.312006103515625000e+03
2.712208984375000000e+03
5.894499969482421875e+01
2.062230072021484375e+02
1.045482300000000000e+07
2.612806884765625000e+03
4.679450073242187500e+02
2.397128906250000000e+03
4.818355500000000000e+06
1.366331054687500000e+03
5.760499954223632812e+01
3.682403000000000000e+06
8.203500366210937500e+01
1.761239013671875000e+03
1.528088200000000000e+07
7.896730500000000000e+06
2.410354003906250000e+03
4.636436035156250000e+03
9.922890014648437500e+02
4.415530761718750000e+03
1.450232055664062500e+03
8.465499877929687500e+01
4.696799926757812500e+02
9.161000061035156250e+01
1.669550018310546875e+02
3.409209899902343750e+02
2.145070037841796875e+02
5.736010131835937500e+02
