2.764379882812500000e+02
9.459899902343750000e+01
2.734499931335449219e+01
3.931100082397460938e+01
3.388600158691406250e+01
1.759819946289062500e+02
8.079999923706054688e+00
4.869999885559082031e+00
8.235500335693359375e+01
3.881100082397460938e+01
1.134717041015625000e+03
4.118699951171875000e+02
1.380506958007812500e+03
8.748699951171875000e+01
8.985499877929687500e+02
2.454500007629394531e+01
1.646000027656555176e+00
8.903660278320312500e+02
2.974600028991699219e+01
9.712670288085937500e+02
4.077000141143798828e+00
2.178439941406250000e+02
2.012800025939941406e+01
1.057999992370605469e+01
4.078469848632812500e+02
7.348920288085937500e+02
4.776800155639648438e+01
2.111599922180175781e+01
1.745151000976562500e+03
1.597073974609375000e+03
5.293000221252441406e+00
1.035364990234375000e+03
1.034616943359375000e+03
7.263999938964843750e+00
1.612859954833984375e+02
5.408049926757812500e+02
4.492000102996826172e+00
2.381299972534179688e+01
6.400499725341796875e+01
4.625790100097656250e+02
3.516159973144531250e+02
7.081999778747558594e+00
6.179700088500976562e+01
4.911010131835937500e+02
7.209000110626220703e+00
2.400260009765625000e+02
6.237479858398437500e+02
2.814100074768066406e+01
5.202500000000000000e+02
6.217210083007812500e+02
9.316649780273437500e+02
4.072000122070312500e+01
4.747810058593750000e+02
9.316799926757812500e+01
4.517890014648437500e+02
7.656279907226562500e+02
4.498659973144531250e+02
3.978699874877929688e+01
9.738489990234375000e+02
1.023509979248046875e+02
4.996359863281250000e+02
7.796179809570312500e+02
6.742579956054687500e+02
2.250799942016601562e+01
1.674000024795532227e+00
7.096040039062500000e+02
5.428920288085937500e+02
3.647780151367187500e+02
8.872839965820312500e+02
2.619700012207031250e+02
7.172080078125000000e+02
9.443759765625000000e+02
2.182469940185546875e+02
3.352430114746093750e+02
3.516770019531250000e+02
7.308799743652343750e+01
2.156399917602539062e+01
2.529204101562500000e+03
2.717000007629394531e+00
2.627783935546875000e+03
4.241500091552734375e+01
1.110146972656250000e+03
3.174400024414062500e+02
1.565529052734375000e+03
5.093600082397460938e+01
3.131999969482421875e+00
4.502109985351562500e+02
5.045000076293945312e+01
1.926483032226562500e+03
3.860900115966796875e+01
1.453809967041015625e+02
8.465699768066406250e+01
4.243909912109375000e+02
6.763319702148437500e+02
7.467999935150146484e+00
6.756619873046875000e+02
3.835900115966796875e+01
5.447999954223632812e+01
5.324300003051757812e+01
2.106236083984375000e+03
9.195600128173828125e+01
2.110200042724609375e+02
6.255500030517578125e+01
1.304951049804687500e+03
8.530899810791015625e+01
1.290740051269531250e+02
1.165741943359375000e+03
1.824146972656250000e+03
1.533880004882812500e+02
8.084329833984375000e+02
2.236924072265625000e+03
3.903099822998046875e+01
2.386459960937500000e+02
3.093300056457519531e+01
1.657473999023437500e+03
1.434759979248046875e+02
3.484979858398437500e+02
9.600219726562500000e+02
1.178880004882812500e+02
1.768029937744140625e+02
4.515100097656250000e+01
7.917500305175781250e+01
1.250666015625000000e+03
4.481499862670898438e+01
5.934199905395507812e+01
6.011100006103515625e+01
1.535939941406250000e+02
5.716400146484375000e+01
2.561669921875000000e+02
1.063954956054687500e+03
1.060719985961914062e+02
1.224310058593750000e+03
6.123519897460937500e+02
4.454070129394531250e+02
1.853800010681152344e+01
2.785300064086914062e+01
3.606399917602539062e+01
5.869019775390625000e+02
8.696000099182128906e+00
1.315460052490234375e+02
4.426000118255615234e+00
3.448199844360351562e+01
3.809400177001953125e+01
1.774600028991699219e+01
2.111711914062500000e+03
1.241823974609375000e+03
2.321199989318847656e+01
1.258789978027343750e+02
4.815350036621093750e+02
8.512000083923339844e+00
1.181583007812500000e+03
1.417234985351562500e+03
2.224750061035156250e+02
1.083909988403320312e+02
3.562109985351562500e+02
1.546380004882812500e+02
3.918000030517578125e+01
8.984999847412109375e+01
5.072189941406250000e+02
1.082105957031250000e+03
7.527579956054687500e+02
1.154399967193603516e+01
3.645199966430664062e+01
1.090650024414062500e+02
5.347709960937500000e+02
1.835729980468750000e+02
1.650599975585937500e+02
3.066480102539062500e+02
2.546100044250488281e+01
4.774649963378906250e+02
6.458820190429687500e+02
2.681969909667968750e+02
4.026999950408935547e+00
1.726675048828125000e+03
2.210370117187500000e+03
4.429729919433593750e+02
6.826300048828125000e+01
1.048999977111816406e+01
1.754700088500976562e+01
4.729800033569335938e+01
1.176010986328125000e+03
2.218650054931640625e+02
4.846520080566406250e+02
1.332987060546875000e+03
2.626889953613281250e+02
6.022719726562500000e+02
1.641401000976562500e+03
4.520700073242187500e+01
6.461699676513671875e+01
3.015800094604492188e+01
4.018670043945312500e+02
1.265510025024414062e+02
1.729906982421875000e+03
1.134509033203125000e+03
1.611419982910156250e+02
2.175770019531250000e+03
2.475050048828125000e+02
7.011000156402587891e+00
9.748999595642089844e+00
5.270299911499023438e+01
1.135340942382812500e+03
1.611956054687500000e+03
2.362199974060058594e+01
1.890208984375000000e+03
3.200600051879882812e+01
1.651516967773437500e+03
2.289999961853027344e+01
2.994479980468750000e+02
4.256999969482421875e+00
7.312599945068359375e+01
6.897200012207031250e+01
8.729999542236328125e+00
3.578229980468750000e+02
4.892680053710937500e+02
7.934999942779541016e+00
4.011560058593750000e+02
7.624600219726562500e+01
3.875589904785156250e+02
3.571200180053710938e+01
3.159779968261718750e+02
7.703070068359375000e+02
1.959689941406250000e+02
5.261069946289062500e+02
4.189060058593750000e+02
1.799942993164062500e+03
2.385097900390625000e+03
4.594999790191650391e+00
9.214800262451171875e+01
3.382389892578125000e+03
2.168190002441406250e+02
6.420859985351562500e+02
1.202271972656250000e+03
2.991553955078125000e+03
7.379000186920166016e+00
7.571530151367187500e+02
1.034779968261718750e+02
9.354279785156250000e+02
3.455799865722656250e+01
7.507199859619140625e+01
4.464799880981445312e+01
2.617900085449218750e+01
1.554300022125244141e+01
6.822000026702880859e+00
4.815000057220458984e+00
3.027499961853027344e+01
1.865579986572265625e+02
1.907317993164062500e+03
3.810570068359375000e+02
1.739440002441406250e+02
2.541719970703125000e+02
8.027000427246093750e+00
9.315999984741210938e+00
4.046740112304687500e+02
2.693799972534179688e+01
4.813100051879882812e+01
7.052290039062500000e+02
1.676289978027343750e+02
2.131100082397460938e+01
4.005099868774414062e+01
3.763600158691406250e+01
9.554599761962890625e+01
7.354520263671875000e+02
2.419700050354003906e+01
2.100460052490234375e+02
1.117099952697753906e+01
7.002360229492187500e+02
1.978885986328125000e+03
3.834440002441406250e+02
6.068850097656250000e+02
2.267850036621093750e+02
1.673781982421875000e+03
2.753510131835937500e+02
1.600588989257812500e+03
2.031145996093750000e+03
4.599999904632568359e+00
1.231453979492187500e+03
8.923250122070312500e+02
6.930000185966491699e-01
1.221800041198730469e+01
4.799100112915039062e+01
1.256097045898437500e+03
9.068939819335937500e+02
9.126499938964843750e+01
2.164233886718750000e+03
7.934000015258789062e+00
4.352000236511230469e+00
7.044910278320312500e+02
5.565629882812500000e+02
1.447999954223632812e+00
3.478900146484375000e+01
3.850360107421875000e+02
1.235989990234375000e+02
2.473999938964843750e+02
4.373899841308593750e+01
5.653999805450439453e+00
1.177689971923828125e+02
1.397399997711181641e+01
4.512869873046875000e+02
1.051399993896484375e+01
7.540999889373779297e+00
7.573999881744384766e+00
9.585369873046875000e+02
6.139400100708007812e+01
3.346300125122070312e+01
3.802179870605468750e+02
2.643199920654296875e+01
1.040619964599609375e+02
9.130100250244140625e+01
5.298699951171875000e+01
5.067999839782714844e+00
1.384500026702880859e+01
5.281000137329101562e+01
1.624032958984375000e+03
5.917399902343750000e+02
1.312129028320312500e+03
3.577000045776367188e+01
2.043899917602539062e+01
1.162689971923828125e+02
2.596570129394531250e+02
6.499509887695312500e+02
3.031730041503906250e+02
1.586080017089843750e+02
6.250200195312500000e+02
1.078298950195312500e+03
1.102999973297119141e+01
3.061000108718872070e+00
5.541710205078125000e+02
6.345700073242187500e+01
4.587500000000000000e+01
2.431500053405761719e+01
1.765879974365234375e+02
3.448219909667968750e+02
1.079109008789062500e+03
5.366299819946289062e+01
1.776380004882812500e+02
4.327600097656250000e+02
6.311939697265625000e+02
8.302310180664062500e+02
1.309500026702880859e+01
8.941630249023437500e+02
5.911299896240234375e+01
5.573999881744384766e+00
1.215400009155273438e+02
2.276000022888183594e+01
6.948690185546875000e+02
1.569109954833984375e+02
3.754399871826171875e+01
7.748200225830078125e+01
8.178099822998046875e+01
1.325019042968750000e+03
1.868099975585937500e+01
9.507689819335937500e+02
1.466546020507812500e+03
4.698020019531250000e+02
5.148501953125000000e+03
2.260999917984008789e+00
4.776999950408935547e+00
8.907999992370605469e+00
5.653699874877929688e+01
3.493150024414062500e+02
5.872999954223632812e+01
5.818809814453125000e+02
5.387930297851562500e+02
6.733899688720703125e+01
7.508629760742187500e+02
2.689410095214843750e+02
1.015742980957031250e+03
1.391620025634765625e+02
1.400630035400390625e+02
1.753300094604492188e+01
1.010879974365234375e+02
4.006399917602539062e+01
2.619300079345703125e+01
1.868730957031250000e+03
4.702500152587890625e+01
2.082610015869140625e+02
2.274810028076171875e+02
6.675199890136718750e+01
3.504100036621093750e+01
2.828538085937500000e+03
7.204240112304687500e+02
5.090700149536132812e+01
1.872310028076171875e+02
9.040609741210937500e+02
6.883999824523925781e+00
1.995984008789062500e+03
6.166799926757812500e+01
9.737910156250000000e+02
2.199010009765625000e+02
2.271230010986328125e+02
2.518990020751953125e+02
7.638000011444091797e+00
4.109849853515625000e+02
3.407420043945312500e+02
1.511255004882812500e+03
3.296539916992187500e+02
6.549110107421875000e+02
7.218369750976562500e+02
4.294230041503906250e+02
9.237310180664062500e+02
4.107999801635742188e+00
4.179999828338623047e+00
1.327286987304687500e+03
1.767443969726562500e+03
2.560700073242187500e+02
2.691919860839843750e+02
1.066800022125244141e+01
8.184200286865234375e+01
1.690019989013671875e+02
9.211100006103515625e+01
2.031100082397460938e+01
5.013100051879882812e+01
3.087599945068359375e+01
8.398250122070312500e+02
3.770870056152343750e+02
8.600999832153320312e+00
8.080900268554687500e+02
1.009484985351562500e+03
9.446999549865722656e+00
3.366699981689453125e+01
1.583300048828125000e+03
6.109409790039062500e+02
1.243000030517578125e+01
6.181800079345703125e+01
7.889999866485595703e+00
8.556950073242187500e+02
1.123010025024414062e+02
2.552384033203125000e+03
1.105700016021728516e+01
7.318519897460937500e+02
2.280131103515625000e+03
9.824800109863281250e+01
1.238296997070312500e+03
4.122479858398437500e+02
9.552000045776367188e+00
4.700828125000000000e+03
1.820299911499023438e+01
9.644400024414062500e+01
8.807700347900390625e+01
2.404721923828125000e+03
2.922550048828125000e+02
6.136500167846679688e+01
7.975590209960937500e+02
8.117329711914062500e+02
1.471869018554687500e+03
3.233200073242187500e+01
5.686600112915039062e+01
6.905000209808349609e+00
1.323359985351562500e+02
6.274329833984375000e+02
9.637479858398437500e+02
2.578299865722656250e+02
1.567449951171875000e+02
3.503799819946289062e+01
2.406500053405761719e+01
4.212200164794921875e+01
2.032500000000000000e+02
2.795880126953125000e+02
7.287440185546875000e+02
3.430159912109375000e+02
8.588410034179687500e+02
2.245199966430664062e+01
8.927000045776367188e+00
3.621780090332031250e+02
2.959190063476562500e+02
4.728190002441406250e+02
9.006900024414062500e+01
1.607729949951171875e+02
6.733200073242187500e+01
5.601240234375000000e+02
7.725209960937500000e+02
5.213159790039062500e+02
8.309920043945312500e+02
3.049275878906250000e+03
4.160300064086914062e+01
1.468276000976562500e+03
2.560320129394531250e+02
6.538209838867187500e+02
7.994030151367187500e+02
4.521400070190429688e+01
6.032600021362304688e+01
3.567500000000000000e+02
8.480000305175781250e+01
8.902130126953125000e+02
4.592390136718750000e+02
2.528899955749511719e+01
3.969530029296875000e+02
7.477089843750000000e+02
2.689500122070312500e+02
8.608999633789062500e+01
8.745869750976562500e+02
2.931799926757812500e+02
8.706409912109375000e+02
7.632600097656250000e+02
2.877000045776367188e+01
1.729409942626953125e+02
3.000280151367187500e+02
4.067030029296875000e+02
2.550760009765625000e+03
5.665789794921875000e+02
5.220739746093750000e+02
4.479499816894531250e+01
1.169799995422363281e+01
3.796799850463867188e+01
1.866595947265625000e+03
1.805260009765625000e+02
2.444826904296875000e+03
1.035799980163574219e+01
4.113510131835937500e+02
7.670310058593750000e+02
8.078500366210937500e+01
2.194315917968750000e+03
3.816600036621093750e+01
1.169426025390625000e+03
1.647380065917968750e+02
8.227830200195312500e+02
1.999463989257812500e+03
2.768850097656250000e+02
7.936550292968750000e+02
3.243700027465820312e+01
2.006999969482421875e+01
5.289999961853027344e+00
6.493000030517578125e+01
1.527070007324218750e+02
3.197209960937500000e+03
4.092800140380859375e+01
7.325339965820312500e+02
2.374479980468750000e+02
7.500000000000000000e+01
8.022990112304687500e+02
3.516999816894531250e+01
1.228791015625000000e+03
1.374470062255859375e+02
1.335299968719482422e+01
6.698899841308593750e+01
2.409499931335449219e+01
3.355899810791015625e+01
2.369380035400390625e+02
2.957999944686889648e+00
4.248699951171875000e+02
1.677928955078125000e+03
5.433499908447265625e+01
4.379039916992187500e+02
4.415999889373779297e+00
6.517299652099609375e+01
2.725284912109375000e+03
9.736719970703125000e+02
2.428700065612792969e+01
1.263017944335937500e+03
7.816200256347656250e+01
1.396710052490234375e+02
5.524359741210937500e+02
1.437299957275390625e+02
2.090299987792968750e+01
6.850800323486328125e+01
1.020920028686523438e+02
5.590479736328125000e+02
4.893569946289062500e+02
7.948870239257812500e+02
1.246630004882812500e+03
2.326899909973144531e+01
2.716430053710937500e+02
1.496655029296875000e+03
1.427010040283203125e+02
1.174960021972656250e+02
1.108250000000000000e+03
8.043989868164062500e+02
1.395082031250000000e+03
1.692599945068359375e+02
5.024079895019531250e+02
4.498649902343750000e+02
1.221899986267089844e+01
1.773100090026855469e+01
1.378410034179687500e+02
3.206390075683593750e+02
8.844279785156250000e+02
7.735000133514404297e+00
4.835999965667724609e+00
6.033300018310546875e+01
7.501450195312500000e+02
1.085210037231445312e+02
3.252510070800781250e+02
1.383093994140625000e+03
2.049290008544921875e+02
6.716200256347656250e+01
9.886599731445312500e+01
2.235740051269531250e+02
1.481219940185546875e+02
1.098714965820312500e+03
1.007028991699218750e+03
1.437779052734375000e+03
7.396999835968017578e+00
2.284700012207031250e+01
8.156900024414062500e+01
1.146994995117187500e+03
4.071900177001953125e+01
8.675989990234375000e+02
7.999299621582031250e+01
1.796599960327148438e+01
6.648759765625000000e+02
2.577189941406250000e+02
1.837899932861328125e+02
2.462042968750000000e+03
2.990660095214843750e+02
8.322459716796875000e+02
3.236999988555908203e+00
3.913600158691406250e+01
1.281256958007812500e+03
1.581900024414062500e+01
1.314750976562500000e+03
2.098900032043457031e+01
1.355405029296875000e+03
4.386029968261718750e+02
2.693000030517578125e+01
1.139270019531250000e+02
9.673600006103515625e+01
1.592500019073486328e+01
1.254699993133544922e+01
4.668199920654296875e+01
1.737798950195312500e+03
6.625670166015625000e+02
6.264420166015625000e+02
6.413899993896484375e+01
2.882708007812500000e+03
2.550391113281250000e+03
1.115799999237060547e+01
3.824729919433593750e+02
2.069279937744140625e+02
6.918010253906250000e+02
6.270000076293945312e+01
1.174100017547607422e+01
1.519210052490234375e+02
2.078774902343750000e+03
1.041199970245361328e+01
2.613800048828125000e+02
4.202489929199218750e+02
2.496496093750000000e+03
1.686800003051757812e+01
8.470999717712402344e+00
2.279100036621093750e+01
1.023939971923828125e+02
1.122918945312500000e+03
6.456199645996093750e+01
1.280700016021728516e+01
1.640299987792968750e+01
9.731500244140625000e+01
3.946000099182128906e+00
6.506380004882812500e+02
6.704039916992187500e+02
1.833999991416931152e+00
1.572960052490234375e+02
5.168600082397460938e+01
7.900700378417968750e+01
3.353020019531250000e+02
1.686157958984375000e+03
3.814199829101562500e+01
2.881599998474121094e+01
9.278590087890625000e+02
1.295469970703125000e+02
5.662410278320312500e+02
5.434999847412109375e+01
7.114999771118164062e+00
3.439799880981445312e+01
1.758600044250488281e+01
4.033190002441406250e+02
3.269089965820312500e+02
2.200359954833984375e+02
2.749530029296875000e+02
2.014219970703125000e+02
3.070700073242187500e+02
4.163389892578125000e+02
8.990219726562500000e+02
3.960000038146972656e+00
3.622299957275390625e+01
1.313379974365234375e+02
5.192999839782714844e+00
5.651929931640625000e+02
3.802789916992187500e+02
4.046250000000000000e+02
3.109320068359375000e+02
8.666539916992187500e+02
1.567400054931640625e+02
4.457699966430664062e+01
4.018500137329101562e+01
3.627590026855468750e+02
6.184169921875000000e+02
1.922220001220703125e+02
8.320899963378906250e+01
3.977500152587890625e+01
4.087699890136718750e+01
2.409199905395507812e+01
2.668943115234375000e+03
2.540999889373779297e+00
4.506069946289062500e+02
1.056790008544921875e+02
9.849199829101562500e+02
4.561000061035156250e+01
2.568179931640625000e+02
2.432200050354003906e+01
9.451899719238281250e+01
2.291750030517578125e+02
1.872800048828125000e+03
3.192499923706054688e+01
8.298729858398437500e+02
7.167750244140625000e+02
1.100185058593750000e+03
2.903199958801269531e+01
2.786102050781250000e+03
1.172500038146972656e+01
1.778832031250000000e+03
2.145176025390625000e+03
4.525320129394531250e+02
6.614999771118164062e+00
3.289030151367187500e+02
3.332000017166137695e+00
1.445383056640625000e+03
2.095899963378906250e+01
8.859000205993652344e+00
2.998214111328125000e+03
8.731900024414062500e+01
1.948339996337890625e+02
2.409259948730468750e+02
5.614999771118164062e+00
1.314929962158203125e+02
1.083899974822998047e+01
8.447699737548828125e+01
2.915699958801269531e+01
3.160570068359375000e+02
7.305999755859375000e+01
9.350999832153320312e+00
2.804500007629394531e+01
3.325620117187500000e+02
7.298100280761718750e+01
6.013999938964843750e+01
4.186099853515625000e+02
1.012726989746093750e+03
2.981095947265625000e+03
1.152974975585937500e+03
3.339012939453125000e+03
2.701099967956542969e+01
4.334590148925781250e+02
6.097100067138671875e+01
2.392200088500976562e+01
1.487100952148437500e+03
3.965100097656250000e+01
4.194309997558593750e+02
2.277599906921386719e+01
8.637500000000000000e+01
2.870601074218750000e+03
1.270400047302246094e+01
8.817299652099609375e+01
1.857265014648437500e+03
4.936999797821044922e+00
1.009229965209960938e+02
1.265999984741210938e+01
2.224060058593750000e+02
2.984900093078613281e+01
2.103238037109375000e+03
2.514199981689453125e+02
4.306200027465820312e+01
1.773679962158203125e+02
6.830000281333923340e-01
1.011200046539306641e+01
7.374860229492187500e+02
1.850599975585937500e+02
1.445809936523437500e+02
1.324791015625000000e+03
4.529890136718750000e+02
1.207519989013671875e+02
1.156682006835937500e+03
3.411700134277343750e+02
1.278069946289062500e+03
9.463000297546386719e+00
8.862139892578125000e+02
2.595589904785156250e+02
2.618899917602539062e+01
2.637899971008300781e+01
3.588370056152343750e+02
7.129600219726562500e+02
7.777999877929687500e+00
1.073799991607666016e+01
2.719259948730468750e+02
1.385070037841796875e+02
3.321099853515625000e+01
3.695429992675781250e+02
5.524108886718750000e+03
1.485863037109375000e+03
2.220789062500000000e+03
5.930139770507812500e+02
4.399399948120117188e+01
1.139405029296875000e+03
6.732900238037109375e+01
2.442640075683593750e+02
4.921900024414062500e+02
7.157000064849853516e+00
5.092999935150146484e+00
3.675820007324218750e+02
9.208000183105468750e+00
2.197980041503906250e+02
1.841313964843750000e+03
7.631900024414062500e+01
3.305500030517578125e+01
1.911000013351440430e+00
5.922200012207031250e+01
2.324300003051757812e+01
3.936969909667968750e+02
1.141328002929687500e+03
5.737329711914062500e+02
7.912680053710937500e+02
3.270600128173828125e+01
2.189983886718750000e+03
7.238999938964843750e+01
7.892500305175781250e+01
1.053030014038085938e+02
2.319799995422363281e+01
9.436499786376953125e+01
2.375600051879882812e+01
5.562280273437500000e+02
1.214560012817382812e+02
3.523699951171875000e+03
5.469999790191650391e+00
6.787670288085937500e+02
2.252275878906250000e+03
8.443499755859375000e+01
2.139940032958984375e+02
4.831200027465820312e+01
5.603900146484375000e+01
3.507899856567382812e+01
7.705830078125000000e+02
9.312059936523437500e+02
4.511000156402587891e+00
2.967430114746093750e+02
4.554000091552734375e+01
3.279100036621093750e+01
3.576499938964843750e+01
8.461950073242187500e+02
4.616699981689453125e+01
1.341845947265625000e+03
5.504299926757812500e+01
1.735099983215332031e+01
5.172999858856201172e+00
4.616539916992187500e+02
4.301736816406250000e+03
2.461300086975097656e+01
1.291100025177001953e+01
8.488700103759765625e+01
7.265289916992187500e+02
2.271758056640625000e+03
5.366589965820312500e+02
3.716475097656250000e+03
7.767910156250000000e+02
3.818693115234375000e+03
2.957799911499023438e+01
2.779424072265625000e+03
6.731160278320312500e+02
3.639354003906250000e+03
8.332109985351562500e+02
4.760020141601562500e+02
4.534700012207031250e+02
2.448999977111816406e+01
1.268651000976562500e+03
1.145680007934570312e+02
9.036859741210937500e+02
3.398000001907348633e+00
3.023310058593750000e+03
1.140108032226562500e+03
2.613150024414062500e+02
6.276999950408935547e+00
4.709750061035156250e+02
1.165199966430664062e+02
4.515000152587890625e+01
7.629000091552734375e+01
1.997469940185546875e+02
9.457299804687500000e+01
5.572999954223632812e+00
1.110169982910156250e+02
2.576208984375000000e+03
4.381999969482421875e+00
4.071599960327148438e+01
5.694599914550781250e+01
2.033999919891357422e+00
1.034545043945312500e+03
2.762159912109375000e+03
3.846400070190429688e+01
7.216400146484375000e+01
1.289781982421875000e+03
6.193469848632812500e+02
3.190200042724609375e+01
1.462399959564208984e+01
2.437999963760375977e+00
3.279000043869018555e+00
1.471062988281250000e+03
1.676549987792968750e+02
1.081200027465820312e+01
4.810300064086914062e+01
1.233000030517578125e+02
1.039864013671875000e+03
2.123179931640625000e+02
1.526077026367187500e+03
3.754199981689453125e+01
4.946199951171875000e+02
6.935910034179687500e+02
3.782300186157226562e+01
1.025532958984375000e+03
2.445899963378906250e+01
7.030000209808349609e+00
2.028400039672851562e+01
2.859389953613281250e+02
6.109920043945312500e+02
8.183799743652343750e+01
1.226460037231445312e+02
1.679799957275390625e+02
1.770687988281250000e+03
7.834899902343750000e+01
8.838999748229980469e+00
2.092700004577636719e+01
1.566309967041015625e+02
1.113399982452392578e+01
6.716000366210937500e+01
8.318000030517578125e+01
8.068560180664062500e+02
5.546749877929687500e+02
1.753999948501586914e+00
2.449717041015625000e+03
6.193660278320312500e+02
1.077574951171875000e+03
2.297270050048828125e+02
2.222812011718750000e+03
8.695629882812500000e+02
4.779719848632812500e+02
5.022799987792968750e+02
2.566600036621093750e+01
3.308169860839843750e+02
1.209099960327148438e+01
7.430689697265625000e+02
7.254530029296875000e+02
5.557600021362304688e+01
9.511489868164062500e+02
8.012400054931640625e+01
2.125339965820312500e+02
1.488739929199218750e+02
1.295115966796875000e+03
3.062572998046875000e+03
3.854020080566406250e+02
1.370010070800781250e+02
6.776000022888183594e+00
8.231970214843750000e+02
5.193999767303466797e+00
2.106800079345703125e+01
3.256539916992187500e+02
1.305850067138671875e+02
7.016999816894531250e+01
2.107397949218750000e+03
1.735703979492187500e+03
1.013575988769531250e+03
1.455395019531250000e+03
4.867000102996826172e+00
2.723999977111816406e+00
4.594899902343750000e+02
3.922239990234375000e+02
1.688670043945312500e+02
1.928453979492187500e+03
2.639970092773437500e+02
1.752319946289062500e+02
4.017599868774414062e+01
5.003169860839843750e+02
8.705799865722656250e+01
1.041100025177001953e+01
2.163487060546875000e+03
7.164439697265625000e+02
5.363120117187500000e+02
8.511170043945312500e+02
1.811100006103515625e+02
4.731100082397460938e+01
1.188300037384033203e+01
5.474999904632568359e+00
1.287300014495849609e+01
6.840380249023437500e+02
3.981299972534179688e+01
2.207999944686889648e+00
7.064439697265625000e+02
1.897440032958984375e+02
5.663000106811523438e+01
3.958240051269531250e+02
3.357297119140625000e+03
2.833340148925781250e+02
1.559461059570312500e+03
5.853859863281250000e+02
3.831600036621093750e+02
1.049400043487548828e+01
2.116900062561035156e+01
5.223690185546875000e+02
2.776300048828125000e+01
1.006064025878906250e+03
8.383000373840332031e+00
6.974940185546875000e+02
4.243800048828125000e+02
7.123309936523437500e+02
3.017409973144531250e+02
1.729299926757812500e+01
