5.192473828125000000e+04
7.613065917968750000e+03
2.798000097274780273e+00
2.633845507812500000e+04
2.042099952697753906e+01
2.011054882812500000e+04
1.602837812500000000e+05
1.016112402343750000e+04
1.459568652343750000e+04
5.030248437500000000e+04
1.151312011718750000e+04
1.582000017166137695e+00
1.019099998474121094e+01
2.325711328125000000e+04
5.156450195312500000e+02
7.348882812500000000e+03
1.226614648437500000e+04
4.052000045776367188e+00
2.069692187500000000e+04
3.590825390625000000e+04
5.415050781250000000e+03
1.570199966430664062e+01
1.312999963760375977e+00
7.310734375000000000e+04
8.629380468750000000e+04
1.825859985351562500e+02
3.747593750000000000e+04
7.639689062500000000e+04
1.232228808593750000e+04
3.561522265625000000e+04
4.446119995117187500e+02
2.519999980926513672e+00
1.526642500000000000e+05
2.006138281250000000e+04
5.558264843750000000e+04
2.462825195312500000e+04
9.921999931335449219e+00
1.927989959716796875e+02
2.696427929687500000e+04
6.808959960937500000e+02
1.454771582031250000e+04
3.812984375000000000e+04
1.771460156250000000e+04
2.461083203125000000e+04
3.691875000000000000e+03
2.947999954223632812e+00
3.148786914062500000e+04
3.579594970703125000e+03
1.454184082031250000e+04
7.150062988281250000e+03
1.041781796875000000e+05
3.683000087738037109e+00
7.191046093750000000e+04
3.703291406250000000e+04
8.982800292968750000e+02
2.009670043945312500e+03
7.034461914062500000e+03
8.006742187500000000e+03
2.724629882812500000e+03
1.037972656250000000e+04
1.359000015258789062e+01
1.147590026855468750e+02
3.302340087890625000e+02
4.801000118255615234e+00
6.617000102996826172e+00
1.160505175781250000e+04
2.180627734375000000e+04
1.685796093750000000e+04
1.014200019836425781e+01
1.508541015625000000e+03
2.451600036621093750e+02
3.505181250000000000e+04
4.643399810791015625e+01
1.402999997138977051e+00
1.684151757812500000e+04
4.493850097656250000e+02
1.603360742187500000e+04
3.414631640625000000e+04
5.367669921875000000e+03
2.572402929687500000e+04
6.653999805450439453e+00
3.553799819946289062e+01
4.674970092773437500e+02
1.300358496093750000e+04
1.368443554687500000e+04
1.833805664062500000e+04
2.622346923828125000e+03
8.137899780273437500e+01
6.223969726562500000e+02
5.757484375000000000e+04
3.438999891281127930e+00
2.924999952316284180e+00
1.329691308593750000e+04
2.683218994140625000e+03
2.145168554687500000e+04
1.916470703125000000e+04
9.002148437500000000e+04
1.336774804687500000e+04
2.530374609375000000e+04
7.020733886718750000e+03
2.364157421875000000e+04
3.849554931640625000e+03
6.473000049591064453e+00
3.142577880859375000e+03
1.624501074218750000e+04
7.241117968750000000e+04
8.017547656250000000e+04
7.719227050781250000e+03
5.111000061035156250e+00
1.949838671875000000e+04
8.700992187500000000e+03
3.947387500000000000e+04
1.836529052734375000e+03
9.196375781250000000e+04
5.325059814453125000e+02
2.454209960937500000e+03
1.177272070312500000e+04
1.629609277343750000e+04
4.041999816894531250e+00
1.106499958038330078e+01
2.067375585937500000e+04
4.181055859375000000e+04
4.796000003814697266e+00
3.933503906250000000e+03
1.388564160156250000e+04
1.417711132812500000e+04
3.145498632812500000e+04
2.798059179687500000e+04
2.407132226562500000e+04
6.379000186920166016e+00
3.855000019073486328e+00
7.784580078125000000e+02
1.724322070312500000e+04
1.909790039062500000e+04
1.417887939453125000e+03
6.812612500000000000e+04
6.515461328125000000e+04
2.237999916076660156e+00
1.161247460937500000e+04
2.378679962158203125e+02
2.382287109375000000e+03
2.224080078125000000e+03
8.820266406250000000e+04
2.954364453125000000e+04
3.562000036239624023e+00
1.254474414062500000e+04
1.229066699218750000e+04
5.975678515625000000e+04
1.485200023651123047e+01
4.324999809265136719e+00
1.510969042968750000e+04
2.412999916076660156e+01
9.213678125000000000e+04
4.506128515625000000e+04
2.716726367187500000e+04
3.419062890625000000e+04
2.871413671875000000e+04
2.717200088500976562e+01
4.202550048828125000e+02
1.285771015625000000e+05
2.136248046875000000e+04
4.407556152343750000e+03
8.184946777343750000e+03
5.814598437500000000e+04
2.361700057983398438e+01
1.114955546875000000e+05
2.297422070312500000e+04
5.813699951171875000e+02
2.621599960327148438e+01
1.977765991210937500e+03
8.245996093750000000e+03
2.684999942779541016e+00
3.276437304687500000e+04
1.837963281250000000e+04
3.750613671875000000e+04
6.105000019073486328e+00
1.751976367187500000e+04
2.755063964843750000e+03
8.295561718750000000e+04
2.636229882812500000e+04
4.904980859375000000e+04
2.861999988555908203e+00
2.666689941406250000e+03
1.008618261718750000e+04
1.996359179687500000e+04
7.134275000000000000e+04
2.999820068359375000e+03
7.265058593750000000e+04
2.050300025939941406e+01
4.409635546875000000e+04
3.588806640625000000e+04
5.363104296875000000e+04
1.142000007629394531e+01
4.989999771118164062e+00
2.185199218750000000e+04
3.612946875000000000e+04
2.387075585937500000e+04
5.217007812500000000e+04
1.123014038085937500e+03
6.724999904632568359e+00
2.961152734375000000e+04
1.062628613281250000e+04
4.552275781250000000e+04
6.758171875000000000e+04
4.386873046875000000e+03
1.309300041198730469e+01
2.383399963378906250e+01
1.243840026855468750e+02
1.028410034179687500e+02
2.192859179687500000e+04
2.179922265625000000e+04
2.147050018310546875e+02
2.989500045776367188e+01
7.683824218750000000e+03
5.520320800781250000e+03
4.138330078125000000e+02
1.389240820312500000e+04
3.282999992370605469e+00
2.675570068359375000e+02
5.381312109375000000e+04
1.534436914062500000e+04
3.743959960937500000e+02
1.001999974250793457e+00
3.224598632812500000e+04
2.662908593750000000e+04
4.535148828125000000e+04
5.206999778747558594e+00
5.681710205078125000e+02
5.342000007629394531e+00
1.444089355468750000e+04
5.547302343750000000e+04
3.759846093750000000e+04
9.254662109375000000e+03
1.246688183593750000e+04
7.169792187500000000e+04
1.170184277343750000e+04
3.582991796875000000e+04
2.719612890625000000e+04
5.390999794006347656e+00
1.664513476562500000e+04
7.654110107421875000e+02
7.113600158691406250e+01
2.286700057983398438e+01
1.641280059814453125e+02
3.715750000000000000e+04
8.312000274658203125e+00
1.060959472656250000e+04
3.182110937500000000e+04
1.217091953125000000e+05
1.728000044822692871e+00
2.866951562500000000e+04
4.323561328125000000e+04
4.386521484375000000e+04
1.757028515625000000e+04
5.691439819335937500e+02
1.917999982833862305e+00
2.676000118255615234e+00
6.531639160156250000e+03
1.014010937500000000e+04
5.597149609375000000e+04
4.667601074218750000e+03
3.095999956130981445e+00
6.463217773437500000e+03
1.347629687500000000e+04
3.160400009155273438e+01
3.938911328125000000e+04
3.347410156250000000e+04
1.854072070312500000e+04
1.320954003906250000e+04
1.870116406250000000e+04
9.283860937500000000e+04
4.739179687500000000e+04
4.808800125122070312e+01
7.288270312500000000e+04
1.278358691406250000e+04
6.230999946594238281e+00
9.461879882812500000e+03
8.553880859375000000e+03
1.646883789062500000e+04
5.636584960937500000e+03
8.061653906250000000e+04
2.054999923706054688e+01
2.438937695312500000e+04
6.274000167846679688e+00
6.466759765625000000e+04
5.199559765625000000e+04
8.422761718750000000e+04
3.062000036239624023e+00
1.291592089843750000e+04
1.211242773437500000e+04
2.541900062561035156e+01
3.081085937500000000e+04
9.846930468750000000e+04
2.323839111328125000e+03
3.743999958038330078e+00
1.074550018310546875e+02
2.216940039062500000e+04
2.625270898437500000e+04
1.353000044822692871e+00
1.651954956054687500e+03
4.963816406250000000e+04
3.890805078125000000e+04
2.608005468750000000e+04
8.857707031250000000e+03
1.555870056152343750e+02
5.577995117187500000e+03
2.613485156250000000e+04
1.177824951171875000e+03
2.405190820312500000e+04
1.825903320312500000e+04
3.552000045776367188e+00
4.508911132812500000e+03
5.619999885559082031e+00
4.670401953125000000e+04
4.631692187500000000e+04
1.494362402343750000e+04
8.135174804687500000e+03
1.403695312500000000e+05
5.802687011718750000e+03
4.044344531250000000e+04
4.414000034332275391e+00
1.610739013671875000e+03
4.332862890625000000e+04
3.488100097656250000e+03
9.907048828125000000e+03
1.968631835937500000e+04
9.303321093750000000e+04
3.848351074218750000e+03
4.545000076293945312e+00
2.952852539062500000e+04
9.052114062500000000e+04
1.509392382812500000e+04
1.583999991416931152e+00
8.086841796875000000e+03
9.459828125000000000e+04
9.737000465393066406e+00
3.617921484375000000e+04
5.953899902343750000e+03
4.512537890625000000e+04
1.598298950195312500e+03
4.282043359375000000e+04
1.343999981880187988e+00
1.705426757812500000e+04
1.958183984375000000e+04
6.094999790191650391e+00
3.492961328125000000e+04
1.228716308593750000e+04
2.684999942779541016e+00
5.740549926757812500e+02
1.877736328125000000e+04
2.954999923706054688e+00
2.633413085937500000e+04
2.065346679687500000e+04
1.184252246093750000e+04
8.375880468750000000e+04
2.504899978637695312e+01
1.519740429687500000e+04
7.771999835968017578e+00
1.026492343750000000e+05
6.899527343750000000e+04
2.826408935546875000e+03
2.217258203125000000e+04
1.599100000000000000e+04
2.204999923706054688e+00
8.723578906250000000e+04
5.494801757812500000e+03
1.719450585937500000e+04
4.607555859375000000e+04
4.879100036621093750e+01
1.052973906250000000e+05
1.035318969726562500e+03
1.324856738281250000e+04
1.989141406250000000e+04
3.801000118255615234e+00
1.440457617187500000e+04
1.735000014305114746e+00
3.036063671875000000e+04
6.231999874114990234e+00
5.932144042968750000e+03
1.021697812500000000e+05
2.885753320312500000e+04
4.550412109375000000e+03
1.036913574218750000e+04
5.464410156250000000e+03
1.290897558593750000e+04
5.640701953125000000e+04
7.924634765625000000e+03
1.040824765625000000e+05
1.326978125000000000e+04
8.463999748229980469e+00
1.412249023437500000e+03
1.098432617187500000e+04
3.488125781250000000e+04
4.280636230468750000e+03
3.187500585937500000e+04
1.619300079345703125e+01
4.511000156402587891e+00
5.337812988281250000e+03
5.395196777343750000e+03
3.730253906250000000e+04
3.174236132812500000e+04
4.587241015625000000e+04
1.562999963760375977e+00
9.150390625000000000e+03
8.538000106811523438e+00
2.136614990234375000e+03
1.129633437500000000e+05
4.786759948730468750e+02
6.482126953125000000e+04
3.493617919921875000e+03
1.080158593750000000e+04
1.032895781250000000e+05
3.039643945312500000e+04
2.407315625000000000e+04
4.661271875000000000e+04
9.020000100135803223e-01
2.785044921875000000e+04
1.940000057220458984e+00
7.006000041961669922e+00
2.060794921875000000e+03
2.590099906921386719e+01
2.479688867187500000e+04
8.820375976562500000e+03
3.123783789062500000e+04
1.665522031250000000e+05
1.125418046875000000e+05
5.062682031250000000e+04
1.981360351562500000e+04
2.654904052734375000e+03
1.003830032348632812e+02
1.853000044822692871e+00
4.893723144531250000e+03
3.293721093750000000e+04
1.291199970245361328e+01
1.323900032043457031e+01
6.414720214843750000e+03
8.058367968750000000e+04
3.514315625000000000e+04
4.047289062500000000e+03
1.975279998779296875e+02
6.226750976562500000e+03
6.000999927520751953e+00
4.477000236511230469e+00
1.738199218750000000e+04
5.746058593750000000e+04
4.176677343750000000e+04
6.907526855468750000e+03
4.057766015625000000e+04
5.130812500000000000e+04
3.887485156250000000e+04
9.781087890625000000e+03
3.213721093750000000e+04
1.954465468750000000e+05
9.162487304687500000e+03
7.378309936523437500e+02
2.421869964599609375e+02
1.781999945640563965e+00
5.733736816406250000e+03
2.122999906539916992e+00
5.188000202178955078e+00
2.590629882812500000e+02
9.597024414062500000e+03
3.081866943359375000e+03
1.775000000000000000e+01
2.757881250000000000e+04
2.201903515625000000e+04
2.811000108718872070e+00
1.243928222656250000e+04
7.140999794006347656e+00
1.421880371093750000e+04
4.283999919891357422e+00
2.765008593750000000e+04
1.459402968750000000e+05
2.863281054687500000e+04
7.730999946594238281e+00
1.192000031471252441e+00
4.316198437500000000e+04
1.536571386718750000e+04
1.687461718750000000e+04
1.269907578125000000e+05
2.627018066406250000e+03
1.997458398437500000e+04
5.214630126953125000e+02
1.569251269531250000e+04
2.821885546875000000e+04
2.515354296875000000e+04
4.530000209808349609e+00
2.848000049591064453e+00
3.200683789062500000e+04
8.998699951171875000e+01
2.086389257812500000e+04
8.043310058593750000e+03
2.875332421875000000e+04
7.471557128906250000e+03
3.594692578125000000e+04
5.110030761718750000e+03
7.600299835205078125e+01
3.236000061035156250e+00
5.466969531250000000e+04
1.635664746093750000e+04
1.685006445312500000e+04
2.457999944686889648e+00
7.310399780273437500e+02
4.005244140625000000e+04
3.946143066406250000e+03
5.791646972656250000e+03
2.535000038146972656e+01
2.459499931335449219e+01
1.352920043945312500e+03
4.658134375000000000e+04
3.056999921798706055e+00
2.015208007812500000e+04
2.009160003662109375e+02
2.708940124511718750e+02
1.293337597656250000e+04
1.215923632812500000e+04
6.262000083923339844e+00
9.548780273437500000e+03
1.060438769531250000e+04
7.620000243186950684e-01
2.344519140625000000e+04
1.997250061035156250e+02
4.125500106811523438e+01
3.030789062500000000e+04
4.875939941406250000e+03
1.076158828125000000e+05
4.239207031250000000e+04
2.024115234375000000e+04
5.351071093750000000e+04
2.759999990463256836e+00
1.125631738281250000e+04
2.326806445312500000e+04
1.473933105468750000e+04
1.909920043945312500e+02
2.923576757812500000e+04
9.934620312500000000e+04
1.165688671875000000e+04
5.351800155639648438e+01
1.007562988281250000e+04
4.977000236511230469e+00
2.135111523437500000e+04
1.876690063476562500e+02
9.308173437500000000e+04
4.743500000000000000e+03
6.157999992370605469e+00
3.561899948120117188e+01
1.011070605468750000e+04
4.999153808593750000e+03
2.753576171875000000e+04
1.468498828125000000e+04
8.527000427246093750e+00
4.309978027343750000e+03
3.219733007812500000e+04
1.777882421875000000e+04
3.618933105468750000e+03
2.387000083923339844e+00
3.999319091796875000e+03
5.898679809570312500e+02
1.602677978515625000e+03
4.666175781250000000e+04
2.903909912109375000e+02
3.900000095367431641e+00
2.315575195312500000e+04
5.138999938964843750e+00
1.109368457031250000e+04
2.945296875000000000e+04
1.560870800781250000e+04
1.263917089843750000e+04
4.966136230468750000e+03
1.631737597656250000e+04
8.365200042724609375e+01
2.018081640625000000e+04
3.859441015625000000e+04
5.557716796875000000e+03
2.357000112533569336e+00
4.732798437500000000e+04
4.078999996185302734e+00
3.484999895095825195e+00
3.990847265625000000e+04
4.503531640625000000e+04
1.301069726562500000e+04
4.680927734375000000e+04
3.836945703125000000e+04
2.343228320312500000e+04
2.031391992187500000e+04
6.321630249023437500e+02
2.503999948501586914e+00
1.014999985694885254e+00
7.708005468750000000e+04
1.268799972534179688e+01
8.855585937500000000e+03
1.439900016784667969e+01
1.377400016784667969e+01
1.543990039062500000e+04
8.030040283203125000e+02
5.060039978027343750e+02
1.820665039062500000e+03
4.975941796875000000e+04
1.515600013732910156e+01
3.882314453125000000e+04
1.317366699218750000e+04
5.020737890625000000e+04
1.018799972534179688e+01
3.543477343750000000e+04
1.971960742187500000e+04
4.030000209808349609e+00
1.924998046875000000e+04
1.961225390625000000e+04
3.907483984375000000e+04
3.687963671875000000e+04
7.938959960937500000e+02
3.975548828125000000e+04
1.315000057220458984e+00
1.284399986267089844e+01
2.607164453125000000e+04
9.436392578125000000e+03
4.840063671875000000e+04
2.124000072479248047e+00
4.821000099182128906e+00
2.662806445312500000e+04
4.255591015625000000e+04
1.010125781250000000e+04
2.699099922180175781e+01
2.159798046875000000e+04
1.431420043945312500e+03
1.420225585937500000e+04
2.802999973297119141e+00
9.519810180664062500e+02
3.432064843750000000e+04
6.543000221252441406e+00
2.256952929687500000e+04
5.420301171875000000e+04
1.119200038909912109e+01
4.465568847656250000e+03
2.855000019073486328e+00
3.965517578125000000e+04
3.444462890625000000e+04
8.434165039062500000e+03
2.960700035095214844e+01
2.083329925537109375e+02
1.924500000000000000e+04
1.835192656250000000e+05
1.464999961853027344e+01
8.088500213623046875e+01
1.288386425781250000e+04
3.199769897460937500e+02
6.065266113281250000e+03
2.401999950408935547e+00
2.437727734375000000e+04
5.453000068664550781e+00
4.302150000000000000e+04
5.017900781250000000e+04
1.978999972343444824e+00
8.292494140625000000e+03
6.867689819335937500e+02
6.093411718750000000e+04
6.064939843750000000e+04
4.161099853515625000e+02
8.887559814453125000e+02
4.484747070312500000e+03
4.306700134277343750e+01
4.386000156402587891e+00
5.449999809265136719e+00
2.843517968750000000e+04
3.397821093750000000e+04
5.940448828125000000e+04
9.185032226562500000e+03
4.746698437500000000e+04
6.149282226562500000e+03
5.689000129699707031e+00
2.633540625000000000e+04
3.450774218750000000e+04
6.485900115966796875e+01
2.730650976562500000e+04
1.340999960899353027e+00
7.188000202178955078e+00
9.228790039062500000e+03
5.390999794006347656e+00
4.234615625000000000e+04
1.020899218750000000e+05
2.644753906250000000e+04
4.223999977111816406e+00
4.080239868164062500e+02
1.226549987792968750e+02
1.184698281250000000e+05
6.050687500000000000e+04
5.246548828125000000e+04
3.700999975204467773e+00
7.279999852180480957e-01
1.364967041015625000e+03
2.338792968750000000e+04
1.401769042968750000e+03
4.775000095367431641e+00
6.645034375000000000e+04
7.418000221252441406e+00
8.843875000000000000e+03
1.414660034179687500e+02
2.666370117187500000e+04
1.112037578125000000e+05
3.912111718750000000e+04
3.519639453125000000e+04
1.310400009155273438e+01
3.453569921875000000e+04
3.338080859375000000e+04
4.428018066406250000e+03
1.636000037193298340e+00
5.811999797821044922e+00
7.531292187500000000e+04
8.587626953125000000e+03
5.874795703125000000e+04
1.507824414062500000e+04
2.851867187500000000e+04
1.536999940872192383e+00
7.353000164031982422e+00
1.570598999023437500e+03
1.080725000000000000e+04
2.072097265625000000e+04
2.503034179687500000e+04
4.108158203125000000e+03
3.792326562500000000e+04
1.141000032424926758e+00
4.867000102996826172e+00
4.481999874114990234e+00
2.098881445312500000e+04
1.691200065612792969e+01
6.115371484375000000e+04
4.498810058593750000e+03
4.411042968750000000e+04
1.303725781250000000e+04
3.287273828125000000e+04
2.042239013671875000e+03
5.710155859375000000e+04
6.230204101562500000e+03
4.525199890136718750e+02
6.376229858398437500e+02
5.163086914062500000e+03
2.726176171875000000e+04
3.268902099609375000e+03
2.091120703125000000e+04
3.667000055313110352e+00
1.570556718750000000e+05
6.290999889373779297e+00
5.279201171875000000e+03
1.939000010490417480e+00
2.199295507812500000e+04
1.487800025939941406e+01
2.436599922180175781e+01
2.062999963760375977e+00
1.523900585937500000e+04
3.510833007812500000e+03
7.857530761718750000e+03
1.179803515625000000e+04
9.527000427246093750e+00
1.131291796875000000e+04
2.257587890625000000e+04
1.672850195312500000e+04
1.583800029754638672e+01
7.456480102539062500e+02
4.777075781250000000e+04
1.252903808593750000e+04
1.298758789062500000e+04
8.640000343322753906e+00
3.083135937500000000e+04
6.569970092773437500e+02
1.672777343750000000e+04
9.599999785423278809e-01
4.263193750000000000e+04
5.454952148437500000e+03
5.254814062500000000e+04
6.320310058593750000e+02
1.631486230468750000e+04
4.367491796875000000e+04
1.344787500000000000e+04
2.980039978027343750e+02
3.983599853515625000e+02
1.478861425781250000e+04
4.754310156250000000e+04
5.735000133514404297e+00
8.079473437500000000e+04
1.375000000000000000e+00
1.882412890625000000e+04
1.299860253906250000e+04
1.272884082031250000e+04
3.233900070190429688e+01
5.094163281250000000e+04
3.774308203125000000e+04
9.104840087890625000e+02
2.114000082015991211e+00
1.622601269531250000e+04
1.353199958801269531e+01
1.203899955749511719e+01
3.743999958038330078e+00
1.060536987304687500e+03
1.166000008583068848e+00
2.090628320312500000e+04
6.077319946289062500e+02
6.263000011444091797e+00
3.766744140625000000e+04
2.309310937500000000e+04
2.407000064849853516e+00
2.807116210937500000e+04
1.259566040039062500e+03
1.445000052452087402e+00
2.137396484375000000e+04
1.317162963867187500e+03
7.810913085937500000e+03
2.685202148437500000e+04
2.990800781250000000e+04
5.637921093750000000e+04
1.076480026245117188e+02
1.131356445312500000e+04
5.154034179687500000e+03
1.625119921875000000e+04
5.386300048828125000e+02
2.624617968750000000e+04
1.693250585937500000e+04
5.022999763488769531e+00
1.779000043869018555e+00
4.112821484375000000e+04
2.284205859375000000e+04
4.882999897003173828e+00
3.655367187500000000e+04
8.287910156250000000e+04
7.010942968750000000e+04
3.646986328125000000e+04
1.316399955749511719e+01
1.475389062500000000e+04
2.811752929687500000e+04
3.581791796875000000e+04
1.996699905395507812e+01
1.364426074218750000e+04
4.613199996948242188e+01
2.696890429687500000e+04
4.372214843750000000e+03
3.554235107421875000e+03
1.936375976562500000e+04
2.073769989013671875e+02
3.463000059127807617e+00
9.441110937500000000e+04
2.345400585937500000e+04
1.755299949645996094e+01
1.979869995117187500e+02
7.045217773437500000e+03
8.352899932861328125e+01
2.893101562500000000e+04
1.014576953125000000e+04
5.608208007812500000e+03
2.857000112533569336e+00
6.248594140625000000e+04
1.804391210937500000e+04
1.150912109375000000e+04
5.577176171875000000e+04
7.322000026702880859e+00
2.489000082015991211e+00
1.331978125000000000e+04
9.082972656250000000e+04
7.641627929687500000e+03
1.294800097656250000e+04
1.352880981445312500e+03
2.872843994140625000e+03
3.453367968750000000e+04
4.348893066406250000e+03
7.680764160156250000e+03
9.251777343750000000e+03
2.696009960937500000e+04
2.011081054687500000e+03
1.146655468750000000e+04
9.097689062500000000e+04
5.854000091552734375e+00
1.457735312500000000e+05
2.202881054687500000e+04
6.459987792968750000e+03
4.678359985351562500e+02
5.687250000000000000e+04
4.524362890625000000e+04
1.936161718750000000e+04
1.164400005340576172e+01
3.047826904296875000e+03
2.013000011444091797e+00
2.121000051498413086e+00
7.548863281250000000e+04
3.694548437500000000e+04
8.126582031250000000e+03
2.730728710937500000e+04
2.271750000000000000e+04
1.000316113281250000e+04
2.223999977111816406e+00
9.495821289062500000e+03
5.158537500000000000e+04
4.441184765625000000e+04
2.705087890625000000e+03
2.345209570312500000e+04
2.301000118255615234e+00
4.991738671875000000e+04
9.452448437500000000e+04
8.805976562500000000e+04
1.615856347656250000e+04
7.469760131835937500e+02
1.552274047851562500e+03
3.229214257812500000e+04
4.429659179687500000e+03
1.770854980468750000e+03
1.392118261718750000e+04
2.494269140625000000e+04
7.233109741210937500e+02
6.182869873046875000e+02
2.418735156250000000e+04
4.072805908203125000e+03
9.873389648437500000e+03
2.475037304687500000e+04
3.579800109863281250e+02
1.167482226562500000e+04
1.506599998474121094e+01
1.536100006103515625e+02
4.244112500000000000e+04
3.622789062500000000e+04
1.397000976562500000e+04
1.650791015625000000e+03
2.192794531250000000e+05
4.867503515625000000e+04
3.644360546875000000e+04
2.630380273437500000e+04
5.676715820312500000e+03
3.490000009536743164e+00
2.283163750000000000e+05
3.411799926757812500e+02
5.788416015625000000e+04
3.331301171875000000e+04
1.481750585937500000e+04
5.738958984375000000e+03
9.431081054687500000e+03
1.276619042968750000e+04
3.886777734375000000e+04
2.567649609375000000e+04
2.052429931640625000e+03
3.726127734375000000e+04
1.644700050354003906e+01
7.484922656250000000e+04
4.037653515625000000e+04
5.059319140625000000e+04
1.397243457031250000e+04
2.589526367187500000e+04
4.921210021972656250e+02
3.629040625000000000e+04
6.706152343750000000e+04
4.389750976562500000e+03
1.699816992187500000e+04
2.631109924316406250e+02
3.163000106811523438e+00
8.868808593750000000e+03
2.996000051498413086e+00
5.595979003906250000e+03
3.193499023437500000e+03
4.336999893188476562e+00
7.303430468750000000e+04
5.031017968750000000e+04
2.244400024414062500e+01
8.333000183105468750e+00
1.723258007812500000e+04
4.072857910156250000e+03
7.708510131835937500e+02
6.835999965667724609e+00
9.779423437500000000e+04
4.764048046875000000e+04
4.724136328125000000e+04
5.317722265625000000e+04
5.125000000000000000e+00
3.952295312500000000e+04
9.010999679565429688e+00
2.816999912261962891e+00
1.438700008392333984e+01
6.998497070312500000e+03
3.399374609375000000e+04
1.126754687500000000e+04
8.718000411987304688e+00
4.238522656250000000e+04
3.949106640625000000e+04
2.865437988281250000e+03
6.810709838867187500e+02
7.203708984375000000e+03
1.598200035095214844e+01
3.444592187500000000e+04
1.936329956054687500e+03
5.003783203125000000e+04
2.056325000000000000e+04
2.187000036239624023e+00
1.129699993133544922e+01
2.895047119140625000e+03
3.096408203125000000e+04
5.172398925781250000e+03
2.685379882812500000e+04
7.441133789062500000e+03
2.393334765625000000e+04
1.422131958007812500e+03
6.365699218750000000e+03
2.579999923706054688e+00
1.189435390625000000e+05
1.971620025634765625e+02
1.523156835937500000e+04
2.492089996337890625e+02
