4.842049e+04
6.127925e+07
6.222356e+08
9.922464e+07
2.375674e+08
6.428128e+03
1.021761e+05
9.537141e+07
1.599644e+04
1.103739e+08
5.605307e+08
7.440977e+07
1.416407e+08
5.368500e+04
4.351273e+08
2.112360e+08
3.183464e+03
1.624939e+08
5.945366e+07
1.035023e+08
6.838945e+07
4.550958e+04
3.779900e+01
3.647000e+01
3.318374e+04
7.238780e+04
9.884434e+07
1.619332e+08
2.895892e+08
6.061627e+08
4.252966e+07
4.064332e+08
1.577199e+08
1.060858e+05
3.678817e+08
2.101154e+08
3.721917e+04
3.747068e+07
9.104482e+08
6.043236e+04
9.851099e+08
2.537180e+08
3.537636e+07
2.480301e+04
8.505369e+04
6.142011e+04
3.422930e+07
5.382823e+06
1.387892e+04
2.113391e+07
4.243594e+04
4.701166e+04
9.639103e+08
2.521629e+04
6.965732e+03
5.992972e+08
1.681807e+04
2.828816e+03
2.451192e+08
6.104027e+07
8.597608e+07
5.203999e+08
4.435667e+07
6.929400e+03
1.426374e+08
2.138398e+08
1.193824e+08
4.911459e+08
1.514891e+04
5.979665e+07
5.797798e+07
1.257524e+04
3.492212e+03
2.394623e+04
2.309800e+01
2.319972e+04
2.739850e+08
4.305028e+04
1.637853e+05
1.481507e+08
1.260582e+08
4.191537e+04
2.444450e+02
8.392174e+07
1.684258e+08
3.735096e+04
7.120539e+07
8.005271e+04
7.712175e+03
2.401059e+07
4.891213e+07
9.122321e+04
4.978480e+07
1.115373e+08
1.237890e+03
3.694399e+04
4.121652e+06
2.303513e+08
5.463799e+07
2.248440e+03
4.069572e+08
4.238535e+08
8.484195e+04
2.622743e+08
1.672873e+08
4.120195e+08
6.265900e+01
1.157509e+04
6.935641e+08
2.259170e+02
7.234215e+08
2.274380e+04
1.012609e+08
2.009062e+04
4.255787e+03
7.176348e+04
1.254870e+05
1.173057e+05
2.273915e+07
3.426739e+07
1.187530e+02
2.180948e+07
8.190401e+04
6.299646e+03
7.794445e+04
1.659815e+04
1.543192e+04
6.069315e+04
9.973563e+07
1.411700e+02
1.459076e+04
7.817357e+04
7.011562e+03
2.811873e+08
3.901802e+08
2.085862e+04
3.104818e+07
9.771300e+01
2.079234e+03
6.496399e+06
4.642208e+07
1.737249e+03
2.823416e+04
1.786535e+08
1.502377e+08
3.543536e+07
5.451649e+08
1.554137e+08
3.899300e+01
4.288456e+04
1.736580e+02
1.613073e+08
1.113333e+04
1.305017e+08
6.359626e+08
1.448650e+05
1.158903e+08
1.361072e+08
9.800529e+08
1.695688e+08
3.533860e+02
8.578721e+07
1.744484e+03
5.373274e+04
8.893829e+03
1.442823e+04
1.997452e+04
1.580360e+02
7.564400e+01
1.849526e+08
1.248417e+07
1.002207e+08
1.883931e+03
8.302400e+01
2.840415e+08
1.912384e+08
2.364770e+04
8.675900e+01
6.808196e+04
2.287032e+08
2.428520e+08
9.174201e+08
3.340434e+07
1.177351e+08
2.965138e+04
3.889187e+08
5.895500e+01
2.973072e+08
2.545310e+08
1.147533e+08
8.844208e+07
4.816691e+04
2.222784e+08
4.447216e+08
4.285998e+03
2.591657e+08
1.907344e+08
5.582730e+07
7.411360e+07
1.132101e+08
1.377017e+08
4.429688e+05
4.125940e+08
1.194872e+06
5.320588e+04
1.768161e+08
2.673210e+04
8.169071e+04
2.121485e+08
3.035609e+04
9.832485e+08
3.706200e+01
3.981733e+07
4.049510e+08
1.123120e+04
1.394855e+08
1.406763e+03
1.665417e+08
7.847985e+07
2.453032e+08
3.051368e+04
2.911580e+02
2.538300e+01
2.343009e+08
5.288696e+08
3.344241e+04
1.022492e+08
1.175544e+07
1.052990e+04
4.186693e+06
3.550258e+04
3.191422e+04
3.235025e+07
2.069453e+08
5.786800e+01
7.920563e+08
1.405643e+07
3.609430e+04
3.520831e+08
6.346511e+04
2.398405e+06
2.238320e+04
1.896106e+08
1.358191e+05
4.690163e+07
2.887079e+08
3.843541e+04
2.631280e+08
1.496220e+08
2.768504e+08
5.104067e+04
3.181613e+08
3.359833e+08
4.984959e+03
8.345049e+04
5.455732e+04
1.902128e+08
3.738413e+07
4.762695e+03
6.178730e+07
2.001495e+04
1.509830e+08
7.320879e+08
2.442996e+08
4.856018e+07
1.122015e+07
3.692588e+04
2.585897e+07
9.413880e+07
3.481840e+02
1.207602e+08
3.789039e+04
2.859113e+08
6.069379e+08
1.172477e+08
1.365126e+05
1.837863e+08
1.452050e+02
6.163670e+02
4.529300e+01
9.142059e+04
6.418971e+08
7.103415e+06
7.378203e+07
1.828652e+08
1.220124e+07
3.811188e+04
3.985435e+04
1.588743e+04
3.885231e+08
8.183411e+07
3.122912e+07
2.173245e+08
1.889939e+07
6.407639e+07
5.830573e+07
5.856177e+03
3.976860e+04
2.190324e+07
1.843463e+08
3.776559e+07
3.863304e+04
2.639477e+08
5.764255e+08
2.604123e+07
2.604123e+07
1.353121e+04
1.770013e+07
4.698413e+07
4.155619e+04
1.599725e+07
6.919240e+04
1.765784e+08
4.636252e+03
1.936778e+08
8.007583e+07
1.361330e+02
3.220254e+08
1.480509e+08
5.132400e+01
2.821653e+08
2.141055e+03
9.831241e+07
9.604970e+08
3.293868e+04
4.524399e+08
1.691144e+04
1.041704e+08
1.626431e+04
2.610990e+04
2.739323e+03
1.536860e+08
3.131429e+04
2.123488e+08
1.222984e+08
4.708895e+07
1.298259e+03
2.823322e+06
1.117358e+04
2.605291e+07
1.585200e+01
5.879129e+04
3.432664e+08
6.476416e+07
1.148079e+03
6.911873e+07
2.940468e+08
9.269279e+08
6.938409e+03
2.784218e+04
1.038123e+04
4.017243e+04
1.639801e+08
3.620410e+06
1.233069e+08
3.736502e+08
1.569059e+07
4.202578e+07
2.267959e+07
1.389733e+05
1.759925e+05
5.071407e+07
8.860800e+07
2.141458e+08
3.112424e+08
2.619266e+08
3.342382e+04
2.887350e+07
3.401424e+08
2.305900e+01
1.311399e+04
1.319628e+08
9.868040e+07
1.936284e+08
2.919922e+04
9.483444e+07
3.434096e+03
5.346950e+07
2.510850e+07
2.984622e+08
6.350300e+01
8.229488e+04
1.186748e+03
1.335108e+04
9.694247e+07
4.175766e+08
1.251486e+04
8.625777e+07
7.193658e+04
3.405148e+03
4.281559e+07
2.503382e+07
3.696351e+07
2.618257e+08
3.335339e+04
3.689650e+08
1.628386e+08
1.321094e+04
5.804786e+08
5.538070e+04
2.776834e+04
5.597900e+01
6.159081e+04
2.841234e+08
9.539776e+06
5.609931e+03
3.727410e+08
1.923841e+07
2.453502e+08
1.078717e+05
2.444005e+04
2.962216e+07
3.584533e+04
3.679965e+04
5.274411e+06
8.494925e+04
1.553766e+05
2.568337e+08
5.313072e+04
5.082302e+07
1.495556e+08
3.915549e+04
1.387089e+08
2.121900e+08
7.304340e+02
1.403820e+08
4.148834e+04
9.228959e+06
3.808381e+04
1.886935e+08
4.922143e+03
1.162343e+08
2.821319e+08
3.827109e+03
9.993839e+07
4.923667e+04
1.643007e+07
1.314233e+08
4.312380e+02
4.941002e+07
6.653800e+01
2.045955e+08
1.649934e+05
1.576050e+04
6.030268e+08
3.189758e+08
1.416466e+08
2.225177e+04
6.919500e+01
6.137581e+07
1.228373e+08
1.116972e+08
1.509352e+08
3.089101e+04
2.514155e+08
8.462542e+04
1.822494e+06
9.632775e+07
4.083236e+08
8.709500e+07
9.137174e+04
4.250480e+02
1.383885e+08
4.838254e+03
3.819467e+07
2.542950e+07
4.737282e+04
3.429840e+08
4.634675e+07
6.432849e+08
2.932298e+08
3.951425e+07
2.557664e+04
2.170705e+06
1.714178e+08
1.523866e+05
1.744442e+03
3.091325e+07
2.193435e+04
2.953109e+04
3.908252e+07
1.763787e+07
1.309064e+08
2.261646e+06
5.081010e+04
3.340333e+08
4.754284e+07
1.022310e+08
1.028784e+05
6.909706e+08
2.112515e+08
8.910955e+04
8.589783e+08
9.517414e+04
1.050753e+08
5.200570e+03
5.120950e+07
1.100211e+08
2.809537e+04
4.617112e+07
9.002405e+03
4.357174e+08
4.601768e+08
1.758454e+08
9.896324e+04
2.459344e+08
1.867385e+08
1.696114e+08
1.034239e+08
1.207032e+08
2.095415e+08
