1.696400070190429688e+01
7.269559936523437500e+02
5.819400024414062500e+02
1.041000008583068848e+00
7.143579711914062500e+02
3.157000064849853516e+00
5.408209838867187500e+02
4.545260009765625000e+02
4.966799926757812500e+01
6.074700164794921875e+01
3.020140075683593750e+02
7.168000221252441406e+00
4.198999881744384766e+00
3.128349914550781250e+02
5.273359985351562500e+02
1.037999987602233887e+00
2.284499931335449219e+01
1.882250061035156250e+02
4.010000228881835938e+00
2.236199951171875000e+01
4.979840087890625000e+02
3.122799987792968750e+02
2.655999898910522461e+00
4.414630126953125000e+02
4.630000114440917969e+00
3.690589904785156250e+02
1.054281982421875000e+03
1.123038940429687500e+03
9.913839721679687500e+02
1.103176025390625000e+03
4.322399902343750000e+01
1.007499980926513672e+01
1.398890075683593750e+02
2.416080017089843750e+02
4.691299819946289062e+01
1.550699996948242188e+01
7.623200225830078125e+01
4.201340026855468750e+02
7.175000190734863281e+00
5.667420043945312500e+02
4.758410034179687500e+02
3.194549865722656250e+02
1.517610015869140625e+02
6.001380004882812500e+02
4.547269897460937500e+02
6.651000022888183594e+00
7.342780151367187500e+02
4.982810058593750000e+02
1.818950042724609375e+02
4.218999862670898438e+00
6.019000053405761719e+00
1.629040069580078125e+02
4.032699890136718750e+02
4.818000030517578125e+01
6.123000144958496094e+00
2.741080017089843750e+02
7.222810058593750000e+02
1.151000022888183594e+00
1.159319992065429688e+02
9.191820068359375000e+02
8.037799835205078125e+01
1.064779968261718750e+02
5.932189941406250000e+02
5.361370239257812500e+02
1.055670013427734375e+02
1.360771972656250000e+03
6.715299987792968750e+01
1.449589996337890625e+02
1.548869934082031250e+02
2.388800048828125000e+01
4.539760131835937500e+02
5.665100097656250000e+02
2.602499961853027344e+01
5.139999866485595703e+00
1.081399993896484375e+02
4.111999988555908203e+00
3.254530029296875000e+02
2.649500083923339844e+01
7.776999950408935547e+00
2.023220062255859375e+02
4.947000026702880859e+00
2.953810119628906250e+02
4.819710083007812500e+02
2.513400077819824219e+01
3.492499923706054688e+01
2.418780059814453125e+02
4.304999828338623047e+00
1.317099952697753906e+01
1.025490036010742188e+02
2.208309936523437500e+02
7.009600067138671875e+01
2.372929992675781250e+02
1.423020019531250000e+02
2.531900024414062500e+01
9.979000091552734375e+01
7.815590209960937500e+02
2.327969970703125000e+02
1.719700050354003906e+01
5.173189697265625000e+02
2.706000089645385742e+00
1.092330017089843750e+02
8.857449951171875000e+02
2.586999893188476562e+00
2.483399963378906250e+01
2.098480072021484375e+02
1.501210021972656250e+02
1.022399997711181641e+01
3.022460021972656250e+02
3.697560119628906250e+02
1.468458007812500000e+03
3.663039855957031250e+02
1.378670043945312500e+02
2.283809967041015625e+02
6.185289916992187500e+02
5.552000045776367188e+01
7.509999847412109375e+01
2.074866943359375000e+03
4.264999866485595703e+00
3.424349975585937500e+02
3.187730102539062500e+02
5.800000190734863281e+00
2.016549987792968750e+02
1.198400020599365234e+01
1.551675048828125000e+03
2.031109924316406250e+02
7.536530151367187500e+02
3.652609863281250000e+02
1.016607971191406250e+03
1.763000011444091797e+00
2.443090057373046875e+02
7.618999958038330078e+00
1.307599945068359375e+02
1.143500041961669922e+01
5.156610107421875000e+02
2.251770019531250000e+02
2.961899948120117188e+01
3.641899871826171875e+01
4.985969848632812500e+02
1.852389984130859375e+02
3.104620056152343750e+02
2.949100036621093750e+02
1.534173950195312500e+03
1.508860015869140625e+02
1.175699996948242188e+01
7.067999839782714844e+00
1.487760009765625000e+02
1.064463012695312500e+03
3.391120117187500000e+03
1.577460021972656250e+02
2.853099975585937500e+02
8.206999778747558594e+00
8.791890258789062500e+02
8.071199798583984375e+01
1.168310012817382812e+02
2.762000083923339844e+00
1.757819976806640625e+02
1.835000038146972656e+00
7.461299896240234375e+01
1.699000000953674316e+00
3.596820068359375000e+02
7.803099975585937500e+02
8.807999610900878906e+00
2.180130004882812500e+02
7.899000167846679688e+00
3.042000007629394531e+01
4.584320068359375000e+02
2.625610046386718750e+02
3.980000019073486328e+00
2.619580078125000000e+02
1.246171020507812500e+03
3.697900009155273438e+01
5.057139892578125000e+02
4.302219848632812500e+02
1.102949981689453125e+02
1.256400012969970703e+01
2.364869995117187500e+02
1.239880004882812500e+03
3.912590026855468750e+02
2.366360015869140625e+02
5.601900100708007812e+01
5.488499832153320312e+01
2.871299934387207031e+01
1.760260009765625000e+02
7.801799774169921875e+01
5.400999755859375000e+02
3.092399978637695312e+01
3.496000051498413086e+00
1.504199981689453125e+01
6.815449829101562500e+02
7.252600097656250000e+01
2.819159851074218750e+02
7.888600158691406250e+01
1.449409942626953125e+02
1.722050018310546875e+02
3.931900024414062500e+01
3.043370056152343750e+02
4.104600143432617188e+01
6.788000106811523438e+00
9.895099639892578125e+01
2.203719940185546875e+02
1.455720062255859375e+02
1.376700019836425781e+01
8.076899719238281250e+01
2.250910034179687500e+02
3.711600036621093750e+02
1.957000017166137695e+00
1.845520019531250000e+02
9.389429931640625000e+02
7.836999893188476562e+00
7.845239868164062500e+02
1.245699977874755859e+01
1.858470001220703125e+02
2.503999948501586914e+00
1.233399963378906250e+01
3.031270141601562500e+02
4.994200134277343750e+01
7.060079956054687500e+02
2.346580047607421875e+02
8.663790283203125000e+02
8.214299774169921875e+01
5.057650146484375000e+02
1.318719940185546875e+02
1.005709991455078125e+02
5.539780273437500000e+02
1.336790008544921875e+02
4.035020141601562500e+02
5.615819702148437500e+02
4.243000030517578125e+00
2.501000022888183594e+01
4.611999988555908203e+00
8.233000183105468750e+01
1.812579956054687500e+02
1.005260009765625000e+02
3.181549987792968750e+02
9.720200347900390625e+01
5.769499969482421875e+01
9.282800292968750000e+01
5.069110107421875000e+02
6.510590209960937500e+02
1.580901000976562500e+03
3.867980041503906250e+02
2.802340087890625000e+02
5.694569702148437500e+02
1.547000050544738770e+00
1.569000005722045898e+00
4.544900131225585938e+01
4.000539855957031250e+02
2.021699905395507812e+01
2.231998046875000000e+03
1.423470001220703125e+02
3.223400115966796875e+01
2.141849975585937500e+02
2.166920013427734375e+02
2.158789978027343750e+02
4.315999984741210938e+00
1.640800018310546875e+02
9.291000366210937500e+00
3.996239929199218750e+02
4.777749938964843750e+02
1.340469970703125000e+02
3.169909973144531250e+02
1.197630004882812500e+02
4.611600112915039062e+01
2.759999990463256836e+00
8.416999816894531250e+00
1.197472045898437500e+03
3.450000047683715820e+00
3.584209899902343750e+02
4.694599914550781250e+01
3.924999952316284180e+00
1.014033996582031250e+03
1.445520019531250000e+02
1.047145019531250000e+03
5.879700088500976562e+01
2.734440002441406250e+02
1.335149993896484375e+02
8.029370117187500000e+02
8.301879882812500000e+02
1.326099967956542969e+01
1.107429962158203125e+02
1.375899982452392578e+01
7.939180297851562500e+02
3.546999931335449219e+00
6.739180297851562500e+02
6.859799957275390625e+01
3.641199874877929688e+01
1.654389953613281250e+02
2.601709899902343750e+02
3.754370117187500000e+02
2.246999979019165039e+00
2.914000034332275391e+00
1.456900024414062500e+01
1.669801025390625000e+03
2.226150054931640625e+02
5.785400009155273438e+01
2.292399978637695312e+01
3.245199966430664062e+01
3.647700119018554688e+01
4.581999778747558594e+00
3.612999916076660156e+00
8.321999549865722656e+00
3.318199920654296875e+01
1.873299980163574219e+01
4.505840148925781250e+02
2.601210021972656250e+02
9.470100097656250000e+02
2.949999868869781494e-01
7.079099731445312500e+02
2.857399902343750000e+02
1.148600006103515625e+01
5.186970214843750000e+02
7.630490112304687500e+02
5.192810058593750000e+02
3.149900054931640625e+01
1.766479949951171875e+02
3.319200134277343750e+02
4.097650146484375000e+02
6.539879760742187500e+02
3.085369873046875000e+02
7.483399963378906250e+01
1.456599998474121094e+01
5.259680175781250000e+02
5.468500137329101562e+01
7.220269775390625000e+02
1.100494995117187500e+03
5.278889770507812500e+02
1.680509948730468750e+02
6.193999767303466797e+00
1.218900012969970703e+01
1.204800033569335938e+01
1.115100021362304688e+02
5.519699859619140625e+01
7.926000213623046875e+01
1.866000056266784668e+00
1.547000026702880859e+01
3.245750122070312500e+02
7.428600311279296875e+01
1.008942993164062500e+03
1.396280029296875000e+03
4.691029968261718750e+02
9.214370117187500000e+02
1.455019989013671875e+02
9.617329711914062500e+02
8.104499816894531250e+01
1.439999961853027344e+01
2.521260070800781250e+02
1.858499908447265625e+01
6.705960083007812500e+02
2.941180114746093750e+02
8.872130126953125000e+02
7.827700042724609375e+01
3.919689941406250000e+02
2.719000101089477539e+00
4.710900115966796875e+01
1.383100032806396484e+01
2.336400032043457031e+01
7.195000171661376953e+00
1.547790069580078125e+02
1.488999962806701660e+00
2.240950012207031250e+02
7.643099975585937500e+01
8.601499938964843750e+01
4.244639892578125000e+02
3.903000116348266602e+00
2.423950042724609375e+02
2.288199996948242188e+01
9.677589721679687500e+02
3.069000005722045898e+00
4.240889892578125000e+02
2.068199920654296875e+01
4.336059875488281250e+02
6.220500183105468750e+01
2.776369934082031250e+02
4.084339904785156250e+02
6.244499969482421875e+01
1.338599967956542969e+01
8.445899963378906250e+01
5.156800079345703125e+01
7.120590209960937500e+02
9.791000366210937500e+00
3.087299919128417969e+01
9.596640014648437500e+02
1.450375000000000000e+03
1.589109954833984375e+02
2.322999954223632812e+00
2.111000061035156250e+00
4.196000061035156250e+02
6.578369750976562500e+02
1.618199920654296875e+01
7.534149780273437500e+02
1.161769042968750000e+03
9.981569824218750000e+02
1.988289947509765625e+02
1.100139999389648438e+02
1.559720001220703125e+02
6.120999813079833984e+00
6.109349975585937500e+02
2.560000038146972656e+01
6.196000099182128906e+00
3.006100082397460938e+01
4.940000152587890625e+01
1.045019989013671875e+02
1.177299976348876953e+01
6.177139892578125000e+02
8.491000175476074219e+00
2.326099967956542969e+01
1.240260009765625000e+02
1.639000058174133301e+00
9.727000236511230469e+00
2.253999948501586914e+00
3.142869873046875000e+02
4.792730102539062500e+02
1.320999979972839355e+00
5.225400161743164062e+01
1.439299964904785156e+01
4.086000061035156250e+01
5.434539794921875000e+02
6.130199813842773438e+01
5.216049804687500000e+02
1.061921997070312500e+03
2.359049987792968750e+02
8.847899627685546875e+01
6.780209960937500000e+02
3.424999952316284180e+00
1.166080017089843750e+02
1.172099971771240234e+01
1.781450042724609375e+02
1.905500030517578125e+02
3.063999938964843750e+01
1.420800018310546875e+01
3.856999969482421875e+01
1.286900043487548828e+01
5.708419799804687500e+02
6.955999851226806641e+00
6.066999912261962891e+00
7.824999809265136719e+00
3.503999948501586914e+00
5.206999778747558594e+00
2.335130004882812500e+02
1.060016967773437500e+03
3.297999877929687500e+02
1.945290069580078125e+02
3.850999832153320312e+01
9.984180297851562500e+02
6.162000179290771484e+00
7.577709960937500000e+02
3.594089965820312500e+02
3.588999986648559570e+00
1.102799987792968750e+01
3.414739990234375000e+02
4.665150146484375000e+02
1.061100006103515625e+01
3.125099945068359375e+01
2.558220062255859375e+02
7.002999782562255859e+00
3.819999933242797852e+00
4.056900024414062500e+02
2.001190032958984375e+02
9.043599700927734375e+01
3.574349975585937500e+02
2.134799957275390625e+01
1.339099979400634766e+01
4.438499832153320312e+01
3.706800079345703125e+01
7.256900024414062500e+01
4.158580017089843750e+02
2.578609924316406250e+02
5.367699813842773438e+01
1.250309982299804688e+02
5.820000171661376953e+00
1.403699970245361328e+01
1.322140045166015625e+02
2.074620117187500000e+03
4.120999813079833984e+00
1.491800022125244141e+01
2.570230102539062500e+02
2.552499961853027344e+01
2.267230072021484375e+02
1.225000023841857910e+00
1.746015014648437500e+03
1.958170013427734375e+02
1.228600006103515625e+02
5.989999771118164062e-01
1.444092041015625000e+03
2.881000041961669922e+00
5.228000164031982422e+00
8.803399658203125000e+01
8.039999961853027344e+00
7.582620239257812500e+02
4.760820007324218750e+02
1.177680053710937500e+03
9.976469726562500000e+02
5.114670104980468750e+02
7.002750244140625000e+02
7.594240112304687500e+02
3.239649963378906250e+02
9.309999942779541016e-01
1.318099975585937500e+02
2.007999897003173828e+00
1.760290069580078125e+02
7.926699829101562500e+01
1.218209991455078125e+02
9.733449707031250000e+02
4.202000141143798828e+00
3.578000068664550781e+00
2.737709960937500000e+02
3.779100036621093750e+01
6.714399719238281250e+01
5.897800064086914062e+01
1.092000007629394531e+00
1.514900016784667969e+01
8.250199890136718750e+01
6.781149902343750000e+02
1.468829956054687500e+02
5.894970092773437500e+02
5.053670043945312500e+02
1.991369934082031250e+02
3.212260131835937500e+02
2.391029968261718750e+02
9.946099853515625000e+01
1.684799957275390625e+01
7.050000190734863281e+00
3.402399826049804688e+01
7.180100250244140625e+01
8.442000389099121094e+00
3.313600158691406250e+01
1.912180023193359375e+02
1.429100036621093750e+01
6.298999786376953125e+00
4.064179992675781250e+02
2.212929992675781250e+02
5.612200164794921875e+01
3.586619873046875000e+02
1.213176025390625000e+03
1.234771972656250000e+03
3.991250000000000000e+02
4.152130126953125000e+02
2.398580017089843750e+02
1.282760009765625000e+02
3.585400009155273438e+01
4.397659912109375000e+02
4.502550048828125000e+02
1.287100028991699219e+01
1.351999998092651367e+00
5.181939697265625000e+02
1.024000048637390137e+00
1.661999940872192383e+00
1.805100059509277344e+01
4.199900054931640625e+01
5.540399932861328125e+01
1.313034057617187500e+03
1.782539978027343750e+02
8.038000106811523438e+00
3.670960083007812500e+02
2.342999935150146484e+00
2.736440124511718750e+02
4.433000087738037109e+00
2.237999916076660156e+00
2.497449951171875000e+02
1.141350021362304688e+02
9.206999778747558594e+00
4.357799911499023438e+01
7.770000100135803223e-01
7.676560058593750000e+02
4.097000122070312500e+00
3.495719909667968750e+02
3.757820129394531250e+02
6.320700073242187500e+02
9.059700012207031250e+01
7.917620239257812500e+02
1.518829956054687500e+02
1.513950042724609375e+02
8.208690185546875000e+02
1.060999989509582520e+00
2.930719909667968750e+02
3.872720031738281250e+02
1.013000011444091797e+00
2.183000087738037109e+00
1.003600006103515625e+02
1.061890029907226562e+02
6.419200134277343750e+01
3.021650085449218750e+02
2.957229919433593750e+02
3.635899963378906250e+02
1.930930023193359375e+02
1.207699966430664062e+01
8.681800079345703125e+01
1.544019927978515625e+02
1.519080047607421875e+02
4.422650146484375000e+02
1.847000002861022949e+00
2.516600036621093750e+01
1.269400024414062500e+02
1.417000055313110352e+00
3.907200012207031250e+02
8.533599853515625000e+01
4.562829895019531250e+02
3.230729980468750000e+02
5.127000122070312500e+02
4.633919982910156250e+02
9.956099700927734375e+01
5.498000144958496094e+00
1.450142944335937500e+03
1.798619995117187500e+02
1.351299953460693359e+01
5.040979919433593750e+02
4.890999794006347656e+00
3.272000074386596680e+00
3.474000167846679688e+01
1.009380035400390625e+02
4.139389953613281250e+02
1.281200027465820312e+01
8.433430175781250000e+02
7.257819824218750000e+02
5.881000041961669922e+00
1.140600013732910156e+01
5.317420043945312500e+02
3.988609924316406250e+02
1.028379974365234375e+02
5.253499984741210938e+01
1.718710021972656250e+02
7.954340209960937500e+02
3.295299911499023438e+01
1.501200008392333984e+01
5.289119873046875000e+02
2.184799957275390625e+01
1.504500007629394531e+01
1.591730041503906250e+02
4.872200012207031250e+01
3.494970092773437500e+02
1.218400001525878906e+01
1.263500022888183594e+01
1.025970001220703125e+02
2.207000017166137695e+00
4.304230041503906250e+02
1.053453002929687500e+03
2.284629974365234375e+02
1.084700012207031250e+01
1.807619934082031250e+02
8.828289794921875000e+02
7.320600128173828125e+01
3.249200057983398438e+01
3.645020141601562500e+02
7.367919921875000000e+02
7.976999664306640625e+01
4.714000225067138672e+00
7.137000083923339844e+00
4.156799926757812500e+02
9.179180297851562500e+02
7.145200347900390625e+01
8.312300109863281250e+01
5.246099853515625000e+01
2.540099906921386719e+01
5.205999851226806641e+00
1.770299911499023438e+01
4.143999862670898438e+01
1.702570037841796875e+02
1.071100044250488281e+01
4.571000099182128906e+00
2.625000000000000000e+01
2.442200088500976562e+01
8.941600036621093750e+01
1.785600090026855469e+01
3.690999984741210938e+00
8.699500122070312500e+02
1.914999961853027344e+00
6.198330078125000000e+02
7.103209838867187500e+02
2.323299980163574219e+01
1.855800056457519531e+01
1.297688964843750000e+03
1.545789947509765625e+02
6.071149902343750000e+02
3.119499969482421875e+01
8.540399932861328125e+01
5.930289916992187500e+02
1.753070068359375000e+02
8.494000434875488281e+00
1.082379989624023438e+02
2.518027099609375000e+03
1.068430023193359375e+02
3.181520080566406250e+02
6.622100067138671875e+01
2.984450073242187500e+02
4.709049987792968750e+02
3.349049987792968750e+02
7.232999801635742188e+00
3.964010009765625000e+02
2.586910095214843750e+02
3.975339965820312500e+02
8.128700256347656250e+01
2.727839965820312500e+02
2.603700065612792969e+01
2.104800033569335938e+01
8.487030029296875000e+02
3.995759887695312500e+02
2.197000026702880859e+00
2.420100021362304688e+01
5.956710205078125000e+02
5.933200073242187500e+01
2.411179962158203125e+02
8.429399871826171875e+01
1.921100044250488281e+01
2.654299926757812500e+01
7.880000114440917969e+00
3.869809875488281250e+02
6.660000085830688477e-01
1.321899986267089844e+01
7.767520141601562500e+02
1.122040023803710938e+02
1.191699981689453125e+01
2.684039916992187500e+02
8.548999786376953125e+00
2.286999940872192383e+00
3.780099868774414062e+01
7.620800018310546875e+01
1.323799991607666016e+01
6.825449829101562500e+02
2.098119964599609375e+02
2.151510009765625000e+02
1.865920043945312500e+03
1.819700050354003906e+01
4.534999847412109375e+00
1.199300003051757812e+01
7.250809936523437500e+02
4.629039916992187500e+02
7.712400054931640625e+01
1.663800048828125000e+01
3.983980102539062500e+02
7.770930175781250000e+02
4.617820129394531250e+02
1.462199974060058594e+01
9.954199981689453125e+01
9.379320068359375000e+02
4.873039855957031250e+02
2.534499931335449219e+01
6.619999885559082031e+00
1.148099994659423828e+01
3.629949951171875000e+02
3.009639892578125000e+02
3.937999963760375977e+00
2.967139892578125000e+02
4.453499984741210938e+01
3.092359924316406250e+02
4.585200119018554688e+01
2.987400054931640625e+01
9.043000221252441406e+00
2.389459991455078125e+02
8.190000057220458984e-01
9.425199890136718750e+01
4.085109863281250000e+02
6.795059814453125000e+02
3.936800003051757812e+01
1.139515991210937500e+03
2.318359985351562500e+02
7.220600128173828125e+01
6.920200347900390625e+01
2.429790039062500000e+02
5.197000026702880859e+00
9.710000157356262207e-01
3.033999919891357422e+00
2.030677001953125000e+03
2.875999927520751953e+00
2.727400016784667969e+01
2.088999986648559570e+00
1.103089981079101562e+02
2.172220001220703125e+02
6.730330200195312500e+02
1.411060028076171875e+02
6.470260009765625000e+02
7.459700012207031250e+01
3.987109985351562500e+02
8.885199737548828125e+01
2.700900077819824219e+01
2.627000093460083008e+00
2.694799995422363281e+01
8.396820068359375000e+02
2.178119964599609375e+02
1.348000049591064453e+00
1.852499961853027344e+01
2.821229858398437500e+02
2.969010009765625000e+02
2.111860046386718750e+02
3.931499862670898438e+01
8.979010009765625000e+02
4.887799835205078125e+01
8.818610229492187500e+02
8.100939941406250000e+02
7.568220214843750000e+02
3.210000038146972656e+00
1.170499992370605469e+01
8.587680053710937500e+02
3.417619934082031250e+02
1.031338989257812500e+03
9.167890014648437500e+02
1.481299972534179688e+01
4.580299987792968750e+02
2.137500000000000000e+01
9.854599761962890625e+01
1.651649932861328125e+02
4.093399810791015625e+01
6.898699951171875000e+01
2.844899940490722656e+01
1.804100036621093750e+02
5.522169799804687500e+02
6.345299911499023438e+01
2.506500053405761719e+01
4.539000034332275391e+00
1.595079956054687500e+02
1.818750000000000000e+02
1.100999951362609863e+00
1.253999996185302734e+01
6.515070190429687500e+02
5.664660034179687500e+02
8.935999870300292969e+00
1.169540023803710938e+02
2.287879943847656250e+02
4.208340148925781250e+02
5.329039916992187500e+02
1.096579971313476562e+02
2.891369934082031250e+02
5.769760131835937500e+02
2.175399971008300781e+01
4.840700149536132812e+01
8.482210083007812500e+02
2.613340148925781250e+02
3.323799896240234375e+01
1.047659988403320312e+02
1.560110015869140625e+02
5.844999790191650391e+00
5.576190185546875000e+02
1.553309936523437500e+02
2.754299926757812500e+01
3.830369873046875000e+02
5.826900100708007812e+01
9.677000045776367188e+00
1.122430053710937500e+03
7.806400299072265625e+01
2.474720001220703125e+02
2.852199935913085938e+01
2.025449981689453125e+02
9.505999565124511719e+00
7.862390136718750000e+02
3.660800170898437500e+01
7.263099670410156250e+01
2.197999954223632812e+00
3.276800155639648438e+01
2.386569976806640625e+02
2.221899986267089844e+01
7.777999877929687500e+00
2.824140014648437500e+02
9.426000213623046875e+01
1.295410003662109375e+02
1.099499969482421875e+02
8.510000109672546387e-01
1.345410003662109375e+02
7.245939941406250000e+02
4.945000171661376953e+00
4.630119934082031250e+02
1.315977050781250000e+03
1.058621948242187500e+03
1.149501953125000000e+03
2.737309875488281250e+02
1.261166992187500000e+03
1.131360015869140625e+02
1.430999994277954102e+00
1.378199958801269531e+01
7.502899932861328125e+01
2.406699943542480469e+01
1.360829925537109375e+02
3.669620056152343750e+02
1.043510986328125000e+03
1.137812011718750000e+03
1.149649963378906250e+02
1.033009033203125000e+03
8.710500335693359375e+01
1.352059936523437500e+02
5.630000233650207520e-01
1.448099994659423828e+01
1.862030029296875000e+02
1.791000008583068848e+00
5.199199829101562500e+02
6.431619873046875000e+02
2.895800018310546875e+01
9.748999595642089844e+00
7.059999704360961914e-01
1.342676025390625000e+03
3.999000072479248047e+00
7.471000194549560547e+00
4.120870056152343750e+02
6.719300079345703125e+01
1.017000007629394531e+01
1.209099960327148438e+01
1.228133056640625000e+03
4.910880126953125000e+02
1.785099983215332031e+01
2.192499923706054688e+01
7.045999908447265625e+01
3.064100074768066406e+01
2.536800003051757812e+01
6.533750000000000000e+02
1.509129943847656250e+02
5.363899993896484375e+01
6.837999820709228516e+00
4.432600021362304688e+01
3.024309997558593750e+02
3.684299850463867188e+01
4.416270141601562500e+02
2.059000015258789062e+00
1.490567016601562500e+03
1.958200073242187500e+02
8.909000396728515625e+00
7.104559936523437500e+02
8.320089721679687500e+02
1.057348022460937500e+03
6.487089843750000000e+02
1.062910003662109375e+02
1.018750000000000000e+02
7.389099731445312500e+02
2.227039947509765625e+02
5.105299987792968750e+02
2.038899993896484375e+01
5.472730102539062500e+02
7.232869873046875000e+02
1.793780059814453125e+02
1.317847045898437500e+03
2.460999965667724609e+00
7.948649902343750000e+02
1.077200031280517578e+01
3.973729858398437500e+02
2.704089965820312500e+02
5.232199859619140625e+01
2.682190917968750000e+03
6.456149902343750000e+02
4.851279907226562500e+02
7.916999816894531250e+00
5.469200134277343750e+01
6.029019775390625000e+02
9.987100219726562500e+01
1.588650054931640625e+02
1.064530029296875000e+02
1.707279968261718750e+02
7.898899841308593750e+01
2.676000118255615234e+00
2.120559997558593750e+02
9.213090209960937500e+02
2.048119964599609375e+02
4.626499938964843750e+01
1.669000029563903809e+00
8.565020141601562500e+02
3.851599884033203125e+01
1.340803955078125000e+03
6.886329956054687500e+02
1.673399925231933594e+01
4.148930053710937500e+02
5.271149902343750000e+02
7.831999778747558594e+00
3.594300079345703125e+01
1.279329986572265625e+02
2.179199981689453125e+01
1.118299961090087891e+01
2.737569885253906250e+02
1.701940002441406250e+02
1.215709991455078125e+02
2.228780059814453125e+02
2.971539916992187500e+02
2.410950012207031250e+02
2.274600028991699219e+01
2.204340057373046875e+02
3.460699844360351562e+01
2.726870117187500000e+02
4.582799911499023438e+01
7.584840087890625000e+02
1.254999995231628418e+00
1.276500034332275391e+01
8.595400238037109375e+01
2.701749877929687500e+02
1.004459991455078125e+02
1.159000039100646973e+00
8.494680175781250000e+02
8.428500366210937500e+01
7.084000110626220703e+00
9.311090087890625000e+02
6.541069946289062500e+02
2.172929992675781250e+02
6.593750000000000000e+02
4.766500091552734375e+01
9.294999694824218750e+01
3.684020080566406250e+02
4.808399963378906250e+01
1.909999966621398926e+00
1.374660034179687500e+02
1.570070037841796875e+02
4.539500122070312500e+02
1.259399986267089844e+01
7.569300079345703125e+01
3.331549987792968750e+02
1.246999979019165039e+00
3.963779907226562500e+02
3.990599822998046875e+01
