9.652651367187500000e+03
2.741146093750000000e+04
1.057134472656250000e+04
4.714460144042968750e+02
1.510549926757812500e+02
1.811526953125000000e+04
2.109709930419921875e+02
9.830698242187500000e+03
9.642089843750000000e+02
3.417499923706054688e+01
7.635299682617187500e+01
8.085199737548828125e+01
6.538239746093750000e+02
1.026285156250000000e+04
1.367670507812500000e+04
3.272698437500000000e+04
1.216760025024414062e+02
1.226969985961914062e+02
8.251503906250000000e+03
4.397432421875000000e+04
4.737309875488281250e+02
3.160719909667968750e+02
5.652299880981445312e+01
3.008089904785156250e+02
2.328090057373046875e+02
6.069300079345703125e+01
1.073280029296875000e+02
1.721945703125000000e+04
1.352144726562500000e+04
2.297999954223632812e+01
5.067819824218750000e+03
3.292430114746093750e+02
5.352150268554687500e+02
4.052249023437500000e+03
6.903299713134765625e+01
1.382039947509765625e+02
1.332440032958984375e+02
3.561199951171875000e+02
2.222489062500000000e+04
3.298211328125000000e+04
3.519049987792968750e+02
1.684450073242187500e+02
2.796260070800781250e+02
4.568099975585937500e+01
1.617319946289062500e+02
1.337000878906250000e+04
4.002999877929687500e+01
1.392806640625000000e+04
5.742399978637695312e+01
6.164459838867187500e+02
4.763550109863281250e+02
6.649500274658203125e+01
6.338800048828125000e+01
6.812100219726562500e+01
6.335151171875000000e+04
2.877940063476562500e+02
3.600621875000000000e+04
1.502071191406250000e+04
6.861456054687500000e+03
1.206549987792968750e+02
8.117199707031250000e+02
1.163310012817382812e+02
2.555890045166015625e+02
1.339709930419921875e+02
5.684055468750000000e+04
1.302593359375000000e+04
5.053542187500000000e+04
1.416924218750000000e+04
1.790919952392578125e+02
7.414399719238281250e+01
1.044963574218750000e+04
5.391475097656250000e+03
6.095410156250000000e+02
2.173659973144531250e+02
5.556420288085937500e+02
2.256275878906250000e+03
5.992849731445312500e+02
6.383220214843750000e+02
4.372999877929687500e+02
1.225844970703125000e+03
4.166382812500000000e+04
2.584464111328125000e+03
1.520449981689453125e+02
6.776201171875000000e+03
1.050729980468750000e+02
1.885709991455078125e+02
4.785699844360351562e+01
3.125470703125000000e+04
1.644219970703125000e+02
9.126000213623046875e+01
9.199213867187500000e+03
1.112266967773437500e+03
2.206380004882812500e+02
3.958599853515625000e+01
3.715100097656250000e+02
2.933712695312500000e+04
1.367960052490234375e+02
2.378595507812500000e+04
7.209999847412109375e+01
2.726099853515625000e+02
1.666733032226562500e+03
5.592599868774414062e+01
7.374957031250000000e+03
2.661975585937500000e+04
1.170449981689453125e+02
2.979752929687500000e+03
1.277969970703125000e+02
3.743909912109375000e+02
2.438139953613281250e+02
1.718529968261718750e+02
1.473624511718750000e+04
9.151899719238281250e+01
1.144820022583007812e+02
8.269351562500000000e+04
3.115473242187500000e+04
7.506643066406250000e+03
1.550744995117187500e+03
1.313439941406250000e+02
1.436100006103515625e+02
6.313510131835937500e+02
5.091759948730468750e+02
6.665799713134765625e+01
6.338899993896484375e+01
1.920579986572265625e+02
6.135460205078125000e+02
8.817700195312500000e+01
6.073102734375000000e+04
2.864855859375000000e+04
4.135200119018554688e+01
5.256999969482421875e+01
2.519291601562500000e+04
8.291300201416015625e+01
1.593146679687500000e+04
1.138811328125000000e+04
1.645480041503906250e+02
1.512760009765625000e+02
2.068099975585937500e+01
2.099576953125000000e+04
9.619799804687500000e+01
6.216646972656250000e+03
4.832899856567382812e+01
7.255100250244140625e+01
2.055354882812500000e+04
3.926340026855468750e+02
1.605901000976562500e+03
5.067785156250000000e+03
5.310599899291992188e+01
7.462100219726562500e+01
2.950776953125000000e+04
7.517000198364257812e+00
1.053782958984375000e+03
6.834279785156250000e+02
2.291193115234375000e+03
9.171099853515625000e+01
5.709500122070312500e+02
1.776089935302734375e+02
7.742105468750000000e+04
1.317259979248046875e+02
1.943619995117187500e+02
7.948400115966796875e+01
5.978536718750000000e+04
1.976009979248046875e+02
1.048000976562500000e+03
1.646032226562500000e+04
1.706710052490234375e+02
7.004299926757812500e+01
1.196829986572265625e+02
5.837400054931640625e+01
1.098709082031250000e+04
1.849099922180175781e+01
2.435357031250000000e+04
1.511102734375000000e+04
1.366430053710937500e+02
3.009386132812500000e+04
2.551000022888183594e+01
1.346770019531250000e+02
1.130390014648437500e+02
3.300719909667968750e+02
1.823260742187500000e+04
1.174479980468750000e+02
2.786136962890625000e+03
5.566979980468750000e+02
7.458519897460937500e+02
3.591564453125000000e+04
4.665900039672851562e+01
3.015186132812500000e+04
1.470160064697265625e+02
3.585093017578125000e+03
6.745339062500000000e+04
2.047109985351562500e+02
1.309680023193359375e+02
5.141538281250000000e+04
9.395700073242187500e+01
4.275880126953125000e+02
2.825715820312500000e+04
3.401876953125000000e+04
5.489400100708007812e+01
1.135258398437500000e+04
1.722389984130859375e+02
6.789757812500000000e+03
6.917080078125000000e+03
1.064739990234375000e+02
2.026410064697265625e+02
2.549980010986328125e+02
3.000329296875000000e+04
3.680970703125000000e+04
2.309040069580078125e+02
1.924799957275390625e+02
9.349500274658203125e+01
7.731186035156250000e+03
1.503560028076171875e+02
4.883235546875000000e+04
1.289660034179687500e+02
2.591306445312500000e+04
1.732760009765625000e+02
2.767021972656250000e+03
3.729912500000000000e+04
5.572554199218750000e+03
6.285200119018554688e+01
5.912037890625000000e+04
3.843750000000000000e+02
4.615000152587890625e+01
4.567100143432617188e+01
1.258249969482421875e+02
2.728829956054687500e+02
1.835800018310546875e+02
1.024889984130859375e+02
1.526840057373046875e+02
2.832560119628906250e+02
1.310295410156250000e+04
7.276200103759765625e+01
3.193309960937500000e+04
7.076000213623046875e+00
1.593942578125000000e+04
1.645820117187500000e+04
5.118799972534179688e+01
3.618899917602539062e+01
1.809054492187500000e+04
8.244799804687500000e+01
1.224860000610351562e+02
2.855912304687500000e+04
2.088901171875000000e+04
4.022239990234375000e+02
1.742399978637695312e+01
4.743099975585937500e+01
1.260333398437500000e+04
4.888800048828125000e+01
5.249829711914062500e+02
2.336130065917968750e+02
3.828759033203125000e+03
1.754980010986328125e+02
5.325799942016601562e+01
2.195161718750000000e+04
1.567942480468750000e+04
4.236010131835937500e+02
9.092689819335937500e+02
1.092099990844726562e+02
1.649278710937500000e+04
4.550325195312500000e+03
2.651181640625000000e+04
4.883399963378906250e+01
1.970520019531250000e+02
1.198963671875000000e+04
3.185697998046875000e+03
3.273152099609375000e+03
1.708690032958984375e+02
1.961620025634765625e+02
2.529270019531250000e+02
9.027100372314453125e+01
1.804155078125000000e+04
4.177578125000000000e+03
9.787899780273437500e+01
1.482570037841796875e+02
4.324700164794921875e+01
3.037881054687500000e+04
2.892360156250000000e+04
2.397773242187500000e+04
2.890800094604492188e+01
2.239479980468750000e+02
5.816439819335937500e+02
1.664120025634765625e+02
1.826799964904785156e+01
3.224225195312500000e+04
2.218493164062500000e+04
1.518630065917968750e+02
2.049900054931640625e+01
2.191999969482421875e+02
3.837030029296875000e+02
4.177634765625000000e+04
5.553222167968750000e+03
3.314020080566406250e+02
9.808469848632812500e+02
2.227099990844726562e+01
3.959710083007812500e+02
5.350400161743164062e+01
1.318880004882812500e+02
4.873500061035156250e+01
2.296529998779296875e+02
2.919809875488281250e+02
2.652090148925781250e+02
3.897309875488281250e+02
2.268953710937500000e+04
2.292949981689453125e+02
6.748419799804687500e+02
1.947050018310546875e+02
3.060589904785156250e+02
3.103625000000000000e+04
1.862610015869140625e+02
3.122290039062500000e+02
7.329585937500000000e+03
2.136549987792968750e+02
5.018110046386718750e+02
9.082199707031250000e+02
1.244899978637695312e+02
8.818530273437500000e+03
2.836679992675781250e+02
3.868640136718750000e+02
1.645899963378906250e+02
1.317552001953125000e+03
1.196009979248046875e+02
5.867760009765625000e+02
6.090499877929687500e+01
2.571690063476562500e+02
4.885933105468750000e+03
3.610559997558593750e+02
1.766395703125000000e+04
9.082766601562500000e+03
1.772149963378906250e+02
2.596697656250000000e+04
2.236499977111816406e+01
2.603540039062500000e+02
6.570280761718750000e+03
7.593630859375000000e+03
1.987590026855468750e+02
7.648998046875000000e+03
1.732099914550781250e+01
1.290755004882812500e+03
1.665149993896484375e+02
4.982829895019531250e+02
1.727590026855468750e+02
2.419806835937500000e+04
1.654109954833984375e+02
1.049040917968750000e+04
4.829660034179687500e+02
1.498249969482421875e+02
3.900456054687500000e+03
1.631190032958984375e+02
4.082309875488281250e+02
1.180390014648437500e+02
1.679530029296875000e+02
2.957439880371093750e+02
4.616199874877929688e+01
1.196807983398437500e+03
2.452550048828125000e+02
4.226719970703125000e+02
1.514940032958984375e+02
1.254369995117187500e+03
3.534811035156250000e+03
1.384909973144531250e+02
2.840599975585937500e+02
1.209919967651367188e+02
1.024304394531250000e+04
3.286340026855468750e+02
1.951361914062500000e+04
3.093150024414062500e+02
5.605099868774414062e+01
9.389700317382812500e+01
1.332892187500000000e+04
1.205510025024414062e+02
3.472861328125000000e+04
2.011119995117187500e+02
5.840089843750000000e+04
3.134099960327148438e+01
1.540659942626953125e+02
7.808085937500000000e+03
2.438509979248046875e+02
2.437400054931640625e+02
4.937189941406250000e+02
1.720399932861328125e+02
3.746694531250000000e+04
2.224949951171875000e+02
4.701650085449218750e+02
2.745631250000000000e+04
8.995300292968750000e+01
1.680398828125000000e+04
2.356179962158203125e+02
1.578767944335937500e+03
4.295564941406250000e+03
2.384040069580078125e+02
5.846000194549560547e+00
3.700400085449218750e+02
3.692059936523437500e+02
7.741300201416015625e+01
3.312409973144531250e+02
1.555981347656250000e+04
6.674949951171875000e+02
2.277220001220703125e+02
1.176320037841796875e+02
4.988499832153320312e+01
1.671320037841796875e+02
3.709880065917968750e+02
3.043374023437500000e+03
4.694460144042968750e+02
3.607749938964843750e+02
1.989129943847656250e+02
4.556000061035156250e+02
1.251729965209960938e+02
6.763999938964843750e+00
5.644033593750000000e+04
1.123799991607666016e+01
1.786170043945312500e+02
1.874499969482421875e+02
5.076789855957031250e+02
9.502810058593750000e+02
2.861673828125000000e+04
2.135959179687500000e+04
3.548290100097656250e+02
2.515709991455078125e+02
3.899700164794921875e+01
2.100789947509765625e+02
2.982330017089843750e+02
2.408029937744140625e+02
6.054004882812500000e+03
1.397063378906250000e+04
1.249146191406250000e+04
1.041525585937500000e+04
4.491299819946289062e+01
3.118007812500000000e+04
2.974773632812500000e+04
2.419340234375000000e+04
6.215100097656250000e+01
2.376519927978515625e+02
5.072803222656250000e+03
1.104919967651367188e+02
3.210409851074218750e+02
1.061733886718750000e+04
8.797100067138671875e+01
1.937735546875000000e+04
2.415937304687500000e+04
7.440070190429687500e+02
8.922499847412109375e+01
2.899779968261718750e+02
1.594174707031250000e+04
2.201159973144531250e+02
5.135461718750000000e+04
1.707760986328125000e+03
4.135964843750000000e+04
3.847499847412109375e+01
2.762000083923339844e+01
7.449099731445312500e+01
3.457899856567382812e+01
2.166130065917968750e+02
2.254100036621093750e+01
3.609360046386718750e+02
1.343240051269531250e+02
8.438909912109375000e+02
2.498970031738281250e+02
1.220749969482421875e+02
5.631170043945312500e+02
1.733399963378906250e+01
1.600549926757812500e+02
6.923000335693359375e+01
2.277142089843750000e+03
6.905713867187500000e+03
1.559120025634765625e+02
1.217350006103515625e+02
1.387929992675781250e+02
3.964469909667968750e+02
2.081020050048828125e+02
1.561100006103515625e+01
3.039060058593750000e+02
1.392389984130859375e+02
1.353267187500000000e+04
4.317520141601562500e+02
2.752799987792968750e+01
2.439900016784667969e+01
2.727279968261718750e+02
1.611529998779296875e+02
1.431640014648437500e+02
4.239830017089843750e+02
2.407149414062500000e+04
2.777399902343750000e+02
5.371740112304687500e+02
9.670400238037109375e+01
1.788559375000000000e+04
7.956090087890625000e+02
7.524800109863281250e+01
6.530000000000000000e+02
5.065000152587890625e+01
1.658179931640625000e+02
1.053968017578125000e+03
1.389149804687500000e+04
3.599219970703125000e+02
9.947280273437500000e+02
1.080070037841796875e+02
2.199876562500000000e+04
5.045574218750000000e+03
1.402877734375000000e+04
1.499640045166015625e+02
1.406450042724609375e+02
1.050199985504150391e+01
3.620459899902343750e+02
1.525379296875000000e+04
8.088999748229980469e+00
1.315010070800781250e+02
4.811889953613281250e+02
1.349319687500000000e+05
1.221770019531250000e+02
3.015369873046875000e+02
1.967449951171875000e+02
1.900659942626953125e+02
1.061800003051757812e+02
1.146320037841796875e+02
1.697720031738281250e+02
1.164109082031250000e+04
7.981841796875000000e+03
7.804418945312500000e+03
3.136030029296875000e+03
2.222230072021484375e+02
1.326468554687500000e+04
2.561641015625000000e+04
1.990359954833984375e+02
4.028340148925781250e+02
5.710984765625000000e+04
1.334179394531250000e+04
3.570509948730468750e+02
5.721439941406250000e+03
2.770650024414062500e+02
1.857060058593750000e+03
1.318670043945312500e+02
9.427700042724609375e+01
2.257189941406250000e+02
2.348890075683593750e+02
2.104226562500000000e+04
2.813532031250000000e+04
3.937219848632812500e+02
4.577760009765625000e+02
4.712200164794921875e+01
1.390339160156250000e+04
4.115100097656250000e+01
3.424819946289062500e+02
2.226499938964843750e+01
2.101280059814453125e+02
4.498179931640625000e+02
3.807099914550781250e+01
3.062744335937500000e+04
5.521160278320312500e+02
9.626500244140625000e+02
2.058226562500000000e+04
2.026264062500000000e+04
2.534470062255859375e+02
3.630605859375000000e+04
3.141338281250000000e+04
5.084899902343750000e+01
2.447440032958984375e+02
4.797166015625000000e+04
1.009426025390625000e+03
2.395050048828125000e+02
1.121900024414062500e+02
1.970750976562500000e+03
3.545199966430664062e+01
2.978700065612792969e+01
6.351624218750000000e+04
2.721654882812500000e+04
1.703679962158203125e+02
1.494579925537109375e+02
6.686359863281250000e+02
1.442409973144531250e+02
2.604119873046875000e+02
1.698748437500000000e+04
3.341830139160156250e+02
4.662760009765625000e+02
8.746900177001953125e+01
1.624750976562500000e+03
1.299320068359375000e+02
1.317299957275390625e+02
3.970079956054687500e+02
1.454830017089843750e+02
3.008499908447265625e+01
2.137970312500000000e+04
2.404320068359375000e+02
1.255535253906250000e+04
1.375319976806640625e+02
2.882059936523437500e+02
8.514233398437500000e+03
3.629700088500976562e+01
2.383277148437500000e+04
9.394799804687500000e+01
2.713273925781250000e+03
5.109956054687500000e+03
2.325489959716796875e+02
8.670099639892578125e+01
1.580355957031250000e+03
7.576550292968750000e+02
2.272089996337890625e+02
2.030690002441406250e+02
3.635379943847656250e+02
1.799810028076171875e+02
3.724289855957031250e+02
7.633988769531250000e+03
1.595509948730468750e+02
2.134202929687500000e+04
1.540879974365234375e+02
1.200469970703125000e+02
1.441289978027343750e+02
7.632499694824218750e+01
2.825209960937500000e+02
6.929979858398437500e+02
4.923400115966796875e+01
2.683989868164062500e+02
1.533939971923828125e+02
9.794100189208984375e+01
1.276984985351562500e+03
3.925999832153320312e+01
1.736730041503906250e+02
4.939190063476562500e+02
6.299200057983398438e+01
3.212990112304687500e+02
2.566002539062500000e+04
4.393299865722656250e+02
7.548870239257812500e+02
1.042570037841796875e+02
2.879595703125000000e+04
2.062510070800781250e+02
2.396899986267089844e+01
3.283900070190429688e+01
2.605079956054687500e+02
2.933499908447265625e+01
2.165200042724609375e+01
2.756380004882812500e+02
1.661573974609375000e+03
1.040390014648437500e+02
2.023880004882812500e+02
2.955122656250000000e+04
9.710027343750000000e+03
8.993800354003906250e+01
2.049160003662109375e+02
5.005316894531250000e+03
1.389388085937500000e+04
4.005759887695312500e+02
4.258980102539062500e+02
1.761380004882812500e+02
2.269667382812500000e+04
2.834719848632812500e+02
3.833200073242187500e+01
3.214670104980468750e+02
4.048487890625000000e+04
2.229759979248046875e+02
1.295919952392578125e+02
1.260332910156250000e+04
7.621399688720703125e+01
5.554844921875000000e+04
7.569699859619140625e+01
2.095670013427734375e+02
1.392239990234375000e+02
7.459899902343750000e+01
2.074615625000000000e+04
1.270009994506835938e+02
3.898930053710937500e+02
1.097460021972656250e+02
4.519150085449218750e+02
7.550539062500000000e+04
4.724140014648437500e+02
4.480929870605468750e+02
3.413420104980468750e+02
1.702469940185546875e+02
4.830655468750000000e+04
3.346519531250000000e+04
2.320310058593750000e+02
2.789611132812500000e+04
2.207539978027343750e+02
2.330339965820312500e+02
1.627302832031250000e+04
1.217180023193359375e+02
4.747409973144531250e+02
1.939080047607421875e+02
1.121999969482421875e+02
3.390314453125000000e+04
7.963950195312500000e+02
7.542579956054687500e+02
1.529956152343750000e+04
7.577990112304687500e+02
1.173779983520507812e+02
7.438800048828125000e+01
2.633309936523437500e+02
3.146400070190429688e+01
6.003855957031250000e+03
1.651233203125000000e+04
3.677744921875000000e+04
8.192059570312500000e+03
2.581029968261718750e+02
1.895890045166015625e+02
2.191250000000000000e+02
5.988800048828125000e+01
3.018906054687500000e+04
3.666444091796875000e+03
2.602260937500000000e+04
4.697878125000000000e+04
9.938943359375000000e+03
3.093529968261718750e+02
1.787190429687500000e+04
5.412900161743164062e+01
2.818020019531250000e+02
3.130999946594238281e+01
4.039419860839843750e+02
1.305370025634765625e+02
4.766400146484375000e+01
8.744105468750000000e+03
1.964200019836425781e+01
5.629000244140625000e+02
3.487720031738281250e+02
1.168376953125000000e+03
2.163459930419921875e+02
8.214700317382812500e+01
1.232166992187500000e+03
2.666040039062500000e+02
8.340999603271484375e+00
4.240100097656250000e+01
3.196403076171875000e+03
4.193919982910156250e+02
1.273700027465820312e+02
1.492769927978515625e+02
6.737019531250000000e+04
1.223499984741210938e+02
4.416600036621093750e+01
2.918293945312500000e+03
7.807600097656250000e+02
1.994499969482421875e+01
1.765169982910156250e+02
2.544490051269531250e+02
2.307500000000000000e+02
2.321109924316406250e+02
2.533828320312500000e+04
3.601170043945312500e+02
2.441249609375000000e+04
1.603240051269531250e+02
4.548300170898437500e+01
9.164990234375000000e+02
9.054409790039062500e+02
5.367059936523437500e+02
5.769959716796875000e+02
1.431589965820312500e+02
2.069789453125000000e+04
1.457649993896484375e+02
9.814371093750000000e+03
1.468990020751953125e+02
1.883990020751953125e+02
1.198499414062500000e+04
6.440727050781250000e+03
3.312444091796875000e+03
2.269400024414062500e+01
1.583840026855468750e+02
1.107400035858154297e+01
1.226200008392333984e+01
9.864885742187500000e+03
1.458503320312500000e+04
1.729800033569335938e+01
5.106000137329101562e+01
4.205360107421875000e+02
1.012200012207031250e+02
1.939120025634765625e+02
1.485599994659423828e+01
4.410440063476562500e+02
1.166300010681152344e+01
7.208820190429687500e+02
2.102239990234375000e+02
1.166370010375976562e+02
2.823616943359375000e+03
2.187500000000000000e+01
1.790480041503906250e+02
9.149000167846679688e+00
1.697910003662109375e+02
1.572160034179687500e+02
5.707587890625000000e+03
9.807800292968750000e+01
1.595709991455078125e+02
2.228970031738281250e+02
7.335399627685546875e+01
2.194709930419921875e+02
1.183259963989257812e+02
3.407375781250000000e+04
1.528233203125000000e+04
7.676200103759765625e+01
8.794584375000000000e+04
9.102234375000000000e+03
1.398650054931640625e+02
2.797439880371093750e+02
1.811399993896484375e+02
4.782300186157226562e+01
6.035186035156250000e+03
1.881088671875000000e+04
4.411600112915039062e+01
5.313049926757812500e+02
1.594199981689453125e+02
1.065699996948242188e+02
1.094169238281250000e+04
1.118649978637695312e+02
1.454049987792968750e+02
4.756000137329101562e+01
1.604869995117187500e+02
5.414466796875000000e+04
1.426187304687500000e+04
1.268542871093750000e+04
1.349600028991699219e+01
7.992700195312500000e+01
1.524734985351562500e+03
1.763630065917968750e+02
2.972650146484375000e+02
3.441600036621093750e+02
4.698110046386718750e+02
3.481056640625000000e+04
1.170260009765625000e+02
1.082276367187500000e+04
2.204830017089843750e+02
1.085739013671875000e+03
7.195200347900390625e+01
1.492030029296875000e+02
2.588680114746093750e+02
2.841156640625000000e+04
1.147630004882812500e+02
6.729314941406250000e+03
1.512800025939941406e+01
1.498529968261718750e+02
2.172758984375000000e+04
8.952210083007812500e+02
2.198206054687500000e+03
1.610390014648437500e+02
2.522409973144531250e+02
1.768020019531250000e+02
1.952899932861328125e+01
7.639710937500000000e+03
3.413949890136718750e+02
2.221629943847656250e+02
8.340375781250000000e+04
3.382030029296875000e+02
3.170989990234375000e+02
1.099909973144531250e+02
9.915599822998046875e+01
9.000620117187500000e+02
8.410099792480468750e+01
1.458309936523437500e+02
6.826569824218750000e+02
3.650899218750000000e+04
5.172036132812500000e+03
1.413754003906250000e+04
3.030249938964843750e+02
7.509300231933593750e+01
1.648437304687500000e+04
2.287819976806640625e+02
1.566569976806640625e+02
5.140800170898437500e+02
1.888750000000000000e+02
1.790579986572265625e+02
1.385579986572265625e+02
1.066389999389648438e+02
2.712470092773437500e+02
5.960999965667724609e+00
5.620500183105468750e+01
2.362140045166015625e+02
1.178420028686523438e+02
3.680181250000000000e+04
3.824973828125000000e+04
1.826790008544921875e+02
3.136919860839843750e+02
3.025010070800781250e+02
3.791076953125000000e+04
1.111500015258789062e+02
1.927599906921386719e+01
2.846919860839843750e+02
2.798120117187500000e+02
2.324190063476562500e+02
2.917399978637695312e+01
9.899400329589843750e+01
3.743330078125000000e+02
2.076219940185546875e+02
1.098020019531250000e+02
4.309989929199218750e+02
2.041380004882812500e+02
3.275217187500000000e+04
3.604840087890625000e+02
1.692600059509277344e+01
1.055329971313476562e+02
1.578820037841796875e+02
2.209199905395507812e+01
6.787500000000000000e+03
2.743049926757812500e+02
2.095310058593750000e+02
1.391868041992187500e+03
7.703399658203125000e+01
6.460780029296875000e+02
5.951100097656250000e+03
2.842283007812500000e+04
5.428690185546875000e+02
3.725329895019531250e+02
1.065459976196289062e+02
7.665699768066406250e+01
3.623799896240234375e+01
2.579249877929687500e+02
5.225739746093750000e+02
5.752139892578125000e+02
6.234790039062500000e+02
1.380899218750000000e+04
1.249869995117187500e+02
1.295337109375000000e+04
1.507799987792968750e+02
2.583980102539062500e+02
1.204500007629394531e+01
7.335399627685546875e+01
4.336050109863281250e+02
4.640219238281250000e+03
4.926399993896484375e+01
3.777500000000000000e+02
1.620390014648437500e+02
6.917440917968750000e+03
1.276380004882812500e+02
1.324699974060058594e+01
2.721199989318847656e+01
9.388359985351562500e+02
2.958980102539062500e+02
4.100400161743164062e+01
1.815590057373046875e+02
2.695899963378906250e+01
1.831694726562500000e+04
3.844679870605468750e+02
9.806729736328125000e+02
2.585419921875000000e+02
3.305905859375000000e+04
6.690599822998046875e+01
1.303930053710937500e+02
3.326800155639648438e+01
4.790800094604492188e+01
4.066229858398437500e+02
3.704610937500000000e+04
6.462937890625000000e+04
1.341179962158203125e+02
1.224151000976562500e+03
1.423450012207031250e+02
2.084320068359375000e+02
5.498899841308593750e+01
1.237732128906250000e+04
5.562307421875000000e+04
4.312099838256835938e+01
1.467099952697753906e+01
1.900755078125000000e+04
3.508699951171875000e+02
6.035599899291992188e+01
3.418500137329101562e+01
3.286759948730468750e+02
8.465399932861328125e+01
1.182870025634765625e+02
4.163764062500000000e+04
9.049168945312500000e+03
1.385110015869140625e+02
1.181925390625000000e+04
3.504630126953125000e+02
9.026100158691406250e+01
3.602709960937500000e+02
2.313279052734375000e+03
1.827327734375000000e+04
2.629450073242187500e+02
6.502285156250000000e+03
3.998369921875000000e+04
2.009450073242187500e+02
3.609309997558593750e+02
1.404340057373046875e+02
3.113760070800781250e+02
4.701965234375000000e+04
1.611450042724609375e+02
6.265349731445312500e+02
1.375650024414062500e+02
4.080244140625000000e+04
8.236294921875000000e+03
9.784910278320312500e+02
2.535520019531250000e+02
5.568560180664062500e+02
8.137689819335937500e+02
9.281999588012695312e+00
1.859568554687500000e+04
2.218700027465820312e+01
8.646703906250000000e+04
8.201129760742187500e+02
2.102270050048828125e+02
5.022409973144531250e+02
3.502199935913085938e+01
8.110900115966796875e+01
2.577139892578125000e+02
1.222720605468750000e+04
4.991168945312500000e+03
2.429836523437500000e+04
1.813020019531250000e+02
3.237860107421875000e+02
4.434800109863281250e+02
2.455953906250000000e+04
1.105139999389648438e+02
1.081321484375000000e+04
4.796119995117187500e+02
6.497737792968750000e+03
9.865000152587890625e+01
2.361499977111816406e+01
4.787245703125000000e+04
