8.533399963378906250e+01
1.449300003051757812e+01
1.898999977111816406e+01
1.047679977416992188e+02
2.048849945068359375e+02
1.047160034179687500e+02
1.062710037231445312e+02
4.076900100708007812e+01
2.335799980163574219e+01
6.517400360107421875e+01
2.881500053405761719e+01
3.819800186157226562e+01
1.231999969482421875e+01
1.017590026855468750e+02
8.621000289916992188e+00
1.778410034179687500e+02
8.994999885559082031e+00
2.196599960327148438e+01
4.588499832153320312e+01
2.619199943542480469e+01
1.007639999389648438e+02
6.225799942016601562e+01
2.868099975585937500e+02
6.884300231933593750e+01
6.723699951171875000e+01
3.160199928283691406e+01
1.597859954833984375e+02
3.041549987792968750e+02
1.896560058593750000e+02
1.746299934387207031e+01
3.913729858398437500e+02
1.237229995727539062e+02
2.546699905395507812e+01
2.814599990844726562e+01
2.110300064086914062e+01
1.374100017547607422e+01
3.030369873046875000e+02
1.809120025634765625e+02
1.686700057983398438e+01
8.866899871826171875e+01
2.123200035095214844e+01
1.283159942626953125e+02
7.491600036621093750e+01
2.011000061035156250e+02
9.364999771118164062e+00
1.859600067138671875e+01
6.315999984741210938e+00
2.320100021362304688e+01
2.351000022888183594e+01
2.001799964904785156e+01
1.501640014648437500e+02
6.893199920654296875e+01
2.533600044250488281e+01
5.270700073242187500e+01
9.704000473022460938e+00
7.204799652099609375e+01
6.414999961853027344e+00
2.119700050354003906e+01
1.466899967193603516e+01
1.351959991455078125e+02
3.077199935913085938e+01
1.554600067138671875e+02
4.301000118255615234e+00
9.655000305175781250e+01
3.063699913024902344e+01
1.244010009765625000e+02
1.984380035400390625e+02
5.303359985351562500e+02
1.678910064697265625e+02
1.333179931640625000e+02
7.186699676513671875e+01
2.508399963378906250e+01
1.139059982299804688e+02
2.857839965820312500e+02
6.347299957275390625e+01
1.080240020751953125e+02
2.147699928283691406e+01
1.234589996337890625e+02
8.601200103759765625e+01
1.604199981689453125e+01
1.536479949951171875e+02
6.699800109863281250e+01
2.038099975585937500e+02
3.295010070800781250e+02
5.143330078125000000e+02
1.400199985504150391e+01
1.163000011444091797e+01
5.881999969482421875e+00
1.174359970092773438e+02
8.132299804687500000e+01
7.535999774932861328e+00
1.201849975585937500e+02
1.511029968261718750e+02
2.578199958801269531e+01
2.855209960937500000e+02
4.801900100708007812e+01
1.107500000000000000e+02
1.317899990081787109e+01
6.234700012207031250e+01
1.964299964904785156e+01
4.797380065917968750e+02
2.426929931640625000e+02
2.359940032958984375e+02
1.260029983520507812e+02
4.119599914550781250e+01
1.650399932861328125e+02
3.842369995117187500e+02
8.963000297546386719e+00
3.282199859619140625e+01
2.792000007629394531e+01
2.071999931335449219e+01
1.748159942626953125e+02
2.158320007324218750e+02
1.141499996185302734e+01
2.175180053710937500e+02
1.041499996185302734e+01
2.910600090026855469e+01
2.057900047302246094e+01
8.406900024414062500e+01
1.431200027465820312e+01
1.390110015869140625e+02
3.230899810791015625e+01
3.840100097656250000e+01
9.520800018310546875e+01
2.027819976806640625e+02
2.280299949645996094e+01
9.523500061035156250e+01
2.628300094604492188e+01
2.401199913024902344e+01
2.209320068359375000e+02
2.246500015258789062e+01
1.025999984741210938e+02
3.740679931640625000e+02
1.205399990081787109e+01
6.768000030517578125e+01
2.354010009765625000e+02
1.226500015258789062e+02
1.442500019073486328e+01
2.857099914550781250e+01
4.493500137329101562e+01
9.619000244140625000e+01
1.545780029296875000e+02
1.610149993896484375e+02
2.127700042724609375e+02
1.284040069580078125e+02
1.514389953613281250e+02
2.116799926757812500e+01
7.088999938964843750e+01
3.690230102539062500e+02
3.207600021362304688e+01
5.500000000000000000e+01
2.928400039672851562e+01
1.586199951171875000e+02
1.120499992370605469e+01
1.626560058593750000e+02
1.182699966430664062e+01
9.258699798583984375e+01
1.989170074462890625e+02
2.663500022888183594e+01
3.072999954223632812e+00
6.557659912109375000e+02
1.412199974060058594e+01
2.310099983215332031e+01
1.473400020599365234e+01
1.880930023193359375e+02
2.290590057373046875e+02
3.388000106811523438e+01
1.280769958496093750e+02
3.620549926757812500e+02
1.838500022888183594e+01
1.008010025024414062e+02
2.115310058593750000e+02
6.743999958038330078e+00
3.949499893188476562e+01
4.609500122070312500e+01
3.565399932861328125e+01
1.701739959716796875e+02
2.645409851074218750e+02
1.112340011596679688e+02
1.186470031738281250e+02
3.574499893188476562e+01
4.106589965820312500e+02
1.599329986572265625e+02
4.640000152587890625e+01
9.276499938964843750e+01
8.555999755859375000e+00
4.073199844360351562e+01
6.552189941406250000e+02
5.883200073242187500e+01
1.660619964599609375e+02
5.234500122070312500e+02
2.102799987792968750e+01
2.274900054931640625e+01
7.465699768066406250e+01
9.585900115966796875e+01
2.111159973144531250e+02
1.170559997558593750e+02
5.563700103759765625e+01
6.839099884033203125e+01
7.348200225830078125e+01
3.335499954223632812e+01
1.405720062255859375e+02
1.536150054931640625e+02
1.027450027465820312e+02
4.671400070190429688e+01
1.430300045013427734e+01
5.518000125885009766e+00
1.206689987182617188e+02
7.297499847412109375e+01
1.034029998779296875e+02
1.284700012207031250e+01
6.831500244140625000e+01
7.762799835205078125e+01
8.703900146484375000e+01
5.848000049591064453e+00
1.482299995422363281e+01
1.260360031127929688e+02
2.890099906921386719e+01
2.196170043945312500e+02
6.000299835205078125e+01
5.013999938964843750e+00
1.388700008392333984e+01
3.261299896240234375e+01
3.712439880371093750e+02
1.304960021972656250e+02
8.230599975585937500e+01
5.233599853515625000e+01
5.781000137329101562e+00
1.204599952697753906e+01
1.107330017089843750e+02
1.418730010986328125e+02
1.327600002288818359e+01
3.022500038146972656e+01
1.268000030517578125e+01
7.578500366210937500e+01
2.471400070190429688e+01
3.092200088500976562e+01
8.595300292968750000e+01
1.089810028076171875e+02
2.155440063476562500e+02
1.492749938964843750e+02
4.193199920654296875e+01
6.841300201416015625e+01
1.063040008544921875e+02
7.001179809570312500e+02
1.187399959564208984e+01
3.545289916992187500e+02
2.989590148925781250e+02
7.969300079345703125e+01
9.593699645996093750e+01
2.225600051879882812e+01
8.652200317382812500e+01
1.221940002441406250e+02
4.952600097656250000e+01
1.794400024414062500e+01
1.926300048828125000e+02
1.103899955749511719e+01
6.271200180053710938e+01
7.885700225830078125e+01
6.226599884033203125e+01
3.103280029296875000e+02
3.261899948120117188e+01
9.949299621582031250e+01
7.917299652099609375e+01
1.244900035858154297e+01
1.525520019531250000e+02
1.465679931640625000e+02
2.374799919128417969e+01
1.048560028076171875e+02
2.340900039672851562e+01
5.536530151367187500e+02
1.444250030517578125e+02
2.031299972534179688e+01
5.308399963378906250e+01
1.479149932861328125e+02
1.155869979858398438e+02
5.010400009155273438e+01
8.739399719238281250e+01
2.180809936523437500e+02
1.333439941406250000e+02
4.047399902343750000e+01
1.661400032043457031e+01
2.059160003662109375e+02
1.067649993896484375e+02
1.629000091552734375e+01
4.330500030517578125e+01
2.143339996337890625e+02
2.631650085449218750e+02
3.976149902343750000e+02
2.501790008544921875e+02
1.339510040283203125e+02
1.297299957275390625e+01
1.852510070800781250e+02
9.367099761962890625e+01
1.213880004882812500e+02
1.278659973144531250e+02
1.223900032043457031e+01
1.580370025634765625e+02
1.793499946594238281e+01
8.801699829101562500e+01
5.379199981689453125e+01
2.369199943542480469e+01
3.291500091552734375e+01
1.559880065917968750e+02
2.908499908447265625e+01
8.879199981689453125e+01
9.157399749755859375e+01
1.185299987792968750e+02
3.959500122070312500e+01
3.919900131225585938e+01
2.464850006103515625e+02
1.008899974822998047e+01
2.596289978027343750e+02
1.601600074768066406e+01
7.682700347900390625e+01
1.238389968872070312e+02
2.218289947509765625e+02
6.387799835205078125e+01
5.047000122070312500e+01
1.939100074768066406e+01
3.606700134277343750e+02
5.296000003814697266e+00
1.276500034332275391e+01
6.763999938964843750e+01
6.328999996185302734e+00
4.522399902343750000e+01
8.322599792480468750e+01
6.230300140380859375e+01
3.236199951171875000e+01
1.380900001525878906e+01
1.424799957275390625e+02
1.197299957275390625e+01
4.073269958496093750e+02
1.792740020751953125e+02
1.193000030517578125e+01
4.187179870605468750e+02
8.797599792480468750e+01
9.431300354003906250e+01
5.107199859619140625e+01
1.202700042724609375e+01
4.330400085449218750e+01
1.178270034790039062e+02
7.378800201416015625e+01
2.048840026855468750e+02
5.593999862670898438e+00
1.644949951171875000e+02
1.327579956054687500e+02
3.670000076293945312e+00
5.666699981689453125e+01
1.063489990234375000e+02
1.335200042724609375e+02
2.700000000000000000e+02
6.088800048828125000e+01
3.822529907226562500e+02
4.546999931335449219e+00
1.256210021972656250e+02
2.947999954223632812e+01
1.301880035400390625e+02
1.376260070800781250e+02
1.918370056152343750e+02
3.272860107421875000e+02
1.345619964599609375e+02
1.781599998474121094e+01
9.705300140380859375e+01
6.759899902343750000e+01
1.723999977111816406e+01
2.429609985351562500e+02
1.406959991455078125e+02
1.245179977416992188e+02
1.335540008544921875e+02
6.147999763488769531e+00
1.176689987182617188e+02
2.719320068359375000e+02
1.025169982910156250e+02
6.142200088500976562e+01
4.348500061035156250e+01
1.494999980926513672e+01
1.626199913024902344e+01
7.416000366210937500e+01
4.049609985351562500e+02
1.567940063476562500e+02
1.003550033569335938e+02
2.075379943847656250e+02
3.773199844360351562e+01
1.175599956512451172e+01
1.527369995117187500e+02
7.229000091552734375e+00
1.288820037841796875e+02
1.969000053405761719e+01
1.851470031738281250e+02
1.914550018310546875e+02
2.748999977111816406e+01
6.820700073242187500e+01
1.406770019531250000e+02
8.438500213623046875e+01
1.789519958496093750e+02
7.624500274658203125e+01
4.252799987792968750e+01
1.004079971313476562e+02
4.848099899291992188e+01
3.451100158691406250e+01
6.360000133514404297e+00
7.273300170898437500e+01
1.797790069580078125e+02
4.500500106811523438e+01
9.065200042724609375e+01
3.803999900817871094e+00
2.946699905395507812e+01
6.122000122070312500e+01
2.197599983215332031e+01
3.620199966430664062e+01
4.679299926757812500e+01
2.033200073242187500e+02
1.931609954833984375e+02
1.106210021972656250e+02
3.825500106811523438e+01
1.643489990234375000e+02
3.550799942016601562e+01
4.994900131225585938e+01
1.092199993133544922e+01
3.155700073242187500e+02
5.017309875488281250e+02
7.967400360107421875e+01
1.814699935913085938e+01
3.050099945068359375e+01
1.222910003662109375e+02
2.817000007629394531e+01
1.519470062255859375e+02
4.251599884033203125e+01
2.479400062561035156e+01
8.892700195312500000e+01
2.694079895019531250e+02
1.254229965209960938e+02
3.304949951171875000e+02
5.059799957275390625e+01
1.259739990234375000e+02
2.816699981689453125e+01
1.258300018310546875e+01
2.395999908447265625e+00
1.203259963989257812e+02
5.652799987792968750e+01
1.608800048828125000e+02
1.381999969482421875e+01
7.934500122070312500e+01
4.109600067138671875e+01
1.394200038909912109e+01
2.368999958038330078e+00
1.079619979858398438e+02
2.928400039672851562e+01
2.593199920654296875e+01
3.969900131225585938e+01
2.304109954833984375e+02
6.425000190734863281e+00
7.089000225067138672e+00
1.391529998779296875e+02
1.415130004882812500e+02
4.037070007324218750e+02
1.506400012969970703e+01
1.442709960937500000e+02
6.757399749755859375e+01
1.702389984130859375e+02
1.695959930419921875e+02
2.917900085449218750e+01
7.684799957275390625e+01
1.004769973754882812e+02
7.669400024414062500e+01
1.933200073242187500e+01
4.175920104980468750e+02
6.090299987792968750e+01
3.309999847412109375e+01
6.008599853515625000e+01
6.895899963378906250e+01
6.777300262451171875e+01
2.255500030517578125e+01
5.664500045776367188e+01
1.260319976806640625e+02
2.178419952392578125e+02
9.159000396728515625e+00
2.449960021972656250e+02
9.593599700927734375e+01
1.799340057373046875e+02
9.403500366210937500e+01
2.881549987792968750e+02
3.966699981689453125e+01
3.922499847412109375e+01
6.077999877929687500e+01
2.450099945068359375e+02
1.986100006103515625e+01
1.261600017547607422e+01
1.249400043487548828e+01
7.693299865722656250e+01
9.470500183105468750e+01
9.184700012207031250e+01
9.704999923706054688e+00
2.488919982910156250e+02
1.445160064697265625e+02
3.443399810791015625e+01
7.770700073242187500e+01
2.036269989013671875e+02
2.701600074768066406e+01
8.772299957275390625e+01
5.389999866485595703e+00
7.728700256347656250e+01
8.168499755859375000e+01
2.857090148925781250e+02
8.131600189208984375e+01
2.160000038146972656e+01
1.120599975585937500e+02
3.760699844360351562e+01
2.501300048828125000e+01
4.855000019073486328e+00
1.815600013732910156e+01
4.378400039672851562e+01
7.105000019073486328e+00
8.629199981689453125e+01
4.290599822998046875e+01
1.402999973297119141e+01
2.933049926757812500e+02
5.913600158691406250e+01
3.853300094604492188e+01
7.493000030517578125e+01
3.884799957275390625e+01
2.255200004577636719e+01
2.515099906921386719e+01
4.463299942016601562e+01
2.960400009155273438e+01
2.046340026855468750e+02
1.969750061035156250e+02
3.061579895019531250e+02
1.200399971008300781e+01
3.159900093078613281e+01
1.025500011444091797e+01
1.848999977111816406e+01
2.781699943542480469e+01
7.255400085449218750e+01
4.852799987792968750e+01
2.743099975585937500e+01
7.394999980926513672e+00
2.112290039062500000e+02
9.575399780273437500e+01
2.499099922180175781e+01
1.826799964904785156e+01
3.406130065917968750e+02
1.106099987030029297e+01
7.053399658203125000e+01
1.213899993896484375e+01
2.497270050048828125e+02
3.008739929199218750e+02
1.536299991607666016e+01
3.263600158691406250e+01
1.149380035400390625e+02
1.055579986572265625e+02
2.155200004577636719e+01
9.403399658203125000e+01
2.891000032424926758e+00
1.767890014648437500e+02
1.804100036621093750e+01
1.759040069580078125e+02
1.039059982299804688e+02
4.499800109863281250e+01
3.305300140380859375e+01
7.664700317382812500e+01
3.658900070190429688e+01
1.912070007324218750e+02
4.845199966430664062e+01
9.832199859619140625e+01
8.448100280761718750e+01
1.044110031127929688e+02
1.039500045776367188e+01
1.029390029907226562e+02
1.957799911499023438e+01
5.616299819946289062e+01
3.934899902343750000e+01
7.017500305175781250e+01
8.288300323486328125e+01
5.232699966430664062e+01
2.589700012207031250e+02
2.197920074462890625e+02
3.324200057983398438e+01
7.855000305175781250e+01
2.061700057983398438e+01
2.514999961853027344e+01
1.013369979858398438e+02
5.376300048828125000e+01
1.091499996185302734e+01
1.504309997558593750e+02
4.885499954223632812e+01
5.123699951171875000e+01
1.922999978065490723e+00
2.987040100097656250e+02
7.178299713134765625e+01
2.396820068359375000e+02
2.133090057373046875e+02
1.745910034179687500e+02
1.179380035400390625e+02
1.017610015869140625e+02
5.633200073242187500e+01
1.599120025634765625e+02
1.035390014648437500e+02
1.548099994659423828e+01
6.580400085449218750e+01
4.031100082397460938e+01
6.988700103759765625e+01
1.103649978637695312e+02
1.925999999046325684e+00
6.488800048828125000e+01
2.643300056457519531e+01
1.325780029296875000e+02
4.500999832153320312e+01
2.191799926757812500e+01
2.391200065612792969e+01
1.473040008544921875e+02
1.007440032958984375e+02
1.794300079345703125e+01
2.016990051269531250e+02
1.056100006103515625e+02
1.359250030517578125e+02
4.675000190734863281e+00
3.202000045776367188e+01
3.046100044250488281e+01
1.989519958496093750e+02
3.641629943847656250e+02
3.157269897460937500e+02
2.576289978027343750e+02
4.615599822998046875e+01
7.413300323486328125e+01
8.170400238037109375e+01
8.012000274658203125e+01
1.513439941406250000e+02
8.194400024414062500e+01
1.041849975585937500e+02
1.927300071716308594e+01
2.430169982910156250e+02
5.801000118255615234e+00
7.838800048828125000e+01
3.109900093078613281e+01
1.110900020599365234e+01
9.303000450134277344e+00
1.153190002441406250e+02
1.039039993286132812e+02
9.632099914550781250e+01
4.991699981689453125e+01
1.742610015869140625e+02
1.312689971923828125e+02
8.136499786376953125e+01
8.123000144958496094e+00
2.067310028076171875e+02
1.542599964141845703e+01
8.060900115966796875e+01
8.725900268554687500e+01
1.556499958038330078e+01
1.309219970703125000e+02
2.577030029296875000e+02
6.527999877929687500e+01
1.147799968719482422e+01
2.936879882812500000e+02
4.548600006103515625e+01
9.514299774169921875e+01
7.074979858398437500e+02
4.745249938964843750e+02
7.639399719238281250e+01
2.079899978637695312e+01
2.384929962158203125e+02
9.742400360107421875e+01
7.037799835205078125e+01
3.231399917602539062e+01
8.871099853515625000e+01
3.600999832153320312e+01
1.536299991607666016e+01
3.246400070190429688e+01
6.194200134277343750e+01
1.802380065917968750e+02
1.572100067138671875e+02
8.007599639892578125e+01
1.860000038146972656e+01
1.631800079345703125e+01
3.313190002441406250e+02
1.286609954833984375e+02
9.463500213623046875e+01
6.238299942016601562e+01
7.566200256347656250e+01
1.743289947509765625e+02
1.410700035095214844e+01
3.526549987792968750e+02
1.059779968261718750e+02
7.974400329589843750e+01
5.461000061035156250e+01
2.455870056152343750e+02
8.479000091552734375e+00
3.661100006103515625e+01
3.615800094604492188e+01
4.740399932861328125e+01
1.089789962768554688e+02
2.322999954223632812e+01
1.213420028686523438e+02
5.614699935913085938e+01
1.195660018920898438e+02
2.567399978637695312e+01
1.937050018310546875e+02
2.197649993896484375e+02
6.887100219726562500e+01
1.681759948730468750e+02
1.135719985961914062e+02
5.509749755859375000e+02
2.220099945068359375e+02
1.253690032958984375e+02
3.457000122070312500e+02
7.251999855041503906e+00
9.789499664306640625e+01
3.178800010681152344e+01
1.495970001220703125e+02
6.347800064086914062e+01
6.975700378417968750e+01
1.063160018920898438e+02
1.430300045013427734e+01
3.065440063476562500e+02
7.097100067138671875e+01
3.560300064086914062e+01
6.629000186920166016e+00
4.714899826049804688e+01
7.202600097656250000e+01
1.012900009155273438e+02
2.160180053710937500e+02
9.876399993896484375e+01
3.789699935913085938e+01
3.887000122070312500e+02
1.114000034332275391e+01
2.111210021972656250e+02
1.417630004882812500e+02
8.175700378417968750e+01
4.769460144042968750e+02
6.741899871826171875e+01
1.332480010986328125e+02
7.410999774932861328e+00
3.866879882812500000e+02
1.404900054931640625e+02
4.334899902343750000e+01
1.231630020141601562e+02
2.082900047302246094e+01
1.526289978027343750e+02
2.452000045776367188e+01
1.569900054931640625e+02
1.282740020751953125e+02
6.548999786376953125e+00
2.368719940185546875e+02
9.581999969482421875e+01
2.806399917602539062e+01
2.721400070190429688e+01
2.073329925537109375e+02
1.207600021362304688e+02
7.695400238037109375e+01
3.119799995422363281e+01
1.365780029296875000e+02
3.392100143432617188e+01
7.318699645996093750e+01
1.344069976806640625e+02
1.052299976348876953e+01
1.417599964141845703e+01
2.268059997558593750e+02
7.179900360107421875e+01
1.231900024414062500e+01
1.752199935913085938e+01
1.127770004272460938e+02
3.045400047302246094e+01
2.736499977111816406e+01
2.280100059509277344e+01
3.367900085449218750e+02
6.234700012207031250e+01
3.988179931640625000e+02
2.992529907226562500e+02
1.665789947509765625e+02
6.688800048828125000e+01
9.008200073242187500e+01
3.488380126953125000e+02
1.446799926757812500e+02
9.640499877929687500e+01
1.163509979248046875e+02
3.975500106811523438e+01
2.764399909973144531e+01
3.726000070571899414e+00
4.445299911499023438e+01
3.105989990234375000e+02
7.633999824523925781e+00
1.203499984741210938e+01
8.842800140380859375e+01
2.131900024414062500e+01
1.521199989318847656e+01
1.579709930419921875e+02
1.760330047607421875e+02
8.429199981689453125e+01
1.097890014648437500e+02
3.877199935913085938e+01
8.726200103759765625e+01
1.040400028228759766e+01
9.785900115966796875e+01
1.377810058593750000e+02
2.263849945068359375e+02
3.197299957275390625e+01
2.655400085449218750e+02
2.377160034179687500e+02
1.237699985504150391e+01
1.448090057373046875e+02
7.688600158691406250e+01
3.069799995422363281e+01
2.938899993896484375e+01
2.527899932861328125e+01
3.118519897460937500e+02
5.585999965667724609e+00
8.633300018310546875e+01
1.966569976806640625e+02
1.675970001220703125e+02
5.798099899291992188e+01
1.453639984130859375e+02
6.850399780273437500e+01
1.409400024414062500e+02
2.169160003662109375e+02
3.006599998474121094e+01
3.562090148925781250e+02
1.044120025634765625e+02
2.500919952392578125e+02
2.959000110626220703e+00
6.935299682617187500e+01
1.038929977416992188e+02
1.293789978027343750e+02
2.206299972534179688e+01
7.230000019073486328e+00
2.779689941406250000e+02
5.677999877929687500e+01
2.465500068664550781e+01
1.440299987792968750e+01
2.847090148925781250e+02
1.300399971008300781e+01
3.252460021972656250e+02
9.168800354003906250e+01
1.098850021362304688e+02
1.522900009155273438e+01
2.434969940185546875e+02
8.973999786376953125e+01
1.554790039062500000e+02
3.509700012207031250e+01
1.618400001525878906e+01
2.626600074768066406e+01
2.254900054931640625e+02
1.907799911499023438e+01
4.169699859619140625e+01
1.346399974822998047e+01
1.202210006713867188e+02
8.374500274658203125e+01
1.627570037841796875e+02
1.480110015869140625e+02
1.406170043945312500e+02
2.294799995422363281e+01
7.480500030517578125e+01
4.066099929809570312e+01
6.336480102539062500e+02
5.807000160217285156e+00
4.569300079345703125e+01
3.526900100708007812e+01
6.669499969482421875e+01
6.565200042724609375e+01
6.670700073242187500e+01
3.221599960327148438e+01
1.580390014648437500e+02
2.842799949645996094e+01
2.005240020751953125e+02
4.189500045776367188e+01
1.865099906921386719e+01
8.038700103759765625e+01
2.874300003051757812e+01
2.491799926757812500e+01
2.248500061035156250e+01
1.100699996948242188e+02
1.307760009765625000e+02
3.473200073242187500e+02
7.320800018310546875e+01
2.519000053405761719e+01
1.212409973144531250e+02
1.962599945068359375e+02
4.231700134277343750e+01
6.612200164794921875e+01
7.776000022888183594e+00
1.259899997711181641e+01
2.118099975585937500e+01
5.702799987792968750e+01
2.441450042724609375e+02
1.508609924316406250e+02
1.483410034179687500e+02
2.107799911499023438e+01
2.616270141601562500e+02
3.063890075683593750e+02
1.811300048828125000e+02
1.725600051879882812e+01
3.985699844360351562e+01
3.260999917984008789e+00
1.209449996948242188e+02
4.722999954223632812e+01
5.414400100708007812e+01
1.733499908447265625e+01
9.545999526977539062e+00
3.036400032043457031e+01
6.958000183105468750e+00
6.425199890136718750e+01
2.716889953613281250e+02
2.343139953613281250e+02
4.508300018310546875e+01
3.716899871826171875e+01
2.577680053710937500e+02
2.376540069580078125e+02
5.430199813842773438e+01
8.346900177001953125e+01
1.628000020980834961e+00
3.761520080566406250e+02
9.301499938964843750e+01
1.737729949951171875e+02
6.371900177001953125e+01
4.310800170898437500e+01
3.440999984741210938e+00
1.074919967651367188e+02
5.864619750976562500e+02
3.994999885559082031e+00
8.100999832153320312e+00
5.777799987792968750e+01
8.064700317382812500e+01
1.217700004577636719e+01
1.019499969482421875e+01
2.595800018310546875e+01
4.518099975585937500e+01
3.060499954223632812e+01
2.826300048828125000e+01
9.522299957275390625e+01
1.006819992065429688e+02
1.291470031738281250e+02
1.170970001220703125e+02
2.427000045776367188e+01
3.965800094604492188e+01
1.826840057373046875e+02
1.634949951171875000e+02
1.039680023193359375e+02
5.679299926757812500e+01
1.869089965820312500e+02
3.015500068664550781e+01
3.257300109863281250e+02
4.323999881744384766e+00
2.406500053405761719e+01
6.188000202178955078e+00
1.140479965209960938e+02
1.262890014648437500e+02
3.213800048828125000e+01
1.150329971313476562e+02
1.134410018920898438e+02
1.556390075683593750e+02
7.524700164794921875e+01
9.607499694824218750e+01
3.672900009155273438e+01
6.688700103759765625e+01
7.827500152587890625e+01
8.167299652099609375e+01
7.663300323486328125e+01
7.373000144958496094e+00
1.831909942626953125e+02
2.194499969482421875e+01
3.162500000000000000e+01
8.456900024414062500e+01
8.805000305175781250e+00
6.411000061035156250e+01
3.153199958801269531e+01
2.118600006103515625e+02
5.569100189208984375e+01
7.696499633789062500e+01
6.225400161743164062e+01
5.985499954223632812e+01
8.612000465393066406e+00
9.701100158691406250e+01
4.177899932861328125e+01
2.887299919128417969e+01
5.195000171661376953e+00
7.025599670410156250e+01
9.020400238037109375e+01
2.730350036621093750e+02
4.809199905395507812e+01
4.053300094604492188e+01
2.755599975585937500e+01
2.969000053405761719e+01
2.417960052490234375e+02
1.025459976196289062e+02
2.198979949951171875e+02
7.751300048828125000e+01
1.297500038146972656e+01
7.164999961853027344e+00
3.119750061035156250e+02
3.536109924316406250e+02
9.582800292968750000e+01
1.693809967041015625e+02
1.065070037841796875e+02
7.275199890136718750e+01
1.418619995117187500e+02
7.028500366210937500e+01
1.282800006866455078e+01
2.720289916992187500e+02
4.776699829101562500e+01
