6.185148925781250000e+03
3.234596093750000000e+04
1.195691040039062500e+03
3.509968359375000000e+04
4.833000183105468750e+00
1.314197021484375000e+03
4.104671484375000000e+04
1.211299991607666016e+01
5.284379882812500000e+03
1.050120312500000000e+04
4.380339843750000000e+03
1.458954492187500000e+04
1.807401000976562500e+03
2.478105957031250000e+03
8.411948242187500000e+03
6.640483886718750000e+03
4.901800155639648438e+01
4.149190917968750000e+03
1.789280029296875000e+03
7.807674804687500000e+03
1.294653906250000000e+04
2.139555664062500000e+04
6.753790625000000000e+04
9.319239843750000000e+04
2.149067187500000000e+04
5.613546875000000000e+03
5.081700134277343750e+01
3.441700390625000000e+04
1.718300056457519531e+01
1.135062304687500000e+04
2.506500976562500000e+04
2.409012304687500000e+04
3.094418945312500000e+04
7.889397656250000000e+04
1.926993041992187500e+03
1.473906005859375000e+03
3.912251171875000000e+04
5.681450195312500000e+02
3.980999946594238281e+00
7.246688964843750000e+03
4.234161132812500000e+03
2.659900093078613281e+01
3.964799880981445312e+01
3.056156005859375000e+03
1.638299942016601562e+01
5.786213867187500000e+03
4.611995312500000000e+04
2.735008984375000000e+04
6.223920312500000000e+04
1.101339062500000000e+04
8.365007031250000000e+04
2.961837890625000000e+04
9.178288281250000000e+04
2.922400093078613281e+01
2.867919921875000000e+03
1.152139968872070312e+02
1.720000076293945312e+01
2.213601074218750000e+03
8.858471679687500000e+03
2.309984570312500000e+04
7.148969726562500000e+02
6.346894531250000000e+04
5.647000122070312500e+01
3.399864843750000000e+04
2.291265820312500000e+04
1.493460000000000000e+05
5.125817187500000000e+04
3.397100067138671875e+01
5.550000190734863281e+00
4.713259887695312500e+02
4.784287109375000000e+03
1.575814062500000000e+04
1.198079980468750000e+04
4.133785546875000000e+04
1.363274687500000000e+05
4.366426953125000000e+04
2.198572851562500000e+04
8.481821093750000000e+04
6.005849121093750000e+03
2.794943945312500000e+04
9.608758789062500000e+03
4.842088867187500000e+03
2.083724121093750000e+03
1.142399978637695312e+01
2.366799926757812500e+01
9.453000068664550781e+00
9.317997070312500000e+03
8.488732031250000000e+04
4.941596484375000000e+04
1.225886250000000000e+05
2.928566210937500000e+04
4.261300000000000000e+04
3.583443115234375000e+03
4.574395703125000000e+04
2.739018554687500000e+04
3.025000095367431641e+00
7.386235156250000000e+04
3.005061035156250000e+03
2.163809375000000000e+04
1.136133105468750000e+04
3.197154296875000000e+04
1.075963012695312500e+03
3.991044921875000000e+03
1.111968457031250000e+04
4.828007812500000000e+03
3.315708984375000000e+04
8.932999610900878906e+00
2.315790039062500000e+03
4.309469909667968750e+02
1.494251660156250000e+04
2.683104687500000000e+04
2.192427148437500000e+04
6.660134765625000000e+03
4.219826171875000000e+03
2.942998437500000000e+04
1.897299957275390625e+01
3.182389062500000000e+04
6.855520996093750000e+03
2.486172851562500000e+04
1.258995971679687500e+03
2.421501562500000000e+04
5.927502929687500000e+03
7.476638183593750000e+03
8.582410278320312500e+02
6.234700012207031250e+01
2.819304931640625000e+03
2.559703515625000000e+04
4.955705078125000000e+03
1.503956445312500000e+04
4.019784912109375000e+03
1.539706933593750000e+04
9.712071289062500000e+03
3.073374414062500000e+04
6.418926171875000000e+04
5.666865234375000000e+03
1.128182006835937500e+03
1.111387500000000000e+04
2.393973437500000000e+04
2.713404101562500000e+04
1.245058203125000000e+04
5.624900054931640625e+01
3.015958984375000000e+03
1.510645312500000000e+04
2.945570068359375000e+03
1.675681250000000000e+04
1.777470507812500000e+04
9.412632812500000000e+04
1.146780029296875000e+03
2.936800003051757812e+01
4.687040100097656250e+02
1.062330761718750000e+04
4.477219238281250000e+03
1.269211718750000000e+04
7.224454101562500000e+03
6.462506835937500000e+03
1.688903710937500000e+04
1.156995214843750000e+04
9.336631250000000000e+04
5.151674218750000000e+04
2.277499961853027344e+01
7.507240234375000000e+03
1.451382031250000000e+04
9.563887695312500000e+03
9.281501953125000000e+03
1.000659375000000000e+04
1.342331738281250000e+04
1.015579218750000000e+05
1.336380859375000000e+04
9.748838867187500000e+03
1.945975195312500000e+04
4.742091406250000000e+04
1.786722812500000000e+05
1.915940625000000000e+04
2.841780090332031250e+02
2.619165820312500000e+04
3.239525878906250000e+03
1.936422656250000000e+04
8.826310546875000000e+03
1.869098999023437500e+03
1.233327832031250000e+04
2.135830273437500000e+04
1.686062011718750000e+03
8.041000366210937500e+00
3.218877929687500000e+03
1.286999969482421875e+02
3.183686035156250000e+03
7.172340087890625000e+02
3.654700088500976562e+01
3.516793359375000000e+04
4.656800781250000000e+03
2.567883789062500000e+04
9.728120312500000000e+04
2.146449951171875000e+03
4.043930078125000000e+04
1.329399967193603516e+01
2.191145996093750000e+03
9.112709960937500000e+03
2.211056640625000000e+04
6.977000236511230469e+00
1.971959375000000000e+04
1.874354687500000000e+04
6.670148925781250000e+03
4.978384765625000000e+03
1.582222460937500000e+04
1.522208007812500000e+03
2.240769958496093750e+02
7.563314843750000000e+04
8.127451171875000000e+03
6.964005468750000000e+04
4.270204687500000000e+04
3.242406640625000000e+04
2.513199996948242188e+01
5.238323437500000000e+04
1.186324023437500000e+04
9.602028320312500000e+03
6.729002343750000000e+04
1.855663281250000000e+04
1.150254453125000000e+05
1.176154687500000000e+04
9.931888671875000000e+03
6.473064062500000000e+04
1.163697656250000000e+05
3.364799880981445312e+01
2.444059960937500000e+04
3.658778906250000000e+04
1.066242187500000000e+04
4.680481933593750000e+03
1.150875781250000000e+04
7.847687011718750000e+03
6.029978027343750000e+03
1.577570996093750000e+04
2.631719531250000000e+04
2.283544921875000000e+03
1.094924023437500000e+04
5.478666406250000000e+04
1.905183007812500000e+04
5.899007812500000000e+03
2.615908789062500000e+04
2.434775781250000000e+04
6.054600143432617188e+01
7.092113769531250000e+03
1.614842187500000000e+05
1.320988037109375000e+03
5.308066015625000000e+04
3.198516113281250000e+03
4.659853906250000000e+04
5.296848437500000000e+04
1.012253613281250000e+04
3.051104003906250000e+03
2.503235107421875000e+03
1.439360046386718750e+02
1.450154785156250000e+04
1.231940002441406250e+02
4.049739990234375000e+02
5.151107910156250000e+03
2.203698974609375000e+03
2.349939843750000000e+04
1.025407910156250000e+04
1.194072070312500000e+04
1.271569531250000000e+04
3.323030029296875000e+03
2.072900009155273438e+01
2.164577539062500000e+04
3.691600036621093750e+01
1.590672851562500000e+04
1.511125488281250000e+04
1.312273125000000000e+05
1.188732265625000000e+05
4.578000068664550781e+00
5.038173828125000000e+03
1.885000038146972656e+01
7.536644531250000000e+04
1.462480761718750000e+04
3.058438867187500000e+04
2.554100036621093750e+01
9.973904296875000000e+03
1.415957617187500000e+04
2.217362109375000000e+04
4.778090625000000000e+04
1.002499707031250000e+04
2.731604003906250000e+03
7.999610156250000000e+04
5.058671875000000000e+03
1.838292578125000000e+04
7.930828125000000000e+03
1.253600025177001953e+01
4.465880000000000000e+05
1.112020156250000000e+05
1.181099987030029297e+01
1.284492578125000000e+04
5.263720092773437500e+02
2.410638085937500000e+04
3.192905078125000000e+04
2.306371289062500000e+04
2.503236523437500000e+04
1.081567089843750000e+04
5.474252929687500000e+03
1.771053320312500000e+04
3.178887890625000000e+04
2.222947460937500000e+04
4.341860937500000000e+04
5.064637207031250000e+03
8.201949218750000000e+04
1.709049843750000000e+05
1.170684179687500000e+04
1.075915722656250000e+04
3.056641992187500000e+04
6.790076171875000000e+03
1.771880468750000000e+04
2.886103906250000000e+04
2.422035888671875000e+03
7.236655761718750000e+03
5.393424804687500000e+03
1.367601562500000000e+05
8.452140625000000000e+04
2.168075976562500000e+04
1.362355957031250000e+03
4.874514160156250000e+03
7.453357031250000000e+04
1.415999984741210938e+01
1.609700012207031250e+01
3.660990966796875000e+03
2.770312988281250000e+03
8.257230224609375000e+02
8.114436035156250000e+03
1.862514843750000000e+04
3.606948828125000000e+04
2.006182983398437500e+03
2.808099937438964844e+01
1.023395019531250000e+03
5.759291015625000000e+04
1.011884667968750000e+04
1.207246582031250000e+04
2.916046875000000000e+04
4.971007812500000000e+03
3.951143359375000000e+04
1.145052001953125000e+03
1.499390722656250000e+04
1.909850781250000000e+04
1.314602539062500000e+04
1.866712036132812500e+03
2.147111914062500000e+04
6.180041015625000000e+03
6.816729687500000000e+04
6.401612792968750000e+03
3.839787109375000000e+03
2.655083593750000000e+04
2.308123632812500000e+04
7.793956250000000000e+04
4.756709899902343750e+02
4.795021972656250000e+03
5.608205078125000000e+03
1.090682519531250000e+04
1.867339843750000000e+04
9.640999794006347656e+00
1.193795214843750000e+04
8.504763671875000000e+03
1.553683007812500000e+04
3.289491796875000000e+04
1.936786132812500000e+04
6.991320190429687500e+02
2.067394042968750000e+03
3.932947265625000000e+04
9.453752343750000000e+04
1.677120971679687500e+03
6.381208203125000000e+04
2.976499938964843750e+01
6.244437011718750000e+03
4.091825927734375000e+03
2.227238281250000000e+04
8.718229980468750000e+02
3.155890820312500000e+04
2.494035156250000000e+04
5.142156250000000000e+04
3.353074218750000000e+04
2.776406005859375000e+03
5.549800109863281250e+01
4.261658203125000000e+03
2.252400016784667969e+01
7.671286132812500000e+03
4.282174804687500000e+03
2.188697812500000000e+05
2.538479003906250000e+03
3.491603906250000000e+04
3.820509033203125000e+03
2.352599906921386719e+01
1.754800033569335938e+01
1.408750000000000000e+03
3.698364062500000000e+04
2.132489929199218750e+02
7.663809082031250000e+03
3.555630859375000000e+04
2.122704492187500000e+04
1.162399959564208984e+01
2.562975390625000000e+04
4.751999855041503906e+00
3.949030151367187500e+02
1.155724218750000000e+04
2.387139892578125000e+03
5.323095214843750000e+03
1.398774843750000000e+05
7.907139160156250000e+03
4.668430078125000000e+04
1.190999984741210938e+01
7.676934082031250000e+03
3.029942187500000000e+04
2.492697998046875000e+03
1.835293750000000000e+04
3.143845947265625000e+03
6.764984863281250000e+03
4.116137207031250000e+03
3.527033984375000000e+04
5.679800033569335938e+01
1.489899609375000000e+04
2.510895996093750000e+03
6.908240234375000000e+03
6.766100311279296875e+01
1.778600585937500000e+04
6.536517089843750000e+03
3.727465625000000000e+04
2.068528076171875000e+03
1.323400020599365234e+01
4.732980041503906250e+02
4.641539916992187500e+02
1.111237060546875000e+03
5.264873046875000000e+03
3.551810058593750000e+03
1.868198632812500000e+04
1.090839257812500000e+04
4.990978027343750000e+03
1.306980078125000000e+04
2.945936718750000000e+04
1.971295117187500000e+04
3.159980468750000000e+04
1.200616015625000000e+04
1.305485546875000000e+04
3.000445703125000000e+04
1.214152734375000000e+04
2.833731640625000000e+04
1.707127539062500000e+04
5.753354980468750000e+03
1.245431030273437500e+03
4.602573828125000000e+04
5.085000038146972656e+00
6.626300048828125000e+01
2.781305908203125000e+03
1.439759979248046875e+02
5.486727343750000000e+04
1.398461523437500000e+04
2.265157031250000000e+04
4.733619140625000000e+03
6.908976074218750000e+03
8.094642187500000000e+04
4.000884033203125000e+03
2.303400039672851562e+01
4.077339111328125000e+03
8.288487304687500000e+03
9.211840209960937500e+02
2.424031982421875000e+03
2.712500000000000000e+01
3.485967968750000000e+04
5.746362792968750000e+03
2.018700027465820312e+01
6.722650146484375000e+02
1.369569946289062500e+03
4.950539855957031250e+02
1.043750976562500000e+03
9.903788281250000000e+04
6.162435546875000000e+04
7.125999927520751953e+00
3.101760937500000000e+04
1.517980041503906250e+02
2.043078710937500000e+04
2.340618896484375000e+03
5.581999778747558594e+00
5.716000080108642578e+00
3.748135156250000000e+04
3.068847851562500000e+04
9.142000198364257812e+00
2.164079101562500000e+03
2.358327734375000000e+04
2.302199935913085938e+01
6.934200195312500000e+03
6.092200088500976562e+01
4.429425781250000000e+04
4.949876953125000000e+03
3.445070068359375000e+03
1.372399997711181641e+01
1.836820068359375000e+02
3.289587109375000000e+04
8.195365234375000000e+03
6.785581054687500000e+03
8.599550170898437500e+02
4.633582812500000000e+04
4.362337890625000000e+03
1.441027636718750000e+04
1.836700057983398438e+01
5.737999916076660156e+00
1.019371386718750000e+04
1.096378051757812500e+03
2.144099998474121094e+01
1.856685351562500000e+04
2.117835937500000000e+03
6.657000064849853516e+00
9.811021484375000000e+03
4.473135937500000000e+04
4.405740051269531250e+02
3.189008056640625000e+03
1.245450390625000000e+04
1.131574414062500000e+04
3.357354980468750000e+03
7.826028808593750000e+03
1.833686523437500000e+04
5.469265136718750000e+03
5.324429931640625000e+02
2.827058007812500000e+04
3.072299957275390625e+01
4.264719848632812500e+02
1.012571679687500000e+04
2.482896093750000000e+04
9.259793945312500000e+03
2.666041406250000000e+04
8.864842773437500000e+03
1.215400028228759766e+01
7.016763281250000000e+04
1.379968066406250000e+04
3.738571044921875000e+03
4.996400070190429688e+01
1.422096777343750000e+04
2.186000976562500000e+04
9.234292187500000000e+04
1.468850781250000000e+04
3.689607421875000000e+04
8.421209960937500000e+03
1.749636328125000000e+04
2.173823242187500000e+04
7.738939819335937500e+02
3.942220703125000000e+04
3.386653906250000000e+04
2.328900585937500000e+04
7.299270019531250000e+02
9.383233398437500000e+03
6.087607910156250000e+03
2.950924023437500000e+04
3.402590087890625000e+03
1.055334277343750000e+04
2.045990625000000000e+04
1.079676757812500000e+04
6.822132812500000000e+03
3.647579101562500000e+03
3.931674072265625000e+03
1.023264941406250000e+04
2.049411328125000000e+04
9.033000183105468750e+01
1.768346875000000000e+04
6.839649902343750000e+03
1.951448242187500000e+04
7.857955078125000000e+03
1.134514038085937500e+03
2.125958007812500000e+03
5.510226953125000000e+04
1.438899993896484375e+01
2.679596093750000000e+04
7.406680297851562500e+02
2.738460083007812500e+02
1.904470062255859375e+02
1.102265136718750000e+04
2.019280859375000000e+04
1.430059667968750000e+04
7.300859985351562500e+02
2.963655078125000000e+04
5.985661718750000000e+04
6.156586914062500000e+03
5.817001953125000000e+03
9.034810180664062500e+02
7.076600097656250000e+03
5.294819824218750000e+03
1.517317285156250000e+04
3.865177001953125000e+03
2.173399925231933594e+01
4.857706054687500000e+03
4.274021093750000000e+04
3.795653076171875000e+03
3.330099868774414062e+01
2.522161132812500000e+04
4.031396484375000000e+04
1.311744531250000000e+04
4.304763281250000000e+04
9.583999633789062500e+00
3.784516113281250000e+03
2.892200088500976562e+01
2.672573828125000000e+04
6.322260131835937500e+02
4.561500167846679688e+01
2.227652148437500000e+04
2.760793750000000000e+05
1.060590859375000000e+05
2.360289257812500000e+04
1.702018750000000000e+04
8.424819946289062500e+02
2.680308593750000000e+04
1.118451562500000000e+04
4.925936035156250000e+03
1.086242285156250000e+04
2.689576562500000000e+04
1.396993359375000000e+04
1.653157617187500000e+04
2.743398925781250000e+03
5.198710546875000000e+04
1.271419982910156250e+02
3.778924218750000000e+04
1.185656445312500000e+04
1.940461718750000000e+04
7.712060058593750000e+03
1.924076367187500000e+04
1.235302734375000000e+04
8.816489868164062500e+02
1.778895703125000000e+04
9.304651367187500000e+03
2.644663085937500000e+03
2.564523925781250000e+03
6.065000057220458984e+00
1.118710351562500000e+04
9.529555664062500000e+03
2.117810058593750000e+03
2.937938964843750000e+03
2.769389257812500000e+04
6.345608886718750000e+03
2.003472460937500000e+04
2.890104003906250000e+03
1.417331542968750000e+04
1.844647265625000000e+04
7.196980957031250000e+03
9.788353515625000000e+03
1.312429980468750000e+04
1.308761035156250000e+04
3.176313476562500000e+04
5.110679199218750000e+03
3.572548095703125000e+03
1.047489990234375000e+03
2.606942187500000000e+04
3.248277929687500000e+04
4.980872656250000000e+04
2.339759979248046875e+02
1.204699993133544922e+01
2.707286132812500000e+04
3.010854003906250000e+03
7.670217773437500000e+03
3.636700057983398438e+01
3.480043359375000000e+04
2.480941894531250000e+03
3.025007080078125000e+03
1.951222656250000000e+04
8.930971679687500000e+03
4.895392089843750000e+03
2.436363085937500000e+04
2.953682031250000000e+04
6.953000068664550781e+00
6.569444531250000000e+04
1.367414843750000000e+04
5.111000061035156250e+00
6.276807421875000000e+04
3.886718359375000000e+04
4.213845214843750000e+03
1.839971484375000000e+04
2.898590087890625000e+02
3.906853027343750000e+03
2.257823437500000000e+04
1.486024804687500000e+04
2.822904296875000000e+04
3.108106933593750000e+03
3.956000089645385742e+00
3.279792968750000000e+04
4.448844238281250000e+03
2.309530029296875000e+03
1.215282958984375000e+03
5.023184082031250000e+03
8.777233398437500000e+03
1.977126367187500000e+04
2.123712890625000000e+04
1.743818750000000000e+04
5.511592773437500000e+03
5.466910546875000000e+04
2.387610546875000000e+04
5.465230102539062500e+02
2.908896875000000000e+04
1.454800033569335938e+01
2.180555273437500000e+04
2.425604687500000000e+04
5.143485839843750000e+03
6.775972656250000000e+04
1.035053906250000000e+04
2.620956054687500000e+03
5.043683105468750000e+03
5.093154687500000000e+04
6.655943750000000000e+04
2.732022949218750000e+03
3.624658935546875000e+03
1.555324511718750000e+04
1.956334960937500000e+04
4.882690234375000000e+04
1.555406982421875000e+03
1.098170312500000000e+04
1.451299953460693359e+01
6.276712890625000000e+03
2.636114453125000000e+04
2.457181445312500000e+04
1.541046386718750000e+04
6.941233886718750000e+03
1.596058691406250000e+04
2.039500976562500000e+04
3.075927978515625000e+03
4.465429992675781250e+02
2.755599975585937500e+01
1.589059667968750000e+04
2.355500030517578125e+01
7.434999218750000000e+04
1.416954687500000000e+04
5.633140258789062500e+02
1.522308203125000000e+04
2.020357031250000000e+04
2.957900047302246094e+01
1.296185644531250000e+04
1.135962304687500000e+04
9.333999633789062500e+00
5.369136230468750000e+03
1.905014453125000000e+04
2.842682031250000000e+04
1.456717968750000000e+04
3.440999984741210938e+00
2.671860107421875000e+03
1.611518066406250000e+04
1.619028515625000000e+04
1.029946044921875000e+03
3.688053906250000000e+04
1.580510156250000000e+04
2.991784912109375000e+03
3.165055273437500000e+04
2.543857226562500000e+04
2.868718017578125000e+03
8.518168945312500000e+03
4.396952734375000000e+04
3.625881103515625000e+03
1.048954003906250000e+04
5.890295312500000000e+04
1.155568847656250000e+04
1.184678027343750000e+04
1.016151757812500000e+04
2.912960937500000000e+04
2.326996093750000000e+03
2.721727539062500000e+04
2.235060058593750000e+03
3.059382080078125000e+03
2.195386718750000000e+04
2.589709765625000000e+04
2.835226074218750000e+03
1.640060546875000000e+04
4.405699920654296875e+01
1.277555859375000000e+04
2.760353320312500000e+04
1.236176660156250000e+04
2.850325927734375000e+03
1.639111718750000000e+05
9.463583007812500000e+03
7.748815917968750000e+03
3.185672070312500000e+04
5.644000053405761719e+00
3.861116943359375000e+03
5.298101562500000000e+04
5.583668945312500000e+03
1.518711059570312500e+03
2.225064062500000000e+04
2.366501562500000000e+04
4.280933105468750000e+03
1.392349316406250000e+04
3.922399902343750000e+01
8.135521972656250000e+03
3.200532031250000000e+04
2.622326904296875000e+03
7.986699676513671875e+01
1.187399902343750000e+04
8.647841796875000000e+03
1.556569531250000000e+04
1.080567993164062500e+03
4.421442578125000000e+04
1.152503125000000000e+04
4.031850097656250000e+03
4.331412109375000000e+03
1.365409863281250000e+04
2.064942773437500000e+04
1.448659472656250000e+04
1.030484277343750000e+04
1.166671250000000000e+05
1.406415722656250000e+04
6.180754882812500000e+03
7.744871875000000000e+04
1.109759979248046875e+02
1.202132031250000000e+04
2.753499984741210938e+01
1.027337304687500000e+04
2.858281982421875000e+03
1.277161621093750000e+04
2.391642382812500000e+04
2.272947021484375000e+03
1.413899511718750000e+04
7.823660278320312500e+02
1.763999938964843750e+01
1.432431030273437500e+03
1.555163671875000000e+04
2.064884570312500000e+04
2.443632226562500000e+04
6.243070703125000000e+04
4.027420043945312500e+02
2.644302001953125000e+03
2.421287109375000000e+03
8.414650268554687500e+02
5.462130126953125000e+02
1.851399993896484375e+01
1.657043945312500000e+04
6.437274902343750000e+03
1.916990051269531250e+02
9.583959960937500000e+03
1.734644921875000000e+04
3.848770996093750000e+03
6.029946777343750000e+03
3.332279968261718750e+02
2.068742919921875000e+03
3.597215087890625000e+03
1.575697558593750000e+04
9.946449218750000000e+04
2.309716015625000000e+04
1.360099983215332031e+01
6.372381835937500000e+03
1.427000045776367188e+01
7.452338281250000000e+04
7.306166992187500000e+03
8.688130859375000000e+03
4.815118750000000000e+04
2.854828515625000000e+04
7.084799804687500000e+03
2.882253320312500000e+04
7.632244140625000000e+03
1.122890014648437500e+02
4.875748046875000000e+03
7.075739746093750000e+02
7.716920166015625000e+02
1.750696875000000000e+04
3.058212695312500000e+04
3.200882031250000000e+04
1.058068969726562500e+03
3.505641113281250000e+03
1.913003320312500000e+04
1.175135546875000000e+05
3.279199981689453125e+01
6.092599868774414062e+01
1.821665625000000000e+04
7.811030273437500000e+02
9.186959838867187500e+02
3.642499923706054688e+01
2.398200035095214844e+01
1.896934179687500000e+04
3.132396289062500000e+04
1.728433789062500000e+04
1.387339935302734375e+02
6.989548828125000000e+03
7.666310058593750000e+03
2.882304687500000000e+04
1.802499804687500000e+04
9.567999839782714844e+00
1.209393554687500000e+04
2.349075000000000000e+04
1.296739990234375000e+03
1.368024843750000000e+05
2.514305908203125000e+03
8.037717773437500000e+03
1.050057983398437500e+03
1.120288359375000000e+05
1.142421972656250000e+04
2.673495117187500000e+03
8.752612304687500000e+03
5.089699218750000000e+03
1.553193847656250000e+04
4.222340087890625000e+02
2.023999929428100586e+00
1.963800048828125000e+01
5.248889160156250000e+03
8.709871093750000000e+03
1.311088012695312500e+03
1.260744238281250000e+04
1.667946875000000000e+04
1.510700035095214844e+01
1.293000030517578125e+01
3.079484179687500000e+04
4.572466796875000000e+04
2.392467578125000000e+04
2.674493164062500000e+04
1.274630273437500000e+04
1.869786010742187500e+03
2.833403076171875000e+03
6.879000091552734375e+01
4.899202148437500000e+03
4.628454101562500000e+03
1.695304492187500000e+04
4.698650878906250000e+03
6.767189843750000000e+04
5.398542968750000000e+04
7.036807128906250000e+03
6.561715625000000000e+04
1.493158593750000000e+04
8.078247070312500000e+03
1.967958984375000000e+04
7.713350000000000000e+04
4.511444531250000000e+04
7.263454101562500000e+03
7.960121093750000000e+03
1.563939160156250000e+04
3.052608984375000000e+04
2.215705078125000000e+03
1.130821044921875000e+03
4.546090087890625000e+02
1.473281982421875000e+03
5.007600021362304688e+01
4.605113671875000000e+04
7.374301757812500000e+03
2.633413867187500000e+04
1.160799980163574219e+01
3.105357910156250000e+03
3.005100059509277344e+01
8.340219726562500000e+02
3.161074951171875000e+03
1.362021093750000000e+05
1.108110961914062500e+03
3.969885156250000000e+04
2.270560937500000000e+04
9.861710205078125000e+02
4.978703125000000000e+03
2.158486083984375000e+03
1.516895996093750000e+03
6.629799804687500000e+02
1.778820037841796875e+02
1.667398046875000000e+04
1.574358203125000000e+04
1.064745703125000000e+04
4.803314843750000000e+04
8.339619750976562500e+02
2.713523437500000000e+04
1.718700027465820312e+01
5.684999942779541016e+00
1.489992480468750000e+04
7.427507031250000000e+04
1.272323144531250000e+04
1.799992968750000000e+04
7.504111816406250000e+03
1.210829589843750000e+04
1.274892382812500000e+04
2.184513916015625000e+03
1.948581445312500000e+04
7.059017089843750000e+03
1.166696777343750000e+04
1.328701049804687500e+03
3.585400009155273438e+01
3.014524902343750000e+03
9.834419531250000000e+04
2.845709960937500000e+04
1.279167578125000000e+04
1.350379843750000000e+05
4.695000171661376953e+00
8.315000000000000000e+02
3.847128906250000000e+03
4.775500000000000000e+04
3.091339111328125000e+03
2.422571484375000000e+04
1.109668945312500000e+03
8.984066406250000000e+03
1.548801025390625000e+03
9.363289062500000000e+03
6.567686035156250000e+03
6.109153906250000000e+04
1.022000026702880859e+01
7.065891113281250000e+03
1.008127636718750000e+04
1.430253320312500000e+04
3.820542968750000000e+03
1.041242089843750000e+04
4.778513281250000000e+04
2.123272265625000000e+04
9.113607421875000000e+03
4.325332031250000000e+04
1.425940625000000000e+04
7.112731250000000000e+04
9.176841796875000000e+03
6.127938281250000000e+04
2.478516015625000000e+04
3.371290039062500000e+03
4.632036132812500000e+03
2.342694091796875000e+03
7.197946777343750000e+03
1.124800014495849609e+01
1.624150000000000000e+04
1.792604882812500000e+04
