1.621195781250000000e+05
2.074909973144531250e+02
9.947999954223632812e+00
9.840692968750000000e+04
1.120289993286132812e+02
2.576000022888183594e+01
7.858714062500000000e+04
9.312806250000000000e+04
2.137787968750000000e+05
5.891654687500000000e+04
3.779567187500000000e+04
1.535769958496093750e+02
2.335300064086914062e+01
6.086446777343750000e+03
8.365060156250000000e+04
2.002561328125000000e+04
1.811439971923828125e+02
3.262268164062500000e+04
9.856436718750000000e+04
7.387777343750000000e+04
1.020541875000000000e+05
2.674552001953125000e+03
7.033137500000000000e+04
1.160299987792968750e+02
3.811565625000000000e+04
6.333299804687500000e+03
2.049949951171875000e+02
7.750682812500000000e+04
8.805637500000000000e+04
1.366147656250000000e+05
2.285574218750000000e+04
2.836010131835937500e+02
1.467800045013427734e+01
2.130514453125000000e+04
1.356564941406250000e+03
4.356590625000000000e+05
4.224429931640625000e+02
1.139322421875000000e+05
2.032495000000000000e+05
3.418747070312500000e+03
1.456340026855468750e+02
1.064993984375000000e+05
1.469135253906250000e+04
3.741229003906250000e+03
1.085993164062500000e+04
1.590493041992187500e+03
7.272928906250000000e+04
2.763878906250000000e+03
1.585728906250000000e+05
8.557412109375000000e+03
3.683914062500000000e+03
8.831203125000000000e+03
1.140027265625000000e+05
8.070400238037109375e+01
1.580618041992187500e+03
9.783674804687500000e+03
3.426239929199218750e+02
9.711913085937500000e+03
7.509181152343750000e+03
1.074762402343750000e+04
5.460443750000000000e+04
3.483662109375000000e+04
5.721129760742187500e+02
7.670126953125000000e+03
1.920364648437500000e+04
1.649315429687500000e+04
1.933707226562500000e+04
1.906800048828125000e+03
3.652885986328125000e+03
2.893579062500000000e+05
5.111654785156250000e+03
2.526199913024902344e+01
9.856512500000000000e+04
1.431150054931640625e+02
1.216647558593750000e+04
1.502580156250000000e+05
4.288350097656250000e+03
2.984872070312500000e+03
5.510327148437500000e+03
1.023970625000000000e+05
9.724295312500000000e+04
7.753330078125000000e+02
1.540209960937500000e+02
9.447509765625000000e+02
1.830497812500000000e+05
2.346250000000000000e+03
3.329425048828125000e+03
1.019249453125000000e+05
1.121922753906250000e+04
3.432550048828125000e+02
7.451588867187500000e+03
5.831095214843750000e+03
2.031684765625000000e+04
1.609011962890625000e+03
4.697399902343750000e+01
1.890063085937500000e+04
3.606846923828125000e+03
3.836919921875000000e+04
6.156191894531250000e+03
4.574012890625000000e+04
2.092312304687500000e+04
5.687483203125000000e+04
2.070663085937500000e+03
1.479687968750000000e+05
3.234199905395507812e+01
2.430480041503906250e+02
1.283719940185546875e+02
1.084444531250000000e+04
3.870660888671875000e+03
3.828307812500000000e+04
2.055619964599609375e+02
1.062895781250000000e+05
1.081331054687500000e+03
7.103507812500000000e+04
2.452012304687500000e+04
3.153629492187500000e+04
2.368542968750000000e+03
2.303696289062500000e+04
8.797650000000000000e+04
2.441559765625000000e+04
4.150452148437500000e+03
1.330339941406250000e+04
5.129409790039062500e+02
7.997371093750000000e+04
5.577654785156250000e+03
3.154549865722656250e+02
1.942251953125000000e+04
5.692131250000000000e+04
2.441652343750000000e+04
1.537604003906250000e+03
1.283211035156250000e+04
3.774198828125000000e+04
1.298231054687500000e+04
1.207536621093750000e+04
1.469946972656250000e+04
7.584999847412109375e+01
3.768729858398437500e+02
1.782489013671875000e+03
1.823521972656250000e+03
1.642681640625000000e+04
4.996350097656250000e+02
2.803174687500000000e+05
1.182195781250000000e+05
1.594083007812500000e+03
3.685765625000000000e+04
1.483847753906250000e+04
2.224256875000000000e+05
7.400379687500000000e+04
6.648104003906250000e+03
3.706799926757812500e+02
2.166560058593750000e+02
3.646900390625000000e+04
1.819386962890625000e+03
4.254788085937500000e+03
7.884449218750000000e+03
4.488713281250000000e+04
6.708740625000000000e+04
3.654499816894531250e+01
2.438218750000000000e+04
9.962941406250000000e+04
1.873950042724609375e+02
3.508880004882812500e+02
1.670188437500000000e+05
1.695351171875000000e+04
1.001609008789062500e+03
1.942490039062500000e+04
2.570593593750000000e+05
3.799207031250000000e+03
2.273054687500000000e+05
6.901160278320312500e+02
9.961822656250000000e+04
1.584373046875000000e+03
7.023774902343750000e+03
1.335358593750000000e+05
2.091823046875000000e+04
2.199281250000000000e+04
3.785593750000000000e+04
6.519035546875000000e+04
3.941048046875000000e+04
5.600419921875000000e+02
3.146352050781250000e+03
1.999636406250000000e+05
1.094623339843750000e+04
5.277899932861328125e+01
6.389466406250000000e+04
9.824637500000000000e+04
7.409820800781250000e+03
3.882854003906250000e+03
1.827756640625000000e+04
1.484070312500000000e+05
1.901341406250000000e+04
5.994739990234375000e+02
7.884630468750000000e+04
3.884952734375000000e+04
1.226531875000000000e+05
2.282356933593750000e+03
3.476570068359375000e+03
5.353392578125000000e+04
1.143311035156250000e+04
2.197141875000000000e+05
2.408420156250000000e+05
6.964944824218750000e+03
9.363317968750000000e+04
3.689500122070312500e+02
4.697823828125000000e+04
2.485799980163574219e+01
3.929325927734375000e+03
6.346055468750000000e+04
4.007620117187500000e+03
7.651610156250000000e+04
1.084438671875000000e+05
2.752614375000000000e+05
1.361786562500000000e+05
1.194608750000000000e+05
6.266441015625000000e+04
1.634149932861328125e+02
2.970771875000000000e+05
1.905493554687500000e+04
7.028939819335937500e+02
6.993826171875000000e+03
1.004124023437500000e+03
5.734817578125000000e+04
3.432099914550781250e+02
1.399158691406250000e+04
4.094540234375000000e+04
1.322114062500000000e+04
1.177938750000000000e+05
1.067822265625000000e+05
2.389053320312500000e+04
5.119828906250000000e+04
5.289352734375000000e+04
5.784698242187500000e+03
1.012840722656250000e+04
7.112706250000000000e+04
3.357718994140625000e+03
5.623967968750000000e+04
2.391428955078125000e+03
2.958384033203125000e+03
2.306330781250000000e+05
6.910009375000000000e+04
2.088345000000000000e+05
1.945601093750000000e+05
1.064635156250000000e+04
4.059812988281250000e+03
7.517990112304687500e+02
1.056740036010742188e+02
3.004560351562500000e+04
1.071517285156250000e+04
1.605201953125000000e+04
1.232419140625000000e+04
5.917080078125000000e+02
2.041880468750000000e+04
1.600149804687500000e+04
1.017140820312500000e+04
2.149320068359375000e+02
7.057044531250000000e+04
3.203104882812500000e+04
5.955726074218750000e+03
1.200975585937500000e+04
4.122200012207031250e+01
1.442024218750000000e+05
1.249060703125000000e+05
3.154166992187500000e+03
1.252139968872070312e+02
2.479599121093750000e+03
4.606744921875000000e+04
1.286709960937500000e+04
5.481144921875000000e+04
1.439011875000000000e+05
1.264743906250000000e+05
7.942066894531250000e+03
1.954412890625000000e+04
1.297119995117187500e+03
7.648125000000000000e+04
4.382600021362304688e+01
1.796523437500000000e+05
1.221432031250000000e+04
3.839289855957031250e+02
1.662899971008300781e+01
3.928341796875000000e+04
2.984012939453125000e+03
8.374710083007812500e+02
2.003690032958984375e+02
1.739396093750000000e+04
3.785578515625000000e+04
3.034884375000000000e+04
7.324160937500000000e+04
4.151849975585937500e+02
1.685702656250000000e+05
1.883091210937500000e+04
1.168506054687500000e+04
2.730845947265625000e+03
6.467410278320312500e+02
1.735281005859375000e+03
3.589928125000000000e+05
3.536814062500000000e+05
7.941553125000000000e+04
2.328739929199218750e+02
4.405599975585937500e+01
4.391242187500000000e+03
1.001487988281250000e+04
8.801638281250000000e+04
1.312278515625000000e+04
2.504400062561035156e+01
2.269660034179687500e+02
5.824922851562500000e+03
1.612404052734375000e+03
6.864900207519531250e+01
1.202709960937500000e+03
1.223281445312500000e+04
1.041207324218750000e+04
5.852129296875000000e+04
5.526392578125000000e+04
1.840927001953125000e+03
1.030219687500000000e+05
2.432238037109375000e+03
1.340748925781250000e+04
1.694119921875000000e+04
1.130828906250000000e+05
4.176566894531250000e+03
2.915379943847656250e+02
5.902379760742187500e+02
2.999449062500000000e+05
5.047520141601562500e+02
2.812100028991699219e+01
8.521959838867187500e+02
2.727946484375000000e+04
1.555413125000000000e+05
2.682523750000000000e+05
2.695209960937500000e+02
1.711300086975097656e+01
4.364467773437500000e+03
2.038111093750000000e+05
1.206152343750000000e+05
3.182958789062500000e+04
1.055983300781250000e+04
6.182708007812500000e+03
9.303072265625000000e+03
2.486521093750000000e+04
3.313999218750000000e+04
2.996799926757812500e+02
6.106920166015625000e+02
1.397760000000000000e+05
9.482700347900390625e+01
8.254144531250000000e+03
4.946119140625000000e+03
1.574572021484375000e+03
1.489290820312500000e+04
1.331009062500000000e+05
2.434545898437500000e+03
7.840877343750000000e+04
1.495498750000000000e+05
8.452656250000000000e+04
3.928160546875000000e+04
9.006016601562500000e+03
5.893450781250000000e+04
6.759974218750000000e+04
7.967768066406250000e+03
8.170040283203125000e+02
2.514937968750000000e+05
7.086289062500000000e+03
2.646314843750000000e+04
7.103820190429687500e+02
1.700119934082031250e+02
1.264700012207031250e+02
7.594857812500000000e+04
4.986477812500000000e+05
6.249539794921875000e+02
1.518989013671875000e+03
3.896380625000000000e+05
5.562242187500000000e+04
1.059459453125000000e+05
2.047099414062500000e+04
9.921369531250000000e+04
5.443152734375000000e+04
8.163006250000000000e+04
9.019949218750000000e+04
3.632390136718750000e+02
3.093946289062500000e+04
1.304210052490234375e+02
4.007093359375000000e+04
9.591042968750000000e+03
9.598454687500000000e+04
1.464319628906250000e+04
3.011438964843750000e+03
2.650750976562500000e+03
1.162660034179687500e+03
7.676229687500000000e+04
6.642972167968750000e+03
4.422730957031250000e+03
3.429460144042968750e+02
9.301686523437500000e+03
3.545469140625000000e+04
1.831329101562500000e+04
1.181679218750000000e+05
1.188448828125000000e+05
1.687100028991699219e+01
4.065710144042968750e+02
4.093615234375000000e+04
1.220080175781250000e+04
5.475699996948242188e+01
2.283500061035156250e+02
2.078438906250000000e+05
1.419371718750000000e+05
1.890059967041015625e+02
2.189320068359375000e+02
4.477327148437500000e+03
9.382860107421875000e+02
1.061273144531250000e+04
3.624718750000000000e+04
1.044849804687500000e+04
2.112551953125000000e+04
4.675225390625000000e+04
3.494310058593750000e+03
1.699289648437500000e+04
2.373370056152343750e+02
1.360479980468750000e+03
3.832300186157226562e+01
1.323606933593750000e+04
1.104249609375000000e+04
1.592147167968750000e+04
1.020303281250000000e+05
6.283134765625000000e+04
1.187280859375000000e+04
1.105010839843750000e+04
5.464619750976562500e+02
1.160979995727539062e+02
3.709199905395507812e+01
3.091535742187500000e+04
1.203633496093750000e+04
6.009310302734375000e+02
1.051425234375000000e+05
4.917181152343750000e+03
7.165679931640625000e+02
2.370646972656250000e+03
5.074341015625000000e+04
2.287100468750000000e+05
4.407862890625000000e+04
1.409829956054687500e+03
1.000783593750000000e+05
9.622410278320312500e+02
4.163503906250000000e+03
4.814257421875000000e+04
6.807916015625000000e+03
1.431333281250000000e+05
2.169965429687500000e+04
1.701322998046875000e+03
1.598560351562500000e+04
2.586385009765625000e+03
8.393880004882812500e+02
4.006194091796875000e+03
1.016143981933593750e+03
1.619469843750000000e+05
5.801693847656250000e+03
4.360413085937500000e+03
7.478774902343750000e+03
2.751669921875000000e+03
6.307440234375000000e+04
1.080879974365234375e+02
6.883471875000000000e+04
4.112288671875000000e+04
9.317572656250000000e+04
4.769256835937500000e+03
1.659196875000000000e+04
1.152668652343750000e+04
8.738736718750000000e+04
2.980722070312500000e+04
1.276491943359375000e+03
1.534112500000000000e+04
1.770622500000000000e+05
2.523090057373046875e+02
1.112897851562500000e+04
9.143800354003906250e+01
1.595663964843750000e+04
5.466943847656250000e+03
1.785718593750000000e+05
2.500693115234375000e+03
6.492801171875000000e+04
2.982213750000000000e+05
1.587225468750000000e+05
1.139703281250000000e+05
6.181755468750000000e+04
1.568416894531250000e+04
3.202600097656250000e+01
1.071293359375000000e+04
2.364736406250000000e+05
9.979879760742187500e+02
1.800770996093750000e+03
2.370864013671875000e+03
7.424322656250000000e+04
1.594570605468750000e+04
1.546786230468750000e+04
4.003930053710937500e+02
1.451837036132812500e+03
7.828109741210937500e+02
3.488897265625000000e+04
8.452947656250000000e+04
1.076984570312500000e+04
7.641817187500000000e+04
1.205390014648437500e+03
6.628281250000000000e+04
3.968050048828125000e+03
1.760964965820312500e+03
1.365763125000000000e+05
9.061015625000000000e+04
3.153340039062500000e+04
3.490391406250000000e+04
6.431819824218750000e+03
4.832009887695312500e+02
1.251144042968750000e+03
2.180315429687500000e+04
3.732000122070312500e+02
3.068104687500000000e+04
4.980130004882812500e+02
2.887890820312500000e+04
7.087100000000000000e+04
1.469999316406250000e+04
1.425753437500000000e+05
5.233430468750000000e+04
2.520497070312500000e+03
1.302918984375000000e+05
1.156000041961669922e+01
3.391059875488281250e+02
4.731548828125000000e+03
3.168497265625000000e+04
1.952202148437500000e+04
7.043961718750000000e+04
1.455189941406250000e+03
1.862812011718750000e+03
1.927195117187500000e+04
3.737319062500000000e+05
1.389585000000000000e+05
1.088119995117187500e+03
1.193327265625000000e+05
1.842100067138671875e+02
9.466128906250000000e+03
5.629189453125000000e+04
5.002940063476562500e+02
2.665325625000000000e+05
2.736079101562500000e+03
1.878358203125000000e+04
1.137843164062500000e+04
1.512800025939941406e+01
1.328978437500000000e+05
3.344362060546875000e+03
2.644110107421875000e+02
1.892120056152343750e+02
8.657486328125000000e+03
3.753485156250000000e+04
7.005162500000000000e+05
2.862264892578125000e+03
6.811640625000000000e+04
3.849945068359375000e+03
8.627507812500000000e+04
1.832341875000000000e+05
3.177177001953125000e+03
7.362000274658203125e+01
1.175973999023437500e+03
1.459936914062500000e+04
3.644070129394531250e+02
1.021693969726562500e+03
4.522200012207031250e+01
8.641437500000000000e+04
9.078439941406250000e+02
8.958451562500000000e+04
5.226489868164062500e+02
1.028031005859375000e+03
1.220575976562500000e+04
2.344769531250000000e+04
4.377769042968750000e+03
1.983034057617187500e+03
2.070612031250000000e+05
6.667199707031250000e+01
1.718718994140625000e+03
7.942427343750000000e+04
3.202006250000000000e+05
3.510905078125000000e+04
2.336430468750000000e+04
1.300544335937500000e+04
5.198919531250000000e+04
3.075699996948242188e+01
9.773055468750000000e+04
2.016280059814453125e+02
3.689970312500000000e+04
6.782445312500000000e+04
1.706928955078125000e+03
1.860178320312500000e+04
1.635371777343750000e+04
1.350138281250000000e+05
3.519095947265625000e+03
1.359862187500000000e+05
1.136730859375000000e+04
3.025279687500000000e+05
3.436888916015625000e+03
9.814763281250000000e+04
2.890725390625000000e+04
3.972990966796875000e+03
1.937177187500000000e+05
1.230946044921875000e+03
2.346051250000000000e+05
1.532607968750000000e+05
7.952083593750000000e+04
4.961306152343750000e+03
5.437835937500000000e+04
1.061918164062500000e+04
4.217458593750000000e+04
3.278157958984375000e+03
1.019430957031250000e+04
4.216222167968750000e+03
3.729000091552734375e+01
2.230084960937500000e+03
2.633280029296875000e+02
7.493200000000000000e+04
1.139850006103515625e+02
4.836270996093750000e+03
3.718219909667968750e+02
2.281022265625000000e+04
3.403700781250000000e+04
1.528722656250000000e+05
1.343647343750000000e+05
8.262000083923339844e+00
3.312330017089843750e+02
6.210744921875000000e+04
2.398252734375000000e+04
1.981871948242187500e+03
5.925178222656250000e+03
4.526100158691406250e+01
1.514727148437500000e+04
4.758715625000000000e+04
3.917699813842773438e+01
1.433307983398437500e+03
9.565305664062500000e+03
5.328373828125000000e+04
1.224952421875000000e+05
1.015914978027343750e+03
4.023684765625000000e+04
4.779120117187500000e+03
4.984563671875000000e+04
1.429193164062500000e+04
1.336213989257812500e+03
2.194899940490722656e+01
1.192167089843750000e+04
6.179711914062500000e+03
1.502669982910156250e+02
3.368818115234375000e+03
7.532240234375000000e+03
3.224853906250000000e+04
3.425368896484375000e+03
8.871316406250000000e+04
6.076605957031250000e+03
5.423877734375000000e+04
2.480286328125000000e+04
4.833992187500000000e+04
3.032044140625000000e+04
1.202545234375000000e+05
3.095356054687500000e+04
6.332998437500000000e+04
2.219076904296875000e+03
8.985774414062500000e+03
1.008892285156250000e+04
1.782857031250000000e+05
3.651601953125000000e+04
1.324833984375000000e+03
2.863969726562500000e+04
1.754810028076171875e+02
3.275423046875000000e+04
1.634694843750000000e+05
1.608336406250000000e+05
2.231560058593750000e+02
5.936858203125000000e+04
3.900494140625000000e+04
1.783719940185546875e+02
5.120906640625000000e+04
4.185101562500000000e+04
9.234000976562500000e+03
6.712990112304687500e+02
6.008789062500000000e+03
1.442886230468750000e+04
1.278814648437500000e+04
3.052899932861328125e+01
1.126880981445312500e+03
1.385683984375000000e+04
3.656616796875000000e+04
7.251899719238281250e+01
2.004800033569335938e+01
7.126395996093750000e+03
3.516583007812500000e+03
1.802499961853027344e+01
4.233166406250000000e+04
3.340289916992187500e+02
1.093306445312500000e+04
2.406725097656250000e+03
1.914250976562500000e+03
6.193090209960937500e+02
5.861064062500000000e+04
9.905330200195312500e+02
1.899544921875000000e+04
8.410564843750000000e+04
4.885494140625000000e+03
1.524755781250000000e+05
1.734997460937500000e+04
1.794640045166015625e+02
9.583874218750000000e+04
1.291973828125000000e+05
3.531892089843750000e+03
1.349482421875000000e+04
1.015904980468750000e+04
5.787425781250000000e+04
5.950109765625000000e+04
1.229661328125000000e+04
5.138690185546875000e+02
6.400012109375000000e+04
3.435029052734375000e+03
1.864653906250000000e+04
9.137684570312500000e+03
1.117462187500000000e+05
1.097810839843750000e+04
1.399565332031250000e+04
5.377983886718750000e+03
2.353585937500000000e+05
1.151800003051757812e+02
1.201582519531250000e+04
2.769885986328125000e+03
1.432929375000000000e+05
5.875099945068359375e+01
4.024835546875000000e+04
2.204996093750000000e+03
7.621825000000000000e+04
2.033327539062500000e+04
3.493477343750000000e+04
1.547521093750000000e+05
6.048960937500000000e+03
4.449969140625000000e+04
4.251799926757812500e+02
1.093565078125000000e+05
1.097418828125000000e+05
1.471357968750000000e+05
5.181404785156250000e+03
9.328535156250000000e+04
1.529538125000000000e+05
1.719272949218750000e+03
3.948259887695312500e+02
9.519439697265625000e+02
1.436439941406250000e+03
4.834153515625000000e+04
1.092403046875000000e+05
3.957512890625000000e+04
6.083957031250000000e+03
2.726130065917968750e+02
5.529800033569335938e+01
4.247537109375000000e+04
2.814933437500000000e+05
6.199705468750000000e+04
3.960091406250000000e+04
1.999186523437500000e+04
1.965025390625000000e+04
3.734110107421875000e+03
2.512363037109375000e+03
2.492113281250000000e+04
2.463600006103515625e+02
2.256674023437500000e+04
1.928430023193359375e+02
1.190258359375000000e+05
5.096619873046875000e+02
1.604420043945312500e+03
1.044366406250000000e+05
5.970875390625000000e+04
1.887937968750000000e+05
5.283307812500000000e+04
1.662104687500000000e+04
7.554671875000000000e+03
7.758900146484375000e+02
7.845464843750000000e+03
9.574099731445312500e+01
1.408155468750000000e+04
1.095520019531250000e+02
1.757870025634765625e+02
2.325469970703125000e+02
2.649618359375000000e+04
1.509090625000000000e+04
7.036060156250000000e+04
1.465579980468750000e+04
1.691332617187500000e+04
9.624463867187500000e+03
3.108240000000000000e+05
1.541999969482421875e+02
6.302024609375000000e+04
2.758807226562500000e+04
8.305514843750000000e+04
5.380479980468750000e+03
7.870635156250000000e+04
1.047463203125000000e+05
1.113456835937500000e+04
1.342458496093750000e+04
1.173885986328125000e+03
9.001999664306640625e+01
5.835804199218750000e+03
1.583625488281250000e+04
2.898200035095214844e+01
4.056843017578125000e+03
1.379927148437500000e+04
5.492341015625000000e+04
2.197685781250000000e+05
7.928229980468750000e+03
6.720100097656250000e+02
6.489547851562500000e+03
6.918325781250000000e+04
2.044718437500000000e+05
3.356907812500000000e+04
1.447999375000000000e+05
1.205649804687500000e+04
5.154829711914062500e+02
5.851145996093750000e+03
2.071997968750000000e+05
1.468237060546875000e+03
4.387860839843750000e+03
2.235449981689453125e+02
1.967058959960937500e+03
1.765308007812500000e+04
1.133360546875000000e+05
2.077870703125000000e+04
3.233099218750000000e+04
4.567739868164062500e+02
9.497895312500000000e+04
9.707410278320312500e+02
1.111206406250000000e+05
9.210703125000000000e+03
9.654821289062500000e+03
7.492713281250000000e+04
9.011346875000000000e+04
2.099035888671875000e+03
4.301921875000000000e+03
4.261514375000000000e+05
1.373376718750000000e+05
4.391199874877929688e+01
2.137089062500000000e+04
2.748959960937500000e+02
9.571846679687500000e+03
1.432871875000000000e+05
1.638064843750000000e+05
3.667200012207031250e+02
1.607893906250000000e+05
2.703416015625000000e+03
8.599260253906250000e+02
1.836028593750000000e+05
4.683309936523437500e+02
7.085956054687500000e+03
6.711936035156250000e+03
5.143999862670898438e+01
5.020691406250000000e+04
3.021436718750000000e+04
1.671672265625000000e+04
5.142179687500000000e+04
4.997934375000000000e+04
5.424800109863281250e+01
8.509735351562500000e+03
4.785960546875000000e+04
3.907225097656250000e+03
4.253347265625000000e+04
1.050199951171875000e+03
1.880060742187500000e+04
1.082174511718750000e+04
4.123983203125000000e+04
1.132939140625000000e+05
2.286179962158203125e+02
3.919462890625000000e+03
2.613854980468750000e+03
5.890413085937500000e+03
2.582520141601562500e+02
2.455708984375000000e+03
2.812698437500000000e+04
1.402929992675781250e+02
1.283093945312500000e+04
7.538678906250000000e+04
8.219667187500000000e+04
7.327150268554687500e+02
7.663691406250000000e+04
2.853012109375000000e+04
1.115025292968750000e+04
1.626635009765625000e+03
3.903770312500000000e+04
2.125274414062500000e+04
7.922487792968750000e+03
1.044009843750000000e+05
1.260534570312500000e+04
4.472612109375000000e+04
5.417598437500000000e+04
2.374805908203125000e+03
2.608640136718750000e+02
9.511699676513671875e+01
1.857568164062500000e+04
3.289072998046875000e+03
7.689329687500000000e+04
1.254369018554687500e+03
1.379171972656250000e+04
2.879299072265625000e+03
4.712356933593750000e+03
1.157962890625000000e+04
1.237596562500000000e+05
3.750104003906250000e+03
1.175449981689453125e+02
1.121932031250000000e+04
2.985815820312500000e+04
2.188249969482421875e+02
4.259685937500000000e+04
2.344912109375000000e+03
1.598495937500000000e+05
4.911252929687500000e+03
1.628224843750000000e+05
1.134957656250000000e+05
8.707033203125000000e+03
9.248925781250000000e+03
1.149934609375000000e+05
4.673190002441406250e+02
2.200070037841796875e+02
2.302543593750000000e+05
1.328919982910156250e+02
1.159085839843750000e+04
7.429777832031250000e+03
1.762819976806640625e+02
1.457018164062500000e+04
1.363529968261718750e+02
1.116067968750000000e+05
6.962044531250000000e+04
3.939202343750000000e+04
2.890396093750000000e+04
1.700444531250000000e+04
7.001502929687500000e+03
1.001320312500000000e+05
2.861417773437500000e+04
1.122850488281250000e+04
2.049492919921875000e+03
1.722310028076171875e+02
1.994193969726562500e+03
3.614047119140625000e+03
7.593031250000000000e+04
2.481580047607421875e+02
7.436895312500000000e+04
6.937614843750000000e+04
1.090810012817382812e+02
7.710980224609375000e+02
3.122982910156250000e+03
2.098468593750000000e+05
1.496331718750000000e+05
1.503251250000000000e+05
1.143824951171875000e+03
1.408657968750000000e+05
7.130581250000000000e+04
1.855774047851562500e+03
4.032162109375000000e+03
1.214884921875000000e+05
9.935908203125000000e+03
3.506062890625000000e+04
4.954287500000000000e+04
7.547399902343750000e+01
6.956519775390625000e+02
1.371064941406250000e+03
2.197201904296875000e+03
6.858256250000000000e+04
4.629467578125000000e+04
3.455039978027343750e+02
2.393978906250000000e+05
2.148319091796875000e+03
1.410867500000000000e+05
1.495233398437500000e+04
8.658351562500000000e+04
4.725946777343750000e+03
5.876756250000000000e+04
6.969183593750000000e+04
3.542409375000000000e+04
2.978370312500000000e+05
1.436637597656250000e+04
8.290248046875000000e+03
3.868729858398437500e+02
9.352871093750000000e+03
1.108816640625000000e+05
2.584729919433593750e+02
1.563317656250000000e+05
3.306951953125000000e+04
5.934474121093750000e+03
2.209806835937500000e+04
1.343260253906250000e+04
6.216400146484375000e+02
1.594612031250000000e+05
1.093065937500000000e+05
7.510001562500000000e+04
4.962655078125000000e+04
7.020139770507812500e+02
7.563016406250000000e+04
3.078050048828125000e+03
7.762839965820312500e+02
3.136941796875000000e+04
4.847619934082031250e+02
2.660553125000000000e+05
2.400395156250000000e+05
6.201831250000000000e+04
1.857330859375000000e+04
6.368170898437500000e+03
5.171149902343750000e+02
8.309890136718750000e+02
