8.866402343750000000e+03
8.884897460937500000e+03
1.275889038085937500e+03
2.290130004882812500e+02
1.103609008789062500e+03
1.733032812500000000e+04
2.104593017578125000e+03
4.343569946289062500e+02
1.582570037841796875e+02
7.648442871093750000e+03
1.230854980468750000e+03
2.422769927978515625e+02
6.712570190429687500e+02
5.042816894531250000e+03
6.076810058593750000e+03
1.012260986328125000e+03
7.844958007812500000e+03
2.387940063476562500e+02
3.579429931640625000e+02
3.002022949218750000e+03
4.573059997558593750e+02
3.361224121093750000e+03
6.942940063476562500e+02
7.959349975585937500e+02
2.839327880859375000e+03
6.893560180664062500e+02
3.319847900390625000e+03
2.277149963378906250e+02
7.477600097656250000e+02
6.148331054687500000e+03
3.057349853515625000e+02
8.381800079345703125e+01
9.658619995117187500e+02
1.171670800781250000e+04
4.948458984375000000e+03
1.088969970703125000e+03
1.102192993164062500e+03
2.660531982421875000e+03
2.072461914062500000e+03
3.035169982910156250e+02
4.426149902343750000e+03
1.977536914062500000e+04
9.596238281250000000e+03
3.129822998046875000e+03
5.122621093750000000e+03
1.519181030273437500e+03
5.223005859375000000e+03
8.404173828125000000e+03
6.876188964843750000e+03
9.909030151367187500e+02
8.873594726562500000e+03
4.386209960937500000e+03
3.755929870605468750e+02
1.320869018554687500e+03
3.863900146484375000e+02
9.803296875000000000e+03
1.309931030273437500e+03
8.970889892578125000e+02
2.766399955749511719e+01
1.658598022460937500e+03
2.881920898437500000e+03
3.264431884765625000e+03
5.040825195312500000e+03
6.254739990234375000e+02
2.106697998046875000e+03
1.861825976562500000e+04
9.147479858398437500e+02
1.059936132812500000e+04
4.278250122070312500e+02
4.473884765625000000e+03
4.844649963378906250e+02
6.531160278320312500e+02
4.782139892578125000e+02
2.917160034179687500e+02
2.387520019531250000e+03
3.551855957031250000e+03
1.619331054687500000e+03
1.390899963378906250e+02
1.297255981445312500e+03
2.500460052490234375e+02
9.232165039062500000e+03
1.836442993164062500e+03
1.846250000000000000e+02
4.019830017089843750e+02
1.103359008789062500e+03
1.415976562500000000e+04
1.259641699218750000e+04
6.128199218750000000e+03
5.976730957031250000e+03
4.649865234375000000e+03
1.885540008544921875e+02
7.036104980468750000e+03
9.932360229492187500e+02
1.075281982421875000e+03
3.359110107421875000e+02
5.517833007812500000e+03
3.816210021972656250e+02
1.294265014648437500e+03
7.734564941406250000e+03
1.036764843750000000e+04
1.308802978515625000e+03
3.397890014648437500e+02
9.328800048828125000e+02
7.104450073242187500e+02
2.750169982910156250e+02
1.028842041015625000e+03
1.289833984375000000e+03
1.015992480468750000e+04
8.280653320312500000e+03
9.776892578125000000e+03
9.760949707031250000e+02
5.111800003051757812e+01
4.621870117187500000e+02
2.884965087890625000e+03
5.076990051269531250e+02
1.338344140625000000e+04
6.036129760742187500e+02
9.226787109375000000e+03
1.677192016601562500e+03
8.740250244140625000e+02
3.469060058593750000e+03
4.376982910156250000e+03
3.985935058593750000e+03
9.681149414062500000e+03
1.589401977539062500e+03
6.180700073242187500e+02
3.484599914550781250e+02
1.824246679687500000e+04
8.989130249023437500e+02
8.034559936523437500e+02
6.829630126953125000e+02
2.415139843750000000e+04
9.608820190429687500e+02
1.246880078125000000e+04
1.081021972656250000e+03
9.048909912109375000e+02
4.304194824218750000e+03
1.597449951171875000e+02
5.779580078125000000e+03
3.028380126953125000e+02
5.024004882812500000e+03
9.974849853515625000e+02
6.246400146484375000e+02
7.781400146484375000e+02
4.276794140625000000e+04
5.827583984375000000e+03
7.453999996185302734e+00
6.864609985351562500e+02
1.555494018554687500e+03
4.533300018310546875e+01
1.647593994140625000e+03
3.707250061035156250e+02
2.850957031250000000e+03
1.499157958984375000e+03
4.658519897460937500e+02
3.186171289062500000e+04
1.261670043945312500e+03
3.376239929199218750e+02
7.150473144531250000e+03
7.135029907226562500e+02
1.750307006835937500e+03
7.904941894531250000e+03
4.632299804687500000e+03
2.601948974609375000e+03
9.209547851562500000e+03
9.984019775390625000e+02
1.650950012207031250e+02
8.791028320312500000e+03
4.580626953125000000e+03
1.581327026367187500e+03
3.043062011718750000e+03
8.127643066406250000e+03
4.288255859375000000e+03
4.980480041503906250e+02
3.023947021484375000e+03
2.774093994140625000e+03
4.194805175781250000e+03
1.500204956054687500e+03
1.637519042968750000e+03
1.303557983398437500e+03
6.512899780273437500e+02
6.435101074218750000e+03
4.744977050781250000e+03
1.937640039062500000e+04
2.670090026855468750e+02
7.104186035156250000e+03
5.570579833984375000e+02
1.609473022460937500e+03
4.560567871093750000e+03
1.968379028320312500e+03
6.433313964843750000e+03
6.569453125000000000e+03
1.188939971923828125e+02
1.228207421875000000e+04
1.120442016601562500e+03
6.165771972656250000e+03
8.682086914062500000e+03
1.873767187500000000e+04
3.155900001525878906e+01
1.058357055664062500e+03
6.085520019531250000e+02
3.670109863281250000e+02
3.577609863281250000e+02
1.298750000000000000e+03
2.032917968750000000e+03
1.034582031250000000e+03
5.531437011718750000e+03
6.809140014648437500e+02
1.198858886718750000e+04
1.439953002929687500e+03
4.511390075683593750e+02
9.016200256347656250e+01
2.108070703125000000e+04
1.338673828125000000e+04
7.565130004882812500e+02
7.904819946289062500e+02
2.312485107421875000e+03
4.139369140625000000e+03
3.658529052734375000e+03
4.063349914550781250e+02
1.878956054687500000e+03
1.185791992187500000e+03
1.823451049804687500e+03
1.241295043945312500e+03
5.357990112304687500e+02
1.084834570312500000e+04
9.227540283203125000e+02
1.512468994140625000e+03
6.616138183593750000e+03
4.480230102539062500e+02
2.450200080871582031e+01
1.192581835937500000e+04
1.967819946289062500e+03
3.999989013671875000e+03
4.811849975585937500e+02
3.952224121093750000e+03
1.086910351562500000e+04
1.041407958984375000e+03
3.662545898437500000e+03
2.648940124511718750e+02
8.214739990234375000e+02
9.459569335937500000e+03
4.945029907226562500e+02
1.485147949218750000e+03
1.281869726562500000e+04
6.305770263671875000e+02
2.615019531250000000e+04
1.341641967773437500e+03
1.253875195312500000e+04
2.138419952392578125e+02
3.394410095214843750e+02
1.376529980468750000e+04
3.103477148437500000e+04
3.339770019531250000e+03
5.034071777343750000e+03
1.059452636718750000e+04
4.382397949218750000e+03
2.973158789062500000e+04
1.984920703125000000e+04
2.718359985351562500e+02
3.327331054687500000e+03
6.187020019531250000e+03
1.655618041992187500e+03
5.486143066406250000e+03
9.537409179687500000e+03
1.910156835937500000e+04
1.569498046875000000e+03
6.752453125000000000e+03
2.981960144042968750e+02
1.135304785156250000e+04
1.169779785156250000e+04
1.809175048828125000e+03
1.556486132812500000e+04
8.701136718750000000e+03
6.504530029296875000e+02
1.700963012695312500e+03
1.167785034179687500e+03
8.704970092773437500e+02
2.003168945312500000e+03
4.010718017578125000e+03
5.916400146484375000e+02
8.796166015625000000e+03
1.200213012695312500e+03
1.072209960937500000e+03
3.117980041503906250e+02
4.091228906250000000e+04
9.587880249023437500e+02
1.157772265625000000e+04
1.380931030273437500e+03
2.466533935546875000e+03
1.679275024414062500e+03
2.115350036621093750e+02
7.893370117187500000e+03
5.272620239257812500e+02
1.598201049804687500e+03
1.126178955078125000e+03
1.804717968750000000e+04
2.090777099609375000e+03
6.417005859375000000e+03
1.331963989257812500e+03
3.323316894531250000e+03
6.314569702148437500e+02
1.948340942382812500e+03
7.017500305175781250e+01
6.773989868164062500e+02
7.259689941406250000e+02
1.135555273437500000e+04
1.527477050781250000e+03
8.702422851562500000e+03
6.821220092773437500e+02
3.445409912109375000e+03
1.171086059570312500e+03
2.226940002441406250e+02
8.437479858398437500e+02
8.102561035156250000e+03
1.932139453125000000e+04
6.821589965820312500e+02
7.758645019531250000e+03
5.269400024414062500e+02
1.701260070800781250e+02
1.987380004882812500e+03
8.370407226562500000e+03
3.156900024414062500e+02
3.727040100097656250e+02
7.017748046875000000e+03
6.998304199218750000e+03
2.914393066406250000e+03
4.558200073242187500e+01
1.177781835937500000e+04
3.659689941406250000e+02
1.363254003906250000e+04
8.842130126953125000e+02
1.035409057617187500e+03
6.451040039062500000e+02
5.949730224609375000e+02
3.526010131835937500e+02
9.759580078125000000e+02
3.059298095703125000e+03
2.061099121093750000e+03
2.269685058593750000e+03
3.489252929687500000e+03
1.243524047851562500e+03
2.601501953125000000e+03
8.696536132812500000e+03
1.595501953125000000e+03
5.704110107421875000e+02
8.793070068359375000e+02
3.977399902343750000e+02
1.783009033203125000e+03
1.478818066406250000e+04
2.312593994140625000e+03
4.425090026855468750e+02
5.978157226562500000e+03
1.083676171875000000e+04
3.934657958984375000e+03
2.942221923828125000e+03
1.137470898437500000e+04
1.053736425781250000e+04
1.837924023437500000e+04
4.263909912109375000e+02
8.270269775390625000e+02
4.598819885253906250e+02
1.007799987792968750e+03
2.104270019531250000e+02
2.330666015625000000e+03
1.722765991210937500e+03
4.497130126953125000e+02
4.003825927734375000e+03
1.454395800781250000e+04
7.464500122070312500e+02
1.477183593750000000e+04
9.696666015625000000e+03
7.785989990234375000e+02
5.498230957031250000e+03
1.374540136718750000e+04
1.019188281250000000e+04
8.767131835937500000e+03
1.181224975585937500e+03
3.299656640625000000e+04
3.271409912109375000e+02
8.277089843750000000e+03
7.974769897460937500e+02
5.058219909667968750e+02
9.026250000000000000e+02
3.756830139160156250e+02
8.414340209960937500e+02
8.581813476562500000e+03
2.894939880371093750e+02
4.408352050781250000e+03
7.079903808593750000e+03
1.735877148437500000e+04
6.486719970703125000e+02
4.257232910156250000e+03
4.891250000000000000e+02
2.142064941406250000e+03
7.998743164062500000e+03
6.868250122070312500e+02
1.940161010742187500e+03
3.341074951171875000e+03
5.749760131835937500e+02
7.225490112304687500e+02
6.409010009765625000e+02
1.487048950195312500e+03
8.130311035156250000e+03
5.382976074218750000e+03
9.406240234375000000e+02
1.206050033569335938e+02
3.880880126953125000e+02
1.201697021484375000e+03
5.051216796875000000e+03
1.317343017578125000e+03
3.038215429687500000e+04
6.264554199218750000e+03
5.665835937500000000e+03
1.160237695312500000e+04
1.313793945312500000e+03
8.252105468750000000e+03
1.058970031738281250e+02
4.187600097656250000e+02
9.087140625000000000e+03
1.330870703125000000e+04
1.655729003906250000e+03
1.248276000976562500e+03
1.581470410156250000e+04
1.227810058593750000e+03
1.759065234375000000e+04
1.540679931640625000e+02
1.776360961914062500e+03
2.339539947509765625e+02
1.765098632812500000e+04
1.878880004882812500e+02
1.720379943847656250e+02
7.507379760742187500e+02
1.387171020507812500e+03
3.699630126953125000e+02
4.403000000000000000e+03
5.556510009765625000e+02
1.283074951171875000e+03
5.223699218750000000e+03
4.408100128173828125e+01
1.213253051757812500e+03
1.514109008789062500e+03
9.589920043945312500e+02
3.495001953125000000e+03
7.203824218750000000e+03
3.423800048828125000e+02
3.031080017089843750e+02
2.535350036621093750e+02
5.009190063476562500e+02
2.382149963378906250e+02
7.296776855468750000e+03
2.252814648437500000e+04
1.320250000000000000e+03
6.494509765625000000e+03
8.213747070312500000e+03
1.730522949218750000e+03
8.706790161132812500e+02
1.001335021972656250e+03
1.032130981445312500e+03
5.406832031250000000e+03
1.071459960937500000e+03
1.446625976562500000e+03
1.004233789062500000e+04
9.794199829101562500e+02
3.749930114746093750e+02
4.261683105468750000e+03
9.008832031250000000e+03
2.488872070312500000e+03
1.225691040039062500e+03
3.876849975585937500e+02
3.035616943359375000e+03
1.923223999023437500e+03
8.180391113281250000e+03
1.913582226562500000e+04
1.078768261718750000e+04
7.327034179687500000e+03
7.665686035156250000e+03
4.530288085937500000e+03
6.012059936523437500e+02
2.612211914062500000e+03
4.860180053710937500e+02
3.436700057983398438e+01
1.985310058593750000e+02
1.284229003906250000e+03
1.065870971679687500e+03
2.998009948730468750e+02
1.929323974609375000e+03
7.030288085937500000e+03
5.694240112304687500e+02
3.690029907226562500e+02
1.194431738281250000e+04
4.257837890625000000e+03
1.249718017578125000e+03
1.291858032226562500e+03
2.606029492187500000e+04
7.879949951171875000e+02
9.080599975585937500e+02
1.259665039062500000e+03
1.265978027343750000e+03
3.871709899902343750e+02
1.139003222656250000e+04
1.615022949218750000e+03
4.151047851562500000e+03
1.357510839843750000e+04
1.000169982910156250e+02
1.866891967773437500e+03
2.436235107421875000e+03
2.218267968750000000e+04
2.293800048828125000e+03
4.818909912109375000e+02
4.337330017089843750e+02
5.079146972656250000e+03
1.648014038085937500e+03
3.133004882812500000e+03
8.766350097656250000e+02
1.685379943847656250e+02
3.836289978027343750e+02
2.170327880859375000e+03
5.029500976562500000e+03
1.603699951171875000e+03
6.807210937500000000e+03
1.889328320312500000e+04
2.424301025390625000e+03
1.331243041992187500e+03
4.929191894531250000e+03
1.558324951171875000e+03
6.262442871093750000e+03
7.042420043945312500e+02
1.667911987304687500e+03
6.160306152343750000e+03
1.393415722656250000e+04
1.353781982421875000e+03
2.982600097656250000e+02
2.169589996337890625e+02
3.413846923828125000e+03
6.411630249023437500e+02
3.327620117187500000e+03
3.375035888671875000e+03
1.016716210937500000e+04
8.425260009765625000e+02
2.991780029296875000e+03
6.750970214843750000e+03
3.965299987792968750e+02
6.028569946289062500e+02
5.860620117187500000e+02
8.628010253906250000e+02
4.823504882812500000e+03
1.173270034790039062e+02
2.322699928283691406e+01
1.708249023437500000e+03
1.709057617187500000e+04
1.589395996093750000e+04
2.823464111328125000e+03
4.103942871093750000e+03
1.112586059570312500e+03
3.765960083007812500e+02
8.410659179687500000e+03
6.346422851562500000e+03
9.587509765625000000e+02
5.005809936523437500e+02
3.505570068359375000e+02
8.646974609375000000e+03
1.082197021484375000e+03
2.181979980468750000e+03
2.447000976562500000e+03
1.035040039062500000e+03
9.799979858398437500e+02
3.442279968261718750e+02
1.674853125000000000e+04
5.103998046875000000e+03
2.660958007812500000e+03
7.176209716796875000e+02
8.581939697265625000e+02
5.707089843750000000e+02
8.499279785156250000e+02
1.360151977539062500e+03
3.957150878906250000e+03
4.772130126953125000e+02
7.048889770507812500e+02
1.657775585937500000e+04
2.489374023437500000e+03
3.083760070800781250e+02
1.214606640625000000e+04
5.177160034179687500e+02
1.074336059570312500e+03
1.150699996948242188e+02
2.250262939453125000e+03
5.014440002441406250e+02
1.642212036132812500e+03
1.006112976074218750e+03
1.692937988281250000e+03
5.434190063476562500e+02
1.180206054687500000e+03
7.239669799804687500e+02
1.035118041992187500e+03
1.315524047851562500e+03
1.196755004882812500e+03
3.672587890625000000e+03
4.422950134277343750e+02
2.899819946289062500e+02
1.350812011718750000e+03
5.351199951171875000e+02
1.083961059570312500e+03
1.160991943359375000e+03
1.068889038085937500e+03
3.502500000000000000e+02
2.546908007812500000e+04
8.089539794921875000e+02
5.174400024414062500e+02
2.925249938964843750e+02
4.619240112304687500e+02
2.941865966796875000e+03
6.825430297851562500e+02
4.300799942016601562e+01
1.960741943359375000e+03
1.065987060546875000e+03
4.327449951171875000e+02
1.048381958007812500e+03
2.188220062255859375e+02
1.066342285156250000e+04
6.510469970703125000e+02
8.370759887695312500e+02
9.939699707031250000e+02
1.560641967773437500e+03
3.052895019531250000e+03
2.370757080078125000e+03
1.314871948242187500e+03
8.088980102539062500e+02
1.399598999023437500e+03
3.927730957031250000e+03
3.223830078125000000e+03
3.466127929687500000e+03
1.181475952148437500e+03
6.560289916992187500e+02
1.176491796875000000e+04
8.596484375000000000e+03
3.742040100097656250e+02
8.640399780273437500e+02
4.940969848632812500e+02
1.122437695312500000e+04
2.428690917968750000e+03
1.022619018554687500e+03
9.929499816894531250e+01
1.605754028320312500e+03
1.550581054687500000e+03
5.065137207031250000e+03
3.819494531250000000e+04
1.089468017578125000e+03
4.878003906250000000e+03
1.069904296875000000e+04
8.288679809570312500e+02
8.160300292968750000e+02
3.895570068359375000e+02
1.230760351562500000e+04
2.448159942626953125e+02
9.380085937500000000e+03
3.181373046875000000e+03
4.971499938964843750e+02
5.147100067138671875e+01
5.682819824218750000e+02
8.417730102539062500e+02
1.121905273437500000e+04
8.418510131835937500e+02
3.851085937500000000e+04
2.696927001953125000e+03
2.591900024414062500e+02
1.008026000976562500e+03
5.085939941406250000e+02
3.100018066406250000e+03
1.369630981445312500e+03
9.217810058593750000e+02
6.725549926757812500e+02
4.338739929199218750e+02
4.519299926757812500e+02
1.136750030517578125e+02
1.602315722656250000e+04
1.044188183593750000e+04
6.006814941406250000e+03
4.368946777343750000e+03
3.012176025390625000e+03
8.906139648437500000e+03
1.612212036132812500e+03
8.997319946289062500e+02
4.117872070312500000e+03
6.074222167968750000e+03
4.957266113281250000e+03
2.005577026367187500e+03
2.522175976562500000e+04
1.876329956054687500e+03
8.274699707031250000e+02
3.857739868164062500e+02
2.375997656250000000e+04
4.360820007324218750e+02
2.018899917602539062e+01
6.504769897460937500e+02
4.839288281250000000e+04
1.465039257812500000e+04
3.296839904785156250e+02
9.529324218750000000e+03
8.195419921875000000e+02
1.519905029296875000e+03
2.322658935546875000e+03
2.940302978515625000e+03
1.791854003906250000e+03
1.137470016479492188e+02
1.463807006835937500e+03
8.029945800781250000e+03
3.756543945312500000e+03
4.873329101562500000e+03
1.734839062500000000e+04
6.447242187500000000e+03
6.278709716796875000e+02
9.794569702148437500e+02
4.562919921875000000e+03
2.327724121093750000e+03
8.608770141601562500e+02
2.192302001953125000e+03
3.707409912109375000e+03
2.359344970703125000e+03
2.349729687500000000e+04
7.464651855468750000e+03
7.444310302734375000e+02
1.225979980468750000e+03
5.714375000000000000e+03
5.560889892578125000e+02
2.548925048828125000e+03
6.404550170898437500e+02
2.598965820312500000e+04
2.227460021972656250e+02
5.195820800781250000e+03
8.028241210937500000e+03
6.177630004882812500e+02
1.703037695312500000e+04
3.259100036621093750e+02
1.578758007812500000e+04
3.971066894531250000e+03
9.427000045776367188e+00
3.856260070800781250e+02
2.743489990234375000e+02
8.217730102539062500e+02
1.977618041992187500e+03
4.355545898437500000e+03
3.121699951171875000e+03
1.116241943359375000e+03
1.663860961914062500e+03
9.399237304687500000e+03
1.458500000000000000e+03
9.053889770507812500e+02
4.071194091796875000e+03
8.412039062500000000e+03
1.866009979248046875e+02
1.155706054687500000e+03
1.196828979492187500e+03
5.363297851562500000e+03
6.345339965820312500e+02
1.436553955078125000e+03
1.574479003906250000e+03
4.997000122070312500e+02
4.844800109863281250e+02
1.193968017578125000e+03
9.817860107421875000e+02
4.976168945312500000e+03
1.895209960937500000e+02
5.647730102539062500e+02
1.292154589843750000e+04
7.228079833984375000e+02
7.297739868164062500e+02
6.292499923706054688e+01
8.925650024414062500e+02
1.987454956054687500e+03
7.512890014648437500e+02
2.790441406250000000e+04
5.822537109375000000e+03
4.135069824218750000e+03
5.608699951171875000e+02
5.905458007812500000e+03
1.513631640625000000e+04
3.837950927734375000e+03
3.723397949218750000e+03
4.006115966796875000e+03
7.218610229492187500e+02
8.772570190429687500e+02
2.968821044921875000e+03
9.664199829101562500e+02
4.136889953613281250e+02
3.263912109375000000e+03
2.927030029296875000e+03
3.177699890136718750e+02
2.131730041503906250e+02
1.672958984375000000e+03
5.361099853515625000e+02
6.524550170898437500e+02
3.412919921875000000e+02
3.662099914550781250e+02
5.216897949218750000e+03
6.888829101562500000e+03
6.456389160156250000e+03
7.500490112304687500e+02
1.110191113281250000e+04
2.865140075683593750e+02
2.443679962158203125e+02
4.059559936523437500e+02
1.465238037109375000e+03
4.664104003906250000e+03
3.672720031738281250e+02
3.646300125122070312e+01
4.043710021972656250e+02
1.294499969482421875e+01
1.611856445312500000e+04
7.372449951171875000e+02
1.588119018554687500e+03
2.152188964843750000e+03
1.447290039062500000e+02
2.256593994140625000e+03
1.443810058593750000e+03
2.451499938964843750e+01
2.720481054687500000e+04
2.481200027465820312e+01
1.598400195312500000e+04
2.484097070312500000e+04
1.849173950195312500e+03
2.573781445312500000e+04
9.542570190429687500e+02
1.164532958984375000e+03
6.631749877929687500e+02
1.252390722656250000e+04
1.322189941406250000e+03
3.033519897460937500e+02
2.026199913024902344e+01
2.236829986572265625e+02
1.070427929687500000e+04
9.473239746093750000e+02
1.082223999023437500e+03
3.010079956054687500e+02
3.555220031738281250e+02
8.943013671875000000e+03
9.862379760742187500e+02
6.755186035156250000e+03
2.540919952392578125e+02
1.827229003906250000e+03
2.099489990234375000e+03
2.436089935302734375e+02
3.957304931640625000e+03
2.655676025390625000e+03
2.635368896484375000e+03
2.043364990234375000e+03
8.524988281250000000e+03
1.120649047851562500e+03
8.647711914062500000e+03
8.520310058593750000e+02
2.156572998046875000e+03
8.345357421875000000e+03
6.696493164062500000e+03
5.583234863281250000e+03
4.663607910156250000e+03
3.846527099609375000e+03
6.931028808593750000e+03
7.856710205078125000e+02
3.646935058593750000e+03
2.248291992187500000e+03
1.223637939453125000e+03
5.995729003906250000e+03
1.225057006835937500e+03
5.946356933593750000e+03
4.183443847656250000e+03
2.184959570312500000e+04
4.194609985351562500e+02
4.332409973144531250e+02
8.620130004882812500e+02
2.221950073242187500e+02
3.795320129394531250e+02
8.385599609375000000e+03
1.612795507812500000e+04
6.999879760742187500e+02
1.966754028320312500e+03
2.973510986328125000e+03
4.929229003906250000e+03
1.761666992187500000e+03
3.694441894531250000e+03
3.151918945312500000e+03
5.929190063476562500e+02
3.678447998046875000e+03
4.711500167846679688e+01
6.223449707031250000e+02
7.624400329589843750e+01
3.855450134277343750e+02
2.441690063476562500e+02
1.547180023193359375e+02
7.224609863281250000e+03
7.855005859375000000e+03
2.052547119140625000e+03
4.088084960937500000e+03
9.404710937500000000e+03
6.757296875000000000e+03
5.283109741210937500e+02
5.453388183593750000e+03
1.524759979248046875e+02
7.419370117187500000e+02
2.748010986328125000e+03
2.264690917968750000e+03
3.544100189208984375e+01
3.041464111328125000e+03
6.681589843750000000e+03
5.712824218750000000e+03
3.170230102539062500e+02
4.050690002441406250e+02
2.077324951171875000e+03
1.229989990234375000e+03
1.430119934082031250e+02
2.132229980468750000e+03
1.501604980468750000e+03
1.484889984130859375e+02
3.295499877929687500e+02
1.500109008789062500e+03
4.682873046875000000e+03
3.076340026855468750e+02
9.673850097656250000e+02
8.233880004882812500e+02
5.884355957031250000e+03
1.152787963867187500e+03
1.023971777343750000e+04
7.100239868164062500e+02
8.425449829101562500e+02
3.392937011718750000e+03
2.762500000000000000e+01
1.222355957031250000e+03
1.892516967773437500e+03
3.107316894531250000e+03
2.664507080078125000e+03
3.165573437500000000e+04
1.329798950195312500e+03
2.433287109375000000e+03
1.382024609375000000e+04
5.246436035156250000e+03
1.177303955078125000e+03
1.097806030273437500e+03
3.033919982910156250e+02
1.274889984130859375e+02
1.019031005859375000e+03
8.841089843750000000e+03
7.790939941406250000e+02
8.691690063476562500e+02
9.192400360107421875e+01
1.071319335937500000e+04
4.592081054687500000e+03
2.779429931640625000e+02
4.275079956054687500e+02
4.416016796875000000e+04
1.758118041992187500e+03
4.906600189208984375e+01
2.542990966796875000e+03
1.429821093750000000e+04
1.231827636718750000e+04
4.210476074218750000e+03
1.213865332031250000e+04
4.540289916992187500e+02
5.403759765625000000e+03
9.355020141601562500e+02
1.425685058593750000e+03
2.124333984375000000e+03
7.911589965820312500e+02
6.339790039062500000e+02
1.236336059570312500e+03
3.473504882812500000e+03
3.231559082031250000e+03
8.295349731445312500e+02
1.939839965820312500e+03
1.876792578125000000e+04
7.654532226562500000e+03
8.445200347900390625e+01
7.078509765625000000e+03
1.020908020019531250e+03
8.135640258789062500e+02
1.711000061035156250e+01
3.349000167846679688e+01
6.942488769531250000e+03
9.092700195312500000e+02
1.283494995117187500e+03
1.933067993164062500e+03
2.478555908203125000e+03
1.984470062255859375e+02
3.334117919921875000e+03
3.731315917968750000e+03
9.513049926757812500e+02
3.428354980468750000e+03
2.759850097656250000e+03
7.032924804687500000e+03
1.147823339843750000e+04
1.015852539062500000e+04
3.521889953613281250e+02
9.341649780273437500e+02
5.069010009765625000e+02
2.629590148925781250e+02
4.771849975585937500e+02
6.351448242187500000e+03
2.849235107421875000e+03
2.607548095703125000e+03
2.018859570312500000e+04
1.231443969726562500e+03
1.400523144531250000e+04
