5.958485625000000000e+05
9.676629882812500000e+03
1.045551796875000000e+05
8.955334375000000000e+04
7.303157031250000000e+04
4.698703906250000000e+04
3.367350000000000000e+04
7.529662109375000000e+03
3.621949687500000000e+05
8.070251562500000000e+04
2.241045898437500000e+03
2.807200012207031250e+02
6.989769375000000000e+05
1.375877812500000000e+05
3.930705000000000000e+05
9.388836875000000000e+05
3.710319140625000000e+04
4.056751562500000000e+04
8.579125000000000000e+05
3.888603750000000000e+05
2.968720937500000000e+05
1.154077375000000000e+06
7.989445312500000000e+04
4.207456250000000000e+05
5.519184375000000000e+05
5.059005625000000000e+05
4.061359863281250000e+02
1.476445000000000000e+05
1.437115966796875000e+03
2.820225097656250000e+03
4.993910156250000000e+04
2.235027031250000000e+05
3.255943115234375000e+03
1.501873750000000000e+05
1.251629882812500000e+04
1.735759033203125000e+03
2.300825195312500000e+04
1.337869018554687500e+03
7.604719531250000000e+04
1.678316250000000000e+05
2.057180156250000000e+05
1.585859531250000000e+05
4.461669921875000000e+02
3.810164062500000000e+04
1.579461035156250000e+04
7.375099945068359375e+01
5.060200119018554688e+01
2.288827812500000000e+05
1.040125000000000000e+05
5.675910034179687500e+02
3.081366796875000000e+04
8.473536875000000000e+05
1.177505004882812500e+03
1.230790039062500000e+03
3.043776562500000000e+05
1.124864125000000000e+06
5.255819702148437500e+02
1.429475952148437500e+03
4.614613437500000000e+05
1.233518671875000000e+05
9.371421875000000000e+04
3.738234765625000000e+04
1.107145996093750000e+03
1.086370500000000000e+06
3.041480102539062500e+02
8.576826562500000000e+04
1.158319238281250000e+04
4.666911132812500000e+03
4.069540100097656250e+02
1.999808593750000000e+04
5.448321093750000000e+04
1.510004843750000000e+05
2.330977343750000000e+05
5.704241875000000000e+05
3.258568115234375000e+03
7.315703750000000000e+05
8.439920043945312500e+02
1.293195117187500000e+04
1.623204687500000000e+05
2.771194687500000000e+05
2.941329687500000000e+05
4.032931562500000000e+05
1.610866375000000000e+06
1.271292968750000000e+03
3.698014453125000000e+04
1.872582031250000000e+03
1.209491625000000000e+06
4.702044921875000000e+03
1.666799926757812500e+01
3.661672265625000000e+04
6.825797851562500000e+03
4.790846250000000000e+05
5.417932128906250000e+03
7.304793750000000000e+05
1.179699993133544922e+01
8.908418750000000000e+04
2.425321250000000000e+06
7.479399871826171875e+01
2.276134218750000000e+05
5.570544921875000000e+03
3.150813437500000000e+05
7.728476250000000000e+05
1.913437988281250000e+03
4.438989868164062500e+02
1.273763769531250000e+04
6.861875976562500000e+03
7.528030468750000000e+04
8.698705468750000000e+04
3.294392500000000000e+05
5.581450195312500000e+02
8.758184375000000000e+05
7.482967187500000000e+04
2.527792773437500000e+04
6.218679375000000000e+05
1.236708007812500000e+03
6.460685937500000000e+04
5.083124375000000000e+05
1.015511375000000000e+06
2.817740039062500000e+04
7.427789916992187500e+02
1.309950875000000000e+06
6.633000183105468750e+01
9.934779687500000000e+04
6.260020996093750000e+03
4.402591875000000000e+05
1.057540039062500000e+04
7.196091406250000000e+04
2.553560351562500000e+04
2.413159843750000000e+05
2.842675195312500000e+04
1.375039978027343750e+02
1.030403359375000000e+05
9.510782226562500000e+03
5.978389892578125000e+02
1.886943945312500000e+04
1.968633056640625000e+03
2.694320117187500000e+04
1.620376464843750000e+04
3.582560119628906250e+02
8.050535156250000000e+03
4.276955078125000000e+03
1.200834179687500000e+04
1.002116027832031250e+03
3.984747070312500000e+03
2.364754531250000000e+05
1.383650054931640625e+02
4.484318125000000000e+05
3.808550109863281250e+02
4.809668125000000000e+05
1.482599945068359375e+02
8.593900299072265625e+01
2.391679218750000000e+05
2.781551875000000000e+05
8.567394531250000000e+03
2.539601093750000000e+05
9.064999580383300781e+00
1.158295375000000000e+06
2.246323000000000000e+06
2.409827968750000000e+05
2.626852187500000000e+05
3.208921875000000000e+04
6.337964453125000000e+04
1.205841250000000000e+05
6.706029785156250000e+03
5.017349609375000000e+04
1.101580703125000000e+05
6.291439819335937500e+02
4.904523750000000000e+05
1.048588085937500000e+04
1.572308984375000000e+04
2.445700073242187500e+01
5.310550390625000000e+04
7.449359741210937500e+02
6.962200164794921875e+01
8.100000976562500000e+03
2.311948974609375000e+03
3.723589843750000000e+04
5.861269140625000000e+04
6.474354003906250000e+03
9.606725781250000000e+04
6.241708007812500000e+03
5.856298046875000000e+04
6.224198437500000000e+04
1.350540008544921875e+02
6.533474375000000000e+05
2.145722343750000000e+05
1.122984008789062500e+03
1.546697851562500000e+04
1.738809967041015625e+02
3.733102500000000000e+05
2.856855273437500000e+04
2.755687187500000000e+05
1.167619018554687500e+03
4.214654375000000000e+05
1.131696718750000000e+05
7.399260253906250000e+02
8.242133789062500000e+03
6.953600311279296875e+01
7.333858125000000000e+05
1.899593625000000000e+06
2.470700927734375000e+03
1.823715039062500000e+04
4.824286132812500000e+03
6.772249755859375000e+02
7.472243164062500000e+03
7.567156875000000000e+05
1.470519375000000000e+05
7.708583007812500000e+03
1.920820703125000000e+04
5.233900146484375000e+02
7.471130859375000000e+03
6.892333125000000000e+05
3.438518750000000000e+05
1.422068437500000000e+05
2.933043437500000000e+05
2.331420312500000000e+05
3.234169687500000000e+05
6.869047656250000000e+04
2.892617187500000000e+05
7.260585937500000000e+04
2.768075781250000000e+04
1.005762031250000000e+05
1.973455000000000000e+06
2.375858593750000000e+04
9.536017968750000000e+04
5.882009887695312500e+02
1.082074951171875000e+03
7.149677500000000000e+05
2.061035888671875000e+03
3.145225312500000000e+05
1.626641562500000000e+05
4.977618437500000000e+05
4.974320703125000000e+04
1.070324375000000000e+06
1.618006542968750000e+04
8.432986718750000000e+04
6.306134375000000000e+04
3.868842041015625000e+03
4.177600097656250000e+01
8.571152500000000000e+05
8.471128125000000000e+04
7.517882031250000000e+04
2.790792187500000000e+04
1.252917578125000000e+04
1.199505981445312500e+03
1.760330047607421875e+02
3.936539062500000000e+05
3.680849914550781250e+02
2.162607968750000000e+05
2.206566210937500000e+04
1.854233906250000000e+05
6.541575195312500000e+03
2.629880065917968750e+02
3.540211718750000000e+04
1.393280029296875000e+02
2.628059375000000000e+04
1.163258046875000000e+05
8.410877343750000000e+04
7.370560302734375000e+02
2.582825625000000000e+05
3.416098828125000000e+04
2.600568750000000000e+04
3.042971093750000000e+04
8.891221093750000000e+04
2.933574375000000000e+05
3.926011962890625000e+03
8.096184082031250000e+03
2.032997187500000000e+05
1.628049926757812500e+02
1.486071750000000000e+06
1.703474375000000000e+05
4.831688964843750000e+03
3.091409912109375000e+02
3.546731933593750000e+03
9.267509765625000000e+02
2.288597031250000000e+05
3.990148437500000000e+05
2.352177001953125000e+03
8.856868750000000000e+05
6.198006250000000000e+05
1.509777539062500000e+04
1.484307625000000000e+06
8.693274218750000000e+04
6.596210625000000000e+05
6.744506250000000000e+05
2.022606562500000000e+05
2.615643066406250000e+03
6.542848828125000000e+04
4.169682421875000000e+04
5.164892089843750000e+03
1.276322363281250000e+04
9.559956054687500000e+03
7.977848437500000000e+04
5.751921875000000000e+03
2.960068115234375000e+03
2.683510131835937500e+02
1.019572851562500000e+04
4.085973750000000000e+05
6.114952734375000000e+04
1.163159375000000000e+05
3.653885000000000000e+05
4.603010625000000000e+05
6.596766406250000000e+04
2.100670013427734375e+02
4.538550625000000000e+05
2.475607812500000000e+05
1.036028222656250000e+04
2.370459375000000000e+04
1.043930053710937500e+03
5.554140234375000000e+04
1.186201328125000000e+05
1.307370996093750000e+04
4.210204375000000000e+05
7.058783203125000000e+03
1.851893906250000000e+05
1.584267812500000000e+05
1.780166406250000000e+04
1.160357055664062500e+03
1.063980026245117188e+02
6.124195800781250000e+03
4.162323750000000000e+05
2.202377812500000000e+05
1.378363037109375000e+03
3.513393125000000000e+05
1.723875781250000000e+05
1.366843017578125000e+03
5.483423750000000000e+05
5.965332031250000000e+03
1.485435125000000000e+06
4.234780468750000000e+04
5.036704687500000000e+05
9.806019897460937500e+02
5.202744375000000000e+05
6.012015625000000000e+04
1.308937500000000000e+04
2.097728027343750000e+03
1.285019989013671875e+02
4.161863769531250000e+03
6.217978906250000000e+04
3.928308125000000000e+05
6.350008984375000000e+04
4.915275781250000000e+04
8.484211875000000000e+05
5.560206250000000000e+04
8.859082031250000000e+03
4.752050781250000000e+03
2.295529882812500000e+04
4.249231640625000000e+04
1.609338437500000000e+05
6.979769897460937500e+02
4.273182812500000000e+04
9.134119873046875000e+02
9.640538750000000000e+05
5.258610229492187500e+02
2.166099929809570312e+01
4.722009887695312500e+02
4.906025312500000000e+05
1.235371948242187500e+03
4.284362109375000000e+04
5.206142089843750000e+03
3.051551250000000000e+05
1.110509033203125000e+03
7.988082812500000000e+04
1.558548125000000000e+05
1.845783281250000000e+05
5.966109765625000000e+04
4.025603125000000000e+05
3.160641875000000000e+05
1.413875312500000000e+05
1.117900156250000000e+05
5.787015136718750000e+03
1.830524804687500000e+04
3.010629882812500000e+02
2.668375390625000000e+04
1.603863437500000000e+05
3.864997812500000000e+05
3.377919921875000000e+02
5.959708984375000000e+04
1.237744875000000000e+06
1.705985351562500000e+04
5.865509375000000000e+05
2.236193281250000000e+05
1.352492500000000000e+05
1.366408300781250000e+04
9.093617968750000000e+04
1.866640991210937500e+03
3.328710021972656250e+02
8.348936718750000000e+04
1.179268046875000000e+05
2.658887939453125000e+03
3.513025781250000000e+04
1.450958000000000000e+06
7.209044531250000000e+04
3.133235742187500000e+04
1.578764062500000000e+05
6.146319375000000000e+05
7.720345312500000000e+04
2.914091064453125000e+03
5.503739843750000000e+04
1.763947500000000000e+05
5.612937988281250000e+03
1.453153750000000000e+06
1.895259033203125000e+03
5.029830078125000000e+04
1.674505004882812500e+03
2.092852050781250000e+03
4.223619995117187500e+02
1.703214218750000000e+05
8.158812011718750000e+03
1.911576953125000000e+04
3.253398632812500000e+04
4.202030029296875000e+02
3.989779968261718750e+02
2.927620312500000000e+05
9.505966875000000000e+05
9.871971093750000000e+04
3.136000625000000000e+05
2.831170117187500000e+04
5.542382500000000000e+05
3.352096484375000000e+04
1.325885009765625000e+03
2.575853027343750000e+03
2.345758906250000000e+05
2.769238671875000000e+04
4.622499023437500000e+03
1.800612500000000000e+06
5.429992187500000000e+03
1.907351953125000000e+04
5.091831250000000000e+04
6.089629296875000000e+04
5.970757812500000000e+03
1.927160034179687500e+02
3.875446875000000000e+04
3.893536718750000000e+04
6.468169921875000000e+03
1.300472167968750000e+04
6.426274902343750000e+03
4.799562988281250000e+03
1.218564531250000000e+05
2.801261962890625000e+03
2.422103750000000000e+05
6.910307128906250000e+03
4.966783984375000000e+04
2.660484062500000000e+05
7.008596875000000000e+05
1.672606640625000000e+04
1.468858750000000000e+05
1.401039531250000000e+05
1.253802978515625000e+03
4.967399902343750000e+02
1.210656625000000000e+06
1.208301025390625000e+03
1.100548144531250000e+04
9.306667968750000000e+03
1.502450468750000000e+05
2.307157968750000000e+05
3.129042968750000000e+04
2.982545000000000000e+05
3.379626562500000000e+04
3.469375000000000000e+04
3.002590026855468750e+02
3.999200057983398438e+01
1.896084531250000000e+05
1.511506875000000000e+05
1.204048671875000000e+05
1.379077832031250000e+04
8.837028320312500000e+03
1.492907343750000000e+05
2.482810058593750000e+02
3.574728125000000000e+05
1.451547968750000000e+05
1.201163940429687500e+03
6.100991250000000000e+05
4.274141113281250000e+03
1.338279500000000000e+06
1.151998046875000000e+03
2.877202880859375000e+03
7.694511230468750000e+03
2.428565039062500000e+04
6.081500625000000000e+05
1.982277148437500000e+04
8.209534179687500000e+03
7.531323750000000000e+05
8.622599792480468750e+01
4.468399810791015625e+01
2.878623437500000000e+04
2.056386375000000000e+06
3.755607910156250000e+03
5.097963671875000000e+04
6.238999609375000000e+04
2.780838125000000000e+05
4.284933750000000000e+05
6.305289062500000000e+04
4.177588671875000000e+04
9.087561718750000000e+04
3.712386962890625000e+03
8.560530000000000000e+05
7.025496875000000000e+04
1.446660312500000000e+05
4.089819946289062500e+02
1.553793281250000000e+05
9.580806875000000000e+05
3.917048437500000000e+04
3.401636328125000000e+04
3.226248046875000000e+03
4.512671875000000000e+03
4.682875781250000000e+04
7.134798828125000000e+03
6.968003906250000000e+04
8.583026367187500000e+03
3.631301875000000000e+05
5.707764062500000000e+04
2.368289947509765625e+02
2.267750781250000000e+04
3.820866000000000000e+06
4.283853027343750000e+03
1.518952656250000000e+05
1.034703979492187500e+03
3.095033125000000000e+05
1.162484375000000000e+06
1.609317125000000000e+06
3.139604687500000000e+05
1.897365312500000000e+05
1.796081250000000000e+04
4.332940063476562500e+02
5.150094062500000000e+05
3.756295000000000000e+05
9.068056250000000000e+04
1.402089965820312500e+03
3.984151953125000000e+04
2.326755625000000000e+05
9.684404296875000000e+03
7.541162109375000000e+03
8.015067871093750000e+03
1.173153359375000000e+05
5.889517089843750000e+03
9.988400268554687500e+01
5.743939941406250000e+03
2.459009033203125000e+03
4.942265625000000000e+04
1.267961000000000000e+06
1.342048242187500000e+04
7.193022500000000000e+05
4.178737792968750000e+03
9.870899375000000000e+05
5.171890258789062500e+02
3.983805312500000000e+05
3.160467578125000000e+04
1.710509948730468750e+02
2.183287750000000000e+06
8.542578125000000000e+03
1.026586953125000000e+05
5.113577148437500000e+03
2.972229062500000000e+05
5.361720312500000000e+04
1.942787812500000000e+05
1.389220312500000000e+05
1.127759531250000000e+05
4.409186718750000000e+04
1.616406982421875000e+03
4.976300781250000000e+03
1.120480761718750000e+04
2.278981875000000000e+05
8.431489868164062500e+02
2.683506250000000000e+04
3.776730041503906250e+02
2.570150146484375000e+02
1.407426464843750000e+04
5.744453906250000000e+04
6.266278906250000000e+04
3.675802500000000000e+05
3.278706250000000000e+04
2.682589111328125000e+03
8.165856933593750000e+03
1.402102968750000000e+05
5.605419921875000000e+02
1.082324316406250000e+04
5.198632812500000000e+03
1.710918945312500000e+04
8.508380859375000000e+03
7.205359375000000000e+04
1.239419531250000000e+04
1.508575375000000000e+06
1.913487500000000000e+05
9.256505468750000000e+04
1.950435625000000000e+05
1.217935390625000000e+05
3.816091015625000000e+04
2.608099023437500000e+04
1.097539000000000000e+06
3.134271972656250000e+03
2.315828750000000000e+05
4.257449375000000000e+05
2.679020750000000000e+06
7.828404375000000000e+05
5.516964843750000000e+03
1.866074250000000000e+06
1.900939875000000000e+06
5.863688281250000000e+04
1.154926000000000000e+06
2.027678750000000000e+05
2.497136962890625000e+03
3.035650878906250000e+03
1.138673535156250000e+04
3.135880126953125000e+02
1.695526500000000000e+06
2.110833125000000000e+05
9.848571093750000000e+04
8.352990112304687500e+02
1.938975625000000000e+05
4.787136875000000000e+05
1.540524609375000000e+04
6.102746875000000000e+04
1.194909082031250000e+04
4.954500976562500000e+03
1.007611015625000000e+05
5.168857031250000000e+04
8.048999786376953125e+00
1.250776250000000000e+06
5.245146875000000000e+05
9.311208750000000000e+05
1.712086562500000000e+05
9.267505468750000000e+04
1.116576049804687500e+03
1.039379687500000000e+06
8.188882812500000000e+03
3.918280029296875000e+02
5.784060058593750000e+02
1.148368847656250000e+04
2.255856250000000000e+04
5.638926757812500000e+03
1.896567343750000000e+05
1.216067675781250000e+04
8.539215625000000000e+04
1.093721093750000000e+05
9.961970703125000000e+03
1.803021875000000000e+06
1.756774023437500000e+04
1.435189971923828125e+02
1.607210000000000000e+05
1.328006250000000000e+05
3.614046875000000000e+04
1.766895898437500000e+04
3.577008437500000000e+05
4.189070800781250000e+03
1.083867500000000000e+05
1.087263769531250000e+04
3.061572851562500000e+04
1.160640156250000000e+05
6.971075625000000000e+05
9.414347500000000000e+05
1.787089965820312500e+03
6.263411250000000000e+05
6.617239990234375000e+02
2.214466406250000000e+04
6.614317187500000000e+04
9.760241210937500000e+03
2.676190625000000000e+05
3.049024687500000000e+05
2.156376406250000000e+05
1.064981640625000000e+04
2.369166875000000000e+05
1.066418945312500000e+03
1.835147656250000000e+04
2.068660468750000000e+05
3.305604687500000000e+04
1.274068281250000000e+05
2.457332500000000000e+05
3.686560058593750000e+02
1.431919140625000000e+04
6.133944140625000000e+04
1.870970001220703125e+02
1.557545800781250000e+04
6.932639843750000000e+04
6.126862792968750000e+03
2.100648281250000000e+05
1.541366718750000000e+05
1.757748046875000000e+03
4.124104062500000000e+05
9.585342500000000000e+05
8.380495625000000000e+05
2.012129974365234375e+02
2.393603906250000000e+04
6.540289916992187500e+02
1.605144433593750000e+04
4.867322500000000000e+05
2.379362250000000000e+06
5.723826171875000000e+03
4.433416015625000000e+04
1.511303417968750000e+04
4.518431250000000000e+04
2.857679062500000000e+05
1.920240468750000000e+05
5.786696875000000000e+04
1.337186093750000000e+05
1.310435058593750000e+03
3.023270019531250000e+03
1.307510070800781250e+02
8.524318750000000000e+04
2.571976757812500000e+04
3.430388750000000000e+05
5.910104003906250000e+03
7.171607500000000000e+05
2.273944218750000000e+05
7.685016113281250000e+03
1.319704980468750000e+04
9.051957031250000000e+04
1.590040781250000000e+05
1.256795117187500000e+04
5.430485625000000000e+05
8.693933750000000000e+05
5.277971484375000000e+04
1.781842041015625000e+03
1.118389968872070312e+02
1.080480937500000000e+05
2.445602050781250000e+03
1.807502812500000000e+05
1.352805156250000000e+05
4.137500000000000000e+01
1.893375468750000000e+05
4.542830078125000000e+04
1.107318750000000000e+05
2.425659942626953125e+02
2.200911328125000000e+04
2.246569335937500000e+04
5.125521875000000000e+05
4.143234062500000000e+05
7.119539843750000000e+04
2.368935546875000000e+04
1.575687343750000000e+05
3.226880937500000000e+05
1.156722753906250000e+04
1.597361562500000000e+05
1.699902929687500000e+04
3.229002734375000000e+04
3.291433105468750000e+03
9.024882812500000000e+03
1.326202026367187500e+03
5.810814062500000000e+04
1.631392656250000000e+05
1.650129101562500000e+04
3.833953500000000000e+06
2.217650250000000000e+06
1.330939062500000000e+04
2.970809082031250000e+03
1.222279296875000000e+05
2.166050048828125000e+03
2.772378515625000000e+04
8.690161718750000000e+04
9.993831875000000000e+05
4.202780468750000000e+04
1.715637031250000000e+05
1.794290008544921875e+02
1.349120971679687500e+03
9.202485937500000000e+04
1.338794687500000000e+05
5.108250122070312500e+02
5.609699707031250000e+02
1.618864250000000000e+06
6.891201875000000000e+05
1.724218017578125000e+03
3.017644042968750000e+03
8.923315625000000000e+04
1.781133281250000000e+05
2.535720507812500000e+04
6.955106933593750000e+03
3.078400500000000000e+06
2.511687988281250000e+03
8.496598437500000000e+04
7.806232812500000000e+04
1.680693000000000000e+06
5.259128906250000000e+03
8.421430625000000000e+05
1.010828002929687500e+03
2.180506500000000000e+06
7.933679809570312500e+02
3.508021875000000000e+04
3.317594970703125000e+03
5.436998046875000000e+04
3.371082187500000000e+05
6.707292187500000000e+04
1.167708281250000000e+05
1.514053955078125000e+03
4.436375781250000000e+04
3.006371250000000000e+05
1.253419218750000000e+05
4.345359765625000000e+04
8.713380468750000000e+04
1.929676718750000000e+05
6.813270000000000000e+05
1.476354531250000000e+05
9.069063750000000000e+05
3.922713125000000000e+05
1.110682421875000000e+04
6.390668945312500000e+03
2.873065000000000000e+05
1.735784057617187500e+03
3.674960021972656250e+02
4.347917187500000000e+05
7.058790283203125000e+02
7.502500152587890625e+01
3.643382031250000000e+04
3.319550937500000000e+05
7.290708984375000000e+03
6.106508750000000000e+05
1.145938359375000000e+05
6.233243164062500000e+03
8.281896484375000000e+03
6.985065625000000000e+04
1.948708125000000000e+06
4.934030078125000000e+04
8.948034375000000000e+04
8.401818359375000000e+03
3.304436562500000000e+05
1.104739990234375000e+02
2.045399843750000000e+05
2.519259375000000000e+05
1.812563867187500000e+04
3.796635009765625000e+03
8.466093125000000000e+05
1.713823828125000000e+04
1.428726464843750000e+04
1.158277000000000000e+06
1.171274047851562500e+03
5.728924804687500000e+03
8.125659790039062500e+02
1.211197265625000000e+05
3.547229919433593750e+02
1.465531005859375000e+03
4.131324687500000000e+05
5.295758984375000000e+04
2.715911132812500000e+04
9.213853125000000000e+05
1.322500038146972656e+01
6.491931640625000000e+04
2.927300109863281250e+02
2.813865750000000000e+06
7.986639062500000000e+04
5.475989990234375000e+02
9.048145312500000000e+04
5.186470625000000000e+05
9.595308750000000000e+05
1.089102441406250000e+04
1.567496948242187500e+03
5.421256250000000000e+05
2.677966992187500000e+04
9.229846093750000000e+04
5.471266875000000000e+05
5.822908984375000000e+04
6.696675781250000000e+04
5.765399932861328125e+01
1.554750976562500000e+03
5.189095703125000000e+04
3.370526562500000000e+05
1.279565722656250000e+04
3.169110312500000000e+05
6.022589721679687500e+02
4.929841250000000000e+05
1.385413906250000000e+05
1.036849765625000000e+05
1.130784531250000000e+05
3.608810119628906250e+02
3.006982500000000000e+05
6.107280078125000000e+04
4.866794062500000000e+05
1.949941093750000000e+05
3.401355859375000000e+04
1.154116562500000000e+05
1.612797973632812500e+03
3.568638750000000000e+05
2.580702343750000000e+04
2.368139953613281250e+02
2.642631562500000000e+05
2.386572998046875000e+03
4.192320625000000000e+05
1.467811816406250000e+04
1.115483007812500000e+04
8.826660156250000000e+04
1.086103125000000000e+06
6.325929199218750000e+03
1.857544335937500000e+04
1.059208300781250000e+04
1.195215125000000000e+06
9.839864062500000000e+04
3.825846250000000000e+05
1.153287304687500000e+04
6.957908203125000000e+03
1.684996948242187500e+03
3.627268359375000000e+04
7.016202343750000000e+04
8.368616210937500000e+03
1.234769531250000000e+04
8.715698437500000000e+04
9.679951250000000000e+05
2.946059875488281250e+02
3.387363671875000000e+04
1.595659843750000000e+05
8.357939375000000000e+05
7.667498125000000000e+05
2.999667382812500000e+04
8.876829833984375000e+02
1.831929882812500000e+04
4.135991875000000000e+05
2.200676875000000000e+05
6.032000000000000000e+05
3.153674609375000000e+04
1.056062421875000000e+05
8.157829687500000000e+04
1.683972851562500000e+04
2.208273437500000000e+05
1.205713359375000000e+05
2.541149375000000000e+05
9.494068750000000000e+04
4.844800186157226562e+01
1.234777954101562500e+03
5.147873437500000000e+04
3.250420000000000000e+05
1.122484985351562500e+03
2.764129492187500000e+04
4.010136962890625000e+03
2.686065312500000000e+05
2.129770050048828125e+02
1.427944000000000000e+06
4.235048125000000000e+05
6.681076875000000000e+05
1.163063828125000000e+05
2.559614013671875000e+03
3.212367382812500000e+04
2.189343994140625000e+03
8.587999725341796875e+01
1.350244995117187500e+03
2.953825937500000000e+05
5.215402500000000000e+05
1.355579296875000000e+04
1.776810625000000000e+05
1.226295156250000000e+05
2.085339531250000000e+05
9.622106250000000000e+04
8.988700103759765625e+01
5.523177343750000000e+04
4.196809997558593750e+02
2.875035000000000000e+05
3.254626562500000000e+05
1.035010812500000000e+06
5.212103027343750000e+03
1.506097031250000000e+05
1.030977437500000000e+06
3.625199890136718750e+01
3.082382080078125000e+03
1.382230072021484375e+02
1.629166718750000000e+05
1.241706750000000000e+06
1.013187011718750000e+03
2.617496093750000000e+03
4.144063671875000000e+04
7.082570312500000000e+04
2.397956718750000000e+05
1.213437109375000000e+05
4.624743437500000000e+05
3.091700000000000000e+05
2.457920898437500000e+03
1.080735703125000000e+05
5.287137500000000000e+04
6.462572656250000000e+04
6.959530029296875000e+02
1.140885986328125000e+03
6.926499375000000000e+05
6.805506875000000000e+05
6.437176953125000000e+04
7.513475781250000000e+04
1.595649023437500000e+04
3.567031562500000000e+05
3.305579375000000000e+05
4.357495000000000000e+05
1.936011093750000000e+05
2.111081500000000000e+06
3.030405468750000000e+04
5.116729980468750000e+03
1.184082250000000000e+06
8.440998125000000000e+05
6.352917968750000000e+04
2.469486083984375000e+03
1.547993261718750000e+04
2.389897460937500000e+04
1.441324843750000000e+05
1.030839996337890625e+02
6.177167968750000000e+04
4.177790312500000000e+05
2.018078515625000000e+04
5.812688671875000000e+04
3.506340026855468750e+02
3.058060156250000000e+04
1.589831625000000000e+06
1.388059570312500000e+04
4.611090087890625000e+02
6.110674804687500000e+03
3.363258593750000000e+04
7.363707031250000000e+03
1.851849975585937500e+02
1.810633906250000000e+05
