2.037127500000000000e+06
5.476920000000000000e+05
5.182606250000000000e+04
1.371797500000000000e+05
1.627021093750000000e+05
3.684630859375000000e+04
2.518837000000000000e+06
7.662360229492187500e+02
2.775500976562500000e+03
1.596144375000000000e+06
8.407470092773437500e+02
1.602468906250000000e+05
1.403822125000000000e+06
4.580848000000000000e+06
2.143371750000000000e+06
4.246815000000000000e+06
2.109114218750000000e+05
1.225890875000000000e+06
4.046022250000000000e+06
5.935771875000000000e+04
2.154363500000000000e+06
2.898817578125000000e+04
2.059279250000000000e+06
8.371750000000000000e+03
1.101463500000000000e+06
2.450618896484375000e+03
8.287399902343750000e+02
5.308557000000000000e+06
4.872384500000000000e+06
5.132197500000000000e+05
2.416863750000000000e+06
8.271179809570312500e+02
5.024460546875000000e+04
9.229641250000000000e+05
4.064231933593750000e+03
6.039417968750000000e+03
1.935263125000000000e+05
1.959494600000000000e+07
1.246917968750000000e+03
5.671909790039062500e+02
9.290738281250000000e+03
2.867353500000000000e+06
5.391243000000000000e+06
5.469599500000000000e+06
4.692569687500000000e+05
7.799251562500000000e+04
1.943556030273437500e+03
1.264053500000000000e+06
9.444225585937500000e+03
3.106404000000000000e+06
8.253253906250000000e+04
1.534385000000000000e+05
6.898623125000000000e+05
3.595720947265625000e+03
3.437108437500000000e+05
1.140654492187500000e+04
6.932842187500000000e+04
8.871848437500000000e+04
1.943286875000000000e+06
5.202210083007812500e+02
4.011261328125000000e+04
1.916597656250000000e+05
2.852675250000000000e+06
3.710190124511718750e+02
3.954764750000000000e+06
2.912101875000000000e+05
6.469396972656250000e+03
1.403675878906250000e+04
7.241892187500000000e+04
7.003937988281250000e+03
4.595215312500000000e+05
1.198108032226562500e+03
1.709069946289062500e+03
9.213850097656250000e+02
1.115018625000000000e+06
1.717913940429687500e+03
1.669647656250000000e+05
5.173964000000000000e+06
6.209002343750000000e+04
3.389148925781250000e+03
1.184890014648437500e+03
1.964609985351562500e+02
2.414257080078125000e+03
4.347578000000000000e+06
1.823798828125000000e+04
3.213330078125000000e+02
2.828425625000000000e+05
3.380385937500000000e+05
2.638549609375000000e+04
1.058822998046875000e+03
2.689400250000000000e+06
9.277844726562500000e+03
8.768350219726562500e+02
1.146784531250000000e+05
7.142036718750000000e+04
2.149362500000000000e+06
4.167280625000000000e+05
5.535845214843750000e+03
2.448083984375000000e+03
5.914642187500000000e+04
8.271531250000000000e+05
1.262801375000000000e+06
7.391641000000000000e+06
6.026000022888183594e+00
6.805463000000000000e+06
1.858124609375000000e+04
1.758958250000000000e+06
8.140845625000000000e+05
1.420536625000000000e+06
2.333461500000000000e+06
7.949263183593750000e+03
6.204920043945312500e+02
3.501588250000000000e+06
1.323607500000000000e+06
8.252611250000000000e+05
1.077360900000000000e+07
3.804258500000000000e+06
4.764131562500000000e+05
4.191766875000000000e+05
1.721953002929687500e+03
1.014474600000000000e+07
3.196940002441406250e+02
3.455164500000000000e+06
8.697429687500000000e+03
5.954100036621093750e+01
3.734179992675781250e+02
4.577916015625000000e+04
9.757941250000000000e+05
6.868006875000000000e+05
2.437563085937500000e+04
2.007580250000000000e+06
1.147495507812500000e+04
1.003878808593750000e+04
5.881080000000000000e+06
6.559402500000000000e+06
1.634975625000000000e+05
2.608789250000000000e+06
1.751159218750000000e+05
2.063366796875000000e+04
1.221226000000000000e+06
2.130851074218750000e+03
5.247979687500000000e+04
5.622349000000000000e+06
5.578468000000000000e+06
4.384119873046875000e+02
6.583460000000000000e+05
5.033674218750000000e+04
4.912729500000000000e+06
4.694486000000000000e+06
3.522574218750000000e+04
5.045682000000000000e+06
4.726297265625000000e+04
7.341638183593750000e+03
7.116303125000000000e+05
6.574569702148437500e+02
1.726816875000000000e+06
3.526579895019531250e+02
3.735656500000000000e+06
9.898496875000000000e+04
9.686419531250000000e+04
3.480170898437500000e+03
1.436352246093750000e+04
3.518900250000000000e+06
1.306123375000000000e+06
1.125317968750000000e+04
6.237734500000000000e+06
1.604845937500000000e+05
4.084445703125000000e+04
7.457810058593750000e+02
1.496229250000000000e+06
1.680332421875000000e+04
4.165649902343750000e+03
1.446143750000000000e+06
1.848956875000000000e+06
8.248010253906250000e+02
2.677172500000000000e+05
1.992007750000000000e+06
1.778415625000000000e+04
1.069799995422363281e+01
2.321746250000000000e+06
3.036180000000000000e+06
7.323746500000000000e+06
1.225314941406250000e+03
5.033066500000000000e+06
1.821760009765625000e+03
1.500390014648437500e+02
1.581726757812500000e+04
3.118799972534179688e+01
2.042048593750000000e+05
1.709427625000000000e+06
3.959727000000000000e+06
5.922280761718750000e+03
1.250800037384033203e+01
5.554108500000000000e+06
5.902199935913085938e+01
1.062940125000000000e+06
5.568145000000000000e+06
6.865259500000000000e+06
1.751827500000000000e+05
8.074663085937500000e+03
2.906968750000000000e+05
1.532211816406250000e+04
1.894389062500000000e+04
1.969750061035156250e+02
1.373727656250000000e+05
2.353382421875000000e+04
7.220200347900390625e+01
9.053317382812500000e+03
1.752436250000000000e+06
1.263011700000000000e+07
3.801529375000000000e+05
5.078532187500000000e+05
2.795524902343750000e+03
4.337551000000000000e+06
1.054652954101562500e+03
1.129570007324218750e+02
7.268863000000000000e+06
1.621361250000000000e+06
4.663061000000000000e+06
7.303613125000000000e+05
3.331589965820312500e+02
1.530537963867187500e+03
9.760902343750000000e+04
8.485579833984375000e+02
1.301838012695312500e+03
3.844408750000000000e+05
2.204554101562500000e+04
5.441470703125000000e+04
4.682729000000000000e+06
1.737980937500000000e+05
2.715741943359375000e+03
3.292627250000000000e+06
1.754275375000000000e+06
3.697431000000000000e+06
6.985240234375000000e+03
4.570583125000000000e+05
1.547409125000000000e+06
6.608029785156250000e+02
7.062516406250000000e+04
1.577127000000000000e+07
5.379037500000000000e+05
5.364609985351562500e+02
3.706193115234375000e+03
6.167696875000000000e+04
1.489233496093750000e+04
4.756282000000000000e+06
2.796576750000000000e+06
1.969238375000000000e+06
1.530645898437500000e+04
1.594791750000000000e+06
7.020317000000000000e+06
2.146703250000000000e+06
5.639895703125000000e+04
3.847890014648437500e+02
3.355919921875000000e+04
1.550930078125000000e+04
1.227251328125000000e+05
8.101000213623046875e+01
1.968052539062500000e+04
5.167439000000000000e+06
4.557356000000000000e+06
3.363987109375000000e+04
4.368043359375000000e+04
1.497112187500000000e+05
3.079663476562500000e+04
1.491837036132812500e+03
6.827541875000000000e+05
3.325965234375000000e+04
3.316373437500000000e+04
6.618829956054687500e+02
1.906509800000000000e+07
9.409816250000000000e+05
7.048578125000000000e+05
1.288607734375000000e+05
2.150449750000000000e+06
1.312265991210937500e+03
6.445258984375000000e+04
2.650900077819824219e+01
9.997043125000000000e+05
1.895898593750000000e+05
1.554126074218750000e+04
3.426283500000000000e+06
2.463401750000000000e+06
5.260541250000000000e+05
1.743309936523437500e+02
7.711999893188476562e+00
4.548758203125000000e+04
1.978745703125000000e+04
1.078276800000000000e+07
2.208636718750000000e+04
1.579900390625000000e+04
1.376090234375000000e+04
1.285958593750000000e+04
1.982501953125000000e+03
2.222984843750000000e+05
1.468047753906250000e+04
2.253408593750000000e+04
4.578789978027343750e+02
7.866467968750000000e+04
1.117599500000000000e+06
1.677225000000000000e+05
1.310688964843750000e+03
7.455551562500000000e+04
2.045666875000000000e+06
1.131309667968750000e+04
4.994367500000000000e+05
3.643765500000000000e+06
3.695492500000000000e+05
1.261096406250000000e+05
2.518439843750000000e+05
2.921747851562500000e+04
1.435922812500000000e+05
4.304555500000000000e+06
2.904424062500000000e+05
3.440650024414062500e+02
4.680644000000000000e+06
1.171292250000000000e+06
8.994310000000000000e+05
1.418437375000000000e+06
1.628448500000000000e+06
1.136177125000000000e+06
1.691260125000000000e+06
8.233519897460937500e+02
6.176610107421875000e+02
1.828882250000000000e+06
2.494047000000000000e+06
1.325375125000000000e+06
8.244825000000000000e+06
1.181114375000000000e+06
1.814944946289062500e+03
2.484957500000000000e+06
1.765293750000000000e+04
1.491175488281250000e+04
9.669251562500000000e+04
2.871879882812500000e+02
5.081785000000000000e+06
1.687635500000000000e+06
3.579654500000000000e+06
4.322900009155273438e+01
2.007972045898437500e+03
9.767340625000000000e+04
3.359570007324218750e+02
7.497494140625000000e+03
1.866555859375000000e+04
6.766440625000000000e+05
1.425859062500000000e+05
3.083553500000000000e+06
7.569470214843750000e+02
2.392969250000000000e+06
1.994656445312500000e+04
3.752749750000000000e+06
2.821942578125000000e+04
5.497441250000000000e+05
1.137821625000000000e+06
2.432600000000000000e+06
1.365783437500000000e+05
2.857369995117187500e+02
1.631419982910156250e+02
3.960509948730468750e+02
7.588483500000000000e+06
3.212886328125000000e+04
1.089626875000000000e+06
2.601628593750000000e+05
1.921004492187500000e+04
3.761797000000000000e+06
2.731324687500000000e+05
3.807729296875000000e+04
7.294553750000000000e+05
9.031606445312500000e+03
2.032582875000000000e+06
1.265807006835937500e+03
7.811035937500000000e+04
3.935669860839843750e+02
4.200780029296875000e+02
1.115721625000000000e+06
1.165328979492187500e+03
3.631321250000000000e+05
1.582439941406250000e+03
8.470630000000000000e+05
3.057049072265625000e+03
1.284109954833984375e+02
3.874877250000000000e+06
1.168009033203125000e+03
7.531099700927734375e+01
4.550943847656250000e+03
4.023883500000000000e+06
2.205110750000000000e+06
6.207639770507812500e+02
5.983870239257812500e+02
4.638689687500000000e+05
1.495467968750000000e+04
8.036660625000000000e+05
8.096222500000000000e+06
7.087255468750000000e+04
1.827560156250000000e+05
2.330825468750000000e+05
5.116348437500000000e+05
2.100099121093750000e+03
8.133669000000000000e+06
1.168947656250000000e+04
1.940447375000000000e+06
1.168908100000000000e+07
1.801807617187500000e+04
1.536343875000000000e+06
1.820086625000000000e+06
5.704210205078125000e+02
2.971935000000000000e+06
8.587842500000000000e+05
7.537856500000000000e+06
1.098924500000000000e+07
1.838455625000000000e+06
4.468559875488281250e+02
1.456861250000000000e+06
1.598573000000000000e+06
5.412195000000000000e+06
1.601708906250000000e+05
5.954050292968750000e+02
3.447811500000000000e+06
2.074823125000000000e+06
3.984305468750000000e+04
2.863024750000000000e+06
3.810320625000000000e+05
1.872452026367187500e+03
1.356699902343750000e+04
6.680980500000000000e+06
3.053554750000000000e+06
1.011280029296875000e+03
1.655549926757812500e+02
7.130628906250000000e+03
4.046343017578125000e+03
7.903740234375000000e+02
3.700419500000000000e+06
1.533915625000000000e+06
2.381125000000000000e+03
5.232429809570312500e+02
2.729689941406250000e+02
3.795912000000000000e+06
1.965332031250000000e+04
3.110011328125000000e+04
2.861285546875000000e+04
1.077267500000000000e+05
5.043697187500000000e+05
7.840776000000000000e+06
4.960349000000000000e+06
4.709300781250000000e+04
6.695959000000000000e+06
6.121847500000000000e+05
1.625140075683593750e+02
1.597324500000000000e+06
2.485765429687500000e+04
7.460795312500000000e+04
1.150878051757812500e+03
9.100821875000000000e+04
2.678661914062500000e+04
2.393385009765625000e+03
2.139089965820312500e+02
1.133868625000000000e+06
4.541103000000000000e+06
4.809921500000000000e+06
7.632209375000000000e+04
6.385720214843750000e+02
2.851111914062500000e+04
6.825504687500000000e+04
5.388341250000000000e+05
2.799239990234375000e+03
1.512604750000000000e+06
4.788972500000000000e+06
3.083476000000000000e+06
2.635898242187500000e+04
5.199970000000000000e+06
4.127887890625000000e+04
1.919781875000000000e+06
7.694749755859375000e+02
1.809166015625000000e+03
2.426081500000000000e+06
1.015307983398437500e+03
3.035159000000000000e+06
3.742859062500000000e+05
8.506835000000000000e+05
1.580783800000000000e+07
3.602199935913085938e+01
2.834766500000000000e+06
1.631259000000000000e+07
1.409852125000000000e+06
3.431520080566406250e+02
3.968211250000000000e+06
9.021578125000000000e+04
7.097955078125000000e+03
8.245960083007812500e+02
1.950009570312500000e+04
5.600089721679687500e+02
6.389123437500000000e+04
7.716858886718750000e+03
7.038115000000000000e+06
2.801105937500000000e+05
1.249267109375000000e+05
7.195816500000000000e+06
4.414960021972656250e+02
1.482848999023437500e+03
2.449334375000000000e+04
2.373605468750000000e+04
6.823100280761718750e+01
6.901318500000000000e+06
1.379123375000000000e+06
1.217787500000000000e+04
2.626840250000000000e+06
4.220368164062500000e+03
4.206597812500000000e+05
3.611149500000000000e+06
2.735190124511718750e+02
7.359940185546875000e+02
8.540423437500000000e+04
3.006088500000000000e+06
4.032475781250000000e+04
2.967556875000000000e+05
8.570927734375000000e+03
4.315108593750000000e+04
1.781725976562500000e+04
1.996869218750000000e+05
8.162810058593750000e+02
1.634731125000000000e+06
6.528270263671875000e+02
9.510726562500000000e+03
8.155549926757812500e+02
1.433604625000000000e+06
4.721691796875000000e+04
3.314769500000000000e+06
3.488641750000000000e+06
1.505533250000000000e+06
3.664060250000000000e+06
2.066678281250000000e+05
1.093357300000000000e+07
2.000338867187500000e+04
1.689109375000000000e+05
6.435431500000000000e+06
1.261408496093750000e+04
9.405998046875000000e+03
7.573770141601562500e+02
2.593864990234375000e+03
1.277758300781250000e+04
7.338939843750000000e+04
3.657712500000000000e+05
6.238820000000000000e+06
2.136840057373046875e+02
1.848602375000000000e+06
4.728999938964843750e+02
1.991593994140625000e+03
1.839211750000000000e+06
8.149511875000000000e+05
1.815761500000000000e+06
2.075825125000000000e+06
3.445772812500000000e+05
9.038492187500000000e+03
8.318728125000000000e+04
2.251994335937500000e+04
9.607410278320312500e+02
3.189808007812500000e+04
9.593968750000000000e+04
4.152782750000000000e+06
2.845875976562500000e+03
4.881300048828125000e+02
1.330592041015625000e+03
1.499392944335937500e+03
8.286511500000000000e+06
5.361643000000000000e+06
1.930301800000000000e+07
1.495296020507812500e+03
3.150099945068359375e+01
9.451496093750000000e+03
5.326577000000000000e+06
9.386916250000000000e+05
4.471872265625000000e+04
3.281649375000000000e+05
1.295525781250000000e+05
1.736060058593750000e+03
3.801639062500000000e+05
4.536511328125000000e+04
6.378805078125000000e+04
9.311964843750000000e+04
1.654759979248046875e+02
1.624759000000000000e+06
8.715239868164062500e+02
9.721149000000000000e+06
4.528157187500000000e+05
7.435992187500000000e+04
1.187939987182617188e+02
4.514425500000000000e+06
3.197850312500000000e+05
3.188814687500000000e+05
1.147396972656250000e+03
1.667319625000000000e+06
3.756023925781250000e+03
1.446930175781250000e+04
1.401520312500000000e+04
1.268546125000000000e+06
2.129343250000000000e+06
1.414987500000000000e+05
2.185802539062500000e+04
2.094029125000000000e+06
4.832125312500000000e+05
1.914076406250000000e+05
8.271746000000000000e+06
3.676189880371093750e+02
4.193814500000000000e+06
2.272552000000000000e+06
2.306069500000000000e+06
9.520661000000000000e+06
7.523776000000000000e+06
3.502951000000000000e+06
1.647994875000000000e+06
1.019354296875000000e+05
2.858901000000000000e+06
1.286617031250000000e+05
1.103534863281250000e+04
2.022867250000000000e+06
1.139833007812500000e+03
7.728704101562500000e+03
1.562623750000000000e+06
8.871980468750000000e+04
8.396232812500000000e+04
6.418229980468750000e+02
5.211872812500000000e+05
1.453558593750000000e+04
9.841519775390625000e+02
1.605506750000000000e+06
1.949409843750000000e+05
6.546279000000000000e+06
1.658370056152343750e+02
1.368458750000000000e+06
8.964689941406250000e+02
2.891801875000000000e+05
2.109299250000000000e+06
4.047542578125000000e+04
2.290106933593750000e+03
3.155239013671875000e+03
3.751124218750000000e+04
7.434952500000000000e+05
3.451109924316406250e+02
5.434169500000000000e+06
1.166334960937500000e+03
4.186448250000000000e+06
1.924040039062500000e+03
6.147168750000000000e+04
3.394469750000000000e+06
6.357281875000000000e+05
3.449779062500000000e+05
2.006874804687500000e+04
3.218303955078125000e+03
6.578794375000000000e+05
3.993193750000000000e+06
3.653875250000000000e+06
9.153074375000000000e+05
4.404108593750000000e+04
2.923734750000000000e+06
4.532212890625000000e+03
1.527248400000000000e+07
9.722559375000000000e+05
1.049679531250000000e+05
3.553293250000000000e+06
1.420950312500000000e+05
3.935359000000000000e+06
2.198708500000000000e+06
1.989964750000000000e+06
2.126459960937500000e+02
1.757343750000000000e+05
1.561763250000000000e+06
2.578429870605468750e+02
3.359930114746093750e+02
9.939399719238281250e+01
1.484109062500000000e+05
2.657640429687500000e+04
8.994674218750000000e+04
3.360367250000000000e+06
7.886625500000000000e+06
1.685942016601562500e+03
2.283581750000000000e+06
5.581049000000000000e+06
1.885268750000000000e+05
6.183437500000000000e+06
3.047911250000000000e+05
1.150210037231445312e+02
2.064779250000000000e+06
2.037359625000000000e+06
4.587336500000000000e+06
1.007988937500000000e+06
2.209881054687500000e+04
1.833702125000000000e+06
3.385328500000000000e+06
1.511061718750000000e+04
8.550317187500000000e+04
1.060288500000000000e+07
8.732585156250000000e+04
2.720805664062500000e+04
2.151955078125000000e+03
9.514878125000000000e+04
1.461381445312500000e+04
5.775519140625000000e+04
5.848436000000000000e+06
3.191535750000000000e+06
9.061953125000000000e+03
1.742257617187500000e+04
1.372627300000000000e+07
8.259681250000000000e+05
2.282345117187500000e+04
3.743735937500000000e+04
7.121542968750000000e+03
5.518826500000000000e+06
3.076267089843750000e+03
4.066389687500000000e+05
5.417890014648437500e+02
3.713072021484375000e+03
3.056295500000000000e+06
1.300537750000000000e+06
7.503713000000000000e+06
4.819530029296875000e+02
8.033073242187500000e+03
4.021176750000000000e+06
9.882940429687500000e+03
1.451472625000000000e+06
1.025288769531250000e+04
2.898121093750000000e+03
5.213101000000000000e+06
2.623570068359375000e+03
8.508740234375000000e+02
4.699809375000000000e+04
7.208138281250000000e+04
6.571074218750000000e+03
7.267086914062500000e+03
3.349643750000000000e+06
7.375825195312500000e+03
7.749701171875000000e+03
3.915963500000000000e+06
3.013079500000000000e+06
8.308799743652343750e+01
1.565950012207031250e+02
3.059278515625000000e+04
2.615239250000000000e+06
8.933706000000000000e+06
3.157954101562500000e+03
8.548010156250000000e+04
1.956312625000000000e+06
3.229899978637695312e+01
3.507495312500000000e+04
4.562734375000000000e+04
1.895464750000000000e+06
1.082208007812500000e+03
2.337737060546875000e+03
2.294415625000000000e+04
1.888595625000000000e+05
5.279036000000000000e+06
4.752689453125000000e+04
1.931289978027343750e+02
3.836243437500000000e+05
2.095518437500000000e+05
9.383792968750000000e+04
1.410189971923828125e+02
5.984316000000000000e+06
3.010149250000000000e+06
3.715714062500000000e+04
2.039308007812500000e+04
1.200818875000000000e+06
1.124250030517578125e+02
1.673185625000000000e+05
4.136972750000000000e+06
3.282869873046875000e+02
4.464782000000000000e+06
3.989387939453125000e+03
6.208596875000000000e+05
1.323317187500000000e+04
6.926524218750000000e+04
1.752766601562500000e+04
9.028909912109375000e+02
5.761863125000000000e+05
7.193876250000000000e+05
5.791569824218750000e+02
1.831860046386718750e+02
1.409050500000000000e+06
5.516199951171875000e+02
2.942596500000000000e+06
2.940207250000000000e+06
3.005234750000000000e+06
1.172028515625000000e+05
6.300613125000000000e+05
2.424596679687500000e+04
1.711511562500000000e+05
2.164836250000000000e+06
4.371070312500000000e+04
1.853899955749511719e+01
4.575360107421875000e+02
1.117789843750000000e+05
2.334122000000000000e+06
6.060746093750000000e+03
6.283300018310546875e+01
2.029466210937500000e+04
1.736250000000000000e+02
2.105813500000000000e+06
4.736811000000000000e+06
2.242230072021484375e+02
3.589142968750000000e+04
6.133469238281250000e+03
6.617465000000000000e+05
5.566940500000000000e+06
1.105353027343750000e+03
1.589088750000000000e+06
7.576930625000000000e+05
2.543219500000000000e+06
6.398530273437500000e+02
9.791973437500000000e+04
6.348900000000000000e+04
2.053726757812500000e+04
2.125850585937500000e+04
1.707029052734375000e+03
1.223631484375000000e+05
5.943394042968750000e+03
1.164351406250000000e+05
5.250444000000000000e+06
4.237463281250000000e+04
4.433039500000000000e+06
3.154716064453125000e+03
4.412460021972656250e+02
7.582350500000000000e+06
1.543000030517578125e+01
2.234084765625000000e+04
1.357839965820312500e+02
3.271090937500000000e+05
1.218532958984375000e+03
2.028459500000000000e+06
1.642485468750000000e+05
4.587326562500000000e+04
3.850989990234375000e+02
1.194781953125000000e+05
2.143130035400390625e+02
8.683392187500000000e+04
1.631399993896484375e+02
6.669359741210937500e+02
1.065790200000000000e+07
4.807590820312500000e+03
1.944091875000000000e+06
2.376510625000000000e+05
1.360811035156250000e+03
1.012529983520507812e+02
3.145745898437500000e+04
1.753100625000000000e+06
1.029096500000000000e+06
2.122211750000000000e+06
3.681158935546875000e+03
2.035381875000000000e+06
2.137582250000000000e+06
4.295845312500000000e+04
1.030380981445312500e+03
4.065220031738281250e+02
2.648848632812500000e+04
4.544731500000000000e+06
2.928330078125000000e+02
5.432651562500000000e+04
7.049031250000000000e+05
3.899849218750000000e+04
2.977740000000000000e+06
9.206472656250000000e+04
1.504571750000000000e+06
7.420941406250000000e+04
8.723242968750000000e+04
6.990629882812500000e+02
2.592728000000000000e+06
2.735133500000000000e+06
2.337800025939941406e+01
1.322010040283203125e+02
6.745300292968750000e+01
1.915583125000000000e+06
2.456033203125000000e+04
1.169189125000000000e+06
2.809149750000000000e+06
1.904717382812500000e+04
1.062829971313476562e+02
3.675648437500000000e+04
2.892460742187500000e+04
4.259136562500000000e+05
8.815366210937500000e+03
1.415282375000000000e+06
5.015150146484375000e+02
4.737434500000000000e+06
9.141287109375000000e+03
8.985515625000000000e+03
1.342737060546875000e+03
1.526521500000000000e+06
1.657941040039062500e+03
5.214296500000000000e+06
4.778999938964843750e+02
6.600601000000000000e+06
1.697364013671875000e+03
1.301750375000000000e+06
2.945414375000000000e+05
9.632180625000000000e+05
1.137399978637695312e+02
4.833919921875000000e+04
1.281755004882812500e+03
9.713542968750000000e+04
4.093100750000000000e+06
3.561972812500000000e+05
7.841520312500000000e+04
2.477276875000000000e+05
7.809588750000000000e+05
1.549221875000000000e+06
3.689159912109375000e+03
2.345796406250000000e+05
1.267567125000000000e+06
4.207940917968750000e+03
7.766753125000000000e+04
6.941555000000000000e+05
5.067156875000000000e+05
2.759420000000000000e+06
6.635081250000000000e+04
3.568980102539062500e+02
1.069960021972656250e+02
7.207119750976562500e+02
1.853831000000000000e+07
7.124841406250000000e+04
1.095020100000000000e+07
9.689285000000000000e+05
1.619510040283203125e+02
2.210088250000000000e+06
5.523690625000000000e+04
2.035151625000000000e+06
7.761873125000000000e+05
6.167395500000000000e+06
6.837133750000000000e+05
9.229060058593750000e+02
1.351298250000000000e+06
8.328525000000000000e+04
3.960126953125000000e+04
1.099815234375000000e+04
8.837361718750000000e+04
3.137937695312500000e+04
8.290420000000000000e+05
1.865108984375000000e+04
2.852798750000000000e+06
2.174334375000000000e+05
3.058543750000000000e+06
2.658722750000000000e+06
1.958404625000000000e+06
2.510873632812500000e+04
2.371068750000000000e+05
1.027571562500000000e+06
3.541793437500000000e+05
2.207074218750000000e+04
6.973699951171875000e+01
4.769485937500000000e+05
4.084308105468750000e+03
1.450127148437500000e+04
2.663241875000000000e+05
2.054554931640625000e+03
1.912704296875000000e+04
6.653871000000000000e+06
3.148816894531250000e+03
4.097365234375000000e+04
3.674365312500000000e+05
7.245309000000000000e+06
2.083760546875000000e+04
4.205905468750000000e+04
8.863977343750000000e+04
1.677989125000000000e+06
2.500663085937500000e+03
5.401976171875000000e+04
1.972014750000000000e+06
3.953900146484375000e+01
8.034294375000000000e+05
4.131275500000000000e+06
4.434543000000000000e+06
2.283501171875000000e+04
4.626043437500000000e+05
4.281296093750000000e+04
2.010114625000000000e+06
3.848043750000000000e+04
2.547955937500000000e+05
8.258428750000000000e+05
2.137014453125000000e+04
7.694249023437500000e+03
9.599923125000000000e+05
3.321290000000000000e+06
1.128006640625000000e+04
1.217825875000000000e+06
4.568702000000000000e+06
1.602373500000000000e+06
2.844147250000000000e+06
2.555137750000000000e+06
4.810620937500000000e+05
3.308076904296875000e+03
2.362061750000000000e+06
1.788390991210937500e+03
6.024500122070312500e+02
1.702923950195312500e+03
2.407150390625000000e+04
3.922478750000000000e+06
3.194699000000000000e+06
8.087724000000000000e+06
3.565919140625000000e+04
7.410250244140625000e+02
4.802774902343750000e+03
1.523614990234375000e+03
4.834664000000000000e+06
