1.926637304687500000e+04
2.459714648437500000e+04
5.303745312500000000e+04
1.031819609375000000e+05
1.699711059570312500e+03
4.326931250000000000e+04
8.406713867187500000e+03
9.280970312500000000e+04
1.931094970703125000e+03
3.039517382812500000e+04
1.360290039062500000e+03
1.401095937500000000e+05
2.785059765625000000e+04
8.404350585937500000e+03
1.816531445312500000e+04
5.457086328125000000e+04
1.073620971679687500e+03
1.630574804687500000e+04
1.360037656250000000e+05
1.465258300781250000e+04
3.658750000000000000e+02
6.824827343750000000e+04
2.876849062500000000e+05
2.984229980468750000e+03
5.244814453125000000e+04
1.651266406250000000e+04
8.631408203125000000e+03
1.709113281250000000e+04
9.840868164062500000e+03
3.987392089843750000e+03
5.113946777343750000e+03
6.190125781250000000e+04
1.562660937500000000e+04
1.094238984375000000e+05
4.542345703125000000e+04
6.767175781250000000e+04
2.238898750000000000e+05
1.168051093750000000e+05
4.633082421875000000e+04
4.183009948730468750e+02
1.737332031250000000e+05
5.605585156250000000e+04
4.527104687500000000e+04
3.489895996093750000e+03
3.509240112304687500e+02
4.527040100097656250e+02
1.996453125000000000e+04
7.984063964843750000e+03
1.483497460937500000e+04
3.059337109375000000e+04
3.912398925781250000e+03
4.048778076171875000e+03
3.080136914062500000e+04
7.053365625000000000e+04
4.617128125000000000e+04
6.344320068359375000e+02
3.035270080566406250e+02
1.838754028320312500e+03
2.059116943359375000e+03
5.518025878906250000e+03
1.038649978637695312e+02
5.731860937500000000e+04
5.951742187500000000e+03
2.794135986328125000e+03
1.183166992187500000e+03
4.486337890625000000e+03
1.253293652343750000e+04
7.528482812500000000e+04
3.959404687500000000e+04
6.065373046875000000e+03
7.144024218750000000e+04
8.736300781250000000e+03
2.098528076171875000e+03
2.855263476562500000e+04
3.303735546875000000e+04
2.279112109375000000e+04
2.537457812500000000e+04
1.705164257812500000e+04
4.223975390625000000e+04
7.308317871093750000e+03
1.019319335937500000e+04
4.932539062500000000e+04
1.000524140625000000e+05
4.204941406250000000e+04
4.941953125000000000e+04
5.971377734375000000e+04
9.601823437500000000e+04
5.839570312500000000e+04
4.528808203125000000e+04
6.200319824218750000e+02
4.478580078125000000e+03
4.180892968750000000e+04
5.431722656250000000e+04
8.366339721679687500e+02
2.313866943359375000e+03
1.305875292968750000e+04
1.528345605468750000e+04
5.261231640625000000e+04
2.302512031250000000e+05
2.094128281250000000e+05
8.296283593750000000e+04
3.410821093750000000e+04
1.120110961914062500e+03
6.885506250000000000e+04
3.761633203125000000e+04
6.326234863281250000e+03
7.215548828125000000e+03
5.161210937500000000e+04
1.048388984375000000e+05
4.190761328125000000e+04
3.522504687500000000e+04
2.873777099609375000e+03
3.368811035156250000e+03
6.714928125000000000e+04
1.711286010742187500e+03
1.375579199218750000e+04
7.112039062500000000e+03
2.991316894531250000e+03
3.741130065917968750e+02
3.284953125000000000e+04
1.578010009765625000e+03
1.586145019531250000e+03
8.086459960937500000e+02
1.314594062500000000e+05
1.592188125000000000e+05
1.007622656250000000e+05
2.186157958984375000e+03
4.925155859375000000e+04
5.044944824218750000e+03
2.581983593750000000e+04
2.446623046875000000e+04
4.894383203125000000e+04
5.101586914062500000e+03
4.488939062500000000e+04
1.242819946289062500e+03
3.289274609375000000e+04
1.802729949951171875e+02
1.286404394531250000e+04
1.194895859375000000e+05
3.157139892578125000e+02
8.285844726562500000e+03
2.328642187500000000e+05
8.309713281250000000e+04
2.866457031250000000e+03
2.255299987792968750e+02
5.546359375000000000e+04
2.149401757812500000e+04
3.129154492187500000e+04
6.428649902343750000e+02
3.383683105468750000e+03
6.397259765625000000e+03
2.634632617187500000e+04
8.287992187500000000e+04
2.092353027343750000e+03
1.198866796875000000e+04
5.831376171875000000e+04
9.119739990234375000e+02
1.467434843750000000e+05
3.379031982421875000e+03
6.621343750000000000e+04
1.706708984375000000e+03
9.698560937500000000e+04
1.936308959960937500e+03
9.460099792480468750e+01
8.333239746093750000e+02
5.396769921875000000e+04
8.735928906250000000e+04
1.235470312500000000e+05
9.562931250000000000e+04
1.594032519531250000e+04
6.986010131835937500e+02
2.978689453125000000e+04
3.822469921875000000e+04
1.118260546875000000e+04
3.428129882812500000e+03
1.781602050781250000e+03
2.161459960937500000e+02
3.306956250000000000e+05
2.108899993896484375e+02
1.602878320312500000e+04
4.099615234375000000e+04
6.751522656250000000e+04
3.384894531250000000e+04
4.781023046875000000e+04
4.269058203125000000e+04
7.856014843750000000e+04
1.980951049804687500e+03
8.832985351562500000e+03
1.010809020996093750e+03
1.094219238281250000e+04
8.249929809570312500e+02
6.637868750000000000e+04
4.549542578125000000e+04
8.624780468750000000e+04
2.982468994140625000e+03
4.048518066406250000e+03
4.483958203125000000e+04
1.153029052734375000e+03
5.536030761718750000e+03
3.551019897460937500e+02
5.257132812500000000e+04
2.255064941406250000e+03
7.552887500000000000e+04
4.395330078125000000e+03
2.955189843750000000e+04
5.224402832031250000e+03
5.100168359375000000e+04
3.853044531250000000e+04
2.293385156250000000e+04
2.617872265625000000e+04
3.868714843750000000e+04
2.804702148437500000e+04
3.791146093750000000e+04
4.467015234375000000e+04
1.382867968750000000e+05
2.586730468750000000e+05
5.247136328125000000e+04
2.250005664062500000e+04
1.212360625000000000e+05
6.775850000000000000e+04
9.145104687500000000e+04
1.378537963867187500e+03
5.637517968750000000e+04
7.631497656250000000e+04
9.470560937500000000e+04
3.935551171875000000e+04
3.899733886718750000e+03
8.771328125000000000e+04
3.090124023437500000e+04
1.147540937500000000e+05
3.924510937500000000e+04
1.869719921875000000e+04
1.092390917968750000e+04
3.922186718750000000e+04
1.678637304687500000e+04
1.145739375000000000e+05
1.545870000000000000e+05
3.136633056640625000e+03
5.513442968750000000e+04
1.449388085937500000e+04
1.325919952392578125e+02
5.602529687500000000e+04
8.606160156250000000e+03
9.855358398437500000e+03
9.319920312500000000e+04
5.832180859375000000e+04
8.376519775390625000e+02
1.572489013671875000e+03
1.157145507812500000e+04
1.194642109375000000e+05
2.321676171875000000e+04
8.724474218750000000e+04
4.098609924316406250e+02
1.274227343750000000e+05
5.176064453125000000e+04
3.145983886718750000e+03
3.409073974609375000e+03
1.779768750000000000e+04
4.338246875000000000e+04
6.407996484375000000e+04
1.583928750000000000e+05
8.881538281250000000e+04
1.466668652343750000e+04
1.778336328125000000e+04
4.231292968750000000e+04
7.885043750000000000e+04
4.569971875000000000e+04
8.112978906250000000e+04
7.979288281250000000e+04
7.361524218750000000e+04
4.330807421875000000e+04
6.706160278320312500e+02
1.999960021972656250e+02
7.858799743652343750e+01
6.176407421875000000e+04
3.149054296875000000e+04
3.954687011718750000e+03
1.450696679687500000e+04
1.211288750000000000e+05
7.163809814453125000e+02
7.104785156250000000e+04
6.917363281250000000e+04
6.499835937500000000e+03
5.867090234375000000e+04
7.952727050781250000e+03
1.145492578125000000e+05
1.124891796875000000e+04
4.611836914062500000e+03
8.197858593750000000e+04
4.588693847656250000e+03
7.627983886718750000e+03
2.648415039062500000e+03
6.283385156250000000e+04
1.216391953125000000e+05
1.411123046875000000e+03
2.121904052734375000e+03
8.819260937500000000e+04
1.500447753906250000e+04
1.384432343750000000e+05
3.915617968750000000e+04
2.890618164062500000e+04
4.323039062500000000e+03
3.129323974609375000e+03
6.395619140625000000e+03
3.136701904296875000e+03
1.575714062500000000e+04
6.496072265625000000e+04
4.346466796875000000e+04
4.107223144531250000e+03
4.007242578125000000e+04
1.524569946289062500e+03
8.201200103759765625e+01
6.418379296875000000e+04
2.211988476562500000e+04
4.339366015625000000e+04
8.148141406250000000e+04
8.633143554687500000e+03
8.538220214843750000e+02
8.007609375000000000e+04
1.561017871093750000e+04
1.248073750000000000e+05
9.598456054687500000e+03
1.154709765625000000e+05
2.084347900390625000e+03
7.329725781250000000e+04
8.848135937500000000e+04
1.920416210937500000e+04
5.699300003051757812e+01
9.653461914062500000e+03
3.605548095703125000e+03
1.503240917968750000e+04
1.101834296875000000e+05
1.310856445312500000e+04
8.157668750000000000e+04
8.003937011718750000e+03
3.669128906250000000e+04
5.042151171875000000e+04
9.220694531250000000e+04
7.203333593750000000e+04
1.470894140625000000e+04
7.012834960937500000e+03
5.815454687500000000e+04
1.373380004882812500e+03
2.700808984375000000e+04
4.851237890625000000e+04
5.850757812500000000e+04
5.512453125000000000e+03
4.471857910156250000e+03
8.800147656250000000e+04
6.559280468750000000e+04
1.055107519531250000e+04
1.688194946289062500e+03
8.058123437500000000e+04
1.007425468750000000e+05
1.130914648437500000e+04
4.498869921875000000e+04
1.480006835937500000e+04
5.289921093750000000e+04
1.014505004882812500e+03
5.400053906250000000e+04
2.846105957031250000e+03
2.663195117187500000e+04
4.596318359375000000e+04
1.055421972656250000e+04
1.673214257812500000e+04
6.179061035156250000e+03
4.103497265625000000e+04
3.906304687500000000e+04
1.041228437500000000e+05
6.921958007812500000e+03
5.138176953125000000e+04
9.732084960937500000e+03
3.740683984375000000e+04
2.254313085937500000e+04
6.966140136718750000e+02
1.834515991210937500e+03
2.578225625000000000e+05
3.735270996093750000e+03
2.105530029296875000e+03
1.766739257812500000e+04
2.190165429687500000e+04
3.538016406250000000e+04
1.069345703125000000e+05
9.057219848632812500e+02
6.463931250000000000e+04
2.012531005859375000e+03
8.731602539062500000e+03
1.273026269531250000e+04
1.541091406250000000e+04
2.937946875000000000e+04
4.043380078125000000e+04
1.443832714843750000e+04
1.292623515625000000e+05
6.598479980468750000e+03
5.987433105468750000e+03
2.668019531250000000e+04
6.188794921875000000e+03
1.150995625000000000e+05
2.446437988281250000e+03
1.721775390625000000e+04
9.083709375000000000e+04
7.233532031250000000e+04
9.146753906250000000e+04
6.313823046875000000e+04
9.389376562500000000e+04
6.555259375000000000e+04
7.712333984375000000e+03
6.179928222656250000e+03
2.881137109375000000e+04
2.589232226562500000e+04
1.358468994140625000e+03
1.216926015625000000e+05
6.923457031250000000e+03
3.815100097656250000e+02
1.453822021484375000e+03
2.151534912109375000e+03
1.609846562500000000e+05
3.136808789062500000e+04
2.940384375000000000e+05
3.076092041015625000e+03
7.786496093750000000e+03
4.551740312500000000e+05
1.804957343750000000e+05
6.386651855468750000e+03
1.502504199218750000e+04
5.650546875000000000e+04
9.710260009765625000e+02
6.920871093750000000e+04
1.089081542968750000e+04
5.455340234375000000e+04
1.922464062500000000e+04
1.254716601562500000e+04
4.369238281250000000e+04
9.784179687500000000e+03
2.767739843750000000e+04
2.683572460937500000e+04
7.570396875000000000e+04
2.483516113281250000e+03
1.612321191406250000e+04
1.519312343750000000e+05
1.339420156250000000e+05
1.478902954101562500e+03
1.567679375000000000e+05
4.075646093750000000e+04
6.326569140625000000e+04
3.622758984375000000e+04
2.599120898437500000e+04
4.355360107421875000e+02
1.612716250000000000e+05
5.536288671875000000e+04
5.182099218750000000e+04
2.987673095703125000e+03
1.740089648437500000e+04
1.032616943359375000e+03
5.403649902343750000e+02
1.695848632812500000e+04
9.915501562500000000e+04
1.224652954101562500e+03
1.949278710937500000e+04
6.280891113281250000e+03
2.557885546875000000e+04
3.042844970703125000e+03
3.376383203125000000e+04
4.684167578125000000e+04
1.308603906250000000e+05
2.669422070312500000e+04
7.128264160156250000e+03
1.930834765625000000e+04
1.198404052734375000e+03
2.164149218750000000e+05
4.922145312500000000e+04
2.298656054687500000e+04
1.145206093750000000e+05
8.374194335937500000e+03
1.461780000000000000e+05
2.372694218750000000e+05
2.403164062500000000e+03
2.490778320312500000e+04
1.735949843750000000e+05
7.830914843750000000e+04
6.781319824218750000e+03
1.345889375000000000e+05
8.707745117187500000e+03
2.966947998046875000e+03
8.279660156250000000e+03
2.737041796875000000e+04
3.335986083984375000e+03
1.078890468750000000e+05
3.502708203125000000e+04
1.589259472656250000e+04
3.810360107421875000e+03
1.092636621093750000e+04
2.641040039062500000e+02
1.887897070312500000e+04
1.773351757812500000e+04
1.606323974609375000e+03
2.012161328125000000e+04
2.781973242187500000e+04
3.435047265625000000e+04
1.725859375000000000e+04
2.620612109375000000e+04
3.094432617187500000e+04
1.147911621093750000e+04
4.149705078125000000e+03
3.726076953125000000e+04
1.276129785156250000e+04
7.894515625000000000e+04
2.163459930419921875e+02
2.182073242187500000e+04
3.617119140625000000e+04
1.876588989257812500e+03
2.013409375000000000e+04
2.480570068359375000e+02
8.892077343750000000e+04
1.851164375000000000e+05
9.843259887695312500e+02
1.897327026367187500e+03
1.860805468750000000e+04
1.635573437500000000e+05
4.160702343750000000e+04
5.586790161132812500e+02
2.910348632812500000e+04
7.359654785156250000e+03
5.844124218750000000e+04
7.739146093750000000e+04
2.937677148437500000e+04
1.368807983398437500e+03
9.824863281250000000e+04
1.399649511718750000e+04
5.428506835937500000e+03
8.697379760742187500e+02
2.190663085937500000e+04
3.431163085937500000e+03
2.533104492187500000e+04
2.559542343750000000e+05
2.029414843750000000e+04
2.686501250000000000e+05
1.757876562500000000e+05
1.645172656250000000e+04
7.165380249023437500e+02
2.044215942382812500e+03
5.003259765625000000e+04
8.958348437500000000e+04
4.685459899902343750e+02
2.497037695312500000e+04
9.341160937500000000e+04
2.376474218750000000e+04
3.477860546875000000e+04
3.760204687500000000e+04
7.826252929687500000e+03
3.039924218750000000e+04
9.795301562500000000e+04
2.077456054687500000e+03
1.799228515625000000e+04
1.866791718750000000e+05
1.358153613281250000e+04
7.899293945312500000e+03
2.012023632812500000e+04
2.549129882812500000e+03
2.058890625000000000e+04
3.964155078125000000e+04
8.302950781250000000e+04
1.807196679687500000e+04
1.040301171875000000e+04
3.925991943359375000e+03
4.038302978515625000e+03
4.441681250000000000e+04
3.872099218750000000e+04
8.750900000000000000e+04
1.298916015625000000e+03
9.497311523437500000e+03
3.101966406250000000e+04
9.532862500000000000e+04
5.394066894531250000e+03
4.150628125000000000e+04
9.361625781250000000e+04
3.357240625000000000e+04
5.840656640625000000e+04
9.072913281250000000e+04
9.172064062500000000e+04
2.636402734375000000e+04
2.738117919921875000e+03
1.083778671875000000e+05
3.989213671875000000e+04
7.624247656250000000e+04
1.864014843750000000e+04
2.209437011718750000e+03
7.709390258789062500e+02
8.249069531250000000e+04
1.703506958007812500e+03
1.156836875000000000e+05
8.914531250000000000e+03
3.811991406250000000e+04
1.574692968750000000e+05
2.793898632812500000e+04
4.027287890625000000e+04
1.244760546875000000e+04
6.763516406250000000e+04
5.173056250000000000e+04
3.451497656250000000e+04
1.820764648437500000e+04
1.521398828125000000e+04
6.064412109375000000e+03
1.182198974609375000e+03
2.934467187500000000e+04
2.146222460937500000e+04
1.891325195312500000e+04
9.994653906250000000e+04
2.642929931640625000e+03
5.788321875000000000e+04
1.122289962768554688e+02
4.570682421875000000e+04
1.050399316406250000e+04
1.875930053710937500e+03
3.064430468750000000e+04
3.009399609375000000e+04
1.617484985351562500e+03
6.310019921875000000e+04
6.585332812500000000e+04
2.180616210937500000e+04
3.309469531250000000e+04
6.911294531250000000e+04
5.827759375000000000e+04
3.348720092773437500e+02
2.562494140625000000e+04
3.125644531250000000e+04
7.465358593750000000e+04
9.268350781250000000e+04
1.978563906250000000e+05
3.862694921875000000e+04
8.813488281250000000e+03
4.266709375000000000e+04
1.772905273437500000e+04
4.614192968750000000e+04
1.883387812500000000e+05
5.858595703125000000e+04
4.484572265625000000e+04
1.577006152343750000e+04
8.426740112304687500e+02
4.957644140625000000e+04
5.587357910156250000e+03
7.356222167968750000e+03
9.523502929687500000e+03
1.109619018554687500e+03
1.574741992187500000e+04
2.112175195312500000e+04
3.157407617187500000e+04
2.384010351562500000e+04
9.080551562500000000e+04
4.385239868164062500e+02
4.166858593750000000e+04
1.396575000000000000e+04
1.753820703125000000e+04
5.260757812500000000e+04
4.000120117187500000e+03
7.025076562500000000e+04
6.803440625000000000e+04
1.486778437500000000e+05
7.989201171875000000e+03
2.068113281250000000e+04
4.073843359375000000e+04
2.121478027343750000e+03
5.840764453125000000e+04
6.746941406250000000e+04
5.081834765625000000e+04
1.380442993164062500e+03
6.007935546875000000e+04
1.277140234375000000e+05
5.366685156250000000e+04
5.499478027343750000e+03
3.155129882812500000e+04
4.145385546875000000e+04
9.135339965820312500e+02
1.416927441406250000e+04
2.276353027343750000e+03
7.322122656250000000e+04
7.442074218750000000e+04
5.697719140625000000e+04
1.171071191406250000e+04
3.890486328125000000e+04
4.165069921875000000e+04
3.583818750000000000e+04
5.409096093750000000e+04
1.465505981445312500e+03
4.818446093750000000e+04
5.830243164062500000e+03
5.771633593750000000e+04
3.939191015625000000e+04
2.207287695312500000e+04
9.838757812500000000e+04
4.151680078125000000e+04
9.068197656250000000e+04
5.381151562500000000e+04
6.101655078125000000e+04
3.815312011718750000e+03
5.247421875000000000e+04
6.144827148437500000e+03
2.377237060546875000e+03
9.469591796875000000e+03
5.322264453125000000e+04
4.376793750000000000e+04
2.879127929687500000e+03
6.983630859375000000e+03
2.085757421875000000e+04
7.518115234375000000e+03
1.155943164062500000e+04
1.490655175781250000e+04
2.137014892578125000e+03
5.524117187500000000e+04
3.103341992187500000e+04
1.665684960937500000e+04
4.921979980468750000e+02
4.793662109375000000e+03
6.044970092773437500e+02
2.610891406250000000e+04
1.136547500000000000e+05
7.660571093750000000e+04
2.753423046875000000e+04
5.077149963378906250e+02
3.187573974609375000e+03
1.207370781250000000e+05
5.994623437500000000e+04
1.136479453125000000e+05
6.960453125000000000e+03
1.022706093750000000e+05
4.642714062500000000e+04
7.091875000000000000e+04
8.212028125000000000e+04
4.380870056152343750e+02
2.634959179687500000e+04
1.003727109375000000e+05
1.040711015625000000e+05
3.133959960937500000e+03
3.934967968750000000e+04
1.358199414062500000e+04
2.393160937500000000e+04
1.321764160156250000e+04
5.846457421875000000e+04
1.506044628906250000e+04
5.062191015625000000e+04
1.822317031250000000e+05
4.307045703125000000e+04
4.498500000000000000e+04
4.318517968750000000e+04
1.629290312500000000e+05
5.115994140625000000e+04
9.391071875000000000e+04
3.151874023437500000e+03
9.262778320312500000e+03
7.315369531250000000e+04
1.086561523437500000e+04
1.301151875000000000e+05
3.073571875000000000e+04
1.170615234375000000e+05
7.285506250000000000e+04
1.083593945312500000e+04
1.392012500000000000e+05
5.616385156250000000e+04
2.161898437500000000e+04
2.296500015258789062e+01
4.754121484375000000e+04
5.656238769531250000e+03
1.297829956054687500e+03
1.799943359375000000e+04
1.531965625000000000e+04
5.753614843750000000e+04
8.606150781250000000e+04
1.150789843750000000e+04
2.161226171875000000e+04
6.616649780273437500e+02
1.308836093750000000e+05
4.338932128906250000e+03
5.373574218750000000e+03
7.611999218750000000e+04
2.874927539062500000e+04
5.509280468750000000e+04
3.380808984375000000e+04
6.589596875000000000e+04
5.811220092773437500e+02
5.527503906250000000e+04
1.422001367187500000e+04
1.891384033203125000e+03
1.062631738281250000e+04
6.801522949218750000e+03
1.180480761718750000e+04
2.143430273437500000e+04
2.013023437500000000e+04
1.280365859375000000e+05
2.731218017578125000e+03
1.989564843750000000e+05
8.553413281250000000e+04
2.588040625000000000e+04
2.497645019531250000e+03
8.782019531250000000e+04
6.164808105468750000e+03
2.629212890625000000e+03
6.016805859375000000e+04
4.480460937500000000e+04
7.318227343750000000e+04
2.244600585937500000e+04
2.489877539062500000e+04
3.051683105468750000e+03
1.101732109375000000e+05
2.069157187500000000e+05
3.619953515625000000e+04
3.630878906250000000e+04
6.460840234375000000e+04
1.219421328125000000e+05
2.200996093750000000e+04
3.799613281250000000e+04
2.980570898437500000e+04
7.415781250000000000e+04
7.796701562500000000e+04
4.241864843750000000e+04
3.393700027465820312e+01
6.124660156250000000e+03
4.529788671875000000e+04
2.059155000000000000e+05
2.110227734375000000e+04
5.015386230468750000e+03
2.117694091796875000e+03
1.187305273437500000e+04
6.857360156250000000e+04
1.049899375000000000e+05
3.033412304687500000e+04
4.292444531250000000e+04
1.867197656250000000e+04
6.822087890625000000e+03
4.448148437500000000e+04
3.680685058593750000e+03
3.205763867187500000e+04
3.656676953125000000e+04
5.333010546875000000e+04
3.809287109375000000e+03
1.181402968750000000e+05
7.951048828125000000e+03
1.315948125000000000e+05
2.655525195312500000e+04
5.197883593750000000e+04
7.098891406250000000e+04
8.640206054687500000e+03
5.090478515625000000e+04
1.323159375000000000e+04
6.920431250000000000e+04
1.276916113281250000e+04
1.533211059570312500e+03
6.015599121093750000e+03
1.071508984375000000e+04
4.505289843750000000e+04
2.977942578125000000e+04
1.750012939453125000e+03
1.173431542968750000e+04
2.421741796875000000e+04
8.593367968750000000e+04
3.654608984375000000e+04
5.277710156250000000e+04
2.637263085937500000e+04
2.460747851562500000e+04
1.431917656250000000e+05
1.036696093750000000e+04
4.174191015625000000e+04
1.638915429687500000e+04
2.623682226562500000e+04
4.295977734375000000e+04
4.689767578125000000e+04
1.063807983398437500e+03
1.544157187500000000e+05
6.883064062500000000e+04
1.067004453125000000e+05
4.371886328125000000e+04
1.741631250000000000e+04
1.679901000976562500e+03
2.408977187500000000e+05
1.001365546875000000e+05
1.001909296875000000e+05
4.925161718750000000e+04
8.377589843750000000e+04
1.015591562500000000e+05
5.695609741210937500e+02
8.753509375000000000e+04
4.258678222656250000e+03
2.765066406250000000e+04
7.498702343750000000e+04
3.372071875000000000e+04
2.850541992187500000e+04
3.464299218750000000e+04
1.174229003906250000e+03
5.733047656250000000e+04
1.062619921875000000e+04
9.327101562500000000e+03
2.178259179687500000e+04
9.516085937500000000e+03
1.613961425781250000e+04
2.144995117187500000e+03
1.409563183593750000e+04
5.018266406250000000e+04
1.456407958984375000e+03
4.364640625000000000e+04
1.988823046875000000e+04
3.948700781250000000e+04
4.970189843750000000e+04
1.019183671875000000e+05
2.184176367187500000e+04
2.076151093750000000e+05
5.489576171875000000e+03
1.547422343750000000e+05
1.753671406250000000e+05
8.183247656250000000e+04
3.016851367187500000e+04
1.018821484375000000e+04
1.616593847656250000e+04
3.695340087890625000e+03
8.000549926757812500e+02
2.504436328125000000e+04
7.413630468750000000e+04
8.291757031250000000e+04
1.230875000000000000e+03
1.757237304687500000e+04
5.503524218750000000e+04
3.201029052734375000e+03
1.248717187500000000e+05
2.522656093750000000e+05
1.535324687500000000e+05
2.865714111328125000e+03
5.006377734375000000e+04
1.283120078125000000e+05
1.798984765625000000e+04
4.452634765625000000e+03
6.152910156250000000e+02
1.040890722656250000e+04
2.385977343750000000e+05
1.190723125000000000e+05
9.865567968750000000e+04
3.792815625000000000e+04
1.085346386718750000e+04
2.095961523437500000e+04
2.747283593750000000e+04
6.649722167968750000e+03
4.110100097656250000e+02
6.606459375000000000e+04
1.643683984375000000e+04
6.247584375000000000e+04
4.903209960937500000e+03
5.194924218750000000e+04
1.238210781250000000e+05
6.644443750000000000e+04
3.424282031250000000e+04
1.197981015625000000e+05
2.440095947265625000e+03
1.089197021484375000e+03
5.590356933593750000e+03
3.878148046875000000e+04
1.010354980468750000e+03
5.789333203125000000e+04
6.292999218750000000e+04
2.194824804687500000e+04
8.857230468750000000e+04
3.787779296875000000e+04
8.831619140625000000e+03
8.041251562500000000e+04
4.455252343750000000e+04
9.225571093750000000e+04
3.377873046875000000e+03
5.131326953125000000e+04
2.173565234375000000e+04
2.009731445312500000e+04
6.072357910156250000e+03
1.926044531250000000e+05
8.919048828125000000e+03
4.014093017578125000e+03
6.708753125000000000e+04
3.182864062500000000e+04
4.958118359375000000e+04
6.450611816406250000e+03
3.980430078125000000e+04
7.855774902343750000e+03
2.340948828125000000e+04
6.364459838867187500e+02
8.031180175781250000e+03
7.796425000000000000e+04
2.806215625000000000e+05
1.343770898437500000e+04
1.493505664062500000e+04
7.460222167968750000e+03
1.856075390625000000e+04
8.193080468750000000e+04
4.110153906250000000e+04
1.143091699218750000e+04
5.995789062500000000e+04
1.072030468750000000e+05
2.720435742187500000e+04
5.433230468750000000e+04
2.174353515625000000e+04
2.930389843750000000e+04
4.368389160156250000e+03
1.508119433593750000e+04
1.567447363281250000e+04
4.343330078125000000e+02
6.356965625000000000e+04
2.116749023437500000e+03
