3.871293945312500000e+03
1.955653906250000000e+04
5.166476074218750000e+03
1.891076757812500000e+04
1.258516601562500000e+04
8.311731445312500000e+03
2.316020050048828125e+02
2.788590087890625000e+02
2.892551757812500000e+04
9.278561523437500000e+03
7.979520263671875000e+02
6.217026953125000000e+04
6.861199951171875000e+02
1.294411328125000000e+04
3.458930053710937500e+02
6.171636230468750000e+03
1.726272851562500000e+04
1.905483203125000000e+04
3.075499916076660156e+01
1.545110015869140625e+02
4.845020141601562500e+02
4.066905029296875000e+03
1.672810937500000000e+04
5.276270141601562500e+02
3.181560058593750000e+02
2.627399414062500000e+04
2.376051562500000000e+04
1.224160839843750000e+04
9.166205078125000000e+03
2.120509948730468750e+02
1.330320312500000000e+04
3.076050585937500000e+04
1.467433984375000000e+04
1.902581640625000000e+04
1.127147753906250000e+04
7.818724121093750000e+03
2.036058203125000000e+04
9.207410278320312500e+02
4.164999961853027344e+00
5.921420288085937500e+02
2.774549865722656250e+02
7.290040283203125000e+02
1.420028125000000000e+04
5.861683984375000000e+04
7.464901562500000000e+04
8.447257812500000000e+03
8.359916992187500000e+03
1.032720031738281250e+02
4.167032226562500000e+03
1.031900024414062500e+02
3.011174072265625000e+03
1.851534765625000000e+04
1.937849218750000000e+04
1.950885986328125000e+03
7.250565917968750000e+03
4.027801562500000000e+04
3.881619921875000000e+04
8.167490234375000000e+02
5.742630004882812500e+02
4.414580078125000000e+02
2.588265429687500000e+04
5.040761230468750000e+03
1.349120025634765625e+02
1.709776757812500000e+04
2.229700012207031250e+02
4.692529907226562500e+02
2.140212890625000000e+03
9.886452148437500000e+03
1.247649993896484375e+02
2.680865820312500000e+04
3.108640136718750000e+02
5.541875000000000000e+03
2.827266113281250000e+03
1.081439971923828125e+02
1.944864990234375000e+03
8.814363281250000000e+03
2.385930023193359375e+02
8.247650390625000000e+03
2.129279492187500000e+04
3.934918945312500000e+03
2.754089965820312500e+02
1.008399963378906250e+02
6.806480102539062500e+02
8.945799804687500000e+03
2.247329492187500000e+04
9.334619750976562500e+02
1.575471875000000000e+04
1.034359765625000000e+04
2.486450042724609375e+02
3.027829101562500000e+03
1.191781005859375000e+03
9.967800140380859375e+01
3.650798828125000000e+04
1.112018652343750000e+04
3.002219848632812500e+02
7.145400238037109375e+01
2.194099998474121094e+01
6.321726074218750000e+03
1.580061132812500000e+04
4.971170043945312500e+02
2.656051757812500000e+04
8.178464843750000000e+03
4.124275878906250000e+03
2.847513476562500000e+04
2.418137939453125000e+03
1.555920507812500000e+04
4.038282958984375000e+03
3.373159375000000000e+04
2.769710083007812500e+02
2.762329101562500000e+04
6.749639892578125000e+02
4.635300064086914062e+01
2.057670117187500000e+04
4.024819946289062500e+02
8.943963867187500000e+03
6.320294921875000000e+03
6.058636230468750000e+03
1.619971386718750000e+04
1.581230010986328125e+02
6.266782226562500000e+03
2.249611328125000000e+04
1.561900043487548828e+01
2.668525781250000000e+04
1.931262939453125000e+03
5.314265136718750000e+03
2.651030029296875000e+03
2.219651757812500000e+04
2.799666601562500000e+04
3.341000080108642578e+00
3.006472656250000000e+04
7.901399993896484375e+01
3.636206054687500000e+03
9.963686523437500000e+03
1.241984863281250000e+04
7.493641113281250000e+03
6.782299804687500000e+01
1.337869335937500000e+04
3.827833984375000000e+03
1.052536987304687500e+03
2.630747851562500000e+04
4.165119934082031250e+02
3.045443359375000000e+04
4.612174804687500000e+03
5.336226171875000000e+04
2.140910034179687500e+02
1.511482617187500000e+04
7.548704101562500000e+03
2.441784375000000000e+04
1.504987597656250000e+04
3.625116015625000000e+04
4.168161132812500000e+03
6.289759375000000000e+04
8.644100189208984375e+01
3.388871484375000000e+04
4.276924218750000000e+04
7.009140014648437500e+02
4.480920703125000000e+04
1.480059967041015625e+02
1.194833691406250000e+04
9.200700195312500000e+03
1.848546093750000000e+04
2.339969921875000000e+04
2.163235937500000000e+04
2.058622070312500000e+03
1.130705371093750000e+04
4.302767089843750000e+03
1.638100051879882812e+01
4.306200027465820312e+01
4.669481250000000000e+04
9.941079711914062500e+02
4.724100112915039062e+01
1.487526000976562500e+03
1.934278710937500000e+04
3.275590625000000000e+04
4.298491210937500000e+03
1.097563476562500000e+04
9.401886718750000000e+03
1.497712036132812500e+03
1.439686230468750000e+04
2.889590148925781250e+02
6.958629760742187500e+02
7.750070190429687500e+02
4.630599975585937500e+01
1.598159942626953125e+02
2.966119995117187500e+02
6.897739868164062500e+02
1.234912963867187500e+03
6.035424804687500000e+03
2.302768066406250000e+03
1.610222070312500000e+04
1.701676953125000000e+04
7.552000045776367188e+00
1.836807006835937500e+03
1.616977343750000000e+04
2.209620056152343750e+02
1.190328710937500000e+04
1.119860961914062500e+03
6.277839965820312500e+02
2.467449951171875000e+02
3.005618896484375000e+03
7.756569824218750000e+02
2.401401367187500000e+04
1.858959960937500000e+02
2.878609765625000000e+04
4.071340026855468750e+02
8.048899841308593750e+01
3.306889953613281250e+02
5.482786718750000000e+04
6.733399963378906250e+01
1.983180859375000000e+04
4.515369873046875000e+02
6.737570190429687500e+02
4.039370117187500000e+03
3.736886962890625000e+03
6.741245117187500000e+03
9.481199645996093750e+01
4.983966796875000000e+03
1.528000030517578125e+02
1.938513867187500000e+04
2.075879974365234375e+02
4.222461914062500000e+03
5.531599731445312500e+02
8.685689697265625000e+02
1.704778906250000000e+04
5.758000183105468750e+01
1.091765625000000000e+04
7.741866210937500000e+03
2.439859960937500000e+04
4.273316406250000000e+04
5.641722167968750000e+03
4.666143359375000000e+04
1.570559863281250000e+04
2.456583203125000000e+04
7.687200164794921875e+01
3.142916406250000000e+04
4.602099990844726562e+01
1.930597460937500000e+04
1.236211621093750000e+04
5.487969970703125000e+02
3.677059936523437500e+02
5.313480224609375000e+02
6.660900115966796875e+01
1.847524023437500000e+04
6.871439941406250000e+03
1.075026562500000000e+04
4.115668945312500000e+03
7.972329711914062500e+02
2.899219970703125000e+02
3.927641406250000000e+04
2.802496289062500000e+04
1.374320068359375000e+02
3.418089111328125000e+03
9.820291992187500000e+03
6.534879882812500000e+03
2.077980041503906250e+02
2.176097900390625000e+03
8.586012695312500000e+03
1.888134570312500000e+04
2.124400024414062500e+02
1.966200065612792969e+01
2.220819140625000000e+04
7.216109863281250000e+03
3.269849853515625000e+02
2.395878710937500000e+04
4.774769897460937500e+02
5.054191796875000000e+04
1.862878710937500000e+04
2.235459960937500000e+04
6.700609741210937500e+02
8.112290039062500000e+02
1.990654882812500000e+04
3.006090087890625000e+02
3.204022070312500000e+04
2.747125000000000000e+03
5.914615234375000000e+03
3.035280151367187500e+02
1.459837597656250000e+04
1.086043945312500000e+04
5.623499755859375000e+02
4.887000083923339844e+00
2.290478125000000000e+04
6.532139892578125000e+02
8.416014648437500000e+03
4.059970092773437500e+02
8.285239868164062500e+02
3.523791015625000000e+03
1.887555078125000000e+04
5.308591796875000000e+03
9.639791015625000000e+03
3.456367919921875000e+03
5.267521093750000000e+04
1.554989929199218750e+02
1.384239959716796875e+02
1.307579956054687500e+02
5.620299911499023438e+01
3.902051562500000000e+04
2.745663867187500000e+04
8.475020141601562500e+02
3.773999929428100586e+00
2.300948974609375000e+03
7.042032812500000000e+04
1.517038940429687500e+03
6.277490234375000000e+02
4.906496093750000000e+03
1.626220947265625000e+03
3.103850390625000000e+04
4.407149963378906250e+02
1.014300003051757812e+02
4.849400024414062500e+02
1.262919998168945312e+02
6.002761718750000000e+04
2.146049957275390625e+02
1.492268593750000000e+05
5.393969726562500000e+02
1.583397949218750000e+03
2.875580139160156250e+02
6.103657421875000000e+04
5.511129687500000000e+04
3.458761718750000000e+04
7.288500213623046875e+01
1.353699951171875000e+02
4.033300018310546875e+01
3.120096923828125000e+03
3.335865625000000000e+04
2.238335937500000000e+04
8.565592773437500000e+03
2.028572265625000000e+04
6.752069702148437500e+02
2.329080047607421875e+02
5.447054687500000000e+04
3.097770080566406250e+02
1.889880065917968750e+02
1.058059997558593750e+02
1.323772753906250000e+04
4.502500976562500000e+03
2.335209960937500000e+02
5.327969970703125000e+02
3.481868896484375000e+03
2.263730859375000000e+04
9.793549804687500000e+02
1.149583789062500000e+04
6.630000114440917969e+00
2.883614013671875000e+03
3.207739868164062500e+02
1.633746679687500000e+04
1.066354296875000000e+04
3.957290039062500000e+03
4.548466796875000000e+04
2.431226171875000000e+04
7.182949829101562500e+02
1.646771289062500000e+04
4.340719909667968750e+02
6.001550292968750000e+02
1.940303125000000000e+04
2.194758984375000000e+04
1.663494335937500000e+04
2.422760009765625000e+02
3.576707031250000000e+03
2.547659375000000000e+04
2.084257080078125000e+03
1.811339453125000000e+04
1.832600021362304688e+01
5.857492187500000000e+03
1.880930023193359375e+02
5.694950195312500000e+03
1.481964843750000000e+04
3.066137304687500000e+04
1.055283496093750000e+04
7.546900177001953125e+01
5.915732910156250000e+03
1.496656005859375000e+03
2.620951367187500000e+04
9.088491210937500000e+03
1.239889984130859375e+02
1.102119979858398438e+02
3.199779968261718750e+02
1.183201171875000000e+04
4.008630065917968750e+02
2.763900146484375000e+02
1.745619726562500000e+04
1.150273144531250000e+04
5.322666015625000000e+04
1.251765014648437500e+03
3.349397265625000000e+04
8.012268066406250000e+03
1.668801953125000000e+04
2.307135986328125000e+03
1.322267944335937500e+03
1.307630004882812500e+02
2.732430114746093750e+02
1.166083593750000000e+04
2.415072998046875000e+03
1.017049218750000000e+04
2.329035156250000000e+04
4.265350097656250000e+03
2.161399993896484375e+02
2.731690234375000000e+04
2.171979980468750000e+02
1.107599975585937500e+03
3.584756250000000000e+04
1.070209570312500000e+04
7.202523925781250000e+03
4.199596191406250000e+03
7.665332031250000000e+03
1.841393164062500000e+04
6.479178515625000000e+04
8.734999656677246094e+00
4.066690063476562500e+02
1.695116406250000000e+04
1.680536914062500000e+04
2.243125976562500000e+03
3.556054687500000000e+04
6.743227050781250000e+03
2.128519042968750000e+03
7.714299774169921875e+01
3.907053955078125000e+03
1.898309375000000000e+04
3.964468017578125000e+03
1.156100952148437500e+03
3.142950585937500000e+04
2.350300025939941406e+01
3.239599914550781250e+02
2.196298095703125000e+03
4.803190002441406250e+02
1.280872656250000000e+04
7.192448242187500000e+03
3.039244726562500000e+04
9.279999732971191406e+00
3.210669860839843750e+02
2.012209765625000000e+04
1.174030664062500000e+04
3.879468994140625000e+03
3.014100074768066406e+01
3.418781982421875000e+03
5.657189941406250000e+02
3.960802978515625000e+03
1.247941210937500000e+04
1.617073339843750000e+04
8.371933593750000000e+03
1.829600067138671875e+02
4.028756640625000000e+04
1.527227050781250000e+03
1.018630004882812500e+03
2.969590148925781250e+02
1.947800064086914062e+01
2.210600090026855469e+01
2.817596289062500000e+04
5.389709960937500000e+03
5.061115234375000000e+03
1.034168652343750000e+04
1.520836425781250000e+04
1.411828002929687500e+03
7.390797851562500000e+03
2.488256835937500000e+04
1.273889999389648438e+02
6.892567871093750000e+03
2.532719335937500000e+04
3.761894042968750000e+03
1.144130020141601562e+02
1.482718017578125000e+03
1.067542812500000000e+05
6.286603027343750000e+03
3.779386962890625000e+03
4.436820800781250000e+03
8.660558593750000000e+03
5.460208984375000000e+03
4.395899963378906250e+01
3.989871875000000000e+04
1.789350585937500000e+04
9.709439697265625000e+02
5.969313281250000000e+04
2.424832421875000000e+04
8.787494140625000000e+03
3.151282958984375000e+03
6.018649902343750000e+02
1.792242382812500000e+04
1.008624316406250000e+04
3.631279052734375000e+03
1.259650683593750000e+04
3.283717578125000000e+04
9.062999725341796875e+00
1.401792675781250000e+04
9.923451171875000000e+03
2.185529882812500000e+04
2.428459930419921875e+02
2.220034570312500000e+04
2.685035546875000000e+04
4.435480041503906250e+02
3.038863867187500000e+04
5.257870703125000000e+04
2.852793945312500000e+03
1.290999984741210938e+01
3.490540039062500000e+03
2.049341064453125000e+03
6.781577148437500000e+03
5.510000228881835938e+00
7.234895019531250000e+03
5.896329956054687500e+02
4.089397949218750000e+03
4.347245117187500000e+03
2.321260070800781250e+02
2.873850097656250000e+02
1.849891796875000000e+04
1.272979003906250000e+03
4.292971191406250000e+03
3.266960156250000000e+04
8.401499938964843750e+01
4.365236328125000000e+04
3.742733886718750000e+03
2.832381103515625000e+03
6.681272949218750000e+03
4.917576171875000000e+03
5.611952148437500000e+03
6.160535156250000000e+03
2.189594531250000000e+04
4.248075390625000000e+04
1.305083984375000000e+03
1.164124316406250000e+04
2.734807421875000000e+04
6.829704101562500000e+03
5.949000167846679688e+01
3.904000000000000000e+03
1.740059967041015625e+02
8.390130004882812500e+02
2.351573974609375000e+03
1.870514453125000000e+04
4.364317871093750000e+03
3.279202880859375000e+03
8.285609741210937500e+02
3.163139953613281250e+02
8.342299652099609375e+01
5.025286132812500000e+03
1.172020019531250000e+03
1.673339996337890625e+02
1.560628710937500000e+04
7.960733886718750000e+03
2.475167968750000000e+04
1.712317382812500000e+04
3.242019958496093750e+02
2.135923437500000000e+04
6.185520019531250000e+02
6.535611816406250000e+03
9.744127929687500000e+03
1.423372753906250000e+04
1.742849218750000000e+04
5.672399902343750000e+01
5.905029907226562500e+02
9.804050292968750000e+02
2.770605664062500000e+04
1.009854394531250000e+04
5.701619531250000000e+04
2.992600097656250000e+02
3.688352343750000000e+04
1.280573974609375000e+03
5.107300186157226562e+01
2.573325390625000000e+04
6.239825195312500000e+03
1.530870056152343750e+02
1.011309967041015625e+02
4.050270080566406250e+02
4.492959899902343750e+02
6.154292968750000000e+03
2.114236328125000000e+04
2.665359375000000000e+04
3.281080017089843750e+02
1.096825097656250000e+04
1.618071093750000000e+04
2.885037109375000000e+04
1.645899963378906250e+01
9.123000144958496094e+00
1.903612500000000000e+04
1.915408203125000000e+04
2.869583984375000000e+03
7.159536132812500000e+03
7.979389160156250000e+03
3.922669982910156250e+02
8.425999641418457031e+00
7.424404785156250000e+03
1.094273242187500000e+04
1.732072070312500000e+04
7.310530761718750000e+03
5.204687011718750000e+03
1.432501953125000000e+03
1.575941040039062500e+03
7.288038085937500000e+03
6.399021093750000000e+04
2.550359954833984375e+02
3.619537109375000000e+03
2.020350036621093750e+02
2.288471484375000000e+04
1.165370971679687500e+03
8.946382812500000000e+03
2.994219970703125000e+02
2.655710144042968750e+02
6.703968750000000000e+04
2.249099922180175781e+01
2.950999975204467773e+00
2.353547119140625000e+03
2.602712109375000000e+04
1.951587036132812500e+03
5.235779785156250000e+03
1.219230957031250000e+03
6.238930053710937500e+02
7.523544921875000000e+03
4.654410095214843750e+02
1.488662792968750000e+04
2.030210937500000000e+04
4.182120056152343750e+02
1.693084960937500000e+03
1.978741406250000000e+04
6.631121875000000000e+04
1.710027954101562500e+03
3.060199928283691406e+01
1.606589965820312500e+02
9.032077148437500000e+03
2.709600067138671875e+01
8.309300231933593750e+01
1.636953979492187500e+03
1.599219921875000000e+04
2.428660888671875000e+03
1.434705761718750000e+04
2.822189062500000000e+04
3.304370703125000000e+04
4.040180053710937500e+02
1.330426025390625000e+03
4.089773828125000000e+04
7.176899719238281250e+01
3.243240234375000000e+04
1.504210052490234375e+02
4.839739453125000000e+04
7.867442968750000000e+04
3.362772265625000000e+04
1.371987011718750000e+04
8.957847656250000000e+03
7.189084960937500000e+03
4.647041406250000000e+04
2.089900054931640625e+02
4.160729687500000000e+04
1.702899047851562500e+03
4.128472167968750000e+03
4.460552734375000000e+04
6.349500122070312500e+02
1.139793945312500000e+04
3.820095312500000000e+04
1.307458007812500000e+03
6.294959716796875000e+02
6.129639892578125000e+02
1.262415039062500000e+03
7.104769897460937500e+02
4.830369921875000000e+04
2.954533789062500000e+04
3.042087304687500000e+04
1.405423339843750000e+04
3.526711328125000000e+04
2.570911328125000000e+04
1.292613037109375000e+03
1.923939971923828125e+02
1.123963867187500000e+04
6.100900878906250000e+03
1.275781005859375000e+03
2.359049609375000000e+04
2.436663867187500000e+04
1.368663671875000000e+04
7.880000114440917969e+00
8.528481445312500000e+03
2.809833007812500000e+03
5.531996093750000000e+03
3.885220947265625000e+03
4.851250976562500000e+03
3.480729003906250000e+03
7.914932128906250000e+03
1.628026074218750000e+04
5.489290161132812500e+02
8.294545898437500000e+03
2.296426562500000000e+04
3.834400177001953125e+01
1.025208984375000000e+03
1.410299968719482422e+01
7.578636230468750000e+03
3.412365966796875000e+03
9.734400177001953125e+01
3.146992187500000000e+04
3.133289062500000000e+03
2.933529968261718750e+02
3.699299609375000000e+04
4.118899218750000000e+04
7.764657226562500000e+03
3.853875976562500000e+03
9.976078125000000000e+03
3.058523632812500000e+04
1.349259948730468750e+02
2.055489648437500000e+04
6.370287500000000000e+04
5.409799957275390625e+01
5.646699905395507812e+01
1.007138085937500000e+04
1.173999977111816406e+01
1.151491015625000000e+04
6.242059936523437500e+02
2.532749938964843750e+02
3.127009033203125000e+03
3.602700042724609375e+01
6.333972167968750000e+03
4.004363281250000000e+04
3.081770019531250000e+02
5.727911718750000000e+04
7.757139892578125000e+02
9.140859985351562500e+02
2.543619995117187500e+02
1.375124023437500000e+03
1.170861621093750000e+04
3.743827880859375000e+03
1.597750000000000000e+03
9.186399841308593750e+01
7.793768750000000000e+04
6.489188964843750000e+03
1.363725781250000000e+04
8.406500244140625000e+01
1.197261425781250000e+04
2.462089996337890625e+02
2.484921093750000000e+04
5.535604980468750000e+03
1.432673144531250000e+04
7.492290039062500000e+02
2.486790008544921875e+02
3.346999883651733398e+00
1.907339935302734375e+02
5.347000122070312500e+01
1.002598022460937500e+03
2.532896679687500000e+04
8.472691406250000000e+03
9.899190063476562500e+02
2.649020080566406250e+02
1.116428320312500000e+04
9.049190063476562500e+02
9.505000305175781250e+01
3.933800125122070312e+01
5.317337500000000000e+04
1.163050003051757812e+02
2.586819140625000000e+04
2.751758007812500000e+04
2.731762500000000000e+04
2.323971923828125000e+03
7.887030761718750000e+03
1.025035034179687500e+03
2.198718017578125000e+03
1.905440063476562500e+02
3.027799987792968750e+01
4.602000122070312500e+02
2.416512695312500000e+04
1.285700035095214844e+01
1.731490020751953125e+02
5.356923828125000000e+03
7.602106933593750000e+03
6.791719970703125000e+02
6.637461914062500000e+03
2.788308105468750000e+03
3.122171875000000000e+04
5.001800781250000000e+03
1.641626953125000000e+03
7.741206054687500000e+03
2.734237695312500000e+04
2.223981445312500000e+04
3.440899963378906250e+02
1.951069946289062500e+02
1.946574951171875000e+03
9.692000122070312500e+02
4.588791015625000000e+04
6.460750122070312500e+02
3.035400009155273438e+01
3.732380065917968750e+02
7.188006250000000000e+04
3.429405859375000000e+04
3.213107910156250000e+03
2.628359985351562500e+02
1.032465820312500000e+04
2.815735156250000000e+04
3.042099952697753906e+01
7.779699707031250000e+01
2.705690002441406250e+02
1.448065625000000000e+04
1.641950073242187500e+02
2.627427978515625000e+03
3.336867919921875000e+03
5.827371484375000000e+04
4.317729980468750000e+03
4.320249938964843750e+02
3.874591064453125000e+03
7.478812988281250000e+03
6.964748046875000000e+03
3.630783984375000000e+04
4.416159973144531250e+02
1.647169952392578125e+02
1.466227929687500000e+04
1.097858105468750000e+04
6.832226074218750000e+03
8.561561523437500000e+03
2.532316992187500000e+04
1.031811035156250000e+04
1.373833593750000000e+04
4.584459960937500000e+03
3.224315234375000000e+04
3.500043750000000000e+04
2.689819726562500000e+04
3.926905468750000000e+04
3.659941894531250000e+03
3.817439941406250000e+03
1.408640014648437500e+03
2.099748632812500000e+04
1.395946875000000000e+04
3.997871093750000000e+03
2.339800976562500000e+04
1.846713085937500000e+04
2.765327880859375000e+03
1.612982055664062500e+03
3.745839843750000000e+04
1.147480010986328125e+02
1.748988671875000000e+04
2.873629687500000000e+04
5.591962890625000000e+03
1.335656982421875000e+03
9.455251953125000000e+03
5.871938964843750000e+03
2.797761328125000000e+04
1.229425292968750000e+04
1.969644531250000000e+04
4.904647949218750000e+03
1.679360742187500000e+04
7.512319531250000000e+04
1.023482714843750000e+04
1.487333886718750000e+04
1.530081054687500000e+03
1.095484985351562500e+03
1.739470898437500000e+04
5.397009887695312500e+02
6.165089721679687500e+02
2.530810742187500000e+04
1.100418652343750000e+04
1.437650024414062500e+03
2.598404882812500000e+04
3.337350781250000000e+04
2.323999881744384766e+00
2.594062011718750000e+03
3.658190002441406250e+02
4.048836914062500000e+03
6.294810180664062500e+02
2.318109375000000000e+04
1.430820214843750000e+04
8.110442968750000000e+04
3.939500122070312500e+02
1.561840057373046875e+02
4.956625000000000000e+03
1.434149932861328125e+02
3.013999938964843750e+01
4.291391406250000000e+04
3.589649963378906250e+02
1.679770050048828125e+02
1.635346875000000000e+04
4.254214843750000000e+03
4.006021972656250000e+03
1.309492773437500000e+04
6.016140136718750000e+02
2.589645019531250000e+03
3.745969848632812500e+02
2.975013867187500000e+04
1.052173950195312500e+03
2.706143066406250000e+03
1.089169998168945312e+02
4.677883789062500000e+03
8.349968750000000000e+03
3.686645996093750000e+03
6.651466406250000000e+04
5.960189819335937500e+02
7.820449218750000000e+03
7.429000091552734375e+01
7.182730102539062500e+02
1.068222045898437500e+03
9.288899993896484375e+01
7.834751953125000000e+03
3.012299919128417969e+01
3.151586914062500000e+03
4.892435937500000000e+04
3.143559875488281250e+02
3.229830017089843750e+02
8.394869140625000000e+03
6.719871093750000000e+03
3.085690917968750000e+03
6.597899627685546875e+01
2.394469726562500000e+04
6.967719238281250000e+03
7.365255859375000000e+03
3.988930859375000000e+04
2.132508056640625000e+03
5.817631835937500000e+03
1.028922753906250000e+04
4.350010070800781250e+02
4.341579895019531250e+02
4.800260546875000000e+04
1.467440032958984375e+02
3.227190917968750000e+03
5.561784179687500000e+03
2.434810028076171875e+02
3.433450390625000000e+04
2.269303320312500000e+04
5.713599853515625000e+02
6.908568847656250000e+03
2.510735546875000000e+04
9.314799804687500000e+03
1.571250000000000000e+02
1.039816015625000000e+04
7.625232910156250000e+03
1.152352246093750000e+04
1.521378027343750000e+04
1.092789993286132812e+02
3.456530151367187500e+02
9.679558593750000000e+03
2.270599975585937500e+02
4.459318359375000000e+04
7.092877929687500000e+03
2.389028515625000000e+04
1.795031835937500000e+04
3.211700057983398438e+01
1.246333984375000000e+03
8.434799957275390625e+01
9.446700286865234375e+01
3.576669921875000000e+04
4.535499954223632812e+01
1.654899978637695312e+01
1.151409988403320312e+02
2.407543945312500000e+04
5.600538085937500000e+03
4.535199890136718750e+02
4.510409851074218750e+02
9.511299896240234375e+01
4.762186718750000000e+04
1.235240020751953125e+02
1.862919335937500000e+04
7.502971191406250000e+03
1.105273632812500000e+04
1.113254687500000000e+04
5.875111718750000000e+04
8.667000122070312500e+02
3.088289843750000000e+04
2.036499938964843750e+02
7.146900177001953125e+01
4.412825195312500000e+03
2.428666796875000000e+04
2.247669140625000000e+04
6.470200347900390625e+01
1.218994995117187500e+03
6.862068847656250000e+03
1.398277343750000000e+04
8.402280273437500000e+02
4.893958984375000000e+03
4.836999893188476562e+00
8.687319946289062500e+02
2.038225952148437500e+03
3.294933593750000000e+04
2.504739257812500000e+04
4.642976953125000000e+04
1.126891699218750000e+04
7.549979858398437500e+02
2.799145996093750000e+03
9.296099853515625000e+01
2.467880273437500000e+04
5.243323437500000000e+04
1.245272851562500000e+04
2.302890014648437500e+02
1.917910546875000000e+04
9.766600036621093750e+01
1.378530273437500000e+04
1.878161987304687500e+03
1.389916308593750000e+04
2.728996875000000000e+04
2.792163085937500000e+03
2.325421679687500000e+04
2.486037109375000000e+03
1.078784863281250000e+04
1.223039355468750000e+04
1.010236999511718750e+03
1.686022851562500000e+04
3.099011962890625000e+03
1.122300033569335938e+02
4.673071777343750000e+03
2.249049987792968750e+02
2.565522656250000000e+04
5.548670043945312500e+02
4.085647949218750000e+03
2.060319976806640625e+02
2.581579895019531250e+02
9.867780151367187500e+02
3.555572998046875000e+03
2.534482226562500000e+04
4.796329956054687500e+02
2.627018359375000000e+04
1.290723022460937500e+03
7.611060058593750000e+03
2.822550390625000000e+04
9.429881835937500000e+03
3.945351562500000000e+04
