1.143249e+08
1.614985e+04
1.598376e+07
2.672963e+07
4.772101e+07
1.239660e+08
1.631014e+08
3.063720e+02
1.204265e+04
5.422300e+04
5.947852e+07
2.350431e+04
5.067094e+07
3.604579e+07
7.504549e+07
3.334040e+07
4.029786e+04
4.527391e+06
5.166832e+07
1.400783e+08
5.923539e+07
1.816622e+08
6.746893e+07
2.057098e+04
3.334553e+08
8.471112e+06
3.254889e+03
7.973277e+07
3.092500e+01
6.766093e+07
2.978246e+07
4.624819e+07
4.127167e+08
6.277900e+01
2.642336e+07
3.122376e+03
2.647946e+03
3.627643e+08
9.779740e+07
1.194161e+07
3.364287e+03
1.064905e+08
5.464779e+07
3.233516e+07
2.631156e+03
1.289250e+04
2.998158e+04
1.544880e+04
2.414781e+07
1.051894e+04
9.549607e+06
6.363629e+06
4.739298e+03
1.022588e+03
5.194578e+07
9.194413e+07
1.519200e+01
2.823723e+07
6.553317e+06
4.002010e+07
5.033994e+04
1.284000e+01
1.036450e+08
1.638960e+08
2.044340e+04
3.419516e+07
1.344308e+07
1.596756e+08
3.292872e+07
4.250197e+07
3.827821e+07
4.388440e+04
4.411691e+04
7.529955e+04
2.822023e+07
3.765855e+07
1.101622e+08
6.008499e+07
3.778826e+03
8.424431e+07
2.982412e+08
3.128904e+06
8.232966e+07
4.280067e+07
3.101000e+01
5.288706e+07
1.617270e+03
1.030315e+08
2.378483e+07
4.577539e+03
3.411713e+03
5.290238e+07
2.041830e+04
1.686966e+08
8.591408e+06
9.783274e+06
2.209028e+08
1.197172e+07
2.021410e+06
2.175334e+08
7.734996e+07
4.857665e+05
1.283359e+08
6.291214e+07
1.952078e+04
2.381381e+08
5.129400e+02
2.836901e+08
4.222395e+03
2.207636e+08
1.382018e+08
6.828319e+07
5.254820e+07
3.119366e+03
6.802822e+07
1.056644e+08
3.164365e+08
1.761678e+04
2.984242e+07
1.685396e+08
1.174074e+08
5.161291e+04
1.187675e+07
9.821628e+07
9.611889e+04
4.935723e+07
5.194000e+00
1.602159e+03
2.273581e+08
3.864454e+08
2.695799e+07
1.546056e+08
1.910959e+08
5.393195e+07
3.660177e+07
1.196194e+08
5.079006e+07
1.251406e+08
4.623055e+07
3.004577e+06
1.110210e+08
1.377953e+04
1.172511e+08
8.019455e+07
1.778419e+04
3.670033e+03
3.121300e+08
2.054119e+08
5.592373e+07
1.554100e+08
1.179298e+08
1.886845e+08
4.225657e+07
2.181829e+08
2.121031e+08
1.206595e+07
7.056123e+07
1.781120e+08
8.320091e+07
1.441964e+08
6.862982e+07
4.304319e+08
1.342735e+08
7.649400e+01
2.389044e+03
4.950412e+07
7.264155e+07
1.851748e+08
8.607224e+07
5.886444e+03
4.941976e+07
3.055130e+08
1.646008e+08
6.071008e+07
1.324515e+08
2.275013e+03
9.647058e+07
2.669029e+07
1.599427e+04
1.930847e+08
6.738677e+07
1.641642e+08
1.880627e+03
1.371257e+07
1.765339e+03
9.821383e+07
3.259947e+08
1.180224e+08
1.900529e+07
6.383906e+03
2.353042e+03
8.475890e+02
2.243645e+08
2.260734e+03
9.337401e+07
8.957029e+06
1.118379e+08
1.485605e+08
7.401511e+07
1.471858e+08
6.080948e+03
8.395204e+06
2.492983e+07
8.570105e+03
1.060578e+07
1.038608e+04
1.085619e+07
6.730057e+08
9.575240e+07
7.149123e+07
5.259527e+07
2.385711e+07
5.273970e+02
2.948647e+06
1.391219e+08
1.274333e+07
4.601453e+06
1.806892e+08
1.265864e+07
2.017008e+03
4.107381e+08
1.355260e+03
9.342922e+07
9.478095e+07
4.460023e+07
5.135322e+07
5.368240e+02
4.828088e+07
3.410560e+08
2.643667e+03
9.133902e+05
7.039041e+03
3.466077e+06
1.568947e+08
1.118418e+08
1.547166e+08
2.556466e+03
4.013075e+03
1.777200e+01
1.925584e+04
2.172207e+07
3.120153e+03
5.326094e+07
9.042630e+07
1.103553e+07
3.050134e+08
4.710918e+07
9.429836e+07
1.078013e+08
1.057075e+08
1.656534e+08
1.345900e+01
2.671048e+08
1.643008e+08
7.660606e+07
2.014636e+07
1.584038e+08
1.337431e+08
1.531503e+06
6.049362e+03
1.613740e+08
1.551471e+07
1.105115e+07
1.542561e+08
3.777100e+01
1.189849e+05
5.060031e+05
2.117651e+07
3.224376e+04
1.370945e+08
9.132727e+07
1.580002e+08
4.776632e+07
7.765195e+03
2.257963e+08
1.756117e+08
1.430327e+08
4.352812e+07
2.172079e+07
3.706152e+03
8.849907e+07
1.939228e+03
1.906128e+08
3.256038e+04
6.355981e+07
2.266702e+03
8.868406e+03
1.998069e+04
3.373747e+08
7.068355e+07
3.891000e+02
1.019271e+08
5.891221e+03
2.694118e+08
1.086649e+08
2.735735e+08
2.823392e+06
6.314195e+08
1.629028e+08
1.751188e+04
2.067278e+07
4.447023e+07
3.283871e+08
9.461918e+07
9.281992e+07
1.148448e+05
1.431447e+08
1.159978e+08
2.425115e+07
1.001777e+08
2.477305e+08
3.601761e+06
8.024457e+06
3.437089e+04
8.209999e+06
2.740412e+04
7.617614e+07
1.684015e+04
1.256261e+07
5.325170e+03
1.343486e+08
1.284939e+08
1.456171e+08
6.356848e+04
3.066759e+07
1.217260e+08
2.346833e+08
3.680773e+04
1.649972e+08
2.349884e+08
5.646061e+07
1.097400e+02
1.085904e+05
4.315644e+03
2.099762e+07
4.288774e+07
5.073203e+07
1.568150e+08
8.060596e+04
4.248797e+08
5.862323e+08
1.483250e+04
5.354883e+04
3.809955e+08
1.579783e+08
4.270596e+08
2.688563e+08
4.950138e+07
2.398125e+07
1.502769e+08
2.188546e+06
2.208100e+01
2.362184e+07
4.266736e+06
7.985823e+07
5.554322e+07
1.351320e+08
4.885110e+07
1.749581e+08
2.736710e+07
4.838654e+03
7.913797e+07
5.293410e+07
1.024154e+08
8.799459e+07
2.173489e+03
1.800409e+08
1.057712e+08
9.427671e+05
2.272326e+07
1.010868e+08
2.337665e+08
5.224538e+07
8.769558e+07
4.759213e+07
4.381744e+07
1.549874e+08
2.221935e+08
1.114555e+03
1.307524e+07
6.128765e+06
4.499330e+07
2.934500e+01
9.591340e+06
5.219797e+07
6.495678e+06
1.473077e+07
4.361154e+08
9.291469e+03
1.313325e+08
1.121195e+07
3.675570e+02
2.817464e+07
5.353650e+07
2.672343e+07
1.420374e+08
5.948910e+02
6.946522e+06
2.330776e+07
4.691048e+06
1.165403e+08
2.944129e+07
1.543625e+08
9.079239e+06
1.986522e+03
8.474120e+03
2.301939e+08
1.888619e+08
3.300809e+08
3.755126e+07
2.293219e+08
4.108580e+02
2.000500e+03
2.368399e+08
2.778940e+07
1.668106e+07
5.501730e+07
3.141357e+03
9.912420e+02
6.775824e+04
3.295430e+04
6.525494e+04
2.111697e+05
1.089908e+08
4.644325e+07
2.154690e+04
1.705347e+04
2.659964e+08
1.418075e+04
6.771917e+07
3.105433e+03
3.048859e+06
4.999080e+07
2.989666e+08
3.234757e+08
2.346145e+03
2.370063e+07
1.503854e+08
3.548975e+06
7.521292e+07
1.366730e+04
2.715094e+04
9.787991e+07
4.317209e+06
7.510909e+06
8.854003e+07
1.974244e+08
9.253615e+07
1.357248e+07
4.554767e+08
1.328650e+08
7.850223e+05
3.093029e+03
3.549260e+08
3.409544e+07
2.440197e+08
1.173008e+08
1.906986e+07
1.515928e+08
9.045812e+07
3.500487e+07
3.224789e+08
1.820466e+04
4.065667e+03
2.124076e+04
6.032132e+07
2.455206e+03
6.811509e+07
4.488812e+07
8.022836e+07
8.564637e+06
1.866052e+03
4.176101e+07
2.148294e+03
2.146378e+07
2.301416e+04
1.738631e+07
1.369328e+08
4.341470e+02
1.805043e+05
4.737171e+07
2.417436e+08
6.770640e+07
9.365000e+00
6.568305e+07
1.277751e+08
3.629581e+07
6.465189e+07
3.852380e+04
3.373985e+03
8.785032e+07
1.449071e+03
5.842990e+07
4.490045e+06
2.652030e+03
2.591229e+08
6.111913e+03
1.799009e+07
4.785624e+03
1.700131e+08
1.361767e+04
2.317652e+03
5.063177e+08
6.854923e+07
5.439889e+07
1.757044e+08
1.007744e+08
1.983169e+08
1.225848e+08
2.868020e+07
2.103030e+07
5.311500e+01
6.578971e+08
2.481534e+08
2.555000e+01
4.981790e+04
2.191391e+08
5.625900e+04
3.198051e+07
9.996611e+07
2.194828e+07
3.546464e+07
1.160228e+05
1.793893e+08
1.118166e+08
4.550899e+07
1.058635e+08
3.250300e+08
4.150105e+07
5.231954e+07
2.302813e+07
1.996127e+07
9.088746e+07
5.541662e+07
1.324058e+08
6.039286e+07
5.474961e+04
1.212267e+08
1.180365e+08
9.816073e+06
2.339008e+07
1.067372e+03
5.733187e+07
1.937347e+08
8.609303e+07
2.294334e+07
2.316734e+04
3.219679e+07
6.020971e+07
4.833295e+07
1.569326e+08
2.231687e+08
3.746843e+07
4.036768e+07
3.005771e+04
1.476831e+08
7.795601e+06
3.281165e+05
6.961176e+03
2.312202e+08
3.038670e+02
3.782398e+07
1.271412e+05
2.196028e+08
3.019099e+08
1.825351e+04
1.139580e+02
1.439953e+04
5.303613e+07
4.499726e+07
2.733582e+04
1.322063e+07
1.722158e+03
1.692764e+08
1.262820e+02
2.443019e+04
4.105251e+04
1.038669e+08
5.025505e+07
5.590670e+07
1.584623e+08
3.323809e+07
1.384258e+04
1.250700e+01
3.670277e+07
3.510483e+07
7.674538e+07
8.546757e+07
7.363041e+07
3.118715e+06
7.291504e+07
1.478467e+08
1.366039e+08
1.830202e+08
3.444907e+04
2.697439e+08
1.552931e+08
9.130616e+04
1.574959e+06
2.753576e+04
1.374231e+05
1.046061e+08
1.628164e+04
3.972150e+07
1.182531e+03
3.449165e+06
1.736128e+07
5.846604e+07
3.989670e+04
9.412664e+07
1.630087e+07
3.259390e+07
9.839153e+07
7.889332e+07
2.539839e+05
6.456000e+00
8.835259e+07
1.064827e+04
7.658524e+07
3.984664e+07
8.741495e+07
8.378855e+03
1.596885e+07
9.004772e+07
1.749088e+07
3.449200e+01
2.182807e+07
2.909565e+08
8.397940e+02
4.734591e+08
2.564638e+08
1.052641e+08
2.372153e+08
4.948191e+06
1.055725e+08
9.872647e+07
2.689909e+08
1.684983e+03
5.998272e+04
2.449309e+07
2.909756e+08
2.539328e+03
1.169540e+08
4.924930e+07
8.447000e+00
2.524207e+08
3.484508e+07
6.857098e+07
8.803065e+07
3.212193e+08
1.794921e+08
5.630685e+07
1.240507e+07
9.359236e+07
4.227268e+07
6.176238e+06
5.471334e+08
3.054120e+04
1.328704e+08
2.339641e+03
4.018821e+07
1.436439e+04
7.351985e+07
1.547860e+07
8.118335e+07
5.424661e+07
8.546061e+07
1.235433e+08
5.109048e+07
4.367153e+07
2.123564e+08
7.417576e+04
2.684483e+03
1.466933e+08
1.093927e+07
6.030756e+07
4.139490e+02
1.349392e+08
1.934167e+04
1.848462e+04
1.851875e+08
3.015940e+04
3.145790e+08
1.188098e+08
1.373612e+08
5.301735e+03
4.213694e+08
2.319641e+07
4.291045e+07
7.179275e+07
5.243889e+07
8.320578e+07
1.279235e+08
6.878802e+07
6.895093e+07
1.649704e+08
4.700836e+07
2.244013e+08
2.098592e+08
6.680153e+07
4.345868e+08
7.164343e+03
3.081264e+07
1.648292e+08
6.462739e+07
2.470368e+04
2.161574e+05
7.730800e+06
1.347835e+08
1.247898e+08
4.163256e+06
2.017500e+08
3.789497e+07
4.064615e+07
4.917726e+07
6.910890e+07
2.290205e+04
2.658808e+04
2.310189e+08
1.728221e+07
5.578169e+07
7.036702e+03
5.661307e+04
6.127938e+08
3.890499e+03
9.896068e+07
9.709782e+03
1.266003e+08
2.342059e+04
9.019752e+07
1.007739e+08
2.223052e+08
9.130239e+06
1.955416e+08
1.717834e+04
1.585594e+07
1.190089e+08
2.867297e+08
3.295123e+08
2.140333e+03
6.781580e+03
1.257152e+07
6.875883e+08
1.402583e+08
7.173004e+07
2.905869e+08
4.391441e+07
2.272400e+08
3.944732e+08
8.593103e+07
4.562251e+04
8.544333e+04
6.622560e+08
7.667663e+07
1.697370e+07
1.152082e+08
2.572017e+03
1.169279e+08
8.925137e+04
1.753400e+01
1.961090e+02
2.138021e+07
1.130606e+08
5.624048e+03
1.700810e+08
2.300018e+03
2.541090e+08
1.935594e+08
2.738738e+07
7.450250e+07
2.421746e+08
1.438211e+06
1.200768e+07
6.284913e+08
6.345076e+06
2.515600e+01
1.239730e+08
1.862008e+08
1.008368e+08
2.533028e+08
6.222596e+06
4.792923e+07
1.057591e+04
2.825803e+08
1.264509e+07
1.705836e+08
7.398068e+07
9.803367e+07
4.556717e+07
6.627001e+07
3.710485e+08
1.508404e+08
2.866298e+03
9.080597e+07
9.684478e+07
7.542684e+07
1.377549e+08
4.618406e+04
3.010311e+07
1.318314e+08
9.113857e+03
3.121863e+05
1.985354e+04
1.769746e+07
1.477116e+04
1.858587e+07
6.058152e+07
1.003976e+08
2.108800e+01
1.728005e+08
2.453171e+07
3.895527e+08
1.069954e+08
3.287720e+07
3.875990e+07
9.640205e+07
1.911198e+07
6.680050e+02
1.000400e+01
1.572680e+08
3.241829e+07
5.322210e+07
3.278630e+04
4.833117e+07
2.270877e+08
1.514421e+08
5.815128e+06
6.357769e+07
1.842829e+08
1.883548e+08
8.720894e+07
5.339355e+07
6.849482e+03
1.486603e+08
5.052235e+06
3.895068e+07
3.828674e+08
7.898689e+06
1.767273e+08
1.791028e+08
1.476952e+08
1.562601e+08
3.497012e+07
2.615465e+04
1.731242e+08
4.475249e+07
1.769118e+08
3.105782e+08
2.560128e+07
7.920800e+01
4.230843e+07
1.136407e+08
4.063016e+07
1.777295e+05
1.739730e+08
1.758422e+08
2.124429e+03
6.056740e+02
1.703513e+08
1.904490e+08
2.912633e+08
8.344205e+07
1.262581e+07
5.223723e+03
2.106092e+08
2.365182e+07
1.992034e+08
1.448265e+08
6.974363e+07
1.604158e+07
2.902564e+07
1.381728e+08
1.275183e+07
2.593403e+08
6.717434e+07
7.330690e+02
2.576377e+08
1.408170e+03
1.161146e+07
2.965196e+04
1.594995e+05
1.447349e+08
5.484774e+07
2.206927e+07
8.837888e+07
6.399483e+04
6.079433e+03
4.296103e+07
8.403963e+07
2.363206e+04
1.807863e+08
5.015904e+07
6.442452e+07
1.080231e+08
2.109390e+08
1.124741e+08
6.203600e+07
2.872779e+08
1.022000e+02
1.349588e+04
2.061599e+08
1.155213e+05
1.089693e+08
1.380458e+08
1.671503e+04
2.445553e+07
2.038850e+07
2.457390e+02
1.814518e+07
2.618476e+07
1.032616e+08
6.079305e+04
1.387739e+07
1.909690e+04
1.079637e+04
3.058330e+08
2.224002e+08
7.140121e+07
4.127283e+03
1.314549e+08
5.770171e+06
6.320340e+04
3.886405e+05
3.515036e+08
1.915169e+07
5.378993e+04
3.847732e+07
5.722361e+04
1.022733e+05
4.481258e+04
2.552015e+04
2.852527e+08
1.250342e+04
1.009601e+08
3.826545e+08
1.290083e+08
2.295980e+04
2.049770e+08
2.114091e+07
7.413193e+06
1.744061e+08
2.024053e+03
2.537313e+08
2.117275e+07
1.833800e+01
5.125128e+07
2.081735e+03
9.540019e+07
1.434079e+03
1.584411e+07
7.261797e+07
5.157911e+04
2.453100e+01
1.085685e+08
2.150707e+06
8.623070e+02
6.731974e+07
4.480507e+07
1.409920e+07
7.963708e+07
1.142657e+08
1.585100e+04
2.218287e+06
1.210508e+05
1.596782e+08
2.155694e+08
1.431480e+04
3.799700e+01
1.038602e+05
9.162632e+07
1.982818e+07
2.165198e+04
1.011048e+05
4.293392e+08
6.386848e+07
1.074889e+08
1.539802e+08
8.209270e+03
2.885118e+03
2.583382e+06
1.879772e+08
1.252082e+08
1.629718e+03
1.968112e+08
1.918548e+08
1.775959e+08
1.852970e+07
2.357405e+04
6.396780e+06
1.835951e+07
1.117776e+08
2.741614e+08
5.221786e+06
2.304249e+04
3.209319e+08
6.297786e+03
1.394874e+07
3.466349e+07
1.225896e+07
3.718459e+08
