9.734450073242187500e+02
1.435099375000000000e+05
7.166458007812500000e+03
3.246113867187500000e+04
9.996865625000000000e+04
2.426364990234375000e+03
7.604244140625000000e+03
1.366812109375000000e+04
4.243541992187500000e+03
5.322269140625000000e+04
1.462541015625000000e+03
1.217703979492187500e+03
1.285675048828125000e+03
2.136969687500000000e+05
5.672070800781250000e+03
4.637409973144531250e+02
1.007573632812500000e+04
5.928410034179687500e+02
5.458651171875000000e+04
9.408208593750000000e+04
9.542729687500000000e+04
1.181701049804687500e+03
3.461600036621093750e+02
1.345992675781250000e+04
2.605858886718750000e+03
1.206589965820312500e+02
3.609779968261718750e+02
2.630501953125000000e+04
4.173259887695312500e+02
1.332863037109375000e+03
1.891527734375000000e+04
6.059460937500000000e+03
2.959018066406250000e+03
1.306500000000000000e+03
1.471287963867187500e+03
3.126948974609375000e+03
2.319481054687500000e+04
3.615211914062500000e+03
1.886130981445312500e+03
7.675419921875000000e+02
1.896777954101562500e+03
4.253104296875000000e+04
4.620800018310546875e+01
3.304190063476562500e+02
6.928600311279296875e+01
2.893529052734375000e+03
6.050524218750000000e+04
1.513130371093750000e+04
7.945654687500000000e+04
7.298363769531250000e+03
1.227275000000000000e+04
6.680925000000000000e+04
1.111517944335937500e+03
1.924527187500000000e+05
5.062019958496093750e+02
3.708700180053710938e+01
5.100668945312500000e+03
5.587780078125000000e+04
2.193691894531250000e+03
9.100289916992187500e+02
4.963024218750000000e+04
4.524912109375000000e+03
3.994946044921875000e+03
7.750196093750000000e+04
5.790771484375000000e+04
6.008489062500000000e+04
3.120726367187500000e+04
1.831899047851562500e+03
3.027611083984375000e+03
1.618639984130859375e+02
3.449695312500000000e+04
7.963032031250000000e+04
8.244810180664062500e+02
2.779843750000000000e+05
4.538391796875000000e+04
1.076767265625000000e+05
3.384475781250000000e+04
4.019179992675781250e+02
1.177560058593750000e+03
4.973704101562500000e+03
1.214790039062500000e+03
7.495869750976562500e+02
2.011536010742187500e+03
2.105240039062500000e+04
2.702572998046875000e+03
9.691040039062500000e+03
3.981125781250000000e+04
2.969946093750000000e+04
1.199769238281250000e+04
8.210000000000000000e+02
4.006049072265625000e+03
8.248569946289062500e+02
4.073919921875000000e+04
1.929346679687500000e+04
2.651879882812500000e+02
2.984519042968750000e+03
1.900683959960937500e+03
4.528284179687500000e+03
1.895269927978515625e+02
2.459623632812500000e+04
7.191342187500000000e+04
2.031634960937500000e+04
3.967770080566406250e+02
8.554206054687500000e+03
5.004044921875000000e+03
3.115141015625000000e+04
2.732021972656250000e+03
4.217839965820312500e+02
5.085589904785156250e+02
1.347358032226562500e+03
1.269275703125000000e+05
2.376369934082031250e+02
1.772445625000000000e+05
1.278531152343750000e+04
5.558998046875000000e+03
5.054540625000000000e+04
1.514459960937500000e+03
1.944654882812500000e+04
3.759016406250000000e+04
1.407405156250000000e+05
2.698427500000000000e+05
8.079460156250000000e+04
4.946287890625000000e+04
3.946549072265625000e+03
6.419310302734375000e+02
1.159286250000000000e+05
3.289750061035156250e+02
4.656416992187500000e+03
1.706791015625000000e+03
7.580809936523437500e+02
1.136858398437500000e+04
2.332879296875000000e+04
1.410240966796875000e+03
7.896238769531250000e+03
1.365052001953125000e+03
8.767808593750000000e+03
1.323061035156250000e+03
4.106680312500000000e+05
1.017429962158203125e+02
2.934585000000000000e+05
2.398946044921875000e+03
1.171969970703125000e+03
1.273636718750000000e+05
2.429611083984375000e+03
1.279120971679687500e+03
2.293978027343750000e+03
7.938363769531250000e+03
1.178943969726562500e+03
9.151878125000000000e+04
1.471374414062500000e+04
8.921714062500000000e+04
2.176838085937500000e+04
2.295948974609375000e+03
2.485059179687500000e+04
2.797099914550781250e+02
1.290585742187500000e+04
9.047561718750000000e+04
1.566809765625000000e+04
6.530799804687500000e+03
6.140721191406250000e+03
1.992272070312500000e+04
8.538215820312500000e+03
2.703410888671875000e+03
3.816124375000000000e+05
7.886811718750000000e+04
6.028882031250000000e+04
4.411377343750000000e+04
1.628828002929687500e+03
1.042196640625000000e+05
7.723950195312500000e+02
4.832439880371093750e+02
1.755017773437500000e+04
4.587225781250000000e+04
1.426397167968750000e+04
5.571630249023437500e+02
5.162826171875000000e+03
1.992342041015625000e+03
2.276284179687500000e+04
1.739763476562500000e+04
8.379452343750000000e+04
1.571738037109375000e+03
3.563755859375000000e+04
1.548634863281250000e+04
2.295131103515625000e+03
1.107041015625000000e+03
2.442891796875000000e+04
1.517082031250000000e+03
9.634730224609375000e+02
2.229775878906250000e+03
1.563669726562500000e+04
1.910250000000000000e+03
1.484548339843750000e+04
1.716011962890625000e+03
1.611242773437500000e+04
1.200744018554687500e+03
9.336605468750000000e+03
2.736904052734375000e+03
2.298985107421875000e+03
4.697006835937500000e+03
4.927330468750000000e+04
2.691458007812500000e+03
3.307486083984375000e+03
1.409432421875000000e+04
2.996521972656250000e+03
6.252867578125000000e+04
1.561479003906250000e+03
4.490412109375000000e+04
1.690890045166015625e+02
2.392510070800781250e+02
3.172409973144531250e+02
6.890560302734375000e+02
1.473499965667724609e+01
4.070974121093750000e+03
1.985722045898437500e+03
4.564299926757812500e+02
4.687691894531250000e+03
1.376021972656250000e+03
3.314105468750000000e+04
1.308282031250000000e+05
3.537749938964843750e+02
2.543524023437500000e+04
5.116642968750000000e+04
1.552056562500000000e+05
4.807376953125000000e+03
3.345653076171875000e+03
4.987420043945312500e+02
2.500770996093750000e+03
5.164415234375000000e+04
3.138121679687500000e+04
2.915976074218750000e+03
2.764792968750000000e+03
3.288200000000000000e+04
1.822770996093750000e+03
5.569617187500000000e+03
2.285105957031250000e+03
8.347739257812500000e+03
1.108616093750000000e+05
3.961385009765625000e+03
1.660681030273437500e+03
1.932958593750000000e+04
3.248511962890625000e+03
6.119192578125000000e+04
2.288062011718750000e+03
2.439857910156250000e+03
1.173208789062500000e+04
2.193940468750000000e+05
1.145655761718750000e+04
1.473759531250000000e+05
4.020895019531250000e+03
1.400556030273437500e+03
6.962788281250000000e+04
5.438472167968750000e+03
4.185867968750000000e+04
2.801975976562500000e+04
1.316814941406250000e+03
7.489696093750000000e+04
1.956234985351562500e+03
1.261311035156250000e+03
1.310547851562500000e+04
6.556814843750000000e+04
4.968189941406250000e+03
2.203945068359375000e+03
1.576200312500000000e+05
4.821419982910156250e+02
9.397730102539062500e+02
2.630038085937500000e+03
4.472562011718750000e+03
3.572622265625000000e+04
3.268066894531250000e+03
8.387353515625000000e+03
4.215158203125000000e+03
8.156167968750000000e+03
9.836919921875000000e+03
1.982140991210937500e+03
1.204252636718750000e+04
1.635908203125000000e+04
1.640223046875000000e+04
2.149147949218750000e+03
6.319400024414062500e+01
3.758609924316406250e+02
3.572340087890625000e+02
1.836651000976562500e+03
4.106779687500000000e+04
5.034142578125000000e+04
1.020860058593750000e+04
1.624850006103515625e+02
6.778393066406250000e+03
9.808832031250000000e+04
2.213061914062500000e+04
2.639326904296875000e+03
4.637527734375000000e+04
4.035750000000000000e+03
1.778262109375000000e+04
1.958864990234375000e+03
3.157103125000000000e+04
1.278296718750000000e+05
7.523757031250000000e+04
1.645059967041015625e+02
9.103690185546875000e+02
1.536963989257812500e+03
4.946220092773437500e+02
2.069381103515625000e+03
1.156347421875000000e+05
1.093581738281250000e+04
8.789219970703125000e+02
2.784501171875000000e+04
3.490692968750000000e+04
1.084392187500000000e+04
3.030909912109375000e+03
1.741993945312500000e+04
3.765620117187500000e+03
5.997490234375000000e+02
1.034830078125000000e+05
4.123479062500000000e+05
3.094140014648437500e+02
1.301451049804687500e+03
3.480011962890625000e+03
1.998481640625000000e+04
6.546979980468750000e+02
9.904669799804687500e+02
1.896029052734375000e+03
9.679529296875000000e+03
2.491519927978515625e+02
2.395820007324218750e+02
4.162563964843750000e+03
6.977829101562500000e+03
3.178979980468750000e+03
6.246061718750000000e+04
1.829951049804687500e+03
8.109396972656250000e+03
1.375511962890625000e+03
1.836078906250000000e+04
1.765472656250000000e+04
6.965388183593750000e+03
1.491423437500000000e+05
2.692396875000000000e+05
2.400831054687500000e+03
3.061708789062500000e+04
1.516373046875000000e+03
2.305007080078125000e+03
1.136312343750000000e+05
5.847273046875000000e+04
6.683873437500000000e+04
2.524166015625000000e+03
1.331904052734375000e+03
3.167154052734375000e+03
3.963700103759765625e+01
2.604541992187500000e+03
1.283095947265625000e+03
2.293726757812500000e+04
5.324530029296875000e+02
4.401090087890625000e+02
1.357336035156250000e+04
1.681373046875000000e+04
1.242450097656250000e+04
1.236123046875000000e+03
5.937999877929687500e+02
6.906895019531250000e+03
2.670476074218750000e+03
1.408047753906250000e+04
1.226277832031250000e+04
6.703120117187500000e+02
1.509610961914062500e+03
2.151102929687500000e+04
1.633348022460937500e+03
2.919389953613281250e+02
6.504585937500000000e+03
3.161976757812500000e+04
7.525474121093750000e+03
3.085774414062500000e+04
2.240010937500000000e+04
1.770452968750000000e+05
1.512713281250000000e+04
3.054688964843750000e+03
1.062144042968750000e+03
6.982455078125000000e+03
2.055928955078125000e+03
1.536364013671875000e+03
5.326179809570312500e+02
2.828359985351562500e+02
3.104121562500000000e+05
1.156620859375000000e+05
7.734169921875000000e+02
2.513971289062500000e+04
8.259140014648437500e+02
1.181563828125000000e+05
1.885142382812500000e+04
9.555800170898437500e+02
3.003562304687500000e+04
1.453455781250000000e+05
6.159110107421875000e+02
1.134846953125000000e+05
2.291304931640625000e+03
8.373560180664062500e+02
1.154973022460937500e+03
2.497107421875000000e+04
5.017415234375000000e+04
5.137657226562500000e+03
1.241006958007812500e+03
1.605921386718750000e+04
2.667504882812500000e+03
3.377846484375000000e+04
6.205225000000000000e+04
2.620587695312500000e+04
7.467657226562500000e+03
1.342861718750000000e+05
9.020051562500000000e+04
8.015689697265625000e+02
5.973789062500000000e+03
4.089111718750000000e+04
7.651079711914062500e+02
4.091810058593750000e+03
1.037230273437500000e+04
9.658725585937500000e+03
2.122265234375000000e+04
4.086209960937500000e+03
1.007556347656250000e+04
2.307483203125000000e+04
1.399325488281250000e+04
9.484894531250000000e+04
9.491459960937500000e+03
6.214279785156250000e+02
1.021877014160156250e+03
9.560714062500000000e+04
4.067449951171875000e+02
8.990419921875000000e+03
2.511841015625000000e+04
1.125301074218750000e+04
1.285300048828125000e+03
2.268107343750000000e+05
1.869228027343750000e+03
1.369959472656250000e+04
2.978959960937500000e+02
1.708103125000000000e+04
1.725906005859375000e+03
4.279751562500000000e+04
2.233323974609375000e+03
1.972640234375000000e+04
5.026830139160156250e+02
1.059232055664062500e+03
1.440579394531250000e+04
1.670307006835937500e+03
8.786489868164062500e+02
4.199823046875000000e+04
9.719609985351562500e+02
4.765665039062500000e+03
2.393033935546875000e+03
1.156510644531250000e+04
8.335269775390625000e+02
2.304311328125000000e+04
8.462132812500000000e+03
1.290251171875000000e+05
2.552883906250000000e+05
1.455495156250000000e+05
5.499250000000000000e+03
5.432540283203125000e+02
5.067160156250000000e+03
9.926380468750000000e+04
1.268565527343750000e+04
2.107699966430664062e+01
2.825655029296875000e+03
8.728096679687500000e+03
3.972560119628906250e+02
6.552592773437500000e+03
3.161970947265625000e+03
2.499779968261718750e+02
1.467463378906250000e+04
8.963985156250000000e+04
1.693630065917968750e+02
2.226766015625000000e+04
1.130842041015625000e+03
1.697735961914062500e+03
1.677745971679687500e+03
6.427257421875000000e+04
1.441790039062500000e+03
3.515418945312500000e+03
1.942954843750000000e+05
6.312037109375000000e+03
1.025857421875000000e+05
2.465709570312500000e+04
6.580350097656250000e+03
6.550645996093750000e+03
2.320705078125000000e+03
1.390339843750000000e+05
1.692587036132812500e+03
4.359480957031250000e+03
1.457645996093750000e+03
2.400785888671875000e+03
2.571433203125000000e+04
2.892740234375000000e+04
5.450903125000000000e+04
1.567961328125000000e+04
6.712000122070312500e+02
4.611767089843750000e+03
1.534603027343750000e+03
1.547602734375000000e+04
1.144153281250000000e+05
1.934135009765625000e+03
8.702000122070312500e+02
1.999250000000000000e+03
2.320499023437500000e+03
2.520503906250000000e+04
6.360965820312500000e+03
9.875996093750000000e+03
4.276183105468750000e+03
2.759804492187500000e+04
1.486269042968750000e+03
1.864816040039062500e+03
6.305239868164062500e+02
2.434499414062500000e+04
1.581608007812500000e+04
3.752336914062500000e+03
9.502459375000000000e+04
2.983932617187500000e+04
8.429485351562500000e+03
2.727425048828125000e+03
1.262126367187500000e+04
3.721780859375000000e+04
4.887945800781250000e+03
5.508924218750000000e+04
1.447975952148437500e+03
1.991069335937500000e+04
4.530039978027343750e+02
2.183657421875000000e+04
8.612923437500000000e+04
1.128701049804687500e+03
4.534246093750000000e+03
4.399431152343750000e+03
9.989479980468750000e+02
1.339897949218750000e+03
2.448631250000000000e+04
1.487649047851562500e+03
1.971190937500000000e+05
2.514262939453125000e+03
2.607535888671875000e+03
3.964478906250000000e+04
1.409028808593750000e+04
1.095860781250000000e+05
2.875782958984375000e+03
1.563035468750000000e+05
7.316060180664062500e+02
1.041312011718750000e+03
2.006085937500000000e+04
2.432699951171875000e+03
1.496890014648437500e+03
1.418255957031250000e+04
3.108420104980468750e+02
1.568431030273437500e+03
1.416501074218750000e+04
8.426453906250000000e+04
1.739031005859375000e+03
5.482036132812500000e+03
5.517514843750000000e+04
1.319500976562500000e+03
4.342458984375000000e+03
2.040075000000000000e+05
1.239767675781250000e+04
2.949679870605468750e+02
1.872467968750000000e+05
3.573459960937500000e+03
2.269138916015625000e+03
1.864014062500000000e+05
1.133539962768554688e+02
5.791384765625000000e+03
2.521010986328125000e+03
1.855559765625000000e+04
2.306379882812500000e+03
2.874965039062500000e+04
3.963239013671875000e+03
1.214808300781250000e+04
6.734799804687500000e+02
2.900075927734375000e+03
2.767684082031250000e+03
2.498959960937500000e+02
6.233790283203125000e+02
2.556392382812500000e+04
2.034421484375000000e+04
6.698585937500000000e+03
4.411306152343750000e+03
6.163779907226562500e+02
2.079800048828125000e+03
3.346834960937500000e+03
6.074596093750000000e+04
2.521737109375000000e+04
8.704060546875000000e+03
7.847890014648437500e+02
7.602295312500000000e+04
3.751969909667968750e+02
2.318295898437500000e+03
4.229211914062500000e+03
2.110496875000000000e+05
7.535153906250000000e+04
1.040483007812500000e+04
1.515994824218750000e+04
6.886229858398437500e+02
2.329424072265625000e+03
8.933270263671875000e+02
5.901591015625000000e+04
1.619879028320312500e+03
3.859914062500000000e+03
6.438850097656250000e+03
3.776570129394531250e+02
1.383173950195312500e+03
3.309708984375000000e+03
1.166296997070312500e+03
2.681562109375000000e+04
7.906171875000000000e+03
3.741719970703125000e+02
1.211354199218750000e+04
2.249450976562500000e+04
8.568274218750000000e+04
4.452174218750000000e+04
2.264414453125000000e+04
1.715609008789062500e+03
3.035279101562500000e+04
8.190830078125000000e+02
3.226940917968750000e+03
9.623040161132812500e+02
8.005735839843750000e+03
8.544000244140625000e+01
5.901291992187500000e+03
3.440695068359375000e+03
7.400110839843750000e+03
2.403740429687500000e+04
2.105039062500000000e+03
3.879167968750000000e+03
3.900427978515625000e+03
2.428749023437500000e+03
4.989020080566406250e+02
1.552040625000000000e+05
6.014130249023437500e+02
1.457458007812500000e+03
1.328178808593750000e+04
4.273845312500000000e+04
9.532020263671875000e+02
6.937131250000000000e+04
4.656287109375000000e+04
6.302360229492187500e+02
1.979661010742187500e+03
2.208624609375000000e+04
1.012505004882812500e+03
7.743182031250000000e+04
9.134707031250000000e+04
5.529330078125000000e+03
1.256755981445312500e+03
2.176714843750000000e+04
8.854003125000000000e+04
5.094115625000000000e+04
7.856049804687500000e+02
2.401328593750000000e+05
1.595943969726562500e+03
1.353887304687500000e+04
2.168566210937500000e+04
1.945380078125000000e+04
2.992392968750000000e+04
8.963769531250000000e+03
6.566225781250000000e+04
1.817256958007812500e+03
5.447690625000000000e+04
4.519596093750000000e+04
3.553915039062500000e+03
4.292036718750000000e+04
3.968613671875000000e+04
3.454784765625000000e+04
1.069309997558593750e+02
2.944224218750000000e+04
1.256407617187500000e+04
1.182911132812500000e+04
4.917733886718750000e+03
9.487221679687500000e+03
2.555683750000000000e+05
1.592265014648437500e+03
1.671619018554687500e+03
7.353827148437500000e+03
5.902372070312500000e+03
8.969035937500000000e+04
7.583483886718750000e+03
1.567449951171875000e+02
9.808626953125000000e+03
6.115426562500000000e+04
6.111919921875000000e+03
8.066060180664062500e+02
5.513937988281250000e+03
2.935398925781250000e+03
1.986160742187500000e+04
6.056616796875000000e+04
1.837375000000000000e+03
1.933092968750000000e+04
3.996605957031250000e+03
1.620425048828125000e+03
4.915509948730468750e+02
5.057871093750000000e+03
1.062657958984375000e+03
1.807781005859375000e+03
9.019022656250000000e+04
2.113053125000000000e+04
1.398147812500000000e+05
2.504770996093750000e+03
3.779686035156250000e+03
4.482690124511718750e+02
7.419621875000000000e+04
2.096976074218750000e+03
9.722757031250000000e+04
2.149891113281250000e+03
1.005219433593750000e+04
3.326176953125000000e+04
7.750232031250000000e+04
2.619883056640625000e+03
1.335009375000000000e+04
8.257039794921875000e+02
1.873107055664062500e+03
7.614600781250000000e+04
2.387802001953125000e+03
7.211299896240234375e+01
1.959510986328125000e+03
6.052001562500000000e+04
3.023621679687500000e+04
1.005110015869140625e+02
3.923695312500000000e+04
1.153575097656250000e+04
4.316606250000000000e+04
2.029266210937500000e+04
1.603715942382812500e+03
1.064114355468750000e+04
1.071672656250000000e+04
2.135212890625000000e+03
1.497230000000000000e+05
1.388786987304687500e+03
5.099930859375000000e+04
1.653089648437500000e+04
5.731630249023437500e+02
4.806957031250000000e+03
1.099562402343750000e+04
7.345040039062500000e+03
7.249063964843750000e+03
9.362858398437500000e+03
2.438379062500000000e+05
4.640943847656250000e+03
1.431145312500000000e+04
4.897347167968750000e+03
5.226259375000000000e+04
3.195485107421875000e+03
7.810120239257812500e+02
3.892659912109375000e+02
5.656642187500000000e+04
1.201191040039062500e+03
1.498799218750000000e+05
1.085765014648437500e+03
2.584331640625000000e+04
1.540038671875000000e+04
1.619495971679687500e+03
1.960178955078125000e+03
9.976010131835937500e+02
4.465374023437500000e+03
1.653875976562500000e+03
5.698223046875000000e+04
2.473800781250000000e+04
3.401451562500000000e+04
2.861922265625000000e+04
4.859424804687500000e+03
4.861699218750000000e+03
8.812940063476562500e+02
9.821400146484375000e+02
9.202269897460937500e+02
1.341297973632812500e+03
7.863512207031250000e+03
1.020914257812500000e+04
5.029042968750000000e+03
2.882472900390625000e+03
1.070464965820312500e+03
8.809462890625000000e+03
2.345878906250000000e+03
4.787170104980468750e+02
1.623953002929687500e+03
9.871545312500000000e+04
9.169653906250000000e+04
1.620796020507812500e+03
1.055932983398437500e+03
1.624199981689453125e+02
2.047479980468750000e+03
3.633909912109375000e+02
7.490706054687500000e+03
3.225870117187500000e+04
1.368190156250000000e+05
7.747639160156250000e+03
4.856146972656250000e+03
3.964779687500000000e+04
2.039184687500000000e+05
4.388233203125000000e+04
5.306032031250000000e+04
1.847078002929687500e+03
1.415175195312500000e+04
3.458979003906250000e+03
4.525346093750000000e+04
1.309530029296875000e+03
2.742590026855468750e+02
1.050135781250000000e+05
4.074014892578125000e+03
4.161100097656250000e+03
1.252463012695312500e+03
5.434882812500000000e+04
5.422733886718750000e+03
2.369775976562500000e+04
2.245387939453125000e+03
3.682781005859375000e+03
3.410854980468750000e+03
1.643855957031250000e+03
7.325887500000000000e+04
7.219470214843750000e+02
2.401256103515625000e+03
3.985884375000000000e+04
1.260510025024414062e+02
9.462763671875000000e+03
1.307745546875000000e+05
5.672520141601562500e+02
8.813577343750000000e+04
2.847120056152343750e+02
1.032940136718750000e+04
6.343489990234375000e+02
1.291470947265625000e+03
5.529609985351562500e+02
1.248578613281250000e+04
1.133677890625000000e+05
8.971190185546875000e+02
2.162862060546875000e+03
2.639649963378906250e+02
9.121550781250000000e+04
2.260310058593750000e+02
2.010589375000000000e+05
1.889500000000000000e+03
1.463524047851562500e+03
9.815352539062500000e+03
1.174208007812500000e+03
8.345919921875000000e+03
1.602480010986328125e+02
1.249012597656250000e+04
6.800637207031250000e+03
1.635682983398437500e+03
2.561759765625000000e+04
7.897001562500000000e+04
2.917856933593750000e+03
2.513937011718750000e+03
4.153454101562500000e+03
6.635698242187500000e+03
4.193653515625000000e+04
4.439341406250000000e+04
6.353029785156250000e+02
8.154910937500000000e+04
7.742899780273437500e+02
1.271979980468750000e+02
3.108226171875000000e+04
3.589570007324218750e+02
3.388843017578125000e+03
1.629151977539062500e+03
5.043679296875000000e+04
2.447856933593750000e+03
1.447484008789062500e+03
1.111115966796875000e+03
2.220039978027343750e+02
1.943209991455078125e+02
8.966225585937500000e+03
5.690297656250000000e+04
1.775885986328125000e+03
5.985388281250000000e+04
1.875645507812500000e+04
1.078151000976562500e+03
1.076750976562500000e+03
1.552545043945312500e+03
2.762674218750000000e+04
1.388360961914062500e+03
2.354298095703125000e+03
3.629644042968750000e+03
2.844517773437500000e+04
1.094779968261718750e+02
1.893915039062500000e+03
2.975147949218750000e+03
1.961512695312500000e+04
2.831172265625000000e+04
5.698423828125000000e+04
1.645619964599609375e+02
4.776499938964843750e+02
1.557303906250000000e+04
1.384331835937500000e+04
1.862187695312500000e+04
9.152934375000000000e+04
2.471218994140625000e+03
4.092026171875000000e+04
1.599826049804687500e+03
1.269853027343750000e+03
1.599821582031250000e+04
1.380733032226562500e+03
4.837720031738281250e+02
4.170109863281250000e+02
6.503734765625000000e+04
4.182823242187500000e+03
6.096508789062500000e+03
3.633450000000000000e+04
1.527278710937500000e+04
3.925704101562500000e+03
6.014235156250000000e+04
1.191249414062500000e+04
6.988024218750000000e+04
3.207167968750000000e+03
2.774682031250000000e+04
2.151188964843750000e+03
1.603800000000000000e+04
1.857597656250000000e+04
6.450679931640625000e+02
1.897083984375000000e+03
8.844125000000000000e+03
3.223880004882812500e+02
8.853474218750000000e+04
3.548371875000000000e+04
7.630869750976562500e+02
9.231460937500000000e+04
1.012400703125000000e+05
1.275488037109375000e+03
4.403959960937500000e+02
7.684136230468750000e+03
2.052053955078125000e+03
9.357349853515625000e+02
1.119884765625000000e+04
4.501520080566406250e+02
2.520114257812500000e+04
9.751569824218750000e+02
2.056788085937500000e+03
6.674397656250000000e+04
5.546082812500000000e+04
1.543385058593750000e+04
8.118659375000000000e+04
1.241933959960937500e+03
5.212620117187500000e+03
1.865908593750000000e+05
6.615158593750000000e+04
1.546734218750000000e+05
7.704744140625000000e+03
1.258683691406250000e+04
1.476328979492187500e+03
1.094322753906250000e+04
5.557279687500000000e+04
2.303609924316406250e+02
7.290949707031250000e+02
2.328332031250000000e+03
4.468117187500000000e+03
1.364416992187500000e+03
1.909770996093750000e+03
1.174192656250000000e+05
1.469560058593750000e+03
2.465749969482421875e+02
2.574907812500000000e+04
2.295032958984375000e+03
6.941267089843750000e+03
2.220048095703125000e+03
8.273610229492187500e+02
1.548465942382812500e+03
1.102206054687500000e+03
5.296550292968750000e+02
2.835100781250000000e+04
4.084144042968750000e+03
3.126284765625000000e+04
4.917922265625000000e+04
5.689660034179687500e+02
4.107878125000000000e+04
1.266347109375000000e+05
3.608643359375000000e+04
1.769176367187500000e+04
2.153156982421875000e+03
3.012038085937500000e+03
3.302169921875000000e+03
1.457238906250000000e+05
3.237105957031250000e+03
2.592625976562500000e+03
5.718459960937500000e+03
2.358130035400390625e+02
5.624831054687500000e+03
1.497326049804687500e+03
1.097257910156250000e+04
3.107068164062500000e+04
2.177941992187500000e+04
1.806095947265625000e+03
6.726984863281250000e+03
1.944459991455078125e+02
2.737800025939941406e+01
1.025773632812500000e+04
1.562813437500000000e+05
2.008799023437500000e+04
8.555670166015625000e+02
3.432071044921875000e+03
3.776399993896484375e+01
9.456567968750000000e+04
2.730708007812500000e+03
1.387580156250000000e+05
1.773284765625000000e+04
3.138559875488281250e+02
1.612595312500000000e+05
9.372880249023437500e+02
1.024494995117187500e+03
3.913900146484375000e+02
1.681875000000000000e+03
9.727171875000000000e+03
