3.720000028610229492e+00
1.671049957275390625e+02
3.112999916076660156e+00
5.171900177001953125e+01
2.792460021972656250e+02
1.459429931640625000e+02
2.887000083923339844e+00
2.548000097274780273e+00
3.168199920654296875e+01
3.465299987792968750e+01
1.358890075683593750e+02
2.023500061035156250e+01
1.124889984130859375e+02
3.164500045776367188e+01
1.330500030517578125e+01
7.159899902343750000e+01
2.423299980163574219e+01
4.518000125885009766e+00
1.033623046875000000e+03
1.622699928283691406e+01
4.192300033569335938e+01
1.860144042968750000e+03
1.188025024414062500e+03
5.360109863281250000e+02
5.829999923706054688e+00
1.309200000762939453e+01
6.762000083923339844e+00
1.578100013732910156e+01
1.747570037841796875e+02
8.809799957275390625e+01
3.572999954223632812e+00
4.152799987792968750e+01
9.124539794921875000e+02
2.965650024414062500e+02
2.297700042724609375e+02
7.384039916992187500e+02
1.002060012817382812e+02
1.269420013427734375e+02
2.432699966430664062e+01
2.072500038146972656e+01
2.010579986572265625e+02
2.009799957275390625e+01
4.671000003814697266e+00
2.601950073242187500e+02
2.357288085937500000e+03
5.142160034179687500e+02
4.189799880981445312e+01
8.277000427246093750e+00
1.631260070800781250e+02
1.102618041992187500e+03
2.009300041198730469e+01
2.026660003662109375e+02
1.171000003814697266e+00
5.663000106811523438e+00
1.312843017578125000e+03
4.233200073242187500e+01
2.888640136718750000e+02
9.580000042915344238e-01
1.660207031250000000e+03
1.521040039062500000e+02
6.742000102996826172e+00
4.068999767303466797e+00
1.978700065612792969e+01
1.773000001907348633e+00
5.740399932861328125e+01
8.916000366210937500e+00
1.044459991455078125e+02
6.195100021362304688e+01
9.038000106811523438e+00
1.632399940490722656e+01
4.321220092773437500e+02
3.563322021484375000e+03
1.993390045166015625e+02
8.963010253906250000e+02
6.237379760742187500e+02
7.205100250244140625e+01
2.308939971923828125e+02
6.200299835205078125e+01
9.868239746093750000e+02
2.767999887466430664e+00
3.235329895019531250e+02
2.298699951171875000e+02
7.181000232696533203e+00
8.694200134277343750e+01
6.102000236511230469e+00
1.345000028610229492e+00
2.242000007629394531e+01
2.530780029296875000e+02
6.761799621582031250e+01
7.098100280761718750e+01
8.973600006103515625e+01
4.247390136718750000e+02
2.521997070312500000e+03
1.058884033203125000e+03
8.729219970703125000e+02
4.200910034179687500e+02
1.984135986328125000e+03
1.521300048828125000e+02
1.363020019531250000e+02
2.385899925231933594e+01
2.571119995117187500e+02
8.411399841308593750e+01
7.252600097656250000e+02
2.292070007324218750e+02
8.984999847412109375e+01
1.137600952148437500e+03
2.470330047607421875e+02
1.999779968261718750e+02
5.640900039672851562e+01
4.694970092773437500e+02
2.722599983215332031e+01
7.479100036621093750e+01
3.159159851074218750e+02
1.171953979492187500e+03
6.236000061035156250e+00
1.310070037841796875e+02
2.167089996337890625e+02
1.621892944335937500e+03
1.088300037384033203e+01
2.935799980163574219e+01
1.228299999237060547e+01
6.661279907226562500e+02
1.187036010742187500e+03
2.761599922180175781e+01
1.732421020507812500e+03
2.032079925537109375e+02
1.024909973144531250e+02
7.212839965820312500e+02
1.741719970703125000e+02
4.933000087738037109e+00
5.916500091552734375e+01
5.340100097656250000e+01
8.340770263671875000e+02
2.945100021362304688e+01
3.894941894531250000e+03
6.145800018310546875e+01
3.332950134277343750e+02
5.753820190429687500e+02
4.064500045776367188e+01
7.598000049591064453e+00
6.866000175476074219e+00
5.657699966430664062e+01
2.459000110626220703e+00
1.651080017089843750e+02
4.328999996185302734e+00
1.567899990081787109e+01
5.649499893188476562e+01
1.879989929199218750e+02
1.327499961853027344e+01
3.382999897003173828e+00
4.713779907226562500e+02
1.113229980468750000e+02
2.466135009765625000e+03
3.760699844360351562e+01
3.518269958496093750e+02
5.163700103759765625e+01
4.471099853515625000e+01
1.328699970245361328e+01
1.017220001220703125e+02
7.022599792480468750e+01
1.292200012207031250e+02
1.224457031250000000e+03
1.392099952697753906e+01
4.219899902343750000e+02
1.424604980468750000e+03
6.684799957275390625e+01
1.592050018310546875e+02
1.037419967651367188e+02
5.048999786376953125e+00
1.334700012207031250e+01
6.573799896240234375e+01
2.358200073242187500e+01
4.948999881744384766e+00
1.882969970703125000e+02
9.652949829101562500e+02
3.464989929199218750e+02
1.154649963378906250e+02
1.485950012207031250e+02
1.055360031127929688e+02
7.014999866485595703e+00
1.488459930419921875e+02
9.358399963378906250e+01
8.676339721679687500e+02
1.084799957275390625e+01
8.024520263671875000e+02
1.252465942382812500e+03
1.039017944335937500e+03
1.789779968261718750e+02
6.876459960937500000e+02
9.036000251770019531e+00
1.823990020751953125e+02
1.130921997070312500e+03
5.885000228881835938e+00
1.262318969726562500e+03
3.142999887466430664e+00
8.544999694824218750e+01
4.192229919433593750e+02
1.290299987792968750e+01
1.545958984375000000e+03
1.010830001831054688e+02
6.673999786376953125e+01
3.274200057983398438e+01
3.098000049591064453e+00
6.364979858398437500e+02
6.732800292968750000e+01
1.743739929199218750e+02
3.711999893188476562e+00
2.213999986648559570e+00
2.565999984741210938e+00
1.031633056640625000e+03
7.421500244140625000e+02
4.450010070800781250e+02
6.122000217437744141e+00
7.406149902343750000e+02
9.884700012207031250e+01
4.585999965667724609e+00
7.680449829101562500e+02
1.381710052490234375e+02
6.948999881744384766e+00
1.212649993896484375e+02
2.510209960937500000e+02
5.955999851226806641e+00
1.736750030517578125e+02
1.595520019531250000e+02
2.940409851074218750e+02
3.136119995117187500e+02
4.929000091552734375e+01
7.890100097656250000e+01
4.932000160217285156e+00
8.328000068664550781e+00
3.572390136718750000e+02
1.636920013427734375e+02
1.199100017547607422e+01
5.127600097656250000e+01
4.126999855041503906e+00
5.741699981689453125e+01
1.304429931640625000e+02
7.824999809265136719e+00
4.539799880981445312e+01
3.053999900817871094e+00
3.723000049591064453e+00
2.771239929199218750e+02
4.372319946289062500e+02
5.988999938964843750e+01
6.143000125885009766e+00
3.537400054931640625e+01
2.768199920654296875e+01
4.283999919891357422e+00
1.604100036621093750e+01
1.877400016784667969e+01
2.684499931335449219e+01
9.241760253906250000e+02
4.263000011444091797e+00
1.049000015258789062e+02
2.841000080108642578e+00
3.336870117187500000e+02
5.299240112304687500e+02
2.476250000000000000e+02
5.640430297851562500e+02
1.133270034790039062e+02
5.924700164794921875e+01
3.399487060546875000e+03
2.144000053405761719e+00
2.901000022888183594e+00
3.036035888671875000e+03
7.760520019531250000e+02
5.580980224609375000e+02
2.165299987792968750e+02
3.799700164794921875e+01
7.286370239257812500e+02
6.452500152587890625e+01
2.132940063476562500e+02
2.840320129394531250e+02
2.005509948730468750e+02
7.133999824523925781e+00
1.755950012207031250e+02
3.239500045776367188e+01
4.857999801635742188e+00
4.708389892578125000e+02
5.523099899291992188e+01
3.694379882812500000e+02
2.988670043945312500e+02
3.943000078201293945e+00
1.274499969482421875e+02
1.355130004882812500e+02
3.363700103759765625e+01
1.120780029296875000e+02
2.407000064849853516e+00
1.761999964714050293e+00
1.176689987182617188e+02
1.220220031738281250e+02
3.153039855957031250e+02
3.785289916992187500e+02
2.991189880371093750e+02
1.960119934082031250e+02
1.517890014648437500e+02
2.001779937744140625e+02
8.581140136718750000e+02
6.583569946289062500e+02
3.529600143432617188e+01
1.245300006866455078e+01
2.433000087738037109e+00
1.376139984130859375e+02
2.569999933242797852e+00
5.393399810791015625e+01
2.220400047302246094e+01
2.902250061035156250e+02
6.038000106811523438e+00
4.782000064849853516e+00
6.304999923706054688e+01
1.236261962890625000e+03
8.798100280761718750e+01
8.832059936523437500e+02
3.269900131225585938e+01
1.482100009918212891e+01
1.839555053710937500e+03
2.052199935913085938e+01
1.590799999237060547e+01
2.555780029296875000e+02
1.968899917602539062e+01
9.913000106811523438e+00
7.837999820709228516e+00
1.638066040039062500e+03
5.988999843597412109e+00
1.609300041198730469e+01
4.167300033569335938e+01
5.429999828338623047e+00
1.643000006675720215e+00
1.722299957275390625e+01
3.224999904632568359e+00
7.712819824218750000e+02
4.177999973297119141e+00
5.495089721679687500e+02
2.756999969482421875e+00
2.302749938964843750e+02
6.114970092773437500e+02
2.295000076293945312e+00
2.080619964599609375e+02
2.016166015625000000e+03
1.169000029563903809e+00
8.240000009536743164e-01
1.959426025390625000e+03
1.124599990844726562e+02
1.152299976348876953e+01
1.871080017089843750e+02
4.386999893188476562e+01
4.608399963378906250e+01
6.246569824218750000e+02
1.582371948242187500e+03
2.491260009765625000e+03
9.225729980468750000e+02
8.305720214843750000e+02
2.116580047607421875e+02
3.950199890136718750e+01
7.699700164794921875e+01
7.480880126953125000e+02
1.444400024414062500e+02
1.033432006835937500e+03
1.305999994277954102e+00
8.517999649047851562e+00
6.192999839782714844e+00
1.201809997558593750e+02
6.229000091552734375e+00
3.743500137329101562e+01
7.464900207519531250e+01
9.461000442504882812e+00
3.981200027465820312e+01
1.369515014648437500e+03
2.286999940872192383e+00
3.177845947265625000e+03
1.105202026367187500e+03
1.124309997558593750e+02
5.067489929199218750e+02
5.009769897460937500e+02
2.871709899902343750e+02
8.819899749755859375e+01
1.806699943542480469e+01
4.670299911499023438e+01
3.186350097656250000e+02
5.473199844360351562e+01
2.422100067138671875e+01
4.760699844360351562e+01
3.262099838256835938e+01
3.561319885253906250e+02
8.767999649047851562e+00
9.707260131835937500e+02
4.839500045776367188e+01
6.333000183105468750e+00
4.738940124511718750e+02
1.168939971923828125e+02
1.641699981689453125e+01
1.460260009765625000e+02
1.069776000976562500e+03
8.989099884033203125e+01
9.222100067138671875e+01
1.105265014648437500e+03
1.067005981445312500e+03
6.849999904632568359e+00
4.059999942779541016e+00
3.253599929809570312e+01
3.049070129394531250e+02
1.962660064697265625e+02
2.473200035095214844e+01
5.662200164794921875e+01
1.685440063476562500e+02
1.176529998779296875e+02
2.842000007629394531e+01
5.553999900817871094e+00
8.580640258789062500e+02
9.006820068359375000e+02
2.223999977111816406e+01
1.933300018310546875e+01
2.792000055313110352e+00
5.152799987792968750e+01
6.715100097656250000e+01
4.917420043945312500e+02
8.675999641418457031e+00
5.291199874877929688e+01
1.977799987792968750e+01
3.013959960937500000e+02
3.423000097274780273e+00
1.333395996093750000e+03
9.645300292968750000e+01
1.227299976348876953e+01
1.781719970703125000e+02
3.646799850463867188e+01
2.305999994277954102e+00
7.593499755859375000e+01
2.877199935913085938e+01
5.266600036621093750e+01
1.429579925537109375e+02
6.173289794921875000e+02
9.611000061035156250e+00
2.013916992187500000e+03
1.342599964141845703e+01
4.144000053405761719e+00
3.941600036621093750e+01
8.359739990234375000e+02
2.720400085449218750e+02
5.228300094604492188e+01
9.363300323486328125e+01
3.722690124511718750e+02
3.245299911499023438e+01
2.962199974060058594e+01
9.751799926757812500e+02
3.207699890136718750e+02
1.293520050048828125e+02
5.082099914550781250e+01
7.475150146484375000e+02
8.644799804687500000e+01
3.910799865722656250e+02
1.577429962158203125e+02
5.651000022888183594e+00
5.261700057983398438e+01
4.835000038146972656e+00
1.511079956054687500e+03
1.395927001953125000e+03
1.966600036621093750e+01
4.956189880371093750e+02
2.412599945068359375e+01
6.188850097656250000e+02
4.518000125885009766e+00
2.376950073242187500e+02
3.788880004882812500e+02
1.072659988403320312e+02
3.720199966430664062e+01
3.980499877929687500e+02
7.010700225830078125e+01
1.986349945068359375e+02
2.506000041961669922e+00
1.127729003906250000e+03
7.466400146484375000e+01
5.042659912109375000e+02
2.536000013351440430e+00
3.193569946289062500e+02
3.453999996185302734e+00
2.406060028076171875e+02
4.395679931640625000e+02
1.415410003662109375e+02
9.918000221252441406e+00
8.439999580383300781e+00
1.592755981445312500e+03
6.075150146484375000e+02
2.597520141601562500e+02
2.360400009155273438e+01
9.774700164794921875e+01
2.546999931335449219e+00
3.562560119628906250e+02
1.041300010681152344e+01
7.447999954223632812e+00
2.728689880371093750e+02
2.690900039672851562e+01
1.144710006713867188e+02
1.508487060546875000e+03
1.198567016601562500e+03
4.565440063476562500e+02
4.343940124511718750e+02
2.915500068664550781e+01
7.203090209960937500e+02
6.484000205993652344e+00
1.621100044250488281e+01
2.071599960327148438e+01
8.691640014648437500e+02
5.561899948120117188e+01
7.902999877929687500e+00
1.001799964904785156e+01
5.461100006103515625e+01
1.576500034332275391e+01
9.843999862670898438e+00
7.399000167846679688e+00
2.578729858398437500e+02
3.982000112533569336e+00
4.036399841308593750e+01
7.263000011444091797e+00
1.960600090026855469e+01
4.489999771118164062e+00
3.467609863281250000e+02
3.801010131835937500e+02
1.288300037384033203e+01
1.008199977874755859e+01
1.588319946289062500e+03
5.652999877929687500e+00
3.805499877929687500e+02
3.012959899902343750e+02
9.053999900817871094e+00
7.537910156250000000e+02
1.251900005340576172e+01
3.732879943847656250e+02
1.544859008789062500e+03
5.989420166015625000e+02
2.028000116348266602e+00
2.522140045166015625e+02
1.562600040435791016e+01
7.058799743652343750e+01
2.928000068664550781e+01
6.627910156250000000e+02
3.574140014648437500e+02
1.097089996337890625e+02
3.775889892578125000e+02
6.235400009155273438e+01
1.039899047851562500e+03
7.797299957275390625e+01
2.173000097274780273e+00
6.243399810791015625e+01
1.858499908447265625e+01
2.641500091552734375e+01
2.570899963378906250e+01
8.344599914550781250e+01
3.405400085449218750e+02
8.337390136718750000e+02
5.056900024414062500e+01
9.933399963378906250e+01
2.103139953613281250e+02
2.141999959945678711e+00
1.643710021972656250e+02
1.189270019531250000e+02
1.528590942382812500e+03
7.171749877929687500e+02
1.744499969482421875e+01
1.108699989318847656e+01
1.006000041961669922e+01
2.579230041503906250e+02
6.316099929809570312e+01
4.948120117187500000e+02
1.206673950195312500e+03
2.710999965667724609e+00
6.588980102539062500e+02
5.967000007629394531e+00
2.080100059509277344e+01
1.698130035400390625e+02
5.081999778747558594e+00
1.124400043487548828e+01
3.470740051269531250e+02
7.404799652099609375e+01
2.023284057617187500e+03
2.684799957275390625e+01
9.907479858398437500e+02
4.203829956054687500e+02
1.040400028228759766e+01
7.388000011444091797e+00
1.264109985351562500e+03
1.513000011444091797e+00
4.856090087890625000e+02
3.628999948501586914e+00
7.167360229492187500e+02
3.730999946594238281e+00
4.563000202178955078e+00
2.111349945068359375e+02
7.171999931335449219e+00
4.363999843597412109e+00
3.111000061035156250e+00
4.841839904785156250e+02
2.993000030517578125e+00
9.505000114440917969e+00
2.672400093078613281e+01
4.568099975585937500e+01
3.120580139160156250e+02
9.123610229492187500e+02
5.048999786376953125e+00
3.558000087738037109e+00
1.457100009918212891e+01
1.263246948242187500e+03
7.746399688720703125e+01
7.843999862670898438e+00
1.003067993164062500e+03
7.223999977111816406e+00
6.093299865722656250e+01
3.980599975585937500e+01
1.124840011596679688e+02
1.100999951362609863e+00
1.224929962158203125e+02
2.753670043945312500e+02
1.959700012207031250e+01
1.845540008544921875e+02
2.884469909667968750e+02
6.954100036621093750e+01
3.479000091552734375e+01
4.671000003814697266e+00
3.931999921798706055e+00
5.611030273437500000e+02
6.415469970703125000e+02
5.561999797821044922e+00
1.584000015258789062e+01
1.453220062255859375e+02
2.541464111328125000e+03
4.312229919433593750e+02
3.922399902343750000e+01
8.446999549865722656e+00
8.986799621582031250e+01
1.648266967773437500e+03
3.973999977111816406e+00
1.612123046875000000e+03
1.759270019531250000e+02
4.137900161743164062e+01
1.525468994140625000e+03
1.804299926757812500e+02
1.375899982452392578e+01
2.959561035156250000e+03
3.989410095214843750e+02
1.808789978027343750e+02
1.827700042724609375e+01
8.770300292968750000e+01
8.090000152587890625e-01
7.438000202178955078e+00
8.903600311279296875e+01
8.633400268554687500e+02
7.873419799804687500e+02
1.799989990234375000e+03
4.923999786376953125e+00
1.449699974060058594e+01
3.784400177001953125e+01
2.197233886718750000e+03
2.038000106811523438e+00
2.567659912109375000e+02
1.948000030517578125e+02
5.612300109863281250e+01
5.747000217437744141e+00
1.500000000000000000e+00
6.725800323486328125e+01
4.057909851074218750e+02
2.458300018310546875e+01
7.880000114440917969e+00
1.164546997070312500e+03
2.871789855957031250e+02
3.182619934082031250e+02
2.365999937057495117e+00
2.390249938964843750e+02
8.341799926757812500e+01
2.250169982910156250e+02
2.145999908447265625e+00
1.078349990844726562e+02
9.515599822998046875e+01
9.628299713134765625e+01
8.937999725341796875e+00
4.508120117187500000e+02
6.968999862670898438e+00
9.252899932861328125e+01
1.385958007812500000e+03
1.766150054931640625e+02
1.407422973632812500e+03
2.837899971008300781e+01
3.841000080108642578e+00
1.433569946289062500e+03
6.467000007629394531e+00
3.223529968261718750e+02
8.183159790039062500e+02
2.617000102996826172e+00
2.483470001220703125e+02
7.174039916992187500e+02
2.391820068359375000e+02
5.155869750976562500e+02
9.811929931640625000e+02
1.066330032348632812e+02
1.657100067138671875e+02
1.135088989257812500e+03
9.577329711914062500e+02
1.214308959960937500e+03
3.961820068359375000e+02
5.668299865722656250e+01
1.629429931640625000e+02
1.832089996337890625e+02
8.347899780273437500e+02
1.964380035400390625e+02
5.192999839782714844e+00
4.461500167846679688e+01
1.171000003814697266e+00
2.562999963760375977e+00
7.330999851226806641e+00
1.079199981689453125e+01
9.496399688720703125e+01
2.062910003662109375e+02
5.804999828338623047e+00
5.114999771118164062e+00
6.094699859619140625e+01
3.027080078125000000e+02
5.451770019531250000e+02
1.952999949455261230e+00
9.200800323486328125e+01
1.423282958984375000e+03
2.256900024414062500e+02
5.888599853515625000e+02
4.315999984741210938e+00
1.332790069580078125e+02
1.111412963867187500e+03
1.144680023193359375e+02
9.380999565124511719e+00
8.036000061035156250e+01
3.585000038146972656e+00
2.979500007629394531e+01
2.366430053710937500e+02
3.458269958496093750e+02
1.047287963867187500e+03
9.998999595642089844e+00
9.509459838867187500e+02
1.542000055313110352e+00
1.980500030517578125e+02
9.506999969482421875e+00
1.055343017578125000e+03
3.926800155639648438e+01
1.506360015869140625e+02
6.599940185546875000e+02
2.576619873046875000e+02
1.759270019531250000e+02
2.840350036621093750e+02
2.408382080078125000e+03
5.140780029296875000e+02
2.725900077819824219e+01
5.934299850463867188e+01
2.262800025939941406e+01
3.408999919891357422e+00
1.384999990463256836e+00
4.579600143432617188e+01
1.484682983398437500e+03
1.048450012207031250e+02
4.189400100708007812e+01
3.081579895019531250e+02
8.611829833984375000e+02
1.119042968750000000e+03
1.223999977111816406e+00
2.505200004577636719e+01
1.462600040435791016e+01
9.732670288085937500e+02
2.658999938964843750e+02
5.274100112915039062e+01
2.510079956054687500e+02
1.241869964599609375e+02
5.358610229492187500e+02
1.121999979019165039e+00
5.686999797821044922e+00
4.274000167846679688e+00
5.159299850463867188e+01
1.017929992675781250e+02
1.638395019531250000e+03
4.381999969482421875e+00
1.623999977111816406e+01
1.216070022583007812e+02
3.544200134277343750e+01
2.489980010986328125e+02
2.534424072265625000e+03
1.564299964904785156e+01
9.994000434875488281e+00
2.647100067138671875e+01
1.151500034332275391e+01
4.397070007324218750e+02
4.363000106811523438e+01
2.690200042724609375e+01
5.538000106811523438e+00
5.500999927520751953e+00
1.386100006103515625e+01
4.956999778747558594e+00
1.376040039062500000e+02
2.436899948120117188e+01
2.625000000000000000e+00
1.301109985351562500e+03
4.169729919433593750e+02
1.100723999023437500e+03
6.875000000000000000e+00
1.083629989624023438e+02
4.160559997558593750e+02
6.220800018310546875e+01
1.888000011444091797e+00
7.281600189208984375e+01
4.010031982421875000e+03
1.671699905395507812e+01
5.749810180664062500e+02
1.363009948730468750e+02
7.070689697265625000e+02
3.168199920654296875e+01
8.287000274658203125e+01
6.980000305175781250e+01
1.792720031738281250e+02
7.269000053405761719e+00
2.665033935546875000e+03
7.977719726562500000e+02
4.089479980468750000e+02
5.076200103759765625e+01
4.706040039062500000e+02
2.614769897460937500e+02
1.164900016784667969e+01
3.999809875488281250e+02
1.665500068664550781e+01
1.873000025749206543e+00
2.858000040054321289e+00
2.920100021362304688e+01
3.795549926757812500e+02
1.913769989013671875e+02
1.288509979248046875e+02
2.334730072021484375e+02
3.555400085449218750e+01
1.501770019531250000e+02
1.581139984130859375e+02
3.710400085449218750e+02
4.132899856567382812e+01
1.728213989257812500e+03
1.670460052490234375e+02
4.486449890136718750e+02
1.001399993896484375e+01
7.062089843750000000e+02
2.164999961853027344e+00
1.076399993896484375e+01
3.921599960327148438e+01
5.173759765625000000e+02
1.070419998168945312e+02
1.755047973632812500e+03
2.949690917968750000e+03
1.052499961853027344e+01
2.521280059814453125e+02
4.534999847412109375e+00
1.226110000610351562e+02
4.546940002441406250e+02
2.808630065917968750e+02
1.078119018554687500e+03
9.208839721679687500e+02
3.775400161743164062e+01
1.603959960937500000e+02
4.149920043945312500e+02
1.591072998046875000e+03
1.032036010742187500e+03
7.605300140380859375e+01
5.335089721679687500e+02
1.009916992187500000e+03
1.136616943359375000e+03
8.844799804687500000e+01
1.254081054687500000e+03
2.664100036621093750e+02
2.976600074768066406e+01
4.429999828338623047e+00
1.915180053710937500e+02
1.537040039062500000e+03
3.133240051269531250e+02
1.790900039672851562e+01
3.083930053710937500e+02
4.161069946289062500e+02
4.362090148925781250e+02
4.150090026855468750e+02
1.680400085449218750e+01
3.839300155639648438e+01
3.082699966430664062e+01
1.376900005340576172e+01
4.133700180053710938e+01
3.307699966430664062e+01
2.867200088500976562e+01
1.155077026367187500e+03
6.551200103759765625e+01
6.034219970703125000e+02
9.921499633789062500e+01
4.407000064849853516e+00
3.625999927520751953e+00
2.703030090332031250e+02
4.712999820709228516e+00
8.562000274658203125e+01
2.643599853515625000e+02
3.448099899291992188e+01
1.951629943847656250e+02
1.712999916076660156e+01
8.349999785423278809e-01
1.310478027343750000e+03
1.009877990722656250e+03
9.256500244140625000e+01
1.171489013671875000e+03
1.726999969482421875e+02
5.790999889373779297e+00
2.966500091552734375e+01
1.562999963760375977e+00
9.455159912109375000e+02
2.020999908447265625e+00
1.946199989318847656e+01
2.258099937438964844e+01
4.362599945068359375e+01
1.121441040039062500e+03
2.440509948730468750e+02
8.740170288085937500e+02
1.308200073242187500e+02
6.379580078125000000e+02
1.886280059814453125e+02
3.460999965667724609e+00
6.678199768066406250e+01
3.838070068359375000e+02
1.063932006835937500e+03
5.479000091552734375e+00
1.667000007629394531e+01
1.155270004272460938e+02
2.625300025939941406e+01
1.181470031738281250e+02
9.792400360107421875e+01
4.118299865722656250e+01
1.087092041015625000e+03
5.835999965667724609e+00
7.445000171661376953e+00
6.129600219726562500e+02
1.217170028686523438e+02
2.816999912261962891e+00
3.802000045776367188e+00
1.160149993896484375e+02
1.108156005859375000e+03
3.176700019836425781e+01
7.316999912261962891e+00
6.608660278320312500e+02
2.771789855957031250e+02
3.839429931640625000e+02
3.532479858398437500e+02
1.867830047607421875e+02
4.565440063476562500e+02
2.458939971923828125e+02
3.905427978515625000e+03
1.412899971008300781e+01
8.905100250244140625e+01
4.895020141601562500e+02
3.015090026855468750e+02
4.668700027465820312e+01
7.416899871826171875e+01
3.315000057220458984e+00
9.505260009765625000e+02
2.562999963760375977e+00
3.079999923706054688e+00
1.630570068359375000e+02
3.473199844360351562e+01
4.102000236511230469e+00
4.118739929199218750e+02
3.469000101089477539e+00
2.111230010986328125e+02
1.659999966621398926e+00
3.891950073242187500e+02
4.117900085449218750e+01
2.866500091552734375e+01
2.817099952697753906e+01
5.123099899291992188e+01
5.006340026855468750e+02
1.242072021484375000e+03
3.848899841308593750e+01
1.508999943733215332e+00
5.048999786376953125e+00
6.214699935913085938e+01
7.586999893188476562e+00
4.255799865722656250e+01
1.069749984741210938e+02
1.973000049591064453e+00
2.077300071716308594e+01
8.387760009765625000e+02
6.101200103759765625e+01
8.231500244140625000e+01
1.365330047607421875e+02
5.482199859619140625e+01
1.794499969482421875e+01
3.889599990844726562e+01
8.392999649047851562e+00
7.142000198364257812e+00
3.042000055313110352e+00
1.202824951171875000e+03
2.030500030517578125e+01
3.324855957031250000e+03
1.651000022888183594e+00
5.200380249023437500e+02
8.102999687194824219e+00
8.109200286865234375e+01
1.966479949951171875e+02
2.793410034179687500e+02
7.013999938964843750e+00
2.771400070190429688e+01
2.910509948730468750e+02
