9.103042500000000000e+05
5.211504500000000000e+06
7.907960205078125000e+02
3.301227500000000000e+06
3.068295937500000000e+05
7.694679000000000000e+06
1.147378437500000000e+05
3.812049865722656250e+02
5.044552000000000000e+06
1.407549000000000000e+07
2.453068600000000000e+07
2.204462695312500000e+04
8.040049375000000000e+05
2.459699250000000000e+06
1.131391750000000000e+06
6.790777343750000000e+04
2.099400878906250000e+03
2.456892382812500000e+04
5.617012000000000000e+06
1.402237187500000000e+05
5.300718000000000000e+06
6.259197000000000000e+06
2.573351562500000000e+04
1.470500781250000000e+05
1.416578437500000000e+05
6.133425500000000000e+06
2.407129974365234375e+02
4.189359863281250000e+03
2.301349121093750000e+03
1.993007343750000000e+05
3.600565234375000000e+04
5.667823437500000000e+04
9.901170000000000000e+05
1.010151718750000000e+05
2.133522500000000000e+06
4.977505937500000000e+05
1.777431835937500000e+04
4.014953125000000000e+05
2.565091000000000000e+07
2.154274200000000000e+07
8.069699859619140625e+01
1.114762939453125000e+03
7.474009500000000000e+06
5.868643125000000000e+05
4.821750000000000000e+04
7.307692187500000000e+04
1.784435250000000000e+06
7.159505000000000000e+05
1.297624687500000000e+05
3.207235107421875000e+03
1.979784200000000000e+07
3.421431500000000000e+06
3.627696500000000000e+06
2.220078000000000000e+06
6.050674500000000000e+06
3.545690750000000000e+06
3.548660000000000000e+05
1.699458250000000000e+06
5.088184000000000000e+06
3.150769531250000000e+04
5.218311718750000000e+04
2.573222656250000000e+04
6.854110107421875000e+02
1.032287000000000000e+07
2.609636523437500000e+04
4.095763281250000000e+04
4.396055468750000000e+04
8.309217187500000000e+04
9.168710937500000000e+03
3.411819250000000000e+06
3.877442968750000000e+04
3.399649902343750000e+03
1.609034700000000000e+07
5.055856562500000000e+05
2.905769958496093750e+02
2.523253000000000000e+06
3.008242500000000000e+05
1.078307875000000000e+06
7.039687500000000000e+05
1.155592375000000000e+06
9.814541000000000000e+06
1.971013281250000000e+05
1.145944140625000000e+05
3.726226000000000000e+07
9.257777000000000000e+06
8.320773125000000000e+05
1.459827375000000000e+06
3.015059082031250000e+03
2.897116000000000000e+07
7.175771000000000000e+06
1.441398200000000000e+07
6.078146484375000000e+04
3.303415000000000000e+06
1.580022187500000000e+05
3.077308000000000000e+06
1.202004492187500000e+04
6.121442500000000000e+05
1.226227875000000000e+06
3.164488671875000000e+04
2.759012695312500000e+04
7.043179931640625000e+02
1.026614125000000000e+06
4.176510546875000000e+04
2.600857400000000000e+07
2.271837500000000000e+06
8.179915625000000000e+05
3.025031000000000000e+06
1.089595625000000000e+06
3.477911328125000000e+04
4.345451500000000000e+06
1.804252734375000000e+04
2.744575927734375000e+03
2.955807812500000000e+04
1.249423375000000000e+06
2.522414062500000000e+05
6.301329375000000000e+05
4.474396000000000000e+06
7.771976500000000000e+06
1.275732875000000000e+06
3.524476875000000000e+05
1.267535300000000000e+07
1.145072998046875000e+03
4.515547500000000000e+06
4.181800781250000000e+03
8.724622500000000000e+05
3.329408250000000000e+06
3.878196250000000000e+05
4.043133056640625000e+03
2.110134531250000000e+05
1.688084400000000000e+07
2.479908500000000000e+06
3.099957031250000000e+03
2.340742812500000000e+05
6.669363769531250000e+03
2.510520781250000000e+05
3.036817250000000000e+06
6.499147500000000000e+05
1.128255175781250000e+04
8.948200073242187500e+02
1.937843250000000000e+06
1.213865078125000000e+05
6.175700000000000000e+06
9.819012695312500000e+03
5.620498750000000000e+05
2.077213500000000000e+06
1.853311125000000000e+06
2.714765312500000000e+05
8.883331000000000000e+06
4.751086328125000000e+04
6.123037109375000000e+03
1.020807100000000000e+07
1.001352687500000000e+06
4.526056250000000000e+05
3.529058750000000000e+06
9.638319702148437500e+02
1.284405900000000000e+07
4.481713125000000000e+05
2.015994800000000000e+07
8.818684570312500000e+03
2.865561875000000000e+05
1.338587875000000000e+06
3.229649963378906250e+02
9.886506000000000000e+06
9.356526875000000000e+05
7.247732500000000000e+05
1.329733100000000000e+07
1.503353906250000000e+05
5.520471000000000000e+06
3.387449500000000000e+06
1.135943700000000000e+07
7.784461914062500000e+03
3.974851000000000000e+06
1.826695625000000000e+06
2.310407226562500000e+04
6.566742500000000000e+06
5.785772000000000000e+06
7.820471093750000000e+04
1.076078125000000000e+04
3.196658000000000000e+06
1.129991562500000000e+05
1.253890014648437500e+03
3.106749250000000000e+06
4.031824750000000000e+06
2.169944600000000000e+07
2.478503200000000000e+07
1.491893906250000000e+05
4.947630004882812500e+02
3.271990400000000000e+07
6.472871000000000000e+06
1.823422600000000000e+07
1.116938875000000000e+06
4.509176562500000000e+04
4.298246093750000000e+03
3.098814600000000000e+07
1.567641967773437500e+03
1.855768906250000000e+05
4.294400024414062500e+01
4.542420000000000000e+06
1.729223875000000000e+06
1.236254028320312500e+03
1.477697021484375000e+03
8.062211250000000000e+05
2.952588750000000000e+05
8.096307128906250000e+03
3.235000781250000000e+04
1.755801750000000000e+06
2.241540250000000000e+06
7.769773437500000000e+04
2.027150390625000000e+04
1.422013125000000000e+06
3.479820068359375000e+03
6.524818750000000000e+05
3.093060500000000000e+06
1.195623400000000000e+07
5.049005859375000000e+04
5.804090625000000000e+04
1.197333007812500000e+04
6.433591250000000000e+05
6.378043000000000000e+06
1.028796020507812500e+03
1.277244100000000000e+07
2.395428400000000000e+07
3.301846875000000000e+05
9.592280273437500000e+03
2.305377750000000000e+06
1.071461230468750000e+04
1.191772949218750000e+03
5.056076953125000000e+04
1.192182250000000000e+06
5.226552500000000000e+06
3.600545312500000000e+05
5.949900054931640625e+01
2.393299531250000000e+05
2.123535500000000000e+06
1.024108800000000000e+07
1.010446187500000000e+06
8.102166015625000000e+03
2.841856750000000000e+06
3.354655500000000000e+06
1.813927812500000000e+05
1.646881600000000000e+07
3.746329500000000000e+06
4.877442500000000000e+06
2.372870156250000000e+05
1.308714000000000000e+06
1.128892500000000000e+07
2.874000500000000000e+06
1.346774100000000000e+07
6.812462000000000000e+06
1.532366308593750000e+04
7.269393066406250000e+03
7.741496875000000000e+05
6.395414062500000000e+03
9.559335000000000000e+05
5.469295625000000000e+05
1.129316601562500000e+04
3.195059765625000000e+04
5.238741500000000000e+06
5.418156640625000000e+04
1.076478125000000000e+06
7.785794000000000000e+06
4.345234765625000000e+04
5.517252500000000000e+06
6.009210937500000000e+03
2.776226875000000000e+05
4.384493164062500000e+03
5.973260937500000000e+04
5.145950000000000000e+04
2.336369200000000000e+07
2.179100500000000000e+06
2.117895400000000000e+07
1.590492656250000000e+05
4.326509765625000000e+04
1.495233500000000000e+07
2.740421562500000000e+05
4.925536500000000000e+06
3.753916015625000000e+04
3.494408593750000000e+04
1.803964750000000000e+06
3.886631875000000000e+05
5.753113769531250000e+03
6.254700625000000000e+05
2.245745000000000000e+05
1.211439700000000000e+07
9.085600000000000000e+06
5.648933500000000000e+06
5.343692000000000000e+06
3.594161250000000000e+06
3.171523925781250000e+03
1.762643625000000000e+06
9.465516250000000000e+05
1.794950156250000000e+05
1.709602656250000000e+05
3.864226250000000000e+05
2.379761132812500000e+04
2.485189257812500000e+04
1.267222375000000000e+06
3.293023125000000000e+05
4.104370117187500000e+03
4.467759000000000000e+06
5.014735937500000000e+05
5.139950625000000000e+05
8.845865000000000000e+05
8.081338500000000000e+06
5.494990000000000000e+06
9.710340000000000000e+06
3.970225097656250000e+03
1.903270000000000000e+05
7.738091250000000000e+05
1.165985546875000000e+04
1.795962600000000000e+07
7.735234375000000000e+05
3.177239843750000000e+04
2.773934082031250000e+03
4.427003906250000000e+03
1.810880000000000000e+06
1.948051000000000000e+07
7.974503125000000000e+05
7.225293500000000000e+06
2.395867382812500000e+04
2.597404250000000000e+06
6.046563281250000000e+04
1.174485937500000000e+05
2.749569000000000000e+07
9.970323000000000000e+06
2.192443115234375000e+03
1.809090125000000000e+06
5.723651855468750000e+03
5.261186000000000000e+06
5.229130078125000000e+04
5.379212500000000000e+06
2.787940400000000000e+07
4.681424000000000000e+06
1.040646386718750000e+04
1.522306875000000000e+06
2.446598000000000000e+06
4.567073500000000000e+06
2.239768437500000000e+05
4.630285500000000000e+06
8.035443500000000000e+06
7.268073750000000000e+05
1.799871000000000000e+07
8.641463750000000000e+05
2.563696093750000000e+05
1.074611171875000000e+05
1.921257031250000000e+04
3.345137187500000000e+05
6.100520800000000000e+07
6.629403500000000000e+06
1.725244500000000000e+06
1.874983125000000000e+06
1.904019140625000000e+04
1.204776074218750000e+04
2.259219375000000000e+05
1.675617125000000000e+06
2.548367343750000000e+05
6.793355000000000000e+05
3.314640250000000000e+06
4.054111083984375000e+03
1.921099531250000000e+05
1.147099500000000000e+06
3.799758056640625000e+03
3.575783000000000000e+06
4.229670312500000000e+05
5.620614000000000000e+06
5.331690500000000000e+06
6.341583000000000000e+06
7.099610625000000000e+05
1.174551875000000000e+06
1.604778300000000000e+07
4.652072500000000000e+05
1.372324800000000000e+07
1.054832421875000000e+05
6.846664843750000000e+04
1.082116000000000000e+06
1.655491875000000000e+05
4.527806562500000000e+05
5.147802812500000000e+05
1.616114750000000000e+06
4.717482421875000000e+04
6.875583000000000000e+06
8.652676757812500000e+03
1.338925200000000000e+07
1.971930200000000000e+07
4.977757000000000000e+06
4.357807000000000000e+06
7.355013500000000000e+06
5.592430078125000000e+04
9.732782000000000000e+06
4.440925390625000000e+04
5.863076250000000000e+05
1.001831700000000000e+07
5.470175000000000000e+05
2.264087890625000000e+03
4.964490051269531250e+02
6.649946500000000000e+06
3.375065917968750000e+03
3.610353906250000000e+04
1.112882750000000000e+06
2.001173750000000000e+05
4.374828000000000000e+06
2.658611718750000000e+04
1.676189687500000000e+05
5.961224375000000000e+05
1.705015820312500000e+04
2.280847070312500000e+04
5.169242187500000000e+05
5.864601875000000000e+05
2.088933500000000000e+06
7.384710500000000000e+06
1.961398400000000000e+07
1.251484900000000000e+07
4.489429687500000000e+05
2.067763875000000000e+06
2.005078281250000000e+05
1.154270019531250000e+03
6.439169921875000000e+02
6.108202500000000000e+06
1.486621875000000000e+05
1.287496100000000000e+07
1.389178906250000000e+04
1.608098999023437500e+03
2.362110107421875000e+03
8.121950073242187500e+02
3.585375937500000000e+05
5.222040000000000000e+06
5.165645996093750000e+03
8.811001250000000000e+05
1.352730250000000000e+06
3.569590250000000000e+06
5.679566800000000000e+07
1.454586562500000000e+05
2.183583000000000000e+06
2.096981718750000000e+05
2.516638125000000000e+05
2.444618359375000000e+04
4.055510937500000000e+04
4.204963867187500000e+03
8.825319375000000000e+05
8.265852539062500000e+03
3.625148750000000000e+05
8.934820625000000000e+05
7.330461500000000000e+06
2.135678955078125000e+03
7.100941875000000000e+05
3.745894000000000000e+06
2.958118359375000000e+04
8.927662000000000000e+06
1.068643066406250000e+04
1.224766300000000000e+07
4.063178750000000000e+06
3.770311500000000000e+06
2.148838000000000000e+07
4.421836914062500000e+03
6.868826500000000000e+06
1.065137011718750000e+04
3.080217187500000000e+05
1.436873700000000000e+07
1.716735125000000000e+06
7.471600341796875000e+01
1.992970000000000000e+05
6.127266250000000000e+05
1.053321100000000000e+07
6.040729000000000000e+06
3.133501953125000000e+03
5.001256640625000000e+04
8.418675625000000000e+05
6.262027500000000000e+05
2.853922119140625000e+03
1.141657100000000000e+07
4.696841500000000000e+06
9.146450625000000000e+05
8.479898000000000000e+06
1.256901800000000000e+07
9.144346875000000000e+05
8.665224609375000000e+03
1.660562988281250000e+03
2.760646600000000000e+07
1.024427312500000000e+06
3.834821044921875000e+03
1.251683125000000000e+05
1.004308100000000000e+07
1.391549375000000000e+06
8.844347000000000000e+06
4.899220214843750000e+03
4.769456000000000000e+06
1.186380000000000000e+07
4.670169000000000000e+06
6.758655625000000000e+05
1.595757500000000000e+05
2.682810937500000000e+04
3.191691601562500000e+04
6.558092773437500000e+03
6.832971250000000000e+05
2.568901500000000000e+06
3.530264750000000000e+06
1.075510025024414062e+02
9.248585000000000000e+06
5.262137000000000000e+06
5.629056250000000000e+05
3.659717600000000000e+07
7.817443500000000000e+06
2.197036000000000000e+06
7.939273125000000000e+05
2.982384000000000000e+06
5.246749500000000000e+06
7.656395019531250000e+03
1.479160375000000000e+06
2.348208281250000000e+05
1.157770125000000000e+06
1.811947265625000000e+04
8.110612792968750000e+03
2.593166992187500000e+03
8.964370000000000000e+05
9.125919375000000000e+05
8.569418125000000000e+05
2.864382421875000000e+04
2.563604003906250000e+03
3.647271484375000000e+04
1.328544500000000000e+06
4.723999977111816406e+00
3.119118896484375000e+03
1.675190468750000000e+05
5.878753000000000000e+06
4.627838437500000000e+05
9.458653320312500000e+03
1.987336718750000000e+05
8.211582500000000000e+06
5.582035156250000000e+04
7.189654375000000000e+05
7.335532500000000000e+06
8.229409375000000000e+04
4.369531562500000000e+05
1.950058593750000000e+04
1.649677125000000000e+06
3.334069531250000000e+04
3.070910250000000000e+06
1.264622968750000000e+05
1.794519500000000000e+06
6.144851250000000000e+05
1.499018375000000000e+06
3.784043000000000000e+06
5.909433000000000000e+06
6.491003125000000000e+05
5.574249500000000000e+06
1.566868125000000000e+05
1.515868500000000000e+06
1.845201625000000000e+06
1.796198000000000000e+06
7.918309936523437500e+02
3.731600097656250000e+03
4.069716875000000000e+05
6.605798750000000000e+05
4.518286000000000000e+06
2.388515468750000000e+05
9.274951171875000000e+03
9.818283000000000000e+06
5.558348500000000000e+06
7.996450625000000000e+05
3.317466500000000000e+06
1.014141000000000000e+07
4.234237500000000000e+05
1.464135009765625000e+03
2.432490000000000000e+07
1.787179600000000000e+07
2.211404400000000000e+07
1.002619200000000000e+07
5.206544921875000000e+04
1.925579750000000000e+06
2.523375750000000000e+06
3.699364013671875000e+03
6.866530000000000000e+05
4.406901000000000000e+06
5.005454296875000000e+04
9.390654000000000000e+06
3.683820312500000000e+05
3.906170043945312500e+02
3.108447187500000000e+05
3.248768250000000000e+06
4.892102000000000000e+06
3.796815234375000000e+04
9.600935000000000000e+06
4.292782226562500000e+03
1.102989300000000000e+07
1.145481400000000000e+07
1.267285644531250000e+04
1.434754843750000000e+05
6.275325000000000000e+04
3.589592750000000000e+06
9.755768750000000000e+04
5.653347500000000000e+05
9.658380126953125000e+02
1.320024121093750000e+04
1.920343017578125000e+03
1.659180312500000000e+05
2.090685125000000000e+06
1.478837304687500000e+04
4.289020000000000000e+06
5.730246875000000000e+04
1.903265500000000000e+06
6.277276562500000000e+04
6.610121093750000000e+03
1.333476093750000000e+05
1.175737060546875000e+03
9.045229375000000000e+05
2.900825625000000000e+05
5.409310302734375000e+02
1.161200468750000000e+05
9.572550048828125000e+02
2.772582187500000000e+05
1.441031400000000000e+07
3.786654750000000000e+06
6.928355500000000000e+06
2.364088800000000000e+07
1.535906000000000000e+06
1.153088828125000000e+05
4.190306750000000000e+06
1.202397875000000000e+06
4.793169860839843750e+02
1.184335800000000000e+07
2.896044000000000000e+06
1.314129394531250000e+04
7.266906875000000000e+05
1.602813875000000000e+06
7.204091406250000000e+04
9.133087000000000000e+06
6.167844375000000000e+05
2.327787400000000000e+07
1.442887402343750000e+04
3.929010625000000000e+05
3.189044531250000000e+04
2.077426875000000000e+06
1.578521093750000000e+05
3.789695312500000000e+04
4.679339904785156250e+02
3.366874375000000000e+05
5.705052734375000000e+04
1.462787963867187500e+03
6.377420043945312500e+02
3.976878250000000000e+06
2.971084062500000000e+05
2.290872500000000000e+05
5.242934375000000000e+05
6.638656500000000000e+06
1.593006125000000000e+06
1.293395900000000000e+07
2.391890625000000000e+05
1.361014125000000000e+06
7.012812988281250000e+03
8.118290000000000000e+05
2.476623250000000000e+06
7.843380625000000000e+05
3.695554750000000000e+06
9.939092000000000000e+06
1.465195625000000000e+06
1.438165375000000000e+06
6.391341796875000000e+04
1.209180859375000000e+04
4.442478500000000000e+06
5.407236500000000000e+06
6.434643066406250000e+03
4.974157000000000000e+06
9.681663750000000000e+05
3.769100189208984375e+01
1.348248500000000000e+07
4.452899932861328125e+01
2.153681406250000000e+05
1.520844125000000000e+06
2.333387812500000000e+05
8.470801000000000000e+06
1.382733875000000000e+06
1.209052600000000000e+07
2.197120507812500000e+04
3.972170500000000000e+06
1.408490937500000000e+05
5.493504000000000000e+06
1.340994800000000000e+07
6.618394531250000000e+04
2.210825750000000000e+06
5.671999000000000000e+06
1.099755500000000000e+07
2.143650250000000000e+06
3.746070312500000000e+05
5.465216250000000000e+05
2.962363281250000000e+04
1.746723625000000000e+06
1.294263281250000000e+05
4.553078515625000000e+04
5.970401562500000000e+04
1.054170859375000000e+05
2.180941250000000000e+05
5.794539794921875000e+02
4.528276000000000000e+06
2.869410625000000000e+05
1.228859921875000000e+05
1.745904687500000000e+05
1.627885009765625000e+03
6.615706250000000000e+04
6.572550625000000000e+05
1.685458000000000000e+07
1.138324609375000000e+05
2.503956000000000000e+07
3.029244062500000000e+05
4.845922851562500000e+03
5.213054375000000000e+05
3.093841000000000000e+06
5.829867000000000000e+06
3.929850390625000000e+04
8.919091000000000000e+06
1.837964125000000000e+06
1.158846200000000000e+07
2.775136000000000000e+07
9.487364375000000000e+05
9.011147500000000000e+05
4.538252500000000000e+05
6.144490000000000000e+05
2.621164648437500000e+04
3.762691250000000000e+05
8.941133000000000000e+06
2.382614600000000000e+07
3.990869062500000000e+05
1.036683750000000000e+06
1.622692187500000000e+05
1.583997625000000000e+06
4.062735546875000000e+04
3.935757080078125000e+03
5.501248437500000000e+04
3.784429750000000000e+06
2.557770019531250000e+03
3.512690500000000000e+06
1.910398200000000000e+07
2.800260000000000000e+06
7.152022500000000000e+06
3.765819375000000000e+05
1.368920043945312500e+03
5.313563671875000000e+04
5.228820625000000000e+05
6.464621500000000000e+06
4.056123828125000000e+04
3.747635250000000000e+06
7.833110625000000000e+05
3.721169921875000000e+03
9.451158750000000000e+05
2.422158000000000000e+07
6.746054687500000000e+04
1.775853710937500000e+04
5.345266500000000000e+06
4.533323046875000000e+04
2.337042968750000000e+05
6.432495000000000000e+06
2.900459687500000000e+05
5.520446000000000000e+06
2.224272000000000000e+06
2.177115000000000000e+07
1.518605312500000000e+05
7.617505468750000000e+04
8.956832031250000000e+04
4.041445625000000000e+05
5.886432000000000000e+06
1.692268625000000000e+06
1.248148500000000000e+06
8.495200347900390625e+01
7.753954000000000000e+06
3.688120117187500000e+02
3.574924687500000000e+05
6.035779375000000000e+05
5.799245117187500000e+03
5.485232500000000000e+06
3.088566250000000000e+05
1.206605566406250000e+04
8.516535000000000000e+06
2.134341250000000000e+05
4.724983437500000000e+05
6.649853000000000000e+06
1.514670781250000000e+05
8.906888671875000000e+03
6.020310500000000000e+06
1.330610300000000000e+07
6.349440917968750000e+03
4.056299972534179688e+01
1.506362250000000000e+06
3.251191796875000000e+04
5.831769921875000000e+04
1.124778750000000000e+06
1.679935742187500000e+04
3.319603750000000000e+06
2.447403076171875000e+03
5.748673828125000000e+03
5.277628125000000000e+04
6.461464500000000000e+06
1.187385986328125000e+03
3.599960250000000000e+06
6.385298046875000000e+04
2.826460937500000000e+04
3.138753000000000000e+06
3.371934062500000000e+05
3.208761562500000000e+05
8.540865625000000000e+04
6.108908500000000000e+06
7.575653125000000000e+05
2.070296875000000000e+05
8.353273125000000000e+05
5.068593125000000000e+05
4.372773500000000000e+06
1.180435900000000000e+07
2.204601250000000000e+06
2.750500250000000000e+06
2.865313671875000000e+04
2.902684765625000000e+04
1.184215000000000000e+06
1.455433437500000000e+05
1.854980664062500000e+04
7.367179500000000000e+06
6.799859375000000000e+05
1.533466562500000000e+05
3.339685800000000000e+07
6.785447500000000000e+06
3.029919500000000000e+06
5.102872656250000000e+04
2.787528076171875000e+03
1.520089257812500000e+04
1.234016967773437500e+03
3.176596562500000000e+05
8.646280625000000000e+05
2.414339000000000000e+06
4.975493500000000000e+06
8.021556500000000000e+06
1.891128000000000000e+06
7.288936718750000000e+04
9.785215625000000000e+04
5.148774609375000000e+04
4.691251953125000000e+03
9.723880000000000000e+05
7.321567968750000000e+04
3.078775625000000000e+05
8.831784375000000000e+04
1.929729500000000000e+06
2.629665750000000000e+06
2.495435058593750000e+03
3.029311132812500000e+04
3.394108000000000000e+06
3.419741250000000000e+05
2.830647070312500000e+04
2.223490250000000000e+06
4.046506000000000000e+06
1.237730026245117188e+02
1.014949000000000000e+07
2.394844062500000000e+05
2.163752656250000000e+05
2.197292968750000000e+04
1.067624900000000000e+07
1.019370000000000000e+06
3.002642500000000000e+05
4.047381640625000000e+04
5.262978750000000000e+05
1.465311625000000000e+06
1.036691894531250000e+04
6.509584765625000000e+04
4.166537109375000000e+04
9.167407000000000000e+06
1.527050468750000000e+05
3.428115937500000000e+05
5.114413500000000000e+06
6.310840820312500000e+03
4.792039062500000000e+05
3.622507500000000000e+05
1.999060000000000000e+07
1.402383625000000000e+06
5.809382500000000000e+06
3.934739500000000000e+06
2.193415039062500000e+04
2.809554931640625000e+03
4.287316562500000000e+05
9.542675781250000000e+04
8.214165625000000000e+05
9.235063750000000000e+05
4.921491406250000000e+04
1.492005625000000000e+05
5.630778000000000000e+06
1.645439400000000000e+07
1.276517125000000000e+06
6.751361875000000000e+05
1.000328900000000000e+07
1.211468017578125000e+03
1.181725875000000000e+06
1.460152375000000000e+06
8.571074218750000000e+03
1.372821400000000000e+07
4.402980937500000000e+05
6.858197000000000000e+06
1.296417578125000000e+05
2.601256445312500000e+04
1.364678710937500000e+04
4.927794687500000000e+05
1.996450468750000000e+05
8.189395625000000000e+05
2.895282187500000000e+05
8.021069500000000000e+06
2.776691250000000000e+05
1.197496093750000000e+05
4.935846500000000000e+06
1.073444625000000000e+06
1.152860400000000000e+07
2.221635200000000000e+07
4.400821500000000000e+06
6.398540039062500000e+03
2.262585750000000000e+06
2.532987250000000000e+06
1.162082968750000000e+05
8.467333125000000000e+05
8.526510000000000000e+06
6.160539500000000000e+06
5.419221500000000000e+06
2.724657250000000000e+06
2.748710742187500000e+04
4.374903500000000000e+06
4.007871875000000000e+05
2.966519500000000000e+06
4.060039453125000000e+04
2.633027539062500000e+04
4.355055078125000000e+04
5.216747500000000000e+05
2.273080500000000000e+06
5.433913125000000000e+05
4.377150625000000000e+05
1.870629843750000000e+05
1.004479900000000000e+07
2.106915500000000000e+06
6.243860000000000000e+06
1.996713012695312500e+03
2.733321289062500000e+04
9.284692000000000000e+06
7.708752929687500000e+03
6.483133984375000000e+04
3.000235000000000000e+05
5.891069000000000000e+06
2.325730400000000000e+07
2.581068750000000000e+04
1.089021000000000000e+06
6.096346191406250000e+03
1.090460125000000000e+06
1.799133500000000000e+06
9.161827500000000000e+05
2.239491750000000000e+06
2.518229003906250000e+03
4.734782187500000000e+05
8.883877343750000000e+04
4.411045937500000000e+05
3.589914062500000000e+03
1.792411000000000000e+06
1.296553281250000000e+05
9.915332000000000000e+06
2.011095625000000000e+06
1.087650585937500000e+04
4.242393066406250000e+03
2.158104843750000000e+05
2.962673750000000000e+05
3.446948000000000000e+06
1.402654500000000000e+06
4.846836328125000000e+04
8.884274414062500000e+03
9.352677000000000000e+06
2.251675048828125000e+03
6.606906250000000000e+04
3.174482500000000000e+05
2.341272250000000000e+06
6.632406500000000000e+06
2.738149902343750000e+03
5.413081250000000000e+05
1.866254125000000000e+06
5.780517187500000000e+04
1.373922125000000000e+06
1.768091500000000000e+06
1.067362900000000000e+07
1.966390250000000000e+06
4.257453500000000000e+06
8.986061000000000000e+06
1.511960250000000000e+06
8.262125000000000000e+04
1.680056000000000000e+07
1.695705312500000000e+05
3.146312500000000000e+05
1.101726500000000000e+07
3.446475312500000000e+05
6.650050000000000000e+04
6.145468750000000000e+05
2.327041250000000000e+06
2.075616406250000000e+04
5.379676757812500000e+03
2.482684800000000000e+07
8.774990234375000000e+02
8.714083000000000000e+06
1.351766601562500000e+04
3.438550000000000000e+07
2.919290250000000000e+06
6.456450195312500000e+02
1.157057983398437500e+03
1.503772363281250000e+04
5.280365625000000000e+05
3.074499375000000000e+05
