4.056804687500000000e+04
2.706121093750000000e+03
1.696937988281250000e+03
1.557199902343750000e+04
8.955399780273437500e+02
1.169079971313476562e+02
2.354669952392578125e+02
4.144360937500000000e+04
3.224931562500000000e+05
5.833775878906250000e+03
5.938755859375000000e+03
3.698631250000000000e+04
3.027289257812500000e+04
3.963533000000000000e+06
1.689063875000000000e+06
1.523322021484375000e+03
7.720099639892578125e+01
1.392913183593750000e+04
7.928882812500000000e+03
1.319691796875000000e+04
1.764833984375000000e+03
1.934790039062500000e+02
1.069081562500000000e+05
1.663464965820312500e+03
2.353280029296875000e+02
8.678279375000000000e+05
4.865421875000000000e+04
3.988009033203125000e+03
2.464737250000000000e+06
2.644547750000000000e+06
5.129484375000000000e+04
9.568697500000000000e+05
3.872096875000000000e+04
5.253209838867187500e+02
4.689939880371093750e+02
3.743944531250000000e+04
6.753909912109375000e+02
3.426916406250000000e+04
9.683307031250000000e+04
4.800521875000000000e+04
6.031462109375000000e+04
2.019308125000000000e+05
5.469582421875000000e+04
5.123413671875000000e+04
6.634861718750000000e+04
1.672152968750000000e+05
3.308058593750000000e+04
3.613389892578125000e+02
5.930307128906250000e+03
1.825528875000000000e+06
2.158933984375000000e+04
2.952499961853027344e+01
7.660064375000000000e+05
1.521710052490234375e+02
8.358679809570312500e+02
2.662590026855468750e+02
4.525443847656250000e+03
4.193429870605468750e+02
3.303909250000000000e+06
6.094463750000000000e+05
1.135113037109375000e+03
1.329508625000000000e+06
5.259999847412109375e+01
1.154217890625000000e+05
5.896920166015625000e+02
2.053220062255859375e+02
6.927442187500000000e+04
3.035239868164062500e+02
4.827047500000000000e+05
2.822639892578125000e+03
3.823559875488281250e+02
2.339918000000000000e+06
7.134569702148437500e+02
2.768550390625000000e+04
1.729431718750000000e+05
3.744958984375000000e+03
4.261358500000000000e+06
1.419837625000000000e+06
8.079823242187500000e+03
2.936081000000000000e+06
6.716473144531250000e+03
1.285709082031250000e+04
5.436006835937500000e+03
2.683250122070312500e+02
2.199864453125000000e+04
2.835499954223632812e+01
2.396909942626953125e+02
2.767658750000000000e+06
1.160422265625000000e+04
2.106386500000000000e+06
1.639066796875000000e+04
2.804871093750000000e+03
8.302831054687500000e+03
1.299172625000000000e+06
4.027232187500000000e+05
2.566848828125000000e+04
1.364471875000000000e+06
9.137047500000000000e+05
1.756566040039062500e+03
7.931210000000000000e+05
5.162121093750000000e+03
3.538833007812500000e+03
1.134883984375000000e+05
3.376839904785156250e+02
1.825708007812500000e+03
1.440024023437500000e+04
2.355032250000000000e+06
1.447030029296875000e+02
5.324053515625000000e+04
1.565456054687500000e+03
1.758450781250000000e+04
1.800686718750000000e+04
2.236435156250000000e+05
4.418299865722656250e+01
9.984593750000000000e+03
1.384034500000000000e+06
1.370249938964843750e+02
2.837090625000000000e+04
1.856733203125000000e+04
4.862727187500000000e+05
1.672380004882812500e+03
1.497490781250000000e+05
2.871882080078125000e+03
3.376100158691406250e+01
1.203690032958984375e+02
3.501355468750000000e+04
3.165390014648437500e+02
1.119417625000000000e+06
4.672234863281250000e+03
3.462429687500000000e+04
3.245084750000000000e+06
2.724815917968750000e+03
3.465855859375000000e+04
6.917060937500000000e+04
5.579899902343750000e+02
7.596996093750000000e+03
3.055002929687500000e+03
2.864506250000000000e+04
5.115768066406250000e+03
2.834853906250000000e+04
3.127254882812500000e+03
1.224094375000000000e+05
9.260561523437500000e+03
1.764296020507812500e+03
7.170089721679687500e+02
1.710397265625000000e+04
1.368463989257812500e+03
5.513895019531250000e+03
2.176292968750000000e+03
2.244097900390625000e+03
4.484961914062500000e+03
4.907937000000000000e+06
7.684676757812500000e+03
1.682985961914062500e+03
8.292727539062500000e+03
8.669169531250000000e+04
1.039452031250000000e+05
3.616410250000000000e+06
1.456586523437500000e+04
3.191789855957031250e+02
6.765579833984375000e+02
3.560919062500000000e+05
9.331541992187500000e+03
1.637319433593750000e+04
6.507764375000000000e+05
4.902479000000000000e+06
8.413616210937500000e+03
1.148533359375000000e+05
1.068730010986328125e+02
9.845379375000000000e+05
9.755568125000000000e+05
2.896999931335449219e+01
5.675910034179687500e+02
7.001717500000000000e+05
1.257272250000000000e+06
2.648953750000000000e+05
1.036630859375000000e+04
2.264190063476562500e+02
4.121696093750000000e+04
1.891676750000000000e+06
1.649362000000000000e+06
3.380816406250000000e+04
8.011342187500000000e+04
1.257602875000000000e+06
5.818782031250000000e+04
3.492508593750000000e+04
1.992442750000000000e+06
4.690654785156250000e+03
2.833366875000000000e+05
5.470186328125000000e+04
5.327828125000000000e+04
3.553698000000000000e+06
9.648618750000000000e+04
5.317127500000000000e+05
6.276431250000000000e+05
5.169902734375000000e+04
2.990543750000000000e+04
6.881787500000000000e+06
1.274558281250000000e+05
1.244491406250000000e+05
5.631069946289062500e+02
5.620880126953125000e+02
1.031561562500000000e+05
5.854601074218750000e+03
1.469015014648437500e+03
2.215749969482421875e+02
6.881307812500000000e+04
1.736180750000000000e+06
9.512739868164062500e+02
8.306500244140625000e+01
1.304120025634765625e+02
1.168489990234375000e+03
4.463388281250000000e+04
4.800931152343750000e+03
4.706582031250000000e+04
7.234873046875000000e+03
2.931950927734375000e+03
9.084724375000000000e+05
2.941492919921875000e+03
1.294900035858154297e+01
1.681479949951171875e+02
2.935339648437500000e+04
4.735018750000000000e+04
4.035834375000000000e+04
5.844863500000000000e+06
1.451922750000000000e+06
4.624420000000000000e+05
3.124490051269531250e+02
2.288497656250000000e+04
9.697390136718750000e+02
1.376809997558593750e+02
1.318592871093750000e+04
3.173563964843750000e+03
2.031972045898437500e+03
5.430279375000000000e+05
1.603985351562500000e+04
3.305699920654296875e+01
1.501342875000000000e+06
5.656801953125000000e+04
5.982076562500000000e+04
2.078227187500000000e+05
2.763372070312500000e+03
1.502056542968750000e+04
1.548765991210937500e+03
4.089189062500000000e+05
1.777979492187500000e+04
1.843705625000000000e+06
3.964702500000000000e+06
1.406049957275390625e+02
1.439033000000000000e+06
5.630646093750000000e+04
8.088528808593750000e+03
4.591059875488281250e+02
7.979057031250000000e+04
1.667102050781250000e+03
2.464770050048828125e+02
1.375843125000000000e+06
7.391229858398437500e+02
1.946537375000000000e+06
1.321991894531250000e+04
5.468012500000000000e+04
3.266652750000000000e+06
1.077855468750000000e+05
2.523073250000000000e+06
9.730531250000000000e+03
2.401049957275390625e+02
2.749294921875000000e+04
1.102681093750000000e+05
1.340425048828125000e+03
1.592817675781250000e+04
3.044522750000000000e+06
3.178733750000000000e+05
4.838363281250000000e+04
1.421932983398437500e+03
1.262478625000000000e+06
1.696249023437500000e+03
7.763580468750000000e+04
2.705450937500000000e+05
1.223208007812500000e+03
3.475769921875000000e+04
3.318660546875000000e+04
2.011391967773437500e+03
9.915380000000000000e+05
7.819011875000000000e+05
5.909938671875000000e+04
1.500179531250000000e+05
6.690000000000000000e+02
9.854999542236328125e+00
3.535299250000000000e+06
1.000745971679687500e+03
1.022270996093750000e+03
4.774869995117187500e+02
1.167074750000000000e+06
1.581380004882812500e+02
2.730924500000000000e+06
2.351857656250000000e+05
1.733271972656250000e+03
7.646399688720703125e+01
5.174794921875000000e+04
2.092920625000000000e+05
6.163971191406250000e+03
9.214814062500000000e+04
1.573119500000000000e+06
6.970118750000000000e+04
1.033563203125000000e+05
3.676470031738281250e+02
7.032150268554687500e+02
3.400452880859375000e+03
4.440264160156250000e+03
1.212300048828125000e+03
1.478869375000000000e+06
1.000354625000000000e+06
3.505050048828125000e+02
9.292488125000000000e+05
4.800631250000000000e+04
3.128497500000000000e+06
6.270119921875000000e+04
1.395497265625000000e+04
9.270315625000000000e+05
3.672659912109375000e+02
5.546860500000000000e+06
6.371170043945312500e+02
3.234964500000000000e+06
1.284760009765625000e+03
1.211270996093750000e+03
5.137769375000000000e+05
1.920184375000000000e+05
3.317369375000000000e+05
6.248699951171875000e+01
2.725200080871582031e+01
9.337793750000000000e+05
4.659347187500000000e+05
1.124867382812500000e+04
1.410090136718750000e+04
1.828310156250000000e+05
4.399936562500000000e+05
5.786909790039062500e+02
9.760560302734375000e+02
6.964260937500000000e+04
2.293367919921875000e+03
7.511790161132812500e+02
4.585001953125000000e+04
1.084979000000000000e+06
1.329383056640625000e+03
8.662121093750000000e+04
7.892180468750000000e+04
5.096850937500000000e+05
2.932720031738281250e+02
7.658980625000000000e+05
1.015859453125000000e+05
2.122000000000000000e+03
1.669873046875000000e+04
1.071159973144531250e+02
2.327525000000000000e+06
3.146499804687500000e+04
3.807369995117187500e+02
2.732507500000000000e+05
4.688107421875000000e+04
7.697225097656250000e+03
1.020750468750000000e+05
1.098214965820312500e+03
2.665993750000000000e+04
1.339525390625000000e+04
1.793697021484375000e+03
9.882564062500000000e+04
2.862451904296875000e+03
2.458356933593750000e+03
9.649639892578125000e+02
1.928686132812500000e+04
2.904840750000000000e+06
7.698803222656250000e+03
3.205711914062500000e+03
3.076036250000000000e+05
8.096669921875000000e+03
9.829193750000000000e+05
8.739118750000000000e+04
9.299650625000000000e+05
3.432141250000000000e+06
3.636479980468750000e+03
4.753489990234375000e+02
6.663989868164062500e+02
1.063388085937500000e+04
6.394075000000000000e+05
1.575494433593750000e+04
1.313027750000000000e+06
1.649470062255859375e+02
2.423417773437500000e+04
2.568533984375000000e+04
5.910499023437500000e+03
6.871903808593750000e+03
2.670169982910156250e+02
1.200935234375000000e+05
1.342460937500000000e+05
2.046189687500000000e+05
1.291210021972656250e+02
2.304730957031250000e+03
8.425251875000000000e+05
5.057686718750000000e+04
2.814259948730468750e+02
5.889920043945312500e+02
5.025599975585937500e+02
2.748970031738281250e+02
7.789146093750000000e+04
4.785491210937500000e+03
5.479592578125000000e+04
1.730250976562500000e+04
1.391042000000000000e+06
4.394115234375000000e+03
2.671960144042968750e+02
1.603169433593750000e+04
2.194029998779296875e+02
1.852252031250000000e+05
2.584209899902343750e+02
7.763082812500000000e+04
2.545978281250000000e+05
1.412050048828125000e+03
3.777724121093750000e+03
1.427220947265625000e+03
3.015215750000000000e+06
9.278653125000000000e+04
1.613680761718750000e+04
2.775282500000000000e+05
4.573429870605468750e+02
1.577494375000000000e+06
7.952611816406250000e+03
1.267501718750000000e+05
4.982810546875000000e+04
1.327620971679687500e+03
1.766540069580078125e+02
2.412629500000000000e+06
7.484050292968750000e+02
2.531999969482421875e+02
2.839714000000000000e+06
6.270594531250000000e+04
2.140454250000000000e+06
3.241667578125000000e+04
1.274574375000000000e+06
4.643144042968750000e+03
5.300184375000000000e+05
4.777745000000000000e+06
1.296743250000000000e+06
4.422550048828125000e+02
1.339070125000000000e+06
1.742510937500000000e+05
7.242852343750000000e+04
5.656640014648437500e+02
1.358177978515625000e+03
3.077566894531250000e+03
1.347868750000000000e+05
1.568955156250000000e+05
1.503240051269531250e+02
6.336538085937500000e+03
3.201864648437500000e+04
2.059724687500000000e+05
6.960456250000000000e+04
2.049536718750000000e+04
6.077325000000000000e+04
1.753859985351562500e+03
3.691369934082031250e+02
5.125289062500000000e+03
1.589787792968750000e+04
1.421902656250000000e+05
2.897297119140625000e+03
6.184600219726562500e+02
6.408990234375000000e+04
6.363644500000000000e+06
7.841920166015625000e+02
3.708008593750000000e+04
3.637672119140625000e+03
3.932354687500000000e+05
1.066156835937500000e+04
1.805701562500000000e+04
5.960255500000000000e+06
7.292362500000000000e+05
9.746489868164062500e+02
1.216350952148437500e+03
4.304140014648437500e+02
3.346719970703125000e+02
8.130209960937500000e+02
5.327004882812500000e+03
2.385027539062500000e+04
2.368846562500000000e+05
8.139766406250000000e+04
7.358000183105468750e+01
5.618301562500000000e+04
1.752996000000000000e+06
1.786603000000000000e+06
2.295466000000000000e+06
7.255210937500000000e+03
2.387030029296875000e+02
2.598273750000000000e+06
1.114092500000000000e+05
5.958396972656250000e+03
1.257187011718750000e+03
2.205464531250000000e+05
1.872835625000000000e+06
8.035061250000000000e+05
1.609314648437500000e+04
5.328801875000000000e+05
4.129485937500000000e+04
2.786895996093750000e+03
4.685100173950195312e+01
1.840216796875000000e+04
9.391019897460937500e+02
1.021339062500000000e+04
3.093361083984375000e+03
1.685145019531250000e+03
3.093853500000000000e+06
1.053852050781250000e+03
5.117960546875000000e+04
7.725789794921875000e+02
2.560859985351562500e+02
3.118132812500000000e+04
3.541258984375000000e+04
5.525283984375000000e+04
4.192599868774414062e+01
9.939627343750000000e+04
4.020490112304687500e+02
2.566780090332031250e+02
4.711081562500000000e+05
3.453047500000000000e+06
5.840969848632812500e+02
1.886243750000000000e+04
2.974642187500000000e+05
7.500000000000000000e+01
1.461108032226562500e+03
3.059756054687500000e+04
2.122400093078613281e+01
2.189129943847656250e+02
8.553653750000000000e+05
2.911519921875000000e+04
1.372882750000000000e+06
4.671824609375000000e+04
1.184260025024414062e+02
5.634219970703125000e+02
1.272234985351562500e+03
3.385415500000000000e+06
5.618300170898437500e+02
5.598476000000000000e+06
8.201519775390625000e+02
1.312745971679687500e+03
2.039407958984375000e+03
2.087080078125000000e+04
3.787919921875000000e+02
8.599383789062500000e+03
1.201252148437500000e+04
1.859062375000000000e+06
1.769060546875000000e+04
8.464559375000000000e+05
2.120254250000000000e+06
3.073440429687500000e+04
4.054734250000000000e+06
3.142049865722656250e+02
4.999193750000000000e+04
1.516450875000000000e+06
5.743010156250000000e+04
5.350695000000000000e+05
4.301991796875000000e+04
1.249395750000000000e+06
5.959479980468750000e+02
1.204187988281250000e+03
3.788569921875000000e+04
4.408189941406250000e+03
2.330766250000000000e+06
1.616919140625000000e+04
2.275632421875000000e+04
1.547135986328125000e+03
5.943381250000000000e+05
1.032854980468750000e+03
3.484769897460937500e+02
9.320454375000000000e+05
2.377579956054687500e+02
4.370025390625000000e+04
5.522295898437500000e+03
1.280437500000000000e+04
3.734082421875000000e+04
9.435910034179687500e+02
1.124963437500000000e+05
3.303273925781250000e+03
3.487333007812500000e+03
3.707186328125000000e+04
4.670059500000000000e+06
2.516517089843750000e+03
3.238720092773437500e+02
6.189143750000000000e+05
3.310934082031250000e+03
3.132680053710937500e+02
9.610139770507812500e+02
7.776329956054687500e+02
6.855952500000000000e+05
9.056717187500000000e+04
4.236189880371093750e+02
8.594575781250000000e+04
1.633806030273437500e+03
1.294317500000000000e+06
1.121431250000000000e+06
1.488915234375000000e+04
6.216994000000000000e+06
8.241999816894531250e+01
5.579492578125000000e+04
1.617420043945312500e+02
1.566791000000000000e+06
3.880660095214843750e+02
9.951500244140625000e+02
3.559729919433593750e+02
7.549663085937500000e+03
1.445350036621093750e+02
1.342413940429687500e+03
3.501654052734375000e+03
3.272789000000000000e+06
1.457944140625000000e+04
1.318526977539062500e+03
3.465979919433593750e+02
5.288721875000000000e+04
4.112709960937500000e+02
5.497251562500000000e+04
1.941387500000000000e+05
6.297226562500000000e+04
2.645271750000000000e+06
2.988264843750000000e+04
2.926935058593750000e+03
1.604669952392578125e+02
7.242942968750000000e+04
2.473039062500000000e+03
1.471276406250000000e+05
4.640979980468750000e+03
9.373370625000000000e+05
2.578508007812500000e+04
1.831759250000000000e+06
2.974727343750000000e+04
2.321659000000000000e+06
5.327512207031250000e+03
2.442081445312500000e+04
2.945780029296875000e+03
8.443289794921875000e+02
3.776694375000000000e+05
1.842149047851562500e+03
7.865788085937500000e+03
1.215214375000000000e+06
4.662161500000000000e+06
1.087922600000000000e+07
2.199259033203125000e+03
8.767739868164062500e+02
1.346041992187500000e+03
1.555266992187500000e+04
6.259699707031250000e+02
1.909123242187500000e+04
5.664556250000000000e+04
9.773468750000000000e+04
3.210202148437500000e+04
3.202133056640625000e+03
5.262816894531250000e+03
3.060160888671875000e+03
8.566813476562500000e+03
3.087356933593750000e+03
9.787930297851562500e+02
5.098800781250000000e+03
1.140741943359375000e+03
4.894519958496093750e+02
1.019166992187500000e+03
2.052949250000000000e+06
2.021413940429687500e+03
1.892157031250000000e+05
1.071142100000000000e+07
4.266244687500000000e+05
2.130616210937500000e+04
4.221549804687500000e+03
4.562630004882812500e+02
6.349551953125000000e+04
3.436709899902343750e+02
2.635799865722656250e+02
2.020829925537109375e+02
9.530498046875000000e+03
1.699188085937500000e+04
4.328110046386718750e+02
5.004688000000000000e+06
5.490140234375000000e+04
1.811458203125000000e+04
1.101795043945312500e+03
6.301858886718750000e+03
1.401668847656250000e+04
3.597729003906250000e+03
1.792413281250000000e+05
4.634604296875000000e+04
2.808669000000000000e+06
4.085000000000000000e+02
3.523918750000000000e+06
2.255287890625000000e+04
5.219260253906250000e+02
3.931121484375000000e+04
2.304345947265625000e+03
1.674366750000000000e+06
3.232850036621093750e+02
1.459659667968750000e+04
1.883964453125000000e+04
1.708851367187500000e+04
2.670107910156250000e+03
1.356312011718750000e+03
2.495376093750000000e+05
4.358915039062500000e+03
2.002103027343750000e+03
6.659147500000000000e+05
1.732302978515625000e+03
5.451900024414062500e+02
1.631123375000000000e+06
2.266616943359375000e+03
2.577434570312500000e+04
4.060050937500000000e+05
6.057540283203125000e+02
3.317391113281250000e+03
7.326340820312500000e+03
1.916898250000000000e+06
1.522077026367187500e+03
5.461110229492187500e+02
4.115694824218750000e+03
6.667492968750000000e+04
1.651901250000000000e+06
1.335875000000000000e+03
8.026655468750000000e+04
1.878765312500000000e+05
6.260599899291992188e+01
4.538605468750000000e+04
2.425226250000000000e+06
1.161312792968750000e+04
1.791078979492187500e+03
8.316599731445312500e+02
4.078099975585937500e+02
5.641992187500000000e+04
1.438725937500000000e+05
2.773292000000000000e+06
1.344762968750000000e+05
1.571772750000000000e+06
3.899670312500000000e+05
6.461825390625000000e+04
2.531611750000000000e+06
3.467416250000000000e+05
3.368427250000000000e+06
1.031605703125000000e+05
9.270899963378906250e+01
2.425379943847656250e+02
1.018075878906250000e+04
1.627240966796875000e+03
1.741781005859375000e+03
4.618157031250000000e+04
2.531562500000000000e+06
5.825106500000000000e+06
7.791303222656250000e+03
2.462402148437500000e+04
4.953575000000000000e+05
4.609814453125000000e+04
3.148410034179687500e+02
9.937238750000000000e+05
1.624149932861328125e+02
2.669573242187500000e+04
9.807454687500000000e+04
2.044974500000000000e+06
8.418599700927734375e+01
4.514949951171875000e+02
5.619638500000000000e+06
5.241374500000000000e+06
8.719969726562500000e+03
2.307132421875000000e+04
1.468243125000000000e+05
1.151658750000000000e+06
2.772062187500000000e+05
5.658553125000000000e+05
1.117903984375000000e+05
6.492274375000000000e+05
1.369509033203125000e+03
7.381600189208984375e+01
7.269118750000000000e+05
6.155175781250000000e+04
1.256541992187500000e+03
8.573349609375000000e+03
1.849963437500000000e+05
1.555180053710937500e+02
2.645048437500000000e+04
1.396600036621093750e+02
2.002010250000000000e+06
7.795470214843750000e+03
7.062404785156250000e+03
4.300243750000000000e+04
2.647021972656250000e+03
1.794948125000000000e+06
1.461138964843750000e+04
6.688330000000000000e+05
3.423499687500000000e+05
5.587954296875000000e+04
7.202731500000000000e+06
5.016960144042968750e+02
4.973666562500000000e+05
2.076072998046875000e+03
1.349830500000000000e+06
3.971719970703125000e+02
2.145792968750000000e+03
3.515073974609375000e+03
8.924416015625000000e+03
1.368517125000000000e+06
5.010740051269531250e+02
3.256539500000000000e+06
1.058919140625000000e+05
3.054800033569335938e+01
2.498899993896484375e+02
1.596773750000000000e+06
7.104333007812500000e+03
1.830180053710937500e+02
6.953529687500000000e+04
4.069410888671875000e+03
1.703522460937500000e+04
8.591068750000000000e+05
3.207765312500000000e+05
3.442895500000000000e+06
1.057294140625000000e+05
1.011887968750000000e+05
1.225282958984375000e+03
3.187906835937500000e+04
1.111073437500000000e+04
3.094534250000000000e+06
4.972430114746093750e+02
3.350109863281250000e+02
3.148699951171875000e+01
9.142360351562500000e+03
6.610360107421875000e+02
1.024983906250000000e+05
9.860659790039062500e+02
7.975261250000000000e+05
1.948001000000000000e+06
4.860641113281250000e+03
2.297832812500000000e+05
1.562699985504150391e+01
5.551389770507812500e+02
6.544422851562500000e+03
9.931512695312500000e+03
3.336820068359375000e+02
7.105809936523437500e+02
8.882869140625000000e+03
5.997000122070312500e+02
1.554754101562500000e+04
1.194980010986328125e+02
1.086911987304687500e+03
2.971656250000000000e+06
3.685010070800781250e+02
8.752671875000000000e+04
9.851453125000000000e+04
1.182218017578125000e+03
5.578793945312500000e+03
1.931440234375000000e+04
4.638502187500000000e+05
3.332687011718750000e+03
5.535659790039062500e+02
5.833541015625000000e+04
2.906230664062500000e+04
4.374790039062500000e+02
7.602812988281250000e+03
1.531636750000000000e+06
5.022059936523437500e+02
4.017349853515625000e+02
2.767139892578125000e+02
2.549426500000000000e+06
6.308868125000000000e+05
7.108955468750000000e+04
4.893212890625000000e+03
1.911170043945312500e+03
7.575882031250000000e+04
1.209055937500000000e+05
2.157392187500000000e+05
7.765339843750000000e+03
6.682709960937500000e+02
1.837649993896484375e+02
4.472613769531250000e+03
1.178421997070312500e+03
4.447722187500000000e+05
1.802676562500000000e+05
8.657030029296875000e+02
3.124005859375000000e+04
3.803129882812500000e+02
2.649452929687500000e+04
1.723319062500000000e+05
8.909162500000000000e+04
1.088758203125000000e+04
1.671901000976562500e+03
4.014235937500000000e+04
7.665882031250000000e+04
3.034880078125000000e+04
4.891730041503906250e+02
4.864739453125000000e+04
1.827177148437500000e+04
2.084606375000000000e+06
9.056189843750000000e+04
3.514778515625000000e+04
2.983499908447265625e+01
1.609616875000000000e+06
7.555450195312500000e+03
7.657017089843750000e+03
9.177439843750000000e+04
6.045174804687500000e+03
2.117059936523437500e+02
2.081245000000000000e+05
1.368509500000000000e+06
4.222637500000000000e+04
1.486988037109375000e+03
2.077019750000000000e+06
1.549550781250000000e+05
4.642090148925781250e+02
1.540443164062500000e+04
7.215663085937500000e+03
4.443472167968750000e+03
2.744885937500000000e+04
1.440542968750000000e+03
2.328183500000000000e+06
7.010449829101562500e+02
4.832099914550781250e+02
6.113619140625000000e+04
2.022059960937500000e+04
1.769856250000000000e+04
3.068600082397460938e+01
1.038031982421875000e+03
1.526130065917968750e+02
8.262147460937500000e+03
2.655192000000000000e+06
1.960794531250000000e+04
1.670190820312500000e+04
7.058519897460937500e+02
5.868999000000000000e+06
6.085759375000000000e+05
4.405893359375000000e+04
5.607993164062500000e+03
5.202690000000000000e+06
1.219090375000000000e+06
1.505905750000000000e+06
7.932800292968750000e+01
5.891537109375000000e+04
3.557689843750000000e+04
7.386370239257812500e+02
2.783605664062500000e+04
5.329760131835937500e+02
1.435850878906250000e+04
5.853133984375000000e+04
5.181023125000000000e+05
9.811696289062500000e+03
8.671942500000000000e+05
1.013870019531250000e+04
1.161168945312500000e+03
1.669172875000000000e+06
6.505100250244140625e+01
2.228493554687500000e+04
3.231344335937500000e+04
1.854620056152343750e+02
4.044270019531250000e+02
1.745099945068359375e+02
2.039259765625000000e+04
3.011090087890625000e+02
4.085167250000000000e+06
1.695999908447265625e+01
9.478988281250000000e+04
1.806041015625000000e+03
2.094859924316406250e+02
1.614969940185546875e+02
3.409839062500000000e+04
3.756780029296875000e+03
1.730769958496093750e+02
1.201019000000000000e+06
1.072026660156250000e+04
2.658160095214843750e+02
9.908884765625000000e+03
1.997515250000000000e+06
1.209014648437500000e+04
1.819075000000000000e+06
9.585499877929687500e+02
2.314019927978515625e+02
3.134325195312500000e+04
8.261921093750000000e+04
2.964877500000000000e+06
1.292534057617187500e+03
1.379098022460937500e+03
1.108854003906250000e+03
9.142078906250000000e+04
9.454565000000000000e+05
2.794628906250000000e+03
9.564444531250000000e+04
2.680610046386718750e+02
3.455849218750000000e+04
1.510507421875000000e+04
2.555128000000000000e+06
1.120920028686523438e+02
1.468910839843750000e+04
5.391774902343750000e+03
1.303862500000000000e+06
4.440486000000000000e+06
7.743865000000000000e+05
2.878940124511718750e+02
4.863899993896484375e+01
5.326636250000000000e+05
3.263856250000000000e+04
4.707536328125000000e+04
1.674385375000000000e+06
1.616878125000000000e+04
2.638442773437500000e+04
2.133030664062500000e+04
1.232884033203125000e+03
