5.793409500000000000e+06
4.093717187500000000e+05
1.527775878906250000e+04
3.309249687500000000e+05
9.142842500000000000e+05
4.782065234375000000e+04
1.618775500000000000e+06
1.065808959960937500e+03
1.452427031250000000e+05
5.131245500000000000e+06
9.765433000000000000e+06
1.811193593750000000e+05
1.973838012695312500e+03
4.471272000000000000e+06
9.627663750000000000e+05
6.629599761962890625e+01
6.430333203125000000e+04
2.255850500000000000e+06
3.914165500000000000e+06
5.889394000000000000e+06
1.474904980468750000e+04
1.379534057617187500e+03
6.877016250000000000e+05
2.202325195312500000e+04
2.514258500000000000e+06
6.328939819335937500e+02
1.535031738281250000e+04
1.627003906250000000e+05
6.373726875000000000e+05
6.413409179687500000e+03
8.554096679687500000e+03
5.070123500000000000e+06
7.737433500000000000e+06
1.832054000000000000e+06
1.120412000000000000e+07
5.515925500000000000e+06
1.228248125000000000e+06
2.247135546875000000e+04
6.971387500000000000e+05
1.643172973632812500e+03
1.076422968750000000e+05
6.516866000000000000e+06
2.840038000000000000e+06
4.022872070312500000e+03
2.056458789062500000e+04
1.660981625000000000e+06
1.420578002929687500e+03
3.243790429687500000e+04
1.074669000000000000e+06
2.882930250000000000e+06
1.945732500000000000e+06
1.419279250000000000e+06
4.640308984375000000e+04
6.389398750000000000e+05
3.212326367187500000e+04
7.489410937500000000e+04
1.089280014038085938e+02
7.171602050781250000e+03
1.217342187500000000e+04
4.332839453125000000e+04
5.077539500000000000e+06
2.645921875000000000e+04
5.462009375000000000e+05
8.325294375000000000e+05
1.523656375000000000e+06
5.293812109375000000e+04
1.029933625000000000e+06
7.266554000000000000e+06
4.151325000000000000e+05
2.152846750000000000e+06
9.839635000000000000e+05
1.345817656250000000e+05
9.045530000000000000e+05
1.075770859375000000e+05
2.383859500000000000e+06
2.183147031250000000e+05
5.389681000000000000e+06
3.632456250000000000e+05
5.705419140625000000e+04
5.131545703125000000e+04
2.717378750000000000e+06
2.763531640625000000e+04
6.782402343750000000e+04
2.153061093750000000e+05
1.243412400000000000e+07
5.738823046875000000e+04
1.102817968750000000e+04
6.322664375000000000e+05
3.530161250000000000e+06
1.313419100000000000e+07
2.328683250000000000e+06
2.517987000000000000e+06
2.099603800000000000e+07
4.943899000000000000e+06
6.878558125000000000e+05
5.058579375000000000e+05
1.173097900000000000e+07
1.170917031250000000e+05
6.166823242187500000e+03
2.646174218750000000e+04
3.276469500000000000e+06
1.487867875000000000e+06
3.647145937500000000e+05
8.592848000000000000e+06
1.768052187500000000e+05
1.421714750000000000e+06
1.317838875000000000e+06
1.297435468750000000e+05
3.422997750000000000e+06
2.796395625000000000e+05
5.048533593750000000e+04
1.463945800781250000e+04
2.069828906250000000e+05
3.398816406250000000e+04
6.144526171875000000e+04
2.547174531250000000e+05
5.414700000000000000e+05
3.055030500000000000e+06
1.527476800000000000e+07
1.388809967041015625e+02
4.775291406250000000e+04
6.150103125000000000e+05
7.280411718750000000e+04
6.261040039062500000e+03
2.367354375000000000e+05
9.509598437500000000e+04
3.949271500000000000e+06
5.542904000000000000e+06
1.029369964599609375e+02
3.504477050781250000e+03
7.959208593750000000e+04
7.483817500000000000e+05
5.074958007812500000e+03
3.043894687500000000e+05
1.807823500000000000e+06
1.251432750000000000e+06
2.686021484375000000e+04
9.305580000000000000e+05
1.356649932861328125e+02
2.064134375000000000e+05
3.507326875000000000e+05
1.676410781250000000e+05
8.041881250000000000e+05
3.107308984375000000e+04
5.484450000000000000e+06
1.774831445312500000e+04
8.593099975585937500e+01
2.378489750000000000e+06
6.991000366210937500e+01
4.760852812500000000e+05
2.945195937500000000e+05
2.413498906250000000e+05
1.265421750000000000e+06
2.078374375000000000e+06
1.153110961914062500e+03
8.838528750000000000e+05
2.444882250000000000e+06
4.528681000000000000e+06
4.448988750000000000e+05
1.625845125000000000e+06
3.861578750000000000e+05
1.251500937500000000e+05
1.974737375000000000e+06
9.782757812500000000e+03
4.633470500000000000e+06
7.917905625000000000e+05
1.014080390625000000e+05
1.922762250000000000e+06
5.623633984375000000e+04
7.019349121093750000e+03
2.960650024414062500e+02
7.757643750000000000e+05
1.934819125000000000e+06
1.799777625000000000e+06
1.403648625000000000e+06
7.095533500000000000e+06
1.898083125000000000e+06
6.492188125000000000e+05
4.593616000000000000e+06
1.176227375000000000e+06
1.111202625000000000e+06
5.413690185546875000e+02
2.120492187500000000e+04
8.977729687500000000e+04
9.185177500000000000e+05
3.528174250000000000e+06
6.209913500000000000e+06
3.829555468750000000e+04
4.236217812500000000e+05
1.479346100000000000e+07
5.255445500000000000e+06
1.922051000000000000e+06
2.031011718750000000e+05
8.756856875000000000e+05
3.346574500000000000e+06
2.804760625000000000e+05
5.125317500000000000e+05
6.405439000000000000e+06
4.514831562500000000e+05
5.075967500000000000e+05
1.058060625000000000e+06
2.480961406250000000e+05
1.542907600000000000e+07
1.378049300000000000e+07
2.470096600000000000e+07
3.333331875000000000e+05
2.941919750000000000e+06
2.520897750000000000e+06
3.127600097656250000e+03
2.617916992187500000e+03
1.047289000000000000e+06
2.570053750000000000e+06
3.791232250000000000e+06
4.968965312500000000e+05
6.737776875000000000e+05
5.304681250000000000e+05
1.070581500000000000e+06
1.315443125000000000e+06
9.918735156250000000e+04
7.345470312500000000e+04
1.557598022460937500e+03
4.173295937500000000e+05
1.454306500000000000e+06
2.226867500000000000e+05
2.140643500000000000e+06
4.381520080566406250e+02
4.353697000000000000e+06
2.246776171875000000e+04
2.081822656250000000e+04
1.964001171875000000e+04
1.471063625000000000e+06
3.198150024414062500e+02
3.364472800000000000e+07
2.159747250000000000e+06
4.265445312500000000e+04
6.286582000000000000e+06
7.952938125000000000e+05
7.618345500000000000e+06
3.868192250000000000e+06
5.050313000000000000e+06
3.074012187500000000e+05
1.004040500000000000e+06
2.252683250000000000e+06
6.513569946289062500e+02
8.968438000000000000e+06
5.063897000000000000e+06
7.378468125000000000e+05
2.874712500000000000e+04
8.242887500000000000e+05
2.701755468750000000e+04
2.323001000000000000e+06
1.400753125000000000e+05
4.747954687500000000e+04
2.108721093750000000e+04
3.599075937500000000e+05
4.787348500000000000e+06
5.378112500000000000e+04
1.148171562500000000e+05
6.189099731445312500e+02
1.099974687500000000e+05
1.234557343750000000e+05
3.671423437500000000e+04
2.082876093750000000e+05
3.553799609375000000e+04
1.175593750000000000e+06
3.385214375000000000e+05
6.398893125000000000e+05
9.526718750000000000e+03
6.897064062500000000e+04
2.035948828125000000e+04
1.623353027343750000e+03
1.028127000000000000e+07
2.112005750000000000e+06
2.607952000000000000e+06
1.101834960937500000e+04
8.136961914062500000e+03
1.544376171875000000e+04
3.211947250000000000e+06
2.750823632812500000e+04
4.900447500000000000e+06
3.975812000000000000e+06
1.361339355468750000e+04
1.459823375000000000e+06
2.559629750000000000e+06
1.679072500000000000e+05
7.651049000000000000e+06
7.330089721679687500e+02
5.014594238281250000e+03
1.888127750000000000e+06
1.675510781250000000e+05
8.564235937500000000e+04
3.722915000000000000e+05
2.120468281250000000e+05
8.349136718750000000e+04
3.367296500000000000e+06
1.482905200000000000e+07
3.394709765625000000e+04
3.947613500000000000e+06
1.251587695312500000e+04
4.713565500000000000e+06
7.388669375000000000e+05
2.690544000000000000e+06
2.256153906250000000e+04
5.312181640625000000e+04
4.390158203125000000e+04
3.918384375000000000e+05
1.114782125000000000e+06
4.452202000000000000e+06
1.243215312500000000e+05
1.653336375000000000e+06
5.036096562500000000e+05
6.204843500000000000e+06
1.602227250000000000e+06
3.078919500000000000e+06
6.663958125000000000e+05
2.929207187500000000e+05
9.117493164062500000e+03
4.522875000000000000e+06
4.843500781250000000e+04
4.663600158691406250e+01
4.340690000000000000e+05
4.590023437500000000e+05
8.737930297851562500e+02
1.878055500000000000e+06
2.425309960937500000e+04
4.255614000000000000e+06
4.739095000000000000e+06
9.542949218750000000e+04
4.426382500000000000e+05
1.285573625000000000e+06
7.086485156250000000e+04
3.567307750000000000e+06
3.198914250000000000e+06
1.560438500000000000e+06
5.596169140625000000e+04
1.755920043945312500e+03
5.368514000000000000e+06
1.697173950195312500e+03
1.280584100000000000e+07
8.707504000000000000e+06
1.537425500000000000e+06
1.277989609375000000e+05
1.934817250000000000e+06
1.106590703125000000e+05
1.600206125000000000e+06
1.224640750000000000e+06
5.189519000000000000e+06
1.311981718750000000e+05
2.902904492187500000e+04
3.292947500000000000e+05
3.198676750000000000e+06
3.123419375000000000e+05
9.619899902343750000e+02
5.115761328125000000e+04
4.053848828125000000e+04
1.380689531250000000e+05
1.850618906250000000e+05
2.873456875000000000e+05
9.053850097656250000e+02
8.173563750000000000e+05
6.709733125000000000e+05
2.292870117187500000e+04
1.370224707031250000e+04
1.214495468750000000e+05
1.261677400000000000e+07
2.841343750000000000e+05
4.952040100097656250e+02
4.587059936523437500e+02
3.758913750000000000e+06
4.069335000000000000e+05
4.209408593750000000e+04
2.050441125000000000e+06
5.303967000000000000e+06
4.425582000000000000e+06
2.699513750000000000e+06
8.378485000000000000e+06
1.822264038085937500e+03
5.084816875000000000e+05
1.938182000000000000e+06
4.529526500000000000e+06
5.333003515625000000e+04
9.659464843750000000e+04
4.342532031250000000e+04
2.310290000000000000e+06
6.443007421875000000e+04
8.910164375000000000e+05
2.611637939453125000e+03
1.854805875000000000e+06
5.768937011718750000e+03
6.983749500000000000e+06
4.977310937500000000e+04
1.455672343750000000e+05
1.901719970703125000e+02
1.551989746093750000e+04
2.593209000000000000e+06
8.923460000000000000e+06
5.530703125000000000e+05
1.002435687500000000e+06
2.995417500000000000e+06
1.006112900000000000e+07
4.923222500000000000e+06
5.928161875000000000e+05
7.188123000000000000e+06
4.083489500000000000e+06
1.964953125000000000e+06
9.154868750000000000e+05
8.196954101562500000e+03
1.497211125000000000e+06
2.247470250000000000e+06
4.842022500000000000e+05
1.683857031250000000e+04
1.164881200000000000e+07
1.389396406250000000e+05
1.429977539062500000e+04
5.373888500000000000e+06
2.299522000000000000e+06
2.789093125000000000e+05
4.971461500000000000e+06
9.497864375000000000e+05
7.959642000000000000e+06
9.185605000000000000e+05
1.826720600000000000e+07
1.142926200000000000e+07
1.522313625000000000e+06
5.700644921875000000e+04
7.868748046875000000e+03
9.302983593750000000e+04
1.034338125000000000e+06
1.122816500000000000e+06
2.800008750000000000e+05
5.948109863281250000e+03
1.226690781250000000e+05
6.045833500000000000e+06
8.870773437500000000e+04
5.977107910156250000e+03
2.788501367187500000e+04
3.739349750000000000e+06
1.636092773437500000e+04
3.700783500000000000e+06
1.176918800000000000e+07
7.997181250000000000e+05
1.535884500000000000e+06
6.716198750000000000e+05
1.156378417968750000e+04
4.766168945312500000e+03
1.198543600000000000e+07
2.402276250000000000e+06
1.521958007812500000e+03
2.568099531250000000e+05
1.129422125000000000e+06
1.696039200000000000e+07
8.519187000000000000e+06
9.118293125000000000e+05
7.359127343750000000e+04
1.964715234375000000e+04
9.108005000000000000e+06
1.121257200000000000e+07
1.516178320312500000e+04
8.964885625000000000e+05
6.462175781250000000e+04
9.574777000000000000e+06
3.000459062500000000e+05
2.309024750000000000e+06
8.147393750000000000e+05
5.738745000000000000e+05
4.374321250000000000e+05
2.192972812500000000e+05
8.115380000000000000e+05
1.452871875000000000e+04
1.433735250000000000e+06
1.898108375000000000e+06
1.512968750000000000e+05
1.954835750000000000e+06
6.318706000000000000e+06
4.104128125000000000e+04
6.759758125000000000e+05
1.101538940429687500e+03
1.081704125000000000e+06
3.813072250000000000e+06
7.865458125000000000e+05
1.062173700000000000e+07
1.397394625000000000e+06
9.764014000000000000e+06
1.921894600000000000e+07
4.220607000000000000e+06
2.921082500000000000e+06
1.642610500000000000e+06
3.892541750000000000e+06
2.847497070312500000e+04
9.427369995117187500e+02
2.462289250000000000e+06
7.715890625000000000e+05
6.223806250000000000e+05
2.939282250000000000e+06
6.924415000000000000e+05
1.205490625000000000e+04
1.237134179687500000e+04
1.580894042968750000e+03
1.804850937500000000e+05
3.597479858398437500e+02
4.427656000000000000e+06
1.307449951171875000e+02
1.240472045898437500e+03
1.033508700000000000e+07
3.650882500000000000e+06
6.906902500000000000e+06
3.905247250000000000e+06
3.395294921875000000e+04
5.392481250000000000e+05
7.073333125000000000e+05
1.255261962890625000e+03
1.091197250000000000e+06
3.018390625000000000e+04
4.945824000000000000e+06
2.197983281250000000e+05
1.107822421875000000e+05
4.820048000000000000e+06
1.127737000000000000e+07
1.030123500000000000e+06
9.854638000000000000e+06
1.434284875000000000e+06
1.153809100000000000e+07
6.104494531250000000e+04
8.581252343750000000e+04
4.034559375000000000e+04
3.662665250000000000e+06
1.167660253906250000e+04
1.034727400000000000e+07
5.767927500000000000e+06
8.708138281250000000e+04
5.235302812500000000e+05
1.762498242187500000e+04
1.383685750000000000e+06
5.210885500000000000e+06
1.029667400000000000e+07
1.582239990234375000e+02
1.291806000000000000e+06
2.179837750000000000e+06
2.054079531250000000e+05
2.178638750000000000e+05
2.102867773437500000e+04
2.916270937500000000e+05
5.019166796875000000e+04
2.301144250000000000e+06
2.128200750000000000e+06
6.818066894531250000e+03
4.903070937500000000e+05
1.532643000000000000e+06
4.307334960937500000e+03
3.199393000000000000e+06
1.181892890625000000e+05
3.418870500000000000e+06
1.446676625000000000e+06
5.462305625000000000e+05
8.662096875000000000e+05
1.848998000000000000e+06
3.733659973144531250e+02
4.213203500000000000e+06
2.019567656250000000e+05
4.589305078125000000e+04
9.147860107421875000e+02
8.346734375000000000e+03
8.346638500000000000e+06
1.524460500000000000e+06
1.612040875000000000e+06
9.237527500000000000e+05
3.735273000000000000e+06
2.125609250000000000e+06
1.794340375000000000e+06
1.496163593750000000e+05
1.448865500000000000e+06
1.202802001953125000e+03
3.357724687500000000e+05
9.541402343750000000e+04
3.485690312500000000e+05
3.292054062500000000e+05
1.073741500000000000e+07
3.757610250000000000e+06
3.945312750000000000e+06
1.693427200000000000e+07
1.182935875000000000e+06
9.742839375000000000e+05
1.171209800000000000e+07
1.475892125000000000e+06
6.455201875000000000e+05
8.045727500000000000e+06
1.012048625000000000e+06
5.566117578125000000e+04
1.219870117187500000e+04
6.074368125000000000e+05
2.694498250000000000e+06
4.131549987792968750e+02
3.151950927734375000e+03
1.438615312500000000e+05
1.189685937500000000e+04
8.928338750000000000e+05
6.167475500000000000e+06
2.455413476562500000e+04
9.037006250000000000e+05
2.593105500000000000e+06
4.184171484375000000e+04
3.861578125000000000e+05
3.069951757812500000e+04
3.128494250000000000e+06
2.049312890625000000e+04
1.932354980468750000e+03
1.452684300000000000e+07
1.998379875000000000e+06
4.055909062500000000e+05
2.250116500000000000e+06
8.662843750000000000e+04
4.568575390625000000e+04
1.325781875000000000e+06
8.161775000000000000e+05
2.554546750000000000e+06
8.428672656250000000e+04
2.514555000000000000e+06
2.560092000000000000e+06
1.944987187500000000e+05
1.471681375000000000e+06
1.777737060546875000e+03
1.993834687500000000e+05
6.008663671875000000e+04
1.222823242187500000e+04
5.420152000000000000e+06
7.809473437500000000e+04
1.605936625000000000e+06
2.169802000000000000e+06
8.533588750000000000e+05
8.715903125000000000e+05
5.470428515625000000e+04
4.064469909667968750e+02
6.194400500000000000e+06
2.131262250000000000e+06
2.652243437500000000e+05
5.542839453125000000e+04
3.189211914062500000e+04
4.530999609375000000e+04
7.738091875000000000e+05
1.967256625000000000e+06
2.362193554687500000e+04
1.060317750000000000e+06
2.207336523437500000e+04
2.733688964843750000e+03
1.656759033203125000e+03
1.501752125000000000e+06
6.678959375000000000e+04
8.829561875000000000e+05
9.573100280761718750e+01
9.916258750000000000e+05
2.524482250000000000e+06
6.650930000000000000e+05
6.614334000000000000e+06
2.419459991455078125e+02
1.097344765625000000e+05
9.740448000000000000e+06
1.633858593750000000e+04
8.395170000000000000e+06
6.260599899291992188e+01
3.909281250000000000e+06
6.352410278320312500e+02
7.338001250000000000e+05
1.003891562500000000e+06
3.490646484375000000e+04
1.232632625000000000e+06
5.262937011718750000e+03
6.392358125000000000e+05
1.068911625000000000e+06
1.029261937500000000e+06
3.807106750000000000e+06
1.328805468750000000e+05
1.061932006835937500e+03
1.108150234375000000e+05
4.670478750000000000e+05
1.915366125000000000e+06
1.926924023437500000e+04
8.543220312500000000e+04
9.097590625000000000e+04
3.621248250000000000e+06
5.681449500000000000e+06
4.750899887084960938e+01
1.419578437500000000e+05
1.570157031250000000e+05
7.413301250000000000e+05
3.410466750000000000e+06
6.658225000000000000e+05
5.521261875000000000e+05
3.416152734375000000e+04
1.021544687500000000e+06
4.081776000000000000e+06
8.211099218750000000e+04
2.183519800000000000e+07
3.099485500000000000e+06
6.386996093750000000e+04
5.760623750000000000e+05
3.124932500000000000e+05
3.371156005859375000e+03
6.862816894531250000e+03
3.113652929687500000e+04
1.305904125000000000e+06
5.425851000000000000e+06
4.534130000000000000e+06
4.602136328125000000e+04
1.283274375000000000e+06
2.889540312500000000e+05
1.702151625000000000e+06
2.972433593750000000e+04
1.270700700000000000e+07
3.546057812500000000e+05
5.073384375000000000e+05
5.291205078125000000e+04
6.396681250000000000e+04
1.404727187500000000e+05
3.174880065917968750e+02
2.647927812500000000e+05
1.073527954101562500e+03
8.489948750000000000e+05
7.439021875000000000e+04
9.356350097656250000e+02
5.203203000000000000e+06
5.574437500000000000e+06
3.665827880859375000e+03
5.173055078125000000e+04
9.168710156250000000e+04
3.689280078125000000e+04
1.481662500000000000e+06
8.111160156250000000e+04
2.780948000000000000e+06
1.047610000000000000e+06
1.113952750000000000e+06
9.388896000000000000e+06
3.139643250000000000e+06
1.246881250000000000e+06
3.536827343750000000e+04
4.197764000000000000e+06
9.233686000000000000e+06
3.589009750000000000e+06
1.537052656250000000e+05
7.767287500000000000e+04
1.982998632812500000e+04
5.364726074218750000e+03
3.107196484375000000e+04
4.030156250000000000e+06
1.161709500000000000e+06
2.312274609375000000e+04
1.536769375000000000e+06
6.262771250000000000e+05
5.139322000000000000e+06
1.453887300000000000e+07
1.787093945312500000e+04
3.397976562500000000e+04
6.020611000000000000e+06
4.593450012207031250e+02
6.630799865722656250e+01
1.007302687500000000e+06
9.106962500000000000e+05
7.447258593750000000e+04
1.150745900000000000e+07
3.893706500000000000e+06
1.725979296875000000e+04
7.845044531250000000e+04
2.607224750000000000e+06
6.746325625000000000e+05
1.405770375000000000e+06
1.174743000000000000e+06
9.783863125000000000e+05
1.536175700000000000e+07
3.480340625000000000e+04
3.617433000000000000e+06
1.121403515625000000e+04
1.578407128906250000e+04
1.348739453125000000e+04
2.065083203125000000e+04
2.117406406250000000e+05
2.232257500000000000e+06
2.270149250000000000e+06
5.172337000000000000e+06
7.796571777343750000e+03
2.922134750000000000e+06
3.489230859375000000e+04
1.112749843750000000e+05
1.230461562500000000e+05
1.072116750000000000e+06
2.239001250000000000e+06
2.360570898437500000e+04
9.235286875000000000e+05
3.542794687500000000e+05
1.951707031250000000e+03
9.067099761962890625e+01
6.533021875000000000e+05
2.148174500000000000e+06
7.518751250000000000e+05
2.713428000000000000e+06
8.218131875000000000e+05
7.860635937500000000e+04
1.921319531250000000e+05
4.290435937500000000e+05
3.465650024414062500e+02
3.949679750000000000e+06
1.655744140625000000e+04
6.526401875000000000e+05
4.322913750000000000e+05
2.604195250000000000e+06
2.279343500000000000e+06
4.282529000000000000e+06
6.972856250000000000e+04
9.847473750000000000e+05
5.301496500000000000e+06
1.069952125000000000e+06
1.129326562500000000e+04
1.775219750000000000e+06
5.246294000000000000e+06
2.889305750000000000e+06
3.243640136718750000e+02
1.796585375000000000e+06
2.026439375000000000e+06
7.643929199218750000e+03
8.588432031250000000e+04
5.937335000000000000e+05
7.239939062500000000e+04
1.588196625000000000e+06
5.171482000000000000e+06
3.730799865722656250e+02
6.205948750000000000e+05
3.341018125000000000e+05
1.397585125000000000e+06
8.367005468750000000e+04
1.129654980468750000e+04
7.710320625000000000e+05
1.655092750000000000e+06
4.442269000000000000e+06
4.340900039672851562e+01
5.324125000000000000e+04
1.765251200000000000e+07
2.175307750000000000e+06
6.284379375000000000e+05
9.015302000000000000e+06
6.835800000000000000e+05
7.878395000000000000e+05
1.320419687500000000e+05
3.895241406250000000e+04
6.005690625000000000e+04
2.602266093750000000e+05
1.096583203125000000e+05
2.151940750000000000e+06
5.472347656250000000e+04
1.120962200000000000e+07
8.134433125000000000e+05
2.754079895019531250e+02
7.319768066406250000e+03
2.559923250000000000e+06
4.169825312500000000e+05
2.227882500000000000e+06
1.084336900000000000e+07
4.755254500000000000e+06
5.047693750000000000e+04
6.849567000000000000e+06
4.751299500000000000e+06
4.534024218750000000e+04
1.846643250000000000e+06
1.856200027465820312e+01
1.431242875000000000e+06
6.680842500000000000e+06
2.817896562500000000e+05
2.851762695312500000e+04
1.344723500000000000e+06
2.028472750000000000e+06
6.170411718750000000e+04
3.527889843750000000e+04
3.968035937500000000e+04
8.501080000000000000e+05
3.353597500000000000e+06
9.906249023437500000e+03
5.598078500000000000e+06
6.186729500000000000e+06
1.196201000000000000e+06
3.977099990844726562e+01
6.983601562500000000e+04
9.095398750000000000e+05
9.010632000000000000e+06
9.160100000000000000e+06
1.934312500000000000e+05
1.051461625000000000e+06
3.840399000000000000e+06
6.252462000000000000e+06
2.250310500000000000e+06
2.915067750000000000e+06
3.723034375000000000e+05
2.812115937500000000e+05
3.357430500000000000e+06
2.354554750000000000e+06
5.414895000000000000e+06
3.456312000000000000e+06
8.505250244140625000e+02
7.901980468750000000e+04
1.007554016113281250e+03
9.036034000000000000e+06
4.099166750000000000e+06
2.114814843750000000e+04
3.333251562500000000e+05
3.201325250000000000e+06
1.044371200000000000e+07
1.660419726562500000e+04
4.426336875000000000e+05
9.000497070312500000e+03
1.320573750000000000e+06
2.242431406250000000e+05
2.861201875000000000e+05
3.217365500000000000e+06
1.017099000000000000e+06
2.556472750000000000e+06
2.296240000000000000e+06
1.645250125000000000e+06
6.414681640625000000e+04
5.150376562500000000e+04
4.270797187500000000e+05
2.218257343750000000e+05
6.303064062500000000e+04
6.891861718750000000e+04
5.488830468750000000e+04
9.867900085449218750e+01
1.008462187500000000e+06
5.110192000000000000e+06
1.648144000000000000e+07
8.273469500000000000e+06
2.429330273437500000e+04
3.604437000000000000e+06
7.174659000000000000e+06
4.035253437500000000e+05
7.523556250000000000e+04
6.129539375000000000e+05
2.684723750000000000e+06
6.821230625000000000e+05
1.021808875000000000e+06
3.645305312500000000e+05
8.688729858398437500e+02
3.519459375000000000e+04
1.075437968750000000e+05
1.227062625000000000e+06
6.229284000000000000e+06
3.375510000000000000e+06
2.796009500000000000e+06
5.482586500000000000e+06
4.674194824218750000e+03
2.102082000000000000e+06
3.685953125000000000e+05
3.779433250000000000e+06
1.207410000000000000e+06
1.300187207031250000e+04
2.815181750000000000e+06
9.506470000000000000e+06
6.919419375000000000e+05
9.393049000000000000e+06
5.472644000000000000e+06
2.057375781250000000e+04
1.488228875000000000e+06
3.834530750000000000e+06
1.170836914062500000e+04
7.985844500000000000e+06
1.877674804687500000e+04
2.686593750000000000e+06
1.168566400000000000e+07
9.021317000000000000e+06
1.494153500000000000e+06
4.618329375000000000e+05
6.434417500000000000e+06
2.914470937500000000e+05
6.325812890625000000e+04
2.031476562500000000e+05
8.840703125000000000e+05
8.216524500000000000e+06
9.436876953125000000e+03
1.018389200000000000e+07
1.165672734375000000e+05
2.588051750000000000e+06
6.650189000000000000e+06
2.604927656250000000e+05
8.513525390625000000e+03
7.221087500000000000e+06
2.706309179687500000e+04
7.683064000000000000e+06
2.881644687500000000e+05
4.608409000000000000e+06
6.814760131835937500e+02
9.420219000000000000e+06
2.551080312500000000e+05
2.549085546875000000e+04
2.933907812500000000e+05
5.302531875000000000e+05
9.410623750000000000e+05
1.663841125000000000e+06
1.266833375000000000e+06
1.051164700000000000e+07
9.322401562500000000e+04
6.911944531250000000e+04
9.518791406250000000e+04
1.648992700000000000e+07
3.404798750000000000e+05
1.879379400000000000e+07
2.235670013427734375e+02
