4.929280090332031250e+02
3.233009948730468750e+02
5.906000137329101562e+01
7.434200286865234375e+01
3.810599899291992188e+01
1.074749984741210938e+02
7.217000007629394531e+00
3.986399841308593750e+01
1.353990020751953125e+02
7.872000122070312500e+01
2.233150024414062500e+02
2.085119934082031250e+02
2.362330017089843750e+02
1.786439971923828125e+02
1.739530029296875000e+02
2.215999984741210938e+01
4.438100051879882812e+01
1.155569992065429688e+02
4.774630126953125000e+02
4.362439880371093750e+02
8.257700347900390625e+01
2.254160003662109375e+02
4.508580017089843750e+02
7.636900329589843750e+01
2.987000083923339844e+01
6.071400070190429688e+01
1.610899925231933594e+01
6.031600189208984375e+01
4.854000091552734375e+00
1.081859970092773438e+02
3.733370056152343750e+02
3.255209960937500000e+02
3.753190002441406250e+02
2.661300086975097656e+01
1.839399909973144531e+01
1.060380020141601562e+02
3.152059936523437500e+02
7.796499633789062500e+01
5.219760131835937500e+02
1.931300048828125000e+02
2.870899963378906250e+01
2.279210052490234375e+02
4.664599990844726562e+01
2.663949890136718750e+02
2.775220031738281250e+02
4.341870117187500000e+02
1.212600040435791016e+01
1.396500015258789062e+01
5.665299987792968750e+01
5.997880249023437500e+02
2.375260009765625000e+02
1.611399993896484375e+02
2.209320068359375000e+02
1.628139953613281250e+02
4.469599914550781250e+01
3.265900039672851562e+01
8.050000190734863281e+00
1.317350006103515625e+02
9.106099700927734375e+01
1.288399982452392578e+01
1.846139984130859375e+02
2.035299987792968750e+02
1.511400032043457031e+01
2.893199920654296875e+01
8.458100128173828125e+01
3.519000053405761719e+00
1.392550048828125000e+02
2.554999923706054688e+01
1.080449981689453125e+02
1.167659988403320312e+02
2.145769958496093750e+02
3.962749938964843750e+02
9.201270141601562500e+02
1.289799957275390625e+02
8.291600036621093750e+01
9.071000099182128906e+00
1.352599945068359375e+02
4.363500061035156250e+02
4.953619995117187500e+02
7.064399719238281250e+01
1.567610015869140625e+02
3.184000015258789062e+00
1.809360046386718750e+02
7.489420166015625000e+02
6.123600006103515625e+01
4.361229858398437500e+02
3.497299957275390625e+01
5.869800186157226562e+01
1.384899997711181641e+01
1.185951049804687500e+03
3.604899978637695312e+01
6.972200012207031250e+01
3.290459899902343750e+02
3.760599899291992188e+01
4.183850097656250000e+02
1.211470031738281250e+02
2.272319946289062500e+02
5.135349731445312500e+02
2.747260131835937500e+02
5.551699829101562500e+01
1.346000003814697266e+01
3.202309875488281250e+02
9.190189819335937500e+02
1.284450073242187500e+02
3.643959960937500000e+02
8.717900085449218750e+01
9.170300292968750000e+01
3.704100036621093750e+01
7.451599884033203125e+01
2.344000053405761719e+01
2.594760131835937500e+02
6.406199645996093750e+01
6.498999786376953125e+01
2.011599922180175781e+01
4.359670104980468750e+02
2.611499977111816406e+01
3.138699913024902344e+01
4.384769897460937500e+02
8.525000000000000000e+01
2.818880004882812500e+02
6.924500274658203125e+01
1.330399990081787109e+01
1.256599998474121094e+01
8.088200378417968750e+01
1.183040008544921875e+02
1.337579956054687500e+02
4.015419921875000000e+02
4.773400115966796875e+01
1.970000076293945312e+01
9.639160156250000000e+02
1.664100074768066406e+01
5.824100112915039062e+01
4.649129943847656250e+02
9.027700042724609375e+01
5.168799972534179688e+01
9.823530273437500000e+02
2.051730041503906250e+02
7.247799682617187500e+01
1.833130035400390625e+02
7.460999965667724609e+00
1.206389999389648438e+02
1.487519989013671875e+02
3.799399948120117188e+01
2.481820068359375000e+02
2.537519989013671875e+02
1.588970031738281250e+02
2.287460021972656250e+02
2.893700027465820312e+01
1.009710006713867188e+02
2.987999916076660156e+01
3.805799865722656250e+01
2.294899940490722656e+01
5.521790161132812500e+02
2.849469909667968750e+02
1.629720001220703125e+02
4.678340148925781250e+02
1.297099971771240234e+01
2.648210144042968750e+02
7.340000000000000000e+02
1.282630004882812500e+02
8.347999572753906250e+00
1.140589981079101562e+02
5.815000152587890625e+01
1.423299980163574219e+01
6.008300018310546875e+01
1.216959991455078125e+02
2.913959960937500000e+02
3.616010131835937500e+02
1.602760009765625000e+02
1.203799972534179688e+02
2.678800010681152344e+01
1.172740020751953125e+02
3.931940002441406250e+02
1.349790039062500000e+02
9.911999702453613281e+00
5.514999866485595703e+00
1.585400009155273438e+01
1.800000000000000000e+01
1.896430053710937500e+02
7.465000152587890625e+00
3.740900039672851562e+01
2.457980041503906250e+02
4.509999847412109375e+01
2.739100074768066406e+01
2.024709930419921875e+02
1.253820037841796875e+02
7.271099853515625000e+01
1.266660003662109375e+02
1.387239990234375000e+02
3.519150085449218750e+02
1.096989974975585938e+02
1.019499969482421875e+02
1.722999954223632812e+01
4.784600067138671875e+01
4.494410095214843750e+02
8.374600219726562500e+01
4.867160034179687500e+02
3.980010070800781250e+02
4.172600173950195312e+01
2.259399986267089844e+01
2.279800033569335938e+01
3.382099914550781250e+01
5.084209899902343750e+02
8.061929931640625000e+02
3.738859863281250000e+02
3.760499954223632812e+01
1.314579925537109375e+02
2.440169982910156250e+02
4.736500167846679688e+01
8.627600097656250000e+01
6.562659912109375000e+02
1.409420013427734375e+02
4.362059936523437500e+02
1.055799961090087891e+01
7.483599853515625000e+01
7.514999866485595703e+00
1.279307983398437500e+03
4.915559997558593750e+02
2.423240051269531250e+02
3.240499877929687500e+01
2.176560058593750000e+02
1.168500041961669922e+01
2.543600082397460938e+01
4.287599945068359375e+01
4.837900161743164062e+01
5.250869750976562500e+02
9.097000122070312500e+00
2.103869934082031250e+02
7.728000164031982422e+00
1.528419952392578125e+02
1.507819976806640625e+02
3.485200119018554688e+01
2.174799919128417969e+01
4.493799972534179688e+01
9.665799713134765625e+01
9.356099700927734375e+01
6.323229980468750000e+02
5.704080200195312500e+02
4.246599960327148438e+01
5.249100112915039062e+01
2.586440124511718750e+02
1.232929992675781250e+02
1.198649978637695312e+02
7.068800048828125000e+02
2.112000083923339844e+01
8.111060180664062500e+02
3.234400177001953125e+01
7.872699737548828125e+01
3.226000070571899414e+00
1.575599956512451172e+01
1.685000038146972656e+01
8.571999549865722656e+00
1.378431030273437500e+03
1.192129974365234375e+02
2.584880065917968750e+02
2.036250000000000000e+02
2.314279937744140625e+02
8.030999755859375000e+01
1.329420013427734375e+02
5.611000061035156250e+00
2.200300025939941406e+01
3.963410034179687500e+02
1.307709960937500000e+02
6.921000003814697266e+00
1.802899932861328125e+01
1.271429977416992188e+02
9.677300262451171875e+01
1.824900054931640625e+01
1.030399990081787109e+01
5.122999954223632812e+01
4.743600082397460938e+01
3.476879882812500000e+02
4.213000106811523438e+01
8.624799804687500000e+02
3.429540100097656250e+02
1.155900001525878906e+01
1.522769927978515625e+02
3.751629943847656250e+02
1.894129943847656250e+02
1.156200027465820312e+02
4.367860107421875000e+02
6.228799819946289062e+01
3.871600036621093750e+02
2.190010070800781250e+02
2.454500007629394531e+01
8.268399810791015625e+01
3.533300018310546875e+01
2.490999984741210938e+01
5.755230102539062500e+02
8.005899810791015625e+01
2.670220031738281250e+02
4.403710021972656250e+02
1.772699928283691406e+01
7.233439941406250000e+02
9.398899841308593750e+01
1.153460006713867188e+02
2.451239929199218750e+02
9.152899932861328125e+01
2.554999923706054688e+01
1.120690002441406250e+02
4.782199859619140625e+01
1.188649978637695312e+02
7.792299652099609375e+01
4.813729858398437500e+02
1.715000000000000000e+02
6.050699996948242188e+01
2.833070068359375000e+02
5.059859924316406250e+02
6.370100021362304688e+01
9.049299621582031250e+01
1.554499969482421875e+02
4.445790100097656250e+02
4.100299835205078125e+01
2.417799949645996094e+01
1.687790069580078125e+02
2.719559936523437500e+02
1.367870025634765625e+02
1.670330047607421875e+02
3.790010070800781250e+02
1.284570007324218750e+02
1.157699966430664062e+01
1.820030059814453125e+02
2.026560058593750000e+02
1.583500003814697266e+01
1.476600036621093750e+02
2.846489868164062500e+02
3.510350036621093750e+02
2.810939941406250000e+02
9.675000190734863281e+00
6.004000244140625000e+02
1.188130035400390625e+02
3.854890136718750000e+02
1.185839996337890625e+02
1.180930023193359375e+02
4.841299819946289062e+01
7.687400054931640625e+01
1.832409973144531250e+02
2.878880004882812500e+02
4.393219909667968750e+02
2.874530029296875000e+02
1.233500003814697266e+01
5.273600006103515625e+01
2.139819946289062500e+02
3.049600028991699219e+01
4.591899871826171875e+01
6.221099853515625000e+01
5.201530151367187500e+02
6.209229736328125000e+02
4.818799972534179688e+01
4.314060058593750000e+02
1.404700012207031250e+02
9.960399627685546875e+01
2.069510040283203125e+02
9.532999992370605469e+00
6.361199951171875000e+01
1.394369964599609375e+02
3.973400115966796875e+01
3.699010009765625000e+02
9.617199707031250000e+01
2.281289978027343750e+02
7.810759887695312500e+02
5.349800109863281250e+01
8.588000297546386719e+00
7.642700195312500000e+01
3.453729858398437500e+02
9.350000381469726562e+00
6.089639892578125000e+02
4.009979858398437500e+02
3.470929870605468750e+02
1.703979949951171875e+02
1.882519989013671875e+02
1.323099994659423828e+01
9.957900238037109375e+01
3.206090087890625000e+02
1.392399978637695312e+01
1.711199951171875000e+01
1.099600028991699219e+01
6.677600097656250000e+01
1.038020019531250000e+02
7.608060302734375000e+02
2.544599914550781250e+01
3.402500152587890625e+01
2.578229980468750000e+02
3.068499946594238281e+01
8.668599700927734375e+01
1.064177978515625000e+03
3.643600082397460938e+01
8.841380004882812500e+02
6.199300003051757812e+01
1.554750061035156250e+02
7.731700134277343750e+01
9.388999938964843750e+00
1.226000022888183594e+01
3.513899993896484375e+01
9.011900329589843750e+01
8.641799926757812500e+01
1.937800025939941406e+01
1.521390075683593750e+02
3.282000064849853516e+00
3.658000183105468750e+01
3.495979919433593750e+02
5.720899963378906250e+01
6.030850219726562500e+02
1.181279983520507812e+02
4.708640136718750000e+02
1.254580001831054688e+02
2.258000030517578125e+02
1.696239929199218750e+02
6.841000366210937500e+01
4.109509887695312500e+02
2.285799980163574219e+01
6.824169921875000000e+02
4.610700073242187500e+02
8.702600097656250000e+01
4.338899993896484375e+01
1.657140045166015625e+02
7.924500274658203125e+01
2.463840026855468750e+02
2.969000101089477539e+00
2.976180114746093750e+02
7.968199920654296875e+01
7.461999893188476562e+00
1.186940002441406250e+02
1.035130004882812500e+02
3.303450012207031250e+02
8.580500030517578125e+01
3.096640014648437500e+02
3.666500091552734375e+01
1.170039978027343750e+02
5.070140075683593750e+02
1.687779998779296875e+02
6.175899887084960938e+01
8.391699981689453125e+01
3.454689941406250000e+02
1.226470031738281250e+02
3.530509948730468750e+02
2.079899978637695312e+01
9.003800201416015625e+01
1.181859970092773438e+02
2.251199913024902344e+01
2.845350036621093750e+02
8.022699737548828125e+01
4.647049865722656250e+02
3.979100036621093750e+01
1.735549926757812500e+02
2.361920013427734375e+02
2.672900009155273438e+01
5.334270019531250000e+02
1.529599952697753906e+01
1.541600036621093750e+01
4.383900146484375000e+02
1.236019973754882812e+02
2.938779907226562500e+02
2.422100067138671875e+01
9.338000297546386719e+00
2.305699920654296875e+01
1.494770050048828125e+02
2.376099967956542969e+01
6.365999984741210938e+01
1.211800003051757812e+01
2.211199951171875000e+02
8.053700256347656250e+01
4.997399902343750000e+01
8.614800262451171875e+01
2.224069976806640625e+02
1.437590026855468750e+02
8.868000030517578125e+00
3.545600128173828125e+01
2.669190063476562500e+02
1.545499992370605469e+01
6.809400177001953125e+01
5.099499893188476562e+01
3.290599822998046875e+01
1.066770019531250000e+02
3.575119934082031250e+02
3.952500152587890625e+01
4.259010009765625000e+02
2.096660003662109375e+02
1.605200004577636719e+01
1.328040008544921875e+02
1.083690032958984375e+02
1.845529937744140625e+02
1.197399997711181641e+01
5.795000076293945312e+00
2.294499969482421875e+02
1.742760009765625000e+02
3.827789916992187500e+02
3.305910034179687500e+02
6.000699996948242188e+01
1.291589965820312500e+02
8.843999862670898438e+00
2.187239990234375000e+02
1.072900009155273438e+01
1.344999980926513672e+01
3.752700042724609375e+01
2.113249969482421875e+02
1.459570007324218750e+02
3.271950073242187500e+02
7.585999965667724609e+00
9.871000289916992188e+00
3.644039916992187500e+02
4.686999893188476562e+01
1.613470001220703125e+02
1.733280029296875000e+02
5.671220092773437500e+02
1.057800006866455078e+01
2.081800079345703125e+01
6.584860229492187500e+02
5.059370117187500000e+02
3.439979858398437500e+02
4.249000167846679688e+01
1.130500030517578125e+01
3.990299987792968750e+01
8.000399780273437500e+01
3.915900039672851562e+01
2.023899993896484375e+02
4.907500076293945312e+01
1.021409988403320312e+02
1.710000038146972656e+01
3.860900115966796875e+01
3.078420104980468750e+02
1.078399963378906250e+02
1.386499977111816406e+01
2.141799926757812500e+01
1.781999969482421875e+01
7.859899902343750000e+01
1.405630035400390625e+02
1.948699951171875000e+02
2.165200042724609375e+01
5.593670043945312500e+02
7.061599731445312500e+01
7.303199768066406250e+01
6.559279785156250000e+02
4.171849975585937500e+02
8.113029785156250000e+02
2.962349853515625000e+02
1.298489990234375000e+02
8.214600372314453125e+01
4.303400039672851562e+01
1.524889984130859375e+02
2.299299926757812500e+02
2.736000061035156250e+01
1.728809967041015625e+02
1.305839996337890625e+02
2.565870056152343750e+02
4.913000106811523438e+01
3.567059936523437500e+02
3.731600189208984375e+01
1.262060012817382812e+02
1.309499969482421875e+02
2.948540039062500000e+02
9.278600311279296875e+01
1.222000026702880859e+01
1.177880020141601562e+02
1.410599994659423828e+01
4.503739929199218750e+02
9.739199829101562500e+01
1.194400024414062500e+01
1.673299980163574219e+01
6.746099853515625000e+01
6.221300125122070312e+01
8.898799896240234375e+01
2.559779968261718750e+02
1.960279998779296875e+02
1.691150054931640625e+02
5.461999893188476562e+00
8.216600036621093750e+01
7.475199890136718750e+01
2.663999938964843750e+01
1.612729949951171875e+02
5.517200088500976562e+01
5.244630126953125000e+02
1.989239959716796875e+02
9.197999954223632812e+00
2.307799987792968750e+02
1.774609985351562500e+02
2.696800041198730469e+01
4.576000213623046875e+00
1.838170013427734375e+02
5.116799926757812500e+01
1.451450042724609375e+02
1.065879974365234375e+02
1.596029968261718750e+02
9.923999786376953125e+00
4.123869934082031250e+02
5.363129882812500000e+02
3.547399902343750000e+01
4.765999794006347656e+00
9.288000106811523438e+00
7.630729980468750000e+02
7.364900207519531250e+01
2.893179931640625000e+02
2.030850067138671875e+02
4.071459960937500000e+02
2.476959991455078125e+02
1.408699989318847656e+01
5.021640014648437500e+02
4.094699859619140625e+01
1.706900024414062500e+01
7.324099731445312500e+01
2.909360046386718750e+02
1.897200012207031250e+01
2.066200065612792969e+01
4.928300094604492188e+01
7.133300018310546875e+01
6.152299880981445312e+01
2.479500007629394531e+01
4.065809936523437500e+02
1.438800048828125000e+02
3.935699844360351562e+01
4.212139892578125000e+02
6.982199859619140625e+01
8.476399993896484375e+01
2.772990112304687500e+02
6.315739746093750000e+02
4.779600143432617188e+01
2.522180023193359375e+02
1.526119995117187500e+02
6.669890136718750000e+02
1.322299957275390625e+01
1.225550003051757812e+02
1.376029968261718750e+02
7.124199676513671875e+01
6.248199844360351562e+01
8.293000030517578125e+01
1.485700035095214844e+01
2.127019958496093750e+02
1.660679931640625000e+02
1.371770019531250000e+02
1.397740020751953125e+02
8.353900146484375000e+01
1.291600036621093750e+01
1.603100013732910156e+01
3.241199874877929688e+01
2.523999977111816406e+01
1.459850006103515625e+02
7.498000144958496094e+00
2.033300018310546875e+01
8.434799957275390625e+01
6.259509887695312500e+02
9.574400329589843750e+01
2.320890045166015625e+02
3.663819885253906250e+02
4.047980041503906250e+02
2.682999877929687500e+02
1.767180023193359375e+02
6.614999771118164062e+00
3.014800071716308594e+01
1.738100051879882812e+01
1.394099998474121094e+01
6.932599639892578125e+01
1.704499969482421875e+02
5.026659851074218750e+02
3.195800018310546875e+01
4.850400161743164062e+01
5.926300048828125000e+01
5.811100006103515625e+01
1.909759979248046875e+02
2.744869995117187500e+02
5.425199890136718750e+01
2.033900070190429688e+01
4.073300170898437500e+01
5.866999816894531250e+01
1.370630035400390625e+02
2.202599906921386719e+01
1.124960021972656250e+02
8.020300292968750000e+01
5.984099960327148438e+01
2.210499954223632812e+01
6.813469848632812500e+02
3.095599937438964844e+01
2.059000015258789062e+01
1.270660018920898438e+02
3.769499969482421875e+01
1.750070037841796875e+02
2.433049926757812500e+02
1.789440002441406250e+02
1.275100040435791016e+01
6.824099731445312500e+01
1.849500083923339844e+01
3.368290100097656250e+02
2.208499908447265625e+01
2.363200073242187500e+02
2.448119964599609375e+02
2.128200073242187500e+02
4.982300186157226562e+01
4.659429931640625000e+02
1.556269989013671875e+02
2.228459930419921875e+02
4.591600036621093750e+01
5.072109985351562500e+02
3.368000030517578125e+01
2.426609954833984375e+02
9.675999641418457031e+00
3.692599868774414062e+01
9.591699981689453125e+01
5.259089965820312500e+02
2.627000093460083008e+00
1.299600067138671875e+02
4.185090026855468750e+02
1.091969985961914062e+02
7.641200256347656250e+01
5.625799942016601562e+01
7.496800231933593750e+01
3.359500122070312500e+01
1.943899917602539062e+01
2.215999984741210938e+01
2.339239959716796875e+02
2.290650024414062500e+02
2.252010040283203125e+02
1.049049987792968750e+02
7.485900115966796875e+01
8.969840087890625000e+02
7.556630249023437500e+02
9.537400054931640625e+01
4.631700134277343750e+01
8.927500152587890625e+01
2.208309936523437500e+02
6.452400207519531250e+01
1.240619964599609375e+02
2.233220062255859375e+02
1.209799957275390625e+01
1.420420074462890625e+02
1.966649932861328125e+02
1.062050018310546875e+02
6.609580078125000000e+02
1.715800094604492188e+01
3.581669921875000000e+02
1.708800048828125000e+02
1.786540069580078125e+02
1.897169952392578125e+02
2.893450012207031250e+02
1.092099952697753906e+01
1.046305053710937500e+03
5.045000076293945312e+01
9.590000152587890625e+01
2.762000083923339844e+01
6.166480102539062500e+02
7.058599853515625000e+01
1.518390045166015625e+02
3.944000005722045898e+00
1.819510040283203125e+02
2.004250030517578125e+02
1.995980072021484375e+02
4.628699874877929688e+01
2.928269958496093750e+02
2.701999902725219727e+00
5.560729980468750000e+02
2.279999923706054688e+01
2.532980041503906250e+02
2.191900062561035156e+01
3.628900146484375000e+01
7.362999916076660156e+00
1.667290039062500000e+02
5.431630249023437500e+02
6.223600006103515625e+01
9.897999763488769531e+00
6.927910156250000000e+02
1.444810028076171875e+02
4.641400146484375000e+01
3.561600112915039062e+01
1.420590057373046875e+02
2.345700073242187500e+01
1.159369964599609375e+02
1.026930007934570312e+02
6.496099853515625000e+01
2.289800071716308594e+01
4.913129882812500000e+02
3.025780029296875000e+02
3.802299880981445312e+01
1.148099994659423828e+01
6.398200073242187500e+02
3.570929870605468750e+02
3.152210083007812500e+02
9.428600311279296875e+01
2.316809997558593750e+02
1.043529968261718750e+02
5.377910156250000000e+02
3.560299987792968750e+02
1.928750000000000000e+02
1.172599983215332031e+01
1.023799991607666016e+01
1.716419982910156250e+02
5.649569702148437500e+02
1.393029937744140625e+02
9.755999565124511719e+00
7.708300018310546875e+01
2.128240051269531250e+02
2.920400047302246094e+01
2.719089965820312500e+02
2.712640075683593750e+02
3.515069885253906250e+02
2.265999984741210938e+01
1.982949981689453125e+02
4.876900024414062500e+02
1.344400024414062500e+01
2.544019927978515625e+02
5.746900177001953125e+01
2.840099906921386719e+01
4.879389953613281250e+02
6.261100006103515625e+01
1.105059967041015625e+02
3.763510131835937500e+02
1.623500061035156250e+01
3.068099975585937500e+01
9.369000434875488281e+00
1.672200012207031250e+01
1.561340026855468750e+02
5.239349975585937500e+02
3.937609863281250000e+02
6.114099884033203125e+01
1.959120025634765625e+02
2.525260009765625000e+02
1.797500038146972656e+01
1.149699974060058594e+01
1.755500030517578125e+01
2.153769989013671875e+02
3.586899948120117188e+01
7.923999786376953125e+00
7.363040161132812500e+02
1.399830017089843750e+02
2.500970001220703125e+02
1.792200012207031250e+02
6.467099761962890625e+01
4.478519897460937500e+02
1.681299972534179688e+01
9.979599761962890625e+01
4.264799880981445312e+01
6.866000175476074219e+00
1.194990005493164062e+02
3.660379943847656250e+02
1.971690063476562500e+02
9.733699798583984375e+01
1.474309997558593750e+02
1.248899993896484375e+02
3.471130065917968750e+02
3.298819885253906250e+02
1.923430023193359375e+02
2.627170104980468750e+02
1.137300014495849609e+01
3.004819946289062500e+02
1.039670028686523438e+02
5.531999969482421875e+01
2.467839965820312500e+02
4.102439880371093750e+02
1.475959930419921875e+02
1.854770050048828125e+02
6.656900024414062500e+01
3.337799835205078125e+01
7.843999862670898438e+00
3.000000000000000000e+01
2.687900085449218750e+02
1.767980041503906250e+02
3.306080017089843750e+02
6.252999782562255859e+00
1.656900024414062500e+01
2.804899978637695312e+01
1.570800018310546875e+01
6.948200225830078125e+01
4.047999954223632812e+01
8.143800354003906250e+01
1.536100006103515625e+02
1.667050018310546875e+02
2.206020050048828125e+02
2.793330078125000000e+02
4.934000015258789062e+00
6.137300109863281250e+01
2.853240051269531250e+02
5.889899826049804688e+01
8.439399719238281250e+01
3.609999847412109375e+01
1.478299999237060547e+01
1.582299995422363281e+01
2.810249938964843750e+02
1.328630065917968750e+02
8.191500091552734375e+01
2.595539855957031250e+02
8.184799957275390625e+01
1.105169982910156250e+02
1.050300025939941406e+01
3.617909851074218750e+02
2.173110046386718750e+02
5.927869873046875000e+02
2.744330139160156250e+02
6.456199951171875000e+02
1.365930023193359375e+02
2.881799926757812500e+02
1.712500000000000000e+01
7.266000366210937500e+01
1.215830001831054688e+02
7.216000080108642578e+00
2.795580139160156250e+02
2.563500022888183594e+01
7.356030273437500000e+02
1.794170074462890625e+02
2.173900032043457031e+01
1.300000000000000000e+02
4.284799957275390625e+01
7.837999725341796875e+01
1.584000015258789062e+01
9.955699920654296875e+01
2.725900077819824219e+01
1.674190063476562500e+02
6.140260009765625000e+02
4.977600097656250000e+01
1.326880035400390625e+02
1.481000041961669922e+01
1.363580017089843750e+02
2.915450134277343750e+02
6.783000183105468750e+01
2.215699958801269531e+01
8.642700195312500000e+01
7.413500213623046875e+01
1.308719940185546875e+02
1.051849975585937500e+02
7.623400115966796875e+01
1.206460037231445312e+02
7.762940063476562500e+02
1.061119995117187500e+03
1.845800018310546875e+01
5.085800170898437500e+01
3.126140136718750000e+02
7.035600280761718750e+01
3.353099822998046875e+01
5.435800170898437500e+01
3.147739868164062500e+02
2.125240020751953125e+02
8.889080200195312500e+02
1.975800018310546875e+02
1.896479949951171875e+02
6.299399948120117188e+01
1.145260009765625000e+02
5.800150146484375000e+02
4.609949951171875000e+02
1.640079956054687500e+02
1.413799953460693359e+01
3.086999893188476562e+00
1.024800033569335938e+02
8.102000236511230469e+00
1.973549957275390625e+02
3.849320068359375000e+02
3.212340087890625000e+02
1.077499961853027344e+01
3.557699966430664062e+01
1.105380020141601562e+02
3.734199905395507812e+01
8.879199981689453125e+01
1.377900028228759766e+01
1.532989959716796875e+02
2.929270019531250000e+02
2.980400085449218750e+01
5.910999774932861328e+00
8.105500030517578125e+01
8.767199707031250000e+01
8.295500183105468750e+01
7.706600189208984375e+01
1.657400054931640625e+02
2.434730072021484375e+02
1.307579956054687500e+02
1.356990051269531250e+02
2.813399963378906250e+02
1.039520034790039062e+02
1.376730041503906250e+02
3.377739868164062500e+02
3.153100013732910156e+01
5.521900177001953125e+01
9.093699645996093750e+01
5.282999992370605469e+00
2.040509948730468750e+02
1.337109985351562500e+02
2.641319885253906250e+02
5.905199813842773438e+01
1.072040023803710938e+02
7.475299835205078125e+01
1.723009948730468750e+02
2.268760070800781250e+02
8.858999633789062500e+01
4.082390136718750000e+02
5.076430053710937500e+02
2.639549865722656250e+02
3.743000030517578125e+01
1.373849945068359375e+02
3.265999984741210938e+01
8.218999862670898438e+00
2.277790069580078125e+02
4.692100143432617188e+01
1.126299953460693359e+01
2.309900093078613281e+01
1.435000000000000000e+02
8.803199768066406250e+01
4.068199920654296875e+01
2.116840057373046875e+02
3.155100059509277344e+01
8.656999969482421875e+01
6.909200286865234375e+01
5.217599868774414062e+01
3.867800140380859375e+01
1.095660018920898438e+02
3.611500167846679688e+01
1.169099998474121094e+01
