1.176792871093750000e+04
5.374590820312500000e+03
1.418037500000000000e+04
4.934710083007812500e+02
3.035839453125000000e+04
4.158426171875000000e+04
5.191599731445312500e+02
4.974154785156250000e+03
6.263120117187500000e+02
1.532092041015625000e+03
1.818405029296875000e+03
1.968166210937500000e+04
6.099283203125000000e+03
3.990358886718750000e+03
2.381669921875000000e+04
1.895590942382812500e+03
1.024000683593750000e+04
6.390753906250000000e+03
1.152979003906250000e+03
4.775650024414062500e+02
2.031849975585937500e+02
1.358550048828125000e+03
2.258359985351562500e+02
1.883024414062500000e+04
9.042979736328125000e+02
4.085660095214843750e+02
3.762471923828125000e+03
4.972424804687500000e+03
3.592970947265625000e+03
9.817123046875000000e+03
1.070661718750000000e+04
1.633317993164062500e+03
5.725603515625000000e+04
3.538104296875000000e+04
2.999366943359375000e+03
4.300219531250000000e+04
2.741332031250000000e+03
1.673369995117187500e+03
1.063075781250000000e+04
3.178364648437500000e+04
3.282441894531250000e+03
1.133765722656250000e+04
2.366062988281250000e+03
1.500498828125000000e+04
1.466157812500000000e+04
2.986380004882812500e+02
1.215274218750000000e+04
2.674716064453125000e+03
2.665260009765625000e+02
2.112608593750000000e+04
1.741532421875000000e+04
1.761641015625000000e+04
1.816443969726562500e+03
3.160263085937500000e+04
5.897979003906250000e+03
1.212181030273437500e+03
8.266455078125000000e+03
9.788654296875000000e+03
3.914689941406250000e+02
1.939605273437500000e+04
2.530897851562500000e+04
4.450729003906250000e+03
2.741856054687500000e+04
2.555391601562500000e+04
3.619883056640625000e+03
8.537269897460937500e+02
8.076999664306640625e+01
2.354562695312500000e+04
2.323379882812500000e+04
1.087703808593750000e+04
1.528249023437500000e+03
4.182830078125000000e+04
2.688400077819824219e+01
6.858265136718750000e+03
6.097479858398437500e+02
1.100321875000000000e+04
1.337718017578125000e+03
4.972350097656250000e+03
2.237400054931640625e+01
2.318204101562500000e+03
2.188961914062500000e+03
1.186966015625000000e+04
1.778370703125000000e+04
2.656686035156250000e+03
2.913578320312500000e+04
6.023111816406250000e+03
4.002488037109375000e+03
7.256690063476562500e+02
2.555220031738281250e+02
5.866434082031250000e+03
1.227165527343750000e+04
4.901076171875000000e+03
3.058630065917968750e+02
1.060993945312500000e+04
7.274879760742187500e+02
2.921995117187500000e+03
8.932422851562500000e+03
6.313291015625000000e+03
6.541899871826171875e+01
6.700962890625000000e+03
1.581159057617187500e+03
1.080294726562500000e+04
3.094018066406250000e+03
2.719060058593750000e+02
7.587178222656250000e+03
5.447854003906250000e+03
5.047700119018554688e+01
3.179039916992187500e+02
1.144395019531250000e+03
1.280253808593750000e+04
9.700029907226562500e+02
2.987960937500000000e+03
5.912478027343750000e+03
1.007459472656250000e+04
5.757990112304687500e+02
6.212589843750000000e+03
1.268764453125000000e+04
6.100077148437500000e+03
6.775767089843750000e+03
1.075094433593750000e+04
1.176845947265625000e+03
9.374967773437500000e+03
1.653523828125000000e+04
1.387026171875000000e+04
3.069779968261718750e+02
4.402334960937500000e+03
6.140170898437500000e+03
9.388252929687500000e+03
2.308798828125000000e+04
3.972399902343750000e+01
5.201750976562500000e+03
2.714645996093750000e+03
3.923516113281250000e+03
2.105771972656250000e+03
4.891064843750000000e+04
1.221406835937500000e+04
1.464391406250000000e+04
5.077890014648437500e+02
4.154000976562500000e+03
1.520590057373046875e+02
2.067108886718750000e+03
1.843651977539062500e+03
1.893200073242187500e+02
3.338008056640625000e+03
7.616732910156250000e+03
1.428279687500000000e+04
2.782569885253906250e+02
5.237949829101562500e+02
5.158479003906250000e+03
1.185703906250000000e+04
6.647449951171875000e+02
1.767909179687500000e+04
4.976283984375000000e+04
2.186039062500000000e+03
2.699660888671875000e+03
3.886999893188476562e+01
8.042730102539062500e+02
2.942700004577636719e+01
1.424764038085937500e+03
1.323726367187500000e+04
1.178148535156250000e+04
3.597834960937500000e+03
4.929089965820312500e+02
2.346737060546875000e+03
1.398890991210937500e+03
7.753148925781250000e+03
2.141430053710937500e+02
3.636019897460937500e+02
2.054779052734375000e+03
5.628402832031250000e+03
4.734418945312500000e+03
3.677624023437500000e+03
9.346427734375000000e+03
7.845089721679687500e+02
1.324234082031250000e+04
1.318980957031250000e+03
1.373600006103515625e+01
2.802166015625000000e+03
5.402334960937500000e+03
5.045681152343750000e+03
4.104680468750000000e+04
2.297457421875000000e+04
2.391560058593750000e+02
6.536690063476562500e+02
7.825130004882812500e+02
1.096109667968750000e+04
1.507951049804687500e+03
2.916932617187500000e+04
8.648263671875000000e+03
6.364340209960937500e+02
7.047080078125000000e+02
1.681872265625000000e+04
1.476704956054687500e+03
1.930647949218750000e+03
2.520039978027343750e+02
2.478529968261718750e+02
1.716146972656250000e+03
4.669687011718750000e+03
1.381933007812500000e+04
1.435800018310546875e+02
5.256665039062500000e+03
8.302730102539062500e+02
2.978649414062500000e+04
2.205359954833984375e+02
6.937100219726562500e+01
1.122488037109375000e+03
1.589079956054687500e+03
2.331735107421875000e+03
9.015049804687500000e+03
4.075650024414062500e+02
7.178700256347656250e+01
3.007909851074218750e+02
2.845960083007812500e+02
1.884816796875000000e+04
3.559609985351562500e+02
4.499160156250000000e+03
1.252796997070312500e+03
1.194582031250000000e+03
2.819644042968750000e+03
8.073090209960937500e+02
6.541437011718750000e+03
1.015066601562500000e+04
2.918547119140625000e+03
7.347319946289062500e+02
1.320489959716796875e+02
2.329389953613281250e+02
1.885880004882812500e+03
7.032402832031250000e+03
2.103519531250000000e+04
1.575261035156250000e+04
1.207095019531250000e+04
4.041493896484375000e+03
2.295590057373046875e+02
2.867534912109375000e+03
5.549502929687500000e+03
3.588541015625000000e+03
3.227975585937500000e+04
1.665010009765625000e+03
4.071693115234375000e+03
1.318011962890625000e+03
1.161797973632812500e+03
1.975885986328125000e+03
6.872473144531250000e+03
6.610479980468750000e+03
1.798770019531250000e+03
1.012892089843750000e+04
6.200836914062500000e+03
1.626297973632812500e+03
1.490541015625000000e+03
6.578435058593750000e+03
2.197290039062500000e+02
2.321794140625000000e+04
3.301471923828125000e+03
6.212130126953125000e+02
4.430501953125000000e+03
1.522510070800781250e+02
1.367389984130859375e+02
6.052082031250000000e+03
7.333540039062500000e+03
2.889219970703125000e+03
8.730953125000000000e+03
5.284580078125000000e+02
2.238815917968750000e+03
7.868839721679687500e+02
1.702562500000000000e+04
3.396945312500000000e+04
1.642650585937500000e+04
2.406466064453125000e+03
5.115530090332031250e+02
1.221589965820312500e+02
3.536368896484375000e+03
4.149704101562500000e+03
3.537197021484375000e+03
1.368390014648437500e+03
8.765374023437500000e+03
1.205519335937500000e+04
1.222473535156250000e+04
7.962512207031250000e+03
4.632671875000000000e+03
1.277390332031250000e+04
3.512306884765625000e+03
2.265237060546875000e+03
1.124551269531250000e+04
2.359132031250000000e+04
1.339825000000000000e+04
6.238640136718750000e+02
1.012560156250000000e+04
4.116511718750000000e+04
2.857389892578125000e+03
2.340325927734375000e+03
6.644088281250000000e+04
1.550483496093750000e+04
2.212729949951171875e+02
1.076760009765625000e+03
2.085389257812500000e+04
5.453761230468750000e+03
7.268721191406250000e+03
3.766470031738281250e+02
1.800274047851562500e+03
7.286844238281250000e+03
9.261172851562500000e+03
5.513926757812500000e+03
2.266032958984375000e+03
1.264142089843750000e+04
1.361340026855468750e+02
4.267006835937500000e+03
1.842978906250000000e+04
1.028359985351562500e+02
3.182820129394531250e+02
1.011009979248046875e+02
1.830401977539062500e+03
5.533767089843750000e+03
2.770239868164062500e+02
1.161011962890625000e+03
1.160520214843750000e+04
5.174739990234375000e+02
7.340360107421875000e+02
1.695126953125000000e+03
1.036744726562500000e+04
1.004067578125000000e+04
3.875011962890625000e+03
1.274394921875000000e+04
7.841190185546875000e+02
3.953881103515625000e+03
8.109210205078125000e+02
6.569310302734375000e+02
8.394829101562500000e+03
1.498167968750000000e+03
5.028274902343750000e+03
1.318399414062500000e+04
9.824872070312500000e+03
2.566769140625000000e+04
4.147879943847656250e+02
2.203419952392578125e+02
9.161399841308593750e+01
5.291504882812500000e+03
9.741010131835937500e+02
1.127329492187500000e+04
2.935748828125000000e+04
1.537212695312500000e+04
3.522414453125000000e+04
4.861809997558593750e+02
1.112594970703125000e+03
5.076367187500000000e+03
1.993265429687500000e+04
1.203562988281250000e+03
2.089297851562500000e+04
4.954374023437500000e+03
8.311577148437500000e+03
5.074724121093750000e+03
5.398820190429687500e+02
1.413830566406250000e+04
7.942595214843750000e+03
5.038475097656250000e+03
3.190190124511718750e+02
1.754541992187500000e+03
1.673164257812500000e+04
4.789913085937500000e+03
9.216353515625000000e+03
5.095319824218750000e+03
8.544619140625000000e+03
5.755995117187500000e+03
8.595031250000000000e+03
1.780016967773437500e+03
9.343863281250000000e+03
3.504166992187500000e+03
1.355559997558593750e+02
3.979919531250000000e+04
2.299189941406250000e+03
8.278232421875000000e+03
1.704522460937500000e+04
1.285688378906250000e+04
3.427538281250000000e+04
6.857609863281250000e+02
2.915850195312500000e+04
2.467155029296875000e+03
1.278505004882812500e+03
4.341284179687500000e+03
3.217226953125000000e+04
2.232500000000000000e+02
1.115320898437500000e+04
3.919077880859375000e+03
5.553300094604492188e+01
1.157864746093750000e+04
5.578580078125000000e+03
1.307896093750000000e+04
6.005623046875000000e+03
6.767804687500000000e+04
8.150910034179687500e+02
1.223102734375000000e+04
8.917371093750000000e+03
3.394509887695312500e+02
2.702491406250000000e+04
2.033508789062500000e+04
8.596069946289062500e+02
4.428799819946289062e+01
7.816199951171875000e+02
1.984140014648437500e+02
1.929695507812500000e+04
1.656251953125000000e+03
2.748283935546875000e+03
2.308072998046875000e+03
1.005670013427734375e+02
2.811999023437500000e+03
5.311919921875000000e+03
9.253900146484375000e+01
2.840199951171875000e+03
2.737822021484375000e+03
1.540430957031250000e+04
3.994389953613281250e+02
4.881473828125000000e+04
7.347979736328125000e+02
8.250835937500000000e+03
2.362413867187500000e+04
6.272067871093750000e+03
9.404305664062500000e+03
1.895995971679687500e+03
5.934199829101562500e+02
3.109293945312500000e+03
3.820525390625000000e+04
2.505077880859375000e+03
1.293509979248046875e+02
2.808991992187500000e+04
6.368500976562500000e+03
9.230369140625000000e+03
1.624613037109375000e+03
7.113020019531250000e+02
1.319660034179687500e+02
1.651500000000000000e+03
2.240009765625000000e+04
5.564995117187500000e+03
9.649780273437500000e+02
6.387342773437500000e+03
2.460277099609375000e+03
1.631185351562500000e+04
5.859545898437500000e+03
2.740761914062500000e+04
6.196974121093750000e+03
2.581516796875000000e+04
4.064119873046875000e+02
5.549599838256835938e+01
3.304719848632812500e+02
2.368972900390625000e+03
9.859701171875000000e+03
9.203186523437500000e+03
3.225539855957031250e+02
6.886829101562500000e+03
1.421185058593750000e+03
5.220300292968750000e+02
8.142609863281250000e+02
3.302009887695312500e+02
7.568377929687500000e+03
4.590536132812500000e+03
4.360604003906250000e+03
6.488599853515625000e+02
1.695578515625000000e+04
5.227601074218750000e+03
1.633531005859375000e+03
3.879224121093750000e+03
1.545383496093750000e+04
8.764456054687500000e+03
6.321736816406250000e+03
1.243916796875000000e+04
3.401619873046875000e+02
6.167312890625000000e+04
4.165663085937500000e+03
5.873067968750000000e+04
1.470567993164062500e+03
1.264433959960937500e+03
1.119727929687500000e+04
2.838565234375000000e+04
2.489648925781250000e+03
1.211858691406250000e+04
7.756528808593750000e+03
3.528290100097656250e+02
3.502788085937500000e+03
3.220157958984375000e+03
1.182894042968750000e+03
5.973820190429687500e+02
5.449695800781250000e+03
3.054496093750000000e+03
5.223426757812500000e+03
6.344978027343750000e+03
7.850060058593750000e+03
5.604821777343750000e+03
1.123220019531250000e+04
7.615739746093750000e+02
4.282812011718750000e+03
4.171996093750000000e+03
7.166753906250000000e+03
2.916520080566406250e+02
9.248909912109375000e+02
7.007440185546875000e+02
5.295951171875000000e+03
1.039751367187500000e+04
1.933864648437500000e+04
3.217242919921875000e+03
1.210397265625000000e+04
2.566549987792968750e+02
1.329127148437500000e+04
1.873139257812500000e+04
2.347531005859375000e+03
1.132484008789062500e+03
2.349117968750000000e+04
2.076753906250000000e+03
8.498752929687500000e+03
1.389380035400390625e+02
5.620700073242187500e+02
1.566359985351562500e+03
8.004746093750000000e+03
2.018187890625000000e+04
1.945553955078125000e+03
1.045996484375000000e+04
1.872813671875000000e+04
9.182299804687500000e+02
1.647401977539062500e+03
1.684896484375000000e+04
3.237569885253906250e+02
1.449426025390625000e+03
1.735859008789062500e+03
6.039151855468750000e+03
5.454203125000000000e+03
5.403809814453125000e+02
1.349017944335937500e+03
1.766659057617187500e+03
1.981597045898437500e+03
6.226900100708007812e+01
2.046860046386718750e+02
1.927900585937500000e+04
1.876119921875000000e+04
1.117600021362304688e+02
4.362300109863281250e+01
4.511799926757812500e+02
9.444060058593750000e+02
6.115640234375000000e+04
1.949457031250000000e+03
1.716994018554687500e+03
2.694931884765625000e+03
5.265200042724609375e+01
6.207130126953125000e+02
7.094638183593750000e+03
1.112329956054687500e+03
4.528269958496093750e+02
2.156289978027343750e+02
2.740746093750000000e+03
7.955759887695312500e+02
2.016916406250000000e+04
3.550212890625000000e+04
1.731576367187500000e+04
5.116820068359375000e+02
6.529897949218750000e+03
1.399254028320312500e+03
2.862579956054687500e+02
1.137618359375000000e+04
1.134406005859375000e+03
4.924299926757812500e+02
1.897963989257812500e+03
9.661569824218750000e+02
4.085880126953125000e+02
2.051644531250000000e+04
9.468055664062500000e+03
5.769609985351562500e+02
1.071774511718750000e+04
2.642170898437500000e+03
8.067801757812500000e+03
2.610677978515625000e+03
1.002229687500000000e+04
1.400607055664062500e+03
6.590689697265625000e+02
8.861800781250000000e+03
5.970195800781250000e+03
1.230318945312500000e+04
1.305249023437500000e+03
7.484258789062500000e+03
4.446932128906250000e+03
4.359562988281250000e+03
3.780340234375000000e+04
9.606771484375000000e+03
3.086050109863281250e+02
1.059222656250000000e+04
1.288691992187500000e+04
9.102779296875000000e+03
6.800256835937500000e+03
2.772590026855468750e+02
1.903618750000000000e+04
2.023642578125000000e+04
2.807252929687500000e+03
9.340332031250000000e+03
2.318280029296875000e+02
1.373616503906250000e+04
4.492495117187500000e+03
8.842906250000000000e+03
7.649700164794921875e+01
6.040752929687500000e+03
3.961894042968750000e+03
8.205778320312500000e+03
2.281823974609375000e+03
8.283309936523437500e+02
1.467820214843750000e+04
1.047541992187500000e+03
3.623965087890625000e+03
8.085500335693359375e+01
2.056753906250000000e+03
1.080601855468750000e+04
1.536970062255859375e+02
6.172549804687500000e+03
2.276430908203125000e+03
3.401549987792968750e+02
4.053919982910156250e+02
3.361607421875000000e+04
2.184932812500000000e+04
3.074751953125000000e+03
4.558297851562500000e+03
9.789778320312500000e+03
2.693408935546875000e+03
2.992429101562500000e+04
4.246378906250000000e+03
8.816483398437500000e+03
9.577459716796875000e+02
4.726742187500000000e+03
1.668103320312500000e+04
1.850730957031250000e+03
5.310650024414062500e+02
1.171337304687500000e+04
1.839313085937500000e+04
1.369087036132812500e+03
5.129600219726562500e+02
2.675673828125000000e+04
1.367145019531250000e+03
2.829236083984375000e+03
2.600078125000000000e+04
6.596461914062500000e+03
1.531684082031250000e+04
3.187707226562500000e+04
5.621983886718750000e+03
6.832371093750000000e+03
1.523867480468750000e+04
4.119125000000000000e+04
2.271790039062500000e+03
1.126611914062500000e+04
2.536067187500000000e+04
1.816514038085937500e+03
7.725039062500000000e+03
3.814363037109375000e+03
7.728649902343750000e+02
1.265062011718750000e+03
3.175000000000000000e+01
6.354890136718750000e+02
1.075377246093750000e+04
6.259729980468750000e+03
9.464359741210937500e+02
5.088402343750000000e+04
5.811520996093750000e+03
1.962189941406250000e+02
1.765690002441406250e+02
1.528656982421875000e+03
3.933284912109375000e+03
3.777259033203125000e+03
4.255710937500000000e+03
1.834609985351562500e+02
1.859113037109375000e+03
4.031050109863281250e+02
7.736270141601562500e+02
3.809326904296875000e+03
8.049809082031250000e+03
6.665159912109375000e+02
6.427860107421875000e+02
7.755300140380859375e+01
1.963425585937500000e+04
4.218051757812500000e+03
1.905359985351562500e+03
1.673571044921875000e+03
1.297006933593750000e+04
2.465060058593750000e+03
6.576170043945312500e+02
1.382016699218750000e+04
1.407270898437500000e+04
3.284696044921875000e+03
1.447390625000000000e+04
4.636669921875000000e+02
3.261141796875000000e+04
6.729818847656250000e+03
4.343670043945312500e+02
1.194806054687500000e+04
1.022914001464843750e+03
8.467369995117187500e+02
2.703057812500000000e+04
1.021211975097656250e+03
2.415109570312500000e+04
1.037655273437500000e+04
3.765289916992187500e+02
5.305654785156250000e+03
1.032703222656250000e+04
5.321166992187500000e+03
3.814444091796875000e+03
1.850958789062500000e+04
4.798560058593750000e+03
2.951319885253906250e+02
2.814119873046875000e+02
4.710103027343750000e+03
8.997440429687500000e+03
2.665263916015625000e+03
3.187725097656250000e+03
2.620622070312500000e+03
6.479710083007812500e+02
7.814890136718750000e+02
1.038020019531250000e+02
6.682186035156250000e+03
1.917802001953125000e+03
3.424687011718750000e+03
7.500359863281250000e+03
2.251202880859375000e+03
2.760861083984375000e+03
4.241289978027343750e+02
5.696035156250000000e+03
1.060069946289062500e+03
2.249282617187500000e+04
4.256470031738281250e+02
3.973055908203125000e+03
2.526156005859375000e+03
7.523090209960937500e+02
1.024352441406250000e+04
2.524975097656250000e+03
4.544569824218750000e+03
2.115574218750000000e+04
7.094589843750000000e+02
4.095285937500000000e+04
3.376770996093750000e+03
1.408380078125000000e+04
1.961432983398437500e+03
1.535924414062500000e+04
2.581726757812500000e+04
1.694058593750000000e+04
7.833326171875000000e+03
3.531851074218750000e+03
1.741204296875000000e+04
3.753609924316406250e+02
5.012709960937500000e+02
2.520959930419921875e+02
1.276299972534179688e+02
1.373249023437500000e+03
3.339629882812500000e+03
4.482172851562500000e+03
9.989501953125000000e+03
6.163770019531250000e+03
1.166256958007812500e+03
6.468360839843750000e+03
1.211299972534179688e+02
9.399847656250000000e+03
9.443337890625000000e+03
4.286740112304687500e+02
1.019408300781250000e+04
9.863159790039062500e+02
1.292757421875000000e+04
9.161657226562500000e+03
1.669133398437500000e+04
9.481450195312500000e+02
6.056389770507812500e+02
8.847319946289062500e+02
1.130972851562500000e+04
8.020850219726562500e+02
4.788199996948242188e+01
1.234927001953125000e+03
2.133195507812500000e+04
4.436565917968750000e+03
2.605448242187500000e+04
1.987350952148437500e+03
4.384813964843750000e+03
2.192775976562500000e+04
8.048500061035156250e+01
1.162883056640625000e+03
1.284396484375000000e+04
1.422924414062500000e+04
2.526199951171875000e+02
2.951924072265625000e+03
1.185067285156250000e+04
6.209140014648437500e+02
4.698431152343750000e+03
5.417620239257812500e+02
8.835629882812500000e+02
1.631579492187500000e+04
1.228189843750000000e+04
4.221361816406250000e+03
1.416629199218750000e+04
1.049628051757812500e+03
1.184496948242187500e+03
5.031889953613281250e+02
1.721609008789062500e+03
2.918998828125000000e+04
2.942468750000000000e+04
2.737563476562500000e+04
7.501459960937500000e+02
9.339180297851562500e+02
9.266060180664062500e+02
7.406078125000000000e+03
3.048106933593750000e+03
1.374667285156250000e+04
5.838768066406250000e+03
3.685831640625000000e+04
1.085774047851562500e+03
7.525151855468750000e+03
3.275230102539062500e+02
1.504597045898437500e+03
1.021895019531250000e+03
1.027432006835937500e+03
7.248027832031250000e+03
1.699217578125000000e+04
5.515342773437500000e+03
2.796207031250000000e+03
6.923300170898437500e+02
3.355362060546875000e+03
7.137203125000000000e+03
7.289130249023437500e+02
2.005903125000000000e+04
4.547399902343750000e+01
1.321773144531250000e+04
1.715230957031250000e+03
1.315960253906250000e+04
9.150123046875000000e+03
2.586799926757812500e+02
8.810289916992187500e+02
1.110999023437500000e+03
4.079590148925781250e+02
3.052837695312500000e+04
3.826140136718750000e+02
5.597000122070312500e+01
3.685720947265625000e+03
2.354162109375000000e+04
6.851897949218750000e+03
3.850846875000000000e+04
4.879819946289062500e+02
1.751150054931640625e+02
1.449933007812500000e+04
3.474818359375000000e+04
7.378469848632812500e+02
3.902102050781250000e+03
1.241569238281250000e+04
2.127815429687500000e+04
1.522910003662109375e+02
1.288238183593750000e+04
1.169197460937500000e+04
2.024228027343750000e+03
1.726829986572265625e+02
1.406909942626953125e+02
8.536640014648437500e+02
2.705796093750000000e+04
9.481839843750000000e+03
5.209099960327148438e+01
7.382870117187500000e+03
9.107336914062500000e+03
1.011103906250000000e+04
2.652662109375000000e+03
1.367899932861328125e+02
7.405202148437500000e+03
7.304006835937500000e+03
2.134039062500000000e+03
1.465410034179687500e+03
1.295857421875000000e+04
4.000899887084960938e+01
6.794760131835937500e+02
1.443739929199218750e+02
5.842654785156250000e+03
7.283347167968750000e+03
2.348920898437500000e+03
3.560146972656250000e+03
2.056721923828125000e+03
5.144065917968750000e+03
3.655955078125000000e+03
3.986600112915039062e+01
6.644971191406250000e+03
3.713202880859375000e+03
2.007306030273437500e+03
1.305950012207031250e+02
6.095599975585937500e+02
1.094098999023437500e+03
6.574653808593750000e+03
3.489090234375000000e+04
1.435087304687500000e+04
8.430953125000000000e+03
2.272968017578125000e+03
1.258799972534179688e+02
4.099752734375000000e+04
7.757470214843750000e+03
2.243026562500000000e+04
1.616589843750000000e+04
9.310470703125000000e+03
3.126933105468750000e+03
5.507059936523437500e+02
9.065050048828125000e+02
5.584539794921875000e+02
8.815380859375000000e+03
4.137275000000000000e+04
5.037890014648437500e+02
2.135777099609375000e+03
8.266675781250000000e+03
2.197230273437500000e+04
3.476237060546875000e+03
9.751705078125000000e+03
2.284899902343750000e+03
5.222900009155273438e+01
1.606257519531250000e+04
1.503843652343750000e+04
5.573987792968750000e+03
4.973084960937500000e+03
1.968650000000000000e+04
4.631589843750000000e+04
3.261334960937500000e+03
6.423579711914062500e+02
1.144791699218750000e+04
4.455266113281250000e+03
5.088663085937500000e+03
5.353985839843750000e+03
3.763541015625000000e+03
1.871215039062500000e+04
1.298623242187500000e+04
7.322810058593750000e+02
8.556627929687500000e+03
6.713661132812500000e+03
1.230287890625000000e+04
1.763485742187500000e+04
4.761553222656250000e+03
8.535919799804687500e+02
2.911629882812500000e+03
9.586781250000000000e+03
2.939966064453125000e+03
2.276066894531250000e+03
2.364250000000000000e+03
2.790830078125000000e+03
1.684858007812500000e+04
1.137927001953125000e+03
5.489780273437500000e+02
3.427502929687500000e+03
2.013982055664062500e+03
7.859875000000000000e+03
3.918720092773437500e+02
3.103099975585937500e+02
3.572810058593750000e+02
2.078306884765625000e+03
2.167972900390625000e+03
1.434920043945312500e+03
1.682833007812500000e+04
6.696871093750000000e+03
2.404019927978515625e+02
3.251819091796875000e+03
6.292317871093750000e+03
3.620454687500000000e+04
1.136561328125000000e+04
2.601801025390625000e+03
3.016860046386718750e+02
4.760690002441406250e+02
2.039563964843750000e+03
1.551190234375000000e+04
5.210165039062500000e+03
5.252630859375000000e+03
3.119759960937500000e+04
1.331940002441406250e+02
1.097214965820312500e+03
2.668989868164062500e+02
5.516242187500000000e+03
2.079160156250000000e+04
2.164250030517578125e+02
3.715549926757812500e+02
9.221319335937500000e+03
1.074436035156250000e+03
1.397041210937500000e+04
1.250025024414062500e+03
1.661670074462890625e+02
4.755979919433593750e+02
9.962280273437500000e+02
4.197005859375000000e+04
4.860598144531250000e+03
2.349365966796875000e+03
1.013849414062500000e+04
4.008269958496093750e+02
5.653735839843750000e+03
1.731595703125000000e+04
2.002691040039062500e+03
2.289579101562500000e+03
4.151099853515625000e+02
3.354451904296875000e+03
2.519183105468750000e+03
1.369114453125000000e+04
2.354735546875000000e+04
2.898250122070312500e+02
3.074255859375000000e+04
4.699409179687500000e+03
1.547460021972656250e+02
9.949762695312500000e+03
1.139363085937500000e+04
2.140370025634765625e+02
5.126706054687500000e+03
4.172791992187500000e+03
9.893510131835937500e+02
3.172128906250000000e+03
3.712605957031250000e+03
2.653678955078125000e+03
1.209273046875000000e+04
1.421543164062500000e+04
1.115089355468750000e+04
2.292259375000000000e+04
