5.059899902343750000e+01
2.223000049591064453e+00
7.816999912261962891e+00
4.814000129699707031e+00
5.429299926757812500e+01
1.905229949951171875e+02
4.341899871826171875e+01
6.579999923706054688e+00
1.586190032958984375e+02
3.773999929428100586e+00
2.274129943847656250e+02
3.820500183105468750e+01
3.142999887466430664e+00
1.099499969482421875e+02
1.220000028610229492e+00
4.794000148773193359e+00
8.420000076293945312e+00
1.955699920654296875e+01
1.875399971008300781e+01
7.129000186920166016e+00
1.167199993133544922e+01
1.856959991455078125e+02
5.630699920654296875e+01
8.577400207519531250e+01
6.209000110626220703e+00
1.035719985961914062e+02
1.188600006103515625e+02
1.181719970703125000e+02
9.675499725341796875e+01
5.066999912261962891e+00
6.446000099182128906e+00
4.110000133514404297e+00
8.968999862670898438e+00
1.526999950408935547e+00
1.379999995231628418e+00
1.182959976196289062e+02
6.037000179290771484e+00
1.845429992675781250e+02
5.202000045776367188e+01
3.252000093460083008e+00
7.243900299072265625e+01
2.604089965820312500e+02
7.600999832153320312e+00
2.375399971008300781e+01
2.207799911499023438e+01
6.481600189208984375e+01
9.933100128173828125e+01
2.553999900817871094e+00
5.672999858856201172e+00
3.628999948501586914e+00
2.562579956054687500e+02
2.256100082397460938e+01
1.146700000762939453e+01
4.190999984741210938e+00
6.714000225067138672e+00
3.092130126953125000e+02
5.828999996185302734e+00
8.136199951171875000e+01
1.449000000953674316e+00
5.962999820709228516e+00
2.286000013351440430e+00
4.876999855041503906e+00
8.927300262451171875e+01
7.057000160217285156e+00
6.223999977111816406e+00
2.596040039062500000e+02
3.178100013732910156e+01
2.973900032043457031e+01
6.370999813079833984e+00
5.261700057983398438e+01
1.273499965667724609e+01
3.844000101089477539e+00
4.078999996185302734e+00
4.711999893188476562e+00
1.269000053405761719e+00
2.358999967575073242e+00
4.015800094604492188e+01
1.111999988555908203e+00
1.481799983978271484e+01
6.629000186920166016e+00
6.044000148773193359e+00
4.025000095367431641e+00
1.522230072021484375e+02
1.396599960327148438e+01
8.170099639892578125e+01
3.099999904632568359e+00
1.479599952697753906e+01
3.484400177001953125e+01
1.042300033569335938e+01
4.991000175476074219e+00
6.278099822998046875e+01
2.769999980926513672e+00
2.414999961853027344e+00
3.821000099182128906e+00
9.977999687194824219e+00
5.039000034332275391e+00
8.958499908447265625e+01
5.995999813079833984e+00
6.324100112915039062e+01
2.851399993896484375e+01
1.203299999237060547e+01
9.235299682617187500e+01
1.067340011596679688e+02
1.832350006103515625e+02
4.111299896240234375e+01
2.377000093460083008e+00
8.135000228881835938e+00
1.423900032043457031e+01
3.195700073242187500e+01
1.450000047683715820e+00
3.047599983215332031e+01
1.858249969482421875e+02
1.711899948120117188e+01
9.046800231933593750e+01
2.447000026702880859e+00
2.461899948120117188e+01
4.914000034332275391e+00
2.114000082015991211e+00
1.945000052452087402e+00
7.271099853515625000e+01
4.795000076293945312e+00
3.362869873046875000e+02
1.003099975585937500e+02
1.051760025024414062e+02
1.409099960327148438e+01
2.263139953613281250e+02
1.299199962615966797e+01
3.989899826049804688e+01
1.484720001220703125e+02
3.607600021362304688e+01
1.860999941825866699e+00
1.504620056152343750e+02
1.991000056266784668e+00
2.313999891281127930e+00
2.489800071716308594e+01
1.859300041198730469e+01
2.987400054931640625e+01
6.504000186920166016e+00
9.149999618530273438e+00
8.282999992370605469e+00
9.156999588012695312e+00
2.193000078201293945e+00
7.728000164031982422e+00
6.093999862670898438e+00
2.769499969482421875e+01
5.551499938964843750e+01
1.088000059127807617e+00
1.200230026245117188e+02
2.068499946594238281e+01
4.416400146484375000e+01
9.638200378417968750e+01
3.483100128173828125e+01
3.759000062942504883e+00
9.822699737548828125e+01
1.728999972343444824e+00
1.296000003814697266e+00
1.809999942779541016e+00
1.682000041007995605e+00
7.498000144958496094e+00
2.026000022888183594e+00
1.701239929199218750e+02
8.751000213623046875e+01
3.411999893188476562e+01
1.706100006103515625e+02
2.774099922180175781e+01
1.063479995727539062e+02
1.776860046386718750e+02
2.512400054931640625e+01
3.213999986648559570e+00
3.190999984741210938e+00
1.018900012969970703e+01
3.664999961853027344e+00
3.131000041961669922e+00
8.446999549865722656e+00
1.978999972343444824e+00
3.222600173950195312e+01
3.915399932861328125e+01
1.053359985351562500e+02
1.195000052452087402e+00
1.030080032348632812e+02
1.151190032958984375e+02
4.988999843597412109e+00
4.725400161743164062e+01
8.550000190734863281e-01
5.259700012207031250e+01
1.273610000610351562e+02
2.263000011444091797e+00
3.954999923706054688e+00
5.185999870300292969e+00
2.818000078201293945e+00
5.589799880981445312e+01
4.571300125122070312e+01
3.431999921798706055e+00
9.654199981689453125e+01
8.013800048828125000e+01
5.597000122070312500e+00
1.779000043869018555e+00
4.602000236511230469e+00
1.747200012207031250e+01
1.198200035095214844e+01
3.136800003051757812e+01
1.025429992675781250e+02
9.165499877929687500e+01
5.048999786376953125e+00
4.306000232696533203e+00
1.245110015869140625e+02
1.382749938964843750e+02
2.980469970703125000e+02
1.875160064697265625e+02
3.888930053710937500e+02
1.154850006103515625e+02
7.954599761962890625e+01
6.371900177001953125e+01
1.025650024414062500e+02
3.349999904632568359e+00
1.945700073242187500e+01
1.264169998168945312e+02
1.266999959945678711e+00
1.682619934082031250e+02
7.780699920654296875e+01
1.235000014305114746e+00
3.056999921798706055e+00
1.926560058593750000e+02
4.228400039672851562e+01
1.529999971389770508e+00
1.028100013732910156e+01
1.052000045776367188e+00
4.639599990844726562e+01
1.276880035400390625e+02
4.763299942016601562e+01
1.497599983215332031e+01
2.029599952697753906e+01
2.961999893188476562e+00
1.791099929809570312e+01
1.117399978637695312e+01
8.276999664306640625e+01
3.121999979019165039e+00
1.042340011596679688e+02
1.427299976348876953e+01
9.018000030517578125e+01
9.843999862670898438e+00
8.655300140380859375e+01
7.268599700927734375e+01
2.602999925613403320e+00
1.021000027656555176e+00
6.845099639892578125e+01
1.260410003662109375e+02
1.082080001831054688e+02
1.368999958038330078e+00
2.218419952392578125e+02
8.954000473022460938e+00
3.192200088500976562e+01
3.454399871826171875e+01
3.104000091552734375e+00
7.410999774932861328e+00
5.847000122070312500e+00
8.375000000000000000e+00
1.832999992370605469e+01
1.221500015258789062e+01
3.358599853515625000e+01
3.946400070190429688e+01
3.071599960327148438e+01
6.990000009536743164e-01
1.393240051269531250e+02
3.246000051498413086e+00
8.053199768066406250e+01
1.600600051879882812e+01
5.560999870300292969e+00
4.096459960937500000e+02
4.259219970703125000e+02
1.881159973144531250e+02
1.979680023193359375e+02
1.472000002861022949e+00
2.919419860839843750e+02
7.909999847412109375e+00
8.475700378417968750e+01
4.405000209808349609e+00
1.733799934387207031e+01
3.355000019073486328e+00
5.368000030517578125e+00
8.417800140380859375e+01
6.383300018310546875e+01
2.345899963378906250e+01
1.021579971313476562e+02
1.682699966430664062e+01
2.315000057220458984e+00
7.347200012207031250e+01
8.367800140380859375e+01
5.682000160217285156e+00
6.520000100135803223e-01
3.930000066757202148e+00
2.186000108718872070e+00
6.718999862670898438e+00
1.325769958496093750e+02
8.163300323486328125e+01
7.193999767303466797e+00
2.016000032424926758e+00
3.996999979019165039e+00
9.071000099182128906e+00
9.145999908447265625e+00
3.634999847412109375e+01
5.269000053405761719e+00
9.419999718666076660e-01
8.725000381469726562e+00
9.086999893188476562e+00
1.904000043869018555e+00
1.922790069580078125e+02
6.223000049591064453e+00
1.764800071716308594e+01
2.220659942626953125e+02
4.572999954223632812e+00
4.110200119018554688e+01
3.943000078201293945e+00
1.761629943847656250e+02
6.000999927520751953e+00
1.207870025634765625e+02
3.003000020980834961e+00
7.907999992370605469e+00
3.489199829101562500e+01
2.873699951171875000e+01
2.690000057220458984e+00
2.057980041503906250e+02
4.164000034332275391e+00
7.605100250244140625e+01
1.423179931640625000e+02
1.836040039062500000e+02
1.140800018310546875e+02
5.803699874877929688e+01
2.371400070190429688e+01
7.620999813079833984e+00
1.111470031738281250e+02
8.575099945068359375e+01
4.457500076293945312e+01
1.424400043487548828e+01
4.440800094604492188e+01
1.376000046730041504e+00
1.316719970703125000e+02
4.052000045776367188e+00
1.398139953613281250e+02
1.079199981689453125e+02
1.624699974060058594e+01
2.960499954223632812e+01
1.827000045776367188e+01
5.537500000000000000e+01
1.429349975585937500e+02
2.447999954223632812e+00
9.215299987792968750e+01
1.891369934082031250e+02
1.260970001220703125e+02
2.858999967575073242e+00
1.829700088500976562e+01
2.162299919128417969e+01
4.283999919891357422e+00
2.488699913024902344e+01
7.107900238037109375e+01
4.190000057220458984e+00
4.449100112915039062e+01
2.884999990463256836e+00
1.330700016021728516e+01
2.523999929428100586e+00
6.414700317382812500e+01
1.789589996337890625e+02
2.680400085449218750e+01
1.822790069580078125e+02
1.953110046386718750e+02
1.940240020751953125e+02
5.427349853515625000e+02
2.196500015258789062e+01
8.230000138282775879e-01
2.571500015258789062e+01
6.035999774932861328e+00
1.133500003814697266e+01
3.825000047683715820e+00
4.471200180053710938e+01
1.372799987792968750e+02
2.477999925613403320e+00
9.959999918937683105e-01
2.486000061035156250e+00
5.520999908447265625e+00
1.667000055313110352e+00
2.980589904785156250e+02
2.091239929199218750e+02
1.158369979858398438e+02
1.041000008583068848e+00
1.140200042724609375e+01
2.971239929199218750e+02
1.991200065612792969e+01
1.890209960937500000e+02
1.756970062255859375e+02
3.292319946289062500e+02
2.918999910354614258e+00
6.530500030517578125e+01
4.471699905395507812e+01
2.487800025939941406e+01
7.939000129699707031e+00
2.401899909973144531e+01
1.734300041198730469e+01
2.206690063476562500e+02
1.646560058593750000e+02
5.861999988555908203e+00
8.486000061035156250e+01
2.103100013732910156e+01
9.089999794960021973e-01
1.727300071716308594e+01
5.050400161743164062e+01
5.058000087738037109e+00
1.374660034179687500e+02
5.917399978637695312e+01
5.059000015258789062e+00
4.882999897003173828e+00
2.607399940490722656e+01
6.401999950408935547e+00
3.332899856567382812e+01
2.358000040054321289e+00
1.203410034179687500e+02
1.932000041007995605e+00
6.034999847412109375e+00
1.919999957084655762e+00
2.922690124511718750e+02
4.446799850463867188e+01
1.149999976158142090e+00
2.697999954223632812e+00
3.585000038146972656e+00
3.015000104904174805e+00
4.665999889373779297e+00
2.191889953613281250e+02
6.192599868774414062e+01
7.846000194549560547e+00
1.456909942626953125e+02
2.786000013351440430e+00
2.044400024414062500e+01
2.506000041961669922e+00
2.055599975585937500e+01
6.000000238418579102e-01
5.830999851226806641e+00
3.185199928283691406e+01
2.020499992370605469e+01
7.943199920654296875e+01
2.168999910354614258e+00
2.171060028076171875e+02
4.750699996948242188e+01
5.004739990234375000e+02
3.312000036239624023e+00
8.651000022888183594e+00
7.342000007629394531e+00
6.699199676513671875e+01
8.696000099182128906e+00
6.521499633789062500e+01
1.932000041007995605e+00
2.759999990463256836e+00
3.059999942779541016e+00
4.987999916076660156e+00
1.360900020599365234e+01
1.427689971923828125e+02
9.925000000000000000e+01
3.429299926757812500e+01
7.110000133514404297e+00
1.614739990234375000e+02
5.620919799804687500e+02
1.218270034790039062e+02
3.766000032424926758e+00
2.303599929809570312e+01
1.389000058174133301e+00
1.812999963760375977e+00
2.618750000000000000e+02
1.677400016784667969e+01
8.017000198364257812e+00
4.826800155639648438e+01
5.782999992370605469e+00
1.795950012207031250e+02
5.935599899291992188e+01
6.019999980926513672e+00
1.861899948120117188e+01
1.461219940185546875e+02
5.323999881744384766e+00
1.860999941825866699e+00
4.028599929809570312e+01
2.422299957275390625e+01
4.642399978637695312e+01
6.575599670410156250e+01
1.652999997138977051e+00
2.848399925231933594e+01
6.866000175476074219e+00
4.217000007629394531e+00
5.694699859619140625e+01
2.131599998474121094e+01
2.270999908447265625e+00
3.094899940490722656e+01
1.139000058174133301e+00
4.932000160217285156e+00
2.240000009536743164e+00
1.824699974060058594e+01
1.113700008392333984e+01
7.479000091552734375e+00
1.025599956512451172e+01
1.062009963989257812e+02
4.777999877929687500e+01
2.836999893188476562e+00
2.901000022888183594e+00
2.740000009536743164e+00
3.006500053405761719e+01
1.800249938964843750e+02
1.442850036621093750e+02
1.085849990844726562e+02
1.822720031738281250e+02
3.941999912261962891e+00
7.836999893188476562e+00
1.109469985961914062e+02
1.473700046539306641e+01
5.188000202178955078e+00
9.330000281333923340e-01
1.309000015258789062e+00
3.588999986648559570e+00
1.909429931640625000e+02
3.469000101089477539e+00
1.804579925537109375e+02
7.760000228881835938e-01
2.485199928283691406e+01
6.011600112915039062e+01
7.360399627685546875e+01
7.659999847412109375e+00
6.751100158691406250e+01
6.241000175476074219e+00
1.298619995117187500e+02
1.688869934082031250e+02
3.093000030517578125e+01
2.533399963378906250e+01
4.505000114440917969e+00
2.096410064697265625e+02
4.433000087738037109e+00
7.969899749755859375e+01
5.705099868774414062e+01
3.055000066757202148e+00
7.336999893188476562e+00
3.714999914169311523e+00
6.975499725341796875e+01
4.810999870300292969e+00
1.163109970092773438e+02
4.726200103759765625e+01
5.622000217437744141e+00
3.686000108718872070e+00
1.132460021972656250e+02
4.789000034332275391e+00
2.389299964904785156e+01
3.366170043945312500e+02
5.092000007629394531e+00
7.651000022888183594e+00
8.268199920654296875e+01
2.614699935913085938e+01
3.898099899291992188e+01
2.458099937438964844e+01
5.803699874877929688e+01
1.159390029907226562e+02
3.685499954223632812e+01
7.149000167846679688e+00
5.394200134277343750e+01
1.568919982910156250e+02
1.051809997558593750e+02
3.974300003051757812e+01
2.699399948120117188e+01
2.524850006103515625e+02
5.809999942779541016e+00
3.595000028610229492e+00
4.459299850463867188e+01
2.775000095367431641e+00
1.560900020599365234e+01
4.430199813842773438e+01
5.471099853515625000e+01
3.256100082397460938e+01
6.829999923706054688e+00
2.929299926757812500e+01
1.165400028228759766e+01
1.155120010375976562e+02
1.967000007629394531e+00
1.909129943847656250e+02
4.651900100708007812e+01
1.698200035095214844e+01
4.239999771118164062e+00
6.447399902343750000e+01
4.801000118255615234e+00
1.850999951362609863e+00
2.239000082015991211e+00
7.757999897003173828e+00
1.083700027465820312e+02
1.595379943847656250e+02
2.861000061035156250e+00
1.996199989318847656e+01
1.657999992370605469e+00
8.006999969482421875e+00
6.771600341796875000e+01
1.725000023841857910e+00
4.635000228881835938e+00
4.247000217437744141e+00
1.289900016784667969e+01
5.905000209808349609e+00
3.307199859619140625e+01
2.338999986648559570e+00
5.712999820709228516e+00
9.745400238037109375e+01
5.389999866485595703e+00
7.221099853515625000e+01
1.451200008392333984e+01
2.607000112533569336e+00
1.552999973297119141e+00
7.137599945068359375e+01
1.931459960937500000e+02
1.314839935302734375e+02
2.648999929428100586e+00
1.533170013427734375e+02
2.425300025939941406e+01
2.335000038146972656e+00
1.610999941825866699e+00
4.760200119018554688e+01
1.093119964599609375e+02
1.113599967956542969e+01
3.881000041961669922e+00
2.266000032424926758e+00
7.770700073242187500e+01
5.222000122070312500e+00
3.032000064849853516e+00
1.149670028686523438e+02
1.746999979019165039e+00
3.408200073242187500e+01
1.212699985504150391e+01
4.747600173950195312e+01
2.240000009536743164e+00
1.468170013427734375e+02
8.855599975585937500e+01
1.411000013351440430e+00
5.284099960327148438e+01
1.973000049591064453e+00
5.421000003814697266e+00
1.137800025939941406e+01
2.226999998092651367e+00
9.786000251770019531e+00
1.975000023841857910e+00
9.235299682617187500e+01
8.737000465393066406e+00
3.674999952316284180e+00
3.415499877929687500e+01
4.415200042724609375e+01
1.216090011596679688e+02
2.349999904632568359e+00
4.519999980926513672e+00
5.285999774932861328e+00
5.840499877929687500e+01
6.059999942779541016e+00
4.158800125122070312e+01
7.209000110626220703e+00
9.675999641418457031e+00
6.275299835205078125e+01
2.224929962158203125e+02
2.665039978027343750e+02
1.677019958496093750e+02
9.711599731445312500e+01
2.369000053405761719e+01
4.997000217437744141e+00
1.991529998779296875e+02
3.759999990463256836e+00
2.068910064697265625e+02
1.124280014038085938e+02
9.096499633789062500e+01
4.239999771118164062e+00
1.804000020027160645e+00
3.087700080871582031e+01
6.184500122070312500e+01
3.957999944686889648e+00
1.794999957084655762e+00
5.392900085449218750e+01
3.834500122070312500e+01
5.063899993896484375e+01
3.601999998092651367e+00
8.896900177001953125e+01
9.553199768066406250e+01
1.788199996948242188e+01
8.330000042915344238e-01
1.666200065612792969e+01
5.193999767303466797e+00
3.124000072479248047e+00
3.849630126953125000e+02
6.085000038146972656e+00
3.589999914169311523e+00
9.562999725341796875e+01
3.555000066757202148e+00
1.501000046730041504e+00
1.906000018119812012e+00
4.721799850463867188e+01
4.406999969482421875e+01
2.612449951171875000e+02
1.097249984741210938e+02
3.653000116348266602e+00
3.342200088500976562e+01
6.089699935913085938e+01
1.789000034332275391e+00
7.187500000000000000e+01
1.157600021362304688e+01
2.802499961853027344e+01
1.065070037841796875e+02
3.938499832153320312e+01
6.024599838256835938e+01
8.772599792480468750e+01
7.374000072479248047e+00
1.896000027656555176e+00
1.657399940490722656e+01
5.959799957275390625e+01
4.894999980926513672e+00
6.018000125885009766e+00
1.257959976196289062e+02
7.487999916076660156e+00
1.409369964599609375e+02
4.153300094604492188e+01
2.725300025939941406e+01
6.368999958038330078e+00
3.689899826049804688e+01
2.602999925613403320e+00
1.141640014648437500e+02
6.603500366210937500e+01
7.486999988555908203e+00
1.009469985961914062e+02
1.197509994506835938e+02
3.750000000000000000e-01
3.300799942016601562e+01
3.230999946594238281e+00
3.923400115966796875e+01
1.435119934082031250e+02
2.348000049591064453e+00
2.806399917602539062e+01
1.547700023651123047e+01
8.194200134277343750e+01
6.006999969482421875e+01
8.537599945068359375e+01
2.738800048828125000e+01
1.061269989013671875e+02
2.775000095367431641e+00
8.369400024414062500e+01
8.435000419616699219e+00
3.278300094604492188e+01
1.429100036621093750e+01
1.264929962158203125e+02
2.805999994277954102e+00
4.005699920654296875e+01
1.438450012207031250e+02
1.527099990844726562e+01
4.127999877929687500e+01
1.965999960899353027e+00
9.623999595642089844e+00
5.040999889373779297e+00
1.730650024414062500e+02
3.563100051879882812e+01
4.783599853515625000e+01
2.497999906539916992e+00
9.715999603271484375e+00
8.011799621582031250e+01
3.999499893188476562e+01
1.013000011444091797e+00
1.476920013427734375e+02
2.759999990463256836e+00
3.738899993896484375e+01
5.664000034332275391e+00
1.407949981689453125e+02
1.230200004577636719e+01
4.289000034332275391e+00
2.894300079345703125e+01
4.222900009155273438e+01
1.313799953460693359e+01
1.942270050048828125e+02
2.416500091552734375e+01
8.052000045776367188e+00
5.684999942779541016e+00
5.491600036621093750e+01
1.656299972534179688e+01
8.925299835205078125e+01
4.659999847412109375e+00
3.325000047683715820e+00
2.225099945068359375e+01
3.075999975204467773e+00
4.946000099182128906e+00
1.679000020027160645e+00
6.505200195312500000e+01
5.833800125122070312e+01
2.527409973144531250e+02
2.958900070190429688e+01
1.210599994659423828e+01
9.058499908447265625e+01
9.564000129699707031e+00
1.383000016212463379e+00
1.876000046730041504e+00
1.191320037841796875e+02
1.690399932861328125e+01
1.087890014648437500e+02
1.022500038146972656e+01
5.102000236511230469e+00
1.707900047302246094e+01
1.680850067138671875e+02
1.023740005493164062e+02
1.118270034790039062e+02
3.523999929428100586e+00
1.857799911499023438e+01
1.374170074462890625e+02
2.950000000000000000e+01
3.441799926757812500e+01
1.235159988403320312e+02
2.734900093078613281e+01
2.380000114440917969e+00
5.552799987792968750e+01
2.510999917984008789e+00
1.393299961090087891e+01
9.874400329589843750e+01
4.057199859619140625e+01
2.563999891281127930e+00
4.349999904632568359e+00
4.219999790191650391e+00
5.518000125885009766e+00
2.390500068664550781e+01
3.612200164794921875e+01
1.365600013732910156e+01
1.940999984741210938e+00
2.946599960327148438e+01
8.679999709129333496e-01
1.276999969482421875e+02
9.494000434875488281e+00
7.101999664306640625e+01
5.946000099182128906e+00
8.184200286865234375e+01
5.137900161743164062e+01
3.460000038146972656e+00
6.784999847412109375e+00
3.615999937057495117e+00
9.057000160217285156e+00
2.503999948501586914e+00
1.696800041198730469e+01
5.389799880981445312e+01
5.750199890136718750e+01
6.831500244140625000e+01
6.345000076293945312e+01
3.292000055313110352e+00
1.750000000000000000e+00
5.700899887084960938e+01
9.298100280761718750e+01
7.527999877929687500e+00
2.676300048828125000e+01
1.976929931640625000e+02
9.007900238037109375e+01
4.025699996948242188e+01
1.741089935302734375e+02
5.117000102996826172e+00
1.066399955749511719e+01
2.075000000000000000e+01
2.032999992370605469e+00
4.953099822998046875e+01
3.760300064086914062e+01
4.152999877929687500e+00
9.951399993896484375e+01
6.175899887084960938e+01
2.567900085449218750e+01
2.369459991455078125e+02
6.302999877929687500e+01
2.065829925537109375e+02
1.743000030517578125e+00
1.669999957084655762e+00
7.566999912261962891e+00
8.998799896240234375e+01
8.819999694824218750e+00
5.575099945068359375e+01
2.170000076293945312e+00
3.733999967575073242e+00
1.390600013732910156e+01
2.333320007324218750e+02
2.881100082397460938e+01
1.039599990844726562e+01
6.322999954223632812e+00
6.200899887084960938e+01
5.992000102996826172e+00
1.171000003814697266e+01
4.089899826049804688e+01
1.166600036621093750e+01
8.180000185966491699e-01
4.577899932861328125e+01
1.818890075683593750e+02
1.219499969482421875e+01
4.810000061988830566e-01
3.560300064086914062e+01
3.508800125122070312e+01
3.503999948501586914e+00
6.803999900817871094e+00
1.171110000610351562e+02
1.622999954223632812e+01
9.965000152587890625e+00
9.473999786376953125e+01
1.407290039062500000e+02
2.077000045776367188e+01
4.673999786376953125e+00
3.243999958038330078e+00
4.418500137329101562e+01
3.573999881744384766e+00
1.682000041007995605e+00
2.803999900817871094e+00
1.232490005493164062e+02
1.548600006103515625e+02
3.530700073242187500e+02
1.988999962806701660e+00
5.482999801635742188e+00
8.464700317382812500e+01
4.018500137329101562e+01
1.062519989013671875e+02
2.420000076293945312e+00
2.971999883651733398e+00
9.514499664306640625e+01
6.782000064849853516e+00
4.453000068664550781e+00
9.500299835205078125e+01
4.302999973297119141e+00
1.021199989318847656e+01
6.993399810791015625e+01
9.777200317382812500e+01
4.725400161743164062e+01
3.430230102539062500e+02
1.049999952316284180e+00
1.040900039672851562e+01
4.447999954223632812e+00
2.413419952392578125e+02
6.407099914550781250e+01
1.328999996185302734e+00
2.107000112533569336e+00
1.052700042724609375e+01
4.035999774932861328e+00
1.572510070800781250e+02
5.226800155639648438e+01
4.087999820709228516e+00
2.993999958038330078e+00
3.205599975585937500e+01
3.826900100708007812e+01
2.711990051269531250e+02
2.836999893188476562e+00
1.675999999046325684e+00
7.268099975585937500e+01
6.154199981689453125e+01
5.570700073242187500e+01
7.737999916076660156e+00
2.118999958038330078e+00
1.430099964141845703e+01
1.591600036621093750e+01
1.922999978065490723e+00
1.908099937438964844e+01
4.461800003051757812e+01
3.463340148925781250e+02
1.284000015258789062e+01
2.122800064086914062e+01
1.060019989013671875e+02
3.979000091552734375e+00
6.517800140380859375e+01
2.842999935150146484e+00
1.680110015869140625e+02
7.432000160217285156e+00
1.614839935302734375e+02
6.415000152587890625e+01
9.272999763488769531e+00
1.938199996948242188e+01
2.273000001907348633e+00
8.769999742507934570e-01
4.078499984741210938e+01
1.707489929199218750e+02
2.285050048828125000e+02
5.565000057220458984e+00
4.137000083923339844e+00
8.206099700927734375e+01
6.341199874877929688e+01
1.273400020599365234e+01
4.826399993896484375e+01
4.912000179290771484e+00
3.730799865722656250e+01
3.232000112533569336e+00
5.867599868774414062e+01
1.607200050354003906e+01
1.039850006103515625e+02
2.581000089645385742e+00
8.284500122070312500e+01
5.669999718666076660e-01
9.759799957275390625e+01
3.706100082397460938e+01
1.620000004768371582e+00
5.016400146484375000e+01
5.970500183105468750e+01
7.250299835205078125e+01
1.595169982910156250e+02
6.396999835968017578e+00
5.827000045776367188e+01
5.326100158691406250e+01
1.659759979248046875e+02
5.958000183105468750e+00
6.615799713134765625e+01
2.945299911499023438e+01
4.428999900817871094e+00
2.073999881744384766e+00
5.762000083923339844e+00
5.906000137329101562e+00
3.800899887084960938e+01
5.386000156402587891e+00
1.543999958038330078e+01
9.860000014305114746e-01
