7.694854500000000000e+06
7.776973125000000000e+05
2.701031982421875000e+03
1.605978027343750000e+04
2.351336914062500000e+04
2.296560058593750000e+02
3.389006103515625000e+03
1.293704956054687500e+03
1.952760009765625000e+02
2.987178125000000000e+05
4.912740000000000000e+06
2.962048095703125000e+03
3.122200012207031250e+02
6.311179809570312500e+02
2.428150024414062500e+02
1.158769625000000000e+06
1.394843017578125000e+03
2.190983886718750000e+03
3.375625000000000000e+03
1.466371948242187500e+03
8.006192871093750000e+03
1.473153700000000000e+07
1.537842812500000000e+05
1.216994018554687500e+03
8.345248046875000000e+03
2.389309997558593750e+02
1.698354882812500000e+04
3.836262939453125000e+03
2.682176025390625000e+03
2.390635986328125000e+03
7.007099914550781250e+01
3.086019500000000000e+06
2.329429931640625000e+02
2.572702500000000000e+05
4.840620117187500000e+02
1.055487060546875000e+03
2.550875500000000000e+06
5.425199890136718750e+01
7.564862500000000000e+05
3.515313964843750000e+03
1.501512939453125000e+03
7.438972167968750000e+03
1.319606718750000000e+05
1.415736100000000000e+07
1.967559967041015625e+02
8.975349731445312500e+02
4.848850097656250000e+03
1.473051200000000000e+07
4.163722000000000000e+06
2.456690917968750000e+03
2.179980010986328125e+02
9.226287000000000000e+06
7.546472167968750000e+03
1.712918375000000000e+06
1.969772070312500000e+04
1.011229003906250000e+03
3.171207000000000000e+07
7.066409912109375000e+02
6.900003906250000000e+04
2.569628906250000000e+03
9.017540283203125000e+02
3.091102050781250000e+03
5.270584960937500000e+03
4.672497187500000000e+05
2.488105957031250000e+03
1.555980957031250000e+03
6.945839843750000000e+02
4.893044140625000000e+04
2.180214111328125000e+03
1.145567993164062500e+03
9.822842000000000000e+06
4.359787000000000000e+06
9.765120239257812500e+02
2.621999500000000000e+06
4.860268066406250000e+03
8.554947656250000000e+04
1.675691562500000000e+05
6.681770019531250000e+02
5.825698242187500000e+03
2.048504600000000000e+07
3.146310058593750000e+03
1.332978200000000000e+07
2.204342041015625000e+03
5.056647656250000000e+04
5.498200073242187500e+02
1.326975952148437500e+03
9.493400268554687500e+02
1.221333375000000000e+06
3.797748500000000000e+06
1.797984008789062500e+03
8.092089843750000000e+02
4.286863769531250000e+03
8.766195312500000000e+04
1.715855273437500000e+04
4.675922851562500000e+03
3.867875976562500000e+03
4.333183500000000000e+06
3.330710144042968750e+02
1.804800156250000000e+05
4.858800048828125000e+02
6.862823125000000000e+05
4.497810058593750000e+02
2.335074951171875000e+03
1.344519531250000000e+04
1.271887578125000000e+05
8.175109863281250000e+03
2.011893125000000000e+06
1.291089500000000000e+07
2.305930023193359375e+02
3.102050048828125000e+03
4.298376953125000000e+04
3.331451800000000000e+07
1.246268046875000000e+05
2.203002929687500000e+03
2.228499023437500000e+03
1.732595947265625000e+03
1.920180468750000000e+05
1.385749023437500000e+03
3.971173095703125000e+03
6.654952148437500000e+03
1.024268600000000000e+07
4.115396093750000000e+04
2.922626757812500000e+04
1.613665039062500000e+03
3.982110937500000000e+04
2.526800048828125000e+03
1.208808959960937500e+03
3.079862250000000000e+06
2.048218400000000000e+07
1.702365966796875000e+03
7.942100219726562500e+02
5.645070190429687500e+02
6.999500122070312500e+02
7.338049804687500000e+03
4.336823242187500000e+03
6.497799682617187500e+01
1.772156005859375000e+03
8.076019897460937500e+02
1.149670028686523438e+02
8.156003125000000000e+04
5.171117500000000000e+06
1.203479003906250000e+03
2.723080139160156250e+02
1.130740527343750000e+04
1.922557031250000000e+04
6.695233500000000000e+06
1.893279052734375000e+03
8.524291015625000000e+03
1.363164300000000000e+07
3.033727148437500000e+04
1.100432890625000000e+05
4.138062988281250000e+03
8.212990112304687500e+02
5.621661000000000000e+06
3.828016750000000000e+06
1.601721484375000000e+04
4.382867187500000000e+03
3.166084375000000000e+04
3.164218125000000000e+05
4.046314750000000000e+06
3.913380126953125000e+02
1.945671020507812500e+03
6.087529907226562500e+02
5.020026855468750000e+03
2.967831054687500000e+03
6.198634765625000000e+03
9.621963867187500000e+03
7.323042500000000000e+06
1.144733900000000000e+07
7.148985156250000000e+04
1.824193969726562500e+03
2.157120056152343750e+02
1.121051900000000000e+07
1.164580001831054688e+02
4.486403750000000000e+05
2.317531982421875000e+03
1.981248046875000000e+03
2.606508007812500000e+04
5.165610156250000000e+04
9.107821000000000000e+06
4.078030029296875000e+03
2.954041015625000000e+03
2.918144042968750000e+03
5.181211914062500000e+03
2.770941894531250000e+03
2.020854980468750000e+03
4.543517089843750000e+03
3.999577000000000000e+06
1.080750976562500000e+03
7.706710205078125000e+02
5.659660034179687500e+02
1.070305053710937500e+03
3.868940124511718750e+02
1.021409562500000000e+06
2.645245500000000000e+06
4.116648437500000000e+04
1.149605957031250000e+03
4.152466796875000000e+03
2.620989990234375000e+02
5.803075195312500000e+03
1.344915750000000000e+06
5.731311328125000000e+04
2.717931000000000000e+06
2.459198974609375000e+03
1.573292187500000000e+05
1.670468017578125000e+03
4.779890136718750000e+02
4.374067578125000000e+04
1.957229980468750000e+03
3.092555750000000000e+06
7.392305625000000000e+05
8.720429687500000000e+04
3.047849121093750000e+03
6.111030273437500000e+02
8.122794375000000000e+05
5.877969531250000000e+04
1.600473999023437500e+03
9.294414000000000000e+06
1.682573632812500000e+04
1.125529101562500000e+04
2.511697265625000000e+04
9.401589843750000000e+03
2.648070000000000000e+06
4.610887500000000000e+05
2.247052978515625000e+03
4.704783593750000000e+04
1.310444609375000000e+05
4.579368750000000000e+04
4.665817871093750000e+03
1.079203437500000000e+05
2.120706054687500000e+03
2.943591064453125000e+03
1.305514300000000000e+07
1.750520019531250000e+03
3.702329101562500000e+03
3.196555468750000000e+04
3.425676171875000000e+04
1.469119018554687500e+03
7.519504375000000000e+05
1.293786010742187500e+03
1.041755981445312500e+03
6.188790283203125000e+02
2.197851074218750000e+03
2.715099906921386719e+01
1.748323974609375000e+03
7.466838281250000000e+04
4.422324218750000000e+03
2.162870117187500000e+03
5.811419500000000000e+06
7.017299804687500000e+02
4.040439941406250000e+03
4.961070800781250000e+03
5.471458593750000000e+04
8.064239062500000000e+04
7.084799804687500000e+02
3.057522851562500000e+04
1.263643000000000000e+06
1.501833200000000000e+07
1.025876953125000000e+03
3.280397500000000000e+06
6.007869873046875000e+02
3.582117919921875000e+03
8.632576171875000000e+03
2.881478500000000000e+06
1.505581054687500000e+03
9.721817382812500000e+03
2.081015820312500000e+04
1.489371948242187500e+03
8.266311523437500000e+03
1.002991600000000000e+07
1.191657958984375000e+03
5.912000976562500000e+03
2.415362000000000000e+06
7.390992500000000000e+06
3.895974609375000000e+04
1.735099945068359375e+02
8.186128125000000000e+04
4.707269897460937500e+02
1.551799926757812500e+02
5.312029785156250000e+03
2.429965087890625000e+03
7.364959960937500000e+03
9.877125976562500000e+03
9.038514843750000000e+04
2.470040039062500000e+03
2.630876000000000000e+06
4.917599868774414062e+01
5.750510253906250000e+02
2.107820068359375000e+03
5.252777343750000000e+04
1.386249023437500000e+03
2.142939687500000000e+05
2.075806884765625000e+03
3.464400625000000000e+05
8.467987304687500000e+03
1.780633200000000000e+07
2.167572070312500000e+04
1.550209960937500000e+03
6.377069702148437500e+02
2.044452026367187500e+03
9.448785937500000000e+04
3.154409912109375000e+03
4.941923000000000000e+06
3.289072656250000000e+04
3.705343017578125000e+03
5.115090026855468750e+02
6.591899871826171875e+01
9.177631250000000000e+04
6.609910278320312500e+02
2.019464453125000000e+04
2.148640429687500000e+04
7.459046875000000000e+05
1.414649963378906250e+02
2.457749938964843750e+02
1.689453002929687500e+03
1.760070037841796875e+02
1.463314941406250000e+03
1.956116943359375000e+03
1.204697998046875000e+03
9.562640000000000000e+06
2.571102250000000000e+06
5.345819702148437500e+02
1.652615966796875000e+03
3.264091750000000000e+06
5.528287890625000000e+04
1.935636962890625000e+03
2.356580047607421875e+02
2.092291000000000000e+06
2.693664257812500000e+04
1.185424609375000000e+04
7.020762500000000000e+06
1.075119700000000000e+07
1.882127929687500000e+04
7.148310156250000000e+04
7.402747070312500000e+03
3.213519897460937500e+02
5.553900146484375000e+02
1.367698400000000000e+07
5.279445800781250000e+03
3.358089904785156250e+02
3.747770996093750000e+03
3.700969921875000000e+04
3.841574951171875000e+03
1.013296997070312500e+03
2.722487500000000000e+05
7.624618164062500000e+03
4.063684082031250000e+03
6.506414062500000000e+03
1.429430053710937500e+03
3.558991250000000000e+05
3.479694091796875000e+03
1.245180371093750000e+04
4.668517200000000000e+07
4.715960937500000000e+03
2.717569885253906250e+02
1.281309967041015625e+02
1.256720605468750000e+04
7.912760000000000000e+06
2.855697021484375000e+03
1.484980937500000000e+05
3.300488037109375000e+03
4.395269140625000000e+04
1.404291113281250000e+04
5.274509887695312500e+02
4.178200149536132812e+01
7.532647656250000000e+04
5.154340209960937500e+02
3.800684082031250000e+03
1.897831093750000000e+05
2.543815917968750000e+03
6.558679809570312500e+02
3.897924400000000000e+07
5.126716796875000000e+03
1.867989959716796875e+02
2.053480625000000000e+05
9.057376953125000000e+03
4.076705078125000000e+03
2.395805078125000000e+04
1.564151660156250000e+04
1.194501718750000000e+05
1.086396900000000000e+07
4.093450012207031250e+02
1.326926250000000000e+05
3.147772949218750000e+03
1.226262939453125000e+03
3.158072021484375000e+03
1.307486914062500000e+04
9.897428000000000000e+06
6.260941894531250000e+03
1.341253750000000000e+05
2.173605664062500000e+04
4.569023828125000000e+04
1.907330017089843750e+02
1.295256958007812500e+03
1.377302001953125000e+03
1.198005000000000000e+07
4.699869995117187500e+02
9.875230102539062500e+02
6.090430175781250000e+03
7.165073437500000000e+04
4.594661718750000000e+04
4.128819000000000000e+06
8.385650024414062500e+02
5.129380859375000000e+03
4.442267187500000000e+04
5.581161132812500000e+03
4.174779968261718750e+02
6.394237500000000000e+06
1.093070937500000000e+05
1.631329882812500000e+04
1.174785253906250000e+04
1.461156005859375000e+03
3.625549072265625000e+03
2.680960083007812500e+02
5.017612792968750000e+03
1.998915234375000000e+04
2.334398925781250000e+03
7.184936035156250000e+03
1.271279589843750000e+04
4.827739868164062500e+02
1.927516210937500000e+04
1.649469970703125000e+03
1.658600100000000000e+07
2.475802978515625000e+03
8.620554000000000000e+06
1.476241943359375000e+03
9.858142578125000000e+03
1.644726000000000000e+07
1.523710500000000000e+06
4.926210021972656250e+02
4.203232910156250000e+03
9.872739868164062500e+02
3.101908203125000000e+04
8.572562500000000000e+05
1.593760070800781250e+02
4.587236816406250000e+03
1.320182812500000000e+04
1.133375976562500000e+03
7.075667968750000000e+03
5.771163085937500000e+03
1.149754028320312500e+03
7.046294500000000000e+06
4.171166992187500000e+03
2.010484008789062500e+03
3.468099975585937500e+01
2.187948974609375000e+03
9.931141601562500000e+03
4.099777343750000000e+04
1.342140045166015625e+02
3.569892750000000000e+06
1.780494995117187500e+03
5.539644531250000000e+04
7.370041000000000000e+06
1.616183959960937500e+03
9.209722000000000000e+06
8.211621093750000000e+04
3.210310058593750000e+03
4.249514000000000000e+06
1.637564941406250000e+03
3.723005859375000000e+04
2.123074804687500000e+04
2.616459960937500000e+04
5.840114500000000000e+06
5.438664062500000000e+04
7.316414843750000000e+04
1.330026000976562500e+03
1.366477031250000000e+05
9.493060302734375000e+02
4.044169921875000000e+02
4.946300125122070312e+01
4.412268066406250000e+03
7.725135156250000000e+04
3.872652250000000000e+06
1.537487060546875000e+03
5.627778808593750000e+03
4.577338671875000000e+04
2.913423095703125000e+03
1.524529052734375000e+03
5.287709960937500000e+02
4.362290039062500000e+02
1.296609985351562500e+03
4.503269042968750000e+03
4.933909912109375000e+02
9.259790039062500000e+02
1.055646300000000000e+07
1.786860046386718750e+02
6.396489868164062500e+02
1.626979003906250000e+03
5.451040039062500000e+02
3.958000183105468750e+01
1.467449100000000000e+07
1.807487109375000000e+04
2.223061035156250000e+03
8.703947000000000000e+06
1.499669952392578125e+02
5.817800140380859375e+01
4.057969970703125000e+02
1.516880566406250000e+04
8.374822656250000000e+04
7.075365000000000000e+06
6.490996000000000000e+06
1.689180200000000000e+07
8.429521093750000000e+04
3.816523828125000000e+04
3.056538750000000000e+06
1.931519927978515625e+02
8.142903125000000000e+04
2.288930053710937500e+02
9.275789794921875000e+02
2.691069091796875000e+03
9.919575000000000000e+06
5.300796093750000000e+04
3.618852050781250000e+03
3.447470092773437500e+02
7.789099731445312500e+02
6.634799804687500000e+02
7.027826500000000000e+06
4.539803500000000000e+06
1.807327026367187500e+03
4.060419921875000000e+02
3.060003515625000000e+04
3.026979750000000000e+06
2.709935600000000000e+07
5.412570190429687500e+02
7.950616406250000000e+04
7.190941000000000000e+06
1.679660034179687500e+02
1.081129765625000000e+05
4.611003906250000000e+04
1.404969940185546875e+02
7.465659790039062500e+02
3.470280151367187500e+02
2.649889062500000000e+04
2.895950927734375000e+03
2.498198500000000000e+06
2.574590087890625000e+03
8.822100067138671875e+01
1.017764746093750000e+04
1.614332031250000000e+03
1.768099609375000000e+04
1.613899993896484375e+01
3.549093017578125000e+03
5.140564941406250000e+03
1.726098046875000000e+04
1.144205371093750000e+04
7.003229980468750000e+02
2.979818115234375000e+03
1.973320007324218750e+02
6.400404785156250000e+03
2.093259033203125000e+03
3.098210937500000000e+05
7.564758789062500000e+03
3.770629882812500000e+03
7.612279000000000000e+06
9.124470214843750000e+02
9.064901367187500000e+03
1.245145996093750000e+03
2.958704500000000000e+06
3.093649902343750000e+02
9.733571289062500000e+03
2.290237500000000000e+06
3.462508593750000000e+04
4.796950073242187500e+02
1.455461059570312500e+03
2.840462890625000000e+03
2.003751562500000000e+04
8.476407000000000000e+06
4.039419860839843750e+02
1.257905625000000000e+06
8.615319824218750000e+02
2.181857910156250000e+03
3.802700750000000000e+06
2.356615966796875000e+03
6.683114000000000000e+06
1.762857055664062500e+03
1.778140014648437500e+03
1.270608032226562500e+03
8.190766500000000000e+06
6.075199890136718750e+01
1.121048500000000000e+06
6.640125500000000000e+06
5.084829000000000000e+06
1.030777954101562500e+03
6.134616210937500000e+03
1.800232187500000000e+05
6.161332421875000000e+04
1.342865000000000000e+07
4.433189843750000000e+04
1.675421020507812500e+03
8.819389648437500000e+03
3.217770507812500000e+04
9.411456054687500000e+03
2.806207031250000000e+03
2.939700012207031250e+02
9.330491210937500000e+03
4.947676757812500000e+03
2.827667382812500000e+04
1.931036010742187500e+03
1.377750976562500000e+03
2.820200390625000000e+04
3.661656982421875000e+03
9.871299743652343750e+01
2.241821044921875000e+03
1.956462036132812500e+03
1.922519042968750000e+03
3.595082031250000000e+03
6.894100189208984375e+01
3.861545000000000000e+06
1.883620971679687500e+03
1.253904052734375000e+03
8.947326562500000000e+04
1.135839965820312500e+03
5.452332000000000000e+06
2.107946044921875000e+03
1.130744824218750000e+04
3.065331500000000000e+06
2.149813476562500000e+04
7.130869750976562500e+02
6.702180175781250000e+02
1.020169982910156250e+03
2.378020019531250000e+03
1.971893125000000000e+05
7.765919799804687500e+02
1.760977734375000000e+04
3.699400024414062500e+02
2.362865966796875000e+03
1.376002343750000000e+04
4.313129882812500000e+03
4.734020080566406250e+02
3.552650146484375000e+02
1.070334250000000000e+06
1.309469970703125000e+03
3.506679992675781250e+02
1.358171997070312500e+03
1.611398339843750000e+04
3.255194091796875000e+03
8.664870000000000000e+06
1.978431030273437500e+03
1.154089965820312500e+02
9.586432500000000000e+05
4.601714843750000000e+03
6.631241875000000000e+05
9.482988281250000000e+03
9.057705468750000000e+04
1.672046020507812500e+03
1.777270050048828125e+02
2.863447998046875000e+03
9.060073750000000000e+05
2.514494531250000000e+04
1.687817993164062500e+03
1.771108125000000000e+05
2.737139892578125000e+02
4.553258500000000000e+06
3.328267200000000000e+07
8.279169921875000000e+02
9.660610351562500000e+03
3.003330078125000000e+02
1.357410034179687500e+03
1.365160125000000000e+06
8.250396093750000000e+04
8.888140258789062500e+02
4.437438964843750000e+03
1.811540039062500000e+03
1.565776500000000000e+07
8.679871093750000000e+03
1.380005468750000000e+05
9.689099731445312500e+02
2.464614990234375000e+03
1.371053320312500000e+04
2.750186523437500000e+04
2.986420898437500000e+04
7.219140014648437500e+02
9.716982031250000000e+04
4.224148925781250000e+03
1.231718750000000000e+05
5.090450134277343750e+02
5.394769897460937500e+02
5.445499877929687500e+02
4.992768359375000000e+04
3.579450073242187500e+02
2.302742968750000000e+05
1.897964965820312500e+03
9.825907000000000000e+06
1.257577832031250000e+04
2.679841600000000000e+07
2.684179882812500000e+04
5.688957421875000000e+04
9.517490234375000000e+02
4.043543750000000000e+06
2.764311750000000000e+06
3.650570750000000000e+06
2.370740051269531250e+02
1.057643945312500000e+04
2.580513916015625000e+03
6.933598437500000000e+04
2.652184082031250000e+03
4.659347656250000000e+04
1.101619018554687500e+03
2.987563964843750000e+03
6.469671484375000000e+04
1.752234985351562500e+03
1.653547973632812500e+03
1.347213989257812500e+03
1.586901200000000000e+07
4.695190000000000000e+06
1.082037963867187500e+03
3.237860107421875000e+02
9.639689941406250000e+02
2.440330047607421875e+02
2.123864750000000000e+06
3.415230102539062500e+02
5.608400268554687500e+02
3.063479003906250000e+03
1.874304125000000000e+06
5.702929199218750000e+03
1.151903710937500000e+04
1.727764625000000000e+06
1.572719843750000000e+05
2.078067200000000000e+07
3.129322812500000000e+05
7.446912500000000000e+06
1.204279375000000000e+05
9.078716406250000000e+04
6.392479858398437500e+02
1.254974500000000000e+07
2.085042968750000000e+03
2.549388916015625000e+03
8.470358398437500000e+03
6.318748437500000000e+04
3.194426250000000000e+05
5.171409912109375000e+02
1.486764038085937500e+03
7.310485500000000000e+06
4.506075500000000000e+06
8.839268125000000000e+05
9.134650268554687500e+02
4.121716796875000000e+03
2.759503906250000000e+03
1.876690063476562500e+02
8.614592968750000000e+04
6.952812000000000000e+06
7.059169921875000000e+02
5.446920000000000000e+06
2.556244800000000000e+07
1.838091718750000000e+05
5.785871484375000000e+04
1.568270996093750000e+03
4.344489500000000000e+06
2.148117919921875000e+03
2.403410888671875000e+03
1.776580047607421875e+02
1.117793593750000000e+05
8.567890014648437500e+02
3.230925000000000000e+05
8.485859985351562500e+02
1.772573974609375000e+03
4.877961328125000000e+04
5.133687988281250000e+03
8.197522460937500000e+03
4.896451500000000000e+06
1.925938906250000000e+05
3.075270080566406250e+02
1.349792285156250000e+04
2.602915039062500000e+03
1.190992600000000000e+07
7.845875976562500000e+03
1.642599945068359375e+02
1.312909057617187500e+03
1.191920013427734375e+02
5.261402500000000000e+06
1.253358000000000000e+06
2.446159375000000000e+04
1.422128125000000000e+05
4.771404687500000000e+05
1.068780029296875000e+03
5.688518000000000000e+06
7.134243750000000000e+04
1.732046997070312500e+03
2.412061035156250000e+03
6.770777343750000000e+04
1.764109954833984375e+02
3.259792750000000000e+06
1.419045125000000000e+06
3.695028437500000000e+05
4.536011230468750000e+03
2.432310028076171875e+02
2.715937000000000000e+06
5.818661718750000000e+04
6.680729980468750000e+02
5.048983500000000000e+06
1.947974531250000000e+05
6.664839062500000000e+04
4.695119934082031250e+02
1.014578979492187500e+03
3.327360107421875000e+03
2.281493437500000000e+05
2.527416000000000000e+07
2.210463437500000000e+05
4.102292187500000000e+04
4.902587890625000000e+03
1.985733375000000000e+06
4.510674609375000000e+04
1.955200625000000000e+06
1.046691040039062500e+03
3.415794531250000000e+04
4.473280029296875000e+02
8.083200073242187500e+02
2.547826750000000000e+06
4.605378906250000000e+03
1.939869995117187500e+02
1.798510986328125000e+03
1.708140014648437500e+03
1.640399932861328125e+01
1.646735961914062500e+03
5.671672000000000000e+06
5.686317871093750000e+03
2.988629882812500000e+03
1.312354980468750000e+03
1.002253710937500000e+04
4.354339904785156250e+02
6.836549804687500000e+03
5.131739500000000000e+06
9.450327343750000000e+04
1.026561562500000000e+05
3.951224121093750000e+03
2.498508906250000000e+05
3.461416015625000000e+03
7.795805000000000000e+06
1.474166015625000000e+03
1.178765014648437500e+03
1.401817993164062500e+03
1.477662656250000000e+05
1.254935058593750000e+03
3.647882187500000000e+05
9.973524414062500000e+03
1.178505004882812500e+03
8.889279785156250000e+02
2.664118250000000000e+06
1.652628000000000000e+07
8.205960083007812500e+02
1.829840942382812500e+03
5.819030151367187500e+02
1.429993041992187500e+03
5.704600143432617188e+01
5.774249877929687500e+02
1.944230957031250000e+03
8.716069946289062500e+02
2.566232910156250000e+03
1.713464257812500000e+04
2.815850250000000000e+06
4.365999984741210938e+01
1.435852050781250000e+03
6.274208007812500000e+03
2.087629882812500000e+03
6.787190917968750000e+03
2.070270996093750000e+03
9.722449951171875000e+02
6.509787000000000000e+06
1.393339996337890625e+02
4.343434082031250000e+03
6.617267089843750000e+03
1.432958000000000000e+07
1.503505981445312500e+03
5.288409179687500000e+03
3.650960312500000000e+05
1.947874023437500000e+03
2.090122070312500000e+03
8.504730224609375000e+02
1.642188964843750000e+03
1.416551300000000000e+07
4.110345214843750000e+03
9.882680053710937500e+02
1.474543800000000000e+07
1.653870117187500000e+04
6.489324609375000000e+04
1.042328625000000000e+06
9.535937500000000000e+05
3.217940063476562500e+02
1.483214250000000000e+06
2.985246093750000000e+03
6.987933000000000000e+06
1.097273144531250000e+04
5.603647949218750000e+03
2.113062011718750000e+03
1.906383750000000000e+06
1.640749969482421875e+02
9.191068000000000000e+06
2.782336914062500000e+03
3.306487060546875000e+03
3.314769897460937500e+02
1.251601269531250000e+04
2.914739990234375000e+02
2.944488750000000000e+05
4.235258789062500000e+03
1.336314062500000000e+04
6.579199981689453125e+01
1.552974125000000000e+06
1.231707700000000000e+07
7.821279907226562500e+02
6.015510253906250000e+02
9.745300292968750000e+01
8.023548750000000000e+05
2.427836914062500000e+04
3.519699859619140625e+01
7.446400146484375000e+02
1.907845947265625000e+03
2.883531000000000000e+06
1.545052187500000000e+05
4.988514160156250000e+03
2.209766113281250000e+03
2.081794800000000000e+07
9.161883789062500000e+03
1.476353320312500000e+04
2.645078600000000000e+07
1.798108437500000000e+05
1.964700012207031250e+02
2.179420013427734375e+02
3.208663750000000000e+05
2.970882250000000000e+06
2.422571250000000000e+05
4.636128515625000000e+04
3.865779052734375000e+03
1.094503051757812500e+03
2.398934082031250000e+03
1.591628051757812500e+03
1.101688964843750000e+03
7.526231000000000000e+06
1.199071044921875000e+03
3.582930908203125000e+03
2.831457031250000000e+04
1.573770996093750000e+03
1.617183593750000000e+04
1.299555053710937500e+03
1.138030029296875000e+03
2.228258203125000000e+04
2.046430053710937500e+02
2.135480041503906250e+02
1.320359954833984375e+02
2.305492500000000000e+06
5.548515500000000000e+06
3.797498046875000000e+03
5.480090820312500000e+03
2.623900146484375000e+02
2.963806250000000000e+04
1.169663000000000000e+06
1.394588600000000000e+07
4.859499000000000000e+06
1.462975976562500000e+04
1.941115234375000000e+04
1.360822998046875000e+03
1.747141796875000000e+04
3.239939880371093750e+02
2.157981875000000000e+05
5.891514453125000000e+04
3.362502929687500000e+03
7.041736718750000000e+04
8.032887207031250000e+03
4.148692400000000000e+07
7.944419921875000000e+03
1.180812988281250000e+03
4.073639500000000000e+06
7.229445500000000000e+06
9.702579956054687500e+02
2.330989013671875000e+03
3.684169921875000000e+03
1.080209179687500000e+04
2.501032958984375000e+03
1.872432656250000000e+05
4.553800625000000000e+05
3.319943250000000000e+06
1.549669952392578125e+02
5.727834960937500000e+03
7.588959960937500000e+02
2.401511962890625000e+03
1.040317016601562500e+03
8.961199951171875000e+01
3.272749938964843750e+02
7.088858750000000000e+05
1.814379028320312500e+03
1.065108593750000000e+04
1.101327026367187500e+03
2.880465087890625000e+03
3.173619726562500000e+04
3.478344140625000000e+04
9.712280273437500000e+02
3.890104980468750000e+03
3.293099975585937500e+01
4.520204101562500000e+03
4.672142968750000000e+04
2.364435742187500000e+04
3.447189941406250000e+02
8.614680175781250000e+02
4.319685156250000000e+04
1.018581970214843750e+03
4.052697187500000000e+05
2.950289062500000000e+03
5.509944824218750000e+03
9.766690063476562500e+02
3.653626171875000000e+04
8.977100219726562500e+02
