1.644290008544921875e+02
7.260277832031250000e+03
9.993507031250000000e+04
8.067601562500000000e+04
5.182653125000000000e+04
9.909000396728515625e+00
8.058575781250000000e+04
5.720949707031250000e+02
8.522209375000000000e+04
6.406680297851562500e+02
1.401914941406250000e+04
1.022377734375000000e+05
7.335999965667724609e+00
2.115570068359375000e+02
3.918999910354614258e+00
2.886419982910156250e+02
2.012836718750000000e+05
9.714058593750000000e+03
2.542010040283203125e+02
8.358532031250000000e+04
1.141546289062500000e+04
6.567680053710937500e+02
5.578629760742187500e+02
3.821300125122070312e+01
6.107979736328125000e+02
1.249869995117187500e+02
5.417482031250000000e+04
6.060989453125000000e+04
4.793469848632812500e+02
3.940153750000000000e+05
1.663681562500000000e+05
4.160057031250000000e+04
2.542627187500000000e+05
1.509075000000000000e+05
4.236483984375000000e+04
9.858284375000000000e+04
1.231170468750000000e+05
2.799149218750000000e+04
8.228810937500000000e+04
4.559099960327148438e+01
1.217610015869140625e+02
3.195599937438964844e+01
4.225847656250000000e+04
1.051380004882812500e+02
2.251660003662109375e+02
2.344535156250000000e+04
7.120729980468750000e+02
1.063499121093750000e+04
1.505019989013671875e+02
2.311604531250000000e+05
6.263499755859375000e+02
9.990189453125000000e+03
1.566320781250000000e+05
3.356299972534179688e+01
2.151980937500000000e+05
3.960704687500000000e+05
1.171222500000000000e+05
3.233160095214843750e+02
7.946637500000000000e+04
2.488789978027343750e+02
1.213532500000000000e+05
2.792730102539062500e+02
1.202210006713867188e+02
3.488879687500000000e+04
1.272764296875000000e+05
4.405400085449218750e+01
1.810377968750000000e+05
1.998999938964843750e+02
2.543999910354614258e+00
2.296645781250000000e+05
9.832705468750000000e+04
6.242300033569335938e+01
3.612500000000000000e+02
1.233140029907226562e+02
2.533068554687500000e+04
4.533072187500000000e+05
9.152673437500000000e+04
1.253767968750000000e+04
1.209489974975585938e+02
8.415100097656250000e+01
3.020445312500000000e+05
3.337600097656250000e+02
1.559444531250000000e+05
1.708348593750000000e+05
2.025099945068359375e+01
3.943627343750000000e+04
1.401774414062500000e+04
1.556190032958984375e+02
1.412400054931640625e+02
1.104287265625000000e+05
7.636275781250000000e+04
1.438959960937500000e+02
2.539336132812500000e+04
1.286567500000000000e+05
1.394300625000000000e+05
1.949099922180175781e+01
3.215960083007812500e+02
1.481822343750000000e+05
2.814371250000000000e+05
2.688320007324218750e+02
1.057340011596679688e+02
1.142000007629394531e+01
1.097243281250000000e+05
6.529337500000000000e+04
1.704810000000000000e+05
6.968373437500000000e+04
3.224485000000000000e+05
9.457080078125000000e+02
3.862140937500000000e+05
5.373577148437500000e+03
4.162210083007812500e+02
1.531013281250000000e+05
2.976266562500000000e+05
5.574869995117187500e+02
1.111780625000000000e+05
1.054649963378906250e+02
1.617100067138671875e+02
1.888716562500000000e+05
5.211634765625000000e+04
6.981053125000000000e+04
1.262630004882812500e+02
2.410995937500000000e+05
1.860382812500000000e+04
2.665451904296875000e+03
2.744242382812500000e+04
8.411397656250000000e+04
6.657528906250000000e+04
4.246440124511718750e+02
2.707413671875000000e+04
5.247351562500000000e+04
1.113509979248046875e+02
1.644490051269531250e+02
4.850099945068359375e+01
3.043020019531250000e+02
4.818999767303466797e+00
2.549999952316284180e+00
2.035317343750000000e+05
1.133820037841796875e+02
4.513840026855468750e+02
3.195209960937500000e+02
1.699850006103515625e+02
5.430457031250000000e+04
2.599431835937500000e+04
1.041066796875000000e+05
2.507359375000000000e+05
2.593099975585937500e+02
1.554226855468750000e+04
2.669219970703125000e+02
4.441173046875000000e+04
1.122759472656250000e+04
2.303899993896484375e+02
4.210690002441406250e+02
6.585967968750000000e+04
7.559267968750000000e+04
1.717630004882812500e+02
7.992971875000000000e+04
3.848429870605468750e+02
1.188720016479492188e+02
1.471020781250000000e+05
7.296499633789062500e+01
9.973192382812500000e+03
1.047776977539062500e+03
2.962100028991699219e+01
3.531109924316406250e+02
5.846891113281250000e+03
6.577030029296875000e+02
1.818778437500000000e+05
3.958207812500000000e+05
1.809681054687500000e+04
6.989685156250000000e+04
2.414940429687500000e+04
3.998320007324218750e+02
2.945731250000000000e+04
5.300720214843750000e+02
5.964413671875000000e+04
2.590419921875000000e+02
2.169273125000000000e+05
2.530511132812500000e+04
1.181235468750000000e+05
4.216699981689453125e+01
1.133399963378906250e+01
2.989570007324218750e+02
2.458529968261718750e+02
1.073025234375000000e+05
8.286900329589843750e+01
2.519659765625000000e+04
2.393348750000000000e+05
1.152799987792968750e+01
3.443862890625000000e+04
6.842528125000000000e+04
1.771185156250000000e+04
2.481938281250000000e+05
1.023310012817382812e+02
1.629987597656250000e+04
1.225399971008300781e+01
4.253900146484375000e+01
2.135989990234375000e+02
2.220269531250000000e+04
5.777709960937500000e+02
7.006439819335937500e+02
1.333470001220703125e+02
3.532080078125000000e+02
3.143680114746093750e+02
1.502009218750000000e+05
1.735099983215332031e+01
1.727565234375000000e+04
2.105809936523437500e+02
1.611700057983398438e+01
1.070050234375000000e+05
3.356677812500000000e+05
1.165408359375000000e+05
1.349360046386718750e+02
1.333744018554687500e+03
6.473000049591064453e+00
3.339490051269531250e+02
1.199932500000000000e+05
1.280900001525878906e+01
2.633900070190429688e+01
2.414429931640625000e+02
4.795849914550781250e+02
1.227506054687500000e+04
3.269699859619140625e+01
3.323099899291992188e+01
1.531599998474121094e+01
2.559579925537109375e+02
7.584200286865234375e+01
2.018929218750000000e+05
1.719388281250000000e+04
8.645200347900390625e+01
2.828599853515625000e+02
3.834599914550781250e+02
1.244891796875000000e+05
1.872624414062500000e+04
2.304118281250000000e+05
4.018375781250000000e+04
8.438750000000000000e+02
1.897940063476562500e+02
2.608300018310546875e+01
5.302290625000000000e+04
1.311719218750000000e+05
1.594790039062500000e+02
6.573709716796875000e+02
1.596289978027343750e+02
6.302689819335937500e+02
2.350836093750000000e+05
1.286906835937500000e+04
5.824999809265136719e+00
1.938595947265625000e+03
1.864750061035156250e+02
9.789399719238281250e+01
3.326999902725219727e+00
8.292700195312500000e+01
1.721400070190429688e+01
2.049035546875000000e+04
2.075200080871582031e+01
6.185588281250000000e+04
7.322352343750000000e+04
8.000000000000000000e+00
4.078486328125000000e+04
1.529561250000000000e+05
1.051419982910156250e+02
1.310516796875000000e+05
1.865736093750000000e+05
1.581159973144531250e+02
1.837579956054687500e+02
1.534862656250000000e+05
1.837031093750000000e+05
1.125500030517578125e+02
7.536750781250000000e+04
3.514270625000000000e+05
1.131797973632812500e+03
1.661150054931640625e+02
3.306542812500000000e+05
3.084799957275390625e+01
9.845702343750000000e+04
8.517579101562500000e+03
1.365112968750000000e+05
4.375199890136718750e+02
4.941713671875000000e+04
1.293540039062500000e+02
1.252105546875000000e+05
5.934000015258789062e+00
9.573400115966796875e+01
2.372458789062500000e+04
2.008413906250000000e+05
1.896299934387207031e+01
1.186840468750000000e+05
2.377620156250000000e+05
7.297899627685546875e+01
1.426529998779296875e+02
9.172130126953125000e+02
3.560549926757812500e+02
7.383820190429687500e+02
1.922789375000000000e+05
2.400499375000000000e+05
7.204199981689453125e+01
1.201070859375000000e+05
2.136199951171875000e+01
8.649640625000000000e+03
2.613610546875000000e+04
3.141999959945678711e+00
7.018704687500000000e+04
1.420959930419921875e+02
3.901369531250000000e+04
6.181000232696533203e+00
1.087330017089843750e+02
6.036450195312500000e+02
1.944718125000000000e+05
2.679880065917968750e+02
4.503670043945312500e+02
7.995500183105468750e+01
1.987827187500000000e+05
1.481750030517578125e+02
6.937553222656250000e+03
1.717649993896484375e+02
2.759469909667968750e+02
3.362019958496093750e+02
3.892191562500000000e+05
1.550320937500000000e+05
1.126592968750000000e+04
3.474407812500000000e+05
4.412432500000000000e+05
1.233271972656250000e+03
1.899034687500000000e+05
1.114566040039062500e+03
2.754429931640625000e+02
9.528244531250000000e+04
4.616206250000000000e+05
1.816710625000000000e+05
1.057550859375000000e+05
1.127829971313476562e+02
7.497000217437744141e+00
3.172597656250000000e+04
2.512190468750000000e+05
2.421299934387207031e+01
2.724540100097656250e+02
1.985740051269531250e+02
1.435079956054687500e+02
6.593353906250000000e+04
2.382811093750000000e+05
1.650300025939941406e+01
8.088400268554687500e+01
2.099453750000000000e+05
1.741592343750000000e+05
1.114550018310546875e+02
2.007276718750000000e+05
2.327039947509765625e+02
4.497070007324218750e+02
3.394699859619140625e+01
5.377999877929687500e+01
1.782775468750000000e+05
2.481599998474121094e+01
8.232130126953125000e+02
2.432480010986328125e+02
9.109999656677246094e+00
1.491009979248046875e+02
3.106889953613281250e+02
7.177415625000000000e+05
2.911116250000000000e+05
3.875440063476562500e+02
5.479840087890625000e+02
3.636709899902343750e+02
1.144120025634765625e+02
3.475249938964843750e+02
2.690261875000000000e+05
6.447000026702880859e+00
1.445980072021484375e+02
2.846130065917968750e+02
7.536710205078125000e+02
4.228091015625000000e+04
9.406800079345703125e+01
9.457499694824218750e+01
3.445140075683593750e+02
1.584140014648437500e+02
5.242449951171875000e+02
2.515679931640625000e+02
3.863614062500000000e+05
1.593260040283203125e+02
1.069794687500000000e+05
1.676580047607421875e+02
1.761020050048828125e+02
2.414999961853027344e+00
3.909319062500000000e+05
1.327140045166015625e+02
1.184487734375000000e+05
4.293659973144531250e+02
6.860410156250000000e+04
2.835769958496093750e+02
6.568359985351562500e+02
6.180352343750000000e+04
3.114911523437500000e+04
7.642099761962890625e+01
8.545203125000000000e+04
4.725857812500000000e+04
1.155286987304687500e+03
9.748784179687500000e+03
5.013964453125000000e+04
7.113734863281250000e+03
2.446699981689453125e+02
1.891979980468750000e+02
6.519780273437500000e+02
3.335382187500000000e+05
5.344550170898437500e+02
4.902250061035156250e+02
1.382299957275390625e+02
2.385833593750000000e+04
4.898699951171875000e+01
1.010313906250000000e+05
3.764181250000000000e+04
6.510656640625000000e+04
2.767399978637695312e+01
9.800789843750000000e+04
1.788110046386718750e+02
1.215699958801269531e+01
1.998200035095214844e+01
5.681000232696533203e+00
1.639119062500000000e+05
2.857139648437500000e+04
9.520146484375000000e+03
5.404653515625000000e+04
8.441899871826171875e+01
6.697000122070312500e+01
7.973000049591064453e+00
1.513410034179687500e+02
1.741239929199218750e+02
3.438551025390625000e+03
1.162598671875000000e+05
2.376873750000000000e+05
2.449537695312500000e+04
2.063735937500000000e+05
5.400138671875000000e+04
2.184640045166015625e+02
1.810928281250000000e+05
2.977300071716308594e+01
3.163240051269531250e+02
1.860899963378906250e+02
2.089918125000000000e+05
2.300054687500000000e+05
1.470070156250000000e+05
1.220670013427734375e+02
1.351088281250000000e+05
3.104849853515625000e+02
1.176959991455078125e+02
2.123970031738281250e+02
1.419579925537109375e+02
6.610908593750000000e+04
4.158755468750000000e+04
2.773710156250000000e+04
1.507039947509765625e+02
1.708794531250000000e+05
1.308915546875000000e+05
1.640579986572265625e+02
3.184385156250000000e+04
2.171470031738281250e+02
2.389164062500000000e+03
2.812929992675781250e+02
1.125405468750000000e+05
2.461917773437500000e+04
6.225500106811523438e+01
2.952092187500000000e+05
9.820910156250000000e+04
4.224931640625000000e+04
1.719287343750000000e+05
1.110999965667724609e+01
1.135382812500000000e+05
1.110953515625000000e+05
1.264990005493164062e+02
2.147400093078613281e+01
7.031570800781250000e+03
2.691963437500000000e+05
3.228526367187500000e+04
2.436400032043457031e+01
1.790010070800781250e+02
4.372000217437744141e+00
9.713400268554687500e+01
3.083155273437500000e+04
2.181459960937500000e+02
2.024219970703125000e+02
2.368632968750000000e+05
4.765490234375000000e+04
4.799108593750000000e+04
3.314089965820312500e+02
5.071210021972656250e+02
6.016500091552734375e+01
2.877674804687500000e+04
2.198979949951171875e+02
1.337940063476562500e+02
1.057429962158203125e+02
3.900385156250000000e+04
9.864700317382812500e+01
8.163400268554687500e+01
1.905460052490234375e+02
8.326999664306640625e+00
1.751700019836425781e+01
1.316360015869140625e+02
4.303259887695312500e+02
1.991036718750000000e+05
9.935753906250000000e+04
1.996400070190429688e+01
3.761191796875000000e+04
3.481281640625000000e+04
2.388624375000000000e+05
2.146250000000000000e+02
6.288000106811523438e+01
1.165633437500000000e+05
3.157099914550781250e+02
3.791289062500000000e+04
7.359389843750000000e+04
4.012482910156250000e+03
3.242038437500000000e+05
7.832851562500000000e+04
5.079240112304687500e+02
2.259600067138671875e+02
1.862676093750000000e+05
1.943370056152343750e+02
2.536334570312500000e+04
1.688430023193359375e+02
1.184316040039062500e+03
1.307723906250000000e+05
5.709069824218750000e+02
2.772870312500000000e+04
2.811513750000000000e+05
3.981147656250000000e+04
3.650924218750000000e+04
1.513500022888183594e+01
8.722005468750000000e+04
3.001690937500000000e+05
2.064569531250000000e+05
1.357199954986572266e+01
1.130629062500000000e+05
1.767987890625000000e+04
1.332029531250000000e+05
7.487000274658203125e+01
1.277350006103515625e+02
1.661759948730468750e+02
2.098316015625000000e+04
1.501376660156250000e+04
1.084223593750000000e+05
2.205800018310546875e+02
6.237680078125000000e+04
1.358416250000000000e+05
1.043120971679687500e+03
1.505899963378906250e+02
1.286800003051757812e+01
5.604423437500000000e+04
7.074060058593750000e+02
6.381444140625000000e+04
2.676560058593750000e+02
6.587670288085937500e+02
4.225799942016601562e+01
3.681839904785156250e+02
1.374100017547607422e+01
5.361198437500000000e+04
5.041228125000000000e+04
3.080329895019531250e+02
3.451100158691406250e+01
2.306056875000000000e+05
1.076379492187500000e+04
5.210094531250000000e+04
8.056922851562500000e+03
2.202230072021484375e+02
4.901971484375000000e+04
8.423019531250000000e+03
1.071159973144531250e+02
4.321799850463867188e+01
3.702399826049804688e+01
1.490630035400390625e+02
1.534470625000000000e+05
2.488877343750000000e+05
1.631686718750000000e+05
6.825819531250000000e+04
8.396278125000000000e+04
1.493545000000000000e+05
1.088700008392333984e+01
2.321223125000000000e+05
5.580681640625000000e+04
3.741610107421875000e+02
5.723569946289062500e+02
4.825199890136718750e+01
1.175979995727539062e+02
1.046922890625000000e+05
7.046000003814697266e+00
4.543799972534179688e+01
2.006906250000000000e+05
3.972331250000000000e+04
9.005300292968750000e+02
7.514660034179687500e+02
1.508430023193359375e+02
3.836010131835937500e+02
2.640419921875000000e+02
5.555533203125000000e+04
5.504646875000000000e+04
1.626636875000000000e+05
8.501799774169921875e+01
2.092480010986328125e+02
1.805884375000000000e+05
1.309679062500000000e+05
1.109749984741210938e+02
1.502900028228759766e+01
4.918890075683593750e+02
9.364752343750000000e+04
1.137532109375000000e+05
5.059877343750000000e+04
7.079025000000000000e+04
1.943847656250000000e+05
3.739300155639648438e+01
1.227138906250000000e+05
6.739600372314453125e+01
3.666754687500000000e+04
2.315600013732910156e+01
1.208986406250000000e+05
8.601899719238281250e+01
1.838965781250000000e+05
4.485828906250000000e+04
2.961669921875000000e+02
8.003500366210937500e+01
5.845805078125000000e+04
1.405059967041015625e+02
1.871027343750000000e+04
1.326599979400634766e+01
3.604412890625000000e+04
2.117870025634765625e+02
9.600912109375000000e+03
4.044136562500000000e+05
1.670140075683593750e+02
1.164838828125000000e+05
1.074392265625000000e+05
1.703951718750000000e+05
6.224749755859375000e+02
9.027700042724609375e+01
2.189822998046875000e+03
1.420340625000000000e+05
1.014305937500000000e+05
1.346795781250000000e+05
8.407282031250000000e+04
2.909654052734375000e+03
1.842640625000000000e+05
6.279399871826171875e+01
2.389685546875000000e+04
1.774386328125000000e+04
1.440241943359375000e+03
4.528787109375000000e+04
1.073990020751953125e+02
2.452180023193359375e+02
8.471680297851562500e+02
9.645935937500000000e+04
3.479344921875000000e+04
5.731293359375000000e+04
1.451449062500000000e+05
2.466713867187500000e+04
2.503103125000000000e+05
8.024400329589843750e+01
7.734680175781250000e+02
2.428818437500000000e+05
5.153296484375000000e+04
2.968701875000000000e+05
1.976763281250000000e+05
1.264455937500000000e+05
8.807700347900390625e+01
6.605937011718750000e+03
8.297517968750000000e+04
1.140286640625000000e+05
3.414560937500000000e+04
1.288631875000000000e+05
1.316340026855468750e+02
8.034563281250000000e+04
2.182293593750000000e+05
5.357254882812500000e+03
7.717882812500000000e+04
3.849381640625000000e+04
1.462359924316406250e+02
4.229305937500000000e+05
1.110232226562500000e+04
6.091329956054687500e+02
4.284193359375000000e+04
1.011760025024414062e+02
6.668863281250000000e+04
9.891699981689453125e+01
1.164700012207031250e+02
2.351124531250000000e+05
1.616416406250000000e+05
6.157740625000000000e+04
4.310517089843750000e+03
8.400670166015625000e+02
1.034785351562500000e+04
6.026499938964843750e+01
1.532779998779296875e+02
7.902043750000000000e+04
3.421310119628906250e+02
5.556069946289062500e+02
6.684299218750000000e+04
5.629580078125000000e+03
1.854490051269531250e+02
4.198810119628906250e+02
5.437239990234375000e+02
1.117540312500000000e+05
2.631789855957031250e+02
1.001299140625000000e+05
6.541257031250000000e+04
1.543743041992187500e+03
9.048999786376953125e+00
1.130385986328125000e+03
2.591500091552734375e+01
6.536044531250000000e+04
1.055618041992187500e+03
5.909099960327148438e+01
1.276799964904785156e+01
8.910059814453125000e+02
8.728265625000000000e+04
1.640299987792968750e+01
5.414071777343750000e+03
2.814809875488281250e+02
3.373799896240234375e+01
1.616941601562500000e+04
7.226140136718750000e+02
4.134500122070312500e+01
6.177807128906250000e+03
3.529999971389770508e+00
3.218590087890625000e+02
5.072299957275390625e+01
1.471620025634765625e+02
2.966296875000000000e+04
2.058489990234375000e+02
2.485241796875000000e+04
7.208640136718750000e+02
9.652736718750000000e+04
7.039810180664062500e+02
2.735660095214843750e+02
3.005119934082031250e+02
1.721272812500000000e+05
4.452299880981445312e+01
2.503031250000000000e+04
2.715896289062500000e+04
1.868919982910156250e+02
1.231460037231445312e+02
7.030356250000000000e+04
1.579960021972656250e+02
2.362400054931640625e+01
1.932770156250000000e+05
1.406439971923828125e+02
3.408359985351562500e+02
9.292794531250000000e+04
4.535800170898437500e+01
1.131599998474121094e+01
4.386695000000000000e+05
1.009598593750000000e+05
7.932700347900390625e+01
2.028490234375000000e+04
3.270969848632812500e+02
6.769954687500000000e+04
1.332761093750000000e+05
1.413567343750000000e+05
6.356001953125000000e+04
1.085529375000000000e+05
5.700298046875000000e+04
3.659809875488281250e+02
1.594329986572265625e+02
1.051179962158203125e+02
2.593599375000000000e+05
3.511719970703125000e+02
2.747299957275390625e+01
1.596700000762939453e+01
3.308330078125000000e+02
3.521635937500000000e+04
1.099492578125000000e+05
4.051789855957031250e+02
1.060410003662109375e+02
1.105532958984375000e+03
1.370679931640625000e+02
9.756999969482421875e+00
9.248916406250000000e+04
1.481660003662109375e+02
1.292641250000000000e+05
3.706749877929687500e+02
1.899409942626953125e+02
1.400067773437500000e+04
1.135920078125000000e+05
7.359831250000000000e+04
9.713600158691406250e+01
4.281080017089843750e+02
9.065210937500000000e+03
2.399817031250000000e+05
3.271549987792968750e+02
1.907510070800781250e+02
3.661489868164062500e+02
1.573100156250000000e+05
1.952134960937500000e+04
3.847709960937500000e+02
3.803649902343750000e+02
5.736970214843750000e+02
2.499799919128417969e+01
1.772792500000000000e+05
8.470538085937500000e+03
2.417689971923828125e+02
1.023570007324218750e+03
7.836680297851562500e+02
1.092059218750000000e+05
5.929062109375000000e+04
2.316419982910156250e+02
2.618267656250000000e+05
2.393827031250000000e+05
1.150500011444091797e+01
2.069799995422363281e+01
1.645838750000000000e+05
9.016535156250000000e+04
2.706989062500000000e+05
7.139743750000000000e+04
6.366979980468750000e+02
1.113949966430664062e+02
1.250064218750000000e+05
1.428419952392578125e+02
9.192168945312500000e+03
4.851270141601562500e+02
1.650815468750000000e+05
2.428260040283203125e+02
8.351320190429687500e+02
1.448299980163574219e+01
9.515509375000000000e+04
3.445079956054687500e+02
1.873079986572265625e+02
1.926600074768066406e+01
5.501840209960937500e+02
4.498235625000000000e+05
3.408083203125000000e+04
2.291431054687500000e+04
8.142770312500000000e+04
1.023580993652343750e+03
4.162266406250000000e+04
3.556600036621093750e+02
5.184530029296875000e+02
3.908048750000000000e+05
2.989452539062500000e+04
1.114900016784667969e+01
4.073416796875000000e+04
4.210150390625000000e+04
1.530950012207031250e+02
1.437743847656250000e+04
1.459689941406250000e+02
1.411400032043457031e+01
1.339707500000000000e+05
7.024752343750000000e+04
4.006034765625000000e+04
3.694105859375000000e+04
1.832158906250000000e+05
1.856719970703125000e+02
3.652690124511718750e+02
8.404900360107421875e+01
1.367946093750000000e+05
2.277293164062500000e+04
2.572573046875000000e+04
1.656340026855468750e+02
2.185895625000000000e+05
2.561839843750000000e+04
2.273159942626953125e+02
7.182059375000000000e+04
2.772233437500000000e+05
2.645920104980468750e+02
2.923540039062500000e+02
2.353730010986328125e+02
1.563030468750000000e+05
2.108072851562500000e+04
7.688767968750000000e+04
2.579776718750000000e+05
2.363353125000000000e+05
1.479779968261718750e+02
3.502299880981445312e+01
1.226307734375000000e+05
4.379227734375000000e+04
5.534107812500000000e+04
1.071819992065429688e+02
4.358670043945312500e+02
7.247559814453125000e+02
1.076128984375000000e+05
1.258349765625000000e+05
3.125792382812500000e+04
1.082999992370605469e+01
2.966140136718750000e+02
2.959970092773437500e+02
5.175260009765625000e+02
2.540111328125000000e+04
1.180289993286132812e+02
1.130049972534179688e+02
2.678070068359375000e+02
4.108250122070312500e+02
1.478400039672851562e+01
2.322279968261718750e+02
8.303600311279296875e+01
4.066883203125000000e+04
2.673299980163574219e+01
5.829821484375000000e+04
1.330659218750000000e+05
6.587396972656250000e+03
6.597173437500000000e+04
1.107210006713867188e+02
9.473321093750000000e+04
6.245890136718750000e+03
9.180375000000000000e+04
1.880549926757812500e+02
1.353272812500000000e+05
5.416832031250000000e+04
3.658410034179687500e+02
9.385199737548828125e+01
4.828999938964843750e+02
1.533509979248046875e+02
2.043780059814453125e+02
9.760285156250000000e+04
1.749559687500000000e+05
8.049400329589843750e+01
5.716221484375000000e+04
5.281000137329101562e+00
3.245889892578125000e+02
3.650570068359375000e+02
4.589097167968750000e+03
3.136310119628906250e+02
1.657749938964843750e+02
1.426249414062500000e+04
3.745906640625000000e+04
4.218566015625000000e+04
6.086950073242187500e+02
1.727369995117187500e+02
3.284460937500000000e+04
8.612039794921875000e+02
1.043600006103515625e+02
7.793000221252441406e+00
1.703037304687500000e+04
1.934500781250000000e+05
6.165780029296875000e+02
1.348935058593750000e+04
1.543690032958984375e+02
4.578980102539062500e+02
4.634600067138671875e+01
8.973770141601562500e+02
6.673500000000000000e+04
2.111832656250000000e+05
1.368786562500000000e+05
3.227969970703125000e+02
2.104053906250000000e+05
6.796464375000000000e+05
4.389721484375000000e+04
2.197350006103515625e+02
1.940070037841796875e+02
2.536609954833984375e+02
3.180846484375000000e+04
2.378022656250000000e+04
1.125699996948242188e+01
7.121500244140625000e+02
1.098067265625000000e+05
3.041119995117187500e+02
1.748397460937500000e+04
2.694079895019531250e+02
1.149859296875000000e+05
2.542920781250000000e+05
1.171449966430664062e+02
9.341344531250000000e+04
1.471524062500000000e+05
5.931100082397460938e+01
1.854014531250000000e+05
1.409899997711181641e+01
1.163740005493164062e+02
6.679568750000000000e+04
2.050800468750000000e+05
6.615499877929687500e+01
1.099544726562500000e+04
9.310267968750000000e+04
4.771755937500000000e+05
2.772511875000000000e+05
5.640751562500000000e+04
6.798800781250000000e+04
8.416209716796875000e+02
9.960299682617187500e+01
5.240599822998046875e+01
1.410099983215332031e+01
4.949930114746093750e+02
9.488200378417968750e+01
1.090537988281250000e+04
3.390037109375000000e+04
9.923469848632812500e+02
1.641900062561035156e+01
6.587860107421875000e+02
2.568880004882812500e+02
5.086559765625000000e+04
2.633486328125000000e+04
5.455850219726562500e+02
1.615079956054687500e+02
7.306767968750000000e+04
1.118720016479492188e+02
1.938200073242187500e+02
1.153056542968750000e+04
3.680669531250000000e+04
1.378969335937500000e+04
1.477189941406250000e+02
1.302100067138671875e+02
2.350159062500000000e+05
1.248066040039062500e+03
1.822910003662109375e+02
7.714600372314453125e+01
1.442741562500000000e+05
4.654911718750000000e+04
1.507627441406250000e+04
6.128300094604492188e+01
