1.860499954223632812e+01
4.837600097656250000e+02
2.157630004882812500e+02
3.744164062500000000e+03
1.472839965820312500e+02
4.721799926757812500e+02
2.777768066406250000e+03
5.599890136718750000e+02
2.085489959716796875e+02
1.067348022460937500e+03
5.957405761718750000e+03
1.748906005859375000e+03
2.081693115234375000e+03
5.369684082031250000e+03
1.444279937744140625e+02
1.975573974609375000e+03
1.431939941406250000e+03
5.729559936523437500e+02
4.698458007812500000e+03
1.489084960937500000e+03
4.053148925781250000e+03
4.509388183593750000e+03
3.258989990234375000e+03
5.204909179687500000e+03
1.727618041992187500e+03
5.095999908447265625e+01
5.243312988281250000e+03
1.346125000000000000e+03
5.378079833984375000e+02
1.135350036621093750e+02
2.081352050781250000e+03
5.648706054687500000e+03
5.793359985351562500e+02
4.514169921875000000e+02
3.892399978637695312e+01
1.194064941406250000e+03
2.721850097656250000e+03
8.997529907226562500e+02
2.634280090332031250e+02
6.320180053710937500e+02
6.489149780273437500e+02
1.316972045898437500e+03
8.007030029296875000e+02
7.875599670410156250e+01
2.722728027343750000e+03
2.422732910156250000e+03
4.043537109375000000e+03
6.781700134277343750e+01
1.117276000976562500e+03
1.013041015625000000e+03
1.662171997070312500e+03
6.421420288085937500e+02
6.116508789062500000e+03
1.349793457031250000e+04
4.429700088500976562e+01
8.859450073242187500e+02
2.649955078125000000e+03
5.962900161743164062e+01
1.365118041992187500e+03
2.745010986328125000e+03
3.917840087890625000e+03
2.593549072265625000e+03
1.093610000610351562e+02
1.019850006103515625e+02
3.090495117187500000e+03
4.759270019531250000e+03
8.104279785156250000e+02
5.305585937500000000e+03
2.014197998046875000e+03
2.866988037109375000e+03
2.762669921875000000e+03
1.797167968750000000e+03
4.459680175781250000e+03
6.555344238281250000e+03
2.224675048828125000e+03
2.264495117187500000e+03
9.215330200195312500e+02
4.376480102539062500e+02
1.411803955078125000e+03
4.690720214843750000e+03
5.902910156250000000e+02
6.136049804687500000e+02
3.148850097656250000e+03
8.365726562500000000e+03
3.374649963378906250e+02
5.564180297851562500e+02
2.445200042724609375e+02
6.636595214843750000e+03
1.739399909973144531e+01
5.604529785156250000e+03
2.095607910156250000e+03
8.430699920654296875e+01
2.484509033203125000e+03
2.257445068359375000e+03
3.633659973144531250e+02
3.299562988281250000e+03
3.379664062500000000e+03
1.228376953125000000e+03
5.457310180664062500e+02
5.565687988281250000e+03
5.772238769531250000e+03
3.714140014648437500e+02
1.379354980468750000e+03
3.174840087890625000e+02
6.067999839782714844e+00
3.231749877929687500e+02
2.493434082031250000e+03
8.131770019531250000e+02
1.716629028320312500e+03
3.095054931640625000e+03
2.923370056152343750e+02
3.598767089843750000e+03
2.658479919433593750e+02
1.448589935302734375e+02
2.044267944335937500e+03
5.425560302734375000e+02
7.500419921875000000e+02
1.665796020507812500e+03
8.182700195312500000e+02
3.821625000000000000e+03
1.040453002929687500e+03
2.993917968750000000e+03
1.838015014648437500e+03
1.034567993164062500e+03
2.541583984375000000e+03
5.044770996093750000e+03
2.337080078125000000e+03
1.455187988281250000e+03
2.008689941406250000e+03
6.231580200195312500e+02
3.605916015625000000e+03
1.178470001220703125e+02
8.178700256347656250e+01
2.429800033569335938e+01
1.880027954101562500e+03
3.308132080078125000e+03
1.267602050781250000e+03
8.040073242187500000e+03
1.800399971008300781e+01
1.882831054687500000e+03
6.774699707031250000e+02
2.394552978515625000e+03
2.409459991455078125e+02
8.447119750976562500e+02
3.118257080078125000e+03
3.324364990234375000e+03
9.571197265625000000e+03
3.775927001953125000e+03
7.332440185546875000e+02
7.280267089843750000e+03
5.227708984375000000e+03
3.966669921875000000e+02
1.084599990844726562e+02
1.490338012695312500e+03
1.531600036621093750e+02
4.134953125000000000e+03
6.641019897460937500e+02
2.019279052734375000e+03
5.910418945312500000e+03
2.052845947265625000e+03
1.683797973632812500e+03
8.836160278320312500e+02
1.196140991210937500e+03
3.016080017089843750e+02
8.524076171875000000e+03
2.024521972656250000e+03
2.881824951171875000e+03
2.080520019531250000e+02
9.491203125000000000e+03
8.293800354003906250e+01
1.481624023437500000e+03
1.783286010742187500e+03
2.679243896484375000e+03
1.464134033203125000e+03
3.279771972656250000e+03
3.010120117187500000e+03
7.097476074218750000e+03
1.450745971679687500e+03
3.972291015625000000e+03
1.706548950195312500e+03
5.687739868164062500e+02
4.332950134277343750e+02
1.572962036132812500e+03
8.615499877929687500e+01
6.298600006103515625e+01
9.677440185546875000e+02
3.971548095703125000e+03
6.383331054687500000e+03
3.876238037109375000e+03
5.833132812500000000e+03
1.704120025634765625e+02
6.104990234375000000e+02
1.891255981445312500e+03
4.119760131835937500e+02
1.041380004882812500e+03
2.599643066406250000e+03
1.160469970703125000e+02
3.866855957031250000e+03
1.250958007812500000e+03
2.072082031250000000e+03
5.067749023437500000e+03
4.735320129394531250e+02
2.910715087890625000e+03
1.097300033569335938e+02
1.739796997070312500e+03
4.372398925781250000e+03
3.368149902343750000e+03
3.874710083007812500e+02
5.235809936523437500e+02
3.839628906250000000e+03
4.287460021972656250e+02
2.667720031738281250e+02
1.280282958984375000e+03
3.206406982421875000e+03
1.949120025634765625e+02
8.508530273437500000e+02
1.993581054687500000e+03
1.048744018554687500e+03
1.605459960937500000e+03
7.564499664306640625e+01
5.861899948120117188e+01
2.144503906250000000e+03
1.685079956054687500e+02
4.213273925781250000e+03
2.895169982910156250e+02
3.716426025390625000e+03
3.087789916992187500e+02
1.449821044921875000e+03
1.342094970703125000e+03
2.170279998779296875e+02
8.884589843750000000e+03
1.223301660156250000e+04
2.071670074462890625e+02
3.564939880371093750e+02
1.884269042968750000e+03
3.227980957031250000e+03
9.809829711914062500e+02
5.244648925781250000e+03
3.495000076293945312e+01
4.888305175781250000e+03
3.146773925781250000e+03
2.131336914062500000e+03
6.591610107421875000e+02
2.168345947265625000e+03
6.660913085937500000e+03
1.003239990234375000e+03
1.235333007812500000e+03
1.869655029296875000e+03
3.436900024414062500e+02
5.235689697265625000e+02
1.868468994140625000e+03
1.774854980468750000e+03
3.321135009765625000e+03
6.159990234375000000e+02
1.925318969726562500e+03
9.430430297851562500e+02
9.376439819335937500e+02
2.624093994140625000e+03
2.231414062500000000e+03
4.280199890136718750e+02
6.825390014648437500e+02
3.163649902343750000e+02
2.426169921875000000e+03
4.137219848632812500e+02
2.384259948730468750e+02
1.125156542968750000e+04
3.186669921875000000e+02
5.522700119018554688e+01
3.063779907226562500e+02
3.063822021484375000e+03
2.986770019531250000e+02
3.143872070312500000e+03
1.062917968750000000e+03
4.042788085937500000e+03
1.168552001953125000e+03
2.137579956054687500e+02
8.664199829101562500e+02
1.823519042968750000e+03
1.120649047851562500e+03
3.073904052734375000e+03
2.024991943359375000e+03
4.606130065917968750e+02
2.989681884765625000e+03
1.094691601562500000e+04
1.836329956054687500e+03
2.178038085937500000e+03
4.754129943847656250e+02
2.204865966796875000e+03
1.489510009765625000e+03
4.183280029296875000e+02
3.235589904785156250e+02
1.244540023803710938e+02
1.321948974609375000e+03
2.600600051879882812e+01
3.090726074218750000e+03
4.449259948730468750e+02
2.927892089843750000e+03
3.139200927734375000e+03
1.888744995117187500e+03
1.030973022460937500e+03
6.670449829101562500e+02
1.461046020507812500e+03
3.863640136718750000e+02
2.003994018554687500e+03
9.203989868164062500e+02
6.616179809570312500e+02
1.198979980468750000e+03
3.127673095703125000e+03
2.386324951171875000e+03
6.405830078125000000e+02
5.613809814453125000e+02
2.371302001953125000e+03
1.251760025024414062e+02
4.228424804687500000e+03
4.042903076171875000e+03
2.312075927734375000e+03
2.843187011718750000e+03
2.277510009765625000e+03
1.965302978515625000e+03
3.189800071716308594e+01
8.758410034179687500e+02
7.383010253906250000e+02
7.961779785156250000e+02
1.678904052734375000e+03
4.046925048828125000e+03
1.507885986328125000e+03
6.742420043945312500e+02
8.014420166015625000e+02
5.305469970703125000e+02
1.483070068359375000e+02
7.252400207519531250e+01
3.317059936523437500e+02
1.330795043945312500e+03
3.816500091552734375e+01
3.735789062500000000e+03
2.989460144042968750e+02
3.131492919921875000e+03
6.195100021362304688e+01
5.047128906250000000e+03
3.357383056640625000e+03
2.927906982421875000e+03
1.645661987304687500e+03
4.110691894531250000e+03
3.279731933593750000e+03
4.642075195312500000e+03
1.394817993164062500e+03
1.132868041992187500e+03
4.481299804687500000e+03
2.329700927734375000e+03
1.960616943359375000e+03
7.641203125000000000e+03
9.350599975585937500e+02
8.857780151367187500e+02
1.721187011718750000e+03
1.029909973144531250e+02
5.706959960937500000e+03
8.643361328125000000e+03
3.152808105468750000e+03
1.928140014648437500e+03
1.020169982910156250e+03
9.628469848632812500e+02
7.087497070312500000e+03
6.977730957031250000e+03
1.127822021484375000e+03
3.150299987792968750e+02
2.937349853515625000e+02
4.986489868164062500e+02
9.139290161132812500e+02
1.209209976196289062e+02
1.069200038909912109e+01
5.533569946289062500e+02
4.391640014648437500e+02
5.893939819335937500e+02
3.784947998046875000e+03
1.078960037231445312e+02
1.288954956054687500e+03
1.390840942382812500e+03
1.019863867187500000e+04
4.749069824218750000e+03
5.396911132812500000e+03
4.037640075683593750e+02
2.126408935546875000e+03
2.411644042968750000e+03
2.150899963378906250e+02
9.360949707031250000e+02
5.148731933593750000e+03
2.186979980468750000e+02
3.432266113281250000e+03
3.931257080078125000e+03
5.324290161132812500e+02
2.037740966796875000e+03
5.871524902343750000e+03
2.847071044921875000e+03
1.545001953125000000e+03
3.174366943359375000e+03
3.353746093750000000e+03
8.335269775390625000e+02
3.162800025939941406e+01
4.059273925781250000e+03
2.356647949218750000e+03
1.648803955078125000e+03
6.587540283203125000e+02
1.826994018554687500e+03
2.887319946289062500e+02
1.222926025390625000e+03
2.622058105468750000e+03
3.598070068359375000e+02
2.041566040039062500e+03
3.502941894531250000e+03
2.216689941406250000e+03
2.703126953125000000e+03
1.715191040039062500e+03
6.910280151367187500e+02
5.422600097656250000e+02
2.200010070800781250e+02
2.080250390625000000e+04
2.117690917968750000e+03
3.094496093750000000e+03
1.704098999023437500e+03
1.000671997070312500e+03
7.151370239257812500e+02
2.494633056640625000e+03
3.911359863281250000e+02
1.548112060546875000e+03
1.315577026367187500e+03
6.632800292968750000e+01
5.343033203125000000e+03
3.230889892578125000e+02
5.828410034179687500e+02
3.151347900390625000e+03
3.145809936523437500e+02
4.310428222656250000e+03
9.495809936523437500e+02
3.233978027343750000e+03
4.074725097656250000e+03
2.945459960937500000e+03
6.753350097656250000e+03
8.052946777343750000e+03
1.679760986328125000e+03
1.361739959716796875e+02
1.460010009765625000e+03
2.330101074218750000e+03
7.854689941406250000e+02
2.902933105468750000e+03
1.870788940429687500e+03
3.684875000000000000e+03
5.728172851562500000e+03
1.898979949951171875e+02
4.547490234375000000e+03
4.042200012207031250e+02
2.083262939453125000e+03
2.735361083984375000e+03
1.925635986328125000e+03
2.660584960937500000e+03
1.270652954101562500e+03
2.837219848632812500e+02
1.949420013427734375e+02
3.508947998046875000e+03
1.175173950195312500e+03
1.120810012817382812e+02
3.879979003906250000e+03
3.370499023437500000e+03
1.842673950195312500e+03
1.048084960937500000e+03
1.222060058593750000e+03
4.073829956054687500e+02
1.123820037841796875e+02
2.935099983215332031e+01
2.412359924316406250e+02
3.140895019531250000e+03
1.252099990844726562e+01
1.451011962890625000e+03
1.532256958007812500e+03
3.687799835205078125e+01
9.018515625000000000e+03
1.689212036132812500e+03
1.882999992370605469e+01
1.033990966796875000e+03
8.175139770507812500e+02
3.224931884765625000e+03
2.061390075683593750e+02
3.849100112915039062e+01
7.073280029296875000e+02
2.574507080078125000e+03
7.474749755859375000e+02
6.772990112304687500e+02
4.400650024414062500e+02
1.649798950195312500e+03
2.566762939453125000e+03
1.488051025390625000e+03
1.477775024414062500e+03
1.861765991210937500e+03
1.074217041015625000e+03
2.155019989013671875e+02
4.768610839843750000e+03
2.169386962890625000e+03
2.012285034179687500e+03
1.741909942626953125e+02
9.055300140380859375e+01
1.102080001831054688e+02
1.086590942382812500e+03
4.201239929199218750e+02
3.033228027343750000e+03
8.277849731445312500e+02
4.128099975585937500e+02
3.648964111328125000e+03
9.737750244140625000e+02
2.671989990234375000e+03
4.391359863281250000e+03
2.142380065917968750e+02
3.663308105468750000e+03
1.947151977539062500e+03
3.112829101562500000e+03
1.404237060546875000e+03
9.141840209960937500e+02
1.355501953125000000e+03
1.657380065917968750e+02
4.474963867187500000e+03
9.218299865722656250e+01
4.588748046875000000e+03
1.412509033203125000e+03
1.166780014038085938e+02
6.572652832031250000e+03
2.130829925537109375e+02
1.944755981445312500e+03
3.683364990234375000e+03
4.182732910156250000e+03
6.707579956054687500e+02
1.066660003662109375e+02
3.075200080871582031e+01
1.807058959960937500e+03
7.506286132812500000e+03
1.801779937744140625e+02
2.715759887695312500e+02
9.431623046875000000e+03
3.147936035156250000e+03
7.759600067138671875e+01
4.598056152343750000e+03
9.249039916992187500e+02
6.945150146484375000e+02
6.874972167968750000e+03
7.513989868164062500e+02
1.892255981445312500e+03
1.249560058593750000e+03
1.900639953613281250e+02
3.134440002441406250e+02
5.120560302734375000e+02
3.447601074218750000e+03
6.446153808593750000e+03
6.277196777343750000e+03
2.931081054687500000e+03
8.370893554687500000e+03
3.963160095214843750e+02
1.244837036132812500e+03
2.007279052734375000e+03
8.739800262451171875e+01
1.322228027343750000e+03
6.271760253906250000e+02
4.449271972656250000e+03
6.156780761718750000e+03
1.038599967956542969e+01
6.287440185546875000e+02
3.852999925613403320e+00
2.463154052734375000e+03
6.679929809570312500e+02
9.297780151367187500e+02
8.316119995117187500e+02
1.310536010742187500e+03
3.167249023437500000e+03
1.206067993164062500e+03
9.468625000000000000e+03
3.844612060546875000e+03
1.169854882812500000e+04
3.735530090332031250e+02
3.982149963378906250e+02
1.570322021484375000e+03
1.228353027343750000e+03
2.449200057983398438e+01
1.199747070312500000e+04
3.529685058593750000e+03
2.675143066406250000e+03
5.091559082031250000e+03
7.699099731445312500e+01
9.242709960937500000e+02
5.786773925781250000e+03
2.835719909667968750e+02
1.001725488281250000e+04
5.757979736328125000e+02
1.228110961914062500e+03
2.931246093750000000e+03
1.225381958007812500e+03
1.972819976806640625e+02
2.005852050781250000e+03
1.520885009765625000e+03
1.229960021972656250e+02
1.128297973632812500e+03
5.815139770507812500e+02
6.378330078125000000e+02
1.769600067138671875e+02
1.747907958984375000e+03
3.094849853515625000e+02
2.265754882812500000e+03
1.716479980468750000e+03
8.580124023437500000e+03
6.269884765625000000e+03
1.288720947265625000e+03
1.383621777343750000e+04
1.521166015625000000e+03
1.761051025390625000e+03
2.846250000000000000e+02
6.068791992187500000e+03
6.679671875000000000e+03
8.344308593750000000e+03
2.406909942626953125e+02
2.412379882812500000e+03
1.146635986328125000e+03
3.397210083007812500e+02
8.977109985351562500e+02
4.312810058593750000e+02
1.081159973144531250e+02
2.132669982910156250e+02
4.906660156250000000e+03
6.425296875000000000e+03
2.223018066406250000e+03
1.706410064697265625e+02
2.461441894531250000e+03
2.406341064453125000e+03
7.482069702148437500e+02
3.044992919921875000e+03
6.641011230468750000e+03
1.402647949218750000e+03
9.845000000000000000e+02
9.193743164062500000e+03
7.447160034179687500e+02
5.926457031250000000e+03
9.203800048828125000e+02
3.414169921875000000e+02
1.837275024414062500e+03
1.848899047851562500e+03
1.931961059570312500e+03
3.875504882812500000e+03
1.412520996093750000e+03
3.704909973144531250e+02
2.148209991455078125e+02
1.183478027343750000e+03
6.432470092773437500e+02
3.997279968261718750e+02
5.207332031250000000e+03
8.363220214843750000e+02
8.500862304687500000e+03
4.000669860839843750e+02
2.950081054687500000e+03
3.466250000000000000e+02
3.998890075683593750e+02
1.896046997070312500e+03
1.700469970703125000e+02
1.064459960937500000e+04
3.596799926757812500e+02
2.573362060546875000e+03
8.742849731445312500e+02
7.926359863281250000e+02
3.680232910156250000e+03
1.210965942382812500e+03
3.192149963378906250e+02
1.920572998046875000e+03
4.015850097656250000e+03
1.766130004882812500e+03
7.151000022888183594e+00
7.760104003906250000e+03
6.873999786376953125e+01
8.579160156250000000e+02
9.202919921875000000e+02
7.661378906250000000e+03
1.896168945312500000e+03
1.159784057617187500e+03
3.411500167846679688e+01
1.786670074462890625e+02
5.268469848632812500e+02
3.756238037109375000e+03
5.050369873046875000e+02
8.345787109375000000e+03
1.457170043945312500e+03
2.384474121093750000e+03
4.961900024414062500e+02
2.641781005859375000e+03
1.643046020507812500e+03
1.611760009765625000e+03
3.858699951171875000e+02
3.093820068359375000e+03
6.045560302734375000e+02
4.299898925781250000e+03
1.591369934082031250e+02
5.675484863281250000e+03
3.176302001953125000e+03
5.987960205078125000e+02
4.006200027465820312e+01
3.606041992187500000e+03
6.507499694824218750e+01
4.824408203125000000e+03
2.622788085937500000e+03
8.009619750976562500e+02
3.422990112304687500e+02
6.039500976562500000e+03
1.853469970703125000e+03
1.309360961914062500e+03
3.212309875488281250e+02
8.040142089843750000e+03
2.668139953613281250e+02
2.707971923828125000e+03
2.222279052734375000e+03
1.022132226562500000e+04
1.143274121093750000e+04
2.977952880859375000e+03
4.163930053710937500e+02
1.588088989257812500e+03
7.669795898437500000e+03
4.685029907226562500e+02
4.067572998046875000e+03
3.515798095703125000e+03
1.263041992187500000e+03
1.939479980468750000e+02
2.813930053710937500e+02
2.242311035156250000e+03
2.873544921875000000e+03
6.071831054687500000e+03
1.357105957031250000e+03
1.902701049804687500e+03
1.132696044921875000e+03
2.931531982421875000e+03
4.746529785156250000e+03
3.028706054687500000e+03
4.700280151367187500e+02
2.441090087890625000e+03
1.236800003051757812e+01
4.893179931640625000e+02
8.381699829101562500e+02
4.193389892578125000e+02
1.010343994140625000e+03
7.680809936523437500e+02
1.199572998046875000e+03
1.668843017578125000e+03
3.161260070800781250e+02
2.527418945312500000e+03
3.915038085937500000e+03
8.730280151367187500e+02
3.038596923828125000e+03
5.524805175781250000e+03
2.677758056640625000e+03
1.083385986328125000e+03
1.654873046875000000e+03
4.738770141601562500e+02
4.178890136718750000e+03
2.453917968750000000e+03
2.458007080078125000e+03
1.677970947265625000e+03
5.960000038146972656e+00
5.030368164062500000e+03
2.266860046386718750e+02
3.344710083007812500e+02
2.709830017089843750e+02
4.542201171875000000e+03
9.640488281250000000e+03
1.099686035156250000e+03
5.561270141601562500e+02
6.509168945312500000e+03
1.097006958007812500e+03
6.907395996093750000e+03
7.106933105468750000e+03
3.784528076171875000e+03
1.799337036132812500e+03
2.632245117187500000e+03
1.745735961914062500e+03
1.693670043945312500e+02
2.850160888671875000e+03
3.406643066406250000e+03
6.430969848632812500e+02
2.078172119140625000e+03
2.427885986328125000e+03
5.439890136718750000e+02
4.969783203125000000e+03
5.735088867187500000e+03
4.774280090332031250e+02
7.656122070312500000e+03
1.321482055664062500e+03
4.146520080566406250e+02
2.479424072265625000e+03
4.165700073242187500e+02
7.964700317382812500e+01
4.163919982910156250e+02
2.682300048828125000e+03
1.229183959960937500e+03
3.867691894531250000e+03
3.128770996093750000e+03
8.338410034179687500e+02
1.627696044921875000e+03
7.024799804687500000e+02
1.614953002929687500e+03
1.873689941406250000e+03
7.871049804687500000e+03
1.841641967773437500e+03
3.350107910156250000e+03
5.527520141601562500e+02
2.587106933593750000e+03
8.273530273437500000e+02
2.960954101562500000e+03
2.543926025390625000e+03
1.987920074462890625e+02
1.463821044921875000e+03
4.770991210937500000e+03
4.800163085937500000e+03
5.450520019531250000e+02
7.754589843750000000e+02
1.678084960937500000e+03
3.111250976562500000e+03
4.397969970703125000e+02
1.208102050781250000e+03
1.593295043945312500e+03
1.819254028320312500e+03
6.018389892578125000e+02
6.476550292968750000e+02
2.744826904296875000e+03
7.783629760742187500e+02
2.210076904296875000e+03
1.861775024414062500e+03
1.832047973632812500e+03
3.619460144042968750e+02
9.889730224609375000e+02
1.306744995117187500e+03
4.670090026855468750e+02
8.642459716796875000e+02
2.114305908203125000e+03
2.080998046875000000e+03
8.179699707031250000e+01
3.038899993896484375e+01
5.368141113281250000e+03
7.102700042724609375e+01
2.118930053710937500e+02
8.542740234375000000e+03
1.223285034179687500e+03
9.282700347900390625e+01
6.694619750976562500e+02
8.980308593750000000e+03
1.586369934082031250e+02
6.040243164062500000e+03
2.964900016784667969e+01
3.890794921875000000e+03
1.162161987304687500e+03
8.762444335937500000e+03
2.646302001953125000e+03
4.978519897460937500e+02
1.096916015625000000e+03
1.521988037109375000e+03
4.272149963378906250e+02
5.001750976562500000e+03
2.748800048828125000e+03
1.321071044921875000e+03
2.783625000000000000e+03
1.400781005859375000e+03
3.134891113281250000e+03
4.522841796875000000e+03
2.297809082031250000e+03
4.524400024414062500e+02
1.578031982421875000e+03
1.380847045898437500e+03
4.317439880371093750e+02
1.043700027465820312e+01
3.823479003906250000e+03
1.659812011718750000e+03
5.390055175781250000e+03
4.776488769531250000e+03
2.827486083984375000e+03
1.536300048828125000e+02
2.073860015869140625e+02
6.177869873046875000e+02
2.444466064453125000e+03
4.555245117187500000e+03
7.761530151367187500e+02
1.685926025390625000e+03
9.316119995117187500e+02
2.564914062500000000e+03
4.224115234375000000e+03
1.318459930419921875e+02
4.544798828125000000e+03
6.441397949218750000e+03
8.881300354003906250e+01
3.334196044921875000e+03
5.733759765625000000e+02
7.937230224609375000e+02
8.578750000000000000e+02
4.459060058593750000e+02
9.882719726562500000e+02
5.534290161132812500e+02
1.634869995117187500e+02
3.323201904296875000e+03
4.203630859375000000e+03
7.660430297851562500e+02
8.201697265625000000e+03
5.414784179687500000e+03
1.417237060546875000e+03
1.137870025634765625e+02
3.659197021484375000e+03
3.601481933593750000e+03
7.515180053710937500e+02
2.726889953613281250e+02
1.774098999023437500e+03
1.410989990234375000e+03
9.226649780273437500e+02
3.283591064453125000e+03
2.227519989013671875e+02
1.105870898437500000e+04
2.205310058593750000e+03
5.612855957031250000e+03
1.573462036132812500e+03
5.807162109375000000e+03
3.177300071716308594e+01
1.210149993896484375e+02
3.943983886718750000e+03
6.457210083007812500e+02
4.572598144531250000e+03
8.724730224609375000e+02
1.434901977539062500e+03
3.915719909667968750e+02
1.556744995117187500e+03
1.251588012695312500e+03
2.401990966796875000e+03
1.952928955078125000e+03
3.934085937500000000e+03
1.682275024414062500e+03
2.303764892578125000e+03
4.173476074218750000e+03
2.117482910156250000e+03
5.514000244140625000e+02
2.912239013671875000e+03
1.279913940429687500e+03
2.080260009765625000e+02
4.388796875000000000e+03
7.813319702148437500e+02
7.836610107421875000e+02
5.588799804687500000e+03
3.533211914062500000e+03
1.782258056640625000e+03
9.821049804687500000e+02
2.121166992187500000e+03
2.865873046875000000e+03
1.720904052734375000e+03
4.310539855957031250e+02
1.861224975585937500e+03
3.959100097656250000e+03
2.617023925781250000e+03
6.159301757812500000e+03
3.110084960937500000e+03
4.538685058593750000e+03
2.953919982910156250e+02
1.515375976562500000e+03
1.077549972534179688e+02
1.469890014648437500e+03
2.330019989013671875e+02
5.325099945068359375e+01
3.092959899902343750e+02
4.067554931640625000e+03
2.922446044921875000e+03
2.802391113281250000e+03
2.312480957031250000e+03
3.092493896484375000e+03
1.606958007812500000e+03
2.538705078125000000e+03
3.792000055313110352e+00
1.256340026855468750e+02
1.553431030273437500e+03
9.960900115966796875e+01
4.867971191406250000e+03
3.930229003906250000e+03
1.295906005859375000e+03
1.110500030517578125e+02
3.031811035156250000e+03
5.095889892578125000e+02
8.001279907226562500e+02
4.845849914550781250e+02
4.856312011718750000e+03
2.440900878906250000e+03
4.606640014648437500e+02
2.732027099609375000e+03
6.683389892578125000e+02
5.388150024414062500e+02
5.523600006103515625e+01
4.088569946289062500e+02
5.445902832031250000e+03
1.187508056640625000e+03
3.967479980468750000e+03
5.940900268554687500e+02
2.219902099609375000e+03
2.222305908203125000e+03
1.056401977539062500e+03
4.454819946289062500e+02
1.483939971923828125e+02
2.344690917968750000e+03
1.868038940429687500e+03
1.332430053710937500e+03
4.679859863281250000e+03
1.635199928283691406e+01
