3.302000045776367188e+01
2.545700073242187500e+01
2.644499969482421875e+01
1.646719970703125000e+02
1.555420074462890625e+02
1.846719970703125000e+02
7.240200042724609375e+01
2.979800033569335938e+01
2.717780151367187500e+02
5.333099975585937500e+02
1.345699977874755859e+01
6.540200042724609375e+01
4.343930053710937500e+02
8.582299804687500000e+01
9.329599761962890625e+01
3.450299835205078125e+01
9.489199829101562500e+01
8.936829833984375000e+02
1.033830032348632812e+02
2.638199996948242188e+01
1.263109970092773438e+02
3.310209960937500000e+02
3.347600173950195312e+01
1.616399955749511719e+01
1.918710021972656250e+02
1.411499977111816406e+01
1.753639984130859375e+02
3.537699890136718750e+01
6.350510253906250000e+02
6.000999927520751953e+00
3.467800140380859375e+01
5.561000061035156250e+01
7.426329956054687500e+02
1.188850021362304688e+02
4.495100021362304688e+01
4.461499938964843750e+02
2.601000022888183594e+01
5.924359741210937500e+02
1.649869995117187500e+02
9.074600219726562500e+01
5.698999881744384766e+00
1.289960021972656250e+02
4.594300079345703125e+01
6.433000087738037109e+00
3.325000000000000000e+01
1.023379974365234375e+02
1.869700050354003906e+01
8.098999977111816406e+00
1.499600028991699219e+01
9.144599914550781250e+01
5.381630249023437500e+02
6.802300262451171875e+01
2.182270050048828125e+02
3.086560058593750000e+02
2.747200012207031250e+01
5.016900024414062500e+02
3.794200134277343750e+01
2.194599914550781250e+01
1.624949951171875000e+02
3.124859924316406250e+02
3.198500061035156250e+01
2.188179931640625000e+02
1.134300003051757812e+02
4.621400146484375000e+02
9.344200134277343750e+01
2.206629943847656250e+02
1.506999969482421875e+02
8.344599914550781250e+01
5.102839965820312500e+02
3.161000061035156250e+01
4.296599960327148438e+01
2.521009979248046875e+02
9.651000022888183594e+00
1.735359954833984375e+02
2.654249877929687500e+02
3.869900131225585938e+01
3.595999908447265625e+01
1.443161010742187500e+03
2.414290008544921875e+02
7.059899902343750000e+01
9.748100280761718750e+01
3.738999938964843750e+01
1.746909942626953125e+02
1.044530029296875000e+02
2.931100082397460938e+01
2.551199913024902344e+01
4.368199920654296875e+01
3.998840026855468750e+02
6.723439941406250000e+02
8.208000183105468750e+00
1.095619964599609375e+02
3.509500122070312500e+01
1.550399932861328125e+02
6.095600128173828125e+01
2.381900024414062500e+01
6.399010009765625000e+02
1.659406005859375000e+03
1.487579956054687500e+02
8.955699920654296875e+01
4.844900131225585938e+01
6.662699890136718750e+01
3.913299942016601562e+01
8.086999893188476562e+00
1.551889953613281250e+02
1.697709960937500000e+02
2.247999954223632812e+01
2.171759948730468750e+02
7.363099670410156250e+01
2.481040039062500000e+02
3.642590026855468750e+02
9.400299835205078125e+01
2.388359985351562500e+02
7.003800201416015625e+01
2.793099975585937500e+01
1.418619995117187500e+02
2.425520019531250000e+02
5.195000076293945312e+01
4.107879943847656250e+02
1.100130004882812500e+02
3.470199966430664062e+01
1.020494995117187500e+03
2.798269958496093750e+02
3.395870056152343750e+02
5.402099990844726562e+01
2.899219970703125000e+02
5.220899963378906250e+01
6.771099853515625000e+01
4.375610046386718750e+02
5.505500030517578125e+01
9.336900329589843750e+01
5.502999877929687500e+02
7.002239990234375000e+02
3.697700119018554688e+01
1.162269973754882812e+02
3.154729919433593750e+02
1.611750030517578125e+02
9.976699829101562500e+01
5.856999969482421875e+01
7.477300262451171875e+01
4.769699859619140625e+01
3.547999954223632812e+01
1.811499977111816406e+01
3.005299949645996094e+01
1.194270019531250000e+02
3.123800048828125000e+02
3.998500061035156250e+01
2.206699943542480469e+01
3.220759887695312500e+02
2.243799972534179688e+01
2.538100051879882812e+01
1.850659942626953125e+02
1.278430023193359375e+02
5.198109741210937500e+02
6.712400054931640625e+01
3.062049865722656250e+02
1.486400032043457031e+01
1.581599998474121094e+01
3.437400054931640625e+01
3.856100082397460938e+01
2.066200065612792969e+01
4.183300018310546875e+01
2.646400070190429688e+01
7.815999984741210938e+00
6.035230102539062500e+02
2.323919982910156250e+02
8.380830078125000000e+02
1.801799964904785156e+01
1.255799961090087891e+01
2.661430053710937500e+02
5.050199890136718750e+01
3.899100112915039062e+01
3.816899871826171875e+01
4.647019958496093750e+02
6.978099822998046875e+01
3.975530090332031250e+02
3.040090026855468750e+02
3.553499984741210938e+01
1.228499984741210938e+01
3.477269897460937500e+02
2.208799934387207031e+01
2.552400016784667969e+01
3.370600128173828125e+01
5.504199981689453125e+01
1.202470016479492188e+02
1.987169952392578125e+02
5.127500152587890625e+01
7.414099884033203125e+01
4.195199966430664062e+01
3.637099838256835938e+01
2.350600051879882812e+01
1.972800064086914062e+01
4.366699981689453125e+01
6.307500076293945312e+01
1.764369964599609375e+02
6.246500015258789062e+01
1.032770004272460938e+02
1.330169982910156250e+02
3.576399993896484375e+01
1.311800003051757812e+01
3.953000068664550781e+00
4.103799819946289062e+01
6.964099884033203125e+01
5.300339965820312500e+02
2.442000007629394531e+01
3.608190002441406250e+02
2.120469970703125000e+02
1.556900024414062500e+01
2.692700004577636719e+01
3.333900146484375000e+02
1.054260025024414062e+02
1.002900009155273438e+02
1.131799983978271484e+01
1.772500038146972656e+01
1.192089996337890625e+02
1.251230010986328125e+02
5.297999858856201172e+00
1.863899993896484375e+01
4.147600173950195312e+01
6.645400238037109375e+01
5.843199920654296875e+01
6.784439697265625000e+02
3.106699943542480469e+01
3.353949890136718750e+02
2.533900070190429688e+01
3.514899826049804688e+01
9.758999633789062500e+01
1.834909973144531250e+02
1.116110000610351562e+02
9.161900329589843750e+01
8.334869995117187500e+02
1.574400043487548828e+01
2.645750122070312500e+02
2.184099960327148438e+01
3.663999938964843750e+01
1.903410034179687500e+02
1.260019989013671875e+02
1.304120025634765625e+02
3.713519897460937500e+02
1.730850067138671875e+02
1.584000015258789062e+01
1.348049926757812500e+02
6.297299957275390625e+01
3.029000091552734375e+01
1.672960052490234375e+02
4.287200164794921875e+01
1.844190063476562500e+02
2.794499969482421875e+01
1.336299991607666016e+01
7.370850219726562500e+02
1.243769989013671875e+02
5.018999862670898438e+01
1.163300018310546875e+02
6.033079833984375000e+02
6.329270019531250000e+02
4.233000183105468750e+01
1.528800048828125000e+02
5.651800155639648438e+01
1.741549987792968750e+02
4.185300064086914062e+01
1.580300045013427734e+01
2.231049957275390625e+02
1.303800010681152344e+01
2.657000064849853516e+00
1.214469985961914062e+02
2.277799987792968750e+01
3.343309936523437500e+02
1.097310028076171875e+02
5.653900146484375000e+01
3.325699996948242188e+01
3.726900100708007812e+01
3.289779968261718750e+02
8.428299713134765625e+01
2.945299911499023438e+01
2.736499977111816406e+01
3.045379943847656250e+02
2.342799949645996094e+01
4.769200134277343750e+01
2.605200004577636719e+01
2.450899963378906250e+02
5.564899826049804688e+01
2.480999946594238281e+01
1.600019989013671875e+02
3.924769897460937500e+02
4.280000209808349609e+00
1.484589996337890625e+02
1.992559967041015625e+02
2.696899986267089844e+01
6.381999969482421875e+01
1.023590011596679688e+02
9.963600158691406250e+01
3.711270141601562500e+02
2.263100051879882812e+01
2.104859924316406250e+02
8.685999870300292969e+00
5.050979919433593750e+02
2.884630126953125000e+02
2.578039855957031250e+02
5.825150146484375000e+02
7.591899871826171875e+01
1.102969970703125000e+02
1.089509963989257812e+02
4.588499832153320312e+01
4.806900024414062500e+01
4.465100097656250000e+01
3.424200057983398438e+01
6.136140136718750000e+02
4.708200073242187500e+01
8.011220092773437500e+02
2.491390075683593750e+02
1.256799983978271484e+01
1.049120025634765625e+02
2.225690002441406250e+02
4.577799987792968750e+01
1.149079971313476562e+02
9.264199829101562500e+01
7.973000335693359375e+01
1.559599971771240234e+01
5.636899948120117188e+01
2.829800033569335938e+01
2.716600036621093750e+01
8.420099639892578125e+01
1.593359985351562500e+02
6.110880126953125000e+02
8.629559936523437500e+02
5.214599990844726562e+01
1.563745971679687500e+03
4.585000038146972656e+00
1.107900047302246094e+01
1.086890029907226562e+02
2.529100036621093750e+01
2.715399932861328125e+01
1.174968017578125000e+03
1.447149963378906250e+02
2.851600074768066406e+01
5.392100143432617188e+01
3.651380004882812500e+02
3.509299926757812500e+02
9.496000289916992188e+00
2.321580047607421875e+02
1.694660034179687500e+02
2.661700057983398438e+01
5.111700057983398438e+01
9.674299621582031250e+01
3.186599922180175781e+01
3.987909851074218750e+02
4.958000183105468750e+00
1.113799953460693359e+01
1.729109954833984375e+02
1.168899993896484375e+02
4.011000156402587891e+00
1.500039978027343750e+02
7.941600036621093750e+01
8.876999855041503906e+00
1.139799976348876953e+01
1.348600006103515625e+01
5.229700088500976562e+01
3.279419860839843750e+02
6.066569824218750000e+02
4.713770141601562500e+02
7.765999794006347656e+00
3.472359924316406250e+02
1.604340057373046875e+02
3.187100028991699219e+01
5.734700012207031250e+01
3.613299942016601562e+01
6.665899658203125000e+01
7.121069946289062500e+02
3.209000015258789062e+01
7.743599700927734375e+01
9.162910156250000000e+02
2.880200004577636719e+01
1.816300010681152344e+01
4.790759887695312500e+02
7.604599761962890625e+01
6.626899719238281250e+01
1.502189941406250000e+02
1.549450073242187500e+02
7.022699737548828125e+01
1.002320022583007812e+02
9.351000213623046875e+01
1.511433959960937500e+03
8.678800201416015625e+01
1.582239990234375000e+02
1.632059936523437500e+02
6.818330078125000000e+02
7.053500366210937500e+01
6.812500000000000000e+01
2.274500083923339844e+01
1.416499938964843750e+02
2.768899917602539062e+01
5.574300003051757812e+01
8.389099884033203125e+01
1.566049957275390625e+02
1.196289978027343750e+02
3.219830017089843750e+02
7.744080200195312500e+02
1.407192993164062500e+03
3.212500000000000000e+01
3.371329956054687500e+02
2.388800048828125000e+01
1.108759994506835938e+02
1.010749969482421875e+02
1.951000022888183594e+01
9.489439697265625000e+02
5.456749877929687500e+02
9.689000129699707031e+00
6.006600189208984375e+01
3.604450073242187500e+02
1.041110000610351562e+02
3.441709899902343750e+02
4.851300048828125000e+01
4.746749877929687500e+02
8.623000144958496094e+00
4.545899963378906250e+01
6.432599639892578125e+01
4.668479919433593750e+02
5.707099914550781250e+01
2.865600013732910156e+01
9.116400146484375000e+01
3.631000137329101562e+01
8.090699768066406250e+01
6.455400085449218750e+01
1.167050018310546875e+02
6.472799682617187500e+01
5.633800125122070312e+01
1.070600032806396484e+01
2.758819885253906250e+02
6.345100021362304688e+01
3.685300064086914062e+01
3.241600036621093750e+01
7.460869750976562500e+02
1.213140029907226562e+02
2.017900085449218750e+01
2.670700073242187500e+01
4.856900024414062500e+01
5.840390014648437500e+02
6.694100189208984375e+01
3.040900039672851562e+01
4.110769958496093750e+02
8.110310058593750000e+02
3.084799957275390625e+01
5.119699859619140625e+01
1.304640045166015625e+02
2.918799972534179688e+01
1.900099945068359375e+01
1.248200035095214844e+01
9.128410034179687500e+02
3.855799865722656250e+01
1.077659988403320312e+02
2.715920104980468750e+02
1.800950012207031250e+02
1.225260009765625000e+02
6.438400268554687500e+01
1.164869995117187500e+02
7.245700073242187500e+01
1.218799972534179688e+01
4.880599975585937500e+01
3.132669982910156250e+02
2.607940063476562500e+02
4.824700164794921875e+01
6.209000110626220703e+00
7.102799987792968750e+01
9.219200134277343750e+01
1.036309967041015625e+02
6.018000030517578125e+01
5.198179931640625000e+02
1.274600028991699219e+01
3.436899948120117188e+01
2.121899986267089844e+01
2.624699974060058594e+01
1.007109985351562500e+02
1.954530029296875000e+02
9.090100097656250000e+01
6.131800079345703125e+01
2.434230041503906250e+02
5.069100189208984375e+01
1.497200012207031250e+01
8.705699920654296875e+01
7.456900024414062500e+01
4.190719909667968750e+02
9.701499938964843750e+01
1.967709960937500000e+02
1.114822021484375000e+03
4.635599899291992188e+01
5.128610229492187500e+02
4.502700042724609375e+01
5.705349731445312500e+02
6.040700149536132812e+01
5.158700180053710938e+01
1.004960021972656250e+02
9.047589721679687500e+02
4.377399826049804688e+01
5.141400146484375000e+02
3.351699829101562500e+01
6.324700164794921875e+01
8.242700195312500000e+01
9.461299896240234375e+01
3.714099884033203125e+01
5.862609863281250000e+02
1.260799980163574219e+01
4.649599838256835938e+01
5.248519897460937500e+02
3.839300155639648438e+01
5.959869995117187500e+02
9.311100006103515625e+01
8.586199951171875000e+01
5.335430297851562500e+02
3.112299919128417969e+01
5.292900085449218750e+01
6.232699966430664062e+01
8.482700347900390625e+01
7.772799682617187500e+01
1.186600017547607422e+01
6.202000045776367188e+01
1.372599983215332031e+01
5.517599868774414062e+01
8.405780029296875000e+02
1.036060028076171875e+02
2.067499923706054688e+01
2.806100082397460938e+01
4.374000167846679688e+01
2.148869934082031250e+02
1.535379943847656250e+02
1.317870025634765625e+02
2.379160003662109375e+02
4.534519958496093750e+02
4.651599884033203125e+01
7.482999801635742188e+00
3.387900161743164062e+01
1.366510009765625000e+03
5.941799926757812500e+01
1.189285034179687500e+03
3.263420104980468750e+02
2.814840087890625000e+02
1.123470001220703125e+02
1.805030059814453125e+02
4.671799850463867188e+01
7.993900299072265625e+01
4.164899826049804688e+01
1.475559997558593750e+02
1.994340057373046875e+02
1.965509948730468750e+02
2.048829956054687500e+02
1.417899932861328125e+02
5.220500183105468750e+01
3.440299987792968750e+01
2.514799957275390625e+02
5.061899948120117188e+01
3.516400146484375000e+01
1.530299987792968750e+02
3.351300048828125000e+01
1.166449966430664062e+02
7.941899871826171875e+01
1.233619995117187500e+02
1.889839935302734375e+02
2.407999992370605469e+01
2.145100021362304688e+01
9.743299865722656250e+01
7.740399932861328125e+01
8.899500274658203125e+01
4.193899917602539062e+01
1.808099937438964844e+01
1.498999977111816406e+01
2.958099937438964844e+01
1.214260025024414062e+02
7.664800262451171875e+01
1.408199977874755859e+01
3.801599884033203125e+01
1.430500030517578125e+01
5.730830078125000000e+02
3.154800033569335938e+01
2.287599945068359375e+01
5.000429992675781250e+02
6.141699981689453125e+01
2.753999948501586914e+00
2.098699951171875000e+01
9.203199768066406250e+01
2.035590057373046875e+02
2.675200080871582031e+01
3.625580139160156250e+02
2.553000068664550781e+01
1.536770019531250000e+02
1.247740020751953125e+02
6.069400024414062500e+01
1.520699977874755859e+01
1.435400009155273438e+01
2.694499969482421875e+01
1.493990020751953125e+02
6.598000049591064453e+00
9.387799835205078125e+01
3.185199928283691406e+01
3.563750000000000000e+02
2.130729980468750000e+02
2.368760070800781250e+02
1.057310028076171875e+02
6.281200027465820312e+01
6.047800064086914062e+01
1.854299926757812500e+01
4.566699981689453125e+01
2.242299957275390625e+02
3.575130004882812500e+02
3.968899917602539062e+01
2.912999877929687500e+02
8.411699676513671875e+01
1.314000034332275391e+01
8.768699645996093750e+01
1.607299957275390625e+02
8.793950195312500000e+02
3.488199996948242188e+01
1.709649963378906250e+02
1.167679977416992188e+02
1.205169982910156250e+02
7.543699645996093750e+01
1.315599975585937500e+02
1.868370056152343750e+02
5.783569946289062500e+02
4.429999923706054688e+01
7.444699859619140625e+01
3.299499893188476562e+01
3.309700012207031250e+01
1.062119979858398438e+02
2.804869995117187500e+02
6.556010131835937500e+02
4.956499862670898438e+01
9.586199951171875000e+01
1.227460021972656250e+02
4.735069885253906250e+02
2.597200012207031250e+01
3.031100082397460938e+01
1.036389999389648438e+02
2.814289855957031250e+02
1.907810058593750000e+02
1.626799964904785156e+01
1.718789978027343750e+02
1.541069946289062500e+02
9.497360229492187500e+02
3.399559936523437500e+02
3.682250061035156250e+02
1.854299926757812500e+01
4.151699829101562500e+01
3.326979980468750000e+02
7.910299682617187500e+01
3.580979919433593750e+02
1.552879943847656250e+02
3.632560119628906250e+02
4.903300094604492188e+01
1.158160018920898438e+02
2.021800041198730469e+01
2.771699905395507812e+01
1.253610000610351562e+02
2.146199989318847656e+01
9.493199920654296875e+01
6.815100097656250000e+01
2.897470092773437500e+02
2.141399955749511719e+01
1.856100082397460938e+01
7.307499694824218750e+01
1.142200012207031250e+02
1.271320037841796875e+02
1.859700012207031250e+01
1.320720062255859375e+02
2.614750061035156250e+02
2.429349975585937500e+02
5.390100097656250000e+01
1.582900047302246094e+01
4.018729858398437500e+02
6.511019897460937500e+02
1.718899917602539062e+01
5.147500000000000000e+02
6.019219970703125000e+02
9.919599914550781250e+01
3.970399856567382812e+01
2.252910003662109375e+02
3.643299865722656250e+01
5.851389770507812500e+02
8.196000099182128906e+00
1.912559967041015625e+02
6.654100036621093750e+01
2.066779937744140625e+02
1.711320037841796875e+02
3.954499816894531250e+01
1.966699981689453125e+02
9.496800231933593750e+01
4.218899917602539062e+01
1.378040008544921875e+02
7.924700164794921875e+01
1.991399955749511719e+01
7.793300170898437500e+02
4.372770080566406250e+02
5.022000122070312500e+01
9.739299774169921875e+01
7.253699951171875000e+02
5.715000152587890625e+00
2.252000045776367188e+01
4.962699890136718750e+01
1.843350067138671875e+02
3.220299911499023438e+01
2.342850036621093750e+02
2.873999977111816406e+01
4.316199874877929688e+01
2.229160003662109375e+02
6.177999877929687500e+01
3.592399978637695312e+01
4.452000045776367188e+01
4.733800125122070312e+01
2.345000076293945312e+01
5.516899871826171875e+01
5.321699905395507812e+01
2.153009948730468750e+02
1.462899971008300781e+01
4.273899841308593750e+01
3.194979858398437500e+02
1.314129943847656250e+02
1.514299964904785156e+01
3.720500183105468750e+01
2.036329956054687500e+02
5.605500030517578125e+01
8.942600250244140625e+01
8.468099975585937500e+01
6.066290283203125000e+02
4.652199935913085938e+01
2.592669982910156250e+02
1.326099967956542969e+01
2.768110046386718750e+02
2.393499946594238281e+01
2.811700057983398438e+01
5.341890258789062500e+02
9.270400238037109375e+01
4.388700103759765625e+01
2.103710021972656250e+02
2.920199966430664062e+01
5.663700103759765625e+01
1.471199989318847656e+01
7.020419921875000000e+02
1.370379943847656250e+02
1.349859924316406250e+02
1.314589996337890625e+02
1.484700012207031250e+02
2.235480041503906250e+02
7.987119750976562500e+02
1.495699977874755859e+01
8.475299835205078125e+01
7.281300354003906250e+01
2.880979919433593750e+02
7.942999839782714844e+00
2.644639892578125000e+02
9.636000061035156250e+01
4.133100128173828125e+01
3.885900115966796875e+01
4.005899810791015625e+01
5.413499832153320312e+01
2.700399971008300781e+01
5.871799850463867188e+01
8.521600341796875000e+01
2.626899909973144531e+01
1.783459930419921875e+02
2.472440032958984375e+02
4.881800079345703125e+01
9.387899780273437500e+01
3.342510070800781250e+02
4.844699859619140625e+01
6.928199768066406250e+01
7.439399719238281250e+01
1.151839981079101562e+02
6.305799865722656250e+01
1.283379974365234375e+02
2.013999938964843750e+01
3.466999816894531250e+01
3.426200103759765625e+01
5.726810302734375000e+02
3.198710021972656250e+02
2.404510040283203125e+02
5.102099990844726562e+01
1.696560058593750000e+02
1.111200046539306641e+01
3.546200180053710938e+01
2.053499984741210938e+01
1.877140045166015625e+02
3.028300094604492188e+01
4.338649902343750000e+02
1.224199962615966797e+01
2.337000083923339844e+01
7.477700042724609375e+01
7.046999931335449219e+00
4.072499847412109375e+01
1.106129989624023438e+02
3.058970031738281250e+02
4.257300186157226562e+01
1.606920013427734375e+02
1.002389984130859375e+02
1.216129989624023438e+02
2.596500015258789062e+01
1.456900024414062500e+01
4.517900085449218750e+01
5.701399993896484375e+01
6.813700103759765625e+01
5.402500152587890625e+01
7.890599822998046875e+01
9.255490112304687500e+02
2.102630004882812500e+02
2.564370117187500000e+02
2.700750122070312500e+02
2.461690063476562500e+02
6.287500000000000000e+01
7.063640136718750000e+02
2.221959991455078125e+02
9.146700286865234375e+01
3.599300003051757812e+01
4.363829956054687500e+02
7.551000118255615234e+00
9.338000297546386719e+00
2.821500015258789062e+01
7.286640014648437500e+02
2.280299949645996094e+01
8.791200256347656250e+01
1.871100044250488281e+01
5.057699966430664062e+01
5.185499954223632812e+01
4.524100112915039062e+01
4.848940124511718750e+02
1.090926025390625000e+03
7.837899780273437500e+02
3.435690002441406250e+02
5.665000000000000000e+02
1.915659942626953125e+02
1.027109985351562500e+02
3.947099914550781250e+02
2.136900024414062500e+02
1.205500030517578125e+02
4.360599899291992188e+01
2.227400016784667969e+01
2.016799926757812500e+02
6.900000095367431641e+00
9.374600219726562500e+01
1.326660003662109375e+02
5.566840209960937500e+02
2.612709960937500000e+02
2.058280029296875000e+02
1.097946044921875000e+03
2.052400016784667969e+01
8.821399688720703125e+01
1.006110000610351562e+02
1.119219970703125000e+02
1.544099998474121094e+01
1.195400047302246094e+01
8.002600097656250000e+01
1.331099987030029297e+01
3.724010009765625000e+02
1.503829956054687500e+02
5.448500061035156250e+01
2.035220031738281250e+02
1.630140075683593750e+02
8.077799987792968750e+01
2.286289978027343750e+02
6.556999969482421875e+01
1.859759979248046875e+02
8.025800323486328125e+01
1.516699981689453125e+01
2.508399963378906250e+01
3.309700012207031250e+01
8.920099639892578125e+01
7.431900024414062500e+01
9.126000213623046875e+01
2.723299980163574219e+01
7.203700256347656250e+01
2.128200073242187500e+02
3.595800018310546875e+01
1.536289978027343750e+02
4.759000015258789062e+01
2.286529998779296875e+02
9.982000350952148438e+00
1.276009979248046875e+02
4.045610046386718750e+02
6.099200057983398438e+01
5.669180297851562500e+02
2.455130004882812500e+02
5.615499877929687500e+01
2.700099945068359375e+01
7.412630004882812500e+02
2.088199996948242188e+01
1.554250030517578125e+02
3.866099929809570312e+01
1.352700042724609375e+01
3.737400054931640625e+01
1.928079986572265625e+02
6.628399658203125000e+01
9.089600372314453125e+01
2.709300041198730469e+01
1.949660034179687500e+02
8.644000053405761719e+00
5.806000232696533203e+00
4.116910095214843750e+02
3.483599853515625000e+01
1.376029968261718750e+02
1.033899974822998047e+01
9.799800109863281250e+01
2.185199928283691406e+01
2.635780029296875000e+02
3.074880065917968750e+02
2.561919860839843750e+02
3.549200057983398438e+01
5.053499984741210938e+01
4.710379943847656250e+02
8.523989868164062500e+02
1.440579986572265625e+02
2.232590026855468750e+02
2.263000030517578125e+02
5.693700027465820312e+01
5.878259887695312500e+02
4.359799957275390625e+01
3.722200012207031250e+01
8.181500244140625000e+01
8.617099761962890625e+01
6.018099975585937500e+01
8.515720214843750000e+02
2.007649993896484375e+02
1.001100006103515625e+02
6.426000213623046875e+01
1.488869934082031250e+02
1.048558959960937500e+03
7.809400177001953125e+01
1.998090057373046875e+02
1.864399909973144531e+01
4.368899917602539062e+01
3.065600013732910156e+01
2.475099945068359375e+01
4.275759887695312500e+02
2.190010070800781250e+02
2.520700073242187500e+01
8.917800140380859375e+01
4.874599838256835938e+01
1.128990020751953125e+02
2.655459899902343750e+02
6.593399810791015625e+01
1.700300025939941406e+01
1.776569976806640625e+02
1.734399986267089844e+01
3.003959960937500000e+02
2.340099906921386719e+01
9.062400054931640625e+01
5.237699890136718750e+01
6.473000335693359375e+01
1.819859924316406250e+02
2.332740020751953125e+02
7.061719970703125000e+02
1.817920074462890625e+02
8.189600372314453125e+01
1.649409942626953125e+02
2.138829956054687500e+02
3.911100006103515625e+01
7.202899932861328125e+01
2.211599922180175781e+01
2.194889984130859375e+02
3.611000061035156250e+01
9.530100250244140625e+01
6.320800018310546875e+01
3.282000064849853516e+00
3.116399955749511719e+01
4.353900146484375000e+01
1.407449951171875000e+02
7.868399810791015625e+01
1.331999969482421875e+01
3.743600082397460938e+01
1.987700080871582031e+01
1.623600006103515625e+01
3.458599853515625000e+01
1.543182006835937500e+03
2.224300003051757812e+01
1.089700031280517578e+01
6.936999797821044922e+00
1.078570022583007812e+02
2.303650054931640625e+02
8.829089965820312500e+02
2.432550048828125000e+02
5.900199890136718750e+01
6.873000335693359375e+01
4.861589965820312500e+02
7.833499908447265625e+01
3.286299896240234375e+01
1.357927001953125000e+03
3.128240051269531250e+02
1.725850067138671875e+02
2.321899986267089844e+01
9.436900329589843750e+01
9.047899627685546875e+01
3.006200027465820312e+01
1.325100040435791016e+01
1.487560058593750000e+03
2.564280090332031250e+02
3.766899871826171875e+01
7.120899963378906250e+01
1.811620025634765625e+02
1.096549987792968750e+02
4.343799972534179688e+01
1.487072998046875000e+03
7.943800354003906250e+01
4.533009948730468750e+02
6.637500000000000000e+01
2.978599929809570312e+01
4.033900070190429688e+01
