5.502231000000000000e+06
2.831028750000000000e+05
1.512137000000000000e+07
7.678820190429687500e+02
2.103200073242187500e+02
8.377689819335937500e+02
1.543474300000000000e+07
2.993758400000000000e+07
1.314777031250000000e+05
2.707297800000000000e+07
4.929307500000000000e+06
6.437528000000000000e+06
2.163039600000000000e+07
3.202469687500000000e+05
1.624867400000000000e+07
5.600646000000000000e+07
7.418801500000000000e+06
1.841852343750000000e+04
1.382934625000000000e+06
1.762887109375000000e+04
7.969199829101562500e+02
5.776075500000000000e+06
6.204769500000000000e+06
2.201985800000000000e+07
6.275493500000000000e+06
2.302476750000000000e+06
1.135690039062500000e+04
6.344126953125000000e+03
5.990721000000000000e+06
3.270657500000000000e+06
1.766927812500000000e+05
2.524766200000000000e+07
4.517244000000000000e+06
1.775945312500000000e+04
9.652398437500000000e+04
2.261216562500000000e+05
1.060783600000000000e+07
7.788357812500000000e+04
2.225451200000000000e+07
2.988879882812500000e+04
1.356457750000000000e+06
8.441887695312500000e+03
6.005230102539062500e+02
7.720961718750000000e+04
4.304789843750000000e+04
5.124014160156250000e+03
1.142360000610351562e+02
9.488752000000000000e+06
7.112609863281250000e+02
1.703820037841796875e+02
6.856589965820312500e+02
2.760903400000000000e+07
5.293785546875000000e+04
6.352650146484375000e+02
9.844334960937500000e+03
4.242749938964843750e+02
1.232445214843750000e+04
5.252713281250000000e+04
5.777685500000000000e+06
6.164449000000000000e+06
9.990871000000000000e+06
1.086961718750000000e+04
6.217259600000000000e+07
1.300612060546875000e+03
1.548885009765625000e+03
2.751530151367187500e+02
1.938041200000000000e+07
2.352468600000000000e+07
4.332929992675781250e+02
3.647999877929687500e+02
7.916564500000000000e+06
5.332609863281250000e+02
1.664071875000000000e+04
1.590974400000000000e+07
4.654417000000000000e+06
9.236179809570312500e+02
6.677448500000000000e+06
9.399818750000000000e+04
1.969631400000000000e+07
5.300739746093750000e+02
1.705323974609375000e+03
7.279060058593750000e+02
2.319957500000000000e+06
4.667015200000000000e+07
1.651670074462890625e+02
2.985065917968750000e+03
3.862699890136718750e+02
1.432835644531250000e+04
7.947172500000000000e+06
8.616143000000000000e+06
2.705485625000000000e+05
2.550386600000000000e+07
3.973801025390625000e+03
1.001169967651367188e+02
2.928256400000000000e+07
2.948673000000000000e+07
3.400920104980468750e+02
1.144881958007812500e+03
1.697041800000000000e+07
5.286420312500000000e+04
2.602535500000000000e+06
8.711270141601562500e+02
3.587710500000000000e+06
2.057641601562500000e+04
9.803327500000000000e+05
2.228864013671875000e+03
1.097459600000000000e+07
9.233463200000000000e+07
5.956304800000000000e+07
1.927010040283203125e+02
1.375494531250000000e+05
1.081651562500000000e+05
2.491372800000000000e+07
6.750871200000000000e+07
2.332567800000000000e+07
8.947390136718750000e+02
3.380429250000000000e+06
4.339089965820312500e+02
1.829835750000000000e+06
3.813953750000000000e+05
8.793629000000000000e+06
5.373217500000000000e+05
6.155196777343750000e+03
5.115900039672851562e+01
1.614147250000000000e+06
1.693771200000000000e+07
3.863259200000000000e+07
4.311338867187500000e+03
6.398599853515625000e+02
8.670817968750000000e+04
3.225606562500000000e+05
1.712707343750000000e+05
4.912680053710937500e+02
5.348623046875000000e+04
1.446123906250000000e+05
4.324994000000000000e+06
8.515957031250000000e+03
8.133140258789062500e+02
7.520203125000000000e+05
3.697723046875000000e+04
2.133885937500000000e+05
1.490068500000000000e+07
4.868670000000000000e+07
4.657203125000000000e+04
3.373296562500000000e+05
6.123869500000000000e+06
6.279920043945312500e+02
1.019982600000000000e+07
1.742482400000000000e+07
1.857583984375000000e+04
2.694445000000000000e+05
8.928560180664062500e+02
3.260836250000000000e+05
3.470992578125000000e+04
2.267788600000000000e+07
1.276807519531250000e+04
5.382072000000000000e+07
2.831109924316406250e+02
5.012387500000000000e+04
6.059109765625000000e+04
1.173905500000000000e+07
8.359825000000000000e+06
7.531591406250000000e+04
4.307636230468750000e+03
7.534003500000000000e+06
1.632104003906250000e+03
3.455763671875000000e+04
7.446026000000000000e+06
4.891037109375000000e+03
1.601166300000000000e+07
1.698112200000000000e+07
1.633834277343750000e+04
4.703118437500000000e+05
2.410516113281250000e+03
1.287375390625000000e+05
5.559799957275390625e+01
8.674178000000000000e+06
2.804245312500000000e+05
1.817632750000000000e+06
4.106252734375000000e+04
4.286152500000000000e+06
1.460161250000000000e+05
4.130281200000000000e+07
4.998600006103515625e+01
3.549954296875000000e+04
2.849005800000000000e+07
1.873011625000000000e+06
2.902238000000000000e+07
6.412012207031250000e+03
5.460637207031250000e+03
5.589955078125000000e+03
1.689208281250000000e+05
4.534871875000000000e+04
2.110447800000000000e+07
7.043885156250000000e+04
1.158402031250000000e+05
4.982161500000000000e+06
2.188631103515625000e+03
2.070418945312500000e+04
9.135430000000000000e+06
6.209760156250000000e+04
6.339523925781250000e+03
2.723306400000000000e+07
1.270327400000000000e+07
3.131202880859375000e+03
7.349153000000000000e+06
1.608246948242187500e+03
1.199799000000000000e+07
2.360770400000000000e+07
1.351197700000000000e+07
1.838402343750000000e+05
3.801622250000000000e+06
1.815738906250000000e+05
4.949264500000000000e+06
8.211430664062500000e+03
1.637211059570312500e+03
8.274138281250000000e+04
5.291938964843750000e+03
2.938776000000000000e+07
5.976908000000000000e+06
2.375225000000000000e+05
5.071902832031250000e+03
2.249517343750000000e+05
7.806134375000000000e+04
2.887950134277343750e+02
5.717428515625000000e+04
2.080000000000000000e+02
9.491000175476074219e+00
8.564678000000000000e+06
1.288941700000000000e+07
1.151149978637695312e+02
6.799649902343750000e+03
6.994513281250000000e+04
2.313769989013671875e+02
2.407386800000000000e+07
2.386057500000000000e+05
2.281578906250000000e+05
3.144470000000000000e+06
5.576946400000000000e+07
4.191612400000000000e+07
8.554861718750000000e+04
4.178023750000000000e+06
1.574779968261718750e+02
7.175935058593750000e+03
6.291775781250000000e+04
2.411246400000000000e+07
5.151364000000000000e+07
1.952799987792968750e+02
3.563395312500000000e+04
5.432001171875000000e+04
2.604338000000000000e+07
1.988845781250000000e+05
2.622299957275390625e+01
4.916629943847656250e+02
6.729748000000000000e+07
1.018332200000000000e+07
1.796901000000000000e+07
1.003584000000000000e+06
2.091271679687500000e+04
2.109131103515625000e+03
1.588467656250000000e+05
2.414999961853027344e+01
4.709017500000000000e+06
2.384437187500000000e+05
5.855835937500000000e+03
1.004728203125000000e+05
2.885139892578125000e+03
1.891499938964843750e+02
1.749200781250000000e+04
2.532149963378906250e+02
6.706821875000000000e+04
2.017379600000000000e+07
2.090284600000000000e+07
7.306163000000000000e+06
5.165055859375000000e+04
5.102462500000000000e+06
1.196059300000000000e+07
5.134862792968750000e+03
2.735838125000000000e+05
6.941054687500000000e+04
5.445830078125000000e+02
3.807592800000000000e+07
6.235349000000000000e+06
6.640422400000000000e+07
5.429667187500000000e+04
1.413683593750000000e+05
2.996626000000000000e+07
5.750737792968750000e+03
5.258800048828125000e+02
4.020168359375000000e+04
5.473339843750000000e+02
1.200725781250000000e+04
3.323351074218750000e+03
1.363532656250000000e+05
6.041999816894531250e+00
1.270015200000000000e+07
3.026942800000000000e+07
1.404395156250000000e+05
4.777342578125000000e+04
9.106599609375000000e+03
8.559499000000000000e+06
1.951739959716796875e+02
1.599974687500000000e+05
1.041295400000000000e+07
5.629799804687500000e+02
8.468343750000000000e+03
3.340520019531250000e+02
1.427010800000000000e+07
6.693571093750000000e+04
8.983569946289062500e+02
1.085500030517578125e+02
3.818597900390625000e+03
4.726107812500000000e+04
1.402776800000000000e+07
2.794945068359375000e+03
1.570733800000000000e+07
7.312148437500000000e+04
1.022827026367187500e+03
6.385660400000000000e+07
7.027589721679687500e+02
1.245482031250000000e+04
6.023727000000000000e+06
1.577449600000000000e+07
2.177163500000000000e+06
9.599373437500000000e+04
2.864926400000000000e+07
1.234818300000000000e+07
4.851640014648437500e+02
9.846064000000000000e+06
4.350159912109375000e+02
6.591681250000000000e+04
7.078000068664550781e+00
3.893597600000000000e+07
2.840877929687500000e+03
6.383369750976562500e+02
5.784889843750000000e+04
1.502721406250000000e+05
2.928020019531250000e+02
4.364415500000000000e+06
1.352067016601562500e+03
3.842518750000000000e+06
3.157884960937500000e+04
1.408610351562500000e+04
1.020804843750000000e+05
1.651091500000000000e+07
8.630640258789062500e+02
2.014321400000000000e+07
3.042029000000000000e+07
5.864547000000000000e+06
1.386437988281250000e+03
1.987623000000000000e+07
3.809230800000000000e+07
3.420990234375000000e+04
8.266505500000000000e+06
6.118109741210937500e+02
2.188704600000000000e+07
2.176524531250000000e+05
7.350529687500000000e+04
2.988160095214843750e+02
6.341021600000000000e+07
2.669445625000000000e+05
5.755662890625000000e+04
1.699612400000000000e+07
2.541252400000000000e+07
1.036923828125000000e+05
6.075186250000000000e+05
1.361687792968750000e+04
6.333441500000000000e+06
7.887589721679687500e+02
1.247672100000000000e+07
3.441414062500000000e+04
6.798952500000000000e+05
3.949732910156250000e+03
4.452848828125000000e+04
1.132132617187500000e+04
5.027539978027343750e+02
1.483028250000000000e+06
5.263649902343750000e+02
6.798130000000000000e+05
7.243325000000000000e+06
5.025426000000000000e+06
1.380423000000000000e+07
1.639051025390625000e+03
6.562799835205078125e+01
5.520563964843750000e+03
6.149370117187500000e+02
2.032735000000000000e+06
6.062188125000000000e+05
6.773625000000000000e+03
1.594529900000000000e+07
2.832565500000000000e+06
2.913039855957031250e+02
1.086232617187500000e+04
3.849970092773437500e+02
1.749283203125000000e+04
1.716535400000000000e+07
2.484104600000000000e+07
4.602953125000000000e+05
4.715071093750000000e+04
2.507630004882812500e+02
1.292975600000000000e+07
4.196125781250000000e+04
2.682757080078125000e+03
3.832761200000000000e+07
1.144561875000000000e+05
2.835561523437500000e+04
5.363484863281250000e+03
1.872784250000000000e+06
1.889800600000000000e+07
2.848312187500000000e+05
1.756143600000000000e+07
3.490969848632812500e+02
2.678602734375000000e+04
4.863645500000000000e+06
2.469482343750000000e+05
1.310562988281250000e+03
1.163802421875000000e+05
5.669089965820312500e+02
2.177822500000000000e+06
3.244643164062500000e+04
5.224477500000000000e+06
5.479630126953125000e+02
1.009221328125000000e+05
3.363679200000000000e+07
2.703632400000000000e+07
1.214934500000000000e+07
9.659375976562500000e+03
9.049091406250000000e+04
1.595897812500000000e+05
1.360957800000000000e+07
1.079018100000000000e+07
1.499300976562500000e+04
4.509168500000000000e+06
1.953764375000000000e+06
3.498850097656250000e+02
1.793349218750000000e+04
5.160246093750000000e+03
3.283092500000000000e+05
3.523918750000000000e+05
6.124823828125000000e+04
1.765897000000000000e+07
1.557375937500000000e+05
3.211809997558593750e+02
4.332319140625000000e+04
3.023670043945312500e+02
7.619771500000000000e+06
3.112574500000000000e+06
7.956168500000000000e+06
1.202732109375000000e+05
1.818152954101562500e+03
2.526637600000000000e+07
2.830260000000000000e+05
1.874640045166015625e+02
3.348258593750000000e+04
1.191221700000000000e+07
1.343004600000000000e+07
8.853630000000000000e+06
7.099033750000000000e+05
6.522119750976562500e+02
8.662859375000000000e+04
5.144038000000000000e+06
1.520610046386718750e+02
5.519900131225585938e+01
1.615114700000000000e+07
5.338623000000000000e+06
1.921401200000000000e+07
9.719792187500000000e+04
9.127840625000000000e+04
3.030155250000000000e+06
1.006780700000000000e+07
1.657099914550781250e+01
2.775145996093750000e+03
1.075807006835937500e+03
1.297208100000000000e+07
3.979212109375000000e+04
3.013253250000000000e+06
1.536948200000000000e+07
9.772026875000000000e+05
2.280189600000000000e+07
5.034976400000000000e+07
1.142052900000000000e+07
1.059469000000000000e+07
7.728467187500000000e+04
9.235112500000000000e+04
2.781253437500000000e+05
5.325452148437500000e+03
1.104384375000000000e+05
1.047219824218750000e+04
2.718742382812500000e+04
2.613410625000000000e+05
1.983950400000000000e+07
2.293804200000000000e+07
2.133609924316406250e+02
1.077068671875000000e+05
4.726860400000000000e+07
1.901536010742187500e+03
4.274965200000000000e+07
1.609359400000000000e+07
4.825719909667968750e+02
2.443542343750000000e+05
3.822879943847656250e+02
9.937200164794921875e+01
2.106443750000000000e+05
6.026900024414062500e+02
2.728166400000000000e+07
4.933422000000000000e+06
3.631839111328125000e+03
5.780689697265625000e+02
1.890637400000000000e+07
1.262103125000000000e+05
1.636425048828125000e+03
4.317049865722656250e+02
1.186692016601562500e+03
3.300239990234375000e+03
2.168558750000000000e+06
4.887944000000000000e+07
1.215069000000000000e+07
1.789998437500000000e+05
2.226632031250000000e+05
7.130543945312500000e+03
9.472531000000000000e+06
6.168033593750000000e+04
2.387650800000000000e+07
6.372311500000000000e+06
1.849397949218750000e+03
4.224710083007812500e+02
2.923391113281250000e+03
3.986168800000000000e+07
6.932128500000000000e+06
2.551675400000000000e+07
3.096822500000000000e+05
1.025670013427734375e+02
2.108836562500000000e+05
4.572696562500000000e+05
3.301770019531250000e+02
4.439383203125000000e+04
7.554030151367187500e+02
4.366398000000000000e+07
1.241528400000000000e+07
1.772029843750000000e+05
9.910288281250000000e+04
1.298371582031250000e+04
1.211869125000000000e+06
1.865328125000000000e+05
1.013801100000000000e+07
4.774769897460937500e+02
2.516232343750000000e+05
7.917385937500000000e+04
1.113412963867187500e+03
1.060948359375000000e+05
2.220044062500000000e+05
2.569474400000000000e+07
7.683200073242187500e+01
4.991280000000000000e+06
3.093120117187500000e+02
3.234824400000000000e+07
3.161193600000000000e+07
2.766062500000000000e+05
3.583569921875000000e+04
6.937960205078125000e+02
2.408164062500000000e+05
2.627836000000000000e+07
3.283631640625000000e+04
3.397788437500000000e+05
2.554694250000000000e+06
1.914734400000000000e+07
2.149963593750000000e+05
1.963779600000000000e+07
1.706969726562500000e+04
9.751382500000000000e+05
6.784600219726562500e+02
3.622189941406250000e+03
3.936160400000000000e+07
3.364396750000000000e+06
3.974290000000000000e+05
8.552740000000000000e+06
2.190722900390625000e+03
9.920203125000000000e+04
7.568044800000000000e+07
8.387526000000000000e+06
1.046496948242187500e+03
1.747014038085937500e+03
9.858331875000000000e+05
2.015527343750000000e+04
3.666117812500000000e+05
7.832317871093750000e+03
1.566100952148437500e+03
9.771773750000000000e+05
1.316041250000000000e+05
9.605880126953125000e+02
1.456265820312500000e+04
1.871692800000000000e+07
6.802284375000000000e+04
1.619770050048828125e+02
1.952751375000000000e+06
7.125768750000000000e+04
4.422424000000000000e+06
1.516878808593750000e+04
3.414700012207031250e+02
3.621670312500000000e+05
1.335536300000000000e+07
5.436564800000000000e+07
1.742970937500000000e+05
6.345870400000000000e+07
5.405657600000000000e+07
7.021381250000000000e+04
1.540895468750000000e+05
3.805801025390625000e+03
1.032697021484375000e+03
6.533588800000000000e+07
1.092915625000000000e+04
4.368024800000000000e+07
2.369927656250000000e+05
1.256324500000000000e+07
4.176020312500000000e+04
2.047521289062500000e+04
9.471800000000000000e+06
3.134429931640625000e+02
4.079600143432617188e+01
3.738885156250000000e+04
2.875955625000000000e+05
1.619265014648437500e+03
3.812015200000000000e+07
4.499532000000000000e+06
4.310793600000000000e+07
2.363136400000000000e+07
2.234856750000000000e+06
2.072247851562500000e+04
8.161100006103515625e+01
8.816810000000000000e+06
1.691352800000000000e+07
4.101116406250000000e+04
5.403272949218750000e+03
4.219727734375000000e+04
4.298685200000000000e+07
4.165339062500000000e+04
2.371700781250000000e+04
9.745018750000000000e+04
1.114465625000000000e+05
4.774328000000000000e+06
7.702105500000000000e+06
3.455849609375000000e+04
1.665517656250000000e+05
8.151160278320312500e+02
4.411467187500000000e+04
1.471559375000000000e+06
1.032125976562500000e+03
2.366569976806640625e+02
6.962954000000000000e+06
3.590388500000000000e+06
1.320983500000000000e+07
1.699756250000000000e+04
1.084077625000000000e+06
3.900354800000000000e+07
1.937642773437500000e+04
7.094439697265625000e+02
2.295279998779296875e+02
9.570027500000000000e+05
6.869401855468750000e+03
1.212578515625000000e+05
2.898470200000000000e+07
1.846399993896484375e+02
4.665299987792968750e+01
3.042353400000000000e+07
3.956141500000000000e+06
1.374958200000000000e+07
2.129349975585937500e+02
7.891829833984375000e+02
7.630488769531250000e+03
5.296869140625000000e+04
7.362792187500000000e+04
8.664744000000000000e+06
3.639948828125000000e+04
3.979845750000000000e+06
5.178060302734375000e+02
1.599270703125000000e+04
2.786199951171875000e+02
1.021320700000000000e+07
5.015650024414062500e+02
9.476236718750000000e+04
7.846535500000000000e+06
4.158803750000000000e+06
9.997098000000000000e+06
3.278359800000000000e+07
9.387296000000000000e+06
9.397062000000000000e+06
4.857690124511718750e+02
2.207028076171875000e+03
4.023590087890625000e+02
1.393091400000000000e+07
1.067433750000000000e+05
1.168946044921875000e+03
5.913200073242187500e+02
1.275248250000000000e+06
1.284438671875000000e+04
2.618805908203125000e+03
7.566364500000000000e+06
7.635377343750000000e+04
7.537269897460937500e+02
1.554604062500000000e+05
2.979585000000000000e+05
5.600239868164062500e+02
4.932019958496093750e+02
2.491136000000000000e+07
1.478635009765625000e+03
1.228214921875000000e+05
3.662600097656250000e+02
3.359997600000000000e+07
2.011321625000000000e+06
1.883649600000000000e+07
1.101493847656250000e+04
3.583145703125000000e+04
4.300590500000000000e+06
4.319759500000000000e+06
1.069112600000000000e+07
3.819988400000000000e+07
5.753588281250000000e+04
1.978448600000000000e+07
3.207332600000000000e+07
1.482652656250000000e+05
1.238454956054687500e+03
6.658579711914062500e+02
5.657570312500000000e+04
3.558505200000000000e+07
6.409420500000000000e+06
1.459251562500000000e+04
4.321664500000000000e+06
4.398400115966796875e+01
1.870480041503906250e+02
3.831417968750000000e+04
1.353179931640625000e+02
1.588857055664062500e+03
1.552599945068359375e+02
3.109742500000000000e+06
5.812500000000000000e+02
1.833113037109375000e+03
5.062350781250000000e+04
1.443119964599609375e+02
2.242357200000000000e+07
7.263936718750000000e+04
4.393006875000000000e+05
1.481517000000000000e+06
1.130009994506835938e+02
8.861596875000000000e+04
1.643899800000000000e+07
1.002780700000000000e+07
1.154449200000000000e+07
1.270739900000000000e+07
2.389653281250000000e+05
9.627451171875000000e+03
2.820798000000000000e+07
8.412739868164062500e+02
5.712039794921875000e+02
3.741525625000000000e+05
1.035701074218750000e+04
3.013052148437500000e+04
2.318273800000000000e+07
4.978127343750000000e+04
1.164599975585937500e+03
1.177650500000000000e+07
4.570199000000000000e+06
8.884055664062500000e+03
4.109635000000000000e+06
1.213516406250000000e+05
8.258300018310546875e+01
3.003763916015625000e+03
4.210004687500000000e+05
2.410761800000000000e+07
2.286770019531250000e+02
1.005370812500000000e+06
1.146516160000000000e+08
2.697788867187500000e+04
5.154050292968750000e+02
1.034138200000000000e+07
2.124118400000000000e+07
5.286872000000000000e+06
8.963217000000000000e+06
3.060592382812500000e+04
3.528376953125000000e+03
2.872096875000000000e+04
1.030501464843750000e+04
5.349420166015625000e+02
1.544392187500000000e+05
1.779859924316406250e+02
2.346452148437500000e+04
9.763011718750000000e+04
5.806762207031250000e+03
1.639602900000000000e+07
8.829778125000000000e+05
8.335059814453125000e+02
6.873460083007812500e+02
1.968571000000000000e+07
1.578006500000000000e+06
3.169280090332031250e+02
4.270880126953125000e+02
4.406980078125000000e+04
1.299840625000000000e+04
5.615750122070312500e+02
1.301380703125000000e+05
2.083171375000000000e+06
1.731625781250000000e+04
4.830066800000000000e+07
3.281228027343750000e+03
1.699704882812500000e+04
6.943844000000000000e+06
2.568458000000000000e+06
5.461528800000000000e+07
2.455363250000000000e+06
9.376400146484375000e+02
1.505473400000000000e+07
7.284660034179687500e+02
2.687964111328125000e+03
2.316841000000000000e+06
8.171149902343750000e+02
1.004549400000000000e+07
2.539523125000000000e+05
6.983174375000000000e+05
2.986000061035156250e+02
8.141898437500000000e+04
1.467715400000000000e+07
8.112100219726562500e+01
4.947031000000000000e+06
8.562910156250000000e+02
9.584548000000000000e+06
8.436436523437500000e+03
4.475889892578125000e+02
2.589395200000000000e+07
2.362793600000000000e+07
2.396529998779296875e+02
3.844277600000000000e+07
1.660140991210937500e+03
2.830494375000000000e+05
8.011735625000000000e+05
4.388712500000000000e+04
2.824065750000000000e+06
2.071415600000000000e+07
2.204429800000000000e+07
6.285250976562500000e+03
1.280885009765625000e+03
5.085676171875000000e+04
1.497197998046875000e+03
6.457070500000000000e+06
1.852161010742187500e+03
2.007013437500000000e+05
2.894216400000000000e+07
2.073031640625000000e+04
6.310784500000000000e+06
2.677106933593750000e+03
3.451708800000000000e+07
2.369057812500000000e+05
8.961760253906250000e+02
5.693098400000000000e+07
1.468672800000000000e+07
8.454759765625000000e+03
1.078996100000000000e+07
7.220723500000000000e+06
1.484125878906250000e+04
1.629045156250000000e+05
1.690084000000000000e+07
1.167042968750000000e+03
1.818220781250000000e+05
3.113496800000000000e+07
1.563560156250000000e+04
6.884260253906250000e+02
1.108524453125000000e+05
1.725222968750000000e+05
4.065750000000000000e+03
2.148596250000000000e+06
5.800400390625000000e+04
5.385651000000000000e+06
3.770360107421875000e+02
6.781979980468750000e+02
4.043959765625000000e+04
8.553279687500000000e+04
1.544734277343750000e+04
3.200469250000000000e+06
3.150007226562500000e+04
7.962957031250000000e+03
1.930994000000000000e+07
2.044537125000000000e+06
8.061799621582031250e+01
7.165274218750000000e+04
1.303997460937500000e+04
1.838730000000000000e+07
1.180945500000000000e+07
6.863660500000000000e+06
1.018858700000000000e+07
7.033946777343750000e+03
1.136587036132812500e+03
1.277849975585937500e+03
2.065960200000000000e+07
3.184052343750000000e+04
5.422463200000000000e+07
7.194234000000000000e+06
4.380578125000000000e+05
9.380179200000000000e+07
2.782451750000000000e+06
1.773427031250000000e+05
2.479578200000000000e+07
2.125079882812500000e+04
1.208162402343750000e+04
1.098564300000000000e+07
3.177619934082031250e+02
1.188868457031250000e+04
2.686220092773437500e+02
1.662996500000000000e+07
1.741859985351562500e+03
3.135853750000000000e+05
4.615708437500000000e+05
5.631970214843750000e+02
3.673591250000000000e+06
1.922821400000000000e+07
1.710074400000000000e+07
3.782174250000000000e+06
3.824238671875000000e+04
3.269441000000000000e+06
1.040650312500000000e+05
8.162880249023437500e+02
1.594965750000000000e+06
4.794370117187500000e+02
3.828209600000000000e+07
1.425169982910156250e+02
3.525950625000000000e+05
1.975195800000000000e+07
1.781308800000000000e+07
2.696185200000000000e+07
6.499985839843750000e+03
1.350291875000000000e+05
1.880128710937500000e+04
2.042654843750000000e+05
3.191370117187500000e+04
1.444280029296875000e+03
2.154325927734375000e+03
4.517709960937500000e+02
6.414297200000000000e+07
7.866913125000000000e+05
1.317200600000000000e+07
6.177259200000000000e+07
2.105034400000000000e+07
7.092059936523437500e+02
4.303318000000000000e+07
2.232799911499023438e+01
4.252764800000000000e+07
3.828957812500000000e+05
4.826889953613281250e+02
2.158996875000000000e+05
7.077116500000000000e+06
2.024946562500000000e+05
1.220470900000000000e+07
3.542261000000000000e+06
3.843221200000000000e+07
2.574868200000000000e+07
1.031549700000000000e+07
1.201384277343750000e+04
3.874605600000000000e+07
1.294530000000000000e+05
3.034270019531250000e+02
3.002026500000000000e+06
2.437541000000000000e+07
5.181395500000000000e+06
3.545620117187500000e+02
2.774913600000000000e+07
2.800080078125000000e+03
4.035471923828125000e+03
4.939315312500000000e+05
2.310444531250000000e+04
1.969977929687500000e+04
8.168835937500000000e+04
1.036472800000000000e+07
1.792717800000000000e+07
1.566708600000000000e+07
1.229209375000000000e+05
2.614428000000000000e+06
1.152198300000000000e+07
1.978814200000000000e+07
2.790468994140625000e+03
1.146369600000000000e+07
4.904508789062500000e+03
3.577609863281250000e+02
6.060233500000000000e+06
1.097212500000000000e+05
3.387399200000000000e+07
3.712751250000000000e+06
1.314720001220703125e+02
6.542106000000000000e+07
7.101038000000000000e+06
3.495464062500000000e+04
3.452559062500000000e+05
3.506594000000000000e+07
7.094989500000000000e+06
4.343457031250000000e+04
1.353350700000000000e+07
8.704967000000000000e+06
1.204173925781250000e+04
7.696707031250000000e+04
6.542445800781250000e+03
1.685718000000000000e+07
3.297600097656250000e+02
5.807023046875000000e+04
2.766821200000000000e+07
