1.021700000762939453e+01
1.361916015625000000e+03
3.265010070800781250e+02
4.468999862670898438e+00
1.961599922180175781e+01
1.078100013732910156e+01
1.915099906921386719e+01
2.688800048828125000e+01
6.796000003814697266e+00
1.674000024795532227e+00
8.389890136718750000e+02
2.977499961853027344e+01
2.542000055313110352e+00
1.270499992370605469e+01
6.100099945068359375e+01
5.581399917602539062e+01
1.888509979248046875e+02
3.635100173950195312e+01
6.033999919891357422e+00
1.282070007324218750e+02
1.108600044250488281e+01
4.267599868774414062e+01
1.274889984130859375e+02
9.767099761962890625e+01
3.406200027465820312e+01
2.427000045776367188e+00
7.498000144958496094e+00
1.286600017547607422e+01
2.590750122070312500e+02
4.752999782562255859e+00
5.940000057220458984e+00
1.307800006866455078e+01
5.922999858856201172e+00
8.887000083923339844e+00
1.311699962615966797e+01
2.376099967956542969e+01
2.078439941406250000e+02
5.739999771118164062e+00
2.349799919128417969e+01
1.899000048637390137e+00
1.034602050781250000e+03
1.172799968719482422e+01
4.091759948730468750e+02
3.647820129394531250e+02
1.266600036621093750e+01
1.758799934387207031e+01
2.436800003051757812e+01
6.111619873046875000e+02
1.216300010681152344e+01
5.256100082397460938e+01
4.527700042724609375e+01
1.502099990844726562e+01
4.912019958496093750e+02
5.730999946594238281e+00
4.120999813079833984e+00
3.542300033569335938e+01
8.427000045776367188e+00
6.678999900817871094e+00
4.261449890136718750e+02
4.340000152587890625e+00
2.164399909973144531e+01
1.166307983398437500e+03
1.269629974365234375e+02
2.536170043945312500e+02
4.219999790191650391e+00
2.017258056640625000e+03
1.216719970703125000e+02
8.862000465393066406e+00
4.163160095214843750e+02
1.139599990844726562e+01
1.815999984741210938e+01
1.184899997711181641e+01
1.437279968261718750e+02
3.363199996948242188e+01
9.428999900817871094e+00
2.183750000000000000e+02
4.589000225067138672e+00
1.283713989257812500e+03
6.759949951171875000e+02
7.849329833984375000e+02
9.729999899864196777e-01
2.565800094604492188e+01
2.067200088500976562e+01
1.529199981689453125e+01
2.395010070800781250e+02
3.078100013732910156e+01
2.167999982833862305e+00
1.060499954223632812e+01
3.220999956130981445e+00
1.000690002441406250e+02
1.699699974060058594e+01
1.713999986648559570e+00
1.491499996185302734e+01
2.212500000000000000e+01
3.070459899902343750e+02
1.485910034179687500e+02
2.651000022888183594e+00
2.218399963378906250e+02
1.756500053405761719e+01
1.108399963378906250e+01
1.884000015258789062e+01
5.204999923706054688e+00
1.983000040054321289e+00
4.521999835968017578e+00
1.436699962615966797e+01
1.031900024414062500e+01
4.752229919433593750e+02
3.610300064086914062e+01
6.324199829101562500e+02
7.584829711914062500e+02
1.004899978637695312e+01
5.694400024414062500e+01
2.371899986267089844e+01
1.048799991607666016e+01
5.859000205993652344e+00
1.165900039672851562e+01
3.795119934082031250e+02
4.955950012207031250e+02
7.501660156250000000e+02
2.751640014648437500e+02
4.513000011444091797e+00
1.638500022888183594e+01
2.990000009536743164e+00
9.581000328063964844e+00
8.810000419616699219e+00
1.928679962158203125e+02
1.200569992065429688e+02
2.746599960327148438e+01
2.820299911499023438e+01
3.032999992370605469e+00
2.366799926757812500e+01
8.430850219726562500e+02
6.899400329589843750e+01
4.946000099182128906e+00
6.087099838256835938e+01
3.948789978027343750e+02
7.263000011444091797e+00
3.241999816894531250e+01
1.757299995422363281e+01
7.804999828338623047e+00
6.694699859619140625e+01
2.004100036621093750e+01
9.255000114440917969e+00
1.776600074768066406e+01
1.669457031250000000e+03
5.469959716796875000e+02
1.690999984741210938e+01
2.587200012207031250e+02
1.692799949645996094e+01
7.665999889373779297e+00
2.556999921798706055e+00
2.192720031738281250e+02
5.253400039672851562e+01
3.765499877929687500e+02
1.215009033203125000e+03
4.943299865722656250e+01
6.712999820709228516e+00
7.721000194549560547e+00
1.792680053710937500e+02
1.047200012207031250e+01
2.255900001525878906e+01
9.076000213623046875e+00
6.250999927520751953e+00
1.719599914550781250e+01
1.755800056457519531e+01
5.465219726562500000e+02
2.061000061035156250e+01
4.783999919891357422e+00
1.536532958984375000e+03
8.494200134277343750e+01
1.352999973297119141e+01
2.386899948120117188e+01
1.967310028076171875e+02
2.259799957275390625e+01
1.371840057373046875e+02
7.697499847412109375e+01
7.553690185546875000e+02
6.197999954223632812e+01
3.059700012207031250e+01
2.535799980163574219e+01
5.409999847412109375e+00
9.793000221252441406e+00
4.762599945068359375e+01
2.040999889373779297e+00
1.030300045013427734e+01
2.323999881744384766e+00
8.456000328063964844e+00
8.387300109863281250e+01
3.246400070190429688e+01
1.124609985351562500e+02
2.288599967956542969e+01
3.185450134277343750e+02
3.130900001525878906e+01
3.304060058593750000e+02
2.650000095367431641e+00
1.310000038146972656e+01
3.520000076293945312e+01
8.729199981689453125e+01
2.744140014648437500e+02
3.621999979019165039e+00
1.233899974822998047e+01
1.334000015258789062e+01
2.367000102996826172e+00
7.829999923706054688e+00
1.239500045776367188e+01
1.428299999237060547e+01
9.355999946594238281e+00
5.377589721679687500e+02
6.093999862670898438e+00
4.190000057220458984e+00
5.364999771118164062e+00
1.454399967193603516e+01
1.478199958801269531e+01
1.804420013427734375e+02
4.636000156402587891e+00
3.111100006103515625e+01
1.159799957275390625e+01
2.340699958801269531e+01
9.831359863281250000e+02
9.050000190734863281e+00
8.803000450134277344e+00
1.817900085449218750e+01
1.253199958801269531e+01
5.267000198364257812e+00
5.725939941406250000e+02
1.382999992370605469e+01
1.376000022888183594e+01
1.176819992065429688e+02
1.886800003051757812e+01
3.034499931335449219e+01
5.198469848632812500e+02
4.881999969482421875e+00
2.105200004577636719e+01
3.341199874877929688e+01
4.578000068664550781e+00
8.678679809570312500e+02
1.044699954986572266e+01
2.047800064086914062e+01
1.278400039672851562e+01
9.011199951171875000e+02
1.483600044250488281e+01
2.710610046386718750e+02
1.118599987030029297e+01
1.854999923706054688e+01
4.539000034332275391e+00
6.903999805450439453e+00
3.482687011718750000e+03
9.404959716796875000e+02
1.423999977111816406e+01
6.652999877929687500e+00
3.007630004882812500e+02
1.447999954223632812e+01
2.029559936523437500e+02
7.879000186920166016e+00
1.509940032958984375e+02
2.733670043945312500e+02
4.876910095214843750e+02
1.613459930419921875e+02
2.229800033569335938e+01
1.356499958038330078e+01
1.511999964714050293e+00
2.190699958801269531e+01
3.414699935913085938e+01
8.774000167846679688e+00
3.655999898910522461e+00
7.642000198364257812e+00
6.677600097656250000e+01
2.878099975585937500e+02
3.325490112304687500e+02
5.993000030517578125e+00
6.398899841308593750e+01
5.154700088500976562e+01
4.334600067138671875e+01
2.134600067138671875e+01
4.344999790191650391e+00
1.753300094604492188e+01
4.186199951171875000e+01
5.808000087738037109e+00
5.914999961853027344e+00
3.670000076293945312e+01
2.696310119628906250e+02
1.137262939453125000e+03
5.477540283203125000e+02
2.756000041961669922e+00
2.400099945068359375e+01
6.359000205993652344e+00
4.707899856567382812e+01
1.014000034332275391e+01
7.568999767303466797e+00
1.286999988555908203e+01
1.483580017089843750e+02
3.757400131225585938e+01
2.083699989318847656e+01
2.021199989318847656e+01
9.082099914550781250e+01
6.823999881744384766e+00
1.473000049591064453e+00
1.096800041198730469e+01
1.793549957275390625e+02
3.142999887466430664e+00
7.585000038146972656e+00
2.996000051498413086e+00
9.737999916076660156e+00
1.320899963378906250e+01
1.709799957275390625e+01
1.804380035400390625e+02
3.143799972534179688e+01
8.543199920654296875e+01
4.819960021972656250e+02
4.109099960327148438e+01
7.209400177001953125e+01
2.883499908447265625e+01
1.480700016021728516e+01
2.623399925231933594e+01
7.765460205078125000e+02
5.521999835968017578e+00
2.487599945068359375e+01
6.954399871826171875e+01
1.076510009765625000e+02
7.376699829101562500e+01
1.299400043487548828e+01
2.619000053405761719e+01
6.541999816894531250e+00
1.823200035095214844e+01
4.262000083923339844e+00
5.811999797821044922e+00
1.621159973144531250e+02
6.386370239257812500e+02
3.015759887695312500e+02
1.602700042724609375e+02
2.905710144042968750e+02
7.287599945068359375e+01
2.512599945068359375e+01
1.427963989257812500e+03
5.051100158691406250e+01
9.409000396728515625e+00
1.952099990844726562e+01
3.545899963378906250e+01
5.631000041961669922e+00
1.640200042724609375e+01
6.332500076293945312e+01
3.222040100097656250e+02
2.868229980468750000e+02
1.363700008392333984e+01
2.666099929809570312e+01
4.634119873046875000e+02
8.896600341796875000e+01
2.709000110626220703e+00
5.155919799804687500e+02
3.692290039062500000e+02
5.168000221252441406e+00
1.560200023651123047e+01
2.086100006103515625e+01
1.298999977111816406e+01
3.598999977111816406e+00
1.428600025177001953e+01
1.369999980926513672e+01
3.276100158691406250e+01
2.375420074462890625e+02
9.012000083923339844e+00
9.477200317382812500e+01
6.487300109863281250e+01
9.038109741210937500e+02
4.248989868164062500e+02
2.494199943542480469e+01
5.553200149536132812e+01
1.031000041961669922e+01
1.543999958038330078e+01
1.723999977111816406e+01
2.535069091796875000e+03
1.359784057617187500e+03
2.235700035095214844e+01
4.629399871826171875e+01
3.542000055313110352e+00
5.006999969482421875e+00
1.017000007629394531e+01
1.024800014495849609e+01
3.085999965667724609e+00
3.880440063476562500e+02
3.063199996948242188e+01
3.832799911499023438e+01
2.126499938964843750e+01
4.366899871826171875e+01
2.798399925231933594e+01
2.480400085449218750e+01
1.143799972534179688e+01
1.335989990234375000e+02
4.227700042724609375e+01
3.055669860839843750e+02
9.154000282287597656e+00
7.138200378417968750e+01
5.732999801635742188e+00
8.053999900817871094e+00
1.874300003051757812e+01
7.541999816894531250e+00
7.050230102539062500e+02
7.354689941406250000e+02
3.439300155639648438e+01
1.949900054931640625e+01
9.609000205993652344e+00
6.114999771118164062e+00
2.236499977111816406e+01
1.753899955749511719e+01
1.296899986267089844e+01
1.188820037841796875e+02
1.253199958801269531e+01
1.477400016784667969e+01
1.582100009918212891e+01
7.178999900817871094e+00
1.437600040435791016e+01
9.449000358581542969e+00
3.222700119018554688e+01
2.159700012207031250e+01
2.714999914169311523e+00
1.063399982452392578e+01
7.618999958038330078e+00
7.661499786376953125e+01
1.770500030517578125e+02
1.889100074768066406e+01
4.555480041503906250e+02
2.749300003051757812e+01
3.854000091552734375e+00
1.079690017700195312e+02
2.078700065612792969e+01
1.306609008789062500e+03
1.209799957275390625e+01
6.368000030517578125e+01
2.521979980468750000e+02
9.803999900817871094e+00
1.152099990844726562e+01
2.410700035095214844e+01
1.896905029296875000e+03
5.757139892578125000e+02
6.639999866485595703e+00
4.207300186157226562e+01
4.550400161743164062e+01
7.599609985351562500e+02
1.064200019836425781e+01
9.093999862670898438e+00
7.310859985351562500e+02
3.114299964904785156e+01
4.024399948120117188e+01
1.614120025634765625e+02
1.380529052734375000e+03
1.405599975585937500e+01
1.871100044250488281e+01
6.177999973297119141e+00
8.404000282287597656e+00
4.715000152587890625e+00
4.901029968261718750e+02
2.471699905395507812e+01
1.420600032806396484e+01
1.889689941406250000e+02
2.184700012207031250e+01
1.458410034179687500e+02
9.864000320434570312e+00
9.015799713134765625e+01
1.694799995422363281e+01
2.218415039062500000e+03
5.510000228881835938e+00
1.859499931335449219e+01
1.002099990844726562e+01
8.925000190734863281e+00
2.263840026855468750e+02
4.639400100708007812e+01
4.836999893188476562e+00
1.882089996337890625e+02
3.144099998474121094e+01
5.903999805450439453e+00
9.840000152587890625e+00
2.305345947265625000e+03
3.696000099182128906e+00
1.521300029754638672e+01
1.131000041961669922e+00
3.425199890136718750e+01
3.755000114440917969e+00
4.222100067138671875e+01
2.780520019531250000e+02
7.640399932861328125e+01
2.829999923706054688e+00
8.731600189208984375e+01
3.323799896240234375e+01
2.631200027465820312e+01
5.579680175781250000e+02
6.941999912261962891e+00
1.295400047302246094e+01
1.977839965820312500e+02
2.554763916015625000e+03
3.474999904632568359e+00
1.084879989624023438e+02
2.765399932861328125e+01
6.980200195312500000e+01
1.427600002288818359e+01
1.587600040435791016e+01
1.348900032043457031e+01
4.821400070190429688e+01
1.405700016021728516e+01
1.448499965667724609e+01
1.082220001220703125e+02
2.491190032958984375e+02
3.585999965667724609e+00
1.149600028991699219e+01
5.379999923706054688e+01
4.440999984741210938e+00
7.421499633789062500e+01
2.701399993896484375e+01
1.511320037841796875e+02
1.612010040283203125e+02
2.979000091552734375e+00
1.847400093078613281e+01
9.691600036621093750e+01
1.943300056457519531e+01
3.621900177001953125e+01
1.300699996948242188e+01
9.516719970703125000e+02
6.666400146484375000e+01
3.003700065612792969e+01
7.032999992370605469e+00
3.923000097274780273e+00
1.263000011444091797e+01
1.380900001525878906e+01
6.863999843597412109e+00
1.643659973144531250e+02
6.045000076293945312e+00
8.906690063476562500e+02
6.451100158691406250e+01
3.538033935546875000e+03
1.264844970703125000e+03
1.233199977874755859e+01
4.228000164031982422e+00
9.255999565124511719e+00
8.652000427246093750e+00
4.445379943847656250e+02
1.141600036621093750e+01
7.315999984741210938e+00
2.347299957275390625e+01
2.981239929199218750e+02
7.617760009765625000e+02
9.743300170898437500e+02
4.989999771118164062e+00
1.629089965820312500e+02
1.938100051879882812e+01
7.124000072479248047e+00
2.149219970703125000e+02
6.701000213623046875e+00
1.807850036621093750e+02
2.894800109863281250e+02
1.137645996093750000e+03
1.337047973632812500e+03
2.328339996337890625e+02
9.625000000000000000e+00
6.407000064849853516e+00
7.340000271797180176e-01
6.416190185546875000e+02
2.155509948730468750e+02
5.333499755859375000e+02
2.563599967956542969e+01
5.001999855041503906e+00
3.171000003814697266e+00
9.924800109863281250e+01
2.990900039672851562e+01
2.795499992370605469e+01
6.184099960327148438e+01
5.581499862670898438e+01
1.441699981689453125e+01
1.876865966796875000e+03
8.630330200195312500e+02
7.359000205993652344e+00
9.565599822998046875e+01
3.036700057983398438e+01
1.124199962615966797e+01
2.449299926757812500e+02
7.312400054931640625e+01
2.708499908447265625e+01
6.748000144958496094e+00
3.089699935913085938e+01
8.147000312805175781e+00
9.477000236511230469e+00
7.861499786376953125e+01
1.925200080871582031e+01
3.761899948120117188e+01
1.824259948730468750e+02
1.495400047302246094e+01
2.953000068664550781e+00
1.060490036010742188e+02
4.774300003051757812e+01
2.498600006103515625e+01
5.213299942016601562e+01
4.177299880981445312e+01
1.105300045013427734e+01
2.444300079345703125e+01
2.823100090026855469e+01
8.886870117187500000e+02
1.041399955749511719e+01
1.126299953460693359e+01
2.164739990234375000e+02
1.613199996948242188e+01
1.584500026702880859e+01
1.543500041961669922e+01
1.061699962615966797e+01
3.454259948730468750e+02
8.017999649047851562e+00
5.131299972534179688e+01
1.570199966430664062e+01
5.576000213623046875e+00
2.089199981689453125e+02
1.569600009918212891e+01
3.141539916992187500e+02
1.063000011444091797e+01
1.290200042724609375e+01
1.821999969482421875e+02
1.542300033569335938e+01
6.307199859619140625e+01
1.029800033569335938e+01
1.596100044250488281e+01
9.524000167846679688e+00
1.407699966430664062e+01
1.313099956512451172e+01
4.261000156402587891e+00
3.438600158691406250e+01
2.313730010986328125e+02
1.354300022125244141e+01
1.414299964904785156e+01
4.017300033569335938e+01
5.659999847412109375e+00
1.184099960327148438e+01
3.053999900817871094e+00
1.225500011444091797e+01
9.433389892578125000e+02
5.224999904632568359e+00
2.911999940872192383e+00
1.586620971679687500e+03
1.850000023841857910e+00
1.965699958801269531e+01
1.016399993896484375e+02
3.236000061035156250e+00
3.719000101089477539e+00
5.084400177001953125e+01
3.315999984741210938e+00
2.102831054687500000e+03
3.533900070190429688e+01
1.022310028076171875e+02
9.562300109863281250e+01
2.629800033569335938e+01
3.911000013351440430e+00
1.695769958496093750e+02
2.812700080871582031e+01
2.074270996093750000e+03
9.619999885559082031e+00
1.796400070190429688e+01
1.966860046386718750e+02
1.870499992370605469e+01
3.207369995117187500e+02
5.769999980926513672e+00
1.037100028991699219e+01
2.133099937438964844e+01
3.352999925613403320e+00
5.823989868164062500e+02
4.561000061035156250e+01
5.611000061035156250e+00
4.958100128173828125e+01
1.195000052452087402e+00
1.480000019073486328e+01
1.402099990844726562e+01
8.798999786376953125e+00
3.908200073242187500e+01
6.759180297851562500e+02
1.054948974609375000e+03
6.400000095367431641e+00
3.861000061035156250e+00
4.527500152587890625e+01
1.436100006103515625e+01
1.712299919128417969e+01
3.640499877929687500e+01
3.357269897460937500e+02
2.289200019836425781e+01
9.035500335693359375e+01
3.256000041961669922e+00
1.870000004768371582e+00
5.746799850463867188e+01
2.456000089645385742e+00
3.518799972534179688e+01
4.023099899291992188e+01
5.111000061035156250e+00
4.212869873046875000e+02
2.658999919891357422e+00
1.257100009918212891e+01
7.576000213623046875e+00
2.925379943847656250e+02
1.537510070800781250e+02
7.613250122070312500e+02
1.667499923706054688e+01
1.753199958801269531e+01
1.051200008392333984e+01
2.446000099182128906e+00
7.610900115966796875e+01
6.876599884033203125e+01
3.161800003051757812e+01
7.164000034332275391e+00
2.481500053405761719e+01
8.093000411987304688e+00
1.085149993896484375e+02
4.960800170898437500e+01
5.893000125885009766e+00
1.798299980163574219e+01
1.751569976806640625e+02
2.151529998779296875e+02
3.926480102539062500e+02
4.815999984741210938e+00
2.872699928283691406e+01
1.054810028076171875e+02
4.346000194549560547e+00
7.325540161132812500e+02
7.056400299072265625e+01
6.500999927520751953e+00
2.184900093078613281e+01
1.398480072021484375e+02
4.327000045776367188e+01
5.828999996185302734e+00
2.297895996093750000e+03
9.355999946594238281e+00
2.959099960327148438e+01
8.782999992370605469e+00
6.091580200195312500e+02
1.960549926757812500e+02
7.570800018310546875e+01
5.258999824523925781e+00
1.047099971771240234e+01
2.323999881744384766e+00
2.362700080871582031e+01
4.032899856567382812e+01
5.031000137329101562e+00
6.388999938964843750e+00
4.098899841308593750e+01
2.024500083923339844e+01
9.038999557495117188e+00
1.321199989318847656e+01
1.542700042724609375e+02
7.735800170898437500e+01
2.199200057983398438e+01
1.337473022460937500e+03
2.056999969482421875e+01
2.437899971008300781e+01
7.340000152587890625e+00
1.314500045776367188e+01
1.941099929809570312e+01
1.305000019073486328e+01
2.967000007629394531e+00
1.204199981689453125e+01
7.173999786376953125e+00
7.624000072479248047e+00
2.095499992370605469e+01
7.230100250244140625e+01
2.656800079345703125e+01
2.266200065612792969e+01
1.323499965667724609e+01
4.531200027465820312e+01
1.296000003814697266e+00
2.944599914550781250e+01
1.511100006103515625e+01
1.418599987030029297e+01
2.357699966430664062e+01
3.195299911499023438e+01
7.928999900817871094e+00
1.513710021972656250e+02
1.694700050354003906e+01
1.367500019073486328e+01
1.576099967956542969e+01
3.836100006103515625e+01
1.511000037193298340e+00
4.192999839782714844e+00
1.497000026702880859e+01
5.137699890136718750e+01
7.137000083923339844e+00
2.609000015258789062e+01
1.460999965667724609e+00
2.942700004577636719e+01
1.255799961090087891e+01
1.922999954223632812e+01
1.624600028991699219e+01
7.453000068664550781e+00
7.555050048828125000e+02
1.594160003662109375e+02
1.062800025939941406e+01
1.026000022888183594e+01
1.550999999046325684e+00
1.640900039672851562e+01
1.143799972534179688e+01
9.031999588012695312e+00
2.607000112533569336e+00
1.233389968872070312e+02
7.303999900817871094e+00
6.632999897003173828e+00
2.198100090026855469e+01
3.767999887466430664e+00
8.699000358581542969e+00
5.388000011444091797e+00
1.619799995422363281e+01
9.569999694824218750e+00
2.506869964599609375e+02
3.573999881744384766e+00
8.370000123977661133e-01
8.322789916992187500e+02
2.914100074768066406e+01
4.792800140380859375e+01
6.219999790191650391e+00
6.837789916992187500e+02
1.776399993896484375e+01
2.070800018310546875e+01
4.215000152587890625e+00
3.710220031738281250e+02
2.760700035095214844e+01
1.711899948120117188e+01
9.340000152587890625e+00
6.638000011444091797e+00
8.838999748229980469e+00
3.048100090026855469e+01
5.087999820709228516e+00
9.704999923706054688e+00
5.417499923706054688e+01
1.048099994659423828e+01
4.549000167846679688e+01
1.463700008392333984e+01
1.215699958801269531e+01
4.827700042724609375e+01
5.251599884033203125e+01
1.431400012969970703e+01
3.263100051879882812e+01
7.486999988555908203e+00
2.835199928283691406e+01
2.389530029296875000e+02
1.717399978637695312e+01
5.074900054931640625e+01
9.288000106811523438e+00
2.617799949645996094e+01
2.772299957275390625e+01
7.842000007629394531e+00
1.607465942382812500e+03
3.082999944686889648e+00
5.678999900817871094e+00
1.071500015258789062e+01
1.251099967956542969e+01
9.913700103759765625e+01
6.055699920654296875e+01
1.056299972534179688e+01
2.449799919128417969e+01
5.071000099182128906e+00
2.919700050354003906e+01
9.948600006103515625e+01
4.724999904632568359e+00
1.825699996948242188e+01
1.866099929809570312e+01
3.589479980468750000e+02
8.326000213623046875e+00
1.185999989509582520e+00
7.241000175476074219e+00
6.506999969482421875e+00
1.197000026702880859e+01
2.518459930419921875e+02
4.081299972534179688e+01
9.071999549865722656e+00
7.512000083923339844e+00
2.730570068359375000e+02
4.953699874877929688e+01
7.427999973297119141e+00
5.346000194549560547e+00
7.357050170898437500e+02
3.571000099182128906e+00
1.227499961853027344e+01
1.706399917602539062e+01
5.926000118255615234e+00
2.048600006103515625e+01
1.058040008544921875e+02
1.493399963378906250e+02
5.262000083923339844e+00
2.875699996948242188e+01
3.423000097274780273e+00
1.107009963989257812e+02
7.604000091552734375e+00
4.693999767303466797e+00
5.642000198364257812e+00
8.263999938964843750e+00
2.684300041198730469e+01
2.903599929809570312e+01
3.408999919891357422e+00
4.823999881744384766e+00
2.849110107421875000e+02
2.267600059509277344e+01
1.593900012969970703e+01
1.465900039672851562e+01
8.769000053405761719e+00
5.249499893188476562e+01
7.510500335693359375e+01
1.946699905395507812e+01
8.244999885559082031e+00
5.552399826049804688e+01
3.571000099182128906e+00
1.141569976806640625e+02
2.905800056457519531e+01
1.104567993164062500e+03
6.840000152587890625e+00
5.512000083923339844e+00
2.111000061035156250e+01
1.304000020027160645e+00
3.407699966430664062e+01
2.789299964904785156e+01
1.291218017578125000e+03
2.309499931335449219e+01
1.723800086975097656e+01
1.476000022888183594e+01
3.674999952316284180e+00
9.034470214843750000e+02
5.006999969482421875e+00
1.741099929809570312e+01
8.822999954223632812e+00
5.540999889373779297e+00
2.158499908447265625e+01
6.294000148773193359e+00
7.252319946289062500e+02
1.608399963378906250e+01
2.960999965667724609e+00
6.028999805450439453e+00
4.259400177001953125e+01
6.857999801635742188e+00
8.694999694824218750e+00
3.145999908447265625e+00
3.269000053405761719e+00
2.557399940490722656e+01
2.096100044250488281e+01
4.136999893188476562e+01
5.808000087738037109e+00
3.200999975204467773e+00
1.142899990081787109e+01
1.084400024414062500e+03
1.755310058593750000e+02
2.450000047683715820e+00
6.357999801635742188e+00
2.922009887695312500e+02
2.469810028076171875e+02
1.512500000000000000e+02
2.262199974060058594e+01
1.549699974060058594e+01
3.078999996185302734e+00
3.542999982833862305e+00
1.510400009155273438e+01
4.189129943847656250e+02
7.040999889373779297e+00
3.907999992370605469e+00
6.572609863281250000e+02
1.395300006866455078e+01
5.918000221252441406e+00
1.156699981689453125e+02
2.142989959716796875e+02
3.165230102539062500e+02
4.909710083007812500e+02
9.216699981689453125e+01
5.794840087890625000e+02
1.736202026367187500e+03
1.012460021972656250e+02
1.569999980926513672e+01
1.204100036621093750e+01
2.469300079345703125e+01
1.560999989509582520e+00
1.068299961090087891e+01
2.641350097656250000e+02
1.225999951362609863e+00
6.638000011444091797e+00
6.019300079345703125e+01
2.047200012207031250e+01
2.048299980163574219e+01
1.298499965667724609e+01
1.515604003906250000e+03
2.749500083923339844e+01
1.258911987304687500e+03
1.188973022460937500e+03
1.462600040435791016e+01
1.676300048828125000e+01
1.604199981689453125e+01
2.970499992370605469e+01
2.051399993896484375e+01
5.285999774932861328e+00
2.899300003051757812e+01
8.727000236511230469e+00
8.380899810791015625e+01
9.239000320434570312e+00
9.948300170898437500e+01
2.748600006103515625e+01
5.592999935150146484e+00
3.956000089645385742e+00
9.329999923706054688e+00
3.453999996185302734e+00
2.262500000000000000e+01
8.670999526977539062e+00
5.157199859619140625e+01
1.566899967193603516e+01
1.610000014305114746e+00
2.929199981689453125e+01
4.184000015258789062e+00
3.157999992370605469e+00
7.503800201416015625e+01
