6.835686035156250000e+03
7.474500274658203125e+01
7.805699920654296875e+01
1.041963085937500000e+04
2.086319375000000000e+06
6.537303222656250000e+03
1.763919982910156250e+02
3.885900115966796875e+01
1.592679687500000000e+04
2.992200088500976562e+01
6.329886230468750000e+03
6.605955078125000000e+03
1.518437875000000000e+06
1.110288281250000000e+04
1.679694921875000000e+04
1.682269140625000000e+04
1.241813500000000000e+06
3.128499023437500000e+03
2.672690750000000000e+06
1.223739648437500000e+04
2.995039978027343750e+02
9.893699951171875000e+02
3.746099853515625000e+01
2.710513916015625000e+03
1.002160034179687500e+02
4.978999023437500000e+03
1.250825195312500000e+04
1.132732910156250000e+04
6.721529785156250000e+03
2.792630004882812500e+02
3.741899871826171875e+01
1.715699958801269531e+01
2.176371093750000000e+05
9.680939941406250000e+02
1.473429687500000000e+04
6.634500122070312500e+01
5.470999908447265625e+01
7.780944824218750000e+03
5.235698242187500000e+03
1.057384625000000000e+06
6.572072500000000000e+05
2.073201757812500000e+04
3.350699996948242188e+01
1.265332714843750000e+04
7.226000213623046875e+01
2.629150085449218750e+02
2.425116943359375000e+03
2.911599922180175781e+01
1.030694042968750000e+04
1.637099062500000000e+05
1.173947998046875000e+03
2.548193750000000000e+04
1.776100006103515625e+02
1.195914941406250000e+04
6.199399948120117188e+01
4.879079101562500000e+03
5.454545898437500000e+03
3.467368896484375000e+03
4.560692871093750000e+03
6.815999984741210938e+00
2.702700042724609375e+01
1.492399978637695312e+01
1.237699985504150391e+01
7.732772949218750000e+03
2.748397949218750000e+03
2.808692000000000000e+06
2.272440032958984375e+02
1.453204956054687500e+03
1.267567480468750000e+04
1.122633625000000000e+06
8.479153750000000000e+05
9.372876953125000000e+03
4.298400115966796875e+01
2.813903076171875000e+03
5.306062988281250000e+03
9.509697265625000000e+03
4.097442187500000000e+05
1.557080781250000000e+05
6.065184082031250000e+03
8.528056250000000000e+04
2.837777500000000000e+05
1.819469531250000000e+04
3.048295500000000000e+06
1.294900054931640625e+02
5.539061250000000000e+05
3.407000064849853516e+00
8.082369995117187500e+02
2.787019958496093750e+02
4.088700103759765625e+01
2.746290000000000000e+06
3.287500000000000000e+01
1.837378051757812500e+03
5.078551562500000000e+05
5.811999893188476562e+01
1.712790069580078125e+02
8.644539062500000000e+03
5.589612792968750000e+03
8.517222656250000000e+03
2.288187988281250000e+03
7.390081250000000000e+04
1.058899974822998047e+01
4.455899810791015625e+01
6.355607500000000000e+05
2.814508125000000000e+05
2.474063593750000000e+05
2.775780029296875000e+02
9.508487304687500000e+03
2.689675937500000000e+05
8.254499816894531250e+01
1.385935058593750000e+03
2.474226562500000000e+04
2.862510070800781250e+02
1.113770250000000000e+06
1.075058496093750000e+04
2.173043281250000000e+05
1.868269958496093750e+02
7.888697656250000000e+04
1.891990375000000000e+06
5.256604375000000000e+05
3.530339111328125000e+03
6.894174804687500000e+03
6.149383750000000000e+05
4.265800094604492188e+01
1.675568164062500000e+04
1.226550000000000000e+05
8.169699859619140625e+01
7.843399810791015625e+01
2.109799957275390625e+01
1.494315917968750000e+04
7.839099884033203125e+01
2.195000076293945312e+01
1.868557343750000000e+05
1.338517285156250000e+04
1.041907958984375000e+03
6.623960000000000000e+06
2.060612187500000000e+05
7.186322500000000000e+05
3.195671000000000000e+06
2.811923095703125000e+03
8.723658125000000000e+05
2.157613037109375000e+03
7.126699829101562500e+01
4.998172500000000000e+06
2.748546250000000000e+06
1.050821125000000000e+06
1.352458789062500000e+04
3.361975097656250000e+03
1.491442875000000000e+06
1.037232519531250000e+04
7.121199798583984375e+01
4.635561500000000000e+06
4.545104003906250000e+03
7.398020625000000000e+05
9.037156250000000000e+05
5.267599868774414062e+01
2.626836875000000000e+05
2.604950585937500000e+04
5.664803222656250000e+03
3.024706000000000000e+06
5.402265136718750000e+03
7.215159912109375000e+02
4.224300003051757812e+01
1.266920013427734375e+02
5.096092773437500000e+03
1.500094970703125000e+03
5.819669921875000000e+03
1.704740966796875000e+03
1.309739648437500000e+04
1.381256445312500000e+04
1.818507617187500000e+04
2.722504882812500000e+03
2.485706054687500000e+03
1.306066875000000000e+06
2.882642250000000000e+06
5.914199829101562500e+01
1.796747125000000000e+06
7.105000305175781250e+01
2.679018066406250000e+03
1.316237792968750000e+04
9.014250000000000000e+03
6.896354980468750000e+03
3.393280029296875000e+03
7.663600158691406250e+01
1.889605957031250000e+03
1.116598242187500000e+04
4.296023925781250000e+03
1.447170800781250000e+04
2.905900001525878906e+01
1.783300018310546875e+02
4.011000156402587891e+00
8.900654375000000000e+05
1.383914625000000000e+06
1.762000083923339844e+01
4.616106933593750000e+03
1.834656982421875000e+03
8.240593750000000000e+05
8.288700195312500000e+03
8.264399719238281250e+01
5.727600097656250000e+01
4.544056152343750000e+03
7.785020000000000000e+05
5.358640136718750000e+02
1.117247625000000000e+06
1.221334500000000000e+06
1.872716250000000000e+06
9.750599670410156250e+01
9.211599731445312500e+01
3.342478027343750000e+03
2.524247250000000000e+06
2.510787109375000000e+03
5.212830937500000000e+05
1.136151269531250000e+04
2.851485312500000000e+05
5.580342773437500000e+03
9.937799804687500000e+03
1.421131875000000000e+06
4.311452148437500000e+03
8.273999786376953125e+01
7.558000087738037109e+00
1.363421289062500000e+04
1.157847851562500000e+04
3.726530000000000000e+05
6.841135625000000000e+05
5.359067871093750000e+03
7.503585937500000000e+03
1.416026000000000000e+06
2.721999931335449219e+01
2.245839111328125000e+03
4.355772000000000000e+06
5.345327148437500000e+03
2.912506750000000000e+06
5.595660000000000000e+05
6.691799926757812500e+01
1.029086816406250000e+04
4.979041875000000000e+05
1.145439987182617188e+02
1.094363500000000000e+06
1.131725097656250000e+04
5.042922851562500000e+03
1.284609985351562500e+03
1.832749938964843750e+02
3.198044921875000000e+03
5.894622070312500000e+03
1.144828002929687500e+03
3.898490312500000000e+05
4.604800033569335938e+01
5.588386230468750000e+03
1.842191210937500000e+04
3.289303000000000000e+06
5.183804000000000000e+06
1.343421875000000000e+04
4.761569824218750000e+03
1.952137304687500000e+04
1.692405625000000000e+06
1.025824437500000000e+06
1.987700080871582031e+01
1.196009979248046875e+02
1.642063964843750000e+03
3.982426025390625000e+03
1.271913183593750000e+04
3.004800033569335938e+01
8.427798828125000000e+03
8.634179375000000000e+05
3.466512939453125000e+03
2.001582031250000000e+03
1.222225952148437500e+03
3.622100067138671875e+01
2.047925625000000000e+05
1.322176757812500000e+04
1.996850952148437500e+03
3.312099838256835938e+01
1.105037988281250000e+04
6.147000122070312500e+01
6.406401855468750000e+03
1.041015136718750000e+04
1.139851171875000000e+04
2.166880035400390625e+02
4.123935058593750000e+03
1.873900032043457031e+01
6.890499877929687500e+01
5.946184375000000000e+05
7.050001000000000000e+06
1.667076625000000000e+06
1.512025750000000000e+06
1.501165039062500000e+03
1.043603027343750000e+04
2.791447750000000000e+06
1.619373000000000000e+06
2.349176250000000000e+06
5.484835937500000000e+03
1.000992871093750000e+04
9.244541875000000000e+05
2.958064941406250000e+03
2.370857910156250000e+03
1.194256835937500000e+04
6.049116210937500000e+03
4.548750000000000000e+02
2.070668750000000000e+06
1.859653906250000000e+05
1.921894335937500000e+04
5.028481933593750000e+03
9.075614375000000000e+05
2.191512939453125000e+03
1.332203375000000000e+06
4.747499847412109375e+01
1.450734960937500000e+04
2.316882000000000000e+06
3.209299850463867188e+01
5.214925781250000000e+03
1.880718017578125000e+03
1.941497500000000000e+06
1.672305859375000000e+04
5.419733500000000000e+06
3.173360312500000000e+05
1.011776187500000000e+06
1.681134765625000000e+04
5.263168945312500000e+03
1.533059997558593750e+02
4.320399856567382812e+01
8.005390014648437500e+02
4.815526855468750000e+03
2.055707875000000000e+06
5.465942500000000000e+05
5.447600173950195312e+01
4.142013183593750000e+03
8.824390000000000000e+05
4.761088867187500000e+03
5.285228750000000000e+05
1.545800018310546875e+01
4.951730957031250000e+03
3.047981933593750000e+03
1.405700016021728516e+01
1.859788375000000000e+06
1.845529937744140625e+02
1.258545156250000000e+05
2.523247265625000000e+04
2.912470092773437500e+02
2.224127929687500000e+04
6.040244375000000000e+05
9.831553710937500000e+03
3.857507080078125000e+03
5.253699874877929688e+01
2.273200035095214844e+01
4.111908203125000000e+03
1.133766875000000000e+05
6.523275878906250000e+03
8.660428750000000000e+05
1.220961132812500000e+04
1.315703002929687500e+03
4.779201250000000000e+05
5.755610625000000000e+05
6.881845214843750000e+03
7.401907226562500000e+03
8.089310000000000000e+05
9.381792500000000000e+05
1.619700050354003906e+01
6.848111250000000000e+05
2.327192500000000000e+06
5.085317871093750000e+03
2.320553320312500000e+04
5.530732910156250000e+03
9.263493164062500000e+03
1.426130981445312500e+03
4.468500137329101562e+01
9.887835937500000000e+04
4.895999908447265625e+00
1.119270019531250000e+02
6.401988769531250000e+03
1.219606640625000000e+04
1.402684375000000000e+06
1.944972045898437500e+03
6.932525878906250000e+03
1.435540008544921875e+02
5.661490234375000000e+03
5.497999954223632812e+01
1.445869500000000000e+06
1.002875781250000000e+04
3.501402812500000000e+05
1.240299987792968750e+01
1.121028417968750000e+04
9.040582031250000000e+03
5.385901855468750000e+03
7.730153750000000000e+05
3.936182187500000000e+05
3.082728500000000000e+06
2.628637939453125000e+03
9.659973437500000000e+04
2.218843994140625000e+03
9.563300323486328125e+01
4.363290312500000000e+05
3.527987060546875000e+03
4.787935312500000000e+05
6.420000076293945312e+00
1.090799999237060547e+01
3.215950012207031250e+02
7.981848144531250000e+03
6.344459838867187500e+02
6.132143066406250000e+03
3.738000106811523438e+01
2.406963476562500000e+04
1.146664125000000000e+06
7.175519042968750000e+03
7.163299375000000000e+05
1.131873046875000000e+03
1.007800006866455078e+01
3.821522949218750000e+03
3.694550048828125000e+03
2.878677000000000000e+06
1.299587597656250000e+04
1.811499000000000000e+06
1.657540500000000000e+06
5.497216796875000000e+03
5.967776855468750000e+03
8.342271484375000000e+03
5.917211250000000000e+05
4.809077148437500000e+03
9.921900177001953125e+01
6.057899856567382812e+01
1.163121562500000000e+05
4.552624062500000000e+05
2.228309936523437500e+02
3.273500061035156250e+01
3.437396972656250000e+03
5.661879882812500000e+02
9.076999664306640625e+00
2.885291562500000000e+05
2.286829296875000000e+04
1.621069726562500000e+04
2.796398750000000000e+05
8.290232500000000000e+05
3.631476074218750000e+03
1.417399978637695312e+01
1.266498046875000000e+05
2.978128906250000000e+03
2.761710312500000000e+05
3.638000011444091797e+00
4.510380000000000000e+06
3.305701904296875000e+03
3.353099822998046875e+01
5.053168945312500000e+03
9.098725000000000000e+05
7.700000000000000000e+01
6.985500335693359375e+01
4.760477050781250000e+03
1.735910034179687500e+03
3.019346250000000000e+06
1.596378051757812500e+03
1.992285937500000000e+04
9.743380126953125000e+02
1.133645019531250000e+03
2.167849218750000000e+04
3.118499023437500000e+03
3.347232812500000000e+04
2.016438964843750000e+03
1.695056093750000000e+05
3.073133000000000000e+06
8.333300018310546875e+01
9.353229980468750000e+02
5.768000125885009766e+00
9.197699737548828125e+01
2.018728027343750000e+03
6.270733125000000000e+05
5.699062988281250000e+03
5.343443847656250000e+03
1.980151000976562500e+03
7.724541015625000000e+03
3.957899856567382812e+01
9.389499664306640625e+01
1.754100036621093750e+01
2.446937011718750000e+03
1.005989843750000000e+04
5.234576562500000000e+05
1.156802500000000000e+06
4.038880004882812500e+02
1.594052000000000000e+06
7.065186035156250000e+03
1.731675976562500000e+04
1.619380035400390625e+02
1.119061621093750000e+04
2.227300071716308594e+01
8.772692382812500000e+03
5.272014160156250000e+03
1.633939843750000000e+04
1.144801500000000000e+06
6.404599761962890625e+01
1.400606347656250000e+04
1.729458007812500000e+03
1.341199970245361328e+01
2.508868896484375000e+03
7.542109863281250000e+03
7.874030151367187500e+02
1.710842968750000000e+05
1.027429962158203125e+02
1.469370605468750000e+04
5.163079062500000000e+05
4.080405312500000000e+05
1.400690917968750000e+04
3.433215087890625000e+03
7.091300201416015625e+01
1.477200031280517578e+01
2.903199958801269531e+01
2.376970062255859375e+02
4.045600128173828125e+01
6.373595214843750000e+03
7.846119140625000000e+03
9.772883750000000000e+05
1.213710021972656250e+02
2.040534687500000000e+05
1.678236375000000000e+06
5.294300079345703125e+01
1.669528125000000000e+06
8.422268554687500000e+03
4.013800048828125000e+01
4.214696777343750000e+03
6.741000175476074219e+00
1.853327539062500000e+04
1.118810742187500000e+04
5.837042968750000000e+03
1.480478000000000000e+06
7.001201171875000000e+03
7.353375976562500000e+03
8.305043945312500000e+03
8.161524902343750000e+03
2.532975000000000000e+05
1.181344970703125000e+03
1.932729949951171875e+02
1.011299991607666016e+01
1.125435253906250000e+04
1.491100006103515625e+02
1.763324218750000000e+04
2.082399940490722656e+01
1.003062304687500000e+04
1.045122460937500000e+04
2.142187500000000000e+06
3.589500045776367188e+01
1.908556030273437500e+03
4.541659851074218750e+02
4.067947000000000000e+06
9.883538085937500000e+03
3.011899948120117188e+01
3.030667187500000000e+05
3.230333125000000000e+05
1.157279052734375000e+03
6.452054199218750000e+03
2.153935546875000000e+04
1.547293554687500000e+04
5.812900161743164062e+01
7.301399993896484375e+01
1.635159687500000000e+05
2.642810058593750000e+02
1.256283750000000000e+06
7.393269042968750000e+03
8.530168945312500000e+03
1.045400047302246094e+01
6.864948242187500000e+03
3.669692500000000000e+05
1.875521093750000000e+05
1.592323974609375000e+03
9.262000083923339844e+00
8.531878906250000000e+04
4.537500000000000000e+01
3.811847500000000000e+05
3.569823750000000000e+06
6.043899917602539062e+01
7.998803750000000000e+05
4.858363769531250000e+03
1.159759570312500000e+04
6.113776855468750000e+03
8.243820190429687500e+02
3.935564941406250000e+03
1.122720031738281250e+02
1.805599975585937500e+01
2.585123046875000000e+03
2.787216250000000000e+05
8.031310058593750000e+03
2.252037109375000000e+03
2.532500076293945312e+01
5.650301757812500000e+03
6.266812011718750000e+03
1.548574500000000000e+06
9.689600585937500000e+03
1.619997851562500000e+04
1.635909057617187500e+03
5.634332031250000000e+03
1.706891967773437500e+03
5.690200042724609375e+01
4.150192187500000000e+05
4.542219238281250000e+03
1.501901250000000000e+05
8.128957500000000000e+05
1.082400000000000000e+06
1.588209991455078125e+02
5.498217773437500000e+03
6.183518750000000000e+04
1.172009875000000000e+06
5.068099975585937500e+01
5.799378125000000000e+05
7.523699951171875000e+01
1.086584500000000000e+06
1.626750683593750000e+04
2.022239990234375000e+02
2.313207031250000000e+03
4.039414062500000000e+03
2.714710000000000000e+05
3.990494750000000000e+06
5.558098144531250000e+03
3.837836914062500000e+03
6.626812500000000000e+05
1.723100937500000000e+05
6.702977050781250000e+03
1.635584875000000000e+06
2.200000000000000000e+01
4.467599868774414062e+01
5.019300079345703125e+01
6.090811035156250000e+03
9.288649414062500000e+03
6.764588867187500000e+03
1.042959976196289062e+02
1.347270996093750000e+03
2.177501953125000000e+03
1.600179750000000000e+06
7.328556250000000000e+05
2.948543125000000000e+05
3.588995625000000000e+05
3.180368896484375000e+03
1.329982875000000000e+06
2.273003906250000000e+03
9.114331054687500000e+03
6.704999923706054688e+00
5.208828125000000000e+03
1.518373437500000000e+04
4.990869062500000000e+05
4.245504062500000000e+05
2.572379882812500000e+03
1.210158105468750000e+04
6.665168945312500000e+03
1.337461523437500000e+04
3.872726074218750000e+03
1.124278417968750000e+04
5.751711875000000000e+05
1.017259979248046875e+02
2.168499946594238281e+01
1.319939625000000000e+06
9.895268750000000000e+05
2.810855000000000000e+05
4.446599960327148438e+01
8.831000328063964844e+00
1.411539062500000000e+04
2.845351074218750000e+03
3.473957031250000000e+04
5.019900131225585938e+01
1.080385156250000000e+04
5.384229980468750000e+03
2.769820000000000000e+05
5.095334687500000000e+05
9.459044921875000000e+03
2.524874000000000000e+06
3.516772000000000000e+06
7.019899749755859375e+01
4.865362792968750000e+03
3.125512939453125000e+03
5.242699813842773438e+01
2.767770750000000000e+06
1.033088375000000000e+06
1.228659973144531250e+02
5.612480957031250000e+03
1.125978027343750000e+04
1.357553320312500000e+04
9.804434375000000000e+05
1.230606347656250000e+04
4.675000190734863281e+00
6.274953515625000000e+04
1.208843828125000000e+05
5.699580078125000000e+03
6.623438125000000000e+05
2.065295703125000000e+04
1.832442016601562500e+03
7.443651855468750000e+03
6.331900024414062500e+01
6.477821250000000000e+05
3.767167968750000000e+03
5.641705078125000000e+03
5.057070000000000000e+05
8.478586875000000000e+05
5.844607500000000000e+05
1.010027375000000000e+06
6.219807128906250000e+03
1.457270996093750000e+03
1.709931640625000000e+04
3.755150878906250000e+03
2.947999954223632812e+00
3.597551171875000000e+04
2.719693125000000000e+05
3.957392089843750000e+03
1.022369995117187500e+02
1.981772375000000000e+06
3.827627187500000000e+05
9.821021093750000000e+04
3.564830078125000000e+03
1.833200073242187500e+01
5.665999889373779297e+00
5.405601074218750000e+03
1.550899375000000000e+06
2.162872500000000000e+05
7.675985625000000000e+05
5.736973000000000000e+06
3.502149963378906250e+02
2.640793250000000000e+06
1.483067016601562500e+03
1.566136375000000000e+06
6.848994375000000000e+05
1.243407125000000000e+06
7.932199859619140625e+01
1.155700016021728516e+01
8.089199829101562500e+01
1.039864257812500000e+04
8.146009375000000000e+05
2.857015500000000000e+06
8.904683593750000000e+03
3.978041500000000000e+06
2.514608886718750000e+03
1.127344375000000000e+06
1.307042000000000000e+06
3.065195068359375000e+03
4.593814941406250000e+03
1.652005981445312500e+03
6.300756250000000000e+05
4.909661132812500000e+03
1.980839996337890625e+02
6.689010009765625000e+02
1.126887500000000000e+04
6.177684375000000000e+05
9.512993750000000000e+05
1.829000091552734375e+01
8.013500000000000000e+05
1.428387011718750000e+04
5.326800155639648438e+01
7.080936035156250000e+03
5.903041250000000000e+05
7.889918945312500000e+03
2.210664218750000000e+05
1.445958625000000000e+06
1.135798046875000000e+04
8.044899749755859375e+01
1.343872000000000000e+06
1.565619995117187500e+03
9.448300170898437500e+01
4.515017187500000000e+05
4.715115500000000000e+06
2.947709960937500000e+02
1.359245410156250000e+04
2.793177001953125000e+03
9.756711875000000000e+05
2.573726074218750000e+03
1.091480375000000000e+06
6.390067871093750000e+03
6.343500137329101562e+01
7.185900115966796875e+01
4.228047851562500000e+03
2.591399955749511719e+01
1.333676125000000000e+06
8.281600189208984375e+01
4.410830078125000000e+02
6.442299652099609375e+01
6.645310058593750000e+02
8.222622070312500000e+03
7.048610625000000000e+05
2.613642089843750000e+03
1.528261962890625000e+03
1.315787250000000000e+06
8.305442968750000000e+04
5.029523925781250000e+03
7.473369531250000000e+04
5.203795898437500000e+03
1.847088085937500000e+04
8.881125000000000000e+03
4.145598144531250000e+03
1.733789125000000000e+06
2.817226074218750000e+03
1.191487988281250000e+04
4.528799819946289062e+01
8.337334375000000000e+04
8.619799804687500000e+01
2.676489250000000000e+06
2.653800010681152344e+01
2.716699981689453125e+01
2.438719218750000000e+05
3.027781250000000000e+06
1.244413769531250000e+04
1.995490625000000000e+05
2.587369995117187500e+02
7.908757500000000000e+05
6.758799743652343750e+01
1.549179992675781250e+02
6.319959960937500000e+03
1.275017871093750000e+04
2.046813281250000000e+05
3.232120312500000000e+05
9.058536875000000000e+05
8.345193359375000000e+03
3.399000167846679688e+01
1.564720001220703125e+02
8.524665039062500000e+03
3.414773925781250000e+03
3.744576904296875000e+03
3.346498046875000000e+03
5.435839375000000000e+05
1.244033125000000000e+06
4.838557128906250000e+03
3.539966000000000000e+06
2.898699951171875000e+01
7.186763183593750000e+03
9.555309570312500000e+03
8.989999771118164062e+00
2.056751562500000000e+05
1.168610125000000000e+06
1.537753250000000000e+06
2.613294921875000000e+03
2.540566894531250000e+03
2.778213000000000000e+06
6.883504882812500000e+03
1.354400024414062500e+02
7.537699890136718750e+01
1.103254750000000000e+06
2.211635742187500000e+04
1.528614500000000000e+06
6.796690063476562500e+02
1.457433203125000000e+04
2.194438281250000000e+04
5.031894375000000000e+05
6.567418750000000000e+04
8.274928710937500000e+03
5.158961250000000000e+05
7.543807128906250000e+03
5.401856933593750000e+03
1.538862968750000000e+05
1.248499965667724609e+01
3.308742578125000000e+04
3.166830078125000000e+03
8.767800140380859375e+01
2.550306884765625000e+03
2.391249000000000000e+06
1.086090011596679688e+02
7.830352050781250000e+03
6.299200057983398438e+01
2.162204250000000000e+06
1.993376375000000000e+06
9.837552734375000000e+03
5.721836250000000000e+05
1.700089453125000000e+04
1.706470031738281250e+02
1.708310937500000000e+05
2.805446044921875000e+03
2.319429931640625000e+03
2.820979003906250000e+03
5.299800109863281250e+01
9.140000343322753906e+00
1.382272125000000000e+06
2.728890075683593750e+02
9.911649780273437500e+02
1.454102929687500000e+04
2.012546875000000000e+04
3.689413085937500000e+03
8.200824218750000000e+03
6.561412109375000000e+03
1.636120971679687500e+03
3.268447998046875000e+03
1.293731933593750000e+04
2.324351074218750000e+03
2.822500038146972656e+01
3.658114990234375000e+03
1.828335750000000000e+06
9.196535937500000000e+04
1.092175048828125000e+03
2.233771750000000000e+06
5.885922500000000000e+05
1.638544335937500000e+04
7.378096875000000000e+05
3.200588000000000000e+06
2.687467750000000000e+06
9.577894531250000000e+03
1.132096875000000000e+06
1.960517944335937500e+03
4.398323242187500000e+03
4.115599822998046875e+01
3.040943115234375000e+03
2.565900039672851562e+01
1.982244125000000000e+06
4.709653125000000000e+05
3.424799072265625000e+03
1.393772070312500000e+04
4.005843017578125000e+03
6.708399963378906250e+01
4.281347167968750000e+03
3.780176025390625000e+03
3.583095947265625000e+03
1.273221582031250000e+04
3.323310058593750000e+03
3.102000045776367188e+01
3.259199905395507812e+01
6.043189697265625000e+02
1.570675625000000000e+06
4.741404500000000000e+06
1.740532875000000000e+06
1.314099979400634766e+01
8.901574218750000000e+03
4.511062812500000000e+05
7.491913125000000000e+05
1.404834765625000000e+04
4.438616210937500000e+03
6.031094238281250000e+03
4.985524902343750000e+03
4.962602050781250000e+03
4.989198242187500000e+03
1.126442675781250000e+04
8.207547851562500000e+03
4.727312988281250000e+03
1.622842250000000000e+06
2.084940032958984375e+02
1.246367480468750000e+04
2.411301025390625000e+03
8.742081054687500000e+03
2.359095947265625000e+03
9.549707031250000000e+03
3.084840087890625000e+03
2.306506103515625000e+03
1.390121250000000000e+06
1.864155625000000000e+06
2.993973500000000000e+06
2.324300390625000000e+04
2.141150878906250000e+03
7.519100189208984375e+01
8.915899658203125000e+01
2.749750976562500000e+03
1.279223125000000000e+06
9.793215820312500000e+03
4.066220947265625000e+03
1.661700057983398438e+01
8.858999633789062500e+01
3.827700042724609375e+01
2.247461914062500000e+03
7.288241250000000000e+05
1.207354875000000000e+06
8.874660034179687500e+02
4.202949218750000000e+03
7.820566250000000000e+05
3.971229858398437500e+02
1.486583300781250000e+04
3.768600082397460938e+01
1.011087304687500000e+04
4.414199829101562500e+01
4.619287500000000000e+05
3.927000045776367188e+00
4.951778808593750000e+03
4.990291250000000000e+05
3.816251953125000000e+03
1.707729875000000000e+06
7.264399719238281250e+01
3.633571875000000000e+05
2.881683105468750000e+03
6.896665000000000000e+05
1.226645996093750000e+04
1.547090500000000000e+06
1.041848125000000000e+06
1.809556750000000000e+06
8.079154785156250000e+03
3.014200019836425781e+01
5.520709375000000000e+05
3.855545898437500000e+03
8.293162500000000000e+05
2.856548500000000000e+06
1.681000000000000000e+06
6.271385937500000000e+04
3.123890075683593750e+02
6.449800109863281250e+01
6.464952500000000000e+05
2.304189843750000000e+04
5.324113500000000000e+06
4.282613500000000000e+06
5.027708007812500000e+03
9.070600128173828125e+01
9.015140000000000000e+05
1.168687109375000000e+05
8.930300140380859375e+01
1.232239990234375000e+03
5.361835625000000000e+05
7.807499694824218750e+01
3.361247070312500000e+03
9.446969726562500000e+03
9.675962500000000000e+05
9.408707031250000000e+03
6.985338125000000000e+05
1.612975375000000000e+06
7.526329101562500000e+03
7.920235156250000000e+04
8.836299896240234375e+01
6.972601875000000000e+05
2.126861914062500000e+04
1.036689987182617188e+02
3.238923095703125000e+03
