1.468096386718750000e+04
7.192839965820312500e+02
2.820369531250000000e+04
2.445611083984375000e+03
2.801376171875000000e+04
3.848970031738281250e+02
2.029285034179687500e+03
2.092000007629394531e+01
4.888513671875000000e+04
4.287845214843750000e+03
1.116770019531250000e+02
3.447787109375000000e+03
2.585400009155273438e+01
1.078999996185302734e+01
2.777099990844726562e+01
1.448577636718750000e+04
2.330775390625000000e+04
2.118000030517578125e+01
2.075110937500000000e+04
4.708729858398437500e+02
1.931145019531250000e+03
4.722800064086914062e+01
8.234560546875000000e+03
4.865203906250000000e+04
5.668005859375000000e+03
1.994093994140625000e+03
2.005400085449218750e+01
6.363915039062500000e+03
1.497334277343750000e+04
1.023992285156250000e+04
8.056493750000000000e+04
2.005689941406250000e+03
8.031840625000000000e+04
4.966975937500000000e+05
1.032677890625000000e+05
8.744799804687500000e+01
3.861254882812500000e+03
1.732504028320312500e+03
4.586831054687500000e+03
8.911060180664062500e+02
1.596349945068359375e+02
1.727005004882812500e+03
3.712231933593750000e+03
2.762410000000000000e+05
2.743047265625000000e+04
5.619546875000000000e+04
1.216563964843750000e+03
7.974400878906250000e+03
1.354323974609375000e+03
8.188589843750000000e+03
8.473850585937500000e+03
3.338592578125000000e+04
1.674921997070312500e+03
9.724285156250000000e+03
1.968634033203125000e+03
3.225370117187500000e+03
2.164333007812500000e+03
1.971979980468750000e+03
3.303499984741210938e+01
1.080307519531250000e+04
1.159189987182617188e+02
5.083498046875000000e+03
6.965107910156250000e+03
2.653233398437500000e+04
1.636239013671875000e+03
2.481139892578125000e+03
1.787681030273437500e+03
1.145699977874755859e+01
2.147487060546875000e+03
1.088636718750000000e+05
6.287991210937500000e+03
5.924600097656250000e+03
2.092001953125000000e+03
2.316799926757812500e+01
1.230571484375000000e+04
1.099509963989257812e+02
5.461000061035156250e+01
2.368799972534179688e+01
4.653200149536132812e+01
4.453699874877929688e+01
1.320786523437500000e+04
5.946415039062500000e+03
1.659858789062500000e+04
4.059231933593750000e+03
2.206267089843750000e+03
2.660282031250000000e+04
2.867430908203125000e+03
6.370874023437500000e+03
2.364669921875000000e+03
3.716299819946289062e+01
2.585899925231933594e+01
9.806043945312500000e+03
1.319677539062500000e+04
1.902077148437500000e+04
7.201964062500000000e+04
5.968062988281250000e+03
1.802700042724609375e+01
8.168099975585937500e+01
1.952137939453125000e+03
2.097950976562500000e+04
2.567521972656250000e+03
6.274729980468750000e+03
1.121070022583007812e+02
8.539999961853027344e+00
2.521328320312500000e+04
5.443799972534179688e+01
9.508291015625000000e+03
2.551678955078125000e+03
1.194919967651367188e+02
3.145820703125000000e+04
2.812564257812500000e+04
4.959744140625000000e+03
2.677390136718750000e+02
1.613199996948242188e+01
5.490800094604492188e+01
2.340570068359375000e+02
2.357220312500000000e+04
2.301069946289062500e+02
8.522871093750000000e+03
4.802199935913085938e+01
1.172080001831054688e+02
5.010090026855468750e+02
1.485042968750000000e+03
1.004690017700195312e+02
8.085865234375000000e+03
1.726847070312500000e+04
2.841289978027343750e+02
1.486419982910156250e+02
4.373958984375000000e+03
1.164721289062500000e+04
1.581681030273437500e+03
2.749836914062500000e+03
6.419702148437500000e+03
1.045894628906250000e+04
2.538999938964843750e+01
6.129050292968750000e+02
4.844219970703125000e+02
4.773400115966796875e+01
1.959110961914062500e+03
1.033844970703125000e+03
6.598017089843750000e+03
1.284320068359375000e+02
1.036267871093750000e+04
1.904700088500976562e+01
2.150339965820312500e+02
4.365804199218750000e+03
2.014001562500000000e+04
3.010342041015625000e+03
1.384251171875000000e+04
3.593044921875000000e+03
1.639715942382812500e+03
1.949099922180175781e+01
8.081199645996093750e+01
8.711510009765625000e+02
1.404989929199218750e+02
3.417100143432617188e+01
1.793580017089843750e+02
9.131149902343750000e+02
6.988300323486328125e+01
5.065480041503906250e+02
2.487812890625000000e+04
9.867099761962890625e+01
1.573529052734375000e+03
1.194807006835937500e+03
2.651791015625000000e+03
1.202722851562500000e+04
1.631635009765625000e+03
4.323133789062500000e+03
2.854733789062500000e+04
1.981919531250000000e+04
1.000720996093750000e+04
2.302400016784667969e+01
4.487967773437500000e+03
6.166899871826171875e+01
1.530045019531250000e+04
2.023039843750000000e+04
1.249968066406250000e+04
3.268650878906250000e+03
4.870060058593750000e+03
1.086779199218750000e+04
9.365922851562500000e+03
8.037999725341796875e+01
3.371075927734375000e+03
1.008600781250000000e+04
1.586759948730468750e+02
5.781354980468750000e+03
1.204819433593750000e+04
1.146794921875000000e+05
2.436737187500000000e+05
2.520499992370605469e+01
6.250558593750000000e+04
2.386500000000000000e+03
1.713456054687500000e+03
1.373838378906250000e+04
1.783156640625000000e+04
3.445399856567382812e+01
4.418241210937500000e+03
1.392233984375000000e+04
3.253573828125000000e+04
1.965169982910156250e+02
3.338259887695312500e+02
7.905682128906250000e+03
3.789033935546875000e+03
7.415307128906250000e+03
8.623610229492187500e+02
3.080423095703125000e+03
1.210240527343750000e+04
8.123538281250000000e+04
1.095246679687500000e+04
3.363713281250000000e+04
6.881323242187500000e+03
1.656170043945312500e+02
1.363843017578125000e+03
1.668957343750000000e+05
3.023076757812500000e+04
1.274831445312500000e+04
4.048591064453125000e+03
1.477472363281250000e+04
9.918999671936035156e+00
8.321700286865234375e+01
3.141997070312500000e+03
2.035187988281250000e+03
1.783515014648437500e+03
2.191349945068359375e+02
6.817109985351562500e+02
2.856357226562500000e+04
6.088000106811523438e+01
8.944699859619140625e+01
9.332626953125000000e+03
8.534600067138671875e+01
1.331046997070312500e+03
2.923958007812500000e+03
1.026799964904785156e+01
4.281416992187500000e+03
2.480202880859375000e+03
1.063259963989257812e+02
6.126400146484375000e+02
2.218520050048828125e+02
3.457400131225585938e+01
2.956096679687500000e+04
1.212663476562500000e+04
4.365280151367187500e+02
1.574424609375000000e+04
1.269736230468750000e+04
1.484989929199218750e+02
1.452454956054687500e+03
1.272829971313476562e+02
9.414935546875000000e+03
5.824722167968750000e+03
2.266415429687500000e+04
1.837732055664062500e+03
7.416570800781250000e+03
1.786894042968750000e+03
9.152563476562500000e+03
1.896320037841796875e+02
3.658798828125000000e+04
5.889812988281250000e+03
1.285163769531250000e+04
2.256006103515625000e+03
4.501187988281250000e+03
7.161499786376953125e+01
2.447990966796875000e+03
2.624024375000000000e+05
1.091682006835937500e+03
2.107308437500000000e+05
2.762839111328125000e+03
4.854233593750000000e+04
1.286210021972656250e+02
7.817086718750000000e+04
9.659000396728515625e+00
1.423882128906250000e+04
6.772599792480468750e+01
3.073669921875000000e+03
6.334922851562500000e+03
1.586463574218750000e+04
1.045305859375000000e+04
5.049126953125000000e+03
1.926678320312500000e+04
5.874907226562500000e+03
2.434700012207031250e+01
3.497253906250000000e+03
1.280174609375000000e+04
7.569032226562500000e+03
4.724419531250000000e+04
3.071500015258789062e+01
1.719453002929687500e+03
3.826841015625000000e+04
1.877691406250000000e+04
1.785379943847656250e+02
1.065623828125000000e+04
9.290248046875000000e+03
2.360363476562500000e+04
1.771365429687500000e+04
1.728791210937500000e+04
3.570677187500000000e+05
6.298257812500000000e+03
3.417554062500000000e+05
7.623123046875000000e+03
1.233023671875000000e+05
1.668974414062500000e+04
1.274856875000000000e+05
2.097596484375000000e+04
7.011809082031250000e+03
5.996416015625000000e+03
2.405780029296875000e+02
1.218666015625000000e+03
5.809500122070312500e+01
9.747069702148437500e+02
2.665939941406250000e+02
2.149399948120117188e+01
1.921640014648437500e+02
1.761759570312500000e+04
8.659999847412109375e+00
1.707306030273437500e+03
4.339057421875000000e+04
1.498420507812500000e+04
3.766287109375000000e+04
7.096000194549560547e+00
3.687940063476562500e+02
2.271732910156250000e+03
6.177809082031250000e+03
1.559299804687500000e+04
6.725046875000000000e+03
2.926362812500000000e+05
4.174230041503906250e+02
8.538352539062500000e+03
1.198606093750000000e+05
2.675162500000000000e+05
1.214019238281250000e+04
8.029157226562500000e+03
1.214380981445312500e+03
1.376959960937500000e+03
1.323668066406250000e+04
1.277612265625000000e+05
3.531473125000000000e+05
8.282185546875000000e+03
3.294300079345703125e+01
1.893199920654296875e+01
3.131302978515625000e+03
2.921292968750000000e+04
1.299333496093750000e+04
2.421801025390625000e+03
1.147153906250000000e+04
1.674900054931640625e+01
2.033963989257812500e+03
3.675517578125000000e+04
6.992297656250000000e+04
1.822612304687500000e+04
2.336031982421875000e+03
3.234381103515625000e+03
2.042420043945312500e+02
8.871660156250000000e+02
7.296259765625000000e+02
4.498717773437500000e+03
5.240555175781250000e+03
5.995992187500000000e+03
6.446553125000000000e+04
8.187600097656250000e+02
4.850199890136718750e+01
5.563690185546875000e+02
4.027099990844726562e+01
5.104500000000000000e+05
1.198304394531250000e+04
1.802019958496093750e+02
2.351970312500000000e+04
1.931740039062500000e+04
1.096900024414062500e+02
1.363132031250000000e+04
3.420050048828125000e+02
2.385802978515625000e+03
3.389960021972656250e+02
4.830779687500000000e+04
1.836343994140625000e+03
1.318350067138671875e+02
2.467879943847656250e+02
6.717727050781250000e+03
2.091794921875000000e+03
6.917351074218750000e+03
9.593272460937500000e+03
2.927519375000000000e+05
2.509472460937500000e+04
2.988083984375000000e+03
1.236151977539062500e+03
2.973170898437500000e+03
1.433309936523437500e+02
1.112739355468750000e+04
5.107248437500000000e+04
1.380769958496093750e+02
2.502425000000000000e+04
2.893659973144531250e+02
6.791807031250000000e+04
2.308410034179687500e+02
5.617003906250000000e+04
2.741111914062500000e+04
6.567542968750000000e+03
5.319188964843750000e+03
1.573031982421875000e+03
2.247810058593750000e+02
4.085512812500000000e+05
2.589979003906250000e+03
5.842895019531250000e+03
1.886490020751953125e+02
2.641699981689453125e+01
3.227099990844726562e+01
8.245560302734375000e+02
3.698607421875000000e+04
5.807300186157226562e+01
7.796542968750000000e+03
2.848647949218750000e+03
4.471388183593750000e+03
3.153957031250000000e+03
1.485302978515625000e+03
7.627659912109375000e+02
3.967833007812500000e+03
4.546599960327148438e+01
2.463960937500000000e+03
1.077236718750000000e+04
5.125299835205078125e+01
2.826499938964843750e+01
4.792680053710937500e+02
2.776072851562500000e+04
1.180360961914062500e+03
2.987438867187500000e+04
4.756849975585937500e+02
2.977789062500000000e+03
3.347855468750000000e+04
1.485299987792968750e+02
8.252400207519531250e+01
1.704330078125000000e+04
1.477669042968750000e+04
5.677680053710937500e+02
3.134060351562500000e+04
1.543079986572265625e+02
1.489840039062500000e+04
1.368891406250000000e+04
1.074400043487548828e+01
4.660830078125000000e+02
1.426719970703125000e+02
7.395735839843750000e+03
4.184500976562500000e+03
1.601526000976562500e+03
9.758770141601562500e+02
3.710853515625000000e+04
2.717739868164062500e+02
2.216760986328125000e+03
4.951262207031250000e+03
7.309839843750000000e+03
1.039242089843750000e+04
1.547660064697265625e+02
1.045308886718750000e+04
4.638790039062500000e+03
2.402953320312500000e+04
7.005269042968750000e+03
7.067313281250000000e+04
2.490760312500000000e+05
1.774751953125000000e+03
1.077759033203125000e+03
9.925000000000000000e+01
9.746831054687500000e+03
4.148000000000000000e+03
4.053458984375000000e+03
1.508381542968750000e+04
1.542766699218750000e+04
2.374019927978515625e+02
2.640649902343750000e+03
5.034999847412109375e+01
2.951368896484375000e+03
6.191129882812500000e+03
4.569057128906250000e+03
3.531084960937500000e+03
7.585555000000000000e+05
4.709512207031250000e+03
1.840500068664550781e+01
2.811290000000000000e+05
1.029850097656250000e+04
5.855508789062500000e+03
6.688194375000000000e+05
2.612354687500000000e+04
2.429000091552734375e+01
6.535621093750000000e+03
6.732750000000000000e+04
1.464660468750000000e+05
7.887200164794921875e+01
1.629845410156250000e+04
2.471721923828125000e+03
6.823699951171875000e+01
7.681625781250000000e+04
3.982718017578125000e+03
8.064329833984375000e+02
3.874770019531250000e+03
1.997745312500000000e+04
2.280903076171875000e+03
1.039805053710937500e+03
2.504110156250000000e+04
1.395449981689453125e+02
1.095429992675781250e+02
2.816099929809570312e+01
3.996841064453125000e+03
3.351904687500000000e+04
3.043400001525878906e+01
6.221350097656250000e+03
1.036303955078125000e+03
2.089699935913085938e+01
2.453914453125000000e+04
5.886618164062500000e+03
2.464126757812500000e+04
1.083069992065429688e+02
6.431100097656250000e+03
6.305063671875000000e+04
9.946999549865722656e+00
3.830270080566406250e+02
2.142101074218750000e+03
3.191587695312500000e+04
2.093099975585937500e+01
4.708421484375000000e+04
2.242480010986328125e+02
4.160064941406250000e+03
7.242598144531250000e+03
1.088555664062500000e+04
5.821567871093750000e+03
2.607166015625000000e+03
8.713099670410156250e+01
2.484735107421875000e+03
6.391993164062500000e+03
8.986310546875000000e+03
2.429570007324218750e+02
2.079839935302734375e+02
3.625592187500000000e+04
1.475269927978515625e+02
1.484370019531250000e+04
1.522973632812500000e+04
5.622100067138671875e+01
9.433500976562500000e+03
1.176829986572265625e+02
2.101772031250000000e+05
2.235833007812500000e+03
1.368435000000000000e+05
3.893244375000000000e+05
1.274410018920898438e+02
4.050469970703125000e+02
9.102944531250000000e+04
8.452290039062500000e+02
8.610999755859375000e+02
4.059565625000000000e+04
1.072472045898437500e+03
3.457441796875000000e+04
8.767299652099609375e+01
2.428718750000000000e+04
5.710146972656250000e+03
4.713998046875000000e+03
1.046875683593750000e+04
9.166550292968750000e+02
2.402544921875000000e+03
1.229267944335937500e+03
1.844031445312500000e+04
2.866850390625000000e+04
4.442914062500000000e+03
4.746300125122070312e+01
3.202150000000000000e+05
5.449893066406250000e+03
1.054599952697753906e+01
1.851329956054687500e+02
1.263155468750000000e+04
2.189102656250000000e+05
2.309508789062500000e+04
3.894400024414062500e+01
4.719689941406250000e+02
1.190928808593750000e+04
8.623560180664062500e+02
2.441750030517578125e+02
3.248455859375000000e+04
1.056289765625000000e+05
2.076065917968750000e+03
2.334814941406250000e+03
1.946569976806640625e+02
1.062458886718750000e+04
5.947299957275390625e+01
1.352662343750000000e+05
3.287967041015625000e+03
4.356543750000000000e+04
4.825837890625000000e+03
1.334839965820312500e+03
1.383130035400390625e+02
2.198580017089843750e+02
2.544667773437500000e+04
2.325890045166015625e+02
6.029999923706054688e+01
5.437714843750000000e+03
1.160608032226562500e+03
1.385551269531250000e+04
3.793465087890625000e+03
2.386678320312500000e+04
7.468800354003906250e+01
3.845199966430664062e+01
2.930206445312500000e+04
1.099724975585937500e+03
9.518333984375000000e+03
1.826679992675781250e+02
5.490220214843750000e+03
3.043199920654296875e+01
3.693000030517578125e+01
3.659941894531250000e+03
1.706100082397460938e+01
6.044569702148437500e+02
1.955177001953125000e+03
6.790889892578125000e+02
2.635906005859375000e+03
4.570589453125000000e+04
3.932026875000000000e+05
3.194457031250000000e+03
7.242831250000000000e+04
6.082914453125000000e+04
5.785957031250000000e+03
4.714169921875000000e+02
1.194499969482421875e+01
1.097574902343750000e+04
2.143499946594238281e+01
1.098168066406250000e+04
1.403345947265625000e+03
1.219452026367187500e+03
4.549057031250000000e+04
1.723709960937500000e+03
4.404190063476562500e+02
3.192931054687500000e+04
1.015521406250000000e+05
9.409065429687500000e+03
9.069990234375000000e+02
4.937599945068359375e+01
3.856449375000000000e+05
3.447462500000000000e+04
1.806325390625000000e+04
2.647995117187500000e+03
6.860399627685546875e+01
9.230999755859375000e+01
1.049626953125000000e+03
2.073337890625000000e+03
1.647391967773437500e+03
9.870483398437500000e+03
3.443980957031250000e+03
1.018938183593750000e+04
1.898100090026855469e+01
1.850220312500000000e+04
8.779264062500000000e+04
5.257040039062500000e+03
4.883009948730468750e+02
2.540529937744140625e+02
1.076394921875000000e+05
1.005667773437500000e+04
4.830667187500000000e+04
8.510920312500000000e+04
1.269962304687500000e+04
2.238184082031250000e+03
4.271327812500000000e+05
1.666485546875000000e+04
1.345829925537109375e+02
8.121736816406250000e+03
8.646575195312500000e+03
1.391879687500000000e+04
1.876016250000000000e+05
2.750357812500000000e+05
9.375150146484375000e+02
9.700754687500000000e+04
2.860360107421875000e+02
3.301658984375000000e+04
2.656130065917968750e+02
3.246300125122070312e+01
2.790216064453125000e+03
4.785760546875000000e+04
8.528353125000000000e+04
8.321049804687500000e+02
2.101640820312500000e+04
3.064830017089843750e+02
2.924190063476562500e+02
3.315912500000000000e+05
3.909999847412109375e+01
4.358666015625000000e+03
1.242905029296875000e+03
7.817320800781250000e+03
1.674750061035156250e+02
1.892229492187500000e+04
2.231449218750000000e+04
1.601419982910156250e+02
2.063697021484375000e+03
5.738461914062500000e+03
1.897409062500000000e+05
1.419918437500000000e+05
2.321164062500000000e+03
6.836117500000000000e+05
9.483617187500000000e+03
4.464141113281250000e+03
1.797015625000000000e+04
5.639119873046875000e+02
2.096163281250000000e+04
2.585899925231933594e+01
4.450312011718750000e+03
1.227244018554687500e+03
1.621949511718750000e+04
9.956754882812500000e+03
1.008765014648437500e+03
1.548009948730468750e+02
3.629100036621093750e+02
3.312758056640625000e+03
8.983482421875000000e+03
2.543122070312500000e+03
8.302465820312500000e+03
2.183178320312500000e+04
2.184181250000000000e+04
5.359400177001953125e+01
4.135943847656250000e+03
4.857039062500000000e+03
4.287785937500000000e+04
3.848680114746093750e+02
8.325497070312500000e+03
4.701699829101562500e+01
1.575515234375000000e+04
4.731640136718750000e+03
2.354219970703125000e+02
3.049861718750000000e+04
4.398770312500000000e+04
7.338355957031250000e+03
5.897900009155273438e+01
2.040099906921386719e+01
1.915796484375000000e+04
6.013007812500000000e+03
3.579938964843750000e+03
6.132856933593750000e+03
6.048615234375000000e+04
8.949900054931640625e+01
2.246697998046875000e+03
1.940963989257812500e+03
8.809996093750000000e+03
6.811859741210937500e+02
1.724046093750000000e+04
1.690800094604492188e+01
3.323907958984375000e+03
2.566747460937500000e+04
2.890989013671875000e+03
2.660696044921875000e+03
1.345615966796875000e+03
1.714821289062500000e+04
6.313433593750000000e+04
7.123129882812500000e+02
6.966000000000000000e+04
2.509198242187500000e+04
2.318205468750000000e+04
2.023244995117187500e+03
5.559202148437500000e+03
1.373730010986328125e+02
6.788984863281250000e+03
4.806919860839843750e+02
7.457833007812500000e+03
9.267410278320312500e+02
2.541200065612792969e+01
1.497440032958984375e+02
1.134862500000000000e+04
9.498400115966796875e+01
2.977754296875000000e+04
7.106060058593750000e+03
8.971370239257812500e+02
1.587636962890625000e+03
4.184066796875000000e+04
6.680857910156250000e+03
2.666591064453125000e+03
1.871546093750000000e+04
8.684961914062500000e+03
1.006921484375000000e+04
9.054450195312500000e+03
1.150879492187500000e+04
2.576970947265625000e+03
1.274072363281250000e+04
1.052157500000000000e+05
2.242586914062500000e+03
2.675731875000000000e+05
2.500240020751953125e+02
1.023182006835937500e+03
3.030289843750000000e+04
2.890800094604492188e+01
3.248279052734375000e+03
2.557121093750000000e+03
1.082020034790039062e+02
7.115410156250000000e+03
7.224518066406250000e+03
4.119825781250000000e+04
2.852799987792968750e+01
9.196797851562500000e+03
9.733416992187500000e+03
5.164491210937500000e+03
1.409489355468750000e+04
1.488663183593750000e+04
3.051239929199218750e+02
4.630331640625000000e+04
6.260429199218750000e+03
1.039182226562500000e+04
8.495330200195312500e+02
1.001419238281250000e+04
1.236910253906250000e+04
3.343645312500000000e+05
1.254431640625000000e+04
3.443606875000000000e+05
7.672599792480468750e+01
2.345499992370605469e+01
4.339786132812500000e+03
8.157573437500000000e+04
2.237220001220703125e+02
7.052806250000000000e+04
4.244619921875000000e+04
5.164604980468750000e+03
1.823659973144531250e+02
3.253361328125000000e+04
5.035750122070312500e+02
3.281895019531250000e+03
1.114055546875000000e+05
2.015520019531250000e+02
7.548100280761718750e+01
9.092500000000000000e+02
4.644699859619140625e+01
1.004170312500000000e+04
3.182353437500000000e+05
1.271060028076171875e+02
1.467952832031250000e+04
1.384187792968750000e+04
9.783164062500000000e+03
1.959340057373046875e+02
3.755502929687500000e+03
2.916013916015625000e+03
3.974256103515625000e+03
3.250896972656250000e+03
5.930103125000000000e+04
1.696168945312500000e+04
8.140799713134765625e+01
9.869100189208984375e+01
9.362583984375000000e+03
8.981484375000000000e+03
1.059479980468750000e+02
8.855799865722656250e+01
1.471379028320312500e+03
3.863402343750000000e+04
2.610992187500000000e+04
9.190290039062500000e+03
2.435440063476562500e+02
2.585456250000000000e+05
4.621506640625000000e+04
6.131442871093750000e+03
2.762316894531250000e+03
2.041889953613281250e+02
9.059101562500000000e+03
1.042197998046875000e+03
4.121699905395507812e+01
3.127456250000000000e+05
1.573769989013671875e+02
3.818785625000000000e+05
7.531667968750000000e+04
3.053700065612792969e+01
3.842632080078125000e+03
1.614230566406250000e+04
1.907169952392578125e+02
4.862451171875000000e+03
4.148893750000000000e+05
1.271800041198730469e+01
5.908532226562500000e+03
8.209915039062500000e+03
1.206195214843750000e+04
7.652300262451171875e+01
1.254150009155273438e+02
3.889129943847656250e+02
6.850499725341796875e+01
2.056770019531250000e+02
1.458427001953125000e+03
4.640580139160156250e+02
2.827099990844726562e+01
1.605175683593750000e+04
1.201910018920898438e+02
7.801578125000000000e+03
2.129252929687500000e+03
5.299646484375000000e+04
3.900406982421875000e+03
8.124124023437500000e+03
2.140044921875000000e+03
4.614091796875000000e+04
4.950799865722656250e+02
1.454210052490234375e+02
2.745700073242187500e+01
9.770903320312500000e+03
9.322680053710937500e+02
1.173746948242187500e+03
1.859290008544921875e+02
2.269692968750000000e+04
2.643209960937500000e+03
1.146929101562500000e+04
1.877845507812500000e+04
2.786747070312500000e+03
1.604649963378906250e+02
6.646499633789062500e+01
3.979660034179687500e+02
2.732330017089843750e+02
1.432530059814453125e+02
1.136940002441406250e+02
6.578871093750000000e+04
2.656130065917968750e+02
3.917912109375000000e+03
5.069275312500000000e+05
1.066128613281250000e+04
5.194769921875000000e+04
1.352831054687500000e+04
3.492106933593750000e+03
9.237632812500000000e+03
2.121064062500000000e+04
5.553200073242187500e+02
5.183300018310546875e+01
2.310709179687500000e+04
2.716809997558593750e+02
4.426741210937500000e+03
7.479583007812500000e+03
1.314098022460937500e+03
8.350499725341796875e+01
1.919402954101562500e+03
2.716675195312500000e+04
1.302387011718750000e+04
3.733096923828125000e+03
2.056462890625000000e+03
2.765047119140625000e+03
6.124847167968750000e+03
2.188303955078125000e+03
1.731703710937500000e+04
3.761318115234375000e+03
1.893037963867187500e+03
3.790227734375000000e+04
9.436299804687500000e+03
3.063222070312500000e+04
9.815579833984375000e+02
1.930989990234375000e+02
1.093172750000000000e+06
6.067810156250000000e+04
3.693739929199218750e+02
3.408018066406250000e+03
1.795232055664062500e+03
1.273099994659423828e+01
6.487908203125000000e+03
1.261910034179687500e+03
1.501499938964843750e+02
5.861142089843750000e+03
2.072299957275390625e+02
7.852012207031250000e+03
3.611620117187500000e+03
4.317055175781250000e+03
3.642545000000000000e+05
7.766502929687500000e+03
1.385047070312500000e+04
3.927120056152343750e+02
1.618899917602539062e+01
7.238600158691406250e+01
4.211542968750000000e+03
4.567432031250000000e+04
3.714312109375000000e+04
3.572278125000000000e+04
6.712907226562500000e+03
2.888912890625000000e+04
6.283539062500000000e+04
5.299703125000000000e+03
7.779399871826171875e+01
1.139644335937500000e+04
1.987290039062500000e+02
4.763229980468750000e+03
1.622220001220703125e+02
2.879299023437500000e+04
2.768177001953125000e+03
9.104967773437500000e+03
1.554276977539062500e+03
3.655799865722656250e+01
6.214429931640625000e+02
1.421524047851562500e+03
3.858609924316406250e+02
2.199485107421875000e+03
1.050727929687500000e+04
1.137705625000000000e+05
1.103608300781250000e+04
1.773045703125000000e+04
3.213999938964843750e+01
2.716567187500000000e+04
2.986899948120117188e+01
5.442050170898437500e+02
1.244025097656250000e+04
2.878400039672851562e+01
1.455243164062500000e+04
2.387843994140625000e+03
1.257306738281250000e+04
2.436049957275390625e+02
1.880586523437500000e+04
4.928086914062500000e+03
3.600395019531250000e+03
1.860138085937500000e+04
3.695972900390625000e+03
1.206449966430664062e+02
7.186425000000000000e+04
3.937363037109375000e+03
2.020899963378906250e+01
5.174166992187500000e+03
1.032340011596679688e+02
5.779459960937500000e+03
1.809748046875000000e+03
