7.789999842643737793e-01
7.269999980926513672e-01
3.799999877810478210e-02
7.779999971389770508e-01
1.799999922513961792e-02
1.220999956130981445e+00
1.644000053405761719e+00
4.799999892711639404e-01
1.524999976158142090e+00
8.999999761581420898e-01
9.829999804496765137e-01
6.899999976158142090e-01
9.990000128746032715e-01
6.300000101327896118e-02
1.620000004768371582e-01
3.899999856948852539e-01
3.880000114440917969e-01
7.220000028610229492e-01
9.419999718666076660e-01
7.969999909400939941e-01
6.700000166893005371e-01
1.110000014305114746e+00
1.490000039339065552e-01
1.059999987483024597e-01
1.720000058412551880e-01
1.010000035166740417e-01
1.320000052452087402e+00
9.380000233650207520e-01
1.587000012397766113e+00
2.409999966621398926e-01
1.845999956130981445e+00
3.289999961853027344e+00
1.552999973297119141e+00
1.350000053644180298e-01
1.583999991416931152e+00
2.344000101089477539e+00
7.879999876022338867e-01
6.800000369548797607e-02
8.399999737739562988e-01
2.487999916076660156e+00
4.160000085830688477e-01
1.799999922513961792e-02
2.220000028610229492e-01
3.335999965667724609e+00
3.700000047683715820e-02
1.309999972581863403e-01
2.240000069141387939e-01
6.060000061988830566e-01
7.710000276565551758e-01
4.500000178813934326e-02
7.299999892711639404e-02
1.069000005722045898e+00
1.220000013709068298e-01
1.469999998807907104e-01
2.434000015258789062e+00
1.700999975204467773e+00
1.018000006675720215e+00
8.299999833106994629e-01
5.749999880790710449e-01
5.389999747276306152e-01
1.429000020027160645e+00
6.999999880790710449e-01
6.190000176429748535e-01
7.199999690055847168e-02
1.016999959945678711e+00
8.600000292062759399e-02
2.068000078201293945e+00
5.799999833106994629e-02
3.199999928474426270e-01
9.200000166893005371e-01
1.909999996423721313e-01
5.849999785423278809e-01
4.012000083923339844e+00
6.970000267028808594e-01
1.402999997138977051e+00
7.059999704360961914e-01
1.067999958992004395e+00
4.090000092983245850e-01
2.196000099182128906e+00
4.289999902248382568e-01
1.491000056266784668e+00
5.499999970197677612e-02
1.209999993443489075e-01
5.700000002980232239e-02
7.789999842643737793e-01
9.459999799728393555e-01
1.100999951362609863e+00
1.297999978065490723e+00
1.447000026702880859e+00
2.252000093460083008e+00
1.720000058412551880e-01
1.504999995231628418e+00
5.479999780654907227e-01
5.180000066757202148e-01
2.910000085830688477e-01
1.195999979972839355e+00
7.850000262260437012e-01
2.579999864101409912e-01
2.651999950408935547e+00
5.839999914169311523e-01
3.249999880790710449e-01
1.171000003814697266e+00
1.319999992847442627e-01
1.386000037193298340e+00
3.449999988079071045e-01
1.070000052452087402e+00
3.000000026077032089e-03
1.930000036954879761e-01
4.420000016689300537e-01
2.259999960660934448e-01
1.575000047683715820e+00
5.600000172853469849e-02
6.850000023841857910e-01
2.000000029802322388e-01
5.490000247955322266e-01
2.346999883651733398e+00
2.980000078678131104e-01
5.830000042915344238e-01
1.920000016689300537e-01
3.269999921321868896e-01
1.023000001907348633e+00
8.200000226497650146e-02
1.215999960899353027e+00
3.149999976158142090e-01
8.180000185966491699e-01
9.309999942779541016e-01
5.030000209808349609e-01
2.829999923706054688e-01
2.610000073909759521e-01
2.779000043869018555e+00
6.423999786376953125e+00
1.001000046730041504e+00
2.500000037252902985e-02
1.500000059604644775e-01
1.305999994277954102e+00
5.759999752044677734e-01
3.799999952316284180e-01
1.350000053644180298e-01
3.779999911785125732e-01
3.630000054836273193e-01
6.349999904632568359e-01
1.651000022888183594e+00
1.371999979019165039e+00
1.378000020980834961e+00
1.870000064373016357e-01
7.170000076293945312e-01
1.208999991416931152e+00
8.000000379979610443e-03
2.029000043869018555e+00
1.146999955177307129e+00
9.760000109672546387e-01
3.280000090599060059e-01
1.220999956130981445e+00
5.199999809265136719e-01
7.229999899864196777e-01
4.600000008940696716e-02
1.369999945163726807e-01
6.124000072479248047e+00
1.280000060796737671e-01
2.980000078678131104e-01
9.309999942779541016e-01
1.560000032186508179e-01
4.670000076293945312e-01
1.589999943971633911e-01
2.648000001907348633e+00
6.800000369548797607e-02
7.599999904632568359e-01
2.639999985694885254e-01
3.006999969482421875e+00
6.100000068545341492e-02
5.299999937415122986e-02
2.440000027418136597e-01
1.047000050544738770e+00
4.800000041723251343e-02
1.991000056266784668e+00
6.110000014305114746e-01
5.590000152587890625e-01
2.210000008344650269e-01
2.400000020861625671e-02
1.608999967575073242e+00
8.999999761581420898e-01
6.209999918937683105e-01
1.508999943733215332e+00
7.540000081062316895e-01
1.136999964714050293e+00
4.059999883174896240e-01
6.409999728202819824e-01
4.939999878406524658e-01
4.322999954223632812e+00
1.001000046730041504e+00
1.840000033378601074e+00
6.039999723434448242e-01
1.312000036239624023e+00
4.530000090599060059e-01
1.116000056266784668e+00
3.560000061988830566e-01
2.579999864101409912e-01
6.280000209808349609e-01
3.079999983310699463e-01
1.629999995231628418e+00
4.869999885559082031e-01
3.770000040531158447e-01
5.099999904632568359e-01
7.000000216066837311e-03
6.400000303983688354e-02
4.080999851226806641e+00
3.899999856948852539e-01
1.574000000953674316e+00
6.340000033378601074e-01
7.490000128746032715e-01
1.942999958992004395e+00
8.900000154972076416e-02
2.230000048875808716e-01
1.529999971389770508e+00
1.700000017881393433e-01
1.710000038146972656e-01
5.419999957084655762e-01
1.062000036239624023e+00
2.428999900817871094e+00
5.569999814033508301e-01
1.123000025749206543e+00
4.939999878406524658e-01
1.139999985694885254e+00
2.049999982118606567e-01
9.399999678134918213e-02
5.220000147819519043e-01
9.300000220537185669e-02
7.800000160932540894e-02
1.010000035166740417e-01
8.640000224113464355e-01
1.444000005722045898e+00
9.369999766349792480e-01
7.059999704360961914e-01
4.320000112056732178e-01
2.049999982118606567e-01
3.569999933242797852e-01
2.529999911785125732e-01
8.399999737739562988e-01
6.700000166893005371e-02
4.300000146031379700e-02
1.087000012397766113e+00
3.989999890327453613e-01
4.909999966621398926e-01
5.419999957084655762e-01
6.690000295639038086e-01
2.179999947547912598e-01
4.210000038146972656e-01
5.749999880790710449e-01
5.460000038146972656e-01
2.700000070035457611e-02
1.159999966621398926e-01
3.026999950408935547e+00
3.713999986648559570e+00
2.560000121593475342e-01
2.349999994039535522e-01
6.620000004768371582e-01
1.526999950408935547e+00
1.078999996185302734e+00
9.769999980926513672e-01
1.010000035166740417e-01
1.199000000953674316e+00
1.021999955177307129e+00
1.343000054359436035e+00
2.560000121593475342e-01
8.610000014305114746e-01
1.024000048637390137e+00
4.000000059604644775e-01
9.499999880790710449e-02
1.570000052452087402e-01
2.078000068664550781e+00
2.035000085830688477e+00
8.330000042915344238e-01
3.549999892711639404e-01
5.500000119209289551e-01
1.626000046730041504e+00
4.760000109672546387e-01
1.250000000000000000e-01
1.330000013113021851e-01
2.210000008344650269e-01
1.799999922513961792e-02
2.060000002384185791e-01
8.299999833106994629e-01
1.157999992370605469e+00
4.429999887943267822e-01
7.580000162124633789e-01
3.400000184774398804e-02
1.070000007748603821e-01
4.760000109672546387e-01
1.916000008583068848e+00
4.650000035762786865e-01
7.459999918937683105e-01
1.600000075995922089e-02
3.549999892711639404e-01
1.720000028610229492e+00
4.699999839067459106e-02
5.809999704360961914e-01
6.899999827146530151e-02
2.399999946355819702e-01
1.000000047497451305e-03
7.409999966621398926e-01
6.240000128746032715e-01
1.207000017166137695e+00
1.327000021934509277e+00
8.970000147819519043e-01
1.953999996185302734e+00
5.040000081062316895e-01
1.786000013351440430e+00
9.620000123977661133e-01
4.609999954700469971e-01
8.100000023841857910e-02
3.650000095367431641e-01
3.131000041961669922e+00
1.729999929666519165e-01
1.800000071525573730e-01
1.873999953269958496e+00
7.910000085830688477e-01
4.990000128746032715e-01
1.769000053405761719e+00
1.050999999046325684e+00
4.239999949932098389e-01
9.480000138282775879e-01
6.370000243186950684e-01
1.034000039100646973e+00
1.500000059604644775e-01
6.169999837875366211e-01
1.044999957084655762e+00
1.042000055313110352e+00
5.550000071525573730e-01
1.875000000000000000e+00
7.820000052452087402e-01
1.009999990463256836e+00
5.709999799728393555e-01
6.899999827146530151e-02
1.046000003814697266e+00
6.179999709129333496e-01
2.407999992370605469e+00
2.639999985694885254e-01
1.445000052452087402e+00
2.517999887466430664e+00
3.819999992847442627e-01
7.839999794960021973e-01
5.970000028610229492e-01
1.264999985694885254e+00
6.639999747276306152e-01
9.670000076293945312e-01
3.889999985694885254e-01
2.732000112533569336e+00
1.239999979734420776e-01
1.819999963045120239e-01
1.159999966621398926e-01
1.439999938011169434e-01
4.000000189989805222e-03
5.659999847412109375e-01
4.269999861717224121e-01
2.339999973773956299e-01
2.129999995231628418e-01
1.161000013351440430e+00
4.900000095367431641e-01
4.000000189989805222e-03
2.440000027418136597e-01
1.391000032424926758e+00
1.207000017166137695e+00
1.320000052452087402e+00
1.276999950408935547e+00
1.049000024795532227e+00
4.399999976158142090e-01
3.280000090599060059e-01
1.932999968528747559e+00
6.420000195503234863e-01
1.180000007152557373e-01
9.300000220537185669e-02
3.200000151991844177e-02
4.690000116825103760e-01
4.219999909400939941e-01
1.490000039339065552e-01
2.684000015258789062e+00
3.750000000000000000e-01
2.092000007629394531e+00
2.280000001192092896e-01
5.249999761581420898e-01
7.910000085830688477e-01
2.639999985694885254e-01
3.759999871253967285e-01
1.410000026226043701e-01
1.564000010490417480e+00
1.899999976158142090e-01
3.802000045776367188e+00
6.899999976158142090e-01
4.289999902248382568e-01
2.608999967575073242e+00
8.000000379979610443e-03
1.940000057220458984e-01
2.240000069141387939e-01
1.184000015258789062e+00
3.519999980926513672e-01
1.289999932050704956e-01
1.040000021457672119e-01
1.284000039100646973e+00
1.700000017881393433e-01
1.159999966621398926e-01
7.870000004768371582e-01
1.139000058174133301e+00
8.899999856948852539e-01
4.169999957084655762e-01
7.680000066757202148e-01
1.085999965667724609e+00
1.381000041961669922e+00
3.379999995231628418e-01
6.639999747276306152e-01
1.095999956130981445e+00
2.169999927282333374e-01
1.498999953269958496e+00
1.064000010490417480e+00
4.740000069141387939e-01
8.849999904632568359e-01
1.300000026822090149e-02
4.460000097751617432e-01
9.399999678134918213e-02
3.869999945163726807e-01
2.779999971389770508e-01
7.260000109672546387e-01
7.450000047683715820e-01
2.313999891281127930e+00
2.849999964237213135e-01
2.161000013351440430e+00
3.000000026077032089e-03
1.565000057220458984e+00
3.100000023841857910e-01
4.140000045299530029e-01
2.000000094994902611e-03
1.955000042915344238e+00
1.511000037193298340e+00
7.720000147819519043e-01
3.470000028610229492e-01
6.869999766349792480e-01
9.499999880790710449e-01
0.000000000000000000e+00
6.880000233650207520e-01
3.970000147819519043e-01
1.529999971389770508e-01
2.669999897480010986e-01
6.470000147819519043e-01
1.269000053405761719e+00
2.339999914169311523e+00
1.067000031471252441e+00
1.144000053405761719e+00
2.269999980926513672e-01
1.504999995231628418e+00
1.217000007629394531e+00
1.560000032186508179e-01
1.800000071525573730e-01
9.700000286102294922e-02
1.008000016212463379e+00
7.620000243186950684e-01
2.910000085830688477e-01
2.019999980926513672e+00
4.259999990463256836e-01
4.990000128746032715e-01
1.018000006675720215e+00
3.299999982118606567e-02
2.300000041723251343e-01
1.780000030994415283e-01
1.953999996185302734e+00
1.927000045776367188e+00
2.153000116348266602e+00
2.590000033378601074e-01
8.439999818801879883e-01
2.661000013351440430e+00
9.629999995231628418e-01
2.280999898910522461e+00
4.920000135898590088e-01
1.054999947547912598e+00
7.599999755620956421e-02
4.480000138282775879e-01
1.960999965667724609e+00
3.400000035762786865e-01
8.000000119209289551e-01
4.390000104904174805e-01
4.429999887943267822e-01
3.869999945163726807e-01
1.702999949455261230e+00
1.300000026822090149e-02
2.290000021457672119e-01
2.565999984741210938e+00
1.458999991416931152e+00
5.099999904632568359e-01
1.213000059127807617e+00
8.889999985694885254e-01
9.899999946355819702e-02
3.529999852180480957e-01
4.970000088214874268e-01
2.463999986648559570e+00
4.300000146031379700e-02
1.506999969482421875e+00
1.391000032424926758e+00
1.342000007629394531e+00
1.439999938011169434e-01
6.629999876022338867e-01
4.679999947547912598e-01
6.300000101327896118e-02
5.680000185966491699e-01
6.090000271797180176e-01
1.049000024795532227e+00
3.345000028610229492e+00
7.879999876022338867e-01
3.466000080108642578e+00
4.300000071525573730e-01
6.729999780654907227e-01
7.770000100135803223e-01
6.050000190734863281e-01
5.130000114440917969e-01
1.759999990463256836e-01
3.230000138282775879e-01
2.569999992847442627e-01
5.820000171661376953e-01
2.319999933242797852e-01
1.154999971389770508e+00
1.597000002861022949e+00
1.488000035285949707e+00
9.530000090599060059e-01
4.379999935626983643e-01
2.161000013351440430e+00
1.060999989509582520e+00
3.226999998092651367e+00
8.569999933242797852e-01
1.000000047497451305e-03
1.180999994277954102e+00
1.659999936819076538e-01
9.240000247955322266e-01
9.250000119209289551e-01
1.840000033378601074e+00
3.379999995231628418e-01
7.799999713897705078e-01
2.461999893188476562e+00
2.600000053644180298e-02
7.609999775886535645e-01
1.320999979972839355e+00
4.729999899864196777e-01
1.620000004768371582e-01
2.099999971687793732e-02
2.160000056028366089e-01
8.050000071525573730e-01
3.899999856948852539e-01
8.750000000000000000e-01
3.350000083446502686e-01
9.309999942779541016e-01
2.150000035762786865e-01
1.499999966472387314e-02
1.406999945640563965e+00
4.970000088214874268e-01
1.379999965429306030e-01
2.190000057220458984e+00
1.289999932050704956e-01
1.116999983787536621e+00
2.938999891281127930e+00
1.100999951362609863e+00
1.143000006675720215e+00
3.310000002384185791e-01
5.040000081062316895e-01
2.689999938011169434e-01
2.298000097274780273e+00
1.260000020265579224e-01
1.273000001907348633e+00
2.948999881744384766e+00
9.950000047683715820e-01
2.400000020861625671e-02
1.509999930858612061e-01
2.939999997615814209e-01
1.799999922513961792e-02
1.580000072717666626e-01
3.840000033378601074e-01
1.213999986648559570e+00
2.639999985694885254e-01
4.500000178813934326e-02
2.849999964237213135e-01
7.850000262260437012e-01
5.199999809265136719e-01
4.899999871850013733e-02
1.100000023841857910e+00
1.361999988555908203e+00
6.000000238418579102e-01
4.090000092983245850e-01
1.027999997138977051e+00
4.199999943375587463e-02
1.560000032186508179e-01
1.082999944686889648e+00
3.026000022888183594e+00
4.760000109672546387e-01
3.409999907016754150e-01
8.429999947547912598e-01
4.829999923706054688e+00
3.095999956130981445e+00
1.100000023841857910e+00
1.320000052452087402e+00
1.468000054359436035e+00
4.440000057220458984e-01
1.861999988555908203e+00
7.369999885559082031e-01
2.489999979734420776e-01
2.989999949932098389e-01
1.970999956130981445e+00
4.399999976158142090e-01
1.430000066757202148e-01
9.879999756813049316e-01
4.110000133514404297e-01
2.999999932944774628e-02
9.440000057220458984e-01
2.813999891281127930e+00
1.030000001192092896e-01
4.999999888241291046e-03
1.799999952316284180e+00
1.089999973773956299e-01
1.332999944686889648e+00
6.970000267028808594e-01
8.379999995231628418e-01
7.400000095367431641e-02
5.350000262260437012e-01
1.000000014901161194e-01
4.633999824523925781e+00
1.228000044822692871e+00
7.969999909400939941e-01
4.959999918937683105e-01
5.379999876022338867e-01
1.154000043869018555e+00
1.990000009536743164e+00
1.284000039100646973e+00
8.479999899864196777e-01
1.490000039339065552e-01
5.879999995231628418e-01
5.700000002980232239e-02
9.600000083446502686e-02
3.339999914169311523e-01
1.279000043869018555e+00
2.890000045299530029e-01
4.429999887943267822e-01
1.618999958038330078e+00
5.970000028610229492e-01
5.109999775886535645e-01
2.549999952316284180e-01
1.917999982833862305e+00
1.312000036239624023e+00
2.259999960660934448e-01
4.839999973773956299e-01
2.173000097274780273e+00
1.599999964237213135e-01
8.330000042915344238e-01
1.856999993324279785e+00
1.870000004768371582e+00
7.400000095367431641e-02
4.000000189989805222e-03
1.414000034332275391e+00
3.910000026226043701e-01
1.253000020980834961e+00
1.469999998807907104e-01
1.780000030994415283e-01
1.870000064373016357e-01
5.700000002980232239e-02
4.659999907016754150e-01
3.589999973773956299e-01
7.720000147819519043e-01
4.990000128746032715e-01
4.999999888241291046e-03
1.759999990463256836e-01
4.620000123977661133e-01
5.499999970197677612e-02
2.446000099182128906e+00
2.964999914169311523e+00
3.050000071525573730e-01
3.184000015258789062e+00
4.950000047683715820e-01
1.192000031471252441e+00
1.473000049591064453e+00
1.200000010430812836e-02
1.261999964714050293e+00
2.500000037252902985e-02
7.889999747276306152e-01
6.629999876022338867e-01
1.161000013351440430e+00
8.640000224113464355e-01
3.350000083446502686e-01
1.440999984741210938e+00
1.110999941825866699e+00
4.160000085830688477e-01
1.030000001192092896e-01
6.579999923706054688e-01
4.000000189989805222e-03
1.547999978065490723e+00
6.090000271797180176e-01
1.937000036239624023e+00
1.057999968528747559e+00
4.600000008940696716e-02
3.860000073909759521e-01
5.479999780654907227e-01
9.000000357627868652e-02
3.889999985694885254e-01
5.839999914169311523e-01
2.890000045299530029e-01
1.669999957084655762e-01
1.434999942779541016e+00
1.151999950408935547e+00
5.289999842643737793e-01
1.116999983787536621e+00
2.479999959468841553e-01
1.720000058412551880e-01
1.449999958276748657e-01
1.945000052452087402e+00
4.644999980926513672e+00
1.786999940872192383e+00
1.179999947547912598e+00
1.040000021457672119e-01
3.580000102519989014e-01
1.819999963045120239e-01
8.199999928474426270e-01
2.312999963760375977e+00
4.189999997615814209e-01
1.260000020265579224e-01
4.600000083446502686e-01
1.108999967575073242e+00
2.319999933242797852e-01
6.100000143051147461e-01
2.879999876022338867e-01
8.199999928474426270e-01
2.631000041961669922e+00
8.610000014305114746e-01
1.180000007152557373e-01
9.700000286102294922e-02
4.769999980926513672e-01
9.179999828338623047e-01
1.835999965667724609e+00
2.831000089645385742e+00
1.615000009536743164e+00
2.273000001907348633e+00
7.179999947547912598e-01
1.026999950408935547e+00
5.159999728202819824e-01
2.148000001907348633e+00
1.629999995231628418e+00
1.327999949455261230e+00
1.776000022888183594e+00
3.779999911785125732e-01
2.473999977111816406e+00
2.189999967813491821e-01
9.480000138282775879e-01
2.075000047683715820e+00
1.330000042915344238e+00
5.429999828338623047e-01
4.070000052452087402e-01
8.130000233650207520e-01
1.097000002861022949e+00
3.500000014901161194e-02
2.413000106811523438e+00
7.039999961853027344e-01
1.780000030994415283e-01
1.180000007152557373e-01
2.540000081062316895e-01
4.500000178813934326e-02
4.930000007152557373e-01
5.789999961853027344e-01
3.339999914169311523e-01
2.479999959468841553e-01
1.177000045776367188e+00
9.499999880790710449e-01
6.560000181198120117e-01
1.567999958992004395e+00
2.529999911785125732e-01
1.959999948740005493e-01
7.490000128746032715e-01
1.088999986648559570e+00
2.669999897480010986e-01
2.430000066757202148e+00
1.054000020027160645e+00
1.937999963760375977e+00
9.060000181198120117e-01
1.690000057220458984e+00
9.399999678134918213e-02
2.641999959945678711e+00
1.955999970436096191e+00
3.124000072479248047e+00
1.381000041961669922e+00
2.800000011920928955e-01
3.619999885559082031e-01
1.544000029563903809e+00
6.409999728202819824e-01
1.669999957084655762e-01
2.269999980926513672e-01
3.999999910593032837e-02
1.605999946594238281e+00
5.080000162124633789e-01
4.020000100135803223e-01
1.381000041961669922e+00
1.609999984502792358e-01
9.530000090599060059e-01
6.560000181198120117e-01
3.599999845027923584e-02
2.199999988079071045e-01
6.809999942779541016e-01
3.186000108718872070e+00
1.430000066757202148e-01
8.500000089406967163e-02
1.600000075995922089e-02
8.100000023841857910e-02
3.600000143051147461e-01
6.599999964237213135e-02
9.559999704360961914e-01
7.900000214576721191e-01
1.730999946594238281e+00
3.510000109672546387e-01
2.400000020861625671e-02
5.159999728202819824e-01
2.230000048875808716e-01
1.011999964714050293e+00
1.085000038146972656e+00
2.649999856948852539e-01
1.070000007748603821e-01
9.729999899864196777e-01
4.339999854564666748e-01
8.100000023841857910e-02
6.259999871253967285e-01
1.003999948501586914e+00
3.129999935626983643e-01
6.199999898672103882e-02
1.412999987602233887e+00
9.999999776482582092e-03
2.142999887466430664e+00
1.067000031471252441e+00
2.227999925613403320e+00
2.649999856948852539e-01
1.934999942779541016e+00
7.049999833106994629e-01
1.506999969482421875e+00
9.600000083446502686e-02
1.151000022888183594e+00
2.520000040531158447e-01
4.110000133514404297e-01
1.750000000000000000e+00
2.600000053644180298e-02
3.179999887943267822e-01
9.340000152587890625e-01
4.129999876022338867e-01
4.000000189989805222e-03
3.370000123977661133e-01
2.689999938011169434e-01
1.539999991655349731e-01
4.070000052452087402e-01
1.534000039100646973e+00
1.062000036239624023e+00
4.607999801635742188e+00
1.995000004768371582e+00
7.540000081062316895e-01
3.560000061988830566e-01
5.041999816894531250e+00
3.359999895095825195e+00
1.223000049591064453e+00
4.280000030994415283e-01
3.179999887943267822e-01
2.059000015258789062e+00
3.740000128746032715e-01
1.210000038146972656e+00
1.536000013351440430e+00
1.845000028610229492e+00
1.769999980926513672e+00
2.609999895095825195e+00
7.590000033378601074e-01
1.324000000953674316e+00
4.889999926090240479e-01
6.230000257492065430e-01
1.608000040054321289e+00
6.300000101327896118e-02
4.539999961853027344e-01
5.950000286102294922e-01
5.400000214576721191e-01
8.090000152587890625e-01
2.279999971389770508e+00
2.280000001192092896e-01
8.220000267028808594e-01
3.740000128746032715e-01
1.266999959945678711e+00
1.036000013351440430e+00
6.970000267028808594e-01
1.865000009536743164e+00
6.869999766349792480e-01
4.208000183105468750e+00
1.190000027418136597e-01
9.070000052452087402e-01
5.939999818801879883e-01
1.710000038146972656e-01
1.979999989271163940e-01
6.570000052452087402e-01
1.014999985694885254e+00
1.294999957084655762e+00
6.710000038146972656e-01
1.519000053405761719e+00
1.870000064373016357e-01
6.399999856948852539e-01
3.120000064373016357e-01
3.039999902248382568e-01
2.840000092983245850e-01
1.026999950408935547e+00
1.901000022888183594e+00
3.763999938964843750e+00
1.161000013351440430e+00
5.479999780654907227e-01
9.029999971389770508e-01
1.639999985694885254e+00
1.369999945163726807e-01
3.017999887466430664e+00
1.065999984741210938e+00
2.052000045776367188e+00
2.740000009536743164e+00
8.769999742507934570e-01
2.329999953508377075e-01
9.670000076293945312e-01
5.170000195503234863e-01
4.880000054836273193e-01
2.590000033378601074e-01
4.500000178813934326e-02
8.140000104904174805e-01
2.219000101089477539e+00
6.380000114440917969e-01
5.370000004768371582e-01
4.769999980926513672e-01
2.999999932944774628e-02
1.328999996185302734e+00
2.639999985694885254e-01
4.090000092983245850e-01
4.219999909400939941e-01
6.169999837875366211e-01
8.629999756813049316e-01
4.550000131130218506e-01
6.480000019073486328e-01
5.499999970197677612e-02
1.459999978542327881e-01
1.570000052452087402e-01
2.779999971389770508e-01
1.979999989271163940e-01
1.940000057220458984e-01
4.894000053405761719e+00
4.280000030994415283e-01
8.900000154972076416e-02
1.205999970436096191e+00
2.395999908447265625e+00
5.780000090599060059e-01
1.292999982833862305e+00
9.200000017881393433e-02
1.159999966621398926e+00
8.840000033378601074e-01
1.299999952316284180e+00
2.065999984741210938e+00
1.996999979019165039e+00
8.870000243186950684e-01
6.280000209808349609e-01
1.054999947547912598e+00
1.207000017166137695e+00
7.599999755620956421e-02
1.567000031471252441e+00
7.609999775886535645e-01
1.120000004768371582e+00
6.830000281333923340e-01
4.210000038146972656e-01
1.140000000596046448e-01
1.289999932050704956e-01
1.790000051259994507e-01
4.040000140666961670e-01
3.257999897003173828e+00
1.550000011920928955e-01
1.110000014305114746e+00
1.177999973297119141e+00
6.489999890327453613e-01
5.600000172853469849e-02
7.509999871253967285e-01
1.832999944686889648e+00
7.000000029802322388e-02
1.829999983310699463e-01
3.330000042915344238e-01
7.739999890327453613e-01
8.230000138282775879e-01
2.996000051498413086e+00
2.066999912261962891e+00
5.310000181198120117e-01
1.790000051259994507e-01
7.940000295639038086e-01
6.129999756813049316e-01
4.120000004768371582e-01
2.121999979019165039e+00
1.809999942779541016e-01
5.849999785423278809e-01
1.008999943733215332e+00
5.360000133514404297e-01
9.120000004768371582e-01
2.500000000000000000e-01
2.199999988079071045e-01
7.110000252723693848e-01
3.062999963760375977e+00
7.900000363588333130e-02
3.499999940395355225e-01
5.249999761581420898e-01
1.459999978542327881e-01
7.000000216066837311e-03
9.499999880790710449e-02
1.333999991416931152e+00
