2.514561750000000000e+06
2.427779375000000000e+05
2.806531000000000000e+06
1.547815937500000000e+05
3.209271000000000000e+06
3.860560625000000000e+05
2.380002734375000000e+04
1.321162750000000000e+06
9.753394375000000000e+05
2.216857000000000000e+06
1.311111093750000000e+05
9.679710937500000000e+04
1.647182006835937500e+03
1.516993500000000000e+06
5.595190625000000000e+04
3.061780090332031250e+02
3.610737060546875000e+03
5.686010937500000000e+04
1.587190875000000000e+06
1.160521250000000000e+06
1.103675000000000000e+06
3.433649000000000000e+06
5.005128906250000000e+04
1.337405500000000000e+06
2.025976500000000000e+06
5.041530151367187500e+02
1.339849000000000000e+06
8.322269897460937500e+02
4.426259687500000000e+05
1.568650156250000000e+05
1.852610015869140625e+02
1.169558886718750000e+04
1.338112695312500000e+04
1.341403125000000000e+05
6.972038000000000000e+06
8.535129375000000000e+05
3.488564062500000000e+04
2.141389000000000000e+06
7.368435937500000000e+04
5.509190063476562500e+02
4.458084375000000000e+05
2.715293945312500000e+04
2.281388500000000000e+06
3.380754375000000000e+05
1.197648125000000000e+06
2.663627500000000000e+06
4.074350000000000000e+04
3.999855625000000000e+05
1.403274500000000000e+06
3.839852500000000000e+05
4.052817812500000000e+05
1.665452026367187500e+03
2.100427656250000000e+05
6.009925000000000000e+06
1.665921562500000000e+05
1.366011718750000000e+05
2.426598437500000000e+04
1.731243000000000000e+06
3.372993896484375000e+03
1.135006640625000000e+05
1.428160034179687500e+03
2.027342500000000000e+06
1.802991943359375000e+03
6.177284375000000000e+05
8.188400268554687500e+01
2.407266113281250000e+03
4.798422500000000000e+05
4.238139953613281250e+02
1.224364013671875000e+03
1.171784057617187500e+03
1.841955000000000000e+05
3.759458984375000000e+04
7.310373437500000000e+04
1.129271250000000000e+05
2.395548500000000000e+06
3.842974687500000000e+05
2.274850500000000000e+06
3.979731875000000000e+05
2.937468437500000000e+05
1.886831054687500000e+04
3.944192187500000000e+05
3.166029296875000000e+04
4.451738437500000000e+05
2.239632000000000000e+06
2.477290429687500000e+04
1.183535875000000000e+06
8.553016250000000000e+05
2.242535888671875000e+03
8.415806640625000000e+03
1.547162625000000000e+06
1.607636562500000000e+05
2.071721875000000000e+06
1.064821750000000000e+06
1.080167250000000000e+06
1.059933203125000000e+04
7.421204375000000000e+05
3.270394500000000000e+06
1.454800156250000000e+05
1.585806093750000000e+05
4.547712187500000000e+05
1.881299804687500000e+04
1.027233789062500000e+04
7.163798437500000000e+04
1.026770996093750000e+03
1.404340625000000000e+06
1.229020500000000000e+06
6.037745000000000000e+05
3.542394687500000000e+05
6.367753125000000000e+05
8.640055000000000000e+05
5.519470312500000000e+04
1.816164648437500000e+04
1.179531328125000000e+05
4.694423828125000000e+04
2.194938750000000000e+05
1.386610750000000000e+06
1.494010009765625000e+03
2.108781250000000000e+06
8.258828125000000000e+04
4.852232187500000000e+05
1.627500000000000000e+03
1.612095996093750000e+04
7.739781250000000000e+05
3.272922656250000000e+04
2.035813000000000000e+06
1.879762656250000000e+05
1.752315625000000000e+04
9.001753125000000000e+04
5.642553125000000000e+04
4.718342812500000000e+05
1.442064531250000000e+05
6.298151875000000000e+05
1.229787500000000000e+06
6.478787500000000000e+05
1.710451250000000000e+05
1.058661875000000000e+05
2.851170000000000000e+05
1.841962343750000000e+05
1.287976093750000000e+05
6.837670625000000000e+05
6.693109741210937500e+02
1.282080250000000000e+06
9.673115625000000000e+05
1.306771093750000000e+04
1.198932375000000000e+06
1.719196562500000000e+05
7.325495000000000000e+05
1.527683959960937500e+03
1.744021093750000000e+04
1.280147949218750000e+03
2.221184750000000000e+06
3.542582250000000000e+06
1.478734875000000000e+06
9.464715820312500000e+03
5.709831250000000000e+04
5.257952343750000000e+04
2.622082250000000000e+06
5.766976500000000000e+06
4.272229003906250000e+03
2.213569375000000000e+05
4.145926953125000000e+04
5.892639770507812500e+02
8.455085000000000000e+05
2.283666093750000000e+05
1.126110781250000000e+05
1.077637939453125000e+03
4.176727500000000000e+05
4.632739453125000000e+04
9.858739062500000000e+04
1.977159765625000000e+04
3.590664687500000000e+05
8.973316250000000000e+05
3.740505625000000000e+05
9.933010253906250000e+02
4.963985937500000000e+04
1.112938125000000000e+06
1.189534750000000000e+06
1.865914875000000000e+06
1.379943281250000000e+05
4.637640937500000000e+05
1.255272734375000000e+05
2.674192500000000000e+05
3.305958984375000000e+03
5.849990000000000000e+06
6.686950625000000000e+05
1.298139750000000000e+06
6.304530029296875000e+02
3.346907421875000000e+04
6.484733593750000000e+04
1.462534250000000000e+06
7.054940185546875000e+02
1.627455750000000000e+06
7.010782226562500000e+03
2.920590937500000000e+05
1.014557687500000000e+06
1.951221289062500000e+04
1.246529750000000000e+06
2.008478625000000000e+06
2.614388750000000000e+05
1.554434082031250000e+04
3.877159912109375000e+03
1.001619140625000000e+05
3.039200019836425781e+01
2.198509979248046875e+02
3.189543000000000000e+06
2.237600250000000000e+06
1.470267968750000000e+05
7.486942871093750000e+03
1.666251375000000000e+06
1.542827832031250000e+04
9.614518750000000000e+04
3.395158437500000000e+05
1.008758562500000000e+06
6.324922500000000000e+05
1.810007500000000000e+06
3.979038085937500000e+03
2.665491875000000000e+05
1.832903281250000000e+05
1.880181562500000000e+05
3.211715625000000000e+04
2.256066601562500000e+04
3.172938750000000000e+05
1.759037000000000000e+06
9.602990112304687500e+02
7.036293750000000000e+05
1.074391625000000000e+06
6.184784375000000000e+05
9.060392968750000000e+04
3.064995312500000000e+05
2.243107656250000000e+05
1.299395125000000000e+06
2.797460021972656250e+02
1.043785034179687500e+03
1.059019140625000000e+05
5.944199829101562500e+02
1.590989750000000000e+06
7.373808125000000000e+05
1.821768359375000000e+04
1.473932968750000000e+05
6.381423750000000000e+05
4.400820000000000000e+05
8.300798750000000000e+05
9.940103125000000000e+04
1.877878593750000000e+05
1.763677375000000000e+06
1.507805000000000000e+06
3.244751500000000000e+06
9.465320000000000000e+05
4.643642187500000000e+04
2.131120500000000000e+06
9.206361875000000000e+05
1.994501953125000000e+04
8.974546875000000000e+05
1.121080125000000000e+06
8.911338750000000000e+05
1.731192343750000000e+05
1.083146375000000000e+06
3.065499023437500000e+04
1.289787375000000000e+06
3.634500122070312500e+01
4.227329375000000000e+05
7.126583984375000000e+03
2.018359375000000000e+06
6.893550000000000000e+04
5.079449062500000000e+05
1.318527250000000000e+06
7.003867187500000000e+03
1.426309687500000000e+05
1.358741500000000000e+06
1.193031982421875000e+03
2.358446044921875000e+03
3.958390234375000000e+04
4.311628515625000000e+04
8.119896250000000000e+05
1.848918250000000000e+06
2.445715039062500000e+04
1.751622500000000000e+06
1.551645996093750000e+03
5.629448437500000000e+04
2.047913281250000000e+04
5.232566894531250000e+03
6.413665625000000000e+04
1.590833691406250000e+04
6.130953125000000000e+05
1.033992578125000000e+05
1.787790000000000000e+05
5.962316000000000000e+06
1.474369687500000000e+05
1.587623593750000000e+05
8.275555000000000000e+05
5.719951953125000000e+04
7.566929931640625000e+02
6.375564941406250000e+03
9.544004375000000000e+05
4.710124375000000000e+05
9.332042187500000000e+04
1.429747968750000000e+05
1.182468984375000000e+05
6.817369995117187500e+02
2.839779968261718750e+02
2.404376757812500000e+04
1.672136523437500000e+04
4.522728437500000000e+05
2.535817500000000000e+06
1.668268500000000000e+06
3.082101250000000000e+06
1.345130981445312500e+03
4.539421875000000000e+04
8.914252500000000000e+05
1.668966625000000000e+06
8.185297500000000000e+05
1.734017625000000000e+06
1.041705781250000000e+05
4.076503750000000000e+05
7.615513125000000000e+05
1.033087036132812500e+03
5.487518066406250000e+03
1.425900878906250000e+04
2.871180908203125000e+03
9.636900329589843750e+01
5.915469970703125000e+02
2.265045500000000000e+06
6.702199707031250000e+02
1.660518125000000000e+06
1.307138750000000000e+05
9.183423437500000000e+04
3.428746562500000000e+05
8.510212500000000000e+04
2.456927812500000000e+05
9.206209716796875000e+02
3.302075250000000000e+06
2.006860875000000000e+06
3.317866250000000000e+05
3.890570068359375000e+02
1.835886875000000000e+06
7.078839375000000000e+05
2.529304843750000000e+05
2.125360107421875000e+03
6.705183593750000000e+04
3.013945000000000000e+05
3.037699890136718750e+02
3.951163750000000000e+05
2.632631562500000000e+05
6.328821875000000000e+05
7.520629375000000000e+05
6.194413750000000000e+05
3.494870750000000000e+06
3.273021875000000000e+05
6.653324218750000000e+04
1.720753250000000000e+06
6.651408203125000000e+03
4.165555312500000000e+05
2.615828593750000000e+05
8.527242500000000000e+05
4.587123125000000000e+05
2.422022500000000000e+05
1.588099975585937500e+02
6.766074375000000000e+05
5.703398437500000000e+04
2.042779750000000000e+06
6.276978125000000000e+04
1.722079375000000000e+06
5.355578125000000000e+04
2.661894000000000000e+06
3.742053250000000000e+06
4.011612812500000000e+05
2.685334062500000000e+05
1.158485961914062500e+03
2.647089687500000000e+05
3.011785000000000000e+05
1.429770019531250000e+03
8.572410937500000000e+04
1.508179589843750000e+04
3.873852500000000000e+05
4.958435000000000000e+05
3.534681884765625000e+03
4.661631835937500000e+03
8.061912500000000000e+05
1.333451625000000000e+06
7.490853027343750000e+03
2.337034765625000000e+04
7.246451250000000000e+05
3.659833125000000000e+05
2.049138125000000000e+05
6.672057812500000000e+04
1.041094296875000000e+05
5.649666000000000000e+06
9.865046875000000000e+05
6.559916250000000000e+05
1.548522949218750000e+03
6.318167968750000000e+03
6.398471093750000000e+04
4.088566796875000000e+04
7.546859741210937500e+02
1.076747000000000000e+06
8.536378125000000000e+05
4.755450625000000000e+05
8.778579711914062500e+02
1.906105000000000000e+06
1.435055000000000000e+06
1.752512968750000000e+05
4.572388437500000000e+05
1.887493945312500000e+04
2.985427187500000000e+05
2.091105375000000000e+06
1.156738500000000000e+06
3.638928750000000000e+06
6.990679931640625000e+02
1.121052578125000000e+05
3.354438671875000000e+04
5.869391250000000000e+05
3.922441000000000000e+06
2.050278125000000000e+05
4.434765234375000000e+04
1.315768750000000000e+05
6.719182000000000000e+06
1.588465942382812500e+03
6.535211250000000000e+05
8.832816875000000000e+05
1.117949981689453125e+02
2.146309967041015625e+02
4.494832187500000000e+05
9.357932500000000000e+05
2.547866943359375000e+03
6.327454296875000000e+04
1.143549375000000000e+06
1.129561125000000000e+06
5.992625000000000000e+05
9.993492187500000000e+03
8.327734375000000000e+04
2.768890000000000000e+05
3.071510937500000000e+05
2.984218994140625000e+03
5.405535546875000000e+04
4.458038125000000000e+05
2.974893125000000000e+05
4.462900937500000000e+05
2.410744500000000000e+06
9.613283203125000000e+03
1.000900703125000000e+05
2.317259979248046875e+02
1.643791625000000000e+06
1.554001406250000000e+05
4.789842812500000000e+05
9.040380249023437500e+02
1.307538500000000000e+06
1.337790250000000000e+06
4.536018750000000000e+04
1.149960000000000000e+06
5.029257812500000000e+04
7.063754375000000000e+05
3.396729980468750000e+03
7.290072500000000000e+05
7.056775500000000000e+06
5.010416500000000000e+06
1.646320037841796875e+02
1.078077734375000000e+05
5.142230224609375000e+02
1.574606250000000000e+06
2.193744750000000000e+06
3.043478906250000000e+04
9.595348125000000000e+05
1.238169125000000000e+06
1.412280078125000000e+04
3.925178500000000000e+06
6.528315000000000000e+05
8.010830078125000000e+02
3.228934687500000000e+05
3.021458789062500000e+04
1.500351625000000000e+06
6.960153750000000000e+05
8.952823125000000000e+05
2.563325927734375000e+03
1.029557006835937500e+03
4.269173125000000000e+05
8.319980000000000000e+05
2.272605000000000000e+05
1.409688750000000000e+06
9.980720214843750000e+02
9.546040039062500000e+02
1.682369140625000000e+04
4.707571484375000000e+04
1.725138906250000000e+05
4.061930625000000000e+05
1.999023875000000000e+06
2.325455312500000000e+05
9.084663125000000000e+05
4.902735312500000000e+05
3.280827187500000000e+05
1.016291875000000000e+05
4.815249609375000000e+04
4.113699000000000000e+06
3.141840039062500000e+04
3.986302750000000000e+06
7.645393125000000000e+05
1.884467041015625000e+03
4.284523828125000000e+04
5.020017578125000000e+04
9.468001875000000000e+05
5.671857500000000000e+05
2.605740156250000000e+05
4.741132187500000000e+05
1.629859625000000000e+06
1.253121948242187500e+03
7.746011250000000000e+05
1.205036250000000000e+05
7.045937500000000000e+05
1.392299957275390625e+02
1.001783750000000000e+06
4.483187187500000000e+05
9.081955000000000000e+05
9.005019531250000000e+04
8.096796875000000000e+04
1.389454843750000000e+05
8.201353125000000000e+05
7.169095312500000000e+04
1.169146015625000000e+05
1.248620625000000000e+06
5.166550292968750000e+02
8.981937500000000000e+05
1.020067993164062500e+03
1.615789625000000000e+06
4.858530859375000000e+04
3.504332187500000000e+05
3.970289916992187500e+02
4.458367500000000000e+05
1.076366375000000000e+06
2.772348437500000000e+04
5.778894140625000000e+04
1.769125875000000000e+06
2.367891718750000000e+05
1.760432983398437500e+03
6.445979296875000000e+04
7.640100097656250000e+01
6.554631250000000000e+05
8.846156250000000000e+03
7.332411718750000000e+04
1.630967500000000000e+05
5.020897187500000000e+05
7.457721250000000000e+05
7.664657500000000000e+05
4.307119921875000000e+04
7.042929375000000000e+05
4.271738750000000000e+05
2.089828125000000000e+04
1.625310058593750000e+02
5.403676875000000000e+05
9.532429809570312500e+02
3.348423437500000000e+05
1.185238625000000000e+06
1.511666406250000000e+05
1.524980625000000000e+06
1.494761328125000000e+04
1.882940781250000000e+05
1.032365562500000000e+06
6.646579375000000000e+05
9.256929000000000000e+06
5.632100000000000000e+05
9.633225781250000000e+04
6.953322500000000000e+05
3.250496093750000000e+03
1.424629974365234375e+02
2.673208203125000000e+04
5.393861718750000000e+04
7.893790283203125000e+02
1.164850292968750000e+04
2.253344000000000000e+06
4.220952343750000000e+04
1.286994750000000000e+06
1.529559000000000000e+06
2.524717000000000000e+06
1.975144531250000000e+05
3.829973750000000000e+05
9.793098750000000000e+05
2.605086523437500000e+04
1.205806640625000000e+04
1.247135625000000000e+05
1.412528125000000000e+06
9.726443125000000000e+05
1.042453312500000000e+06
8.562895625000000000e+05
1.991310250000000000e+06
2.110775878906250000e+03
3.308248125000000000e+05
4.874682031250000000e+04
2.694548046875000000e+04
1.818389038085937500e+03
6.545000390625000000e+04
2.983266562500000000e+05
2.341538085937500000e+03
5.529769897460937500e+02
1.407851750000000000e+06
3.901178750000000000e+05
7.626276250000000000e+05
1.842076367187500000e+04
5.569616875000000000e+05
2.540073593750000000e+05
6.888518125000000000e+05
1.931684500000000000e+06
9.703890000000000000e+05
3.093582750000000000e+06
2.118720750000000000e+06
5.858291015625000000e+04
8.981526875000000000e+05
1.087311875000000000e+06
1.977931625000000000e+06
2.170563500000000000e+06
4.539249877929687500e+02
3.438103125000000000e+05
2.721237000000000000e+06
1.127181250000000000e+06
1.557257714843750000e+04
1.548619018554687500e+03
1.814833500000000000e+06
1.169140156250000000e+05
5.731118359375000000e+04
4.453685156250000000e+04
3.775490937500000000e+05
4.657322500000000000e+05
2.060262375000000000e+06
6.627304687500000000e+04
1.405272070312500000e+04
8.903030625000000000e+05
3.515740051269531250e+02
9.218375000000000000e+05
3.212850625000000000e+05
1.293548281250000000e+05
2.305101074218750000e+03
1.217118125000000000e+06
2.793884765625000000e+04
2.034625875000000000e+06
2.981355937500000000e+05
7.156931250000000000e+05
3.309924072265625000e+03
1.008373000000000000e+06
6.763773437500000000e+04
2.008397812500000000e+05
3.793789978027343750e+02
7.646965000000000000e+05
4.169818750000000000e+05
5.081062187500000000e+05
4.577870625000000000e+05
9.116251875000000000e+05
6.880241250000000000e+05
2.317169952392578125e+02
6.350989453125000000e+04
1.556470312500000000e+04
5.935059814453125000e+02
2.197317968750000000e+05
2.151630664062500000e+04
2.515853593750000000e+05
9.596870117187500000e+02
1.196444062500000000e+05
8.193572500000000000e+05
5.911620000000000000e+05
1.010797656250000000e+05
5.315089375000000000e+05
9.724074375000000000e+05
6.249149375000000000e+05
6.474378125000000000e+04
1.899598125000000000e+05
1.354795000000000000e+06
6.447361250000000000e+05
7.507375000000000000e+04
8.538800048828125000e+01
6.491444824218750000e+03
9.743388671875000000e+03
2.193608750000000000e+06
1.953822625000000000e+06
3.558261328125000000e+04
9.566533750000000000e+05
2.138092500000000000e+06
2.827788500000000000e+06
1.578601750000000000e+06
7.393079375000000000e+05
7.016371250000000000e+05
2.491649531250000000e+05
2.886899902343750000e+03
2.035463012695312500e+03
1.989462890625000000e+04
2.072228625000000000e+06
4.119889750000000000e+06
1.584390917968750000e+04
4.738499832153320312e+01
3.362524000000000000e+06
3.778354003906250000e+03
4.446511230468750000e+03
4.810040500000000000e+06
1.803040375000000000e+06
3.195548250000000000e+06
7.476329687500000000e+04
2.294372460937500000e+04
3.548481250000000000e+05
2.504069500000000000e+06
2.345489990234375000e+03
4.763423437500000000e+05
1.351235351562500000e+04
2.746338250000000000e+06
5.073528808593750000e+03
1.762038940429687500e+03
9.581597500000000000e+05
7.495188281250000000e+04
5.292410546875000000e+04
2.498406093750000000e+05
6.941943750000000000e+05
1.343148437500000000e+05
6.311911250000000000e+05
6.181283203125000000e+04
1.814640312500000000e+05
1.469660034179687500e+03
2.203640429687500000e+04
3.165618250000000000e+06
2.112284000000000000e+06
2.192652500000000000e+06
5.420500976562500000e+03
2.317395996093750000e+03
1.666027375000000000e+06
1.177900703125000000e+05
6.891836718750000000e+04
7.192030029296875000e+02
5.769811875000000000e+05
1.291600750000000000e+06
1.024502656250000000e+05
1.713713012695312500e+03
1.564571972656250000e+04
8.446547500000000000e+05
4.601950000000000000e+04
3.244689941406250000e+02
1.744666750000000000e+06
8.615163125000000000e+05
2.808031982421875000e+03
4.977545937500000000e+05
2.617297031250000000e+05
1.409703979492187500e+03
2.697419335937500000e+04
2.126550195312500000e+04
3.547631500000000000e+06
5.841911875000000000e+05
2.597327812500000000e+05
4.773585937500000000e+04
4.926639375000000000e+05
2.849785000000000000e+05
1.703991718750000000e+05
1.572152875000000000e+06
2.748404687500000000e+04
2.666790234375000000e+04
6.662373437500000000e+04
3.336084765625000000e+04
1.084756875000000000e+06
1.969045750000000000e+06
1.649709218750000000e+05
2.021634375000000000e+04
6.224007031250000000e+04
3.621650085449218750e+02
6.717856875000000000e+05
3.023956000000000000e+06
3.478150024414062500e+02
2.184639000000000000e+06
2.374738281250000000e+05
4.533301250000000000e+05
1.339459218750000000e+05
2.753009179687500000e+04
6.691092968750000000e+04
5.342206250000000000e+05
3.233002929687500000e+03
3.620329895019531250e+02
1.094351406250000000e+05
1.893572000000000000e+06
8.594061250000000000e+05
6.661113750000000000e+05
1.525678955078125000e+03
2.281088593750000000e+05
1.226509500000000000e+06
8.833155468750000000e+04
3.404640312500000000e+05
2.088668250000000000e+06
1.338828750000000000e+06
1.711609375000000000e+05
1.914592773437500000e+04
8.520381250000000000e+04
3.489775625000000000e+05
1.671711000000000000e+06
1.833785000000000000e+05
4.166652812500000000e+05
3.217123250000000000e+06
8.994571093750000000e+04
7.706771875000000000e+05
4.897911250000000000e+05
2.555803750000000000e+06
1.385870056152343750e+02
4.233278500000000000e+06
4.596471250000000000e+05
1.664271875000000000e+04
2.773605625000000000e+05
1.665668000000000000e+06
6.328067500000000000e+05
7.722410278320312500e+02
1.003435974121093750e+03
1.505070019531250000e+04
5.511090087890625000e+02
1.097532578125000000e+05
3.648444375000000000e+05
9.243605625000000000e+05
3.547871093750000000e+03
1.185435000000000000e+07
9.795782031250000000e+04
1.370529125000000000e+06
6.801488125000000000e+05
3.543323125000000000e+05
4.451764160156250000e+03
2.308185312500000000e+05
1.324362500000000000e+05
5.555403515625000000e+04
7.127204375000000000e+05
1.948654052734375000e+03
1.346101125000000000e+06
6.950429375000000000e+05
3.299971923828125000e+03
5.348400625000000000e+05
1.596212125000000000e+06
7.266924375000000000e+05
2.270455468750000000e+05
1.129548625000000000e+06
5.838964375000000000e+05
3.662854296875000000e+04
1.703737500000000000e+05
4.454184375000000000e+04
3.873759687500000000e+05
1.757190625000000000e+06
5.214641875000000000e+05
6.609479980468750000e+02
9.134379882812500000e+02
1.023610062500000000e+06
6.366741875000000000e+05
1.060909750000000000e+06
2.267320000000000000e+06
9.488408125000000000e+05
6.457992500000000000e+06
1.363609500000000000e+06
1.018623750000000000e+05
3.301795625000000000e+05
9.695758750000000000e+05
3.136069946289062500e+02
6.991076875000000000e+05
3.250163085937500000e+03
7.852224218750000000e+04
6.381296875000000000e+04
1.394359667968750000e+04
4.916632187500000000e+05
6.202097500000000000e+06
5.595086250000000000e+05
8.930360107421875000e+02
9.307092187500000000e+04
3.686184375000000000e+05
2.204775750000000000e+06
4.320376562500000000e+05
6.333464843750000000e+03
8.328503906250000000e+04
8.192459716796875000e+02
1.634823750000000000e+06
9.132269531250000000e+04
8.545770625000000000e+05
4.925316796875000000e+04
1.440938750000000000e+05
5.232005000000000000e+06
1.296494995117187500e+03
7.140467500000000000e+05
4.730539855957031250e+02
2.518526367187500000e+04
4.078322021484375000e+03
4.171712500000000000e+04
5.895491796875000000e+04
3.642316406250000000e+04
3.315870312500000000e+04
5.778188125000000000e+05
1.524097187500000000e+05
5.132055000000000000e+06
1.433954687500000000e+05
2.469496484375000000e+04
4.737245703125000000e+04
1.432642750000000000e+06
6.666556152343750000e+03
8.845673750000000000e+05
1.875130981445312500e+03
7.372854980468750000e+03
3.063313964843750000e+03
6.791866250000000000e+05
5.187521875000000000e+05
2.095719726562500000e+04
5.440485000000000000e+05
5.410527734375000000e+04
1.829271093750000000e+05
9.875375000000000000e+05
6.448813964843750000e+03
4.499356640625000000e+04
1.139979003906250000e+03
4.357332500000000000e+05
6.582080078125000000e+02
6.684519531250000000e+04
7.861550292968750000e+02
4.647266406250000000e+04
2.655726250000000000e+05
3.069051875000000000e+05
1.121177750000000000e+06
9.184752929687500000e+03
5.757714500000000000e+06
1.752166015625000000e+03
7.413444531250000000e+04
5.379581054687500000e+03
4.101821750000000000e+06
4.586875312500000000e+05
6.566853125000000000e+04
2.276322998046875000e+03
2.774105250000000000e+06
1.450949625000000000e+06
2.352218906250000000e+05
1.334086250000000000e+06
7.181539916992187500e+02
5.698319375000000000e+05
1.672005004882812500e+03
1.631301500000000000e+06
1.203893250000000000e+06
1.379395019531250000e+04
2.657590625000000000e+05
1.477505375000000000e+06
2.190551750000000000e+06
4.676604687500000000e+04
9.912000122070312500e+02
1.006775687500000000e+06
2.848620000000000000e+05
3.646031750000000000e+06
7.341585937500000000e+04
5.353675000000000000e+05
5.485100173950195312e+01
1.461617250000000000e+06
2.785220031738281250e+02
1.663502148437500000e+04
1.885363037109375000e+03
7.480122500000000000e+05
5.600931250000000000e+05
2.853199687500000000e+05
9.247284375000000000e+04
1.240148250000000000e+06
1.068109125000000000e+06
9.703798437500000000e+04
3.148706250000000000e+06
1.016205078125000000e+05
5.341509765625000000e+04
2.483063281250000000e+05
4.441728750000000000e+05
1.920721750000000000e+06
1.013595937500000000e+06
2.714752500000000000e+05
7.721000781250000000e+04
4.014454375000000000e+05
1.011100687500000000e+06
1.996973000000000000e+06
8.331401875000000000e+05
1.559248000000000000e+06
2.659833984375000000e+04
3.513531640625000000e+04
5.548569946289062500e+02
8.098100781250000000e+04
3.247509500000000000e+06
2.216645625000000000e+05
1.569637500000000000e+04
8.887922500000000000e+05
3.516676562500000000e+05
1.568353750000000000e+06
5.301439453125000000e+04
1.451858398437500000e+04
2.575098593750000000e+05
7.246926562500000000e+04
1.599686406250000000e+05
4.564293437500000000e+05
1.923441625000000000e+06
1.107910546875000000e+05
4.874888437500000000e+05
2.462323000000000000e+06
2.707649687500000000e+05
6.605054375000000000e+05
1.658644140625000000e+04
1.400416625000000000e+06
8.870419921875000000e+03
1.001048281250000000e+05
6.697970625000000000e+05
7.261008593750000000e+04
1.184151875000000000e+06
3.173899250000000000e+06
4.294154000000000000e+06
4.894025000000000000e+06
9.408535000000000000e+05
2.073312750000000000e+06
2.138471484375000000e+04
1.295211625000000000e+06
5.859742187500000000e+04
6.410259375000000000e+05
1.831248437500000000e+05
5.135959375000000000e+04
8.085627500000000000e+05
