4.317965000000000000e+06
1.789796289062500000e+04
2.389565234375000000e+04
3.133806640625000000e+04
2.361843359375000000e+04
8.193404687500000000e+04
5.183989062500000000e+05
9.242399218750000000e+04
2.846837812500000000e+05
3.685239062500000000e+04
2.009029101562500000e+04
9.425535000000000000e+05
1.567818969726562500e+03
4.246094375000000000e+05
2.760340625000000000e+05
2.872958007812500000e+03
2.130410000000000000e+05
1.940157812500000000e+04
3.835285250000000000e+06
2.014273500000000000e+06
1.047817187500000000e+04
1.072494500000000000e+06
1.375808398437500000e+04
5.282988125000000000e+05
4.145653500000000000e+06
4.212799835205078125e+01
1.093032500000000000e+06
2.636759570312500000e+04
2.136539257812500000e+04
6.165165625000000000e+05
4.335366562500000000e+05
6.753870239257812500e+02
1.115088378906250000e+04
2.666706640625000000e+04
5.284120000000000000e+05
7.451367500000000000e+05
8.821000099182128906e+00
1.395506750000000000e+06
2.168786000000000000e+06
1.149617125000000000e+06
9.337012695312500000e+03
3.024979980468750000e+03
1.237409765625000000e+05
4.138558125000000000e+05
1.935235750000000000e+06
1.570550585937500000e+04
3.573606562500000000e+05
2.895243164062500000e+04
1.909863476562500000e+04
2.193413085937500000e+03
1.463551250000000000e+06
1.332504625000000000e+06
3.745967500000000000e+05
2.393750000000000000e+02
3.346405937500000000e+05
2.508134033203125000e+03
1.024244625000000000e+06
1.889495971679687500e+03
2.724835742187500000e+04
8.560596093750000000e+04
4.377295312500000000e+05
1.248700027465820312e+02
2.251390234375000000e+04
1.800709500000000000e+06
6.881123000000000000e+06
4.449313750000000000e+05
3.547297265625000000e+04
5.807801875000000000e+05
2.755622656250000000e+04
2.099862304687500000e+04
9.659215625000000000e+05
3.813299942016601562e+01
3.057846875000000000e+05
2.067218281250000000e+05
1.226812750000000000e+06
1.005580017089843750e+03
1.944206250000000000e+05
1.682302250000000000e+06
5.497214062500000000e+04
1.081700038909912109e+01
5.137080078125000000e+02
3.372782958984375000e+03
1.171549250000000000e+06
3.813060937500000000e+04
1.779850125000000000e+06
3.727149062500000000e+05
1.113244750000000000e+06
4.816450500000000000e+06
6.414971093750000000e+04
6.681580200195312500e+02
5.716211250000000000e+05
6.832689000000000000e+06
2.398239500000000000e+06
1.016036812500000000e+06
1.680417578125000000e+04
1.954345703125000000e+04
2.044901875000000000e+06
5.268473125000000000e+05
3.220704500000000000e+06
1.103931093750000000e+05
1.092752500000000000e+06
2.596890625000000000e+04
8.176446875000000000e+05
2.757579956054687500e+02
3.163006250000000000e+04
8.980000305175781250e+01
6.776196093750000000e+04
8.291143125000000000e+05
5.585573000000000000e+06
2.139279937744140625e+02
3.605583750000000000e+06
1.380050048828125000e+02
5.499457812500000000e+04
1.345464875000000000e+06
4.627892968750000000e+04
3.682377734375000000e+04
2.148233125000000000e+05
1.741051500000000000e+06
2.309255664062500000e+04
4.565865625000000000e+04
9.960700225830078125e+01
1.086953750000000000e+06
7.027999877929687500e+02
1.347888875000000000e+06
2.603642750000000000e+06
1.557383281250000000e+05
1.502480010986328125e+02
3.902798750000000000e+06
2.172360312500000000e+05
2.180183593750000000e+05
5.232679375000000000e+05
1.179500007629394531e+01
3.503713000000000000e+06
2.026912750000000000e+06
2.365153125000000000e+04
2.158679962158203125e+02
1.081241750000000000e+06
2.690891250000000000e+06
1.434528593750000000e+05
3.481123046875000000e+04
4.356094687500000000e+05
3.314917968750000000e+04
5.818571093750000000e+04
4.271581250000000000e+05
7.918900299072265625e+01
1.428513375000000000e+06
1.800565312500000000e+05
1.318125976562500000e+03
1.890609625000000000e+06
3.770737187500000000e+05
6.056779375000000000e+05
1.480514875000000000e+06
1.565403750000000000e+06
2.696481750000000000e+06
3.821727050781250000e+03
1.435520019531250000e+02
6.076578906250000000e+04
3.401013000000000000e+06
3.505558750000000000e+06
5.270814062500000000e+04
1.494026562500000000e+05
3.298099899291992188e+01
4.535171000000000000e+06
3.868319750000000000e+06
6.927367500000000000e+05
1.871626875000000000e+06
3.588463125000000000e+05
7.497030761718750000e+03
3.659372265625000000e+04
6.625037500000000000e+04
1.296381125000000000e+06
5.558000087738037109e+00
2.683830937500000000e+05
1.078164625000000000e+06
3.721776562500000000e+04
1.273189941406250000e+03
1.830400937500000000e+05
1.554975952148437500e+03
6.575700378417968750e+01
1.870224750000000000e+06
4.653108886718750000e+03
1.873502031250000000e+05
1.053604980468750000e+03
1.720283203125000000e+04
2.900882617187500000e+04
1.259029998779296875e+02
1.824399948120117188e+01
1.520955566406250000e+04
6.848630000000000000e+05
7.130178000000000000e+06
3.088843000000000000e+06
5.096000194549560547e+00
5.065074609375000000e+04
1.162525292968750000e+04
3.170131250000000000e+06
2.126523750000000000e+05
1.399328000000000000e+06
1.534360046386718750e+02
4.771926000000000000e+06
6.795123046875000000e+03
1.603734500000000000e+06
1.573721191406250000e+04
2.025955375000000000e+06
1.963783375000000000e+06
1.774270019531250000e+02
9.648515000000000000e+05
1.208147000000000000e+06
2.794650250000000000e+06
4.094184082031250000e+03
4.296117000000000000e+06
1.202609750000000000e+06
1.086006125000000000e+06
7.628452343750000000e+04
1.191500015258789062e+02
2.599909750000000000e+06
8.282372070312500000e+03
1.567798950195312500e+03
4.638619995117187500e+02
9.897923828125000000e+03
1.564584500000000000e+06
2.887209500000000000e+06
2.097810058593750000e+02
5.214497500000000000e+05
7.313638125000000000e+05
2.246400070190429688e+01
3.508700180053710938e+01
1.800599375000000000e+06
1.133338125000000000e+06
2.281734750000000000e+06
8.562638750000000000e+05
1.672311875000000000e+06
1.567700004577636719e+01
1.042416875000000000e+05
2.384120625000000000e+05
4.323675000000000000e+06
2.936365750000000000e+06
2.765500068664550781e+01
5.215399780273437500e+02
2.038757656250000000e+05
1.372809500000000000e+06
1.193369979858398438e+02
9.037589721679687500e+02
1.394488964843750000e+04
2.133843250000000000e+06
3.491034062500000000e+05
1.791137500000000000e+06
5.797588125000000000e+05
1.417880156250000000e+05
2.587890468750000000e+05
9.134669375000000000e+05
1.227677750000000000e+06
7.782175625000000000e+05
1.932186035156250000e+03
1.877583281250000000e+05
3.319714111328125000e+03
1.195762875000000000e+06
6.631507812500000000e+04
7.062488281250000000e+04
2.390525937500000000e+05
1.542521250000000000e+06
2.417065917968750000e+03
1.968199920654296875e+01
5.081227343750000000e+04
2.494054931640625000e+03
3.637381875000000000e+05
9.696099853515625000e+01
1.836199951171875000e+01
7.008715625000000000e+04
9.410673828125000000e+03
1.662951625000000000e+06
2.169922500000000000e+06
7.881040039062500000e+02
3.398540039062500000e+02
9.674021250000000000e+05
3.165508056640625000e+03
4.863766015625000000e+04
2.441354000000000000e+06
1.519452625000000000e+06
5.913514160156250000e+03
2.934469909667968750e+02
9.157637695312500000e+03
3.293085000000000000e+05
8.331675000000000000e+05
1.329407812500000000e+04
2.404446044921875000e+03
1.686651625000000000e+06
2.268700027465820312e+01
2.276018359375000000e+04
7.265999794006347656e+00
2.586843750000000000e+06
2.662884375000000000e+05
6.651699829101562500e+01
9.591853515625000000e+03
1.294918437500000000e+05
6.367399978637695312e+01
2.958444000000000000e+06
7.588434375000000000e+05
1.743438437500000000e+05
5.113067812500000000e+05
1.498905875000000000e+06
1.136129000000000000e+06
3.293203750000000000e+06
2.458735937500000000e+05
4.003372070312500000e+03
1.654532250000000000e+06
4.548062109375000000e+04
5.297962500000000000e+04
2.841253320312500000e+04
3.335950012207031250e+02
2.562246750000000000e+06
2.725910034179687500e+02
8.385239257812500000e+03
4.426357187500000000e+05
2.062462968750000000e+05
1.165179625000000000e+06
1.694925875000000000e+06
2.395939062500000000e+04
8.228104375000000000e+05
2.445653750000000000e+06
1.347830000000000000e+06
2.433701171875000000e+04
1.036382437500000000e+06
1.659869726562500000e+04
1.410000038146972656e+01
1.262070125000000000e+06
5.316205859375000000e+04
1.552630125000000000e+06
3.002431640625000000e+04
1.461473022460937500e+03
6.187536328125000000e+04
5.110410625000000000e+05
2.301642773437500000e+04
6.246613125000000000e+05
5.505768359375000000e+04
2.086096406250000000e+05
1.394169843750000000e+05
6.891632031250000000e+04
2.833451750000000000e+06
5.971562000000000000e+06
3.562999963760375977e+00
3.874000072479248047e+00
1.502841375000000000e+06
2.864132421875000000e+04
2.712261250000000000e+06
2.325386132812500000e+04
1.178956750000000000e+06
3.006134570312500000e+04
4.638749062500000000e+05
8.295371093750000000e+04
2.705500030517578125e+01
1.630518164062500000e+04
5.059857500000000000e+05
2.382678955078125000e+03
2.849039916992187500e+02
2.787904052734375000e+03
8.861270000000000000e+05
1.526699981689453125e+02
9.760029375000000000e+05
2.293789978027343750e+02
1.128455859375000000e+04
1.347345500000000000e+06
4.796509765625000000e+03
8.388392500000000000e+05
1.395309375000000000e+06
5.072430937500000000e+05
1.066018359375000000e+04
2.502173500000000000e+06
3.927705250000000000e+06
1.859147375000000000e+06
1.673243945312500000e+04
6.009699375000000000e+05
5.771129375000000000e+05
5.053448828125000000e+04
2.186534765625000000e+04
8.073484375000000000e+05
7.808499908447265625e+01
3.486999988555908203e+00
2.522859250000000000e+06
4.958000183105468750e+00
1.864796750000000000e+06
3.276191562500000000e+05
2.086060742187500000e+04
1.235150078125000000e+05
3.204506835937500000e+04
4.193615250000000000e+06
2.010974975585937500e+03
1.075946375000000000e+06
7.264786250000000000e+05
9.013669375000000000e+05
7.418564375000000000e+05
2.056159973144531250e+02
1.809274047851562500e+03
8.921475000000000000e+04
5.300850500000000000e+06
1.302176500000000000e+06
3.661130065917968750e+02
1.226740625000000000e+05
2.636345250000000000e+06
3.286781562500000000e+05
2.947118000000000000e+06
5.532028750000000000e+05
1.756597500000000000e+06
2.036540125000000000e+06
1.878874250000000000e+06
1.163103500000000000e+06
6.290827734375000000e+04
9.553353125000000000e+05
6.723469848632812500e+02
2.083775390625000000e+04
2.184594531250000000e+04
2.012299919128417969e+01
1.361250976562500000e+03
4.985190124511718750e+02
3.444427734375000000e+04
1.358904052734375000e+03
8.274470000000000000e+05
1.260035375000000000e+06
1.813365234375000000e+04
7.545720214843750000e+02
9.000220625000000000e+05
3.400210500000000000e+06
4.029027343750000000e+04
5.523799896240234375e+01
2.032179375000000000e+06
8.955543750000000000e+04
3.770386962890625000e+03
5.284354000000000000e+06
4.258482031250000000e+04
6.389299926757812500e+02
3.727283935546875000e+03
9.630015000000000000e+05
1.052327890625000000e+05
1.731289750000000000e+06
6.281881250000000000e+05
2.335570156250000000e+05
3.158614257812500000e+04
3.481739062500000000e+04
9.100518750000000000e+05
1.485238375000000000e+06
2.028779296875000000e+04
5.747409000000000000e+06
8.344873046875000000e+03
8.798023437500000000e+03
5.935916250000000000e+05
6.813273925781250000e+03
3.754999923706054688e+01
6.554575000000000000e+04
1.334645468750000000e+05
2.084370125000000000e+06
1.985704625000000000e+06
5.838792500000000000e+06
3.530999898910522461e+00
1.096661010742187500e+03
6.152669375000000000e+05
4.165058203125000000e+04
2.441608125000000000e+05
1.788855000000000000e+06
5.824742500000000000e+05
4.572534062500000000e+05
2.740391500000000000e+06
5.112520141601562500e+02
1.204089965820312500e+02
1.496381152343750000e+04
2.384444250000000000e+06
9.687619375000000000e+05
8.329461250000000000e+05
1.088141125000000000e+06
3.357045312500000000e+04
2.462455000000000000e+06
2.009121500000000000e+06
1.866246093750000000e+04
2.084900093078613281e+01
6.055018066406250000e+03
6.838099670410156250e+01
8.898404375000000000e+05
1.315926375000000000e+06
4.768365312500000000e+05
7.058796250000000000e+05
1.273487500000000000e+04
4.066894531250000000e+04
1.242616699218750000e+04
9.643489990234375000e+02
1.742755375000000000e+06
7.367307128906250000e+03
1.098400020599365234e+01
5.898207500000000000e+05
6.696196250000000000e+05
1.336077625000000000e+06
8.134835625000000000e+05
2.157090087890625000e+03
1.099361425781250000e+04
3.548593000000000000e+06
3.702415000000000000e+06
2.647184500000000000e+06
5.177000045776367188e+00
5.825043125000000000e+05
2.870750390625000000e+04
4.127664062500000000e+04
1.831200375000000000e+06
6.607658750000000000e+05
2.178048250000000000e+06
7.926000213623046875e+01
1.309337011718750000e+04
2.852272949218750000e+03
4.352899932861328125e+01
2.205064843750000000e+05
1.141880875000000000e+06
2.203351000000000000e+06
4.033846562500000000e+05
2.943364687500000000e+05
1.976897625000000000e+06
3.228675000000000000e+05
1.756008056640625000e+03
2.907353000000000000e+06
1.053913875000000000e+06
3.731135937500000000e+04
2.065505000000000000e+06
1.877700042724609375e+01
4.704031000000000000e+06
6.186096250000000000e+05
3.730353250000000000e+06
2.351708007812500000e+03
1.507875625000000000e+05
3.742331250000000000e+06
5.886600390625000000e+04
1.290379250000000000e+06
2.423121718750000000e+05
1.001663515625000000e+05
1.080864257812500000e+04
2.859256445312500000e+04
9.885999679565429688e+00
6.007428515625000000e+04
3.885970250000000000e+06
1.271146191406250000e+04
3.302847250000000000e+06
8.801806250000000000e+04
4.680904687500000000e+04
3.377986250000000000e+06
1.214261093750000000e+05
3.822916015625000000e+03
1.562496972656250000e+04
1.389594531250000000e+05
3.454850781250000000e+04
7.567390136718750000e+02
1.788169726562500000e+04
8.154845312500000000e+04
1.911499977111816406e+01
1.767598750000000000e+06
1.051429977416992188e+02
1.139459140625000000e+05
7.819000000000000000e+04
2.175746000000000000e+06
5.550840625000000000e+05
3.044922500000000000e+05
1.506101375000000000e+06
1.083133750000000000e+06
8.405075000000000000e+05
1.171781347656250000e+04
7.647290039062500000e+02
4.044704101562500000e+03
2.592093750000000000e+04
1.014349562500000000e+06
1.367947021484375000e+03
3.299486875000000000e+05
3.418725312500000000e+05
1.116249609375000000e+04
2.257743750000000000e+06
1.055814500000000000e+07
3.909724500000000000e+06
1.671260070800781250e+02
4.171394687500000000e+05
6.807070625000000000e+05
4.342855000000000000e+06
5.755799865722656250e+01
1.515016992187500000e+04
2.307868250000000000e+06
1.710899925231933594e+01
1.164084960937500000e+03
3.795411875000000000e+05
5.898099899291992188e+01
2.819013281250000000e+04
2.169622000000000000e+06
1.182538875000000000e+06
6.874600219726562500e+01
5.791430053710937500e+02
1.515876464843750000e+04
1.313642944335937500e+03
1.905504531250000000e+05
3.632271500000000000e+06
1.260833789062500000e+04
2.633538750000000000e+06
8.171821250000000000e+05
1.093683750000000000e+05
2.303318115234375000e+03
4.814931250000000000e+05
6.534999847412109375e+00
2.299397000000000000e+06
1.431377000000000000e+06
4.064519958496093750e+02
8.664485625000000000e+05
5.818529375000000000e+05
1.705316992187500000e+04
1.849600028991699219e+01
2.326410064697265625e+02
3.245455937500000000e+05
2.123334750000000000e+06
4.996758437500000000e+05
1.536316875000000000e+06
8.553660156250000000e+04
8.801079711914062500e+02
7.504758750000000000e+05
2.654573828125000000e+04
1.663409875000000000e+06
1.003676093750000000e+05
2.861211914062500000e+03
1.047269140625000000e+05
2.820100021362304688e+01
3.476200103759765625e+01
4.881999969482421875e+00
2.413092656250000000e+05
1.747184125000000000e+06
6.499000072479248047e+00
5.250555000000000000e+05
1.303764875000000000e+06
1.198576562500000000e+05
3.000685750000000000e+06
7.231064375000000000e+05
5.273681500000000000e+06
8.320615000000000000e+05
9.349015000000000000e+05
3.644746484375000000e+04
4.995553222656250000e+03
7.561633750000000000e+05
6.757227500000000000e+05
3.089802500000000000e+05
2.041970062255859375e+02
2.049585000000000000e+05
9.319981875000000000e+05
5.246099853515625000e+01
1.330449875000000000e+06
7.970939941406250000e+02
5.778499984741210938e+01
1.545723375000000000e+06
1.903325125000000000e+06
3.555765250000000000e+06
7.611999988555908203e+00
1.640990500000000000e+06
3.066991250000000000e+06
6.009824218750000000e+04
2.874702000000000000e+06
2.574580078125000000e+03
1.748554500000000000e+06
1.341699981689453125e+02
2.961716015625000000e+04
1.500899982452392578e+01
1.683082125000000000e+06
1.415395875000000000e+06
1.690751500000000000e+06
1.952899932861328125e+01
1.071732734375000000e+05
2.010965820312500000e+04
7.346216250000000000e+05
4.467999935150146484e+00
1.005492089843750000e+04
1.484760986328125000e+03
2.844734375000000000e+04
5.793729687500000000e+04
3.076141562500000000e+05
4.911207421875000000e+04
3.184165625000000000e+04
6.314689062500000000e+04
1.826499938964843750e+01
9.357219848632812500e+02
6.169313125000000000e+05
4.347019687500000000e+05
4.616454500000000000e+06
1.004371437500000000e+06
2.013149218750000000e+04
2.453883500000000000e+06
2.123303906250000000e+04
2.177651250000000000e+06
1.166467041015625000e+03
9.973458984375000000e+03
2.973419500000000000e+06
7.164410156250000000e+04
4.650527500000000000e+05
1.946779750000000000e+06
3.295246093750000000e+04
3.109606000000000000e+06
5.437182421875000000e+04
3.437642968750000000e+04
1.997088867187500000e+04
2.077332617187500000e+04
1.144965500000000000e+06
5.508301875000000000e+05
2.238335000000000000e+06
1.087898875000000000e+06
1.036638312500000000e+06
4.230217773437500000e+03
1.762416015625000000e+03
3.004624023437500000e+03
2.263586132812500000e+04
1.167225390625000000e+04
1.011559982299804688e+02
1.945343750000000000e+06
2.272722000000000000e+06
1.149910500000000000e+06
2.960074414062500000e+04
1.237199974060058594e+01
4.696571500000000000e+06
1.076445875000000000e+06
5.698042000000000000e+06
2.913070937500000000e+05
2.032242000000000000e+06
2.749577500000000000e+05
3.087665312500000000e+05
2.034253051757812500e+03
2.245650937500000000e+05
4.462845312500000000e+05
1.129454000000000000e+06
1.027940375000000000e+06
9.114905273437500000e+03
1.811068375000000000e+06
7.749568000000000000e+06
8.560000419616699219e+00
2.002398375000000000e+06
1.090661625000000000e+06
3.634691406250000000e+04
6.819738281250000000e+04
5.327629882812500000e+03
3.369996562500000000e+05
7.964141406250000000e+04
6.050819375000000000e+05
2.783025390625000000e+04
9.670216250000000000e+05
5.906905761718750000e+03
8.765072265625000000e+03
2.562030029296875000e+03
3.137139892578125000e+02
1.488691015625000000e+04
5.775368125000000000e+05
3.966711328125000000e+04
3.464451250000000000e+05
5.258612500000000000e+05
2.466294750000000000e+06
2.550684500000000000e+06
1.395054000000000000e+06
1.913199996948242188e+01
1.141401953125000000e+05
1.311093593750000000e+05
3.061000108718872070e+00
1.312700625000000000e+05
3.872090148925781250e+02
1.086186250000000000e+06
1.312914250000000000e+06
2.928767812500000000e+05
2.116298125000000000e+05
4.617708007812500000e+03
1.264162963867187500e+03
1.183759994506835938e+02
2.583564062500000000e+04
1.766769875000000000e+06
1.676252500000000000e+06
1.293704250000000000e+06
1.957119687500000000e+05
2.918133250000000000e+06
1.511290750000000000e+06
5.430089721679687500e+02
2.731392750000000000e+06
2.334851750000000000e+06
1.720956054687500000e+04
7.754294531250000000e+04
5.849561000000000000e+06
1.329776750000000000e+06
1.360919875000000000e+06
8.518822656250000000e+04
1.600854531250000000e+05
3.246862750000000000e+06
1.338399047851562500e+03
4.232999801635742188e+00
3.223177734375000000e+04
8.343909912109375000e+02
8.495330625000000000e+05
9.748776875000000000e+05
7.785589843750000000e+04
1.053812000000000000e+06
8.838575625000000000e+05
7.333652832031250000e+03
3.124232910156250000e+03
1.971953906250000000e+05
1.061298250000000000e+06
2.551012000000000000e+06
7.210178750000000000e+05
1.830281250000000000e+06
2.421371093750000000e+04
1.844639843750000000e+04
1.864326250000000000e+06
2.067388625000000000e+06
4.458010000000000000e+05
5.931741015625000000e+04
7.556750625000000000e+05
4.234073242187500000e+03
4.751399993896484375e+01
1.863787963867187500e+03
8.766640625000000000e+05
3.810876562500000000e+04
2.200007250000000000e+06
1.646847045898437500e+03
6.681948750000000000e+05
7.097495312500000000e+04
3.869768000000000000e+06
4.752226875000000000e+05
3.207321044921875000e+03
3.122250750000000000e+06
1.015899963378906250e+02
6.127908750000000000e+05
6.828748750000000000e+05
3.707890014648437500e+02
3.617296250000000000e+06
9.125433750000000000e+05
3.058604062500000000e+05
4.495678515625000000e+04
4.255901855468750000e+03
4.641500091552734375e+01
4.684448437500000000e+05
3.650267812500000000e+05
2.228540039062500000e+03
8.965704101562500000e+03
1.582699966430664062e+01
7.862147656250000000e+04
1.849066625000000000e+06
2.847062304687500000e+04
1.293628906250000000e+04
2.345587500000000000e+06
1.925009765625000000e+04
1.604739990234375000e+02
3.293910937500000000e+04
2.677261500000000000e+06
8.937351875000000000e+05
3.054010351562500000e+04
5.062739375000000000e+05
5.255756875000000000e+05
1.744924375000000000e+06
5.679010009765625000e+02
8.030226250000000000e+05
1.558119531250000000e+05
9.354315625000000000e+04
3.732500076293945312e+01
5.467359863281250000e+03
5.498040161132812500e+02
9.611365625000000000e+04
2.047611093750000000e+05
7.752249755859375000e+02
1.151563500000000000e+06
9.686703750000000000e+05
9.865037109375000000e+03
4.890274375000000000e+05
1.034498000000000000e+06
3.004139750000000000e+06
1.575209000000000000e+06
2.996444750000000000e+06
1.195629625000000000e+06
7.588182500000000000e+05
1.160009296875000000e+05
3.150072851562500000e+04
1.639909687500000000e+05
2.852451250000000000e+06
1.339216250000000000e+06
1.391749804687500000e+04
5.709289375000000000e+05
3.398498250000000000e+06
4.294699687500000000e+05
2.070338281250000000e+04
5.051160937500000000e+05
6.077376562500000000e+04
1.081810875000000000e+06
3.740610625000000000e+05
2.065500625000000000e+06
3.389494140625000000e+04
1.103829875000000000e+06
1.230773125000000000e+06
4.425085937500000000e+04
9.495811875000000000e+05
1.719566625000000000e+06
5.880015625000000000e+04
2.000677001953125000e+03
2.961799062500000000e+05
9.572116250000000000e+05
1.286077875000000000e+06
6.341000080108642578e+00
7.690858125000000000e+05
1.899522343750000000e+05
1.026099967956542969e+01
6.386059375000000000e+05
6.846339721679687500e+02
1.278153000000000000e+06
7.081233125000000000e+05
5.873975500000000000e+06
2.190025156250000000e+05
7.449684375000000000e+05
9.032830468750000000e+04
1.528587500000000000e+06
1.447903808593750000e+04
3.727828906250000000e+04
1.867962695312500000e+04
2.189855468750000000e+04
2.141441500000000000e+06
1.796264750000000000e+06
4.010624218750000000e+04
5.143392968750000000e+04
1.002730750000000000e+06
1.851533125000000000e+06
1.859900093078613281e+01
5.460419921875000000e+02
2.530388671875000000e+04
6.516853750000000000e+05
8.578441250000000000e+05
1.351546875000000000e+06
1.202103515625000000e+05
1.675684531250000000e+05
3.942300033569335938e+01
1.567357055664062500e+03
2.596999883651733398e+00
1.351799964904785156e+01
9.274880859375000000e+03
1.335200023651123047e+01
2.535374687500000000e+05
1.008616699218750000e+04
1.951490020751953125e+02
8.986939843750000000e+04
4.238670898437500000e+03
2.822734179687500000e+04
2.408793250000000000e+06
5.289992500000000000e+05
7.105300140380859375e+01
1.407381500000000000e+06
1.543999958038330078e+01
1.287952343750000000e+04
1.205995605468750000e+04
5.217430468750000000e+04
1.365094375000000000e+06
1.762261875000000000e+06
1.173888750000000000e+06
4.629372265625000000e+04
2.670299750000000000e+06
5.398198828125000000e+04
1.729861625000000000e+06
4.783029000000000000e+06
1.258379296875000000e+04
2.779144726562500000e+04
2.518940625000000000e+04
3.869912187500000000e+05
3.849930859375000000e+04
5.154510625000000000e+05
9.481767500000000000e+05
9.410079956054687500e+02
3.851976875000000000e+05
3.206474121093750000e+03
2.616036093750000000e+05
8.735971875000000000e+04
1.305602500000000000e+06
2.639541015625000000e+03
1.173791125000000000e+06
4.582773046875000000e+04
1.806211718750000000e+05
1.423971375000000000e+06
1.074661750000000000e+06
5.094723750000000000e+05
3.463594921875000000e+04
4.973124218750000000e+04
5.727550048828125000e+02
2.607467250000000000e+06
9.602916250000000000e+05
2.050925468750000000e+05
1.415675875000000000e+06
2.253121875000000000e+05
9.079480625000000000e+05
9.643435156250000000e+04
1.763003250000000000e+06
1.247916894531250000e+04
4.553741000000000000e+06
2.183000087738037109e+00
3.892881250000000000e+04
1.587265014648437500e+03
1.457976500000000000e+06
2.578602500000000000e+06
1.584321191406250000e+04
2.768548437500000000e+05
6.661432812500000000e+04
2.732918500000000000e+06
2.573986750000000000e+06
1.394628625000000000e+06
2.178742250000000000e+06
2.983074000000000000e+06
9.653231875000000000e+05
8.056807031250000000e+04
1.794277750000000000e+06
1.697297500000000000e+05
1.817489125000000000e+06
6.536399841308593750e+01
