2.450125781250000000e+04
1.654206835937500000e+04
2.358717578125000000e+04
2.723656005859375000e+03
3.829401562500000000e+04
1.395928515625000000e+04
1.514273339843750000e+04
2.047086523437500000e+04
1.265929101562500000e+04
1.820344335937500000e+04
1.151945234375000000e+05
1.326475625000000000e+05
2.624464648437500000e+04
4.371035156250000000e+04
4.813327734375000000e+04
4.312427734375000000e+04
4.846613769531250000e+03
2.514960937500000000e+03
4.996273925781250000e+03
2.415648046875000000e+04
1.467358886718750000e+04
9.296418945312500000e+03
5.796826171875000000e+03
1.109820312500000000e+04
1.292793066406250000e+04
7.999529785156250000e+03
2.545169335937500000e+04
2.323571289062500000e+04
1.984701171875000000e+04
5.804148925781250000e+03
4.166236816406250000e+03
1.240015234375000000e+04
4.677588867187500000e+03
3.220057031250000000e+04
2.370429296875000000e+04
7.098135937500000000e+04
9.168909179687500000e+03
8.853828125000000000e+03
9.597771093750000000e+04
1.577644042968750000e+04
5.506511328125000000e+04
9.539789062500000000e+03
3.112604980468750000e+03
8.751936523437500000e+03
1.150004394531250000e+04
1.669040039062500000e+04
4.042599868774414062e+01
1.334565234375000000e+04
1.019503613281250000e+04
5.886179809570312500e+02
4.749268359375000000e+04
1.639340234375000000e+04
1.672592041015625000e+03
8.738020019531250000e+02
1.060139355468750000e+04
3.110956445312500000e+04
1.265161987304687500e+03
2.232057812500000000e+04
1.417016967773437500e+03
9.876114257812500000e+03
1.667119018554687500e+03
7.719629882812500000e+03
3.407950000000000000e+04
1.857256250000000000e+04
6.312357031250000000e+04
2.009636132812500000e+04
7.093941406250000000e+04
2.629227050781250000e+03
2.616426953125000000e+04
1.892877968750000000e+05
4.682817871093750000e+03
4.568059082031250000e+03
2.493410156250000000e+04
1.465770996093750000e+03
1.697613037109375000e+03
2.174993896484375000e+03
3.600293359375000000e+04
8.161708007812500000e+03
6.822855957031250000e+03
3.844617919921875000e+03
1.331913476562500000e+04
1.010722558593750000e+04
1.243433496093750000e+04
1.119576875000000000e+05
1.261525585937500000e+04
1.950273828125000000e+04
4.817895703125000000e+04
1.437750000000000000e+03
4.678361816406250000e+03
2.758538085937500000e+04
2.002379492187500000e+04
2.251793359375000000e+04
6.459674804687500000e+03
6.428666992187500000e+03
5.730480957031250000e+03
5.424893750000000000e+04
8.693031250000000000e+03
1.640746093750000000e+04
3.718787109375000000e+04
5.448951953125000000e+04
4.982521972656250000e+03
4.446332421875000000e+04
2.983839843750000000e+04
2.540955859375000000e+04
2.568471093750000000e+04
5.421654785156250000e+03
2.147259375000000000e+04
3.227979687500000000e+04
4.689318847656250000e+03
2.337956640625000000e+04
3.573571044921875000e+03
4.255307031250000000e+04
5.760596093750000000e+04
6.394639892578125000e+02
1.562647070312500000e+04
7.789748046875000000e+03
2.162725781250000000e+04
2.503599929809570312e+01
6.526997070312500000e+03
8.288953125000000000e+03
4.328911132812500000e+03
2.237027099609375000e+03
1.001159921875000000e+05
1.275400195312500000e+04
9.539199829101562500e+02
3.833707031250000000e+03
4.440050048828125000e+02
3.269340820312500000e+04
3.798851074218750000e+03
3.854408593750000000e+04
1.013969433593750000e+04
1.026369140625000000e+04
1.398671093750000000e+04
6.333489990234375000e+02
2.080992919921875000e+03
9.264065429687500000e+03
5.773706640625000000e+04
4.174428222656250000e+03
1.815040039062500000e+03
1.426017382812500000e+04
9.429733593750000000e+04
4.261337500000000000e+04
2.008861718750000000e+04
2.057103320312500000e+04
1.915691992187500000e+04
2.537969970703125000e+02
1.399086875000000000e+05
4.449480468750000000e+04
6.346779687500000000e+04
1.034503027343750000e+04
8.160905761718750000e+03
6.484309082031250000e+03
2.538738125000000000e+05
1.723284765625000000e+04
9.807576171875000000e+03
6.145997070312500000e+03
7.211550292968750000e+02
1.803409179687500000e+04
2.545668945312500000e+03
1.532018261718750000e+04
9.352393554687500000e+03
2.417314843750000000e+04
6.654270019531250000e+03
2.787403320312500000e+04
2.031500000000000000e+03
1.323009472656250000e+04
3.246074023437500000e+04
1.919542968750000000e+04
5.359035156250000000e+03
1.995062890625000000e+04
3.621624023437500000e+03
8.613399218750000000e+04
7.336408203125000000e+03
1.839317382812500000e+04
1.528297070312500000e+04
1.727311406250000000e+05
1.934810351562500000e+04
4.543391113281250000e+03
8.500972656250000000e+03
8.133643066406250000e+03
2.767893554687500000e+04
4.110620117187500000e+02
1.405808750000000000e+05
1.643020312500000000e+04
3.849450073242187500e+02
4.722439941406250000e+03
1.196160156250000000e+04
7.609990234375000000e+03
6.428985546875000000e+04
1.462931054687500000e+04
2.728682187500000000e+05
6.057484863281250000e+03
2.538058203125000000e+04
4.932991210937500000e+03
1.140259179687500000e+04
1.066301757812500000e+04
5.684276855468750000e+03
8.932211914062500000e+03
5.559689453125000000e+04
9.319566406250000000e+03
3.435108886718750000e+03
1.659761523437500000e+04
1.539142944335937500e+03
7.386325195312500000e+03
3.414049987792968750e+02
1.663585351562500000e+04
4.124571484375000000e+04
2.718541015625000000e+03
7.855999946594238281e+00
4.225006835937500000e+03
1.068865917968750000e+04
8.340685156250000000e+04
7.784022656250000000e+04
9.896875000000000000e+03
5.601812109375000000e+04
1.665187812500000000e+05
2.162096289062500000e+04
9.135923437500000000e+04
1.406876464843750000e+04
5.685565917968750000e+03
1.260799121093750000e+04
2.643849121093750000e+03
1.498921679687500000e+04
5.222854003906250000e+03
4.579726074218750000e+03
2.064374804687500000e+04
3.463802001953125000e+03
1.858799414062500000e+04
2.667389062500000000e+04
1.198438671875000000e+04
8.302823242187500000e+03
9.667497070312500000e+03
2.072393554687500000e+04
6.395258203125000000e+04
3.099082031250000000e+03
5.937388183593750000e+03
6.621178125000000000e+04
1.014750976562500000e+03
7.199114843750000000e+04
1.426848999023437500e+03
2.896920312500000000e+04
1.939243750000000000e+04
2.852992187500000000e+04
8.281663085937500000e+03
3.977237500000000000e+04
2.755986523437500000e+04
1.063142968750000000e+05
2.573199414062500000e+04
1.903671289062500000e+04
1.275613037109375000e+03
2.308238281250000000e+04
2.968951904296875000e+03
4.664713867187500000e+03
1.820693750000000000e+05
2.092309570312500000e+04
5.096218359375000000e+04
5.190083007812500000e+03
4.578460546875000000e+04
1.213223022460937500e+03
1.927112060546875000e+03
1.861539062500000000e+04
7.253974218750000000e+04
1.134901562500000000e+04
5.252363281250000000e+04
2.007628515625000000e+04
8.299962500000000000e+04
6.351332031250000000e+04
1.514462695312500000e+04
2.091093017578125000e+03
5.386095214843750000e+03
1.016087500000000000e+05
2.105999414062500000e+04
3.589073046875000000e+04
2.949982910156250000e+03
9.380791015625000000e+03
1.823902734375000000e+04
1.735995156250000000e+05
9.287425781250000000e+03
4.210184765625000000e+04
3.506597265625000000e+04
4.115243164062500000e+03
1.171863769531250000e+04
4.509269042968750000e+03
7.068662109375000000e+03
8.817822265625000000e+03
2.231245117187500000e+04
9.150129882812500000e+03
1.864628125000000000e+04
3.555584765625000000e+04
3.030849121093750000e+03
8.166979980468750000e+03
5.716653906250000000e+04
1.266119018554687500e+03
2.938428515625000000e+04
8.339340209960937500e+02
5.708028808593750000e+03
4.106962109375000000e+04
7.956772949218750000e+03
2.745429375000000000e+05
1.438902539062500000e+04
1.005148010253906250e+03
3.190714453125000000e+04
2.719868554687500000e+04
7.815987792968750000e+03
5.666388281250000000e+04
1.858868554687500000e+04
9.280968750000000000e+03
1.611064257812500000e+04
5.376958007812500000e+03
1.246258691406250000e+04
4.332232812500000000e+04
6.250112792968750000e+03
3.040268554687500000e+04
3.212375976562500000e+03
1.366593847656250000e+04
5.605836914062500000e+03
1.707506445312500000e+04
5.797698437500000000e+04
2.377513085937500000e+04
2.670407617187500000e+04
1.336848593750000000e+05
9.075469531250000000e+04
1.581402441406250000e+04
2.724879101562500000e+04
9.685474609375000000e+03
1.856948632812500000e+04
1.307051562500000000e+04
1.388769433593750000e+04
1.624537207031250000e+04
3.129427001953125000e+03
1.426862597656250000e+04
3.526998046875000000e+04
2.181067812500000000e+05
4.267083007812500000e+03
1.073176093750000000e+05
6.626049804687500000e+02
5.449661718750000000e+04
1.163434863281250000e+04
1.140559296875000000e+05
3.315542187500000000e+04
2.461372656250000000e+04
6.903395019531250000e+03
1.967414843750000000e+04
5.151923046875000000e+04
1.688093164062500000e+04
6.721512207031250000e+03
5.352143066406250000e+03
5.531274902343750000e+03
7.787400054931640625e+01
4.193511718750000000e+04
5.652244140625000000e+03
1.798011875000000000e+05
1.935075781250000000e+04
1.404224121093750000e+04
2.378857031250000000e+04
3.405039978027343750e+02
7.497523925781250000e+03
4.456241796875000000e+04
1.970686035156250000e+03
1.646105859375000000e+04
3.195939062500000000e+04
8.058830078125000000e+03
3.370748437500000000e+04
1.720600952148437500e+03
5.235680078125000000e+04
5.204546875000000000e+04
4.935278808593750000e+03
2.575782812500000000e+04
3.509498046875000000e+03
6.386310058593750000e+03
3.019091796875000000e+04
3.128019921875000000e+04
5.060964453125000000e+04
7.797900878906250000e+03
3.043812988281250000e+03
1.631329956054687500e+03
3.057009887695312500e+02
5.991195800781250000e+03
8.509921875000000000e+03
2.518522656250000000e+04
2.888354101562500000e+04
5.535607812500000000e+04
1.153276269531250000e+04
9.667553710937500000e+03
7.041918945312500000e+03
3.894026171875000000e+04
1.269945312500000000e+04
9.634396093750000000e+04
1.166717812500000000e+05
2.073307226562500000e+04
1.122553906250000000e+04
5.148334960937500000e+03
6.550850097656250000e+03
4.191125781250000000e+04
7.579417968750000000e+03
8.941805664062500000e+03
3.509154052734375000e+03
4.808568750000000000e+04
2.824201904296875000e+03
2.203903515625000000e+04
3.619775878906250000e+03
9.202186718750000000e+04
2.603899609375000000e+04
3.482075927734375000e+03
1.256538476562500000e+04
1.859706835937500000e+04
4.676434082031250000e+03
2.718916796875000000e+04
1.860139453125000000e+04
4.565537109375000000e+03
2.409837695312500000e+04
9.689976562500000000e+03
1.161258906250000000e+05
6.644858886718750000e+03
1.568183203125000000e+04
2.289591406250000000e+04
6.593106250000000000e+04
1.130757324218750000e+04
1.450712890625000000e+04
1.156621582031250000e+04
7.797706054687500000e+03
5.319290039062500000e+03
4.357647265625000000e+04
1.293230468750000000e+04
4.126428222656250000e+03
8.533248046875000000e+03
2.087428125000000000e+04
7.660420898437500000e+03
3.155456054687500000e+04
3.892428515625000000e+04
5.073571093750000000e+04
1.559409863281250000e+04
1.816793359375000000e+04
1.792007421875000000e+04
2.341974023437500000e+04
4.133437500000000000e+04
1.278283300781250000e+04
6.738687011718750000e+03
1.662834960937500000e+04
1.325926367187500000e+04
2.570534765625000000e+04
2.025657958984375000e+03
1.855396484375000000e+04
1.163167187500000000e+04
1.220734296875000000e+05
4.741699981689453125e+01
8.207224609375000000e+03
1.756192016601562500e+03
1.151013769531250000e+04
2.149521875000000000e+04
1.704597851562500000e+04
1.502973242187500000e+04
2.060191894531250000e+03
3.040953710937500000e+04
3.010855468750000000e+04
1.751342187500000000e+04
1.105434960937500000e+04
1.617679492187500000e+04
3.617328125000000000e+04
6.744923828125000000e+03
1.272471093750000000e+04
1.768419335937500000e+04
5.495577148437500000e+03
1.038967578125000000e+04
7.326463281250000000e+04
1.396244726562500000e+04
7.124318847656250000e+03
3.294207031250000000e+03
7.906500244140625000e+01
3.554676171875000000e+04
5.953982910156250000e+03
9.835850219726562500e+02
1.558399218750000000e+04
1.036769921875000000e+04
1.884608593750000000e+04
1.224023535156250000e+04
1.065605078125000000e+04
3.442266406250000000e+04
6.110096484375000000e+04
7.456714843750000000e+03
6.967037109375000000e+03
1.091046582031250000e+04
1.747749023437500000e+04
7.442946777343750000e+03
3.070914062500000000e+03
7.529727500000000000e+05
1.039367480468750000e+04
5.849169921875000000e+04
2.974187011718750000e+03
5.055053515625000000e+04
3.677796484375000000e+04
5.677212109375000000e+04
4.759920703125000000e+04
1.262085750000000000e+06
4.771312109375000000e+04
1.126725488281250000e+04
1.210722167968750000e+04
2.361401562500000000e+04
7.214646093750000000e+04
9.716209716796875000e+02
8.100380859375000000e+03
2.896499414062500000e+04
4.165566406250000000e+04
1.403489990234375000e+03
7.895657812500000000e+04
2.082555664062500000e+04
5.220584765625000000e+04
4.181766113281250000e+03
7.744375976562500000e+03
5.970519531250000000e+04
7.340583007812500000e+03
7.266206054687500000e+03
1.165523925781250000e+04
2.897905664062500000e+04
8.657419921875000000e+03
1.893961059570312500e+03
1.186490859375000000e+05
2.018145625000000000e+05
1.657668945312500000e+03
7.163400000000000000e+04
1.993719218750000000e+05
7.297228027343750000e+03
9.442887695312500000e+03
5.356755078125000000e+04
3.246564375000000000e+05
2.156658593750000000e+04
1.585022753906250000e+04
1.500524121093750000e+04
3.816869921875000000e+04
1.311525024414062500e+03
1.256140917968750000e+04
3.564696044921875000e+03
3.505626953125000000e+04
4.122308593750000000e+04
4.902831054687500000e+03
1.133349218750000000e+04
3.937123828125000000e+04
1.512946386718750000e+04
1.859698242187500000e+04
1.077451269531250000e+04
5.160205078125000000e+04
3.496147265625000000e+04
2.153167968750000000e+03
3.165644531250000000e+04
4.597623046875000000e+03
5.478212890625000000e+03
3.573905468750000000e+04
1.117364990234375000e+03
6.401971093750000000e+04
3.348665039062500000e+03
2.790403076171875000e+03
3.490006562500000000e+05
1.676471484375000000e+04
2.345561523437500000e+04
1.443494995117187500e+03
2.777173095703125000e+03
7.578801562500000000e+04
6.167750000000000000e+03
1.670381445312500000e+04
4.783435058593750000e+03
5.259235839843750000e+03
3.570746875000000000e+04
1.001931542968750000e+04
1.973020996093750000e+03
2.618708007812500000e+03
1.059415429687500000e+04
3.808121484375000000e+04
1.540399804687500000e+04
5.815003906250000000e+03
4.372341796875000000e+03
1.081485742187500000e+04
8.891300201416015625e+01
2.126481640625000000e+04
6.893225097656250000e+03
9.079748046875000000e+03
1.049551406250000000e+05
2.008425195312500000e+04
7.996015625000000000e+04
1.250883984375000000e+04
1.344098925781250000e+04
1.016298437500000000e+04
1.686886250000000000e+05
4.941523925781250000e+03
2.260942187500000000e+04
1.155692968750000000e+04
1.435365527343750000e+04
2.768471093750000000e+04
5.911153808593750000e+03
6.588198242187500000e+03
7.653667968750000000e+03
3.283033935546875000e+03
6.701193125000000000e+05
2.989519140625000000e+04
4.820366796875000000e+04
3.180883984375000000e+04
1.349218945312500000e+04
2.183783935546875000e+03
1.625693969726562500e+03
6.768369140625000000e+03
1.175986718750000000e+04
2.175649609375000000e+04
5.854332031250000000e+03
2.001106250000000000e+04
1.563800878906250000e+04
1.388751562500000000e+04
5.132858593750000000e+04
1.740660156250000000e+04
7.247151562500000000e+04
4.281132812500000000e+03
6.042741406250000000e+04
1.004189648437500000e+04
5.091880859375000000e+03
1.113975952148437500e+03
5.361435058593750000e+03
5.965209960937500000e+03
2.468580625000000000e+05
2.970329895019531250e+02
2.001522949218750000e+03
2.056139453125000000e+04
7.392539062500000000e+03
1.141346640625000000e+05
9.175917968750000000e+03
4.047418945312500000e+03
1.521090942382812500e+03
1.113798535156250000e+04
5.604255859375000000e+03
4.573412109375000000e+03
2.392662695312500000e+04
1.366192016601562500e+03
4.943698046875000000e+04
1.312542968750000000e+03
3.027556054687500000e+04
8.531206054687500000e+03
3.373412109375000000e+04
2.405621875000000000e+05
1.175824902343750000e+04
7.942503906250000000e+03
1.608802343750000000e+04
8.565073437500000000e+04
9.886492187500000000e+04
4.387142089843750000e+03
3.109799957275390625e+01
1.968000030517578125e+01
1.526650312500000000e+05
1.788227148437500000e+04
1.233934667968750000e+04
3.263550048828125000e+03
1.024028613281250000e+04
1.389058007812500000e+04
4.784282226562500000e+03
1.311100976562500000e+04
4.617462109375000000e+04
1.388773632812500000e+04
2.425995117187500000e+04
9.723093750000000000e+03
4.567941796875000000e+04
3.399137890625000000e+04
1.774381835937500000e+04
5.831304199218750000e+03
4.428020019531250000e+03
9.108973632812500000e+03
2.815853906250000000e+04
1.194747750000000000e+06
1.000435546875000000e+04
1.304468994140625000e+03
5.090435058593750000e+03
1.386265039062500000e+04
6.940850781250000000e+04
7.421110937500000000e+04
1.358348535156250000e+04
3.840685058593750000e+03
6.239208984375000000e+03
1.361371679687500000e+04
3.191551757812500000e+04
6.125006640625000000e+04
3.148426171875000000e+04
1.126325292968750000e+04
4.640750000000000000e+03
8.847314453125000000e+03
3.413861718750000000e+04
3.606271093750000000e+04
8.915709960937500000e+03
1.031556030273437500e+03
6.052751953125000000e+04
8.259238281250000000e+03
2.824712890625000000e+03
1.999542968750000000e+03
9.424750000000000000e+03
1.365924218750000000e+04
8.897730468750000000e+03
1.816405029296875000e+03
1.274870971679687500e+03
2.568175585937500000e+04
3.445967968750000000e+04
4.857221191406250000e+03
6.295988769531250000e+03
1.055754882812500000e+04
1.085396484375000000e+05
1.699383007812500000e+04
1.876406250000000000e+04
1.933171679687500000e+04
3.631649902343750000e+03
1.076659765625000000e+04
3.254006835937500000e+04
2.120282812500000000e+05
2.720676757812500000e+04
6.513577148437500000e+03
9.705410156250000000e+02
4.943896875000000000e+04
3.991447021484375000e+03
3.405226074218750000e+03
2.428444921875000000e+04
6.156907812500000000e+04
1.967441601562500000e+04
1.193837402343750000e+04
1.128976660156250000e+04
1.480165429687500000e+04
4.404903808593750000e+03
1.174793945312500000e+04
4.303196777343750000e+03
2.973248437500000000e+04
3.237260742187500000e+04
3.124316210937500000e+04
1.829786914062500000e+04
3.121163085937500000e+04
6.459342773437500000e+03
6.441400878906250000e+03
1.738156054687500000e+04
2.781355468750000000e+04
5.488496093750000000e+04
4.984567187500000000e+04
1.612865332031250000e+04
8.647588281250000000e+04
1.918283984375000000e+04
3.358442187500000000e+04
2.271250000000000000e+03
1.292181152343750000e+04
1.902045898437500000e+04
1.167806542968750000e+04
6.563340820312500000e+03
1.496403808593750000e+04
2.650652929687500000e+04
3.697128906250000000e+03
6.290992968750000000e+04
1.979426953125000000e+04
2.030387109375000000e+04
3.433729296875000000e+04
1.073452031250000000e+05
8.574681640625000000e+03
3.813406982421875000e+03
4.605817968750000000e+04
1.055100390625000000e+05
1.269186816406250000e+04
5.084326171875000000e+04
3.922405029296875000e+03
9.051185156250000000e+04
4.626899609375000000e+04
1.644568945312500000e+04
3.029943554687500000e+04
1.920574023437500000e+04
4.693153906250000000e+04
3.609292968750000000e+04
9.555627929687500000e+03
6.731800781250000000e+03
2.770124804687500000e+04
2.115932031250000000e+04
7.995249023437500000e+03
9.107996875000000000e+04
2.405672968750000000e+05
1.533437988281250000e+03
4.911285156250000000e+03
2.461158984375000000e+04
8.737688476562500000e+03
9.659440429687500000e+03
3.702730957031250000e+03
1.146453906250000000e+04
3.090752148437500000e+04
1.633642285156250000e+04
1.622617871093750000e+04
1.256275024414062500e+03
4.601663085937500000e+03
6.312336914062500000e+03
3.825084765625000000e+04
4.420899963378906250e+01
4.901051953125000000e+04
2.186996289062500000e+04
8.696000099182128906e+00
2.858707812500000000e+05
1.063957226562500000e+04
1.205542187500000000e+04
8.958168750000000000e+04
1.374750488281250000e+04
2.078356640625000000e+04
6.064950390625000000e+04
5.272971484375000000e+04
2.021154296875000000e+04
1.297417871093750000e+04
4.673653906250000000e+04
3.469832812500000000e+04
3.299512500000000000e+04
1.525828222656250000e+04
6.830901855468750000e+03
5.314764453125000000e+04
9.407449218750000000e+03
6.067809082031250000e+03
2.936093554687500000e+04
9.091074218750000000e+03
1.481043261718750000e+04
1.429649609375000000e+04
5.755926757812500000e+03
1.624745117187500000e+04
4.991769531250000000e+04
6.450112792968750000e+03
7.184673437500000000e+04
5.571836328125000000e+04
1.834499931335449219e+01
3.280571044921875000e+03
3.282052001953125000e+03
8.450860937500000000e+04
5.050738769531250000e+03
7.443803222656250000e+03
6.827244140625000000e+03
6.397767089843750000e+03
4.953113281250000000e+04
4.404278808593750000e+03
3.026205468750000000e+04
8.083930175781250000e+03
1.317139648437500000e+04
9.413551757812500000e+03
1.066226171875000000e+04
4.283820800781250000e+03
1.766056640625000000e+04
3.022091210937500000e+04
1.565401269531250000e+04
5.115599822998046875e+01
2.612778125000000000e+04
2.686186523437500000e+04
2.052148242187500000e+04
4.203985546875000000e+04
1.257787207031250000e+04
5.106565917968750000e+03
1.291801171875000000e+04
3.929700927734375000e+03
2.566922265625000000e+04
2.606628906250000000e+03
1.082012792968750000e+04
6.515205078125000000e+03
1.755148632812500000e+04
9.839587890625000000e+03
8.614776367187500000e+03
7.200055175781250000e+03
1.028914257812500000e+04
4.893504687500000000e+04
6.134979003906250000e+03
1.086516210937500000e+04
1.221326660156250000e+04
1.528058300781250000e+04
5.721314941406250000e+03
3.661386718750000000e+04
2.314656835937500000e+04
7.753617187500000000e+04
9.251747070312500000e+03
1.677737109375000000e+04
5.069083593750000000e+04
3.182833203125000000e+04
1.929797265625000000e+04
2.255353515625000000e+04
1.799197851562500000e+04
1.379462036132812500e+03
4.642730078125000000e+04
4.439712109375000000e+04
4.391946484375000000e+04
4.924788281250000000e+04
1.789448437500000000e+04
3.524065917968750000e+03
1.146685253906250000e+04
1.043019296875000000e+05
9.169974609375000000e+03
1.295316040039062500e+03
7.858112792968750000e+03
2.744080859375000000e+04
2.684041210937500000e+04
2.516591992187500000e+04
1.697545703125000000e+04
6.250121484375000000e+04
1.959052978515625000e+03
5.768061328125000000e+04
2.165746875000000000e+04
8.230194335937500000e+03
3.577500000000000000e+03
3.111668554687500000e+04
1.514301171875000000e+04
1.651944726562500000e+04
6.212370117187500000e+03
1.027600002288818359e+01
1.093611425781250000e+04
3.874096093750000000e+04
2.752362695312500000e+04
7.706675781250000000e+04
4.410894531250000000e+04
7.995904785156250000e+03
7.768713867187500000e+03
4.231194531250000000e+04
1.060530468750000000e+04
3.199629687500000000e+04
1.190797031250000000e+05
2.134299023437500000e+04
1.744285937500000000e+04
1.290000195312500000e+04
1.476279296875000000e+04
4.652128906250000000e+03
2.154755468750000000e+04
2.221875585937500000e+04
4.877773925781250000e+03
9.483051757812500000e+03
4.030125976562500000e+03
1.082973046875000000e+04
2.061028076171875000e+03
5.372371875000000000e+04
6.530006835937500000e+03
6.202209960937500000e+03
1.567244433593750000e+04
1.608796679687500000e+04
1.963684765625000000e+04
1.035178955078125000e+03
4.579142187500000000e+04
5.555436035156250000e+03
3.005977148437500000e+04
1.139411132812500000e+04
8.080413085937500000e+03
1.149445605468750000e+04
7.176854003906250000e+03
1.459452539062500000e+04
3.485208203125000000e+04
5.659166015625000000e+03
2.131840039062500000e+04
1.051916015625000000e+03
2.539950585937500000e+04
9.033977539062500000e+03
6.561267187500000000e+04
2.791138281250000000e+04
1.373126464843750000e+04
9.228373046875000000e+03
1.506213964843750000e+04
1.694773242187500000e+04
7.980807128906250000e+03
1.322127246093750000e+04
1.241512109375000000e+04
4.705349121093750000e+03
7.309824218750000000e+03
6.506966796875000000e+03
5.515081250000000000e+04
4.391899871826171875e+01
1.891076171875000000e+04
2.294186132812500000e+04
2.686906005859375000e+03
1.384881347656250000e+04
4.407525000000000000e+04
6.386165039062500000e+03
1.040802832031250000e+04
3.227360107421875000e+03
1.388797973632812500e+03
9.978900146484375000e+02
6.234817871093750000e+03
8.237491210937500000e+03
7.938439941406250000e+03
5.280932812500000000e+04
6.010966406250000000e+04
2.597666992187500000e+03
1.657383007812500000e+04
1.729032617187500000e+04
6.767185937500000000e+04
1.751908984375000000e+04
2.088122656250000000e+05
3.756711875000000000e+05
1.198785253906250000e+04
4.278888183593750000e+03
1.978741943359375000e+03
2.721989062500000000e+04
2.603968554687500000e+04
5.096700781250000000e+04
4.174623828125000000e+04
2.107903906250000000e+04
4.320752929687500000e+03
3.681629943847656250e+02
8.018285156250000000e+03
7.551227050781250000e+03
1.671288671875000000e+04
9.860842187500000000e+04
1.597824316406250000e+04
2.533725585937500000e+04
1.452090820312500000e+04
1.833610156250000000e+04
4.338091015625000000e+04
3.794223437500000000e+04
2.962360156250000000e+04
1.159232055664062500e+03
1.492894042968750000e+04
1.481498242187500000e+04
1.680242773437500000e+04
