1.674000024795532227e+00
2.335000038146972656e+00
6.934000015258789062e+00
1.688299942016601562e+01
9.753000259399414062e+00
1.261600017547607422e+01
1.237199974060058594e+01
4.178999900817871094e+00
1.636430053710937500e+02
6.875999927520751953e+00
5.277999877929687500e+00
4.456000137329101562e+01
9.817000389099121094e+00
6.698999881744384766e+00
3.297700119018554688e+01
2.116900062561035156e+01
1.486900043487548828e+01
9.534000396728515625e+00
8.197999954223632812e+00
2.760600090026855469e+01
2.842999935150146484e+00
1.059390029907226562e+02
2.127899932861328125e+01
6.328000068664550781e+00
7.689999938011169434e-01
2.624500083923339844e+01
1.064999961853027344e+01
9.628999710083007812e+00
8.991000175476074219e+00
3.635200119018554688e+01
1.957000017166137695e+00
6.583000183105468750e+00
7.131000041961669922e+00
1.663999938964843750e+01
1.991399955749511719e+01
1.122299957275390625e+01
4.841000080108642578e+00
1.307499980926513672e+01
1.284599971771240234e+01
2.080800056457519531e+01
8.548999786376953125e+00
6.513000011444091797e+00
1.279000043869018555e+00
2.150000095367431641e+00
3.325000047683715820e+00
2.871800041198730469e+01
1.118799972534179688e+01
1.377999973297119141e+01
2.319199943542480469e+01
6.083000183105468750e+00
1.139799976348876953e+01
3.642999887466430664e+00
5.340700149536132812e+01
1.121899986267089844e+01
7.295000076293945312e+00
1.412999987602233887e+00
2.815800094604492188e+01
1.225520019531250000e+02
5.407000064849853516e+00
6.136000156402587891e+00
6.256000041961669922e+00
5.618999958038330078e+00
2.396929931640625000e+02
1.095600032806396484e+01
1.048999977111816406e+01
8.199000358581542969e+00
2.127000045776367188e+01
1.285799980163574219e+01
2.776000022888183594e+00
3.949700164794921875e+01
2.480599975585937500e+01
2.181100082397460938e+01
4.681000232696533203e+00
4.938000202178955078e+00
1.378999996185302734e+01
5.510000228881835938e+00
1.637800025939941406e+01
5.505000114440917969e+00
1.375199985504150391e+01
6.347000122070312500e+00
3.372999906539916992e+00
1.008699989318847656e+01
4.045899963378906250e+01
1.057900047302246094e+01
2.105699920654296875e+01
8.642000198364257812e+00
1.264850006103515625e+02
9.977999687194824219e+00
9.687000274658203125e+00
5.433000087738037109e+00
1.375800037384033203e+01
5.789999961853027344e+00
2.577700042724609375e+01
2.211599922180175781e+01
7.598999977111816406e+00
1.498499965667724609e+01
1.009399986267089844e+01
1.272900009155273438e+01
1.662800025939941406e+01
3.523000001907348633e+00
1.033500003814697266e+01
1.297099971771240234e+01
5.787000179290771484e+00
5.178999900817871094e+00
2.278800010681152344e+01
8.779000282287597656e+00
1.829400062561035156e+01
3.746999979019165039e+00
9.904000282287597656e+00
8.689999580383300781e+00
4.703999996185302734e+00
7.715000152587890625e+00
8.887000083923339844e+00
7.145999908447265625e+00
3.744900131225585938e+01
6.320000290870666504e-01
1.028600025177001953e+01
6.570000171661376953e+00
1.011409988403320312e+02
6.042300033569335938e+01
1.892900085449218750e+01
7.857999801635742188e+00
7.978700256347656250e+01
1.116199970245361328e+01
1.434259948730468750e+02
1.112899971008300781e+01
3.280999898910522461e+00
9.427000045776367188e+00
1.034500026702880859e+01
7.144000053405761719e+00
1.515400028228759766e+01
5.640999794006347656e+00
1.953199958801269531e+01
7.808000087738037109e+00
3.639799880981445312e+01
2.835999965667724609e+00
9.753999710083007812e+00
1.561100006103515625e+01
4.329999923706054688e+00
1.834300041198730469e+01
1.045600032806396484e+01
7.856999874114990234e+00
1.089400005340576172e+01
8.437100219726562500e+01
1.794199943542480469e+01
7.103000164031982422e+00
2.713000059127807617e+00
2.929299926757812500e+01
2.907000064849853516e+00
3.407799911499023438e+01
4.499100112915039062e+01
1.434899997711181641e+01
1.182199954986572266e+01
2.583900070190429688e+01
2.349099922180175781e+01
3.152400016784667969e+01
1.652899932861328125e+02
2.681599998474121094e+01
1.090400028228759766e+01
1.809199905395507812e+01
9.446000099182128906e+00
5.811999797821044922e+00
2.590600013732910156e+01
7.723699951171875000e+01
7.078999996185302734e+00
5.794000148773193359e+00
2.154199981689453125e+01
1.128600025177001953e+01
6.205999851226806641e+00
9.470300292968750000e+01
7.026000022888183594e+00
9.383000373840332031e+00
7.914999961853027344e+00
1.018830032348632812e+02
4.995999813079833984e+00
1.312500000000000000e+01
1.870700073242187500e+01
8.534000396728515625e+00
4.106999874114990234e+00
2.862299919128417969e+01
7.526000022888183594e+00
1.356700038909912109e+01
1.681299972534179688e+01
1.058800029754638672e+01
2.037800025939941406e+01
3.053999900817871094e+00
8.626000404357910156e+00
1.741500091552734375e+01
1.113199996948242188e+01
1.340999960899353027e+00
3.326999902725219727e+00
3.602999925613403320e+00
1.453699970245361328e+01
2.950999975204467773e+00
1.249039993286132812e+02
4.606499862670898438e+01
7.198999881744384766e+00
3.911999940872192383e+00
6.980999946594238281e+00
2.784300041198730469e+01
1.080599975585937500e+01
3.042850036621093750e+02
1.138799953460693359e+01
4.190999984741210938e+00
3.289199829101562500e+01
2.922500038146972656e+01
1.138000011444091797e+00
1.358489990234375000e+02
9.397999763488769531e+00
3.971999883651733398e+00
9.685000419616699219e+00
1.085700035095214844e+01
1.429300022125244141e+01
1.599699974060058594e+01
3.930000066757202148e+00
2.102700042724609375e+01
1.476099967956542969e+01
3.584000110626220703e+00
1.962500000000000000e+01
4.326000213623046875e+00
2.084099960327148438e+01
3.738600158691406250e+01
2.181100082397460938e+01
1.592539978027343750e+02
2.329199981689453125e+01
3.847200012207031250e+01
3.612400054931640625e+01
4.032699966430664062e+01
1.452400016784667969e+01
4.921599960327148438e+01
1.135400009155273438e+01
1.351200008392333984e+01
7.020200347900390625e+01
1.296199989318847656e+01
2.306299972534179688e+01
2.386400032043457031e+01
1.301320037841796875e+02
4.147700119018554688e+01
2.134040069580078125e+02
4.142200088500976562e+01
2.288000106811523438e+00
3.773400115966796875e+01
4.252500152587890625e+01
4.281000137329101562e+00
1.333199977874755859e+01
3.463999986648559570e+00
2.828760070800781250e+02
1.923399925231933594e+01
1.524999976158142090e+00
4.755000114440917969e+00
1.871999979019165039e+00
1.740900039672851562e+01
1.670100021362304688e+01
3.948199844360351562e+01
2.058799934387207031e+01
6.607999801635742188e+00
1.381599998474121094e+01
3.522479858398437500e+02
2.845999956130981445e+00
8.100999832153320312e+00
8.873000144958496094e+00
1.225000023841857910e+00
8.074000358581542969e+00
3.611999988555908203e+00
6.245999813079833984e+00
2.702799987792968750e+01
2.086600036621093750e+02
5.121799850463867188e+01
3.742000102996826172e+00
1.734700012207031250e+01
1.466190032958984375e+02
1.059099960327148438e+01
2.367300033569335938e+01
9.269000053405761719e+00
1.006000041961669922e+00
1.606900024414062500e+01
2.616500091552734375e+01
1.380500030517578125e+01
8.043000221252441406e+00
1.083300018310546875e+01
1.994099998474121094e+01
1.970400047302246094e+01
1.244799995422363281e+01
1.274199962615966797e+01
1.585000038146972656e+00
2.664900016784667969e+01
2.456399917602539062e+01
1.387199974060058594e+01
5.327000141143798828e+00
6.486199951171875000e+01
2.635999917984008789e+00
1.007699966430664062e+01
8.536999702453613281e+00
2.604400062561035156e+01
2.589699935913085938e+01
2.407299995422363281e+01
4.797999858856201172e+00
1.002900028228759766e+01
6.032000064849853516e+00
1.042800045013427734e+01
3.437500000000000000e+01
4.179999828338623047e+00
1.195100021362304688e+01
7.975999832153320312e+00
1.080200004577636719e+01
1.974099922180175781e+01
4.951300048828125000e+01
5.550000190734863281e+00
1.045800018310546875e+01
1.408800029754638672e+01
4.356100082397460938e+01
1.033300018310546875e+01
3.700099945068359375e+01
3.256299972534179688e+01
8.041000366210937500e+00
3.359999895095825195e+00
1.129300022125244141e+01
1.983499908447265625e+01
1.013899993896484375e+01
6.513999938964843750e+00
3.385999917984008789e+00
6.584000110626220703e+00
9.927000045776367188e+00
4.559000015258789062e+00
1.109390029907226562e+02
8.920000076293945312e+00
4.116000175476074219e+00
1.306700038909912109e+01
3.292000055313110352e+00
6.414000034332275391e+00
1.177600002288818359e+01
4.414000034332275391e+00
1.891500091552734375e+01
1.042599964141845703e+01
5.669000148773193359e+00
6.967999935150146484e+00
2.780999898910522461e+00
1.082900047302246094e+01
1.420499992370605469e+01
1.713800048828125000e+01
2.607000112533569336e+00
2.600300025939941406e+01
4.173999786376953125e+00
9.991999626159667969e+00
9.750000000000000000e+00
2.162400054931640625e+01
4.478000164031982422e+00
1.188099956512451172e+01
1.244999980926513672e+01
1.354899978637695312e+01
8.609999656677246094e+00
9.909999847412109375e+00
5.102000236511230469e+00
3.309000015258789062e+00
2.635999917984008789e+00
3.974900054931640625e+01
6.298999786376953125e+00
1.238500022888183594e+01
2.859799957275390625e+01
5.018299865722656250e+01
4.678999900817871094e+00
2.234099960327148438e+01
3.242200088500976562e+01
3.394999980926513672e+00
1.072999954223632812e+01
2.170899963378906250e+01
2.139299964904785156e+01
8.045999526977539062e+00
7.201000213623046875e+00
3.269999980926513672e+00
9.935000419616699219e+00
2.449500083923339844e+01
8.885999679565429688e+00
1.842200088500976562e+01
6.423999786376953125e+00
2.265399932861328125e+01
6.355199813842773438e+01
1.297000026702880859e+01
8.722999572753906250e+00
1.595699977874755859e+01
6.618999958038330078e+00
2.176399993896484375e+01
8.531999588012695312e+00
4.107999801635742188e+00
1.096599960327148438e+01
1.006900024414062500e+01
1.360499954223632812e+01
3.990999937057495117e+00
9.979000091552734375e+00
1.200699996948242188e+01
4.671300125122070312e+01
2.185400009155273438e+01
5.278999805450439453e+00
2.479000091552734375e+01
2.898399925231933594e+01
4.125999927520751953e+00
9.748999595642089844e+00
6.397999763488769531e+00
2.754199981689453125e+01
3.917399978637695312e+01
2.653000116348266602e+00
3.104750061035156250e+02
3.162299919128417969e+01
1.879199981689453125e+01
3.839999914169311523e+00
3.888999938964843750e+00
1.670599937438964844e+01
1.258500003814697266e+01
2.228000068664550781e+01
1.362800025939941406e+01
2.213500022888183594e+01
1.049699974060058594e+01
1.186900043487548828e+01
1.362800025939941406e+01
8.751000404357910156e+00
3.114299964904785156e+01
2.637899971008300781e+01
3.081800079345703125e+01
9.284999847412109375e+00
1.595899963378906250e+01
1.568900012969970703e+01
2.175699996948242188e+01
6.853000164031982422e+00
1.629999923706054688e+01
6.605999946594238281e+00
2.898699951171875000e+01
9.062000274658203125e+00
4.741000175476074219e+00
5.295000076293945312e+00
1.350199985504150391e+01
5.288000106811523438e+00
2.894999980926513672e+00
4.681000232696533203e+00
1.881800079345703125e+01
1.011800003051757812e+01
1.812700080871582031e+01
1.043000030517578125e+01
2.042799949645996094e+01
2.419300079345703125e+01
1.077400016784667969e+01
3.530199813842773438e+01
2.387999916076660156e+01
1.795700073242187500e+01
1.418799972534179688e+01
4.951000213623046875e+00
1.355999946594238281e+00
5.124000072479248047e+00
4.145999908447265625e+00
2.075000047683715820e+00
9.373000144958496094e+00
1.315900039672851562e+01
5.105000019073486328e+00
8.560999870300292969e+00
6.407000064849853516e+00
1.775499916076660156e+01
1.052999973297119141e+01
5.050000190734863281e+00
2.003199958801269531e+01
5.157999992370605469e+00
4.678999900817871094e+00
1.555000019073486328e+01
4.632390136718750000e+02
1.429899978637695312e+01
3.256600189208984375e+01
1.561600017547607422e+01
1.243960037231445312e+02
1.450699996948242188e+01
4.296999931335449219e+00
6.881000041961669922e+00
1.076900005340576172e+01
2.776000022888183594e+00
1.265390014648437500e+02
1.231569976806640625e+02
1.736400032043457031e+01
2.335999965667724609e+00
5.678999900817871094e+00
2.297900009155273438e+01
1.878599929809570312e+01
7.484000205993652344e+00
1.023200035095214844e+01
1.861999988555908203e+00
2.730999946594238281e+00
1.428800010681152344e+01
1.186299991607666016e+01
4.750999927520751953e+00
6.193999767303466797e+00
1.227900028228759766e+01
7.451000213623046875e+00
4.365599822998046875e+01
3.161000061035156250e+01
2.205599975585937500e+01
1.238899993896484375e+01
1.261200046539306641e+01
7.723200225830078125e+01
5.506000137329101562e+01
2.934000015258789062e+00
3.755000114440917969e+00
3.065999984741210938e+00
1.219099998474121094e+01
1.752000045776367188e+01
2.601399993896484375e+01
1.730599975585937500e+01
1.298299980163574219e+01
9.032999992370605469e+00
4.094400024414062500e+01
7.467000007629394531e+00
7.269999980926513672e+00
2.409399986267089844e+01
9.123000144958496094e+00
3.937999963760375977e+00
2.848000049591064453e+00
3.839999914169311523e+00
6.722000122070312500e+00
3.772299957275390625e+01
6.849999904632568359e+00
1.079899978637695312e+01
3.757400131225585938e+01
1.228699970245361328e+01
4.046999931335449219e+00
1.849799919128417969e+01
2.120199966430664062e+01
2.514599990844726562e+01
1.769000053405761719e+00
2.888000011444091797e+00
8.821999549865722656e+00
8.833000183105468750e+00
4.604199981689453125e+01
5.288000106811523438e+00
1.246399974822998047e+01
2.667999982833862305e+00
2.314399909973144531e+01
1.714999961853027344e+01
2.270639953613281250e+02
7.467000007629394531e+00
2.312299919128417969e+01
1.799999952316284180e+00
1.249499988555908203e+01
1.131599998474121094e+01
2.799099922180175781e+01
1.338000011444091797e+01
5.293299865722656250e+01
3.665900039672851562e+01
1.355599975585937500e+01
1.178299999237060547e+01
4.165999889373779297e+00
4.735000133514404297e+00
2.683000087738037109e+00
2.115600013732910156e+01
3.170000076293945312e+00
5.200199890136718750e+01
1.205900001525878906e+01
6.197000026702880859e+00
7.362999916076660156e+00
1.587000012397766113e+00
2.028000116348266602e+00
4.155899810791015625e+01
3.759000062942504883e+00
4.270999908447265625e+00
3.286000013351440430e+00
3.765700149536132812e+01
1.555000019073486328e+01
1.117399978637695312e+01
1.449899959564208984e+01
3.667499923706054688e+01
5.879000186920166016e+00
6.472000122070312500e+00
2.274500083923339844e+01
5.229000091552734375e+00
3.069000005722045898e+00
1.674999952316284180e+00
9.277000427246093750e+00
1.016800022125244141e+01
2.067399978637695312e+01
2.286999940872192383e+00
8.692999839782714844e+00
1.438799953460693359e+01
9.411999702453613281e+00
3.924999952316284180e+00
3.267599868774414062e+01
1.404199981689453125e+01
7.532999992370605469e+00
8.176999664306640625e+01
1.452099990844726562e+01
9.859000205993652344e+00
2.085000038146972656e+01
1.777199935913085938e+01
8.395999908447265625e+00
1.580330047607421875e+02
3.243399810791015625e+01
1.543900012969970703e+01
2.273000001907348633e+00
9.369999885559082031e+00
6.480200195312500000e+01
1.620100021362304688e+01
3.380000114440917969e+00
1.128400039672851562e+01
9.015999794006347656e+00
1.342099952697753906e+01
3.832300186157226562e+01
2.427000045776367188e+01
6.400000095367431641e+00
8.600000143051147461e-01
3.094799995422363281e+01
6.124000072479248047e+00
2.704999923706054688e+00
1.985000014305114746e+00
4.495700073242187500e+01
6.128599929809570312e+01
1.383500003814697266e+01
3.611000061035156250e+00
1.127700042724609375e+01
3.360499954223632812e+01
1.064200019836425781e+01
4.640999794006347656e+00
1.044699954986572266e+01
7.206999778747558594e+00
2.568099975585937500e+01
3.006299972534179688e+01
4.065999984741210938e+00
2.718199920654296875e+01
6.663000106811523438e+00
8.994400024414062500e+01
2.354700088500976562e+01
3.954999923706054688e+00
4.171799850463867188e+01
3.980699920654296875e+01
2.231699943542480469e+01
2.035199928283691406e+01
1.132100009918212891e+01
1.486200046539306641e+01
7.164999961853027344e+00
8.276000022888183594e+00
7.491000175476074219e+00
2.401399993896484375e+01
6.381999969482421875e+00
8.387999534606933594e+00
1.646170043945312500e+02
3.717999935150146484e+00
1.022700023651123047e+01
1.354399967193603516e+01
2.845000028610229492e+00
3.591000080108642578e+00
1.307999992370605469e+01
8.380000114440917969e+00
9.159000396728515625e+00
2.228100013732910156e+01
2.983000040054321289e+00
2.981800079345703125e+01
5.370999813079833984e+00
1.039400005340576172e+01
1.604299926757812500e+01
1.980999946594238281e+00
7.455999851226806641e+00
6.983000183105468750e+01
1.024499988555908203e+01
1.723699951171875000e+01
6.021999835968017578e+00
9.524999618530273438e+00
2.787999916076660156e+01
3.621400070190429688e+01
6.888999938964843750e+00
2.774300003051757812e+01
7.160999774932861328e+00
1.351299953460693359e+01
3.067000007629394531e+01
4.824800109863281250e+01
3.488000106811523438e+01
7.520999908447265625e+00
1.597000002861022949e+00
8.109999895095825195e-01
9.180999755859375000e+00
1.198499965667724609e+01
9.588000297546386719e+00
4.417399978637695312e+01
1.217399978637695312e+01
5.597000122070312500e+00
1.260799980163574219e+01
2.743000030517578125e+00
4.149300003051757812e+01
1.323799991607666016e+01
8.295999908447265625e+01
1.190699958801269531e+01
8.890999794006347656e+00
3.842999935150146484e+00
3.029999971389770508e+00
5.359000205993652344e+00
8.291999816894531250e+00
2.799999952316284180e+00
3.486999988555908203e+00
9.428000450134277344e+00
1.550800037384033203e+01
9.161999702453613281e+00
3.901900100708007812e+01
5.309000015258789062e+00
4.138499832153320312e+01
9.229999780654907227e-01
1.013899993896484375e+01
7.518000125885009766e+00
3.043099975585937500e+01
3.440999984741210938e+00
7.850999832153320312e+00
2.529000043869018555e+00
4.659999847412109375e+00
3.030999898910522461e+00
1.376500034332275391e+01
2.592999935150146484e+00
1.283899974822998047e+01
8.461000442504882812e+00
1.284899997711181641e+01
3.901000022888183594e+00
1.081099987030029297e+01
3.563800048828125000e+01
6.022999763488769531e+00
2.285000085830688477e+00
9.427000045776367188e+00
4.939000129699707031e+00
2.617000102996826172e+00
7.638000011444091797e+00
4.317399978637695312e+01
5.438000202178955078e+00
7.356300354003906250e+01
2.930999994277954102e+00
4.767499923706054688e+01
6.260000228881835938e+00
1.538300037384033203e+01
1.830599975585937500e+01
3.592200088500976562e+01
9.086000442504882812e+00
3.073500061035156250e+01
1.347799968719482422e+01
8.659000396728515625e+00
3.889599990844726562e+01
1.024100017547607422e+01
4.314500045776367188e+01
5.352000236511230469e+00
1.280700016021728516e+01
3.321799850463867188e+01
4.494999885559082031e+00
1.463999986648559570e+00
1.589790039062500000e+02
1.746809997558593750e+02
8.897000312805175781e+00
7.565999984741210938e+00
1.811400032043457031e+01
1.912500000000000000e+01
2.650000095367431641e+00
2.014500045776367188e+01
3.487099838256835938e+01
1.073200035095214844e+01
2.373500061035156250e+01
5.867000102996826172e+00
3.665999889373779297e+00
3.088550109863281250e+02
1.252700042724609375e+01
6.404000091552734375e+01
4.473000049591064453e+00
8.659000396728515625e+00
1.225199985504150391e+01
1.380390014648437500e+02
1.046000003814697266e+01
9.337799835205078125e+01
5.585000038146972656e+00
5.085999965667724609e+00
1.634999990463256836e+00
2.705100059509277344e+01
1.015499973297119141e+01
1.103000044822692871e+00
2.157999992370605469e+00
6.572000026702880859e+00
2.085999965667724609e+00
3.890000104904174805e+00
3.595700073242187500e+01
6.130300140380859375e+01
3.849999904632568359e+00
2.734199905395507812e+01
9.723999977111816406e+00
1.396399974822998047e+01
5.370999813079833984e+00
3.680060119628906250e+02
5.385000228881835938e+00
2.892300033569335938e+01
6.004800033569335938e+01
2.375399971008300781e+01
5.303200149536132812e+01
1.646599960327148438e+01
7.008999824523925781e+00
6.651000022888183594e+00
4.267800140380859375e+01
1.326500034332275391e+01
2.219899940490722656e+01
6.662000179290771484e+00
1.625000000000000000e+01
2.175499916076660156e+01
4.692399978637695312e+01
1.646699905395507812e+01
2.048000097274780273e+00
2.653000116348266602e+00
2.115690002441406250e+02
1.866000056266784668e+00
2.443499946594238281e+01
1.108399963378906250e+01
7.717000007629394531e+00
1.060999965667724609e+01
6.341000080108642578e+00
1.521700000762939453e+01
1.955900001525878906e+01
1.580599975585937500e+01
3.285599899291992188e+01
8.097000122070312500e+00
1.096199989318847656e+01
4.550999832153320312e+01
1.477299976348876953e+01
3.226999998092651367e+00
3.323999881744384766e+00
9.965000152587890625e+00
1.532199954986572266e+01
6.397999763488769531e+00
3.570600128173828125e+01
2.034499931335449219e+01
2.345999956130981445e+00
4.322499847412109375e+01
4.924200057983398438e+01
4.184000015258789062e+00
6.353000164031982422e+00
1.203219985961914062e+02
1.029899978637695312e+01
2.161000013351440430e+00
3.040800094604492188e+01
2.126600074768066406e+01
6.394000053405761719e+00
3.342699813842773438e+01
3.202500152587890625e+01
1.281000018119812012e+00
6.377999782562255859e+00
1.977599906921386719e+01
1.193900012969970703e+01
2.858529968261718750e+02
9.453500366210937500e+01
4.686700057983398438e+01
1.031799983978271484e+01
2.285700035095214844e+01
2.783999919891357422e+00
3.642999887466430664e+00
5.872000217437744141e+00
6.256900024414062500e+01
6.243000030517578125e+00
2.849999904632568359e+00
5.890200042724609375e+01
6.337699890136718750e+01
2.493999958038330078e+00
5.731100082397460938e+01
1.632600021362304688e+01
5.881000041961669922e+00
1.093999958038330078e+01
1.819000005722045898e+00
4.590000152587890625e+00
2.201700019836425781e+01
3.348099899291992188e+01
8.352000236511230469e+00
1.183300018310546875e+01
2.886000061035156250e+01
1.407999992370605469e+01
3.265700149536132812e+01
1.399300003051757812e+01
4.194100189208984375e+01
6.275899887084960938e+01
7.316999912261962891e+00
3.004000091552734375e+01
3.360900115966796875e+01
7.565999984741210938e+00
5.285100173950195312e+01
3.190000057220458984e+00
1.650000065565109253e-01
2.279100036621093750e+01
6.454699707031250000e+01
6.513999938964843750e+00
2.892300033569335938e+01
1.361400032043457031e+01
9.109000205993652344e+00
9.630999565124511719e+00
3.356399917602539062e+01
1.071800041198730469e+01
2.098999977111816406e+00
5.096699905395507812e+01
2.244599914550781250e+01
3.937999963760375977e+00
2.714800071716308594e+01
9.902000427246093750e+00
2.138899993896484375e+01
4.332179870605468750e+02
1.084500026702880859e+01
3.786999940872192383e+00
1.067899990081787109e+01
8.803999900817871094e+00
4.133999824523925781e+00
1.555500030517578125e+01
4.723999977111816406e+00
4.434999942779541016e+00
9.449999809265136719e+00
4.090499877929687500e+01
1.861999988555908203e+00
3.079999923706054688e+00
4.703000068664550781e+00
5.248000144958496094e+00
6.657999992370605469e+00
4.386399841308593750e+01
2.157099914550781250e+01
2.942399978637695312e+01
1.227400016784667969e+01
4.631999969482421875e+00
1.895800018310546875e+01
8.756999969482421875e+00
1.364799976348876953e+01
1.404500007629394531e+01
2.930000066757202148e+00
2.973000049591064453e+00
1.623399925231933594e+01
1.037699985504150391e+01
3.033300018310546875e+01
2.497800064086914062e+01
3.592999935150146484e+00
2.797100067138671875e+01
3.255000114440917969e+00
2.121999931335449219e+01
2.271400070190429688e+01
2.924999952316284180e+00
5.703000068664550781e+00
8.666000366210937500e+00
1.478400039672851562e+01
6.159999847412109375e+00
1.244499969482421875e+01
2.170100021362304688e+01
1.180200004577636719e+01
1.570999979972839355e+00
7.307900238037109375e+01
6.592999935150146484e+00
1.156000018119812012e+00
3.126600074768066406e+01
1.863800048828125000e+01
3.852999925613403320e+00
5.248000144958496094e+00
7.294499969482421875e+01
6.111000061035156250e+00
7.220700073242187500e+01
4.520999908447265625e+00
1.027999997138977051e+00
6.171000003814697266e+00
3.253999948501586914e+00
1.662500000000000000e+01
2.309499931335449219e+01
6.432000160217285156e+00
6.778999805450439453e+00
1.366000056266784668e+00
2.702199935913085938e+01
1.383399963378906250e+01
3.914999961853027344e+00
2.374300003051757812e+01
4.475099945068359375e+01
5.751999855041503906e+00
4.407000064849853516e+00
1.961000061035156250e+01
1.137899971008300781e+01
1.164700031280517578e+01
3.798799896240234375e+01
3.272299957275390625e+01
8.644000053405761719e+00
9.397999763488769531e+00
1.218400001525878906e+01
4.374000072479248047e+00
1.210299968719482422e+01
3.954899978637695312e+01
6.372000217437744141e+00
8.781999588012695312e+00
2.430999994277954102e+00
6.663000106811523438e+00
4.544000148773193359e+00
4.419000148773193359e+00
2.229199981689453125e+01
8.807999610900878906e+00
3.910260009765625000e+02
2.452700042724609375e+01
2.044499969482421875e+01
8.786999702453613281e+00
5.532999992370605469e+00
3.108099937438964844e+01
1.516499996185302734e+01
6.302000045776367188e+00
2.037899971008300781e+01
9.800000190734863281e+00
3.532999992370605469e+00
2.393499946594238281e+01
4.276999950408935547e+00
4.588800048828125000e+01
2.543999910354614258e+00
1.130599975585937500e+01
1.057000041007995605e+00
3.960999965667724609e+00
9.071000099182128906e+00
2.274900054931640625e+01
2.436599922180175781e+01
