4.589999914169311523e-01
1.239999979734420776e-01
2.779999971389770508e-01
1.920000016689300537e-01
7.129999995231628418e-01
9.089999794960021973e-01
1.404999971389770508e+00
9.399999976158142090e-01
5.339999794960021973e-01
1.047000050544738770e+00
2.630000114440917969e-01
3.089999854564666748e-01
2.707000017166137695e+00
2.479999959468841553e-01
1.437999963760375977e+00
5.799999833106994629e-02
1.040000021457672119e-01
1.920000016689300537e-01
6.280000209808349609e-01
1.547000050544738770e+00
1.641000032424926758e+00
5.400000214576721191e-01
7.940000295639038086e-01
2.220000028610229492e+00
5.999999865889549255e-02
4.679999947547912598e-01
1.664000034332275391e+00
2.249999940395355225e-01
1.154999971389770508e+00
4.320000112056732178e-01
1.350000053644180298e-01
1.787999987602233887e+00
8.629999756813049316e-01
4.990000128746032715e-01
4.860000014305114746e-01
8.999999612569808960e-03
3.400000184774398804e-02
1.759999990463256836e+00
2.349999994039535522e-01
9.200000017881393433e-02
3.219999969005584717e-01
2.610000073909759521e-01
3.003000020980834961e+00
4.339999854564666748e-01
6.449999809265136719e-01
1.467000007629394531e+00
3.600000143051147461e-01
8.090000152587890625e-01
3.199999928474426270e-01
1.309999972581863403e-01
1.075000047683715820e+00
1.140000000596046448e-01
7.500000000000000000e-01
1.784000039100646973e+00
1.159999966621398926e+00
4.850000143051147461e-01
1.424999952316284180e+00
1.616000056266784668e+00
2.150000035762786865e-01
7.649999856948852539e-01
6.959999799728393555e-01
3.639999926090240479e-01
1.640000045299530029e-01
8.200000226497650146e-02
8.029999732971191406e-01
1.253999948501586914e+00
4.679999947547912598e-01
1.213999986648559570e+00
2.479999959468841553e-01
2.500000000000000000e-01
5.109999775886535645e-01
1.089999973773956299e-01
7.319999933242797852e-01
1.207000017166137695e+00
2.500000000000000000e-01
3.659999966621398926e-01
3.600000143051147461e-01
4.120000004768371582e-01
2.419999986886978149e-01
1.300000026822090149e-02
3.269999921321868896e-01
4.810000061988830566e-01
6.370000243186950684e-01
2.010000050067901611e-01
1.070000007748603821e-01
1.167999982833862305e+00
1.019999980926513672e-01
1.210999965667724609e+00
3.199999928474426270e-01
9.340000152587890625e-01
3.440000116825103760e-01
1.829999983310699463e-01
9.530000090599060059e-01
3.999999910593032837e-02
2.759999930858612061e-01
4.129999876022338867e-01
7.000000029802322388e-02
1.291000008583068848e+00
3.899999856948852539e-01
9.340000152587890625e-01
2.259999960660934448e-01
8.799999952316284180e-02
9.259999990463256836e-01
1.099999994039535522e-02
2.099999971687793732e-02
2.555000066757202148e+00
2.220000028610229492e-01
1.949999928474426270e-01
1.842000007629394531e+00
2.840000092983245850e-01
2.600000053644180298e-02
2.036999940872192383e+00
1.180000007152557373e-01
1.297999978065490723e+00
2.349999994039535522e-01
3.720000088214874268e-01
6.499999761581420898e-01
7.269999980926513672e-01
1.389999985694885254e-01
1.560000032186508179e-01
3.569999933242797852e-01
1.881000041961669922e+00
7.990000247955322266e-01
6.629999876022338867e-01
6.899999827146530151e-02
2.199999988079071045e-02
1.280000060796737671e-01
1.879999935626983643e-01
7.900000214576721191e-01
1.169999986886978149e-01
1.868000030517578125e+00
2.370000034570693970e-01
1.481999993324279785e+00
3.160000145435333252e-01
6.549999713897705078e-01
2.879999876022338867e-01
1.184000015258789062e+00
2.070000022649765015e-01
6.470000147819519043e-01
3.589999973773956299e-01
1.192999958992004395e+00
9.430000185966491699e-01
1.150000020861625671e-01
8.500000238418579102e-01
4.790000021457672119e-01
4.440000057220458984e-01
2.450000047683715820e-01
6.510000228881835938e-01
3.580000102519989014e-01
6.300000101327896118e-02
8.859999775886535645e-01
1.175999999046325684e+00
3.900000080466270447e-02
5.770000219345092773e-01
3.179999887943267822e-01
1.289999932050704956e-01
1.239999979734420776e-01
9.919999837875366211e-01
2.160000056028366089e-01
2.140000015497207642e-01
2.619999945163726807e-01
1.554999947547912598e+00
5.099999904632568359e-02
1.437999963760375977e+00
1.599999964237213135e-01
7.929999828338623047e-01
1.369999945163726807e-01
1.019999980926513672e-01
6.090000271797180176e-01
1.335999965667724609e+00
3.100000023841857910e-01
5.299999937415122986e-02
3.140000104904174805e-01
4.280000030994415283e-01
4.979999959468841553e-01
4.269999861717224121e-01
1.271999955177307129e+00
4.199999943375587463e-02
2.500000000000000000e-01
9.309999942779541016e-01
6.190000176429748535e-01
4.149999916553497314e-01
3.750000000000000000e-01
4.690000116825103760e-01
7.229999899864196777e-01
7.310000061988830566e-01
1.184999942779541016e+00
1.134999990463256836e+00
4.460000097751617432e-01
2.800000086426734924e-02
2.099999934434890747e-01
5.929999947547912598e-01
2.179999947547912598e-01
2.150000035762786865e-01
1.700000017881393433e-01
1.424000024795532227e+00
2.150000035762786865e-01
6.700000166893005371e-01
1.800000071525573730e-01
7.299999892711639404e-02
1.470000028610229492e+00
1.353000044822692871e+00
5.200000107288360596e-02
6.000000052154064178e-03
5.809999704360961914e-01
1.389999985694885254e-01
1.920000016689300537e-01
8.759999871253967285e-01
4.460000097751617432e-01
1.098000049591064453e+00
1.133999943733215332e+00
6.069999933242797852e-01
1.042999982833862305e+00
2.739999890327453613e-01
9.700000286102294922e-02
2.500000037252902985e-02
1.797000050544738770e+00
1.749999970197677612e-01
8.920000195503234863e-01
1.190000027418136597e-01
6.449999809265136719e-01
2.335999965667724609e+00
6.380000114440917969e-01
1.072999954223632812e+00
8.209999799728393555e-01
7.559999823570251465e-01
6.710000038146972656e-01
3.689999878406524658e-01
5.740000009536743164e-01
1.560999989509582520e+00
8.399999737739562988e-01
6.300000101327896118e-02
4.199999943375587463e-02
4.490000009536743164e-01
8.759999871253967285e-01
3.869999945163726807e-01
1.909999996423721313e-01
5.709999799728393555e-01
2.460000067949295044e-01
7.369999885559082031e-01
1.832999944686889648e+00
1.082000017166137695e+00
6.060000061988830566e-01
5.159999728202819824e-01
3.930000066757202148e-01
2.649999856948852539e-01
5.499999970197677612e-02
2.349999994039535522e-01
2.360000014305114746e-01
3.190000057220458984e-01
2.020999908447265625e+00
2.555999994277954102e+00
1.400000043213367462e-02
2.039999961853027344e-01
1.959999948740005493e-01
1.080000028014183044e-01
7.689999938011169434e-01
8.700000047683715820e-01
7.599999904632568359e-01
1.099999994039535522e-02
3.269999921321868896e-01
2.029999941587448120e-01
7.599999904632568359e-01
6.499999761581420898e-02
9.689999818801879883e-01
1.000000047497451305e-03
7.229999899864196777e-01
5.950000286102294922e-01
6.039999723434448242e-01
2.169999927282333374e-01
8.699999749660491943e-02
6.199999898672103882e-02
8.820000290870666504e-01
6.629999876022338867e-01
1.411000013351440430e+00
4.078999996185302734e+00
8.200000226497650146e-02
2.800000086426734924e-02
9.789999723434448242e-01
2.649999856948852539e-01
4.309999942779541016e-01
1.089999973773956299e-01
2.500000037252902985e-02
6.579999923706054688e-01
5.310000181198120117e-01
1.281000018119812012e+00
1.205999970436096191e+00
2.989999949932098389e-01
3.229000091552734375e+00
1.763000011444091797e+00
1.572000026702880859e+00
8.429999947547912598e-01
8.489999771118164062e-01
1.969999969005584717e-01
3.400000184774398804e-02
2.400000020861625671e-02
2.430000007152557373e-01
1.840000003576278687e-01
1.258999943733215332e+00
1.161000013351440430e+00
1.238999962806701660e+00
3.120000064373016357e-01
6.779999732971191406e-01
5.000000074505805969e-02
2.160000056028366089e-01
5.600000172853469849e-02
1.689999997615814209e-01
5.030000209808349609e-01
1.899999976158142090e-01
4.810000061988830566e-01
7.440000176429748535e-01
1.225000023841857910e+00
4.880000054836273193e-01
1.621000051498413086e+00
7.500000000000000000e-01
2.179999947547912598e-01
2.999999932944774628e-02
3.140000104904174805e-01
1.597000002861022949e+00
2.569999992847442627e-01
6.309999823570251465e-01
8.799999952316284180e-02
1.100999951362609863e+00
3.950000107288360596e-01
1.410000026226043701e-01
5.860000252723693848e-01
5.499999970197677612e-02
2.169999927282333374e-01
4.079999923706054688e-01
1.669999957084655762e-01
1.700000017881393433e-01
8.159999847412109375e-01
2.540000081062316895e-01
1.343000054359436035e+00
3.689999878406524658e-01
5.260000228881835938e-01
7.800000160932540894e-02
2.969999909400939941e-01
1.809999942779541016e-01
8.000000379979610443e-03
2.282000064849853516e+00
7.739999890327453613e-01
4.720000028610229492e-01
7.950000166893005371e-01
7.789999842643737793e-01
8.889999985694885254e-01
1.245000004768371582e+00
6.420000195503234863e-01
8.100000023841857910e-02
3.819999992847442627e-01
6.930000185966491699e-01
2.610000073909759521e-01
1.909999996423721313e-01
8.790000081062316895e-01
4.050000011920928955e-01
5.690000057220458984e-01
3.980000019073486328e-01
2.870000004768371582e-01
8.650000095367431641e-01
3.000000026077032089e-03
3.059999942779541016e-01
7.599999755620956421e-02
6.970000267028808594e-01
1.031000018119812012e+00
4.350000023841857910e-01
8.399999737739562988e-01
1.780000030994415283e-01
4.830000102519989014e-01
1.379999965429306030e-01
2.939999997615814209e-01
5.321000099182128906e+00
1.799999922513961792e-02
2.800000011920928955e-01
2.300000041723251343e-01
3.919999897480010986e-01
6.300000101327896118e-02
7.800000160932540894e-02
3.359999954700469971e-01
4.850000143051147461e-01
6.890000104904174805e-01
1.650000065565109253e-01
6.019999980926513672e-01
4.920000135898590088e-01
1.870000064373016357e-01
1.059999987483024597e-01
9.350000023841857910e-01
8.199999928474426270e-01
6.380000114440917969e-01
5.860000252723693848e-01
1.514000058174133301e+00
6.830000281333923340e-01
6.700000166893005371e-02
2.440999984741210938e+00
1.180000007152557373e-01
7.760000228881835938e-01
5.499999970197677612e-02
6.959999799728393555e-01
9.869999885559082031e-01
4.690000116825103760e-01
2.066999912261962891e+00
1.105000019073486328e+00
2.579999864101409912e-01
1.120000034570693970e-01
5.000000000000000000e-01
7.459999918937683105e-01
8.240000009536743164e-01
3.000000026077032089e-03
2.939999997615814209e-01
5.600000172853469849e-02
7.299999892711639404e-02
3.429999947547912598e-01
2.233999967575073242e+00
1.199999973177909851e-01
9.200000017881393433e-02
5.260000228881835938e-01
2.820000052452087402e-01
3.400000184774398804e-02
3.160000145435333252e-01
2.419999986886978149e-01
4.819999933242797852e-01
5.000000074505805969e-02
5.279999971389770508e-01
1.317000031471252441e+00
6.100000068545341492e-02
1.850000023841857910e-01
3.630000054836273193e-01
2.800000086426734924e-02
2.129999995231628418e-01
3.849999904632568359e-01
2.730000019073486328e-01
6.399999856948852539e-01
5.149999856948852539e-01
2.520000040531158447e-01
4.690000116825103760e-01
2.236000061035156250e+00
1.999999955296516418e-02
2.469999939203262329e-01
5.759999752044677734e-01
6.079999804496765137e-01
1.085000038146972656e+00
2.080000042915344238e-01
2.800000086426734924e-02
1.850000023841857910e-01
1.526999950408935547e+00
3.610000014305114746e-01
3.849999904632568359e-01
3.409999907016754150e-01
1.705999970436096191e+00
7.760000228881835938e-01
4.609999954700469971e-01
6.349999904632568359e-01
8.360000252723693848e-01
4.589999914169311523e-01
4.800000041723251343e-02
3.039999902248382568e-01
5.809999704360961914e-01
2.010000050067901611e-01
6.899999827146530151e-02
8.560000061988830566e-01
1.320000052452087402e+00
6.000000052154064178e-03
5.199999809265136719e-01
9.789999723434448242e-01
1.909999996423721313e-01
4.110000133514404297e-01
4.889999926090240479e-01
1.254999995231628418e+00
2.860000133514404297e-01
2.450000047683715820e-01
3.200000151991844177e-02
1.000000014901161194e-01
1.000000047497451305e-03
5.659999847412109375e-01
6.919999718666076660e-01
1.756000041961669922e+00
4.210000038146972656e-01
2.329999953508377075e-01
3.880000114440917969e-01
1.829999983310699463e-01
5.899999737739562988e-01
1.589999943971633911e-01
2.102999925613403320e+00
2.070000022649765015e-01
3.000000026077032089e-03
2.189999967813491821e-01
8.040000200271606445e-01
3.079999983310699463e-01
6.999999880790710449e-01
1.437000036239624023e+00
6.480000019073486328e-01
1.850000023841857910e-01
1.008999943733215332e+00
1.934000015258789062e+00
4.720000028610229492e-01
8.240000009536743164e-01
3.619999885559082031e-01
7.559999823570251465e-01
3.219999969005584717e-01
1.608000040054321289e+00
5.529999732971191406e-01
1.452999949455261230e+00
9.499999880790710449e-01
1.524999976158142090e+00
1.644000053405761719e+00
8.539999723434448242e-01
8.019999861717224121e-01
3.070000112056732178e-01
2.247999906539916992e+00
7.680000066757202148e-01
3.610000014305114746e-01
2.099999934434890747e-01
4.180000126361846924e-01
5.099999904632568359e-02
3.310000002384185791e-01
2.709999978542327881e-01
0.000000000000000000e+00
8.790000081062316895e-01
2.489999979734420776e-01
2.419999986886978149e-01
9.380000233650207520e-01
2.280000001192092896e-01
8.500000238418579102e-01
7.699999958276748657e-02
3.338000059127807617e+00
9.799999743700027466e-02
1.180000007152557373e-01
1.560000032186508179e-01
1.299000024795532227e+00
3.151999950408935547e+00
3.030000030994415283e-01
1.999999955296516418e-02
2.290000021457672119e-01
5.109999775886535645e-01
1.302000045776367188e+00
6.370000243186950684e-01
2.736999988555908203e+00
6.899999976158142090e-01
2.875999927520751953e+00
9.399999678134918213e-02
2.099999934434890747e-01
9.290000200271606445e-01
1.174999952316284180e+00
7.500000298023223877e-02
2.194999933242797852e+00
2.065000057220458984e+00
8.399999886751174927e-02
4.320000112056732178e-01
5.559999942779541016e-01
1.990000009536743164e-01
1.315999984741210938e+00
5.730000138282775879e-01
6.140000224113464355e-01
1.580000072717666626e-01
1.585999965667724609e+00
3.729999959468841553e-01
6.610000133514404297e-01
7.199999690055847168e-02
1.205999970436096191e+00
1.539999991655349731e-01
4.259999990463256836e-01
6.179999709129333496e-01
5.830000042915344238e-01
1.013000011444091797e+00
1.536999940872192383e+00
2.808000087738037109e+00
2.599999904632568359e-01
4.800000041723251343e-02
5.730000138282775879e-01
6.389999985694885254e-01
1.105999946594238281e+00
7.789999842643737793e-01
9.300000220537185669e-02
1.599999964237213135e-01
9.980000257492065430e-01
1.001000046730041504e+00
2.919999957084655762e-01
2.569999992847442627e-01
3.319999873638153076e-01
7.910000085830688477e-01
1.580000042915344238e+00
1.700000092387199402e-02
2.288000106811523438e+00
1.040000021457672119e-01
7.549999952316284180e-01
1.743999958038330078e+00
1.784000039100646973e+00
1.379999965429306030e-01
1.570000052452087402e-01
1.979999989271163940e-01
8.529999852180480957e-01
1.152999997138977051e+00
1.141000032424926758e+00
5.400000214576721191e-01
2.820000052452087402e-01
1.780000030994415283e-01
4.600000083446502686e-01
8.360000252723693848e-01
3.370000123977661133e-01
3.050000071525573730e-01
6.250000000000000000e-01
9.799999743700027466e-02
3.709999918937683105e-01
7.879999876022338867e-01
1.491000056266784668e+00
3.630000054836273193e-01
2.160000056028366089e-01
7.340000271797180176e-01
1.979999989271163940e-01
8.370000123977661133e-01
1.097000002861022949e+00
1.396999955177307129e+00
1.710000038146972656e-01
4.720000028610229492e-01
4.999999888241291046e-03
6.970000267028808594e-01
4.900000095367431641e-01
2.800000086426734924e-02
2.019999980926513672e+00
6.800000369548797607e-02
1.150000020861625671e-01
1.597000002861022949e+00
1.664000034332275391e+00
4.399999976158142090e-02
2.160000056028366089e-01
7.739999890327453613e-01
1.480000019073486328e-01
1.400000005960464478e-01
6.589999794960021973e-01
5.820000171661376953e-01
6.200000047683715820e-01
2.220000028610229492e-01
5.090000033378601074e-01
4.420000016689300537e-01
1.567000031471252441e+00
7.720000147819519043e-01
1.979999989271163940e-01
2.249999940395355225e-01
1.560000032186508179e-01
4.000000189989805222e-03
5.730000138282775879e-01
1.149000048637390137e+00
9.099999815225601196e-02
6.300000101327896118e-02
3.860000073909759521e-01
1.514000058174133301e+00
5.999999865889549255e-02
6.330000162124633789e-01
9.750000238418579102e-01
1.685999989509582520e+00
3.339999914169311523e-01
3.630000054836273193e-01
4.020000100135803223e-01
1.720999956130981445e+00
2.099999934434890747e-01
1.270000040531158447e-01
3.500000014901161194e-02
7.829999923706054688e-01
1.011000037193298340e+00
4.120000004768371582e-01
7.310000061988830566e-01
1.024000048637390137e+00
5.630000233650207520e-01
2.628000020980834961e+00
2.910000085830688477e-01
1.840000003576278687e-01
1.972000002861022949e+00
1.021000027656555176e+00
5.509999990463256836e-01
9.760000109672546387e-01
6.499999761581420898e-02
1.059999987483024597e-01
4.399999976158142090e-01
2.010000050067901611e-01
1.600000075995922089e-02
6.209999918937683105e-01
4.180000126361846924e-01
1.779000043869018555e+00
8.209999799728393555e-01
4.699999839067459106e-02
2.039999961853027344e+00
3.500000014901161194e-02
7.030000090599060059e-01
4.359999895095825195e-01
1.465999960899353027e+00
1.700000017881393433e-01
5.900000035762786865e-02
3.006000041961669922e+00
1.269999980926513672e+00
9.940000176429748535e-01
3.970000147819519043e-01
1.100000023841857910e+00
4.699999839067459106e-02
1.248999953269958496e+00
5.249999761581420898e-01
7.609999775886535645e-01
1.860000044107437134e-01
1.829999983310699463e-01
3.659999966621398926e-01
2.099999971687793732e-02
1.400000043213367462e-02
2.489999979734420776e-01
5.099999904632568359e-01
1.064000010490417480e+00
1.830999970436096191e+00
1.250000000000000000e-01
5.120000243186950684e-01
1.097000002861022949e+00
2.029999941587448120e-01
1.069000005722045898e+00
1.899999976158142090e-01
4.399999976158142090e-02
2.000000094994902611e-03
1.493000030517578125e+00
3.720000088214874268e-01
1.116999983787536621e+00
4.000000189989805222e-03
1.200000010430812836e-02
3.089999854564666748e-01
8.820000290870666504e-01
4.280000030994415283e-01
7.400000095367431641e-02
5.220000147819519043e-01
5.019999742507934570e-01
1.669999957084655762e-01
2.070000022649765015e-01
8.859999775886535645e-01
1.330000013113021851e-01
3.210000038146972656e+00
5.379999876022338867e-01
7.340000271797180176e-01
3.680000007152557373e-01
3.680000007152557373e-01
1.282999992370605469e+00
5.580000281333923340e-01
9.190000295639038086e-01
2.800000086426734924e-02
4.659999907016754150e-01
3.149999976158142090e-01
5.619999766349792480e-01
6.840000152587890625e-01
7.450000047683715820e-01
1.600000075995922089e-02
2.800000086426734924e-02
5.289999842643737793e-01
9.919999837875366211e-01
1.537999987602233887e+00
1.459999978542327881e-01
1.276000022888183594e+00
7.749999761581420898e-01
7.900000363588333130e-02
1.509999990463256836e+00
1.779000043869018555e+00
1.886999964714050293e+00
4.880000054836273193e-01
2.299000024795532227e+00
2.259999960660934448e-01
1.695000052452087402e+00
2.879999876022338867e-01
1.008000016212463379e+00
8.200000226497650146e-02
8.600000292062759399e-02
4.009999930858612061e-01
2.367000102996826172e+00
2.999999932944774628e-02
8.740000128746032715e-01
4.810000061988830566e-01
3.910000026226043701e-01
1.239999979734420776e-01
1.099999994039535522e-01
8.410000205039978027e-01
7.590000033378601074e-01
1.677000045776367188e+00
2.028000116348266602e+00
2.150000035762786865e-01
8.840000033378601074e-01
4.500000178813934326e-02
2.380000054836273193e-01
6.259999871253967285e-01
2.919999957084655762e-01
6.299999952316284180e-01
7.440000176429748535e-01
2.039000034332275391e+00
4.440000057220458984e-01
3.519999980926513672e-01
7.149999737739562988e-01
9.620000123977661133e-01
5.569999814033508301e-01
4.889999926090240479e-01
1.620000004768371582e-01
3.319999873638153076e-01
3.089999854564666748e-01
1.220000028610229492e+00
9.999999776482582092e-03
9.959999918937683105e-01
3.500000014901161194e-02
8.109999895095825195e-01
2.000000029802322388e-01
1.108999967575073242e+00
2.770000100135803223e-01
1.200000047683715820e+00
6.309999823570251465e-01
3.700000047683715820e-02
1.184999942779541016e+00
8.100000023841857910e-02
1.949999928474426270e-01
1.848000049591064453e+00
5.000000074505805969e-02
3.619999885559082031e-01
6.069999933242797852e-01
1.260000020265579224e-01
4.629999995231628418e-01
8.560000061988830566e-01
9.459999799728393555e-01
2.223999977111816406e+00
3.459999859333038330e-01
9.000000357627868652e-02
3.479999899864196777e-01
1.439999938011169434e-01
2.628999948501586914e+00
4.950000047683715820e-01
7.000000216066837311e-03
1.840000003576278687e-01
2.071000099182128906e+00
8.750000000000000000e-01
7.160000205039978027e-01
3.379999995231628418e-01
1.886000037193298340e+00
1.609999984502792358e-01
3.099999949336051941e-02
4.160000085830688477e-01
2.453999996185302734e+00
2.020000070333480835e-01
8.920000195503234863e-01
4.779999852180480957e-01
3.580000102519989014e-01
7.699999958276748657e-02
2.380000054836273193e-01
1.585999965667724609e+00
4.210000038146972656e-01
7.509999871253967285e-01
3.280000090599060059e-01
5.260000228881835938e-01
4.830000102519989014e-01
1.998000025749206543e+00
3.280000090599060059e-01
1.713999986648559570e+00
2.300000041723251343e-01
6.380000114440917969e-01
4.429999887943267822e-01
5.230000019073486328e-01
4.530000090599060059e-01
1.280000060796737671e-01
1.550000011920928955e-01
1.634999990463256836e+00
3.999999910593032837e-02
7.400000095367431641e-02
9.129999876022338867e-01
7.900000363588333130e-02
1.422000050544738770e+00
4.999999888241291046e-03
6.199999898672103882e-02
2.610000073909759521e-01
9.259999990463256836e-01
8.019999861717224121e-01
1.523000001907348633e+00
2.119999974966049194e-01
8.200000226497650146e-02
3.680000007152557373e-01
3.050000071525573730e-01
2.759999930858612061e-01
2.930000126361846924e-01
1.620000004768371582e-01
6.949999928474426270e-01
2.800000011920928955e-01
2.088000059127807617e+00
6.700000166893005371e-02
6.259999871253967285e-01
4.230000078678131104e-01
2.080000042915344238e-01
1.299999952316284180e-01
6.190000176429748535e-01
5.379999876022338867e-01
8.040000200271606445e-01
2.199999988079071045e-01
2.140000015497207642e-01
1.199999973177909851e-01
1.429999947547912598e+00
1.030000001192092896e-01
8.550000190734863281e-01
8.289999961853027344e-01
1.754999995231628418e+00
1.370000004768371582e+00
7.110000252723693848e-01
3.299999982118606567e-02
6.710000038146972656e-01
6.320000290870666504e-01
7.000000029802322388e-02
2.440000027418136597e-01
8.299999684095382690e-02
1.258000016212463379e+00
5.839999914169311523e-01
5.009999871253967285e-01
3.000000026077032089e-03
1.036999940872192383e+00
1.400000005960464478e-01
5.659999847412109375e-01
8.679999709129333496e-01
5.329999923706054688e-01
1.116999983787536621e+00
3.157999992370605469e+00
3.210000097751617432e-01
6.290000081062316895e-01
1.044000029563903809e+00
7.929999828338623047e-01
4.420000016689300537e-01
8.900000154972076416e-02
2.329999953508377075e-01
1.899999976158142090e-01
1.829999983310699463e-01
1.539999961853027344e+00
2.119999974966049194e-01
1.549000024795532227e+00
4.970000088214874268e-01
3.400000035762786865e-01
1.493000030517578125e+00
1.088000059127807617e+00
2.890000045299530029e-01
4.009999930858612061e-01
9.900000095367431641e-01
1.759999990463256836e-01
1.840000003576278687e-01
7.070000171661376953e-01
1.000000047497451305e-03
6.159999966621398926e-01
2.460000067949295044e-01
3.339999914169311523e-01
1.125000000000000000e+00
3.429999947547912598e-01
8.159999847412109375e-01
5.939999818801879883e-01
1.220000013709068298e-01
8.600000292062759399e-02
1.179000020027160645e+00
1.299999952316284180e-01
5.600000172853469849e-02
1.126000046730041504e+00
2.800000086426734924e-02
5.059999823570251465e-01
1.671000003814697266e+00
4.670000076293945312e-01
7.400000095367431641e-02
1.717000007629394531e+00
3.109999895095825195e-01
6.740000247955322266e-01
2.371999979019165039e+00
1.300000026822090149e-02
4.600000008940696716e-02
1.560999989509582520e+00
4.699999988079071045e-01
2.310000061988830566e-01
3.639999926090240479e-01
7.969999909400939941e-01
8.050000071525573730e-01
9.679999947547912598e-01
1.860000044107437134e-01
2.035000085830688477e+00
3.810000121593475342e-01
8.410000205039978027e-01
3.750000000000000000e-01
4.350000023841857910e-01
1.182000041007995605e+00
2.179999947547912598e-01
1.184000015258789062e+00
2.090000063180923462e-01
1.371000051498413086e+00
1.307000041007995605e+00
1.598999977111816406e+00
3.919999897480010986e-01
3.889999985694885254e-01
2.335000038146972656e+00
6.000000052154064178e-03
7.160000205039978027e-01
3.099999949336051941e-02
6.579999923706054688e-01
1.870000064373016357e-01
5.389999747276306152e-01
2.879999876022338867e-01
1.241000056266784668e+00
8.289999961853027344e-01
1.302999973297119141e+00
3.980000019073486328e-01
1.270000040531158447e-01
1.078999996185302734e+00
7.189999818801879883e-01
7.170000076293945312e-01
4.810000061988830566e-01
1.879999935626983643e-01
2.870000004768371582e-01
2.119999885559082031e+00
4.359999895095825195e-01
