7.520949707031250000e+02
9.544619750976562500e+02
3.019464687500000000e+05
5.208729858398437500e+02
2.956960144042968750e+02
8.371140136718750000e+02
7.151989746093750000e+02
2.160559997558593750e+02
2.424730072021484375e+02
4.533689880371093750e+02
2.715543945312500000e+03
7.353975781250000000e+04
6.662319946289062500e+02
5.553969726562500000e+02
3.447550048828125000e+02
2.076620025634765625e+02
9.210520019531250000e+02
1.600358032226562500e+03
1.549120025634765625e+02
4.885790100097656250e+02
1.955650024414062500e+02
7.044379882812500000e+02
1.078469970703125000e+03
1.628690032958984375e+02
4.606289978027343750e+02
2.175830781250000000e+05
3.229507080078125000e+03
3.157609863281250000e+02
1.114527954101562500e+03
6.846049804687500000e+02
3.921599960327148438e+01
9.221290283203125000e+02
4.743626953125000000e+03
1.846289978027343750e+02
1.521456054687500000e+03
1.286942993164062500e+03
7.187275878906250000e+03
1.449505981445312500e+03
7.286900024414062500e+02
3.981900024414062500e+02
1.859510040283203125e+02
3.399169921875000000e+02
3.357391113281250000e+03
2.738724121093750000e+03
1.549550018310546875e+02
1.233840026855468750e+02
5.453090209960937500e+02
5.806560058593750000e+02
1.402098022460937500e+03
7.051829833984375000e+02
2.173869934082031250e+02
4.630684082031250000e+03
1.118943969726562500e+03
1.583910064697265625e+02
8.590770263671875000e+02
6.765260009765625000e+02
1.529943969726562500e+03
5.431010131835937500e+02
5.624669799804687500e+02
1.044579956054687500e+03
2.865419921875000000e+02
1.041500015258789062e+02
6.375529296875000000e+04
1.293119964599609375e+02
4.287179870605468750e+02
3.817839965820312500e+02
3.847470092773437500e+02
4.910929870605468750e+02
9.535930175781250000e+02
1.788910034179687500e+03
1.879989929199218750e+02
2.418480072021484375e+02
2.875950012207031250e+02
5.069490051269531250e+02
1.542909057617187500e+03
6.491950073242187500e+02
1.232869018554687500e+03
3.013680114746093750e+02
1.136589965820312500e+02
1.414284057617187500e+03
1.135880004882812500e+03
2.182810058593750000e+02
2.456717041015625000e+03
1.974409942626953125e+02
8.808770141601562500e+02
2.558329925537109375e+02
7.116680297851562500e+02
2.915129882812500000e+03
1.113555053710937500e+03
7.596799926757812500e+02
6.763750000000000000e+02
5.310939941406250000e+02
4.508699951171875000e+02
9.195939941406250000e+02
6.114420166015625000e+02
1.630365966796875000e+03
6.454399871826171875e+01
4.643599853515625000e+02
8.520300292968750000e+01
7.572290039062500000e+02
4.058009948730468750e+02
2.446114990234375000e+03
1.700546997070312500e+03
4.629060058593750000e+02
3.592659912109375000e+02
1.283331562500000000e+05
1.865670013427734375e+02
8.586005000000000000e+05
8.938750000000000000e+02
5.099159851074218750e+02
1.048156005859375000e+03
1.492989013671875000e+03
4.069970092773437500e+02
4.977650146484375000e+02
2.384139062500000000e+05
7.353129882812500000e+02
9.599420166015625000e+02
4.033519897460937500e+02
3.350910034179687500e+02
1.245199951171875000e+03
1.140327026367187500e+03
3.353039855957031250e+02
1.637599945068359375e+02
1.305614013671875000e+03
4.727850036621093750e+02
7.231868164062500000e+03
7.018920288085937500e+02
2.832399902343750000e+02
1.469333007812500000e+03
2.205791015625000000e+03
1.788527954101562500e+03
5.911480102539062500e+02
2.396900024414062500e+02
1.208282958984375000e+03
7.693319702148437500e+02
4.997430114746093750e+02
4.302500000000000000e+02
4.141189880371093750e+02
2.036069946289062500e+02
4.143590820312500000e+03
1.203517944335937500e+03
6.219169921875000000e+02
4.505140075683593750e+02
9.828859863281250000e+02
4.617040100097656250e+02
3.076991943359375000e+03
6.889630126953125000e+02
1.170715942382812500e+03
1.303475952148437500e+03
7.442540283203125000e+02
3.687003906250000000e+03
1.701759948730468750e+02
1.508360961914062500e+03
3.674608437500000000e+05
2.316566601562500000e+04
4.454979858398437500e+02
3.996149902343750000e+02
1.508880004882812500e+03
5.234910278320312500e+02
5.289920043945312500e+02
2.114771972656250000e+03
8.715430297851562500e+02
9.512799835205078125e+01
8.653930053710937500e+02
5.374492500000000000e+05
7.230009375000000000e+04
9.237670288085937500e+02
1.156419982910156250e+02
1.559177978515625000e+03
3.176733886718750000e+03
2.975000000000000000e+01
4.302404375000000000e+05
9.547899627685546875e+01
3.678959960937500000e+02
5.002300109863281250e+02
5.767369995117187500e+02
5.476079711914062500e+02
2.544378906250000000e+03
3.816570129394531250e+02
2.467748593750000000e+05
1.383104980468750000e+03
4.305589904785156250e+02
4.233739929199218750e+02
6.776499938964843750e+01
2.104029998779296875e+02
2.519303955078125000e+03
2.277987500000000000e+05
9.887520141601562500e+02
1.022588989257812500e+03
1.798040008544921875e+02
7.106335625000000000e+05
7.605479736328125000e+02
3.718022949218750000e+03
1.287801025390625000e+03
1.098447998046875000e+03
9.647880249023437500e+02
8.843480224609375000e+02
1.543057006835937500e+03
2.046190032958984375e+02
1.742729949951171875e+02
2.313250000000000000e+03
2.342708007812500000e+03
2.767600059509277344e+01
3.819140014648437500e+02
2.906319885253906250e+02
2.184478593750000000e+05
2.057248046875000000e+03
2.810969848632812500e+02
6.279700088500976562e+01
1.039765991210937500e+03
3.892219848632812500e+02
4.179830017089843750e+02
2.142850036621093750e+02
2.858859863281250000e+02
1.566257968750000000e+05
6.524624609375000000e+04
5.203330078125000000e+02
3.107900085449218750e+02
2.294195068359375000e+03
4.449530029296875000e+02
9.789019775390625000e+02
1.173027954101562500e+03
1.143989013671875000e+03
1.037589965820312500e+03
1.587479003906250000e+03
1.407264038085937500e+03
1.310078979492187500e+03
1.289795043945312500e+03
3.435270080566406250e+02
1.466692993164062500e+03
4.050020141601562500e+02
7.455720214843750000e+02
3.064670104980468750e+02
2.234732656250000000e+05
5.167653808593750000e+03
4.884089965820312500e+02
4.231820068359375000e+02
6.442210083007812500e+02
4.582189941406250000e+02
3.794460144042968750e+02
2.373200927734375000e+03
1.464199981689453125e+02
2.855655625000000000e+05
3.600180053710937500e+02
5.424000244140625000e+02
1.909420043945312500e+03
1.588309936523437500e+02
8.619160156250000000e+02
1.107766967773437500e+03
1.169202026367187500e+03
1.371049957275390625e+02
2.422420043945312500e+02
1.304506958007812500e+03
1.006888977050781250e+03
2.414022949218750000e+03
3.257830468750000000e+04
3.652309875488281250e+02
6.953449707031250000e+02
2.400709991455078125e+02
9.818752343750000000e+04
6.195460205078125000e+02
1.452640075683593750e+02
2.782576904296875000e+03
6.398920288085937500e+02
3.099949951171875000e+02
1.553711059570312500e+03
7.422189941406250000e+02
6.833000183105468750e+01
5.302465820312500000e+03
1.395531982421875000e+03
3.371319885253906250e+02
5.562099838256835938e+01
7.835330200195312500e+02
1.414345947265625000e+03
1.172130004882812500e+03
1.747406982421875000e+03
1.528499023437500000e+03
6.256989746093750000e+02
1.030784057617187500e+03
6.993159790039062500e+02
4.991067578125000000e+04
1.339857055664062500e+03
9.428270263671875000e+02
1.785279052734375000e+03
6.965739746093750000e+02
8.895560302734375000e+02
3.613919982910156250e+02
2.518824951171875000e+03
9.195949707031250000e+02
4.216710937500000000e+03
6.492059936523437500e+02
2.847718017578125000e+03
5.115060119628906250e+02
1.128135009765625000e+03
1.706319946289062500e+03
8.454310302734375000e+02
3.081910095214843750e+02
3.304159851074218750e+02
9.676799926757812500e+02
9.971929931640625000e+02
1.018171020507812500e+03
7.900479736328125000e+02
9.070239868164062500e+02
1.046276977539062500e+03
5.129730224609375000e+02
1.236311796875000000e+05
1.869829956054687500e+03
1.611982055664062500e+03
1.238379028320312500e+03
3.663843017578125000e+03
5.488744140625000000e+03
2.199650625000000000e+05
1.130808959960937500e+03
1.412440032958984375e+02
5.365059814453125000e+02
1.106050048828125000e+03
1.494131958007812500e+03
6.046469726562500000e+02
4.834309997558593750e+02
1.916332031250000000e+03
3.695759887695312500e+02
8.215869750976562500e+02
1.235348022460937500e+03
3.173439941406250000e+02
2.045326049804687500e+03
7.419130249023437500e+02
3.545650024414062500e+02
2.646250000000000000e+02
2.644620056152343750e+02
4.358529968261718750e+02
4.083595947265625000e+03
6.424700164794921875e+01
2.237251953125000000e+03
2.248419952392578125e+02
2.038154052734375000e+03
5.757230224609375000e+02
1.571509033203125000e+03
8.727009887695312500e+02
8.661220092773437500e+02
7.285939941406250000e+02
1.463292968750000000e+03
3.165626953125000000e+04
9.369359741210937500e+02
4.112260131835937500e+02
2.151210021972656250e+02
1.268831054687500000e+03
1.840369018554687500e+03
2.578018066406250000e+03
1.763780029296875000e+03
9.897659912109375000e+02
6.201909790039062500e+02
1.261912963867187500e+03
4.033070068359375000e+02
3.756440124511718750e+02
2.797080078125000000e+02
1.254613037109375000e+03
1.996360015869140625e+02
3.400299987792968750e+02
6.972319946289062500e+02
6.327009887695312500e+02
7.448480224609375000e+02
9.249489746093750000e+02
2.025990966796875000e+03
3.847160034179687500e+02
3.310747070312500000e+03
1.430144042968750000e+03
2.472666015625000000e+03
1.785700073242187500e+02
7.229639892578125000e+02
7.624569702148437500e+02
1.061368041992187500e+03
2.894519042968750000e+03
1.941346406250000000e+05
1.725310058593750000e+02
2.438363037109375000e+03
5.207641406250000000e+04
2.142051025390625000e+03
1.193580017089843750e+02
1.171348022460937500e+03
1.049362060546875000e+03
4.305549926757812500e+02
2.789679870605468750e+02
5.615339965820312500e+02
9.190430297851562500e+02
1.682380065917968750e+02
2.389839935302734375e+02
8.375939941406250000e+02
1.939940032958984375e+02
3.937669982910156250e+02
5.081640014648437500e+02
1.865137109375000000e+04
1.522250061035156250e+02
1.334201049804687500e+03
4.299320068359375000e+02
1.080553955078125000e+03
4.385459899902343750e+02
1.595764038085937500e+03
1.191968017578125000e+03
8.995540161132812500e+02
1.611833007812500000e+03
1.005476013183593750e+03
5.112829895019531250e+02
8.368820312500000000e+03
6.001049804687500000e+02
1.124946044921875000e+03
1.232687988281250000e+03
1.964677001953125000e+03
3.794333007812500000e+03
2.182508056640625000e+03
1.458041992187500000e+03
4.269960021972656250e+02
2.052037656250000000e+05
9.025520019531250000e+02
3.273559875488281250e+02
3.612799987792968750e+02
1.496213012695312500e+03
3.926709899902343750e+02
1.307520996093750000e+03
7.035449829101562500e+02
5.149299926757812500e+02
3.752169921875000000e+03
4.734970092773437500e+02
5.581010131835937500e+02
1.640509948730468750e+02
2.707124023437500000e+03
3.026749877929687500e+02
6.003140258789062500e+02
5.226187988281250000e+03
1.713204687500000000e+04
2.432050018310546875e+02
2.599609062500000000e+05
5.877379760742187500e+02
1.877280312500000000e+05
1.352558959960937500e+03
4.304519958496093750e+02
7.423300170898437500e+02
5.768931250000000000e+05
1.257215942382812500e+03
1.382187011718750000e+03
1.007437011718750000e+03
3.190899963378906250e+02
1.002583007812500000e+03
4.852149963378906250e+02
1.023912421875000000e+05
1.233800029754638672e+01
9.099069824218750000e+02
1.056141967773437500e+03
2.061690063476562500e+02
4.519920043945312500e+02
3.682618896484375000e+03
1.437444375000000000e+05
3.897470092773437500e+02
1.338950042724609375e+02
1.566313964843750000e+03
4.336085312500000000e+05
3.144836914062500000e+03
4.407409973144531250e+02
8.828640136718750000e+02
3.996500015258789062e+01
1.553584960937500000e+03
2.246268066406250000e+03
1.432910003662109375e+02
4.920119934082031250e+02
6.410089721679687500e+02
2.676149902343750000e+02
1.221635009765625000e+03
4.033429870605468750e+02
3.881040039062500000e+02
5.305269775390625000e+02
1.582884033203125000e+03
2.486690063476562500e+02
1.289050048828125000e+03
1.619550048828125000e+03
1.278389968872070312e+02
1.334733032226562500e+03
1.908625000000000000e+03
2.456269989013671875e+02
1.090673950195312500e+03
1.138650024414062500e+03
1.743503051757812500e+03
8.263765625000000000e+05
1.231409988403320312e+02
1.355788940429687500e+03
3.165135009765625000e+03
8.244899902343750000e+02
2.218319091796875000e+03
3.281719970703125000e+02
1.136230010986328125e+02
3.358510009765625000e+03
5.836640014648437500e+02
3.301860046386718750e+02
1.322512939453125000e+03
2.832761962890625000e+03
2.249179931640625000e+03
4.660409851074218750e+02
2.039409942626953125e+02
4.890320129394531250e+02
8.555141406250000000e+04
8.139710083007812500e+02
9.800630468750000000e+04
4.578169860839843750e+02
1.832338012695312500e+03
2.423780059814453125e+02
2.223699951171875000e+01
4.401121093750000000e+03
3.015039978027343750e+02
2.212337890625000000e+03
2.755719909667968750e+02
4.931799926757812500e+02
2.125841875000000000e+05
3.569668125000000000e+05
9.063629760742187500e+02
6.419060058593750000e+02
1.237508203125000000e+05
4.171749877929687500e+02
4.578900146484375000e+02
2.333676025390625000e+03
7.522410278320312500e+02
4.103477050781250000e+03
1.933509979248046875e+02
4.484989929199218750e+02
2.694635986328125000e+03
3.410920104980468750e+02
9.879917187500000000e+04
1.342666992187500000e+03
3.730603125000000000e+04
2.797465234375000000e+04
2.449552978515625000e+03
4.077000122070312500e+02
4.085520019531250000e+02
5.775330200195312500e+02
9.775499725341796875e+01
2.395632080078125000e+03
3.656851562500000000e+05
1.784806030273437500e+03
2.018494018554687500e+03
1.176504028320312500e+03
7.273629760742187500e+02
7.730487500000000000e+05
7.038330078125000000e+02
6.362000122070312500e+02
2.962448974609375000e+03
1.739779968261718750e+02
1.112599975585937500e+03
8.967630004882812500e+02
2.390480041503906250e+02
6.327529907226562500e+02
1.684150024414062500e+03
6.168000030517578125e+01
6.789080200195312500e+02
3.175408935546875000e+03
2.784689941406250000e+02
2.078552978515625000e+03
5.270823242187500000e+03
9.571640014648437500e+02
4.095409851074218750e+02
2.975140075683593750e+02
1.702500000000000000e+02
1.175234008789062500e+03
9.853599853515625000e+02
3.799580078125000000e+02
3.999890136718750000e+02
4.367483750000000000e+05
2.608680114746093750e+02
1.261620025634765625e+02
2.816362060546875000e+03
3.978110046386718750e+02
3.449299926757812500e+02
1.733399963378906250e+02
2.991889892578125000e+03
1.742639038085937500e+03
3.896099853515625000e+01
3.983311035156250000e+03
9.404869995117187500e+02
1.446582031250000000e+03
5.167319946289062500e+02
2.203020019531250000e+02
7.196160278320312500e+02
3.582040100097656250e+02
9.906710205078125000e+02
2.039812011718750000e+03
1.142045043945312500e+03
2.302669982910156250e+02
1.068874023437500000e+03
1.534120025634765625e+02
4.233800048828125000e+02
1.916815781250000000e+05
1.468772949218750000e+03
2.393059997558593750e+02
6.472839965820312500e+02
2.394440002441406250e+02
2.944440002441406250e+02
4.127600097656250000e+02
2.393780059814453125e+02
2.600459899902343750e+02
2.029665039062500000e+03
5.250598144531250000e+03
8.614559936523437500e+02
3.868689880371093750e+02
2.034669952392578125e+02
9.862319946289062500e+02
1.576297973632812500e+03
2.586071044921875000e+03
1.233719970703125000e+03
3.993959960937500000e+02
1.189313964843750000e+03
2.230820007324218750e+02
1.910410003662109375e+02
1.498006958007812500e+03
1.170758056640625000e+03
4.496840820312500000e+03
4.842099914550781250e+02
5.842180175781250000e+02
4.064209899902343750e+02
1.054703002929687500e+03
2.928940124511718750e+02
6.676859741210937500e+02
3.436240966796875000e+03
4.381210021972656250e+02
1.237744018554687500e+03
6.746320190429687500e+02
5.919000244140625000e+02
2.200062011718750000e+03
8.482009887695312500e+02
4.360815625000000000e+04
8.495629882812500000e+02
4.307950134277343750e+02
1.337923950195312500e+03
3.743540039062500000e+02
7.071199798583984375e+01
4.800520019531250000e+02
1.702784960937500000e+04
2.613729858398437500e+02
3.589626562500000000e+04
2.539770050048828125e+02
6.846710205078125000e+02
7.673540039062500000e+02
6.626480102539062500e+02
7.898200073242187500e+02
7.210479736328125000e+02
1.523170013427734375e+02
2.107259979248046875e+02
7.408999919891357422e+00
3.520809936523437500e+02
7.171337500000000000e+04
1.421586059570312500e+03
2.816732910156250000e+03
1.744480957031250000e+03
1.158960037231445312e+02
4.906740112304687500e+02
1.359916992187500000e+03
1.223293945312500000e+03
3.169039916992187500e+02
1.093197021484375000e+03
1.102818969726562500e+03
7.244019775390625000e+02
2.325132500000000000e+05
2.073895996093750000e+03
1.361170043945312500e+02
7.850900268554687500e+02
1.613890075683593750e+02
1.989340942382812500e+03
8.702789916992187500e+02
2.415279998779296875e+02
8.698969726562500000e+02
2.304929962158203125e+02
6.843690185546875000e+02
4.651625000000000000e+03
1.766541992187500000e+03
1.772039947509765625e+02
6.990640258789062500e+02
6.501907226562500000e+03
4.914490051269531250e+02
1.633079986572265625e+02
3.019874023437500000e+03
7.627340087890625000e+02
8.977799987792968750e+01
2.175060058593750000e+03
5.073710021972656250e+02
5.767300033569335938e+01
2.071640014648437500e+02
4.222999954223632812e+01
2.286017089843750000e+03
2.776149902343750000e+02
3.028450012207031250e+02
7.912771250000000000e+05
1.337568969726562500e+03
4.006999969482421875e+01
2.254988037109375000e+03
2.733224121093750000e+03
2.748999938964843750e+02
1.321009033203125000e+03
1.532012939453125000e+03
8.915859985351562500e+02
9.600930175781250000e+02
7.926240234375000000e+02
4.656659851074218750e+02
2.437590026855468750e+02
7.029530029296875000e+02
1.451156005859375000e+03
5.629910278320312500e+02
1.082215942382812500e+03
2.656186035156250000e+03
8.067290039062500000e+02
8.788770141601562500e+02
6.042080078125000000e+02
5.647399902343750000e+01
1.881500976562500000e+03
3.323489990234375000e+02
2.168739929199218750e+02
1.283182983398437500e+03
1.888838989257812500e+03
2.471139984130859375e+02
5.594420166015625000e+02
1.118128051757812500e+03
3.496279907226562500e+02
1.352439941406250000e+03
4.233970031738281250e+02
8.676982500000000000e+05
6.857399749755859375e+01
6.034589843750000000e+02
3.352959899902343750e+02
6.367070800781250000e+03
1.240187011718750000e+03
8.872940063476562500e+02
5.371619873046875000e+02
2.686229858398437500e+02
1.012158996582031250e+03
4.809330139160156250e+02
2.126052001953125000e+03
1.375240020751953125e+02
6.814509887695312500e+02
5.890993164062500000e+03
1.738963012695312500e+03
9.653519897460937500e+02
2.895199890136718750e+02
4.213850097656250000e+02
1.245767944335937500e+03
7.149660034179687500e+02
4.933770141601562500e+02
4.067900085449218750e+02
1.741666015625000000e+03
4.233840026855468750e+02
5.785809936523437500e+02
5.681989746093750000e+02
8.079949951171875000e+02
1.705429992675781250e+02
6.106929931640625000e+02
6.726729736328125000e+02
2.504770050048828125e+02
4.972399902343750000e+02
2.537760009765625000e+02
1.252832031250000000e+03
6.076399993896484375e+01
9.991699981689453125e+01
3.882990112304687500e+02
1.582985961914062500e+03
1.994635009765625000e+03
1.209911010742187500e+03
3.567630000000000000e+05
3.995766113281250000e+03
1.036641967773437500e+03
2.653059997558593750e+02
3.782049687500000000e+05
7.039530029296875000e+02
4.791540039062500000e+03
4.454676757812500000e+03
2.420899963378906250e+02
7.149580078125000000e+02
3.438970031738281250e+02
1.593689941406250000e+03
8.273430175781250000e+02
2.738479919433593750e+02
1.169487060546875000e+03
2.650249938964843750e+02
7.290819702148437500e+02
1.247953979492187500e+03
6.111259765625000000e+02
2.587230957031250000e+03
3.245880126953125000e+02
2.264274902343750000e+03
1.381470031738281250e+02
9.288359985351562500e+02
1.087453002929687500e+03
1.127791992187500000e+03
7.736929931640625000e+02
3.187273925781250000e+03
6.658214843750000000e+04
6.888280029296875000e+02
6.138939819335937500e+02
1.081969970703125000e+03
8.616040039062500000e+02
4.131669921875000000e+02
6.946530151367187500e+02
8.624019775390625000e+02
1.101719970703125000e+03
4.580310058593750000e+02
9.562500000000000000e+01
3.759849853515625000e+02
7.855040283203125000e+02
1.495010986328125000e+03
1.678640991210937500e+03
4.347269042968750000e+03
7.642169799804687500e+02
4.136530151367187500e+02
5.010681640625000000e+04
2.838477050781250000e+03
3.478129882812500000e+02
5.863540039062500000e+02
1.689307006835937500e+03
2.842799987792968750e+02
2.087460937500000000e+03
6.749879760742187500e+02
2.842560119628906250e+02
9.057750244140625000e+02
2.312469940185546875e+02
1.962863037109375000e+03
1.042399978637695312e+02
1.799592041015625000e+03
1.445378125000000000e+05
5.570980224609375000e+02
5.941610107421875000e+02
1.217886962890625000e+03
1.684248046875000000e+03
5.957429809570312500e+02
1.026572021484375000e+03
1.445962031250000000e+05
1.460623046875000000e+03
1.833883056640625000e+03
2.448600006103515625e+01
3.193840026855468750e+02
1.215965942382812500e+03
7.189589843750000000e+02
1.078933959960937500e+03
3.132430114746093750e+02
5.209589843750000000e+02
6.162639770507812500e+02
6.448870239257812500e+02
2.844509887695312500e+02
7.170109863281250000e+02
2.908635937500000000e+05
1.540411987304687500e+03
4.630207031250000000e+03
2.440659942626953125e+02
2.792916015625000000e+03
1.883493041992187500e+03
1.835269927978515625e+02
2.676860046386718750e+02
2.949010986328125000e+03
7.183549804687500000e+02
2.305313964843750000e+03
3.474331640625000000e+04
3.656137500000000000e+05
2.194092041015625000e+03
4.468961914062500000e+03
6.956229858398437500e+02
3.209679870605468750e+02
1.246401000976562500e+03
2.479403076171875000e+03
1.907553750000000000e+05
7.652550048828125000e+02
1.733923950195312500e+03
7.582150268554687500e+02
5.720700073242187500e+01
5.665819702148437500e+02
8.160380249023437500e+02
1.411461059570312500e+03
7.347310180664062500e+02
8.108679809570312500e+02
4.461170043945312500e+02
8.373460083007812500e+02
7.324760131835937500e+02
1.368820037841796875e+02
5.512949829101562500e+02
3.547430114746093750e+02
8.908382812500000000e+04
1.735892944335937500e+03
3.104970092773437500e+02
1.485850952148437500e+03
1.915800094604492188e+01
1.431369934082031250e+02
1.672254028320312500e+03
1.259706054687500000e+03
1.862839965820312500e+02
4.832059936523437500e+02
6.845969848632812500e+02
1.502422973632812500e+03
8.083799743652343750e+01
2.466190032958984375e+02
1.120839965820312500e+03
1.974546997070312500e+03
1.729715942382812500e+03
1.841873046875000000e+03
2.756525878906250000e+03
4.916520080566406250e+02
1.876687988281250000e+03
6.047900009155273438e+01
6.779630468750000000e+04
2.916720947265625000e+03
3.060600097656250000e+03
1.249467187500000000e+04
1.331671020507812500e+03
4.956749877929687500e+02
9.272059936523437500e+02
1.169192016601562500e+03
2.635979980468750000e+03
5.216129760742187500e+02
3.168013916015625000e+03
6.903900146484375000e+02
3.398519897460937500e+02
8.431619873046875000e+02
3.065357910156250000e+03
6.681510009765625000e+02
2.781839904785156250e+02
4.581440124511718750e+02
2.635060058593750000e+03
1.050660018920898438e+02
3.392156982421875000e+03
1.727838989257812500e+03
1.626379028320312500e+03
1.256576049804687500e+03
3.589630126953125000e+02
3.040440063476562500e+02
1.512281562500000000e+05
8.400109863281250000e+02
6.832540283203125000e+02
1.156689987182617188e+02
8.388999938964843750e+01
8.459400024414062500e+02
1.429066040039062500e+03
5.245260009765625000e+02
1.185970001220703125e+02
1.360836059570312500e+03
7.627500000000000000e+02
1.485817993164062500e+03
8.446859741210937500e+02
5.299530029296875000e+02
5.886724375000000000e+05
1.913254028320312500e+03
2.491877187500000000e+05
4.691212890625000000e+03
3.472650146484375000e+02
2.767279968261718750e+02
2.400399932861328125e+02
1.809880981445312500e+03
1.345401977539062500e+03
2.818728515625000000e+04
1.311432983398437500e+03
7.751320190429687500e+02
2.065227050781250000e+03
1.143055053710937500e+03
1.785339965820312500e+03
1.059541992187500000e+03
3.318699951171875000e+02
1.086051025390625000e+03
1.248840026855468750e+02
1.092890991210937500e+03
1.356876093750000000e+05
5.840490625000000000e+05
3.182993896484375000e+03
4.750530090332031250e+02
8.499119873046875000e+02
6.416090087890625000e+02
1.592302001953125000e+03
3.098375000000000000e+03
5.055169982910156250e+02
4.237318847656250000e+03
9.248889770507812500e+02
4.596730041503906250e+02
1.234787963867187500e+03
4.307829895019531250e+02
5.768800048828125000e+02
3.668970031738281250e+02
7.729780273437500000e+02
1.947813437500000000e+05
5.385739746093750000e+02
1.526790008544921875e+02
2.133609924316406250e+02
1.566699981689453125e+01
2.818819885253906250e+02
3.883840026855468750e+02
2.671149902343750000e+02
9.650469970703125000e+02
1.302870025634765625e+02
1.161602050781250000e+03
3.696121250000000000e+05
1.948645996093750000e+03
3.929219970703125000e+02
7.678800048828125000e+02
4.852199935913085938e+01
1.236500976562500000e+03
6.614619750976562500e+02
3.246719970703125000e+02
2.245889257812500000e+04
1.226359985351562500e+03
1.398134033203125000e+03
2.320509948730468750e+02
2.119006103515625000e+03
2.006060028076171875e+02
1.276849975585937500e+02
