1.884799957275390625e+01
1.000800037384033203e+01
8.328729858398437500e+02
3.387300109863281250e+01
2.670859985351562500e+02
1.036729965209960938e+02
1.868549957275390625e+02
1.406099987030029297e+01
6.185009765625000000e+02
6.186160278320312500e+02
1.779000043869018555e+00
1.904000043869018555e+00
3.946409912109375000e+02
3.153439941406250000e+02
4.236250000000000000e+02
3.003919982910156250e+02
1.017509994506835938e+02
4.010599899291992188e+01
9.393499755859375000e+01
6.699999809265136719e+00
3.152090148925781250e+02
1.366499996185302734e+01
4.120299911499023438e+01
1.971999931335449219e+01
6.646900177001953125e+01
8.916999816894531250e+00
3.539699935913085938e+01
6.955449829101562500e+02
4.122430114746093750e+02
3.894509887695312500e+02
9.172659912109375000e+02
6.754799652099609375e+01
3.137199974060058594e+01
2.120499992370605469e+01
3.129999935626983643e-01
5.012539978027343750e+02
9.534000396728515625e+00
6.230000019073486328e+00
3.188599967956542969e+01
1.378901000976562500e+03
1.594900035858154297e+01
7.543170166015625000e+02
1.460169982910156250e+02
1.863000035285949707e+00
1.776000022888183594e+00
2.400000000000000000e+01
1.297070007324218750e+02
7.234639892578125000e+02
3.509299850463867188e+01
1.486820068359375000e+02
2.549000024795532227e+00
1.432234008789062500e+03
4.197739868164062500e+02
9.035700225830078125e+01
2.559759979248046875e+02
3.774389953613281250e+02
2.158699951171875000e+02
5.291500091552734375e+01
8.251000404357910156e+00
9.460399627685546875e+01
2.906140136718750000e+02
8.949999809265136719e-01
2.013796020507812500e+03
4.847269897460937500e+02
8.057000160217285156e+00
2.483999967575073242e+00
2.467900085449218750e+01
1.897440032958984375e+02
6.913899993896484375e+01
7.945449829101562500e+02
2.359019927978515625e+02
1.379969940185546875e+02
1.079150009155273438e+02
7.285199737548828125e+01
2.460800018310546875e+02
1.091010009765625000e+03
2.954999923706054688e+01
3.796999931335449219e+00
1.348950042724609375e+02
1.292039947509765625e+02
6.586599731445312500e+02
1.822109985351562500e+02
6.307899856567382812e+01
2.027270050048828125e+02
3.957210083007812500e+02
1.032500976562500000e+03
4.631999969482421875e+01
3.343799972534179688e+01
4.581749877929687500e+02
6.814060058593750000e+02
3.377520141601562500e+02
3.348999977111816406e+00
6.690000295639038086e-01
2.338699913024902344e+01
8.245500183105468750e+01
3.060790100097656250e+02
7.466300201416015625e+01
4.967500000000000000e+02
4.411600112915039062e+01
1.628920043945312500e+03
6.018120117187500000e+02
3.523259887695312500e+02
2.728700065612792969e+01
2.994999885559082031e+00
2.599200057983398438e+01
9.389099731445312500e+02
1.245699996948242188e+02
2.128599929809570312e+01
4.166799926757812500e+01
8.703959960937500000e+02
3.817510070800781250e+02
2.806589965820312500e+02
4.584600067138671875e+01
2.131000041961669922e+00
6.855000019073486328e+00
4.131770019531250000e+02
1.461170043945312500e+02
3.494499969482421875e+01
4.390000152587890625e+01
1.650429992675781250e+02
4.464599990844726562e+01
4.508999824523925781e+00
9.751190185546875000e+02
1.544400024414062500e+01
3.102900085449218750e+02
3.221610107421875000e+02
2.974600028991699219e+01
9.204940185546875000e+02
1.120199966430664062e+01
4.840329895019531250e+02
2.770999908447265625e+00
4.973299865722656250e+02
1.311499977111816406e+01
1.644099998474121094e+01
9.829000473022460938e+00
2.304539947509765625e+02
6.874000072479248047e+00
6.579959716796875000e+02
3.542279968261718750e+02
5.684000015258789062e+00
1.246766967773437500e+03
6.184459838867187500e+02
2.723200035095214844e+01
1.924300003051757812e+01
6.130300140380859375e+01
3.252569885253906250e+02
9.089800262451171875e+01
2.502199935913085938e+01
4.444129943847656250e+02
1.129776000976562500e+03
3.022900009155273438e+01
2.434299926757812500e+02
2.294899940490722656e+01
1.100866943359375000e+03
3.497999906539916992e+00
1.868300056457519531e+01
3.187000036239624023e+00
2.940729980468750000e+02
7.533200073242187500e+01
1.930336059570312500e+03
1.071699981689453125e+02
3.804999923706054688e+01
1.161999940872192383e+00
7.303999900817871094e+00
1.417359924316406250e+02
2.070800018310546875e+01
1.552279968261718750e+02
3.074859924316406250e+02
1.143830032348632812e+02
2.914000034332275391e+00
8.843000411987304688e+00
5.602500000000000000e+02
5.854180297851562500e+02
5.398870239257812500e+02
8.411599731445312500e+01
1.546199989318847656e+01
1.777999997138977051e+00
5.523480224609375000e+02
4.019169921875000000e+02
6.033999919891357422e+00
1.850370025634765625e+02
4.961090087890625000e+02
4.241600036621093750e+01
5.456299972534179688e+01
4.290999889373779297e+00
1.390144042968750000e+03
9.262000083923339844e+00
1.348029937744140625e+02
7.587449951171875000e+02
4.803770141601562500e+02
2.100260009765625000e+02
2.440900039672851562e+01
7.647299957275390625e+01
5.134099960327148438e+01
3.374700164794921875e+01
3.211390075683593750e+02
4.871459960937500000e+02
2.751700019836425781e+01
1.342000007629394531e+01
3.311260070800781250e+02
1.825000000000000000e+01
1.753700065612792969e+01
3.974460144042968750e+02
1.589700012207031250e+02
3.188999891281127930e+00
2.022800064086914062e+01
4.875000000000000000e+00
7.977700195312500000e+02
8.336000061035156250e+01
1.462157958984375000e+03
3.457000017166137695e+00
3.326289978027343750e+02
2.559999942779541016e+00
1.191539993286132812e+02
2.600190124511718750e+02
1.068870010375976562e+02
8.374409790039062500e+02
1.487220001220703125e+02
9.617500305175781250e+01
1.616900062561035156e+01
3.618980102539062500e+02
2.296721923828125000e+03
2.188599967956542969e+01
1.130999984741210938e+02
2.400900077819824219e+01
5.726599884033203125e+01
1.486827026367187500e+03
1.885300064086914062e+01
7.002999782562255859e+00
3.789699935913085938e+01
8.319999694824218750e+00
9.322499847412109375e+01
1.602199935913085938e+01
1.900600051879882812e+01
4.269259948730468750e+02
6.200510253906250000e+02
6.029800033569335938e+01
5.574520263671875000e+02
1.417864013671875000e+03
1.737400054931640625e+01
1.624949951171875000e+02
6.879499816894531250e+01
7.928359985351562500e+02
3.835999965667724609e+00
1.543149047851562500e+03
2.125859985351562500e+02
1.173499965667724609e+01
9.890100097656250000e+01
1.490410003662109375e+02
7.619260253906250000e+02
2.562700080871582031e+01
1.907790069580078125e+02
2.021899986267089844e+01
7.969899749755859375e+01
2.514999961853027344e+01
7.184000015258789062e+00
1.077299976348876953e+01
1.437100028991699219e+01
3.331000089645385742e+00
7.102999877929687500e+01
9.604000091552734375e+01
1.468560028076171875e+02
2.203000068664550781e+01
6.596000194549560547e+00
4.308100128173828125e+01
6.982039794921875000e+02
5.803200149536132812e+01
1.535599994659423828e+01
1.416959991455078125e+02
5.453599929809570312e+01
5.034199905395507812e+01
5.920999908447265625e+01
2.226150054931640625e+02
7.536900329589843750e+01
6.622599792480468750e+01
4.552999973297119141e+00
7.484569702148437500e+02
3.846809997558593750e+02
1.784199905395507812e+01
3.413000106811523438e+01
1.112149963378906250e+02
3.853400039672851562e+01
4.823500061035156250e+02
4.053099975585937500e+02
5.351539916992187500e+02
1.650399971008300781e+01
6.082500076293945312e+01
5.967440185546875000e+02
1.959300041198730469e+01
1.133600044250488281e+01
9.269999861717224121e-01
2.584719848632812500e+02
1.737519989013671875e+02
1.018799972534179688e+01
4.713199996948242188e+01
4.611579895019531250e+02
1.184699951171875000e+03
2.797500038146972656e+01
2.036950073242187500e+02
7.363900146484375000e+02
1.214199981689453125e+02
8.625199890136718750e+01
4.338200073242187500e+02
1.860799980163574219e+01
4.098000049591064453e+00
3.540000021457672119e-01
2.641000032424926758e+00
2.659000015258789062e+01
4.442290039062500000e+02
6.287699890136718750e+01
3.475719909667968750e+02
1.087020034790039062e+02
2.352969970703125000e+02
3.393859863281250000e+02
6.420360107421875000e+02
1.624600067138671875e+02
2.183419952392578125e+02
1.610809936523437500e+02
2.980050048828125000e+02
1.260599994659423828e+01
1.041210021972656250e+02
5.136000156402587891e+00
1.831100082397460938e+01
2.631530151367187500e+02
7.757099914550781250e+01
9.588300323486328125e+01
7.339000225067138672e+00
1.416272949218750000e+03
1.086524047851562500e+03
4.237980041503906250e+02
1.655590942382812500e+03
5.296250000000000000e+02
7.468999862670898438e+00
7.731660156250000000e+02
4.612890014648437500e+02
1.725269927978515625e+02
4.105610046386718750e+02
3.992200088500976562e+01
4.652700042724609375e+01
1.142344970703125000e+03
1.183500003814697266e+01
5.462599945068359375e+01
4.971080017089843750e+02
4.861999988555908203e+00
4.912929992675781250e+02
9.321000099182128906e+00
1.608499908447265625e+01
6.865599822998046875e+01
1.633300018310546875e+01
8.958999633789062500e+00
8.256300354003906250e+01
6.757999897003173828e+00
5.709000015258789062e+01
7.810640258789062500e+02
7.495170288085937500e+02
5.786979980468750000e+02
2.239819946289062500e+02
2.809460144042968750e+02
1.005360031127929688e+02
3.737400054931640625e+01
3.345820007324218750e+02
3.050000071525573730e-01
1.595359954833984375e+02
2.047100067138671875e+02
1.009300041198730469e+01
6.103579711914062500e+02
2.608000040054321289e+00
2.020800018310546875e+02
4.414089965820312500e+02
4.661500167846679688e+01
1.595160064697265625e+02
1.429000020027160645e+00
5.508700180053710938e+01
3.379999995231628418e-01
6.544000244140625000e+01
9.496480102539062500e+02
2.218400001525878906e+01
6.505850219726562500e+02
6.935939941406250000e+02
1.899399948120117188e+01
3.807200012207031250e+02
1.692059936523437500e+02
7.488600158691406250e+01
4.667590026855468750e+02
3.270800018310546875e+01
2.088100051879882812e+01
1.497429962158203125e+02
6.673759765625000000e+02
1.678700065612792969e+01
9.587609863281250000e+02
4.415599822998046875e+01
4.505490112304687500e+02
5.316699981689453125e+01
7.139900207519531250e+01
1.310099983215332031e+01
3.334099960327148438e+01
8.286399841308593750e+01
5.068500137329101562e+01
8.381900024414062500e+01
1.358699989318847656e+01
8.668389892578125000e+02
4.975939941406250000e+02
3.453800048828125000e+02
7.352500152587890625e+01
1.724649963378906250e+02
3.849999904632568359e+00
2.230610046386718750e+02
1.756100006103515625e+02
4.206010131835937500e+02
3.913779907226562500e+02
6.792990112304687500e+02
1.308549957275390625e+02
1.765670013427734375e+02
3.829030151367187500e+02
5.056069946289062500e+02
6.582689819335937500e+02
6.844199829101562500e+02
5.015440063476562500e+02
1.527469940185546875e+02
1.343750000000000000e+02
1.138599967956542969e+01
5.018199920654296875e+01
7.219999790191650391e+00
1.442699951171875000e+03
7.863280029296875000e+02
1.810999989509582520e+00
9.003500366210937500e+01
2.171990051269531250e+02
3.026899909973144531e+01
6.424800109863281250e+01
3.933649902343750000e+02
3.291099929809570312e+01
1.434799957275390625e+01
7.596600341796875000e+01
1.717530059814453125e+02
2.612700080871582031e+01
7.176430053710937500e+02
1.290959930419921875e+02
4.240700149536132812e+01
2.656679992675781250e+02
6.144200134277343750e+01
5.505000000000000000e+02
7.179639892578125000e+02
9.344899749755859375e+01
8.201300048828125000e+02
3.568399810791015625e+01
3.097130126953125000e+02
2.509099960327148438e+01
1.263000011444091797e+01
5.202199707031250000e+02
7.228700256347656250e+01
1.990500068664550781e+01
1.572099971771240234e+01
1.199329986572265625e+02
8.896469726562500000e+02
2.924000024795532227e+00
1.048550033569335938e+02
1.246480026245117188e+02
1.763000011444091797e+00
3.050000071525573730e-01
8.487799835205078125e+01
6.370600128173828125e+01
1.359700012207031250e+01
6.872269897460937500e+02
9.310219726562500000e+02
1.904000091552734375e+01
1.090200042724609375e+01
4.988100051879882812e+01
2.589500122070312500e+02
3.611999988555908203e+00
5.004299926757812500e+01
2.748590087890625000e+02
8.535839843750000000e+02
2.782579956054687500e+02
7.475679931640625000e+02
4.990599822998046875e+01
2.955079956054687500e+02
2.492700042724609375e+02
6.978000164031982422e+00
8.263049926757812500e+02
1.119609985351562500e+02
2.772000074386596680e+00
2.936800003051757812e+01
6.119999885559082031e+00
1.453800010681152344e+01
1.069406982421875000e+03
1.127050018310546875e+02
1.804800033569335938e+01
6.155269775390625000e+02
3.704199981689453125e+01
1.482517944335937500e+03
8.808259887695312500e+02
1.469230041503906250e+02
2.328800010681152344e+01
1.240402954101562500e+03
8.693199920654296875e+01
8.653299713134765625e+01
8.475540161132812500e+02
1.272080001831054688e+02
2.761100006103515625e+01
6.800000190734863281e+00
5.193270263671875000e+02
8.212899780273437500e+01
1.569759979248046875e+02
1.104796997070312500e+03
6.681999969482421875e+01
7.054999828338623047e+00
4.967479858398437500e+02
5.409439697265625000e+02
3.699900054931640625e+01
2.686940002441406250e+02
4.088359985351562500e+02
2.985809936523437500e+02
6.984799957275390625e+01
8.680120239257812500e+02
1.911000013351440430e+00
9.873000144958496094e+00
1.343871948242187500e+03
1.812669982910156250e+02
6.252799987792968750e+01
7.972169799804687500e+02
3.486369934082031250e+02
7.256719970703125000e+02
2.671000003814697266e+00
8.460000038146972656e+00
9.387699890136718750e+01
1.880529937744140625e+02
1.044200038909912109e+01
2.293220062255859375e+02
1.571147949218750000e+03
2.252400016784667969e+01
3.266560058593750000e+02
2.545829925537109375e+02
9.010889892578125000e+02
6.837300109863281250e+01
4.842999935150146484e+00
4.984400177001953125e+01
1.179250000000000000e+03
9.404999732971191406e+00
3.151000022888183594e+00
7.265440063476562500e+02
2.969999909400939941e-01
5.461000061035156250e+01
2.475099945068359375e+01
6.764489746093750000e+02
3.729209899902343750e+02
9.796999931335449219e+00
4.759700012207031250e+01
9.557700347900390625e+01
1.903309936523437500e+02
4.546340026855468750e+02
8.147399902343750000e+02
3.787300109863281250e+02
5.417109985351562500e+02
4.037599945068359375e+01
8.482979736328125000e+02
2.952659912109375000e+02
1.787723999023437500e+03
1.551730041503906250e+02
2.156970062255859375e+02
7.334149780273437500e+02
3.090200042724609375e+01
7.586829833984375000e+02
3.533640136718750000e+02
3.048190002441406250e+02
1.836700057983398438e+01
2.716000080108642578e+00
1.522500038146972656e+01
1.443800048828125000e+02
4.867699890136718750e+02
7.411870117187500000e+02
2.028719940185546875e+02
3.945999908447265625e+01
3.300419921875000000e+02
4.437640075683593750e+02
1.084399986267089844e+01
1.231299972534179688e+01
2.536770019531250000e+02
6.807000160217285156e+00
2.065500068664550781e+01
1.901399993896484375e+01
3.272130126953125000e+02
2.005780029296875000e+02
4.876520080566406250e+02
3.437699890136718750e+01
1.125169982910156250e+02
2.598710021972656250e+02
1.774920043945312500e+02
3.728489990234375000e+02
8.678600311279296875e+01
2.212239990234375000e+02
1.568509979248046875e+02
1.049457031250000000e+03
5.456999778747558594e+00
2.877879943847656250e+02
1.491706054687500000e+03
7.711999893188476562e+00
1.522109985351562500e+02
1.007107971191406250e+03
7.621389770507812500e+02
7.991790161132812500e+02
2.767700004577636719e+01
1.214430007934570312e+02
2.265000104904174805e+00
6.109000205993652344e+00
9.279999732971191406e-01
1.328840026855468750e+02
1.681289978027343750e+02
5.612400054931640625e+01
1.976999998092651367e+00
3.883300018310546875e+01
1.272440032958984375e+02
3.537019958496093750e+02
1.276790008544921875e+02
4.536899948120117188e+01
1.886549987792968750e+02
1.256370010375976562e+02
1.229560012817382812e+02
1.104699993133544922e+01
4.844400024414062500e+02
3.312000036239624023e+00
1.894389953613281250e+02
2.119999885559082031e+00
8.384999847412109375e+01
4.276690063476562500e+02
5.809000015258789062e+00
5.867000102996826172e+00
8.394000053405761719e+00
3.673099899291992188e+01
4.665539855957031250e+02
1.771529998779296875e+02
2.615800094604492188e+01
3.429140014648437500e+02
3.353559875488281250e+02
6.578660278320312500e+02
9.405699920654296875e+01
6.395120239257812500e+02
3.631610107421875000e+02
1.150889968872070312e+02
8.102000236511230469e+00
2.462000083923339844e+01
1.187067993164062500e+03
9.707440185546875000e+02
1.025019989013671875e+02
5.325629882812500000e+02
1.460160064697265625e+02
6.027500152587890625e+01
1.017500019073486328e+01
4.877999782562255859e+00
8.649400329589843750e+01
8.480999946594238281e+00
1.405189971923828125e+02
2.783699989318847656e+01
2.294640045166015625e+02
4.748199844360351562e+01
1.776970062255859375e+02
1.199160003662109375e+02
6.799149780273437500e+02
8.854719848632812500e+02
9.261399841308593750e+01
1.759190063476562500e+02
7.453829956054687500e+02
3.109600067138671875e+01
2.442600059509277344e+01
6.671000003814697266e+00
8.370009765625000000e+02
4.548300170898437500e+01
1.436049957275390625e+02
5.611469726562500000e+02
7.846000194549560547e+00
1.526000022888183594e+01
8.386699676513671875e+01
1.519199981689453125e+02
4.569039916992187500e+02
6.855000019073486328e+00
6.084000110626220703e+00
1.263899993896484375e+01
2.549089965820312500e+02
2.296439971923828125e+02
2.360899925231933594e+01
1.570180053710937500e+03
3.847499847412109375e+01
1.047000050544738770e+00
5.711700057983398438e+01
7.367000102996826172e+00
6.659630126953125000e+02
3.559660034179687500e+02
7.063300323486328125e+01
6.175440063476562500e+02
1.060380020141601562e+02
1.451200008392333984e+01
4.352199935913085938e+01
1.341899967193603516e+01
4.487099838256835938e+01
7.869999885559082031e+00
1.019889984130859375e+02
1.397900009155273438e+01
4.526000022888183594e+00
5.756000041961669922e+00
1.237600040435791016e+01
4.209920043945312500e+02
8.111000061035156250e+01
1.522715942382812500e+03
1.433890075683593750e+02
5.770809936523437500e+02
2.636800003051757812e+01
3.396820068359375000e+02
9.527899932861328125e+01
2.568000030517578125e+01
2.735499877929687500e+02
3.016799926757812500e+01
8.255050048828125000e+02
4.610000133514404297e+00
6.978500366210937500e+01
1.274300003051757812e+01
4.515999794006347656e+00
3.381000041961669922e+00
5.517290039062500000e+02
3.367499923706054688e+01
1.484869995117187500e+02
1.315852050781250000e+03
5.543999862670898438e+01
1.003239974975585938e+02
1.565000057220458984e+00
1.170600032806396484e+01
1.185319976806640625e+02
1.013300037384033203e+01
1.378529968261718750e+02
4.067720031738281250e+02
6.110260009765625000e+02
9.524800109863281250e+01
6.400040283203125000e+02
5.196599960327148438e+01
7.556099700927734375e+01
5.666719970703125000e+02
4.600119934082031250e+02
8.010000228881835938e+00
8.010500335693359375e+01
3.434530029296875000e+02
5.097700119018554688e+01
1.241900024414062500e+02
2.088500022888183594e+01
1.002870025634765625e+02
2.640500068664550781e+01
1.040749969482421875e+02
1.320999979972839355e+00
2.374200057983398438e+01
6.882700347900390625e+01
2.621800041198730469e+01
1.015999984741210938e+01
7.855500030517578125e+01
5.339699707031250000e+02
1.366547973632812500e+03
5.242839965820312500e+02
1.092584960937500000e+03
3.974700164794921875e+01
9.649000167846679688e+00
4.635800170898437500e+01
1.237570037841796875e+02
1.038880004882812500e+02
1.235559997558593750e+02
3.122780151367187500e+02
2.837800025939941406e+01
7.051799774169921875e+01
6.108720092773437500e+02
6.993999958038330078e+00
3.482199859619140625e+01
7.232520141601562500e+02
1.511200046539306641e+01
3.714790039062500000e+02
3.358160095214843750e+02
1.587703002929687500e+03
1.790480041503906250e+02
5.698199844360351562e+01
2.744700050354003906e+01
4.800799942016601562e+01
4.361889953613281250e+02
1.970000028610229492e+00
3.825169982910156250e+02
2.154149932861328125e+02
1.570699977874755859e+01
3.967100143432617188e+01
2.497489929199218750e+02
1.951679992675781250e+02
3.223600006103515625e+01
8.529599761962890625e+01
1.827720031738281250e+02
3.000000000000000000e+00
3.790999889373779297e+00
3.097000122070312500e+02
1.117199993133544922e+01
1.823999938964843750e+02
5.377009887695312500e+02
3.011130065917968750e+02
1.556400012969970703e+01
2.063999891281127930e+00
6.181399917602539062e+01
1.367078979492187500e+03
3.997269897460937500e+02
5.802000045776367188e+00
3.711999893188476562e+00
1.980999946594238281e+01
7.637249755859375000e+02
2.500000000000000000e+00
3.200500106811523438e+01
3.882999897003173828e+00
2.241380004882812500e+02
2.722390136718750000e+02
3.339400100708007812e+01
2.806699943542480469e+01
7.298699951171875000e+01
2.481829986572265625e+02
4.194779968261718750e+02
2.520619964599609375e+02
2.033289947509765625e+02
4.966199874877929688e+01
2.507169952392578125e+02
5.077000141143798828e+00
6.606350097656250000e+02
8.984000205993652344e+00
1.567300033569335938e+01
2.473000049591064453e+00
8.872100067138671875e+01
3.037000083923339844e+01
2.690660095214843750e+02
3.446500015258789062e+01
4.455999851226806641e+00
2.607829895019531250e+02
5.436680297851562500e+02
3.875000000000000000e+00
1.728999972343444824e+00
1.644369964599609375e+02
1.412300014495849609e+01
9.437999725341796875e+00
1.039420013427734375e+02
4.571300125122070312e+01
2.544099998474121094e+01
4.504800033569335938e+01
1.996250000000000000e+02
2.436000108718872070e+00
1.883959960937500000e+02
5.005099868774414062e+01
5.522000122070312500e+01
5.361959838867187500e+02
2.435950012207031250e+02
4.822269897460937500e+02
2.158999919891357422e+00
8.631270141601562500e+02
3.165900039672851562e+01
3.042000007629394531e+01
1.455019989013671875e+02
4.308359985351562500e+02
9.227999687194824219e+00
3.292999982833862305e+00
2.508999938964843750e+02
1.838100051879882812e+01
1.016019973754882812e+02
9.369000434875488281e+00
7.047310180664062500e+02
1.759830017089843750e+02
8.429199981689453125e+01
4.289999902248382568e-01
4.515360107421875000e+02
2.445549926757812500e+02
8.947699737548828125e+01
1.128899955749511719e+01
9.441199951171875000e+02
1.356250000000000000e+02
2.281100082397460938e+01
1.633125976562500000e+03
7.973999977111816406e+00
6.705089721679687500e+02
2.133329925537109375e+02
7.147399902343750000e+01
3.539819946289062500e+02
1.472920074462890625e+02
1.228922973632812500e+03
3.166979980468750000e+02
3.606040039062500000e+02
1.937619934082031250e+02
1.146750030517578125e+02
4.904349975585937500e+02
5.430899810791015625e+01
8.377459716796875000e+02
6.360400009155273438e+01
1.941399955749511719e+01
2.436320037841796875e+02
1.337400024414062500e+03
1.013300037384033203e+01
1.676874023437500000e+03
1.770400047302246094e+01
8.097599792480468750e+01
2.212319946289062500e+02
2.046000003814697266e+00
5.888700103759765625e+01
6.090000152587890625e+00
5.423400115966796875e+01
1.209749984741210938e+02
5.690750122070312500e+02
2.456900024414062500e+01
2.394397949218750000e+03
1.778280029296875000e+02
1.882089996337890625e+02
1.701820068359375000e+02
6.529550170898437500e+02
1.101159973144531250e+02
1.611799926757812500e+02
3.778399963378906250e+02
6.504000091552734375e+01
4.307600021362304688e+01
3.707569885253906250e+02
3.292550048828125000e+02
9.834050292968750000e+02
1.899099922180175781e+01
6.409999847412109375e+00
4.034920043945312500e+02
6.565960083007812500e+02
5.896339721679687500e+02
3.911270141601562500e+02
3.115000009536743164e+00
8.773100280761718750e+01
1.346600036621093750e+02
2.209900054931640625e+02
1.060660018920898438e+02
2.388000011444091797e+00
4.124230041503906250e+02
1.125503051757812500e+03
3.826730041503906250e+02
2.641000032424926758e+00
3.929800109863281250e+02
5.672039794921875000e+02
1.302799987792968750e+01
3.533000183105468750e+01
6.417050170898437500e+02
2.343379974365234375e+02
4.967000007629394531e+00
1.667200088500976562e+01
9.198640136718750000e+02
3.910880126953125000e+02
6.432099914550781250e+01
5.452199707031250000e+02
2.645000000000000000e+02
1.515859985351562500e+02
5.368999958038330078e+00
3.859999895095825195e+00
6.698519897460937500e+02
1.718730010986328125e+02
1.548800048828125000e+02
9.229900360107421875e+01
3.158380126953125000e+02
6.587599945068359375e+01
1.126839981079101562e+02
1.837010040283203125e+02
5.097100067138671875e+01
1.065722045898437500e+03
4.283139953613281250e+02
1.193519973754882812e+02
9.779000282287597656e+00
3.374379882812500000e+02
5.196799926757812500e+02
1.067999958992004395e+00
2.224980010986328125e+02
1.456700038909912109e+01
2.479534912109375000e+03
1.917213989257812500e+03
1.829759979248046875e+02
7.763400268554687500e+02
6.981999969482421875e+01
9.562000274658203125e+00
6.351040039062500000e+02
1.661119995117187500e+02
2.217666015625000000e+03
5.455699920654296875e+01
1.163840026855468750e+02
4.345000076293945312e+01
5.606400146484375000e+02
1.516499023437500000e+03
1.183379974365234375e+02
3.140719909667968750e+02
2.906900024414062500e+02
2.890000045299530029e-01
4.694049987792968750e+02
1.273730010986328125e+02
9.570809936523437500e+02
2.631100082397460938e+01
5.279000091552734375e+01
6.161810302734375000e+02
1.787160034179687500e+02
2.500000000000000000e-01
6.622200012207031250e+01
2.318500061035156250e+02
1.894440002441406250e+02
1.217951049804687500e+03
3.724900054931640625e+01
1.188850021362304688e+02
9.805000305175781250e+00
3.652199935913085938e+01
4.765010070800781250e+02
3.611570129394531250e+02
4.454999923706054688e+01
