7.038899993896484375e+01
3.138599967956542969e+01
1.689000010490417480e+00
4.954999923706054688e+00
8.294999694824218750e+01
8.803000450134277344e+00
1.938299942016601562e+01
9.560800170898437500e+01
2.180299949645996094e+01
4.543899917602539062e+01
1.386200046539306641e+01
3.723000049591064453e+00
2.615900039672851562e+01
2.444999933242797852e+00
6.417900085449218750e+01
1.180719985961914062e+02
1.134059982299804688e+02
3.476900100708007812e+01
2.368799972534179688e+01
6.364099884033203125e+01
1.322460021972656250e+02
8.073799896240234375e+01
4.558599853515625000e+01
1.165530014038085938e+02
1.955999946594238281e+01
5.866199874877929688e+01
4.276599884033203125e+01
1.409960021972656250e+02
2.056100082397460938e+01
3.094300079345703125e+01
1.370600032806396484e+01
9.506500244140625000e+01
8.657900238037109375e+01
3.287599945068359375e+01
1.579899978637695312e+01
7.954999923706054688e+00
3.014500045776367188e+01
1.334899997711181641e+01
1.974200057983398438e+01
4.556299972534179688e+01
9.364000320434570312e+00
2.713899993896484375e+01
1.642000007629394531e+01
1.703000068664550781e+01
2.197900009155273438e+01
6.473000049591064453e+00
9.075000000000000000e+01
4.072999954223632812e+01
6.912799835205078125e+01
3.067099952697753906e+01
6.565399932861328125e+01
7.782299804687500000e+01
6.093999862670898438e+00
3.234299850463867188e+01
2.347100067138671875e+01
4.943899917602539062e+01
3.051300048828125000e+01
2.012299919128417969e+01
8.360299682617187500e+01
6.234000205993652344e+00
2.643400001525878906e+01
2.703000068664550781e+00
1.368599987030029297e+01
1.768300056457519531e+01
7.956999778747558594e+00
1.000839996337890625e+02
3.833800125122070312e+01
1.202999973297119141e+01
3.947999954223632812e+00
1.478750000000000000e+02
2.152899932861328125e+01
1.092659988403320312e+02
2.980999946594238281e+00
1.090799999237060547e+01
7.728500366210937500e+01
9.719400024414062500e+01
1.457299995422363281e+01
4.833900070190429688e+01
1.820199966430664062e+01
6.260400009155273438e+01
7.428299713134765625e+01
7.356600189208984375e+01
2.586300086975097656e+01
6.649600219726562500e+01
4.272100067138671875e+01
3.255699920654296875e+01
3.106699943542480469e+01
7.179900360107421875e+01
5.295999908447265625e+01
6.101699829101562500e+01
3.984999895095825195e+00
1.986499977111816406e+01
1.989900016784667969e+01
9.055999755859375000e+00
1.447599983215332031e+01
4.146999835968017578e+00
7.013300323486328125e+01
1.196709976196289062e+02
7.645999908447265625e+00
2.062000036239624023e+00
1.978700065612792969e+01
3.194400024414062500e+01
3.962099838256835938e+01
2.867300033569335938e+01
7.372200012207031250e+01
4.711999893188476562e+00
9.998000144958496094e+00
6.968199920654296875e+01
7.232900238037109375e+01
3.773999929428100586e+00
8.027999877929687500e+01
2.945199966430664062e+01
5.998400115966796875e+01
4.086800003051757812e+01
6.377700042724609375e+01
2.896800041198730469e+01
3.670299911499023438e+01
1.701399993896484375e+01
2.530999946594238281e+01
3.588100051879882812e+01
1.630299949645996094e+01
1.003069992065429688e+02
2.087500000000000000e+01
1.290100002288818359e+01
2.100699996948242188e+01
7.145800018310546875e+01
3.293399810791015625e+01
2.569599914550781250e+01
5.307899856567382812e+01
3.848999977111816406e+00
9.277999877929687500e+01
1.511000037193298340e+00
6.296300125122070312e+01
1.678499984741210938e+01
1.093809967041015625e+02
1.976499938964843750e+01
7.544200134277343750e+01
2.758900070190429688e+01
4.216199874877929688e+01
7.151899719238281250e+01
5.459299850463867188e+01
1.429699993133544922e+01
4.631000041961669922e+00
2.765099906921386719e+01
4.892699813842773438e+01
3.395500183105468750e+01
4.806200027465820312e+01
1.576200008392333984e+01
1.245300006866455078e+01
1.684700012207031250e+01
1.518099975585937500e+01
1.491699981689453125e+01
6.244999885559082031e+00
7.054399871826171875e+01
2.772599983215332031e+01
3.068799972534179688e+01
1.052630004882812500e+02
1.405030059814453125e+02
3.623400115966796875e+01
5.121300125122070312e+01
1.372030029296875000e+02
7.347000122070312500e+00
4.446000099182128906e+00
5.221000194549560547e+00
2.079500007629394531e+01
1.884399986267089844e+01
4.513999938964843750e+01
6.402500152587890625e+01
3.800799942016601562e+01
3.690900039672851562e+01
9.741999626159667969e+00
1.496399974822998047e+01
8.741999626159667969e+00
2.179800033569335938e+01
1.634000015258789062e+01
2.943899917602539062e+01
8.232000350952148438e+00
2.958600044250488281e+01
8.528800201416015625e+01
4.945299911499023438e+01
3.485400009155273438e+01
3.658599853515625000e+01
2.688199996948242188e+01
8.652100372314453125e+01
1.380000019073486328e+01
4.374000072479248047e+00
6.019400024414062500e+01
6.999000072479248047e+00
7.159999847412109375e+01
3.039800071716308594e+01
7.878800201416015625e+01
2.820800018310546875e+01
9.937500000000000000e+01
2.497599983215332031e+01
1.807769927978515625e+02
6.056900024414062500e+01
7.000499725341796875e+01
4.070600128173828125e+01
7.204699707031250000e+01
2.252300071716308594e+01
4.902600097656250000e+01
2.595100021362304688e+01
6.538400268554687500e+01
5.793500137329101562e+01
6.051499938964843750e+01
6.251800155639648438e+01
5.164500045776367188e+01
9.043800354003906250e+01
5.187900161743164062e+01
1.359530029296875000e+02
2.422599983215332031e+01
2.833200073242187500e+01
5.018199920654296875e+01
9.534799957275390625e+01
7.816999912261962891e+00
4.296500015258789062e+01
1.719799995422363281e+01
1.080500030517578125e+01
6.449999809265136719e+00
3.407899856567382812e+01
1.220569992065429688e+02
2.061199951171875000e+01
4.020500183105468750e+01
7.677100372314453125e+01
3.547800064086914062e+01
6.006100082397460938e+01
3.842000007629394531e+00
2.053999900817871094e+00
2.187199974060058594e+01
7.591200256347656250e+01
9.727999687194824219e+00
7.918699645996093750e+01
7.192099761962890625e+01
3.484199905395507812e+01
1.090100002288818359e+01
3.154999971389770508e+00
2.420299911499023438e+01
2.535000085830688477e+00
2.096999883651733398e+00
2.763800048828125000e+01
2.739500045776367188e+01
2.477799987792968750e+01
1.266000032424926758e+00
8.485099792480468750e+01
1.657299995422363281e+01
9.966500091552734375e+01
2.243600082397460938e+01
2.337800025939941406e+01
3.041099929809570312e+01
7.289999961853027344e+00
9.527500152587890625e+01
2.050099945068359375e+01
7.389600372314453125e+01
5.642599868774414062e+01
3.328599929809570312e+01
6.487000274658203125e+01
1.527000045776367188e+01
1.201149978637695312e+02
3.544499969482421875e+01
3.644999980926513672e+00
1.276399993896484375e+01
1.252009963989257812e+02
2.420299911499023438e+01
1.830299949645996094e+01
6.749500274658203125e+01
3.124699974060058594e+01
1.886400032043457031e+01
4.985000133514404297e+00
1.941200065612792969e+01
8.083300018310546875e+01
6.974099731445312500e+01
1.540499973297119141e+01
5.598500061035156250e+01
7.696299743652343750e+01
4.919000148773193359e+00
1.443200016021728516e+01
5.673400115966796875e+01
3.068499946594238281e+01
2.312199974060058594e+01
2.582000017166137695e+00
7.132499694824218750e+01
4.807000160217285156e+00
1.933099937438964844e+01
8.888200378417968750e+01
1.601199913024902344e+01
5.691899871826171875e+01
1.149990005493164062e+02
1.001099967956542969e+01
1.677899932861328125e+01
2.679400062561035156e+01
2.771899986267089844e+01
2.351000070571899414e+00
6.686999797821044922e+00
4.061899948120117188e+01
8.095400238037109375e+01
8.359999656677246094e+00
2.923699951171875000e+01
8.357999801635742188e+00
5.040700149536132812e+01
2.328000068664550781e+01
8.777500152587890625e+01
8.862999916076660156e+00
1.243599987030029297e+01
1.092099952697753906e+01
2.802199935913085938e+01
1.005900001525878906e+01
5.094100189208984375e+01
6.143600082397460938e+01
6.214000225067138672e+00
4.388700103759765625e+01
9.694999694824218750e+00
1.558100032806396484e+01
2.401199913024902344e+01
6.809999942779541016e+00
1.038500022888183594e+01
3.017399978637695312e+01
3.805199813842773438e+01
2.744999885559082031e+00
1.562290039062500000e+02
1.620499992370605469e+01
6.865699768066406250e+01
1.527700042724609375e+02
4.062900161743164062e+01
1.011309967041015625e+02
9.567999839782714844e+00
7.791500091552734375e+01
8.315200042724609375e+01
5.798999786376953125e+00
2.389100074768066406e+01
1.161400032043457031e+01
7.192900085449218750e+01
2.987500000000000000e+01
1.028999996185302734e+01
7.070099639892578125e+01
3.356800079345703125e+01
3.458000183105468750e+01
9.170999526977539062e+00
7.240599822998046875e+01
5.275099945068359375e+01
3.437400054931640625e+01
1.116969985961914062e+02
2.157999992370605469e+00
4.224300003051757812e+01
1.026009979248046875e+02
1.066800003051757812e+02
2.147500038146972656e+01
2.456999969482421875e+01
1.593979949951171875e+02
5.080500030517578125e+01
6.157500076293945312e+01
2.381500053405761719e+01
1.733699989318847656e+01
1.005979995727539062e+02
5.102000236511230469e+00
1.752499961853027344e+01
4.653999805450439453e+00
7.406000137329101562e+00
7.430999755859375000e+01
8.792400360107421875e+01
5.392000198364257812e+00
1.356099987030029297e+01
2.618700027465820312e+01
2.874099922180175781e+01
5.163000106811523438e+01
3.113400077819824219e+01
8.968099975585937500e+01
1.761700057983398438e+01
3.060400009155273438e+01
1.111829986572265625e+02
8.026000022888183594e+00
1.083410034179687500e+02
2.624500083923339844e+01
1.246100044250488281e+01
7.585299682617187500e+01
1.589799976348876953e+01
1.924999952316284180e+00
5.600799942016601562e+01
4.861999893188476562e+01
1.384389953613281250e+02
1.321560058593750000e+02
7.709999847412109375e+01
6.006000137329101562e+01
1.010279998779296875e+02
6.981300354003906250e+01
3.374200057983398438e+01
3.778400039672851562e+01
2.659099960327148438e+01
2.950000047683715820e+00
5.555099868774414062e+01
6.060100173950195312e+01
9.531999588012695312e+00
7.616000175476074219e+00
1.413899993896484375e+01
3.341199874877929688e+01
9.993399810791015625e+01
6.350500106811523438e+01
6.197100067138671875e+01
5.781700134277343750e+01
3.936000108718872070e+00
6.914900207519531250e+01
5.100199890136718750e+01
1.442270050048828125e+02
4.972800064086914062e+01
2.701799964904785156e+01
1.040100002288818359e+01
2.808900070190429688e+01
2.927499961853027344e+01
9.541000366210937500e+00
1.537630004882812500e+02
1.743700027465820312e+01
2.993899917602539062e+01
2.112250061035156250e+02
1.946400070190429688e+01
1.225139999389648438e+02
1.943700027465820312e+01
4.922999858856201172e+00
6.193199920654296875e+01
2.614100074768066406e+01
1.531900024414062500e+01
2.631100082397460938e+01
7.702100372314453125e+01
1.096890029907226562e+02
1.960199928283691406e+01
1.277289962768554688e+02
2.066300010681152344e+01
1.334399986267089844e+01
8.217199707031250000e+01
1.259399986267089844e+01
2.939500045776367188e+01
9.540799713134765625e+01
1.907749938964843750e+02
2.670999908447265625e+01
6.556099700927734375e+01
3.735699844360351562e+01
4.467800140380859375e+01
4.907799911499023438e+01
8.639700317382812500e+01
3.629199981689453125e+01
2.852199935913085938e+01
1.697999954223632812e+00
6.189300155639648438e+01
7.429599761962890625e+01
1.080599975585937500e+01
3.098800086975097656e+01
1.023239974975585938e+02
1.307299995422363281e+01
2.317070007324218750e+02
5.879999923706054688e+01
1.533199977874755859e+01
1.391399955749511719e+01
5.381299972534179688e+01
3.181800079345703125e+01
2.177099990844726562e+01
4.116099929809570312e+01
4.096099853515625000e+01
7.577000141143798828e+00
8.477000236511230469e+00
2.211999893188476562e+00
3.757899856567382812e+01
7.159899902343750000e+01
6.477600097656250000e+01
7.989499664306640625e+01
2.375300025939941406e+01
7.496900177001953125e+01
1.116600036621093750e+01
6.862500000000000000e+01
6.162799835205078125e+01
7.190699768066406250e+01
4.819400024414062500e+01
6.511599731445312500e+01
6.551499938964843750e+01
8.826200103759765625e+01
8.932999610900878906e+00
4.261800003051757812e+01
3.981100082397460938e+01
3.391299819946289062e+01
3.285200119018554688e+01
3.186300086975097656e+01
2.701499938964843750e+01
5.996099853515625000e+01
6.220199966430664062e+01
6.126999855041503906e+00
1.757399940490722656e+01
1.389299926757812500e+02
2.643199920654296875e+01
3.075699996948242188e+01
9.148799896240234375e+01
2.384999990463256836e+00
2.412199974060058594e+01
2.024200057983398438e+01
2.046499938964843750e+02
1.528999996185302734e+01
7.262200164794921875e+01
8.303999900817871094e+00
2.168799972534179688e+01
3.643299865722656250e+01
1.249940032958984375e+02
1.175699996948242188e+01
3.863000106811523438e+01
1.535900020599365234e+01
1.581599998474121094e+01
2.463999986648559570e+00
3.404800033569335938e+01
1.678300094604492188e+01
1.801199913024902344e+01
1.561289978027343750e+02
7.711199951171875000e+01
1.467500019073486328e+01
3.211800003051757812e+01
6.531000137329101562e+00
1.085799980163574219e+01
7.309500122070312500e+01
6.343799972534179688e+01
6.884100341796875000e+01
6.103000164031982422e+00
4.967399978637695312e+01
2.133699989318847656e+01
7.323999881744384766e+00
1.174999952316284180e+00
1.046399974822998047e+01
4.016899871826171875e+01
1.683450012207031250e+02
6.035599899291992188e+01
1.016800022125244141e+01
2.841579895019531250e+02
5.041899871826171875e+01
9.548000335693359375e+00
2.433799934387207031e+01
1.760600090026855469e+01
4.775799942016601562e+01
7.307000160217285156e+00
3.499599838256835938e+01
5.918000221252441406e+00
3.532300186157226562e+01
2.180699920654296875e+01
9.123999595642089844e+00
1.850000023841857910e+00
6.653999805450439453e+00
2.249300003051757812e+01
3.506000041961669922e+00
3.611700057983398438e+01
2.930999994277954102e+00
4.401800155639648438e+01
2.053100013732910156e+01
3.681299972534179688e+01
1.277999997138977051e+00
1.103840026855468750e+02
7.633399963378906250e+01
4.275999832153320312e+01
6.976100158691406250e+01
2.506299972534179688e+01
5.045999908447265625e+01
3.012000083923339844e+01
2.709700012207031250e+01
1.077999973297119141e+01
2.148800048828125000e+02
3.235499954223632812e+01
3.697900009155273438e+01
4.616099929809570312e+01
6.450900268554687500e+01
8.536999702453613281e+00
4.197999954223632812e+00
5.104000091552734375e+00
2.299360046386718750e+02
8.381099700927734375e+01
8.378999710083007812e+00
3.528300094604492188e+01
8.419000244140625000e+01
9.476699829101562500e+01
8.657900238037109375e+01
9.498999595642089844e+00
8.381999969482421875e+01
4.199599838256835938e+01
2.846999883651733398e+00
1.516800022125244141e+01
8.844699859619140625e+01
7.527700042724609375e+01
1.012379989624023438e+02
6.517500305175781250e+01
4.925000190734863281e+00
1.727300071716308594e+01
8.355999946594238281e+00
3.707199859619140625e+01
9.274000167846679688e+00
3.611100006103515625e+01
4.200000000000000000e+01
2.620000076293945312e+01
6.804999828338623047e+00
9.602000236511230469e+00
7.527999877929687500e+01
1.396399974822998047e+01
1.575899982452392578e+01
1.531260070800781250e+02
3.193899917602539062e+01
3.611000061035156250e+01
1.973999977111816406e+00
9.550800323486328125e+01
3.940000057220458984e+00
5.912599945068359375e+01
5.790700149536132812e+01
3.993299865722656250e+01
7.434899902343750000e+01
7.006600189208984375e+01
9.234799957275390625e+01
5.933000087738037109e+00
1.592460021972656250e+02
8.046999931335449219e+00
2.624200057983398438e+01
1.062659988403320312e+02
1.898500061035156250e+01
1.672800064086914062e+01
2.213100051879882812e+01
9.804599761962890625e+01
3.924100112915039062e+01
5.153699874877929688e+01
1.628800010681152344e+01
3.457699966430664062e+01
3.628999948501586914e+00
1.575019989013671875e+02
2.018300056457519531e+01
2.669700050354003906e+01
2.736800003051757812e+01
5.116099929809570312e+01
9.633000373840332031e+00
7.616000175476074219e+00
1.324300003051757812e+01
1.162100028991699219e+01
1.539299964904785156e+01
1.085029983520507812e+02
2.935400009155273438e+01
3.199099922180175781e+01
5.188299942016601562e+01
1.068400001525878906e+01
2.190800094604492188e+01
1.085619964599609375e+02
1.856500053405761719e+01
1.065699958801269531e+01
8.392199707031250000e+01
3.521400070190429688e+01
1.483849945068359375e+02
1.044140014648437500e+02
3.979000091552734375e+00
4.794000148773193359e+00
1.616300010681152344e+01
6.284000015258789062e+01
4.645600128173828125e+01
1.467599964141845703e+01
2.296999931335449219e+01
2.145800018310546875e+01
2.240999937057495117e+00
3.643700027465820312e+01
1.602980041503906250e+02
1.731800079345703125e+01
7.363500213623046875e+01
1.725999951362609863e+00
1.779100036621093750e+01
4.026900100708007812e+01
3.153599929809570312e+01
9.997299957275390625e+01
1.657699966430664062e+01
6.259299850463867188e+01
6.636900329589843750e+01
6.027099990844726562e+01
3.388999938964843750e+00
3.752700042724609375e+01
3.480799865722656250e+01
1.108779983520507812e+02
3.881800079345703125e+01
2.080100059509277344e+01
3.934400177001953125e+01
1.759089965820312500e+02
1.345400047302246094e+01
1.251099967956542969e+01
3.164000034332275391e+00
5.892000198364257812e+00
1.557000041007995605e+00
1.545300006866455078e+01
5.536299896240234375e+01
8.993000030517578125e+00
8.193499755859375000e+01
8.498500061035156250e+01
3.119700050354003906e+01
2.326999902725219727e+00
4.563000202178955078e+00
1.026640014648437500e+02
8.279000282287597656e+00
2.957000017166137695e+00
1.716699981689453125e+01
1.382590026855468750e+02
1.308100032806396484e+01
3.318000030517578125e+01
1.366699981689453125e+01
5.967999935150146484e+00
1.598299980163574219e+01
5.146799850463867188e+01
3.508700180053710938e+01
6.719999790191650391e+00
2.639800071716308594e+01
5.193799972534179688e+01
5.189300155639648438e+01
1.294600009918212891e+01
2.338699913024902344e+01
1.509899997711181641e+01
1.081700038909912109e+01
5.016299819946289062e+01
1.922830047607421875e+02
5.946799850463867188e+01
4.129499816894531250e+01
1.401399993896484375e+01
6.147000122070312500e+01
1.132129974365234375e+02
9.259799957275390625e+01
1.202999949455261230e+00
5.291999816894531250e+00
1.583500003814697266e+01
4.325400161743164062e+01
3.618600082397460938e+01
1.360489959716796875e+02
6.566400146484375000e+01
1.373099994659423828e+01
2.608399963378906250e+01
7.451999664306640625e+01
4.006499862670898438e+01
2.292099952697753906e+01
3.366400146484375000e+01
2.200799942016601562e+01
1.226000022888183594e+01
5.569499969482421875e+01
4.047200012207031250e+01
5.188000202178955078e+00
2.768000030517578125e+01
8.068499755859375000e+01
6.732800292968750000e+01
1.207299995422363281e+01
3.685800170898437500e+01
6.633999633789062500e+01
4.803499984741210938e+01
3.374000167846679688e+01
1.160039978027343750e+02
7.618199920654296875e+01
2.248200035095214844e+01
3.736100006103515625e+01
2.355599975585937500e+01
3.197130126953125000e+02
9.885999679565429688e+00
1.831800079345703125e+01
1.149499988555908203e+01
9.079999923706054688e+00
5.202700042724609375e+01
2.172999954223632812e+01
2.579999923706054688e+01
9.771299743652343750e+01
3.265200042724609375e+01
6.197299957275390625e+01
3.355899810791015625e+01
3.598699951171875000e+01
9.147999763488769531e+00
5.657000064849853516e+00
9.420899963378906250e+01
1.261589965820312500e+02
7.066999912261962891e+00
1.044970016479492188e+02
1.014500045776367188e+01
3.465499877929687500e+01
1.663990020751953125e+02
1.810899925231933594e+01
2.127899932861328125e+01
4.297999954223632812e+01
2.812999963760375977e+00
8.489999771118164062e-01
1.472299957275390625e+01
6.704100036621093750e+01
2.159120025634765625e+02
5.190299987792968750e+01
2.499500083923339844e+01
1.481599998474121094e+01
2.122200012207031250e+01
1.431400012969970703e+01
6.975999832153320312e+00
6.440699768066406250e+01
1.442300033569335938e+01
2.318199920654296875e+01
9.342199707031250000e+01
2.332200050354003906e+01
4.671500015258789062e+01
7.388899993896484375e+01
3.666099929809570312e+01
3.117499923706054688e+01
6.728000164031982422e+00
5.934099960327148438e+01
7.633999824523925781e+00
6.998000144958496094e+00
9.685800170898437500e+01
3.988999938964843750e+01
5.486999893188476562e+01
2.387599945068359375e+01
5.418199920654296875e+01
7.198500061035156250e+01
8.949299621582031250e+01
6.372000217437744141e+00
2.208900070190429688e+01
5.738499832153320312e+01
9.975000381469726562e+00
1.054100036621093750e+01
2.377700042724609375e+01
3.184199905395507812e+01
7.790999889373779297e+00
3.325999975204467773e+00
4.488700103759765625e+01
6.017200088500976562e+01
1.850799942016601562e+01
2.811100006103515625e+01
6.917500305175781250e+01
6.859700012207031250e+01
9.595999717712402344e+00
1.827199935913085938e+01
7.683100128173828125e+01
1.185200023651123047e+01
2.725000000000000000e+01
5.581100082397460938e+01
3.630699920654296875e+01
6.058900070190429688e+01
3.338600158691406250e+01
6.599099731445312500e+01
2.304899978637695312e+01
2.704999923706054688e+00
1.082900047302246094e+01
2.555100059509277344e+01
2.606800079345703125e+01
2.717600059509277344e+01
3.878900146484375000e+01
7.486399841308593750e+01
1.234799957275390625e+01
2.628899955749511719e+01
6.052000045776367188e+00
6.769699859619140625e+01
1.752700042724609375e+01
5.046999931335449219e+00
8.489700317382812500e+01
5.147100067138671875e+01
1.886519927978515625e+02
2.400300025939941406e+01
8.312400054931640625e+01
8.830899810791015625e+01
1.442800045013427734e+01
2.194499969482421875e+01
2.291399955749511719e+01
1.178899955749511719e+01
1.184500026702880859e+01
1.539080047607421875e+02
7.445000171661376953e+00
2.640549926757812500e+02
1.846400070190429688e+01
1.830299949645996094e+01
2.921899986267089844e+01
5.441999912261962891e+00
1.804100036621093750e+01
8.552200317382812500e+01
3.010999917984008789e+00
1.285370025634765625e+02
1.573970031738281250e+02
2.415999889373779297e+00
8.105599975585937500e+01
2.288899993896484375e+01
4.997000217437744141e+00
5.824999809265136719e+00
6.897999763488769531e+00
3.423899841308593750e+01
4.186600112915039062e+01
2.838100051879882812e+01
6.518000125885009766e+00
7.657999992370605469e+00
1.341809997558593750e+02
1.278199958801269531e+01
1.047900009155273438e+01
3.177400016784667969e+01
4.643000125885009766e+00
5.483499908447265625e+01
2.123399925231933594e+01
2.628999948501586914e+00
8.465999603271484375e+00
6.192999839782714844e+00
3.459400177001953125e+01
1.316699981689453125e+01
7.850000262260437012e-01
2.604299926757812500e+01
3.549700164794921875e+01
7.702999877929687500e+01
5.224200057983398438e+01
3.073100090026855469e+01
4.522100067138671875e+01
1.766500091552734375e+01
4.864400100708007812e+01
5.396699905395507812e+01
8.923899841308593750e+01
2.259000062942504883e+00
4.246400070190429688e+01
5.006900024414062500e+01
2.687999916076660156e+01
6.996199798583984375e+01
4.182899856567382812e+01
6.757199859619140625e+01
2.198200035095214844e+01
6.559000015258789062e+00
1.766000032424926758e+00
3.720899963378906250e+01
3.679899978637695312e+01
2.392000007629394531e+01
6.674199676513671875e+01
1.067700004577636719e+01
2.863400077819824219e+01
9.666000366210937500e+00
3.607899856567382812e+01
5.727600097656250000e+01
5.278799819946289062e+01
1.849500083923339844e+01
5.165599822998046875e+01
9.887000083923339844e+00
6.093099975585937500e+01
6.803500366210937500e+01
7.528700256347656250e+01
2.260999917984008789e+00
4.175999832153320312e+01
2.959000110626220703e+00
6.745400238037109375e+01
1.150309982299804688e+02
6.110000133514404297e+00
1.340590057373046875e+02
5.515999794006347656e+00
8.562300109863281250e+01
4.040599822998046875e+01
9.290799713134765625e+01
1.059550018310546875e+02
3.917999982833862305e+00
3.185799980163574219e+01
6.823799896240234375e+01
7.624600219726562500e+01
5.163000106811523438e+01
6.198999881744384766e+00
1.989429931640625000e+02
1.967600059509277344e+01
2.720999956130981445e+00
4.751300048828125000e+01
1.308800029754638672e+01
2.704400062561035156e+01
1.060900020599365234e+01
6.631999969482421875e+00
3.609500122070312500e+01
8.348400115966796875e+01
8.604499816894531250e+01
1.821199951171875000e+02
2.838599967956542969e+01
3.312500000000000000e+01
1.077000021934509277e+00
4.305300140380859375e+01
6.955200195312500000e+01
1.739999961853027344e+01
3.470399856567382812e+01
1.268099975585937500e+01
4.095500183105468750e+01
1.178100013732910156e+01
7.348600006103515625e+01
3.420500183105468750e+01
1.836940002441406250e+02
1.027999973297119141e+01
4.227000045776367188e+01
1.720899963378906250e+01
2.545000076293945312e+00
3.750999927520751953e+00
1.812700080871582031e+01
4.427000045776367188e+00
2.348900032043457031e+01
4.326599884033203125e+01
5.981900024414062500e+01
8.001499938964843750e+01
2.214500045776367188e+01
1.093000030517578125e+01
4.307500076293945312e+01
4.831800079345703125e+01
3.917999982833862305e+00
4.229000091552734375e+00
1.931100082397460938e+01
6.197000026702880859e+00
3.653499984741210938e+01
1.992700004577636719e+01
3.614199829101562500e+01
2.775300025939941406e+01
9.855599975585937500e+01
3.878799819946289062e+01
4.742800140380859375e+01
1.028020019531250000e+02
6.935700225830078125e+01
4.515999794006347656e+00
2.712999916076660156e+01
2.759300041198730469e+01
1.557800006866455078e+01
7.289800262451171875e+01
1.582680053710937500e+02
1.397799987792968750e+02
2.963400077819824219e+01
