1.007479394531250000e+04
5.694735839843750000e+03
3.345507080078125000e+03
8.962689819335937500e+02
4.055071044921875000e+03
5.269645996093750000e+03
2.899483886718750000e+03
1.048778906250000000e+04
7.737999916076660156e+00
6.366483886718750000e+03
2.979833007812500000e+03
5.034365234375000000e+03
5.980741210937500000e+03
7.737730102539062500e+02
1.085465942382812500e+03
3.200000047683715820e+00
9.446117187500000000e+03
1.621659057617187500e+03
4.399145996093750000e+03
6.162252929687500000e+03
8.965189819335937500e+02
7.030000209808349609e+00
2.194900878906250000e+03
6.672122070312500000e+03
1.235635351562500000e+04
1.598482055664062500e+03
9.520253906250000000e+03
6.375440063476562500e+02
7.287924804687500000e+03
1.553877539062500000e+04
6.331500000000000000e+03
8.114506835937500000e+03
5.607152832031250000e+03
8.086169921875000000e+03
4.268182128906250000e+03
1.635466699218750000e+04
3.793524902343750000e+03
8.979135742187500000e+03
1.083686132812500000e+04
5.760523925781250000e+03
6.239479003906250000e+03
2.353284912109375000e+03
2.465630273437500000e+04
4.042486083984375000e+03
1.889109954833984375e+02
1.288822363281250000e+04
9.109669921875000000e+03
2.322523925781250000e+03
2.742731933593750000e+03
3.224779968261718750e+02
4.367000102996826172e+00
1.019628613281250000e+04
1.903442016601562500e+03
2.926477050781250000e+03
4.371131835937500000e+03
1.605628051757812500e+03
7.547000000000000000e+03
1.039670312500000000e+04
3.461912500000000000e+04
2.615763671875000000e+04
7.520424804687500000e+03
9.565686523437500000e+03
1.425468017578125000e+03
8.030729980468750000e+02
3.210718994140625000e+03
1.111248535156250000e+04
5.656492187500000000e+03
2.891310546875000000e+04
4.843649902343750000e+03
9.210449218750000000e+03
3.285310058593750000e+02
9.751526367187500000e+03
5.904805175781250000e+03
5.725175781250000000e+03
8.897551757812500000e+03
1.966729882812500000e+04
2.861572021484375000e+03
2.662011962890625000e+03
1.594889038085937500e+03
1.067090722656250000e+04
3.179956054687500000e+04
1.216245971679687500e+03
5.181848144531250000e+03
1.992100067138671875e+02
4.805158203125000000e+03
2.569835351562500000e+04
1.367181030273437500e+03
1.208427441406250000e+04
3.844570007324218750e+02
4.531700134277343750e+02
1.068366894531250000e+04
1.614727050781250000e+03
1.221865966796875000e+03
1.570350036621093750e+02
3.852937011718750000e+03
7.046391113281250000e+03
3.420249938964843750e+02
2.257039947509765625e+02
1.208572021484375000e+03
8.967320312500000000e+03
7.200466796875000000e+03
1.558733496093750000e+04
3.322462890625000000e+03
2.084919921875000000e+03
4.316425781250000000e+03
8.481683593750000000e+03
3.943650878906250000e+03
3.512704101562500000e+03
7.250866210937500000e+03
4.614399902343750000e+03
8.561611328125000000e+03
2.784710083007812500e+02
1.317854980468750000e+03
3.711202880859375000e+03
1.155748339843750000e+04
2.606285888671875000e+03
2.109658935546875000e+03
6.277672851562500000e+03
7.067628906250000000e+03
1.759374023437500000e+03
1.277797973632812500e+03
2.375668945312500000e+03
6.875700378417968750e+01
6.597979003906250000e+03
1.092190722656250000e+04
4.328934082031250000e+03
6.842229003906250000e+03
1.847680664062500000e+04
1.574746948242187500e+03
1.038379003906250000e+04
4.273681152343750000e+03
1.159360546875000000e+04
1.450802978515625000e+03
1.803732055664062500e+03
8.659197265625000000e+03
8.090481933593750000e+03
5.101155761718750000e+03
1.340250976562500000e+04
6.428795898437500000e+03
4.320901855468750000e+03
1.099502539062500000e+04
4.005083007812500000e+03
1.508999943733215332e+00
1.312836816406250000e+04
5.148475097656250000e+03
7.620057128906250000e+03
5.163143066406250000e+03
6.433500976562500000e+03
1.019440002441406250e+02
2.681275878906250000e+03
7.795170898437500000e+03
1.395556030273437500e+03
3.630429992675781250e+02
7.842440185546875000e+02
3.161999940872192383e+00
2.619590087890625000e+03
9.297540283203125000e+02
3.768640136718750000e+02
3.921000003814697266e+00
9.113350219726562500e+02
1.559198632812500000e+04
5.787620117187500000e+03
7.589260253906250000e+02
2.070001953125000000e+04
2.121695068359375000e+03
5.884270019531250000e+02
3.287200164794921875e+01
3.598086914062500000e+03
2.397149963378906250e+02
9.367769775390625000e+02
4.505547851562500000e+03
1.162698974609375000e+03
1.622713012695312500e+03
7.159520996093750000e+03
4.089789062500000000e+03
3.681358886718750000e+03
7.441157226562500000e+03
5.736320190429687500e+02
1.215406054687500000e+04
6.932754882812500000e+03
7.680533203125000000e+03
9.122570312500000000e+03
1.461670074462890625e+02
4.081896972656250000e+03
3.753009033203125000e+03
1.635829394531250000e+04
4.437262207031250000e+03
3.543184082031250000e+03
1.091023242187500000e+04
3.076428515625000000e+04
2.210496093750000000e+03
1.890769958496093750e+02
7.366518066406250000e+03
5.652710937500000000e+03
1.395505664062500000e+04
6.950199890136718750e+01
7.864035156250000000e+03
1.907900047302246094e+01
7.841298828125000000e+03
3.778482910156250000e+03
7.668920288085937500e+02
7.214959960937500000e+03
1.530163867187500000e+04
1.644531005859375000e+03
1.113580273437500000e+04
4.974842773437500000e+03
1.694106054687500000e+04
3.008441894531250000e+03
1.034351074218750000e+04
1.120359985351562500e+03
2.419603027343750000e+03
1.217915917968750000e+04
1.345543847656250000e+04
1.907473022460937500e+03
1.705819946289062500e+03
2.647352050781250000e+03
9.647226562500000000e+03
4.867179870605468750e+02
7.182839965820312500e+02
3.517200927734375000e+03
1.315512939453125000e+03
4.186794921875000000e+03
7.948308105468750000e+03
2.024992578125000000e+04
2.861875000000000000e+03
1.368756640625000000e+04
3.199511962890625000e+03
1.355962036132812500e+03
3.405339965820312500e+02
6.216769042968750000e+03
6.176950195312500000e+03
1.194143164062500000e+04
8.025819702148437500e+02
1.656252539062500000e+04
1.868226171875000000e+04
8.700689453125000000e+03
6.193323242187500000e+03
1.050999218750000000e+04
1.002883972167968750e+03
4.866588867187500000e+03
6.700553222656250000e+03
3.916406005859375000e+03
1.955932006835937500e+03
1.560624023437500000e+03
1.458683959960937500e+03
7.477199707031250000e+02
1.363436035156250000e+03
5.115498046875000000e+03
1.273053955078125000e+03
5.351862792968750000e+03
3.349102050781250000e+03
1.306396484375000000e+04
4.015329895019531250e+02
4.905652832031250000e+03
1.870877343750000000e+04
8.108380126953125000e+02
2.999480957031250000e+03
5.736999988555908203e+00
2.224589111328125000e+03
2.642973632812500000e+04
5.431800079345703125e+01
1.528396972656250000e+03
4.908036132812500000e+03
1.285812792968750000e+04
2.819620117187500000e+03
9.700488281250000000e+03
7.055318847656250000e+03
8.890349731445312500e+02
1.168065625000000000e+04
2.968783935546875000e+03
1.161937011718750000e+03
4.559320800781250000e+03
3.906020996093750000e+03
1.618550048828125000e+03
2.048814257812500000e+04
6.324022949218750000e+03
9.286770019531250000e+02
2.159900878906250000e+03
3.357761962890625000e+03
2.632239013671875000e+03
1.705016967773437500e+03
9.531936523437500000e+03
7.083277832031250000e+03
7.573930175781250000e+03
3.609502929687500000e+03
6.715014160156250000e+03
2.319557812500000000e+04
1.610595947265625000e+03
1.128001953125000000e+03
4.928179199218750000e+03
2.795014648437500000e+04
6.756755859375000000e+03
3.759927978515625000e+03
1.592397656250000000e+04
6.355606933593750000e+03
3.723999977111816406e+00
1.155900001525878906e+01
1.125750000000000000e+04
8.154796875000000000e+03
1.799428515625000000e+04
1.334859960937500000e+04
3.131302539062500000e+04
8.243572265625000000e+03
3.117812988281250000e+03
6.356128906250000000e+03
3.627514892578125000e+03
6.429021972656250000e+03
9.795964843750000000e+03
2.907789062500000000e+03
9.545484375000000000e+03
2.401999950408935547e+00
1.309229980468750000e+03
2.723334960937500000e+03
7.028652832031250000e+03
9.454390258789062500e+02
3.716291015625000000e+03
2.536121093750000000e+04
5.117109985351562500e+02
1.156267944335937500e+03
3.552760009765625000e+03
3.605999946594238281e+00
9.866909790039062500e+02
1.225316796875000000e+04
2.534085742187500000e+04
3.544124023437500000e+03
1.694328002929687500e+03
1.499420019531250000e+04
8.016587890625000000e+03
1.040600013732910156e+01
5.326008789062500000e+03
6.554409179687500000e+03
1.815080273437500000e+04
4.789167968750000000e+03
1.916324951171875000e+03
5.387000122070312500e+02
1.904380035400390625e+02
2.988902099609375000e+03
1.152699951171875000e+03
4.897789916992187500e+02
3.044361083984375000e+03
1.127361816406250000e+04
3.127783935546875000e+03
1.045367773437500000e+04
7.012127929687500000e+03
3.404698974609375000e+03
5.226533203125000000e+03
9.390701171875000000e+03
5.932715820312500000e+03
6.708085937500000000e+03
4.397590820312500000e+03
1.481817016601562500e+03
3.032000064849853516e+00
1.925992578125000000e+04
2.423336914062500000e+04
1.081630020141601562e+02
2.321236083984375000e+03
1.237533398437500000e+04
6.105851074218750000e+03
8.297490234375000000e+02
1.377299957275390625e+02
3.056488037109375000e+03
6.838430175781250000e+03
1.501326171875000000e+04
9.859818359375000000e+03
1.666506835937500000e+04
2.709000110626220703e+00
2.650363037109375000e+03
1.379521875000000000e+04
1.922227050781250000e+03
3.502394042968750000e+03
7.253709716796875000e+02
1.269571679687500000e+04
1.666812988281250000e+03
3.154999971389770508e+00
8.258678710937500000e+03
4.564345214843750000e+03
4.626210937500000000e+03
1.938103027343750000e+03
2.764760131835937500e+02
1.086317480468750000e+04
9.872760742187500000e+03
1.369456054687500000e+03
8.310954101562500000e+03
7.799582031250000000e+03
1.276090011596679688e+02
2.641101074218750000e+03
1.115415039062500000e+03
8.573590087890625000e+02
6.566547851562500000e+03
8.687853515625000000e+03
9.317728515625000000e+03
4.495339965820312500e+02
6.907999992370605469e+00
1.279236523437500000e+04
2.576320068359375000e+03
2.844856933593750000e+03
7.380366210937500000e+03
4.345118164062500000e+03
1.101968457031250000e+04
1.214794726562500000e+04
1.791126562500000000e+04
5.415535156250000000e+03
3.876690063476562500e+02
1.133092285156250000e+04
2.425913085937500000e+03
5.125569824218750000e+03
1.585713989257812500e+03
6.489708007812500000e+03
5.357296875000000000e+03
7.117000102996826172e+00
1.314689941406250000e+03
9.868079833984375000e+02
6.816772949218750000e+03
3.823456054687500000e+03
4.359512207031250000e+03
3.216358886718750000e+03
3.769221923828125000e+03
1.894199943542480469e+01
9.664728515625000000e+03
1.269933105468750000e+04
5.846649902343750000e+03
7.047030029296875000e+02
4.934980957031250000e+03
4.098023925781250000e+03
7.863800048828125000e+02
1.140004882812500000e+04
1.925999999046325684e+00
4.145854003906250000e+03
2.136510156250000000e+04
1.506879882812500000e+04
6.457930297851562500e+02
6.543056152343750000e+03
2.772406005859375000e+03
1.035635986328125000e+03
2.514565917968750000e+03
3.611110156250000000e+04
1.224316040039062500e+03
9.610742187500000000e+03
1.646839648437500000e+04
2.831842041015625000e+03
8.007791992187500000e+03
3.064250976562500000e+03
1.469246679687500000e+04
5.297537109375000000e+03
1.291796020507812500e+03
5.116598144531250000e+03
4.194469238281250000e+03
1.874187109375000000e+04
7.943999767303466797e+00
2.907149963378906250e+02
1.090745971679687500e+03
3.623840026855468750e+02
5.077620117187500000e+03
2.912950134277343750e+02
2.862051025390625000e+03
2.743789062500000000e+03
3.794200134277343750e+02
4.512605957031250000e+03
2.775740966796875000e+03
4.245266113281250000e+03
5.289993164062500000e+03
1.016399955749511719e+01
1.479340057373046875e+02
2.231252929687500000e+03
1.157875976562500000e+03
3.747409912109375000e+03
4.796320800781250000e+03
3.713943115234375000e+03
2.943279052734375000e+03
3.962529907226562500e+02
1.857406982421875000e+03
1.693896093750000000e+04
2.586032031250000000e+04
2.960000038146972656e+00
1.563581054687500000e+03
9.383999824523925781e+00
7.556629882812500000e+03
1.919066040039062500e+03
8.582579101562500000e+03
9.247260131835937500e+02
1.815800585937500000e+04
3.673748046875000000e+03
2.640620703125000000e+04
5.482797851562500000e+03
1.139104785156250000e+04
4.512084960937500000e+03
2.137100781250000000e+04
9.030532226562500000e+03
3.883450012207031250e+02
1.668312011718750000e+03
3.095474121093750000e+03
1.751262939453125000e+03
3.424000024795532227e+00
5.730999946594238281e+00
3.293975097656250000e+03
1.593465625000000000e+04
2.114208984375000000e+03
6.234775878906250000e+03
4.355776855468750000e+03
1.725768554687500000e+04
2.643332812500000000e+04
1.047822363281250000e+04
2.791907958984375000e+03
1.366759033203125000e+03
1.954045312500000000e+04
1.949802978515625000e+03
5.789560058593750000e+03
1.349624414062500000e+04
3.327560119628906250e+02
1.492620703125000000e+04
3.141000032424926758e+00
1.980490966796875000e+03
2.277884033203125000e+03
1.721662963867187500e+03
6.103081054687500000e+03
4.404117187500000000e+03
2.181504882812500000e+03
8.656553710937500000e+03
8.130780029296875000e+02
1.032600488281250000e+04
5.236711914062500000e+03
2.265854003906250000e+03
5.949910278320312500e+02
1.522991894531250000e+04
2.476803955078125000e+03
1.658829956054687500e+02
1.542878906250000000e+04
7.867121093750000000e+03
1.677906982421875000e+03
1.432519433593750000e+04
5.888000011444091797e+00
6.158620117187500000e+03
4.321371093750000000e+03
5.324290161132812500e+02
7.294331054687500000e+03
8.204168945312500000e+03
6.218472167968750000e+03
1.775195312500000000e+04
2.729915039062500000e+03
5.847038085937500000e+03
1.322174121093750000e+04
2.747394042968750000e+03
3.377000093460083008e+00
5.671113769531250000e+03
3.446571044921875000e+03
1.430115234375000000e+04
9.185901367187500000e+03
5.938319702148437500e+02
2.786390075683593750e+02
2.713625000000000000e+03
2.398455078125000000e+03
2.084579101562500000e+03
6.462899780273437500e+01
2.427290039062500000e+02
1.438634033203125000e+03
3.482409973144531250e+02
3.974599838256835938e+01
1.141656982421875000e+03
1.671425048828125000e+03
9.603708984375000000e+03
2.676100097656250000e+03
1.156491943359375000e+03
4.559230041503906250e+02
4.625521875000000000e+04
1.593269238281250000e+04
4.857505859375000000e+03
3.524699951171875000e+03
4.283219909667968750e+02
1.850840942382812500e+03
4.114277832031250000e+03
1.003316601562500000e+04
2.102999925613403320e+00
1.830220312500000000e+04
1.444260009765625000e+03
6.435396972656250000e+03
1.201059667968750000e+04
1.797911010742187500e+03
3.076987060546875000e+03
7.776777832031250000e+03
7.180520019531250000e+03
4.125607910156250000e+03
6.671400878906250000e+03
3.073113037109375000e+03
3.781168945312500000e+03
2.091497070312500000e+03
4.938000202178955078e+00
7.463813964843750000e+03
6.630229003906250000e+03
1.386777148437500000e+04
1.546196777343750000e+04
1.187109985351562500e+02
5.788901855468750000e+03
6.273842773437500000e+03
3.715149902343750000e+03
6.988510131835937500e+02
2.262709960937500000e+03
2.943000078201293945e+00
5.747255859375000000e+03
8.231457031250000000e+03
7.166970214843750000e+02
3.946197021484375000e+03
2.666170043945312500e+02
6.196721191406250000e+03
4.136857910156250000e+03
2.938583984375000000e+03
3.078752929687500000e+03
4.276589843750000000e+03
1.268304589843750000e+04
1.241320312500000000e+04
2.956318115234375000e+03
8.905846679687500000e+03
1.182249984741210938e+02
1.594309570312500000e+04
5.710687011718750000e+03
3.951062011718750000e+03
3.451985107421875000e+03
3.569310058593750000e+03
3.236233886718750000e+03
2.296393164062500000e+04
2.420998046875000000e+03
1.559577026367187500e+03
2.172978027343750000e+03
1.039529882812500000e+04
2.330060546875000000e+04
7.888497070312500000e+03
1.284906542968750000e+04
6.052698242187500000e+03
3.429087890625000000e+03
5.926194824218750000e+03
4.778999805450439453e+00
5.879080200195312500e+02
1.052103710937500000e+04
5.694019775390625000e+02
9.789000244140625000e+02
5.581999969482421875e+01
1.123524121093750000e+04
3.062427001953125000e+03
7.066578125000000000e+03
1.840000033378601074e+00
9.489799804687500000e+02
5.576409179687500000e+03
1.367706640625000000e+04
2.869000195312500000e+04
1.015020996093750000e+03
1.041044921875000000e+04
1.618350067138671875e+02
4.261719970703125000e+02
1.085453906250000000e+04
2.180521972656250000e+03
6.173899841308593750e+01
3.642039062500000000e+03
5.518761230468750000e+03
1.283318969726562500e+03
2.106986083984375000e+03
1.123759033203125000e+03
9.907949218750000000e+03
6.064762207031250000e+03
2.092610015869140625e+02
1.001175390625000000e+04
7.238408203125000000e+03
2.878489990234375000e+02
1.297723022460937500e+03
1.727067993164062500e+03
8.104141113281250000e+03
1.532499023437500000e+03
2.372843017578125000e+03
8.961099609375000000e+03
1.172786010742187500e+03
4.866000175476074219e+00
2.352229980468750000e+03
1.425250683593750000e+04
5.622299957275390625e+01
1.108075292968750000e+04
8.910849609375000000e+03
4.086659912109375000e+03
2.595663085937500000e+03
1.293013183593750000e+04
1.133599902343750000e+04
1.069589996337890625e+02
7.970541992187500000e+03
1.352482421875000000e+04
2.280140075683593750e+02
1.333543945312500000e+03
1.386081054687500000e+03
2.024454956054687500e+03
1.569135742187500000e+04
1.576573632812500000e+04
1.780640014648437500e+03
1.081042968750000000e+03
8.484549804687500000e+03
1.582838012695312500e+03
5.785608886718750000e+03
8.375457031250000000e+03
2.838616943359375000e+03
3.629142089843750000e+03
5.740020141601562500e+02
1.221793066406250000e+04
1.232685644531250000e+04
8.913377929687500000e+03
2.229000091552734375e+00
4.914627929687500000e+03
5.460856933593750000e+03
1.969202539062500000e+04
1.690107226562500000e+04
1.059269921875000000e+04
1.229192480468750000e+04
6.727209960937500000e+03
5.017056152343750000e+03
5.159904785156250000e+03
3.372999906539916992e+00
6.193124023437500000e+03
5.250999927520751953e+00
2.260709570312500000e+04
6.634604980468750000e+03
8.815595703125000000e+03
9.155777343750000000e+03
4.116148925781250000e+03
2.709199804687500000e+04
1.577899932861328125e+02
1.872599983215332031e+01
6.616498046875000000e+03
5.859741210937500000e+03
1.046741015625000000e+04
2.922100067138671875e+01
1.387064941406250000e+03
1.780077343750000000e+04
4.937804199218750000e+03
8.673172851562500000e+03
1.527772558593750000e+04
4.247244140625000000e+03
8.949080200195312500e+02
2.279771972656250000e+03
2.905118750000000000e+04
1.131629101562500000e+04
2.413898925781250000e+03
9.824530029296875000e+02
1.698158203125000000e+04
2.051679931640625000e+03
9.400556640625000000e+03
2.684739990234375000e+02
3.784873046875000000e+03
1.023229980468750000e+03
1.018871582031250000e+04
1.490183691406250000e+04
6.989422851562500000e+03
8.770332031250000000e+03
4.803255859375000000e+03
2.086029968261718750e+02
3.383259887695312500e+02
6.943676757812500000e+03
8.406569824218750000e+02
1.327180859375000000e+04
5.813520996093750000e+03
4.769710937500000000e+03
2.694781982421875000e+03
1.899527954101562500e+03
3.467069091796875000e+03
7.489650878906250000e+03
2.931999921798706055e+00
1.666224975585937500e+03
3.589999914169311523e+00
4.580923828125000000e+03
3.789031005859375000e+03
5.930570068359375000e+02
1.956447998046875000e+03
1.506239990234375000e+03
1.563970031738281250e+02
3.005681884765625000e+03
1.095197998046875000e+03
7.161878906250000000e+03
1.768327148437500000e+04
7.145999908447265625e+00
4.719498046875000000e+03
2.436267089843750000e+03
5.671681152343750000e+03
5.158145019531250000e+03
2.062295312500000000e+04
9.686221679687500000e+03
3.041929931640625000e+02
1.113926171875000000e+04
2.118628515625000000e+04
9.224732421875000000e+03
1.311182983398437500e+03
6.734288085937500000e+03
4.531882812500000000e+03
8.843000411987304688e+00
2.265136132812500000e+04
4.278594238281250000e+03
7.250688964843750000e+03
7.864892089843750000e+03
1.491199970245361328e+01
6.580172851562500000e+03
1.306943652343750000e+04
1.018741027832031250e+03
1.145876953125000000e+03
3.275539062500000000e+03
1.211965136718750000e+04
7.759024902343750000e+03
1.333545898437500000e+04
1.535214160156250000e+04
5.079461914062500000e+03
2.130368359375000000e+04
3.319038085937500000e+03
2.989089965820312500e+02
5.345407226562500000e+03
1.208091894531250000e+04
1.069605957031250000e+03
4.800945800781250000e+03
2.559999942779541016e+00
1.175347070312500000e+04
8.745706054687500000e+03
7.600980224609375000e+02
6.518660156250000000e+03
4.052919921875000000e+03
4.732851074218750000e+03
1.925633056640625000e+03
8.356152343750000000e+03
1.428130035400390625e+02
2.875402099609375000e+03
6.974659179687500000e+03
1.698741406250000000e+04
7.097626953125000000e+03
1.436397558593750000e+04
5.795986816406250000e+03
4.145999908447265625e+00
5.993999958038330078e+00
1.257784057617187500e+03
6.008010253906250000e+02
2.276635546875000000e+04
7.866409179687500000e+03
2.006852929687500000e+04
1.903962304687500000e+04
5.061230957031250000e+03
4.098594238281250000e+03
5.857816894531250000e+03
1.317530175781250000e+04
3.277979003906250000e+03
1.636480957031250000e+03
1.867654052734375000e+03
2.623177148437500000e+04
8.334014648437500000e+03
3.822989013671875000e+03
1.616625390625000000e+04
7.374056152343750000e+03
4.281038085937500000e+03
8.484363281250000000e+03
1.086749902343750000e+04
2.262802978515625000e+03
2.672715087890625000e+03
6.364790039062500000e+02
1.250166992187500000e+04
1.031999945640563965e+00
5.654685058593750000e+03
1.382050976562500000e+04
1.210097045898437500e+03
9.100310058593750000e+02
1.779986132812500000e+04
6.132428222656250000e+03
3.310898925781250000e+03
9.674550170898437500e+02
1.336158398437500000e+04
5.630566894531250000e+03
2.196486523437500000e+04
8.157044921875000000e+03
1.002890014648437500e+02
1.795762695312500000e+04
1.656913940429687500e+03
3.960802001953125000e+03
8.902147460937500000e+03
5.772069824218750000e+03
1.532843017578125000e+03
1.883339648437500000e+04
1.894963012695312500e+03
4.955249938964843750e+02
1.844983789062500000e+04
2.068446044921875000e+03
1.011224975585937500e+03
4.555013183593750000e+03
3.065595312500000000e+04
1.633600044250488281e+01
7.651370239257812500e+02
5.484972167968750000e+03
4.676945800781250000e+03
1.679421679687500000e+04
1.216786328125000000e+04
1.693079296875000000e+04
4.443982910156250000e+03
1.772859954833984375e+02
2.943529052734375000e+03
3.864135009765625000e+03
1.672891015625000000e+04
2.213400077819824219e+01
5.045638183593750000e+03
2.373113037109375000e+03
5.486999988555908203e+00
1.633902954101562500e+03
7.871690917968750000e+03
2.397310028076171875e+02
2.486759570312500000e+04
1.680406835937500000e+04
3.593550048828125000e+03
1.549275024414062500e+03
1.386726074218750000e+04
1.627822998046875000e+03
5.249883789062500000e+03
1.499619018554687500e+03
5.229000091552734375e+00
3.341420898437500000e+03
1.345004687500000000e+04
2.677663085937500000e+03
1.390366943359375000e+03
7.322602050781250000e+03
2.306935058593750000e+03
8.066300201416015625e+01
2.022772656250000000e+04
1.013167187500000000e+04
6.739215820312500000e+03
1.212587402343750000e+04
4.036577880859375000e+03
1.588700008392333984e+01
9.987000465393066406e+00
3.708712890625000000e+03
6.015291015625000000e+03
3.583885009765625000e+03
1.011999964714050293e+00
3.295983886718750000e+03
9.397100067138671875e+01
1.233341015625000000e+04
2.878116943359375000e+03
2.183449804687500000e+04
9.711920898437500000e+03
2.869379882812500000e+03
1.393381958007812500e+03
3.702184082031250000e+03
6.424849121093750000e+03
2.761086914062500000e+03
1.478000044822692871e+00
7.739254882812500000e+03
6.228352050781250000e+03
4.182000160217285156e+00
2.082812988281250000e+03
3.719110107421875000e+02
2.448049926757812500e+02
1.059529003906250000e+04
2.017109985351562500e+03
3.399570007324218750e+02
2.693397949218750000e+03
6.575400878906250000e+03
1.124368359375000000e+04
1.180395996093750000e+03
6.010400009155273438e+01
1.748005859375000000e+04
1.126695507812500000e+04
8.907156250000000000e+03
2.879668945312500000e+03
6.490911132812500000e+03
2.425628906250000000e+03
1.303316601562500000e+04
2.390566894531250000e+03
6.943999767303466797e+00
1.237033789062500000e+04
2.550410888671875000e+03
3.464899826049804688e+01
7.014765136718750000e+03
2.279801025390625000e+03
7.097876953125000000e+03
1.269403906250000000e+04
7.734877929687500000e+03
4.684888183593750000e+03
7.037945800781250000e+03
9.036643554687500000e+03
6.307349121093750000e+03
2.616270019531250000e+03
2.267673095703125000e+03
5.722000122070312500e+00
2.730409912109375000e+03
1.040509033203125000e+03
9.163999557495117188e+00
4.047079101562500000e+03
3.519520019531250000e+03
2.105045507812500000e+04
2.497591064453125000e+03
4.094922119140625000e+03
5.003609924316406250e+02
2.692116943359375000e+03
1.273107226562500000e+04
3.850824951171875000e+03
1.353906445312500000e+04
4.749283203125000000e+03
2.746552001953125000e+03
2.041182226562500000e+04
3.350690625000000000e+04
1.912685742187500000e+04
2.278961914062500000e+03
5.044688964843750000e+03
4.301400146484375000e+02
6.903020996093750000e+03
6.318315917968750000e+03
1.535999218750000000e+04
7.780455078125000000e+03
