9.522698242187500000e+03
8.966658593750000000e+04
3.188028750000000000e+05
1.527403437500000000e+05
1.030177929687500000e+04
1.550549218750000000e+05
4.025522656250000000e+04
3.027482421875000000e+04
6.554760131835937500e+02
6.582269042968750000e+03
1.926390234375000000e+04
5.088316406250000000e+04
1.708995507812500000e+04
7.249349975585937500e+02
6.905407226562500000e+03
3.380747070312500000e+03
6.080007812500000000e+04
6.233892968750000000e+04
3.536709960937500000e+03
3.431457421875000000e+04
3.803467578125000000e+04
2.292661328125000000e+04
1.935250156250000000e+05
1.423013378906250000e+04
3.409923046875000000e+04
8.450954101562500000e+03
1.420399062500000000e+05
2.530429687500000000e+05
4.097567871093750000e+03
4.130661132812500000e+03
1.978820781250000000e+05
5.145473144531250000e+03
5.345725000000000000e+04
2.081804931640625000e+03
7.435412500000000000e+04
6.303652734375000000e+04
5.856785546875000000e+04
9.239087890625000000e+03
1.166031005859375000e+03
1.471493164062500000e+04
2.690297119140625000e+03
5.987630859375000000e+03
1.044314257812500000e+04
2.478745625000000000e+05
5.113340148925781250e+02
2.451970062255859375e+02
2.290775781250000000e+04
1.618578002929687500e+03
2.772034960937500000e+04
2.305088867187500000e+04
1.984920117187500000e+04
6.461425390625000000e+04
5.373191894531250000e+03
3.025839062500000000e+04
3.786872656250000000e+04
7.804869995117187500e+02
1.725760009765625000e+03
1.312261093750000000e+05
1.496610937500000000e+05
1.809687500000000000e+04
7.834020996093750000e+03
1.867419335937500000e+04
4.337200000000000000e+04
4.128869934082031250e+02
7.482890136718750000e+03
7.130803222656250000e+03
2.979648437500000000e+04
2.513440234375000000e+04
4.537625781250000000e+04
3.914728027343750000e+03
1.047688964843750000e+03
3.383077343750000000e+04
2.103835937500000000e+04
1.741385625000000000e+05
2.568639648437500000e+04
2.269840234375000000e+04
7.945723437500000000e+04
1.299277539062500000e+04
3.681253906250000000e+04
5.055623437500000000e+04
3.720627343750000000e+04
5.313957812500000000e+04
6.166424804687500000e+03
1.751532812500000000e+05
1.521135986328125000e+03
2.616050109863281250e+02
2.705854492187500000e+04
1.410006718750000000e+05
2.347349121093750000e+03
2.055072656250000000e+04
3.763937109375000000e+04
7.120832031250000000e+03
1.075237060546875000e+03
2.596150195312500000e+04
4.673233203125000000e+04
1.640658906250000000e+05
3.528689880371093750e+02
3.312659912109375000e+02
9.570030273437500000e+03
1.518532958984375000e+03
4.909291015625000000e+03
1.389829956054687500e+03
1.018498515625000000e+05
1.157647421875000000e+05
3.085374609375000000e+04
2.012858750000000000e+05
6.815607812500000000e+04
1.070913378906250000e+04
6.931107812500000000e+04
1.316632656250000000e+05
1.069314531250000000e+05
3.163017812500000000e+05
1.636356250000000000e+05
1.503204785156250000e+04
5.601896093750000000e+04
1.008039001464843750e+03
4.760498828125000000e+04
6.982245312500000000e+04
2.228992968750000000e+04
3.407011962890625000e+03
1.501329394531250000e+04
1.403964062500000000e+04
1.759983593750000000e+04
2.608685058593750000e+03
6.857249023437500000e+03
6.500163085937500000e+03
4.522989062500000000e+04
2.108506875000000000e+05
9.303487500000000000e+04
1.064790039062500000e+04
9.064919921875000000e+03
2.157629492187500000e+04
1.428000312500000000e+05
4.054383593750000000e+04
1.480805859375000000e+04
2.382359960937500000e+04
5.313222167968750000e+03
1.649288671875000000e+04
5.501965234375000000e+04
2.594846923828125000e+03
3.834621484375000000e+04
4.695118359375000000e+04
3.153285888671875000e+03
5.564240112304687500e+02
5.973340820312500000e+03
2.704076367187500000e+04
1.725105000000000000e+05
1.453187402343750000e+04
3.261569140625000000e+04
2.615796875000000000e+05
8.428469848632812500e+02
8.944503906250000000e+04
8.722066406250000000e+04
2.666550585937500000e+04
1.492994726562500000e+04
6.894920312500000000e+04
6.636698437500000000e+04
5.893231933593750000e+03
5.570006640625000000e+04
4.044278906250000000e+04
8.715628906250000000e+04
8.337484375000000000e+03
4.439519921875000000e+04
1.894870507812500000e+04
2.278493593750000000e+05
4.598080078125000000e+04
7.182762500000000000e+04
4.100539062500000000e+03
2.235810312500000000e+05
8.121907812500000000e+04
9.954730224609375000e+02
4.727965820312500000e+03
1.638442382812500000e+04
3.674556884765625000e+03
9.995463867187500000e+03
1.180496484375000000e+05
2.730072187500000000e+05
1.481088125000000000e+05
1.738114062500000000e+04
7.601133789062500000e+03
1.324784218750000000e+05
5.096583984375000000e+03
1.503890039062500000e+04
1.225788671875000000e+04
1.180313085937500000e+04
2.076844687500000000e+05
4.923358886718750000e+03
1.942898437500000000e+05
3.160600097656250000e+03
3.761132080078125000e+03
2.120212890625000000e+04
2.845575585937500000e+04
6.746100097656250000e+03
3.951573974609375000e+03
5.094258984375000000e+04
3.925582031250000000e+03
1.679425048828125000e+03
1.023430546875000000e+05
1.324986718750000000e+05
7.527513183593750000e+03
5.598930859375000000e+04
1.055874511718750000e+04
2.398178906250000000e+04
1.853777187500000000e+05
3.245558984375000000e+04
3.713601074218750000e+03
2.217884033203125000e+03
4.519712890625000000e+04
5.874396972656250000e+03
2.400805078125000000e+04
2.162127343750000000e+05
8.591863281250000000e+03
2.077929062500000000e+05
9.655473437500000000e+04
3.136539843750000000e+04
1.248394765625000000e+05
8.634377929687500000e+03
1.152309863281250000e+04
2.123917968750000000e+03
5.236677343750000000e+04
3.731489990234375000e+03
1.118884472656250000e+04
6.350879687500000000e+04
6.140741406250000000e+04
5.260392578125000000e+04
3.273156982421875000e+03
1.124767187500000000e+05
1.602755981445312500e+03
2.072684082031250000e+03
2.990506640625000000e+04
3.888014453125000000e+04
2.812789062500000000e+03
2.433862304687500000e+04
1.991878437500000000e+05
1.090526977539062500e+03
6.272069702148437500e+02
2.233656005859375000e+03
1.698555781250000000e+05
6.964035156250000000e+04
1.358699121093750000e+04
1.106374765625000000e+05
7.524928222656250000e+03
6.098602343750000000e+04
1.257913281250000000e+05
2.840090026855468750e+02
3.009415429687500000e+04
1.827708007812500000e+04
2.292314843750000000e+04
7.530830078125000000e+02
1.785080273437500000e+04
3.470023437500000000e+04
4.762578125000000000e+03
9.099034179687500000e+03
5.459780078125000000e+04
1.674773242187500000e+04
1.742247187500000000e+05
5.872528515625000000e+04
8.520850219726562500e+02
1.105943750000000000e+05
3.880530859375000000e+04
6.184983886718750000e+03
5.211757812500000000e+03
2.242115820312500000e+04
2.550483886718750000e+03
2.533456054687500000e+03
1.129914941406250000e+04
7.651688964843750000e+03
6.573284179687500000e+03
2.303762968750000000e+05
6.860022656250000000e+04
3.183739843750000000e+04
2.976957421875000000e+04
4.548855957031250000e+03
7.931113281250000000e+04
1.065993041992187500e+03
4.383901953125000000e+04
1.336850937500000000e+05
1.217038476562500000e+04
7.715965625000000000e+04
1.581277148437500000e+04
2.682929687500000000e+04
1.256467382812500000e+04
3.268609924316406250e+02
6.439935937500000000e+04
9.808900146484375000e+02
1.112159960937500000e+04
3.750077880859375000e+03
2.524902343750000000e+04
2.483754882812500000e+04
2.355097656250000000e+04
3.411476171875000000e+04
7.706421875000000000e+03
5.499479980468750000e+02
2.744138085937500000e+04
6.515253515625000000e+04
1.482375292968750000e+04
2.965050048828125000e+03
2.367259979248046875e+02
1.072839965820312500e+03
4.537467187500000000e+04
9.169292187500000000e+04
4.392799987792968750e+02
1.444542773437500000e+04
1.371359082031250000e+04
4.924212890625000000e+03
3.042870507812500000e+04
1.276555053710937500e+03
8.590001562500000000e+04
4.036489868164062500e+02
7.774708007812500000e+03
9.080725781250000000e+04
5.914198242187500000e+03
6.805178125000000000e+04
2.584016113281250000e+03
1.051136523437500000e+04
9.946738281250000000e+03
4.462470312500000000e+04
7.270056250000000000e+04
3.640910034179687500e+02
2.979429296875000000e+04
2.253157812500000000e+04
2.599128515625000000e+04
2.612938281250000000e+04
1.193499921875000000e+05
6.631968750000000000e+04
1.669675625000000000e+05
2.631599804687500000e+04
2.341327343750000000e+04
1.909546289062500000e+04
2.814814257812500000e+04
1.363502441406250000e+04
2.467299072265625000e+03
1.155536621093750000e+04
4.362881835937500000e+03
3.119508984375000000e+04
2.849700927734375000e+03
1.338937109375000000e+04
2.749923242187500000e+04
2.238741943359375000e+03
3.107587890625000000e+04
1.513436816406250000e+04
4.449812011718750000e+03
2.788446484375000000e+04
8.117257812500000000e+04
1.861529052734375000e+03
5.231255468750000000e+04
1.024789257812500000e+04
3.587644531250000000e+04
6.593908593750000000e+04
2.601597900390625000e+03
4.759027343750000000e+04
2.563231933593750000e+03
8.961069335937500000e+03
1.421326171875000000e+04
7.733328125000000000e+03
1.377866015625000000e+04
2.180631875000000000e+05
2.781600195312500000e+04
1.411038281250000000e+05
1.804898242187500000e+04
8.896957812500000000e+04
1.255447998046875000e+03
8.958736718750000000e+04
2.210568164062500000e+04
5.623099975585937500e+02
5.123246093750000000e+03
4.423366796875000000e+04
1.041007734375000000e+05
7.048980102539062500e+02
6.451899719238281250e+01
6.700164843750000000e+04
2.165689453125000000e+04
5.740420312500000000e+04
9.926223437500000000e+04
1.867762695312500000e+04
1.868739843750000000e+04
1.291074511718750000e+04
1.676591210937500000e+04
3.414082421875000000e+04
1.900577026367187500e+03
7.186225781250000000e+04
4.543739453125000000e+04
8.904628125000000000e+04
1.955695312500000000e+04
9.059956250000000000e+04
6.433274609375000000e+04
5.201143066406250000e+03
2.303333007812500000e+03
2.917170104980468750e+02
9.005916992187500000e+03
4.354360046386718750e+02
6.388300170898437500e+02
7.980480468750000000e+04
2.971079296875000000e+04
7.955523925781250000e+03
2.590916015625000000e+03
6.918721875000000000e+04
3.494528906250000000e+04
2.132093164062500000e+04
3.717863671875000000e+04
2.952895312500000000e+04
4.535341796875000000e+04
4.820520019531250000e+02
1.249983032226562500e+03
2.580156054687500000e+04
3.980923437500000000e+04
3.409677187500000000e+05
5.418170312500000000e+04
1.641450042724609375e+02
1.386179785156250000e+04
2.405101953125000000e+04
1.061202109375000000e+05
2.166072265625000000e+04
1.463952656250000000e+05
1.546185058593750000e+03
3.836800390625000000e+04
2.367152929687500000e+04
2.887568164062500000e+04
4.505679199218750000e+03
1.329326406250000000e+05
3.127174023437500000e+04
5.521509765625000000e+03
2.414761132812500000e+04
2.149921289062500000e+04
7.195167968750000000e+04
2.272582031250000000e+03
5.245753906250000000e+04
5.395921875000000000e+04
8.417159179687500000e+03
6.815424804687500000e+03
1.348625878906250000e+04
4.215357031250000000e+04
5.708245312500000000e+04
2.899200057983398438e+01
1.362356875000000000e+05
2.671844140625000000e+04
1.712814687500000000e+05
1.018625078125000000e+05
8.845525390625000000e+03
1.681865156250000000e+05
7.238888183593750000e+03
7.663276562500000000e+04
4.742125000000000000e+03
9.144931640625000000e+03
8.903165625000000000e+04
1.429720781250000000e+05
9.474282031250000000e+04
3.918974062500000000e+05
6.114987792968750000e+03
8.459050000000000000e+04
2.292656982421875000e+03
1.612502812500000000e+05
9.868823242187500000e+03
6.282190917968750000e+03
2.938134062500000000e+05
5.796727343750000000e+04
1.280398515625000000e+05
6.569808105468750000e+03
4.290814843750000000e+04
1.859329687500000000e+05
1.645445117187500000e+04
1.640668281250000000e+05
6.955407812500000000e+04
1.544834687500000000e+05
1.060444687500000000e+05
1.132455390625000000e+05
3.174352539062500000e+04
8.680595703125000000e+03
3.016196044921875000e+03
4.510719921875000000e+04
6.343363671875000000e+04
2.735222851562500000e+04
3.339894921875000000e+04
1.297851171875000000e+05
2.523961328125000000e+04
1.598443652343750000e+04
2.814162695312500000e+04
1.198736718750000000e+04
3.994797656250000000e+04
1.913499375000000000e+05
9.758418945312500000e+03
1.065463183593750000e+04
1.608740332031250000e+04
3.042871484375000000e+04
4.178449609375000000e+04
2.672113671875000000e+04
5.893499023437500000e+03
1.980954687500000000e+04
1.678630981445312500e+03
1.243102031250000000e+05
1.056443359375000000e+04
6.463460546875000000e+04
7.304547656250000000e+04
1.901199913024902344e+01
1.254117890625000000e+05
8.337342968750000000e+04
1.498264687500000000e+05
7.287935058593750000e+03
2.153865966796875000e+03
2.936318115234375000e+03
4.676358593750000000e+04
6.116016796875000000e+04
1.184831054687500000e+03
2.935029907226562500e+02
8.525639843750000000e+04
2.552171093750000000e+04
4.311193437500000000e+05
6.662066894531250000e+03
1.645250000000000000e+03
1.087718164062500000e+04
1.432461875000000000e+05
1.129137304687500000e+04
1.114854003906250000e+03
1.235771582031250000e+04
3.672882080078125000e+03
1.659817187500000000e+04
2.797291796875000000e+04
7.592569824218750000e+03
7.712036718750000000e+04
1.199895625000000000e+05
5.448578515625000000e+04
3.660922119140625000e+03
1.659954687500000000e+04
2.190437988281250000e+03
1.575241699218750000e+04
5.917766113281250000e+03
3.282525312500000000e+05
4.880753515625000000e+04
9.181432617187500000e+03
1.440349843750000000e+05
2.890659570312500000e+04
1.422100683593750000e+04
1.739200781250000000e+05
1.296121718750000000e+05
1.932991093750000000e+05
9.638330078125000000e+03
9.977853125000000000e+04
4.608228906250000000e+04
8.146006250000000000e+04
1.263434843750000000e+05
2.340365234375000000e+04
7.694682128906250000e+03
2.196083906250000000e+05
2.121250000000000000e+02
7.551101074218750000e+03
7.158328125000000000e+04
5.563315917968750000e+03
2.270539257812500000e+04
8.034681250000000000e+04
2.169740234375000000e+04
8.909285156250000000e+03
3.317014892578125000e+03
4.646373046875000000e+04
2.595359960937500000e+04
3.411103515625000000e+04
2.557691210937500000e+04
2.523512695312500000e+04
3.018630065917968750e+02
1.438627500000000000e+05
2.632472460937500000e+04
6.349502343750000000e+04
9.082676562500000000e+04
8.547601562500000000e+04
1.030331738281250000e+04
8.149420312500000000e+04
4.315016406250000000e+04
1.278248046875000000e+03
1.097164843750000000e+04
1.314206835937500000e+04
3.857042968750000000e+03
3.327524902343750000e+03
9.819859375000000000e+03
5.962899780273437500e+02
7.383071093750000000e+04
3.965895703125000000e+04
2.438490820312500000e+04
2.320073974609375000e+03
5.376481640625000000e+04
8.743560546875000000e+03
4.373613671875000000e+04
2.486948906250000000e+05
2.401944218750000000e+05
2.792901367187500000e+04
1.286233671875000000e+05
4.312523046875000000e+04
1.611015625000000000e+04
1.114644238281250000e+04
1.509119042968750000e+04
6.363187011718750000e+03
1.773423242187500000e+04
5.060313964843750000e+03
2.250890625000000000e+05
1.338522070312500000e+04
2.830380273437500000e+04
4.049148046875000000e+04
4.382485156250000000e+04
8.174105957031250000e+03
3.298926025390625000e+03
1.391447460937500000e+04
1.769060156250000000e+04
8.510710937500000000e+03
4.778169860839843750e+02
8.567334375000000000e+04
4.592517968750000000e+04
4.226018359375000000e+04
3.207704492187500000e+04
4.032461914062500000e+03
3.599961914062500000e+03
6.782238281250000000e+04
1.701018750000000000e+05
3.064693750000000000e+05
1.906453906250000000e+04
4.689344238281250000e+03
6.786497070312500000e+03
3.274110107421875000e+02
6.309655078125000000e+04
5.767175781250000000e+03
6.776662109375000000e+03
7.354577343750000000e+04
8.401071875000000000e+04
3.382173437500000000e+04
4.348710937500000000e+03
4.856399917602539062e+01
1.515994433593750000e+04
1.348574804687500000e+04
5.869117187500000000e+03
3.127459375000000000e+04
1.375640820312500000e+04
6.549835546875000000e+04
1.335733125000000000e+05
2.715748046875000000e+03
2.952543945312500000e+04
1.424770800781250000e+04
3.460109863281250000e+02
7.914967773437500000e+03
7.482178906250000000e+04
2.996659375000000000e+04
1.235347753906250000e+04
7.907462500000000000e+04
4.787391113281250000e+03
3.230674072265625000e+03
1.166595156250000000e+05
1.836536718750000000e+05
4.739139160156250000e+03
7.731986718750000000e+04
5.058833593750000000e+04
2.596598828125000000e+04
1.514603437500000000e+05
4.554892187500000000e+04
2.213198632812500000e+04
5.162886230468750000e+03
3.979430078125000000e+04
1.707040429687500000e+04
8.684331054687500000e+03
4.358793945312500000e+03
7.843014160156250000e+03
7.775894531250000000e+04
3.450875976562500000e+03
1.050933593750000000e+04
1.040826640625000000e+05
1.049811953125000000e+05
1.020345156250000000e+05
2.884521972656250000e+03
7.317629687500000000e+04
4.911114062500000000e+04
6.196636718750000000e+04
4.293349218750000000e+04
3.685826904296875000e+03
1.055244609375000000e+05
1.384733105468750000e+04
3.558062011718750000e+03
1.778427734375000000e+04
1.027726562500000000e+05
2.846647187500000000e+05
2.945724804687500000e+04
2.596264257812500000e+04
8.530607812500000000e+04
3.411447021484375000e+03
6.077972656250000000e+04
1.130033750000000000e+05
9.726449218750000000e+04
1.271563378906250000e+04
6.150973828125000000e+04
2.836486328125000000e+04
3.948694921875000000e+04
5.961372656250000000e+04
6.594184375000000000e+04
7.051467968750000000e+04
1.554092656250000000e+05
1.573872031250000000e+05
8.492790039062500000e+03
1.470880981445312500e+03
2.671041015625000000e+03
2.819079882812500000e+04
1.176113046875000000e+05
5.396388183593750000e+03
7.563503125000000000e+04
3.111948632812500000e+04
2.645641250000000000e+05
5.445605468750000000e+04
5.297006835937500000e+03
2.431867578125000000e+04
7.698539843750000000e+04
5.462423046875000000e+04
4.113398925781250000e+03
2.995584765625000000e+04
1.780288906250000000e+05
8.244470214843750000e+02
8.040993750000000000e+04
1.254875683593750000e+04
6.796073242187500000e+03
2.110549926757812500e+02
5.396889062500000000e+04
4.258418945312500000e+03
7.160405761718750000e+03
3.362706640625000000e+04
1.316549843750000000e+05
4.643845214843750000e+03
1.437308984375000000e+04
1.102866308593750000e+04
9.003015625000000000e+03
1.619778808593750000e+04
4.135664062500000000e+03
2.186304492187500000e+04
3.611568750000000000e+04
1.216316015625000000e+05
3.045912109375000000e+03
7.964000976562500000e+03
5.427090820312500000e+03
4.406530468750000000e+04
4.241172656250000000e+04
4.024044921875000000e+04
1.367442993164062500e+03
6.582390625000000000e+04
2.590790820312500000e+04
6.657648437500000000e+04
9.773865625000000000e+04
2.845343359375000000e+04
2.345957031250000000e+03
1.609801269531250000e+04
7.215299987792968750e+01
7.623966796875000000e+03
7.550749023437500000e+03
2.884772949218750000e+03
1.132777539062500000e+04
5.741424218750000000e+04
1.599813378906250000e+04
4.386676171875000000e+04
1.822430625000000000e+05
4.002919921875000000e+04
8.079001953125000000e+03
6.576845312500000000e+04
2.732150878906250000e+03
6.685488281250000000e+04
3.255554375000000000e+05
3.775478125000000000e+04
6.906518750000000000e+04
1.009405937500000000e+05
3.628155859375000000e+04
9.980289916992187500e+02
1.166336328125000000e+04
5.038537109375000000e+04
7.386837890625000000e+03
1.242426093750000000e+05
2.452630004882812500e+02
8.515792187500000000e+04
1.682581054687500000e+03
4.850928222656250000e+03
1.217952578125000000e+05
2.575549926757812500e+02
1.030115966796875000e+03
7.153117187500000000e+03
9.267903320312500000e+03
8.592265625000000000e+04
9.322643750000000000e+04
1.861536328125000000e+04
1.930295312500000000e+05
1.412368437500000000e+05
1.307706718750000000e+05
6.254651855468750000e+03
4.958469531250000000e+04
1.342922851562500000e+04
2.185418554687500000e+04
9.436447656250000000e+04
6.765085937500000000e+04
5.331746093750000000e+04
3.846135156250000000e+04
4.224995312500000000e+05
2.685225097656250000e+03
4.497347167968750000e+03
5.036444921875000000e+04
8.296201171875000000e+03
2.480493750000000000e+04
5.700485839843750000e+03
7.039564843750000000e+04
1.126495703125000000e+04
6.964857812500000000e+04
5.576703125000000000e+03
2.403875000000000000e+04
2.035403320312500000e+04
2.046503437500000000e+05
2.491166250000000000e+05
1.409749375000000000e+05
1.563662304687500000e+04
9.551300048828125000e+02
9.357517968750000000e+04
7.042858886718750000e+03
7.796684375000000000e+04
7.666366210937500000e+03
5.071942968750000000e+04
1.798525585937500000e+04
2.279255468750000000e+05
3.113845312500000000e+05
4.999360937500000000e+04
2.394616718750000000e+05
1.017795214843750000e+04
3.076879882812500000e+02
3.971801562500000000e+04
8.206617968750000000e+04
7.587092187500000000e+04
1.256902636718750000e+04
4.048540039062500000e+03
9.338215625000000000e+04
4.925907421875000000e+04
1.460739648437500000e+04
2.263732187500000000e+05
6.013642089843750000e+03
2.660516875000000000e+05
3.842095312500000000e+04
3.518845000000000000e+05
5.208200073242187500e+01
1.427545605468750000e+04
1.863768359375000000e+04
1.806071250000000000e+05
6.321645996093750000e+03
1.706220000000000000e+05
6.312617187500000000e+03
2.913022070312500000e+04
1.550370507812500000e+04
2.230589843750000000e+05
2.663466015625000000e+04
8.215846093750000000e+04
2.821824414062500000e+04
3.851728125000000000e+04
5.579382031250000000e+04
7.192949829101562500e+02
2.389208789062500000e+04
6.674711914062500000e+03
8.447925781250000000e+03
8.137121093750000000e+03
4.059343125000000000e+05
2.321868164062500000e+04
9.359746093750000000e+03
1.464447656250000000e+04
4.290771093750000000e+04
5.682532031250000000e+04
2.302864257812500000e+04
5.487724121093750000e+03
9.877983593750000000e+04
3.082611718750000000e+04
1.451288281250000000e+05
2.144750976562500000e+03
2.460582968750000000e+05
3.165724121093750000e+03
8.795860351562500000e+03
1.558099804687500000e+04
3.199367773437500000e+04
1.152466210937500000e+04
1.224776660156250000e+04
4.673201562500000000e+04
1.446609472656250000e+04
2.336594970703125000e+03
1.909807617187500000e+04
8.532057812500000000e+04
3.095239453125000000e+04
1.369994375000000000e+05
1.051578046875000000e+05
7.967115234375000000e+03
3.059640625000000000e+04
4.011402812500000000e+05
3.780497070312500000e+03
8.704224609375000000e+03
1.299353222656250000e+04
1.407797968750000000e+05
3.126110312500000000e+05
7.389672656250000000e+04
1.884917812500000000e+05
4.697826171875000000e+04
1.342213012695312500e+03
1.685423242187500000e+04
2.125335000000000000e+05
1.474684218750000000e+05
9.829169921875000000e+02
2.022699928283691406e+01
1.134385937500000000e+05
3.846300125122070312e+01
1.415588989257812500e+03
6.024483886718750000e+03
3.846259033203125000e+03
6.566049218750000000e+04
1.056725937500000000e+05
2.434827734375000000e+04
3.120574218750000000e+04
5.113964843750000000e+03
2.077133203125000000e+04
3.971482812500000000e+04
6.402198437500000000e+04
1.648110781250000000e+05
1.402595312500000000e+05
1.491822753906250000e+04
7.758230957031250000e+03
5.520178222656250000e+03
1.682444921875000000e+04
1.192839965820312500e+02
4.561986816406250000e+03
7.128376953125000000e+03
1.399044628906250000e+04
5.854770019531250000e+03
7.313549804687500000e+02
3.314539453125000000e+04
7.104439697265625000e+02
7.154767968750000000e+04
1.193219238281250000e+04
4.722040039062500000e+03
2.620638671875000000e+04
1.083861093750000000e+05
3.285989062500000000e+05
4.198253906250000000e+04
2.298810312500000000e+05
1.985453979492187500e+03
2.748858437500000000e+05
1.322005312500000000e+05
1.900300025939941406e+01
7.563763183593750000e+03
2.038370971679687500e+03
1.037396191406250000e+04
4.202007812500000000e+03
1.869350390625000000e+04
7.030339062500000000e+04
2.064495468750000000e+05
1.525826855468750000e+04
1.934422973632812500e+03
3.337104003906250000e+03
1.202829589843750000e+04
1.091789375000000000e+05
8.997487500000000000e+04
1.952577031250000000e+05
3.431675048828125000e+03
1.785935468750000000e+05
3.194905029296875000e+03
4.565499023437500000e+03
8.583473632812500000e+03
1.083470019531250000e+04
9.969621875000000000e+04
1.054075292968750000e+04
8.274200195312500000e+03
4.918004687500000000e+04
2.021579882812500000e+04
7.346660156250000000e+04
1.152629765625000000e+05
7.616599121093750000e+03
3.400281250000000000e+04
6.220950390625000000e+04
5.831903906250000000e+04
5.811727734375000000e+04
8.203847656250000000e+04
5.687074218750000000e+03
6.834963867187500000e+03
8.846084375000000000e+04
4.560896875000000000e+04
1.197183046875000000e+05
8.790395312500000000e+04
3.729617578125000000e+04
2.205291796875000000e+04
1.333245000000000000e+05
9.445255859375000000e+03
5.075020312500000000e+04
9.599224218750000000e+04
1.121112343750000000e+05
6.183846484375000000e+04
6.135331640625000000e+04
1.310557656250000000e+05
5.235477343750000000e+04
7.521795312500000000e+04
2.097942773437500000e+04
7.870502343750000000e+04
4.481830078125000000e+04
5.782038085937500000e+03
7.178581054687500000e+03
1.516834082031250000e+04
2.830805859375000000e+04
1.256193437500000000e+05
3.109179992675781250e+02
1.361821289062500000e+04
1.964974609375000000e+04
1.695579218750000000e+05
1.892305273437500000e+04
3.476459960937500000e+02
5.753772949218750000e+03
1.098057421875000000e+04
