8.005100250244140625e+01
1.327700042724609375e+01
6.413000106811523438e+00
2.072030029296875000e+02
2.695899963378906250e+01
6.330199813842773438e+01
5.427099990844726562e+01
7.969799804687500000e+01
5.850600051879882812e+01
3.370800018310546875e+01
2.392399978637695312e+01
1.276419982910156250e+02
2.088280029296875000e+02
9.716899871826171875e+01
4.324999809265136719e+00
1.827400016784667969e+01
8.484300231933593750e+01
3.354219970703125000e+02
9.012000083923339844e+00
6.059199905395507812e+01
8.367400360107421875e+01
5.500000000000000000e+01
8.233799743652343750e+01
1.183500003814697266e+01
1.851979980468750000e+02
1.787030029296875000e+02
1.741799926757812500e+02
1.753760070800781250e+02
1.491430053710937500e+02
2.737400054931640625e+01
1.742830047607421875e+02
2.992799949645996094e+01
2.233099937438964844e+01
3.791799926757812500e+01
9.223200225830078125e+01
2.558070068359375000e+02
1.626860046386718750e+02
1.023629989624023438e+02
5.894800186157226562e+01
2.221190032958984375e+02
2.284140014648437500e+02
1.230500030517578125e+01
3.312380065917968750e+02
4.218210144042968750e+02
7.610510253906250000e+02
5.286199951171875000e+01
3.776699829101562500e+01
4.921900177001953125e+01
2.374839935302734375e+02
2.047980041503906250e+02
8.161000061035156250e+01
1.145380020141601562e+02
7.296900177001953125e+01
3.940830078125000000e+02
2.992080078125000000e+02
2.297369995117187500e+02
1.891300048828125000e+02
2.479899978637695312e+01
4.386500167846679688e+01
1.166460037231445312e+02
2.386390075683593750e+02
1.630160064697265625e+02
1.797519989013671875e+02
6.450800323486328125e+01
1.853150024414062500e+02
2.480699920654296875e+01
1.514980010986328125e+02
1.321719970703125000e+02
7.327300262451171875e+01
1.163099956512451172e+01
1.985630035400390625e+02
8.387000083923339844e+00
2.540709991455078125e+02
1.195670013427734375e+02
7.428399658203125000e+01
4.127399826049804688e+01
1.923040008544921875e+02
3.079400024414062500e+02
1.719620056152343750e+02
1.425420074462890625e+02
1.610670013427734375e+02
8.177300262451171875e+01
2.172900009155273438e+01
8.294300079345703125e+01
1.613130035400390625e+02
3.223199844360351562e+01
1.668130035400390625e+02
2.751499938964843750e+01
4.856800079345703125e+01
7.824700164794921875e+01
1.467389984130859375e+02
5.579700088500976562e+01
1.291349945068359375e+02
1.034899978637695312e+02
1.087699985504150391e+01
1.413269958496093750e+02
2.783460083007812500e+02
1.426500034332275391e+01
1.847120056152343750e+02
4.288600158691406250e+01
1.825910034179687500e+02
1.027910003662109375e+02
3.662200164794921875e+01
7.688899993896484375e+01
3.479600143432617188e+01
4.017100143432617188e+01
7.566000366210937500e+01
6.064400100708007812e+01
6.301800155639648438e+01
7.984899902343750000e+01
1.308500061035156250e+02
4.881299972534179688e+01
1.282740020751953125e+02
2.971109924316406250e+02
5.881800079345703125e+01
2.012449951171875000e+02
1.558459930419921875e+02
2.203880004882812500e+02
9.331000328063964844e+00
1.113759994506835938e+02
1.397299957275390625e+02
2.647500038146972656e+01
4.463800048828125000e+01
3.272100067138671875e+01
6.859600067138671875e+01
4.669200134277343750e+01
1.627499961853027344e+01
4.681700134277343750e+01
3.488909912109375000e+02
7.370200347900390625e+01
9.503099822998046875e+01
1.662960052490234375e+02
4.237489929199218750e+02
7.888700103759765625e+01
2.818799972534179688e+01
1.027190017700195312e+02
2.208379974365234375e+02
7.320000171661376953e+00
1.967000007629394531e+01
8.120899963378906250e+01
1.943679962158203125e+02
3.228699874877929688e+01
1.689709930419921875e+02
2.400300025939941406e+01
8.825700378417968750e+01
4.210299987792968750e+02
2.877300071716308594e+01
6.926799774169921875e+01
3.886000061035156250e+01
5.007300109863281250e+02
6.361000061035156250e+00
6.893000030517578125e+01
8.328199768066406250e+01
6.005000114440917969e+00
1.231429977416992188e+02
2.420930023193359375e+02
3.628900146484375000e+01
4.503599929809570312e+01
4.834999847412109375e+01
5.983660278320312500e+02
7.234799957275390625e+01
6.971800231933593750e+01
8.930300140380859375e+01
3.575299835205078125e+01
5.495399856567382812e+01
1.812149963378906250e+02
1.069099998474121094e+01
1.497669982910156250e+02
4.427139892578125000e+02
9.025000000000000000e+01
2.929199981689453125e+01
2.595100021362304688e+01
3.354999923706054688e+01
9.038000106811523438e+00
1.686629943847656250e+02
6.069800186157226562e+01
2.303979949951171875e+02
2.305189971923828125e+02
2.815650024414062500e+02
5.127000045776367188e+01
1.352180023193359375e+02
1.231959991455078125e+02
2.494179992675781250e+02
6.218700027465820312e+01
1.526399993896484375e+01
6.968699645996093750e+01
1.447180023193359375e+02
6.427899932861328125e+01
2.091730041503906250e+02
1.394720001220703125e+02
3.569900131225585938e+01
3.647170104980468750e+02
3.763499832153320312e+01
7.824619750976562500e+02
6.749099731445312500e+01
2.207699966430664062e+01
4.022399902343750000e+01
1.065790023803710938e+02
4.565570068359375000e+02
1.554620056152343750e+02
2.657799911499023438e+01
1.907149963378906250e+02
2.638500022888183594e+01
3.292550048828125000e+02
3.303070068359375000e+02
7.118999958038330078e+00
1.886499977111816406e+01
6.187900161743164062e+01
6.104000091552734375e+00
5.397030029296875000e+02
2.073329925537109375e+02
4.180300140380859375e+01
4.236059875488281250e+02
1.230640029907226562e+02
1.400010070800781250e+02
3.011319885253906250e+02
2.093450012207031250e+02
1.929969940185546875e+02
1.797380065917968750e+02
1.093870010375976562e+02
8.008499908447265625e+01
2.889699935913085938e+01
5.514699935913085938e+01
3.156599998474121094e+01
2.275499916076660156e+01
8.975099945068359375e+01
8.173999786376953125e+01
2.520100021362304688e+01
1.294730072021484375e+02
8.817000389099121094e+00
3.518600082397460938e+01
3.134150085449218750e+02
2.129980010986328125e+02
1.844199981689453125e+02
3.321950073242187500e+02
2.387700080871582031e+01
8.081999778747558594e+00
6.784600067138671875e+01
1.524800014495849609e+01
8.629599761962890625e+01
3.477730102539062500e+02
2.347500038146972656e+01
3.365029907226562500e+02
1.068960037231445312e+02
5.513619995117187500e+02
4.820499877929687500e+02
2.365399932861328125e+02
3.904849853515625000e+02
4.134199905395507812e+01
3.023190002441406250e+02
2.507550048828125000e+02
2.203890075683593750e+02
2.713900146484375000e+02
2.750360107421875000e+02
2.032399940490722656e+01
5.456399917602539062e+01
7.772100067138671875e+01
4.235520019531250000e+02
7.244599914550781250e+01
6.993000030517578125e+00
6.664499664306640625e+01
1.119990005493164062e+02
1.644599914550781250e+01
3.893510131835937500e+02
1.799300003051757812e+01
7.834700012207031250e+01
4.750999832153320312e+01
1.148050003051757812e+02
2.196649932861328125e+02
1.062330017089843750e+02
1.004690017700195312e+02
3.999700164794921875e+01
6.158079833984375000e+02
1.194189987182617188e+02
7.078999996185302734e+00
1.698800048828125000e+02
1.465670013427734375e+02
6.768599700927734375e+01
5.353200149536132812e+01
7.119200134277343750e+01
8.480699920654296875e+01
2.602340087890625000e+02
5.200699996948242188e+01
9.667900085449218750e+01
2.974699974060058594e+01
5.972940063476562500e+02
1.646219940185546875e+02
2.037000083923339844e+01
7.419000148773193359e+00
3.842820129394531250e+02
4.799700164794921875e+01
8.643499755859375000e+01
4.091310119628906250e+02
1.318799972534179688e+01
2.390579986572265625e+02
2.496529998779296875e+02
3.697000122070312500e+01
9.236699676513671875e+01
6.338600158691406250e+01
9.964900207519531250e+01
1.348650054931640625e+02
1.099020004272460938e+02
2.433190002441406250e+02
2.159000015258789062e+01
4.147799987792968750e+02
5.476950073242187500e+02
5.241999816894531250e+01
2.396829986572265625e+02
3.901800155639648438e+01
1.980299949645996094e+01
1.767089996337890625e+02
2.285509948730468750e+02
1.422700023651123047e+01
6.783799743652343750e+01
1.056119995117187500e+02
3.829299926757812500e+01
1.487079925537109375e+02
5.486000061035156250e+00
7.776399993896484375e+01
1.182839965820312500e+02
2.361390075683593750e+02
6.447599792480468750e+01
4.337400054931640625e+01
3.936100006103515625e+01
2.080110015869140625e+02
7.594010009765625000e+02
1.213239974975585938e+02
1.838350067138671875e+02
1.697000026702880859e+00
6.272999763488769531e+00
1.988040008544921875e+02
1.963910064697265625e+02
4.501699829101562500e+01
1.417199993133544922e+01
5.406999969482421875e+01
2.197640075683593750e+02
1.168850021362304688e+02
7.572699737548828125e+01
1.217740020751953125e+02
4.921200180053710938e+01
2.127769927978515625e+02
8.226699829101562500e+01
1.913809967041015625e+02
5.700500106811523438e+01
7.278399658203125000e+01
3.538600158691406250e+01
1.539000034332275391e+01
2.557010040283203125e+02
3.462640075683593750e+02
2.611109924316406250e+02
1.433800048828125000e+02
2.604280090332031250e+02
9.757299804687500000e+01
1.265899963378906250e+02
4.082760009765625000e+02
2.723359985351562500e+02
2.127339935302734375e+02
6.284099960327148438e+01
1.301430053710937500e+02
1.724300003051757812e+01
3.994200134277343750e+01
1.933470001220703125e+02
9.210199737548828125e+01
1.112149963378906250e+02
1.739100074768066406e+01
1.074309997558593750e+02
2.555800056457519531e+01
1.438049926757812500e+02
1.687369995117187500e+02
4.411700057983398438e+01
1.395980072021484375e+02
3.219559936523437500e+02
1.897050018310546875e+02
1.002000045776367188e+01
9.303199768066406250e+01
1.438179931640625000e+02
6.631700134277343750e+01
6.372990112304687500e+02
2.733819885253906250e+02
5.330099868774414062e+01
9.515999794006347656e+00
4.240599822998046875e+01
2.050799942016601562e+01
2.950399971008300781e+01
1.646549987792968750e+02
4.670000000000000000e+02
9.877600097656250000e+01
3.739899826049804688e+01
3.070700073242187500e+01
9.435700225830078125e+01
3.623799896240234375e+01
6.999600219726562500e+01
2.565600013732910156e+01
1.205390014648437500e+02
1.373309936523437500e+02
4.716999816894531250e+01
7.898600006103515625e+01
3.074200057983398438e+01
1.215569992065429688e+02
8.930400085449218750e+01
6.337709960937500000e+02
8.019499969482421875e+01
1.186900024414062500e+02
2.216970062255859375e+02
3.968680114746093750e+02
3.977999925613403320e+00
4.123970031738281250e+02
1.765379943847656250e+02
1.500599956512451172e+01
2.478470001220703125e+02
2.859429931640625000e+02
1.529199981689453125e+01
2.370700073242187500e+01
1.628139953613281250e+02
8.412599945068359375e+01
2.545499992370605469e+01
4.095999908447265625e+01
8.633599853515625000e+01
1.685050048828125000e+02
1.433000030517578125e+02
4.094900131225585938e+01
1.147099971771240234e+01
4.395700073242187500e+01
1.365070037841796875e+02
1.458750000000000000e+02
2.269599914550781250e+01
1.643609924316406250e+02
3.487799835205078125e+01
1.806970062255859375e+02
1.956230010986328125e+02
2.443899917602539062e+01
1.924219970703125000e+02
1.501369934082031250e+02
3.126449890136718750e+02
2.919599914550781250e+01
6.977700042724609375e+01
1.127080001831054688e+02
6.511000156402587891e+00
8.593099975585937500e+01
2.713199996948242188e+01
5.887900161743164062e+01
5.348999977111816406e+00
1.210999965667724609e+00
1.381179962158203125e+02
1.287489929199218750e+02
1.673650054931640625e+02
3.067900085449218750e+01
7.401699829101562500e+01
3.399230041503906250e+02
7.519200134277343750e+01
1.597440032958984375e+02
2.517949981689453125e+02
9.737000465393066406e+00
2.938750000000000000e+02
2.650710144042968750e+02
1.498470001220703125e+02
7.274600219726562500e+01
3.940069885253906250e+02
6.468000030517578125e+01
2.188500022888183594e+01
1.680290069580078125e+02
5.889999866485595703e+00
3.993000030517578125e+01
1.498229980468750000e+02
2.636199951171875000e+01
5.749100112915039062e+01
2.125200080871582031e+01
1.818499946594238281e+01
1.096520004272460938e+02
5.656999969482421875e+01
2.973399963378906250e+02
1.065690002441406250e+02
3.610769958496093750e+02
2.745400047302246094e+01
3.647120056152343750e+02
5.075099945068359375e+01
4.297399902343750000e+01
1.589140014648437500e+02
2.712760009765625000e+02
2.602980041503906250e+02
1.737129974365234375e+02
9.252400207519531250e+01
1.424010009765625000e+02
1.590099945068359375e+02
4.201830139160156250e+02
4.332810058593750000e+02
1.163399982452392578e+01
2.444940032958984375e+02
2.672309875488281250e+02
1.342000007629394531e+01
1.229420013427734375e+02
1.441260070800781250e+02
3.024849853515625000e+02
2.556089935302734375e+02
7.943000030517578125e+01
4.359799957275390625e+01
1.275199985504150391e+01
1.349869995117187500e+02
2.370100021362304688e+01
5.243899917602539062e+01
1.138899993896484375e+02
2.692890014648437500e+02
3.473799896240234375e+01
1.077040023803710938e+02
1.561150054931640625e+02
4.058399963378906250e+01
1.574770050048828125e+02
8.376999855041503906e+00
3.815299987792968750e+01
1.212340011596679688e+02
1.096630020141601562e+02
1.616719970703125000e+02
2.194899940490722656e+01
7.426200103759765625e+01
8.322799682617187500e+01
1.347989959716796875e+02
6.840200042724609375e+01
2.640599975585937500e+02
1.270510025024414062e+02
3.925400161743164062e+01
4.167599868774414062e+01
3.898720092773437500e+02
4.934299850463867188e+01
1.260159988403320312e+02
2.430599975585937500e+01
1.856999969482421875e+02
9.059100341796875000e+01
6.772200012207031250e+01
7.725800323486328125e+01
1.883350067138671875e+02
1.642799949645996094e+01
5.633140258789062500e+02
4.782510070800781250e+02
2.492120056152343750e+02
1.351239929199218750e+02
5.000899887084960938e+01
4.873099899291992188e+01
1.740600013732910156e+01
8.704799652099609375e+01
1.556950073242187500e+02
1.091920013427734375e+02
1.408269958496093750e+02
2.113500061035156250e+02
4.038700103759765625e+01
3.217640075683593750e+02
3.050300025939941406e+01
4.089899826049804688e+01
1.164820022583007812e+02
8.095099639892578125e+01
1.048740005493164062e+02
2.900350036621093750e+02
2.377140045166015625e+02
6.149200057983398438e+01
1.153919982910156250e+02
8.297299957275390625e+01
6.625499725341796875e+01
2.265410003662109375e+02
2.452369995117187500e+02
3.250199890136718750e+01
1.556049957275390625e+02
1.324140014648437500e+02
1.906069946289062500e+02
3.779600143432617188e+01
3.381999969482421875e+00
3.879499816894531250e+01
3.785699844360351562e+01
2.708259887695312500e+02
9.744899749755859375e+01
4.324599838256835938e+01
2.130760040283203125e+02
5.844929809570312500e+02
2.116710052490234375e+02
9.499099731445312500e+01
2.492749938964843750e+02
3.999599838256835938e+01
6.805000305175781250e+01
1.012310028076171875e+02
1.151200027465820312e+02
2.176000022888183594e+01
4.641299819946289062e+01
5.827799987792968750e+01
7.281000137329101562e+00
2.949300003051757812e+01
5.989999771118164062e+00
1.446560058593750000e+02
4.645600128173828125e+01
1.652460021972656250e+02
3.286879882812500000e+02
1.728780059814453125e+02
1.107919998168945312e+02
4.366430053710937500e+02
5.125000000000000000e+01
1.947059936523437500e+02
1.046780014038085938e+02
8.873100280761718750e+01
1.187399959564208984e+01
1.248499965667724609e+01
2.774779968261718750e+02
3.478300094604492188e+01
1.487290039062500000e+02
6.311999893188476562e+01
2.026750030517578125e+02
3.314799880981445312e+01
1.670379943847656250e+02
9.291400146484375000e+01
1.625899963378906250e+02
2.466349945068359375e+02
2.488750000000000000e+02
4.328799819946289062e+01
3.850020141601562500e+02
3.110159912109375000e+02
9.033799743652343750e+01
6.165499877929687500e+01
1.315789947509765625e+02
2.672739868164062500e+02
1.381200027465820312e+01
4.012300109863281250e+01
2.233999938964843750e+02
1.668300056457519531e+01
3.335029907226562500e+02
3.678150024414062500e+02
1.927000045776367188e+01
3.856600036621093750e+02
1.272720031738281250e+02
4.383900070190429688e+01
1.114999961853027344e+01
3.821040039062500000e+02
1.337530059814453125e+02
8.831999778747558594e+00
1.753049926757812500e+02
2.209300041198730469e+01
1.738159942626953125e+02
3.459979858398437500e+02
2.555160064697265625e+02
4.549700164794921875e+01
1.124039993286132812e+02
2.044360046386718750e+02
4.325299835205078125e+01
1.490100002288818359e+01
2.901899909973144531e+01
5.326599884033203125e+01
5.193500137329101562e+01
3.292770080566406250e+02
5.468000030517578125e+01
1.713439941406250000e+02
2.127929992675781250e+02
1.223860015869140625e+02
1.474199981689453125e+02
1.128259963989257812e+02
3.866109924316406250e+02
1.964800071716308594e+01
2.687199974060058594e+01
2.893000030517578125e+01
3.363750000000000000e+02
6.862999725341796875e+01
4.766289978027343750e+02
1.648130035400390625e+02
1.445030059814453125e+02
5.472200012207031250e+01
1.095250015258789062e+02
8.824999809265136719e+00
1.468599987030029297e+01
1.002170028686523438e+02
1.861699981689453125e+02
3.701800155639648438e+01
1.833249969482421875e+02
2.345290069580078125e+02
1.176080017089843750e+02
5.055300140380859375e+01
7.963020019531250000e+02
3.369800186157226562e+01
5.638399887084960938e+01
4.260400009155273438e+01
7.341000080108642578e+00
1.120970001220703125e+02
4.870899963378906250e+01
3.846200180053710938e+01
1.924120025634765625e+02
3.245899963378906250e+02
3.892100143432617188e+01
8.103900146484375000e+01
9.338999748229980469e+00
1.743769989013671875e+02
8.698200225830078125e+01
1.511880035400390625e+02
2.722800064086914062e+01
6.254000186920166016e+00
1.074150009155273438e+02
8.727500152587890625e+01
1.105300045013427734e+01
1.683630065917968750e+02
2.370059967041015625e+02
1.946100044250488281e+01
1.826399993896484375e+01
4.656000137329101562e+01
9.246000289916992188e+00
2.754500122070312500e+02
1.973890075683593750e+02
2.268300018310546875e+02
3.427430114746093750e+02
3.677279968261718750e+02
1.256599998474121094e+01
9.273100280761718750e+01
2.372140045166015625e+02
1.776369934082031250e+02
2.290610046386718750e+02
5.122000122070312500e+01
2.209600067138671875e+01
2.055500030517578125e+01
1.353119964599609375e+02
1.094570007324218750e+02
6.475280151367187500e+02
6.564099884033203125e+01
1.382899932861328125e+02
3.869859924316406250e+02
1.085650024414062500e+02
6.452600097656250000e+01
1.407499980926513672e+01
1.792579956054687500e+02
1.965030059814453125e+02
8.684899902343750000e+01
4.748600006103515625e+01
1.401089935302734375e+02
6.191699981689453125e+01
2.207059936523437500e+02
9.451499938964843750e+01
8.071499633789062500e+01
2.511300086975097656e+01
2.505299949645996094e+01
6.978700256347656250e+01
1.526860046386718750e+02
1.257499980926513672e+01
6.426300048828125000e+01
8.902300262451171875e+01
4.156310119628906250e+02
1.622729949951171875e+02
4.190299987792968750e+01
3.406979980468750000e+02
2.179579925537109375e+02
5.865700149536132812e+01
4.965000152587890625e+00
4.473399963378906250e+02
1.484340057373046875e+02
1.443730010986328125e+02
2.519960021972656250e+02
6.147299957275390625e+01
4.229399871826171875e+01
3.254399871826171875e+01
1.911289978027343750e+02
1.410319976806640625e+02
1.835639953613281250e+02
3.626820068359375000e+02
1.613589935302734375e+02
4.111999893188476562e+01
9.961599731445312500e+01
7.833899688720703125e+01
5.590239868164062500e+02
2.685480041503906250e+02
1.640529937744140625e+02
3.226640014648437500e+02
5.163100051879882812e+01
9.475999832153320312e+00
4.985450134277343750e+02
9.370500183105468750e+01
3.353400039672851562e+01
3.136440124511718750e+02
1.655370025634765625e+02
6.601499938964843750e+01
2.910039978027343750e+02
3.859100036621093750e+02
2.952300071716308594e+01
1.171959991455078125e+02
2.816399955749511719e+01
9.621000289916992188e+00
7.285600280761718750e+01
7.037599945068359375e+01
1.807700042724609375e+02
1.063580017089843750e+02
4.159600067138671875e+01
3.650600051879882812e+01
3.770700073242187500e+01
2.858619995117187500e+02
1.303399963378906250e+02
2.786250000000000000e+02
2.137400054931640625e+01
4.271560058593750000e+02
7.808000183105468750e+01
2.660629882812500000e+02
8.890200042724609375e+01
9.930999755859375000e+00
7.794599914550781250e+01
4.748479919433593750e+02
1.236100006103515625e+01
2.966400146484375000e+02
2.454999923706054688e+01
7.137000083923339844e+00
8.558999633789062500e+01
1.347539978027343750e+02
1.339620056152343750e+02
3.696640014648437500e+02
2.251009979248046875e+02
2.072599983215332031e+01
4.026300048828125000e+01
1.466699981689453125e+02
4.117319946289062500e+02
3.864159851074218750e+02
1.115299987792968750e+02
6.694100189208984375e+01
2.416210021972656250e+02
1.584420013427734375e+02
8.064800262451171875e+01
2.856599998474121094e+01
3.217900085449218750e+01
2.197630004882812500e+02
6.123000144958496094e+00
4.335900115966796875e+01
1.844810028076171875e+02
1.208769989013671875e+02
1.098160018920898438e+02
8.803800201416015625e+01
1.705740051269531250e+02
1.584850006103515625e+02
5.756399917602539062e+01
1.186549987792968750e+02
2.437800025939941406e+01
1.944300079345703125e+01
5.022479858398437500e+02
2.168179931640625000e+02
4.945800018310546875e+01
7.330500030517578125e+01
3.313700103759765625e+01
7.910600280761718750e+01
4.091299819946289062e+01
4.191199874877929688e+01
2.370420074462890625e+02
7.044000244140625000e+01
1.058410034179687500e+02
3.477700042724609375e+01
1.551099967956542969e+01
1.389700031280517578e+01
3.163370056152343750e+02
1.254919967651367188e+02
3.949830017089843750e+02
8.923999786376953125e+00
5.112599945068359375e+01
2.176399993896484375e+01
4.840599822998046875e+01
8.103800201416015625e+01
8.341100311279296875e+01
1.172799987792968750e+02
6.060100173950195312e+01
4.635100173950195312e+01
1.506569976806640625e+02
1.773399925231933594e+01
5.121599960327148438e+01
6.130899810791015625e+01
2.196549987792968750e+02
1.821269989013671875e+02
1.540130004882812500e+02
2.777109985351562500e+02
1.294669952392578125e+02
1.332299957275390625e+02
1.390290069580078125e+02
1.899739990234375000e+02
1.147490005493164062e+02
8.251200103759765625e+01
1.414069976806640625e+02
2.487769927978515625e+02
4.737539978027343750e+02
2.716799926757812500e+02
7.466999816894531250e+01
1.674349975585937500e+02
3.342160034179687500e+02
2.216929931640625000e+02
5.602199935913085938e+01
3.652109985351562500e+02
2.732399940490722656e+01
3.451900100708007812e+01
3.476380004882812500e+02
3.031200027465820312e+01
4.534000015258789062e+01
1.742279968261718750e+02
6.888999938964843750e+01
2.092749938964843750e+02
5.000500106811523438e+01
1.908049926757812500e+02
3.149300003051757812e+01
5.974000167846679688e+01
1.733869934082031250e+02
2.006800079345703125e+01
2.176399993896484375e+01
1.469949951171875000e+02
7.716300201416015625e+01
9.817800140380859375e+01
9.371399688720703125e+01
1.598419952392578125e+02
7.254100036621093750e+01
1.654859924316406250e+02
7.379399871826171875e+01
8.373000144958496094e+00
4.649700164794921875e+01
4.000500106811523438e+01
2.394129943847656250e+02
8.256099700927734375e+01
1.082580032348632812e+02
1.117279968261718750e+02
2.572969970703125000e+02
3.466300048828125000e+02
7.836299896240234375e+01
1.472949981689453125e+02
8.357599639892578125e+01
6.022600173950195312e+01
1.430350036621093750e+02
9.740499877929687500e+01
6.908999633789062500e+01
1.812339935302734375e+02
2.751919860839843750e+02
6.201200103759765625e+01
1.364839935302734375e+02
3.851200103759765625e+01
6.919300079345703125e+01
2.239239959716796875e+02
3.913989868164062500e+02
3.552319946289062500e+02
2.055229949951171875e+02
1.033199977874755859e+01
8.169200134277343750e+01
5.797299957275390625e+01
3.919509887695312500e+02
2.531500053405761719e+01
3.749989929199218750e+02
2.488289947509765625e+02
2.883469848632812500e+02
2.679100036621093750e+01
3.194249877929687500e+02
1.503780059814453125e+02
1.121900024414062500e+02
5.575600051879882812e+01
2.427460021972656250e+02
5.983049926757812500e+02
5.620050048828125000e+02
2.312899932861328125e+02
5.993199920654296875e+01
1.008929977416992188e+02
5.357189941406250000e+02
6.315000152587890625e+01
1.487259979248046875e+02
1.861139984130859375e+02
1.654299926757812500e+01
3.061700057983398438e+01
5.889199829101562500e+01
1.077519989013671875e+02
1.717600059509277344e+01
2.929280090332031250e+02
2.315709991455078125e+02
4.610710144042968750e+02
2.164200019836425781e+01
4.956700134277343750e+01
2.799949951171875000e+02
1.744940032958984375e+02
1.550500030517578125e+02
2.930239868164062500e+02
4.410699844360351562e+01
5.045500183105468750e+01
1.832819976806640625e+02
1.810000038146972656e+01
1.392350006103515625e+02
7.073530273437500000e+02
3.006500053405761719e+01
4.200799942016601562e+01
6.338199996948242188e+01
1.299420013427734375e+02
2.211400032043457031e+01
1.065039978027343750e+02
8.127400207519531250e+01
1.178529968261718750e+02
3.329429931640625000e+02
2.715180053710937500e+02
7.718099975585937500e+01
3.894450073242187500e+02
7.850900268554687500e+01
8.204580078125000000e+02
9.401300048828125000e+01
1.125410003662109375e+02
5.908720092773437500e+02
4.800600051879882812e+01
3.015600013732910156e+01
3.630199813842773438e+01
1.809300041198730469e+01
2.044859924316406250e+02
9.529999732971191406e+00
2.624989929199218750e+02
3.370209960937500000e+02
3.145610046386718750e+02
1.512760009765625000e+02
6.419400024414062500e+01
2.128209991455078125e+02
4.434400177001953125e+01
1.661410064697265625e+02
1.223730010986328125e+02
