1.435683959960937500e+03
1.392681030273437500e+03
3.272736083984375000e+03
4.152669982910156250e+02
1.002471008300781250e+03
3.978499984741210938e+01
9.192680053710937500e+02
7.205100250244140625e+01
4.846833984375000000e+03
2.172699928283691406e+01
1.638739929199218750e+02
2.940800094604492188e+01
4.854000091552734375e+00
4.782430114746093750e+02
8.510219726562500000e+02
3.761399841308593750e+01
3.191170043945312500e+02
3.298689880371093750e+02
1.659366943359375000e+03
2.343739929199218750e+02
2.920004882812500000e+03
1.780958007812500000e+03
5.916550292968750000e+02
1.641432983398437500e+03
2.247850036621093750e+02
5.886899948120117188e+01
1.813089965820312500e+03
1.012843017578125000e+03
5.366119995117187500e+02
3.459769897460937500e+02
7.507299804687500000e+01
1.915399932861328125e+01
2.597430114746093750e+02
8.536770019531250000e+02
4.608250122070312500e+02
3.025920104980468750e+02
1.867197998046875000e+03
9.525599670410156250e+01
1.604029998779296875e+02
2.732640075683593750e+02
1.690999984741210938e+00
9.965949707031250000e+02
2.463603027343750000e+03
2.650100097656250000e+02
2.644700012207031250e+02
1.172631958007812500e+03
4.048600006103515625e+01
4.931299972534179688e+01
3.993502929687500000e+03
3.070169982910156250e+02
1.036299991607666016e+01
5.652089843750000000e+02
9.077119750976562500e+02
4.137059936523437500e+02
5.730899810791015625e+01
2.430789947509765625e+02
1.598219970703125000e+03
9.930850219726562500e+02
5.715629882812500000e+02
1.969499969482421875e+01
2.717200012207031250e+02
1.193019042968750000e+03
3.531619873046875000e+02
9.413999557495117188e+00
3.458038085937500000e+03
2.767783935546875000e+03
4.896409912109375000e+02
1.380267944335937500e+03
3.535069885253906250e+02
3.585789062500000000e+03
1.616300010681152344e+01
9.246240234375000000e+02
1.734589996337890625e+02
1.058728027343750000e+03
1.584160034179687500e+03
3.621510009765625000e+02
2.245789947509765625e+02
5.466619873046875000e+02
1.159193969726562500e+03
4.285999774932861328e+00
4.831999778747558594e+00
3.184309997558593750e+02
1.500032958984375000e+03
3.212574951171875000e+03
3.732380065917968750e+02
2.430999994277954102e+00
4.909999847412109375e+00
4.282210083007812500e+02
1.280505981445312500e+03
7.091000080108642578e+00
3.739608886718750000e+03
1.832176025390625000e+03
4.064300155639648438e+01
1.939444946289062500e+03
3.143427001953125000e+03
1.076816040039062500e+03
3.039843994140625000e+03
1.801925048828125000e+03
1.164467041015625000e+03
1.704420043945312500e+03
1.836599922180175781e+01
8.168000221252441406e+00
1.258100032806396484e+01
2.557830047607421875e+02
9.183100128173828125e+01
5.219819946289062500e+02
2.346784912109375000e+03
1.961958007812500000e+03
1.347099971771240234e+01
2.425499916076660156e+01
6.149660034179687500e+02
4.868739929199218750e+02
1.429447021484375000e+03
3.079735107421875000e+03
1.940189971923828125e+02
1.148604980468750000e+03
2.862100028991699219e+01
2.306020050048828125e+02
1.674120025634765625e+02
6.769050292968750000e+02
3.633940124511718750e+02
5.004100036621093750e+01
2.588500022888183594e+01
8.758999633789062500e+01
1.886609954833984375e+02
1.161110000610351562e+02
1.729227050781250000e+03
7.065949707031250000e+02
1.185187988281250000e+03
4.934179992675781250e+02
1.948656982421875000e+03
1.865079956054687500e+02
2.315650024414062500e+02
4.949349975585937500e+02
1.436400032043457031e+01
5.539719848632812500e+02
2.052114990234375000e+03
8.450999755859375000e+02
1.721338989257812500e+03
1.435919952392578125e+02
5.408705078125000000e+03
3.793799972534179688e+01
3.567950134277343750e+02
2.561899948120117188e+01
5.359600219726562500e+02
7.641790161132812500e+02
1.615616943359375000e+03
2.706126953125000000e+03
1.456709960937500000e+03
4.232362792968750000e+03
5.768000125885009766e+00
2.214270019531250000e+02
7.864800262451171875e+01
1.592000000000000000e+03
3.107131103515625000e+03
5.654660034179687500e+02
7.162020263671875000e+02
5.314879760742187500e+02
3.507070007324218750e+02
5.296270141601562500e+02
1.822313964843750000e+03
3.232250061035156250e+02
1.764100074768066406e+01
4.911100006103515625e+01
1.577799987792968750e+01
2.461688964843750000e+03
1.601431030273437500e+03
7.913859863281250000e+02
1.987878051757812500e+03
1.191029968261718750e+02
1.514589965820312500e+03
2.218423095703125000e+03
2.757180908203125000e+03
1.094900035858154297e+01
7.217709960937500000e+02
8.820150146484375000e+02
6.419420166015625000e+02
3.226743896484375000e+03
6.645999908447265625e+00
1.451299953460693359e+01
2.989756103515625000e+03
4.203517089843750000e+03
3.751669921875000000e+02
4.102909851074218750e+02
9.467080078125000000e+02
7.849030151367187500e+02
2.224934082031250000e+03
8.944999694824218750e+00
1.287901977539062500e+03
6.200949707031250000e+02
2.368823974609375000e+03
3.332300186157226562e+01
3.270450134277343750e+02
5.103120117187500000e+02
5.729329833984375000e+02
3.912099838256835938e+01
2.606625000000000000e+03
2.680000066757202148e+00
8.727280273437500000e+02
9.130560302734375000e+02
6.937680053710937500e+02
3.429979858398437500e+02
2.054420013427734375e+02
2.045189971923828125e+02
5.902899932861328125e+01
2.278880004882812500e+02
2.786400032043457031e+01
2.603733886718750000e+03
4.087070007324218750e+02
2.272800064086914062e+01
2.189100074768066406e+01
2.078009948730468750e+02
8.572999954223632812e+00
1.495125976562500000e+03
3.902581054687500000e+03
9.856240234375000000e+02
1.959499931335449219e+01
3.178680114746093750e+02
1.639126953125000000e+03
4.998670043945312500e+02
8.132139892578125000e+02
6.643499755859375000e+02
7.029459838867187500e+02
6.249080200195312500e+02
7.216119995117187500e+02
2.329545898437500000e+03
1.335583007812500000e+03
4.139099884033203125e+01
1.572015014648437500e+03
7.368599700927734375e+01
9.424299926757812500e+02
1.882940063476562500e+02
1.663595947265625000e+03
1.379284057617187500e+03
2.785902099609375000e+03
2.676380004882812500e+02
1.595699977874755859e+01
1.723454956054687500e+03
6.147379760742187500e+02
1.577968017578125000e+03
1.243171997070312500e+03
1.009926025390625000e+03
1.459269042968750000e+03
3.010960083007812500e+02
1.654491943359375000e+03
9.100999832153320312e+00
1.255665039062500000e+03
1.374300003051757812e+01
3.135704101562500000e+03
6.683300018310546875e+01
6.164599990844726562e+01
2.210206054687500000e+03
3.387009887695312500e+02
1.239564941406250000e+03
2.732000112533569336e+00
1.516199970245361328e+01
2.688999891281127930e+00
3.424000024795532227e+00
1.106937011718750000e+03
6.997130126953125000e+02
1.215076049804687500e+03
1.239272949218750000e+03
2.834000110626220703e+00
2.482002929687500000e+03
1.333543945312500000e+03
6.550319824218750000e+02
2.442930908203125000e+03
2.556999921798706055e+00
4.040100097656250000e+01
1.251699951171875000e+03
5.171770019531250000e+02
1.538748046875000000e+03
3.070639953613281250e+02
6.772999763488769531e+00
1.083880004882812500e+02
2.426603027343750000e+03
9.492689819335937500e+02
3.080520019531250000e+02
1.784098022460937500e+03
3.526489868164062500e+02
6.286619873046875000e+02
8.354019775390625000e+02
4.519280090332031250e+02
3.154691894531250000e+03
5.050299835205078125e+01
3.418050048828125000e+03
3.132030029296875000e+02
2.253100013732910156e+01
3.625000000000000000e+00
9.254600219726562500e+02
6.970579833984375000e+02
3.648930053710937500e+02
1.266499996185302734e+01
4.133321777343750000e+03
6.207638183593750000e+03
1.286510009765625000e+03
1.358489990234375000e+02
2.280599975585937500e+01
7.946680297851562500e+02
5.221662109375000000e+03
6.801300048828125000e+01
2.217634033203125000e+03
3.778519897460937500e+02
9.726870117187500000e+02
1.149899978637695312e+02
4.052999877929687500e+01
4.886800003051757812e+01
1.189390029907226562e+02
3.674399948120117188e+01
1.120791015625000000e+03
2.647571044921875000e+03
3.489530029296875000e+02
2.642388916015625000e+03
1.145400047302246094e+01
6.950410156250000000e+02
5.740859985351562500e+02
8.037180175781250000e+02
8.793999671936035156e+00
2.470000028610229492e+00
5.722000122070312500e+00
6.373900146484375000e+02
8.649689941406250000e+02
4.162139892578125000e+02
2.479343017578125000e+03
1.512390014648437500e+03
5.411000061035156250e+01
7.133400268554687500e+02
9.618499755859375000e+01
1.795420074462890625e+02
3.335180053710937500e+02
1.641199951171875000e+02
2.152599906921386719e+01
3.565169982910156250e+02
1.488599967956542969e+01
2.257799911499023438e+01
8.246999740600585938e+00
2.848240051269531250e+02
1.838751953125000000e+03
3.517053955078125000e+03
1.291020996093750000e+03
3.659700012207031250e+01
2.449440002441406250e+02
1.036072021484375000e+03
3.079129943847656250e+02
1.018267028808593750e+03
2.880989990234375000e+02
1.158399963378906250e+01
9.019180297851562500e+02
3.591899871826171875e+01
6.624000072479248047e+00
1.159272949218750000e+03
7.673549804687500000e+02
1.043560028076171875e+02
1.820499992370605469e+01
1.776040039062500000e+02
2.761100006103515625e+01
3.190209960937500000e+02
5.426100158691406250e+01
8.395260009765625000e+02
7.068999767303466797e+00
4.888150024414062500e+02
1.482965942382812500e+03
1.651199951171875000e+03
3.569553955078125000e+03
5.750689697265625000e+02
9.649959716796875000e+02
7.860989990234375000e+02
1.381860046386718750e+02
1.796511962890625000e+03
9.107500000000000000e+02
5.509699707031250000e+02
3.940895996093750000e+03
4.745539855957031250e+02
1.226334960937500000e+03
2.243840026855468750e+02
9.802500152587890625e+01
1.647469940185546875e+02
8.748000144958496094e+00
2.695693115234375000e+03
1.364944946289062500e+03
2.874549865722656250e+02
9.936959838867187500e+02
1.002490005493164062e+02
1.901538940429687500e+03
5.452230224609375000e+02
9.746900177001953125e+01
2.514349975585937500e+02
2.505299949645996094e+01
7.781190185546875000e+02
1.243800048828125000e+03
1.033580017089843750e+02
8.006400299072265625e+01
1.599043945312500000e+03
3.619429931640625000e+02
2.285099983215332031e+01
4.473999977111816406e+00
1.784320068359375000e+02
2.162031982421875000e+03
2.166200065612792969e+01
6.054819824218750000e+03
1.147839965820312500e+03
4.485130004882812500e+02
5.031000137329101562e+00
8.433399963378906250e+01
1.731865966796875000e+03
5.160659790039062500e+02
2.242277099609375000e+03
1.503647949218750000e+03
2.129861083984375000e+03
4.547095214843750000e+03
8.055390014648437500e+02
1.439880065917968750e+02
1.430000976562500000e+03
9.322799682617187500e+01
1.211020019531250000e+03
1.828699951171875000e+03
4.394339843750000000e+03
4.647900009155273438e+01
2.104199981689453125e+01
6.927509765625000000e+02
1.178514038085937500e+03
1.387800025939941406e+01
1.110729980468750000e+03
7.568699951171875000e+02
1.363088012695312500e+03
1.511114990234375000e+03
1.260534057617187500e+03
1.995000004768371582e+00
4.991999816894531250e+01
2.443728027343750000e+03
1.965786987304687500e+03
4.681539916992187500e+02
3.379840087890625000e+02
2.007017944335937500e+03
9.871030273437500000e+02
1.596318969726562500e+03
9.508799743652343750e+01
2.606250000000000000e+02
1.648659973144531250e+02
1.667989959716796875e+02
7.320880126953125000e+02
2.528000116348266602e+00
1.243139038085937500e+03
2.313562011718750000e+03
5.102555175781250000e+03
2.450760986328125000e+03
1.408510986328125000e+03
1.367999023437500000e+03
5.656939697265625000e+02
4.905000209808349609e+00
3.000710144042968750e+02
3.830486083984375000e+03
2.896100044250488281e+01
3.748840026855468750e+02
1.843000030517578125e+01
2.398670043945312500e+02
3.352618896484375000e+03
1.195647949218750000e+03
4.747149963378906250e+02
3.210549926757812500e+02
4.718739929199218750e+02
5.495689697265625000e+02
2.927000045776367188e+00
9.147459716796875000e+02
7.498939819335937500e+02
1.010989013671875000e+03
1.191210021972656250e+02
4.995109863281250000e+02
1.302043945312500000e+03
3.947730102539062500e+02
5.977689819335937500e+02
5.758200073242187500e+01
2.914259948730468750e+02
7.375000000000000000e+01
5.663100051879882812e+01
1.021656005859375000e+03
5.448319702148437500e+02
4.678580017089843750e+02
1.600969970703125000e+03
1.207260986328125000e+03
4.772829895019531250e+02
6.252509765625000000e+02
4.764849853515625000e+02
2.769299926757812500e+02
7.497630004882812500e+02
2.710459899902343750e+02
2.941579895019531250e+02
7.828500366210937500e+01
6.606119995117187500e+02
3.756279052734375000e+03
5.267349853515625000e+02
8.928930053710937500e+02
2.260550048828125000e+03
2.103350067138671875e+02
1.118479995727539062e+02
5.576420288085937500e+02
2.128929931640625000e+03
6.938679809570312500e+02
1.368520050048828125e+02
1.006900024414062500e+01
5.774730224609375000e+02
4.256600189208984375e+01
1.890250976562500000e+03
2.084700012207031250e+01
2.334650878906250000e+03
2.087689971923828125e+02
4.158519897460937500e+02
5.782150268554687500e+02
3.678580017089843750e+02
3.905999898910522461e+00
1.169077026367187500e+03
2.989243896484375000e+03
4.336029968261718750e+02
4.898560058593750000e+03
3.740140075683593750e+02
6.545440063476562500e+02
7.933200073242187500e+02
8.990319824218750000e+02
8.680859985351562500e+02
4.342699813842773438e+01
1.359530029296875000e+03
2.166829986572265625e+02
1.328250976562500000e+03
2.850759887695312500e+02
1.903280029296875000e+02
6.988350219726562500e+02
6.870670898437500000e+03
3.443080139160156250e+02
1.867671997070312500e+03
5.558389892578125000e+02
1.039633056640625000e+03
9.337810058593750000e+02
6.640670166015625000e+02
8.800930175781250000e+02
1.375890991210937500e+03
1.328000030517578125e+02
1.251182983398437500e+03
2.206239929199218750e+02
1.927796020507812500e+03
6.949210205078125000e+02
2.685168945312500000e+03
1.659011962890625000e+03
5.820310058593750000e+02
4.993000030517578125e+00
6.593999862670898438e+00
2.326099967956542969e+01
1.956807006835937500e+03
1.776000061035156250e+02
2.052799987792968750e+01
2.592999935150146484e+00
2.504819946289062500e+02
1.656045043945312500e+03
3.064382080078125000e+03
1.686979980468750000e+02
1.045175048828125000e+03
1.855500030517578125e+01
9.198339843750000000e+02
3.349865966796875000e+03
1.127161987304687500e+03
3.029219970703125000e+02
5.801829833984375000e+02
1.765517944335937500e+03
6.344359741210937500e+02
1.356469970703125000e+03
1.867000007629394531e+01
9.319260253906250000e+02
1.229818969726562500e+03
3.245020141601562500e+02
5.228330078125000000e+02
2.270601074218750000e+03
5.519999980926513672e+00
6.694340209960937500e+02
2.338594970703125000e+03
2.444283935546875000e+03
1.765837036132812500e+03
2.950620117187500000e+02
7.497719726562500000e+02
1.568760070800781250e+02
1.798176025390625000e+03
8.637799835205078125e+01
1.461299991607666016e+01
2.281437011718750000e+03
3.506369934082031250e+02
1.331010986328125000e+03
7.952550048828125000e+02
1.760126953125000000e+03
2.023392944335937500e+03
3.318680114746093750e+02
4.297489929199218750e+02
8.747349853515625000e+02
8.491999626159667969e+00
5.191040039062500000e+02
7.459600067138671875e+01
5.738068847656250000e+03
6.226610107421875000e+02
2.319700050354003906e+01
2.933000087738037109e+00
1.586496948242187500e+03
4.453399963378906250e+02
1.029100036621093750e+01
1.793700027465820312e+01
5.652709960937500000e+02
1.711780029296875000e+03
2.054158935546875000e+03
1.997299957275390625e+01
1.653395019531250000e+03
1.288509979248046875e+02
3.271699905395507812e+01
2.950095947265625000e+03
4.864700012207031250e+02
1.043599987030029297e+01
2.368086914062500000e+03
1.496130065917968750e+02
7.771779785156250000e+02
1.218639984130859375e+02
4.118869934082031250e+02
8.298779907226562500e+02
3.757894042968750000e+03
8.630100250244140625e+01
9.505999565124511719e+00
5.761669921875000000e+02
4.987390136718750000e+02
7.124400329589843750e+01
5.946849975585937500e+02
8.539999723434448242e-01
4.629880065917968750e+02
3.807199859619140625e+01
5.083800125122070312e+01
3.220599975585937500e+02
6.774169921875000000e+02
1.337100028991699219e+01
3.484400878906250000e+03
1.203713989257812500e+03
1.528215942382812500e+03
2.393650054931640625e+02
1.663059997558593750e+02
2.821377929687500000e+03
4.593399810791015625e+01
2.779815917968750000e+03
3.054800033569335938e+01
2.035245971679687500e+03
2.867529907226562500e+02
4.476099853515625000e+02
2.062957031250000000e+03
7.604080200195312500e+02
4.317449951171875000e+02
1.253493041992187500e+03
1.596141967773437500e+03
1.914968994140625000e+03
8.077869873046875000e+02
7.151690063476562500e+02
4.670499877929687500e+02
1.429629974365234375e+02
4.099200057983398438e+01
1.046264038085937500e+03
1.760042968750000000e+03
1.494689941406250000e+02
2.322799987792968750e+02
1.773379028320312500e+03
1.793020019531250000e+02
5.110216796875000000e+03
1.041800022125244141e+01
1.788011962890625000e+03
1.647625976562500000e+03
4.102880859375000000e+03
8.578099822998046875e+01
3.678129882812500000e+02
3.797100067138671875e+01
2.525000000000000000e+01
5.971060180664062500e+02
4.820320800781250000e+03
1.406900024414062500e+02
5.085180053710937500e+02
1.640679931640625000e+02
8.654599761962890625e+01
2.947300109863281250e+02
4.713710021972656250e+02
1.937380004882812500e+03
3.126250000000000000e+02
1.829147949218750000e+03
6.543599700927734375e+01
1.427059936523437500e+02
3.106709899902343750e+02
8.560440063476562500e+02
9.400029907226562500e+02
9.183020019531250000e+02
1.002335998535156250e+03
6.863500213623046875e+01
1.277850036621093750e+02
7.390899658203125000e+01
3.029630126953125000e+02
8.805269775390625000e+02
1.042129028320312500e+03
2.704689941406250000e+02
1.813999938964843750e+01
1.832929992675781250e+02
7.741459960937500000e+02
3.010368896484375000e+03
2.375354003906250000e+03
1.640930023193359375e+02
1.721676025390625000e+03
4.781719970703125000e+02
5.007109985351562500e+02
1.901239929199218750e+02
8.685000419616699219e+00
2.626589965820312500e+02
1.509004028320312500e+03
2.433266113281250000e+03
2.179509033203125000e+03
1.883180053710937500e+03
2.347750000000000000e+03
1.909499931335449219e+01
5.742150268554687500e+02
2.175970001220703125e+02
2.061100006103515625e+01
1.545255004882812500e+03
9.786399841308593750e+01
2.367419921875000000e+03
1.826099967956542969e+01
1.421020050048828125e+02
3.574989929199218750e+02
4.981690063476562500e+02
1.200019989013671875e+02
1.782779998779296875e+02
1.254339965820312500e+03
1.947200012207031250e+01
7.345899963378906250e+01
3.828583984375000000e+03
2.306829986572265625e+02
8.014900207519531250e+01
6.302000045776367188e+01
5.627099990844726562e+01
8.612559814453125000e+02
1.323167968750000000e+03
7.279060058593750000e+02
6.901000022888183594e+00
6.165609741210937500e+02
4.495840148925781250e+02
8.692899780273437500e+02
2.163397949218750000e+03
1.130817993164062500e+03
8.773799896240234375e+01
2.474375976562500000e+03
1.730672973632812500e+03
7.698870239257812500e+02
1.523959960937500000e+02
1.891222045898437500e+03
7.417800140380859375e+01
6.296200180053710938e+01
7.834390258789062500e+02
7.258059082031250000e+03
1.452286010742187500e+03
1.081140991210937500e+03
9.419019775390625000e+02
5.237910156250000000e+02
3.739169921875000000e+02
1.576391967773437500e+03
1.563583007812500000e+03
6.626010131835937500e+02
3.163949890136718750e+02
4.257810058593750000e+02
5.986380859375000000e+03
2.682309875488281250e+02
2.724999904632568359e+00
8.279000282287597656e+00
2.079019927978515625e+02
4.531289978027343750e+02
4.310999870300292969e+00
3.119230041503906250e+02
7.183920288085937500e+02
1.088592041015625000e+03
2.150410003662109375e+02
2.845989013671875000e+03
3.165912109375000000e+03
2.305480041503906250e+02
2.307032958984375000e+03
8.909840087890625000e+02
2.333311035156250000e+03
1.006203002929687500e+03
6.712100219726562500e+01
2.124854003906250000e+03
2.309122070312500000e+03
7.335700225830078125e+01
6.382750244140625000e+02
8.195050048828125000e+02
1.673103027343750000e+03
1.215661987304687500e+03
4.525999832153320312e+01
3.435717041015625000e+03
1.784607055664062500e+03
4.299339904785156250e+02
1.766910034179687500e+03
3.113800048828125000e+01
2.369378906250000000e+03
1.453499984741210938e+01
1.188787963867187500e+03
2.508200073242187500e+01
7.361309814453125000e+02
1.294923950195312500e+03
8.017199707031250000e+01
1.690177001953125000e+03
9.402260131835937500e+02
2.425853027343750000e+03
4.605289916992187500e+02
2.042570037841796875e+02
1.376248046875000000e+03
4.609190063476562500e+02
2.506836914062500000e+03
5.559310302734375000e+02
5.532299804687500000e+02
7.870050048828125000e+02
3.981440124511718750e+02
5.652899932861328125e+01
3.110400009155273438e+01
1.000670013427734375e+02
8.619999885559082031e-01
1.457588012695312500e+03
8.147390136718750000e+02
3.037080078125000000e+02
7.910520019531250000e+02
4.941199874877929688e+01
9.649999618530273438e+00
4.399790039062500000e+03
5.695330200195312500e+02
7.740800170898437500e+02
3.532009887695312500e+02
6.774920043945312500e+02
5.934999847412109375e+01
3.521619873046875000e+02
1.328059997558593750e+02
6.729219970703125000e+02
2.042760009765625000e+02
1.035916015625000000e+03
2.662832031250000000e+03
1.770182006835937500e+03
1.767574951171875000e+03
1.686175048828125000e+03
5.304399871826171875e+01
3.519999980926513672e+00
4.298716796875000000e+03
4.273400115966796875e+01
1.008822021484375000e+03
1.321086059570312500e+03
9.204890136718750000e+02
2.006264038085937500e+03
5.141049804687500000e+02
1.570063964843750000e+03
2.519629974365234375e+02
2.443739929199218750e+02
6.823229980468750000e+02
3.183900070190429688e+01
3.293237060546875000e+03
1.021589965820312500e+02
4.184590148925781250e+02
4.395230102539062500e+02
9.197369995117187500e+02
1.204791992187500000e+03
7.314390258789062500e+02
3.003240051269531250e+02
7.941929931640625000e+02
3.481714111328125000e+03
9.938350219726562500e+02
6.003419799804687500e+02
7.031129760742187500e+02
1.633919982910156250e+02
2.273020019531250000e+02
1.721269989013671875e+02
9.177210083007812500e+02
4.313100051879882812e+01
1.402026977539062500e+03
4.915549926757812500e+02
1.076858032226562500e+03
2.973277099609375000e+03
7.245050048828125000e+02
6.352009887695312500e+02
8.798170166015625000e+02
1.598354003906250000e+03
4.024300003051757812e+01
1.456864990234375000e+03
2.631983886718750000e+03
4.300770996093750000e+03
3.461184082031250000e+03
2.605623046875000000e+03
1.241449966430664062e+02
1.374755981445312500e+03
1.124489974975585938e+02
5.938959960937500000e+02
4.047399902343750000e+02
1.771996948242187500e+03
1.724519042968750000e+03
8.180000185966491699e-01
1.848157958984375000e+03
1.767330017089843750e+02
1.809989929199218750e+02
1.772074951171875000e+03
2.141500091552734375e+01
1.000211975097656250e+03
5.990490112304687500e+02
5.911209716796875000e+02
8.166000366210937500e+00
1.029789962768554688e+02
5.254450073242187500e+02
4.843666015625000000e+03
5.469999790191650391e+00
1.426700019836425781e+01
8.364669799804687500e+02
3.858540039062500000e+02
2.534799957275390625e+01
2.636041015625000000e+03
3.509899902343750000e+01
3.301486083984375000e+03
2.997995117187500000e+03
8.717050170898437500e+02
4.009039916992187500e+02
4.733169860839843750e+02
5.125510253906250000e+02
7.152999877929687500e+00
1.029270996093750000e+03
4.001419982910156250e+02
3.623989868164062500e+02
8.563870239257812500e+02
1.396692016601562500e+03
2.101600074768066406e+01
3.089240112304687500e+02
8.109500122070312500e+01
1.685295043945312500e+03
9.175399780273437500e+01
3.123680114746093750e+02
1.831670074462890625e+02
1.649299926757812500e+02
7.878600311279296875e+01
3.947120056152343750e+02
6.680787109375000000e+03
1.927390014648437500e+03
3.886759033203125000e+03
4.159700012207031250e+01
3.472640075683593750e+02
2.762819091796875000e+03
2.970210937500000000e+03
1.564100036621093750e+02
1.227147949218750000e+03
3.522149963378906250e+02
1.502821044921875000e+03
7.095479736328125000e+02
2.772782958984375000e+03
7.332731933593750000e+03
1.689670043945312500e+03
1.401485961914062500e+03
4.339979858398437500e+02
1.294495971679687500e+03
8.982700347900390625e+01
1.906269989013671875e+02
3.228400039672851562e+01
3.457516113281250000e+03
6.714130249023437500e+02
1.812000083923339844e+01
6.827889160156250000e+03
7.012000083923339844e+00
2.861877929687500000e+03
8.436729736328125000e+02
1.981800079345703125e+01
4.063900146484375000e+02
6.614320068359375000e+02
1.911084960937500000e+03
1.265243041992187500e+03
5.509710083007812500e+02
4.249499893188476562e+01
1.607107055664062500e+03
4.697000026702880859e+00
1.172584960937500000e+03
9.183619995117187500e+02
1.302314941406250000e+03
1.249333007812500000e+03
7.351000213623046875e+01
1.823900032043457031e+01
2.213230957031250000e+03
1.303100013732910156e+01
1.043923950195312500e+03
1.134059982299804688e+02
1.977350006103515625e+02
2.073701904296875000e+03
1.002966979980468750e+03
5.962739868164062500e+02
3.029705078125000000e+03
2.822130126953125000e+02
1.129599952697753906e+01
7.428510131835937500e+02
4.221950073242187500e+02
6.032000122070312500e+02
1.828609924316406250e+02
4.849240112304687500e+02
4.857340087890625000e+02
1.918436035156250000e+03
1.189440002441406250e+02
2.992390136718750000e+02
4.908399963378906250e+01
7.233389892578125000e+02
7.554370117187500000e+02
1.229789962768554688e+02
1.177567016601562500e+03
