1.156631562500000000e+05
1.721210742187500000e+04
2.131327148437500000e+04
8.154943847656250000e+03
1.848535937500000000e+04
1.830041406250000000e+05
3.175662250000000000e+06
5.503390625000000000e+05
1.917817656250000000e+05
3.503489990234375000e+03
2.430635750000000000e+06
2.380958281250000000e+05
2.351109062500000000e+05
1.665451171875000000e+04
4.539286000000000000e+06
2.728787109375000000e+04
8.223617187500000000e+04
1.364570007324218750e+02
7.101466000000000000e+06
1.235557125000000000e+06
1.264868500000000000e+06
5.419431640625000000e+04
1.146400781250000000e+05
2.347064257812500000e+04
9.469576250000000000e+05
4.426341500000000000e+06
7.716243164062500000e+03
4.050644250000000000e+06
2.748680114746093750e+02
2.443865966796875000e+03
1.383119995117187500e+03
7.834359741210937500e+02
1.189891796875000000e+05
1.233330273437500000e+04
7.301118000000000000e+06
8.873069335937500000e+03
6.064941500000000000e+06
7.562435937500000000e+04
3.182833203125000000e+04
3.815187250000000000e+06
1.066766967773437500e+03
5.158123000000000000e+06
1.840131445312500000e+04
6.197760500000000000e+06
4.846680859375000000e+04
4.667886328125000000e+04
4.412807128906250000e+03
4.203850097656250000e+02
4.718590087890625000e+02
1.245601171875000000e+05
5.134098144531250000e+03
7.252251875000000000e+05
1.035582578125000000e+05
6.872145996093750000e+03
5.687108984375000000e+04
8.205158125000000000e+05
1.759073875000000000e+06
8.599103125000000000e+05
1.512335546875000000e+04
1.855839687500000000e+05
1.818175195312500000e+04
3.207802734375000000e+04
1.808582031250000000e+03
1.725936200000000000e+07
4.260149902343750000e+03
1.658132968750000000e+05
1.168507617187500000e+04
1.405838593750000000e+05
3.316188281250000000e+04
2.250245250000000000e+06
4.679005500000000000e+06
7.098871093750000000e+04
1.124284375000000000e+06
1.318695000000000000e+07
2.667699890136718750e+02
4.658729000000000000e+06
1.252745750000000000e+06
6.450980957031250000e+03
2.143241000000000000e+06
4.471478500000000000e+06
2.293616943359375000e+03
1.215561500000000000e+07
1.097281005859375000e+03
2.452098906250000000e+05
2.113947998046875000e+03
1.804284125000000000e+06
4.212533125000000000e+05
4.156730041503906250e+02
9.569877000000000000e+06
8.737892187500000000e+04
3.009809179687500000e+04
1.098577109375000000e+05
5.445543750000000000e+05
1.984479980468750000e+03
8.263393500000000000e+06
1.157286700000000000e+07
1.056475000000000000e+07
1.497169500000000000e+06
8.003824375000000000e+05
1.740785937500000000e+04
9.023338867187500000e+03
1.677481054687500000e+04
8.227419000000000000e+06
7.285098437500000000e+04
4.257534000000000000e+06
1.332597558593750000e+04
6.051274609375000000e+04
2.536560742187500000e+04
3.520751562500000000e+05
6.998984500000000000e+06
4.785944500000000000e+06
9.700579687500000000e+04
2.571214453125000000e+04
5.349323046875000000e+04
2.431063964843750000e+03
5.549936328125000000e+04
6.975707031250000000e+04
1.938071406250000000e+05
7.639783203125000000e+03
1.913773281250000000e+05
5.485271500000000000e+06
1.033408105468750000e+04
4.068619995117187500e+02
1.051645078125000000e+05
7.170209375000000000e+04
1.283747900000000000e+07
8.448988000000000000e+06
4.222802500000000000e+06
5.749582500000000000e+06
1.823517812500000000e+05
7.769144500000000000e+06
4.089750000000000000e+03
3.308506750000000000e+06
1.086495859375000000e+05
1.648192016601562500e+03
2.695956250000000000e+06
2.306517773437500000e+04
2.015470125000000000e+06
4.680459000000000000e+06
1.893036406250000000e+05
2.942430500000000000e+06
2.234368164062500000e+04
4.974719848632812500e+02
3.366809375000000000e+04
1.141802246093750000e+04
5.016874000000000000e+06
2.415449750000000000e+06
2.300283500000000000e+06
1.327151000976562500e+03
3.656524375000000000e+05
6.001876171875000000e+04
1.286649932861328125e+02
6.796680297851562500e+02
1.727658250000000000e+06
2.737113671875000000e+04
1.877483789062500000e+04
3.682919921875000000e+02
5.929103500000000000e+06
4.020389750000000000e+06
5.198518066406250000e+03
1.425975781250000000e+04
3.916071093750000000e+04
7.827239062500000000e+04
5.129560546875000000e+04
8.707056250000000000e+04
1.012030664062500000e+04
6.892895000000000000e+05
3.328219531250000000e+04
8.067807500000000000e+05
5.824100781250000000e+04
4.253556250000000000e+04
1.867757031250000000e+04
5.414819946289062500e+02
7.715967500000000000e+05
1.460486750000000000e+06
6.007484500000000000e+06
1.006979765625000000e+05
2.890731000000000000e+06
1.198815250000000000e+06
8.565654296875000000e+03
1.283627500000000000e+06
8.311580078125000000e+03
2.241193945312500000e+04
1.319920214843750000e+04
9.829290161132812500e+02
5.450642578125000000e+04
9.326370117187500000e+03
2.586951875000000000e+05
1.406606000000000000e+06
1.059028875000000000e+06
1.892785546875000000e+04
7.669591250000000000e+05
7.900316894531250000e+03
5.448469848632812500e+02
9.508502343750000000e+04
8.146729980468750000e+03
2.575552343750000000e+04
2.498959687500000000e+05
1.480458875000000000e+06
4.669861000000000000e+06
7.399269042968750000e+03
8.949443125000000000e+05
1.910364218750000000e+05
1.420537500000000000e+04
1.006870971679687500e+03
6.513585937500000000e+04
4.598304000000000000e+06
1.221040859375000000e+05
5.397260131835937500e+02
6.240088125000000000e+05
4.042181875000000000e+05
1.465618652343750000e+04
1.567050976562500000e+04
7.772380468750000000e+04
6.562688964843750000e+03
9.776252343750000000e+04
3.748137939453125000e+03
8.427862304687500000e+03
5.626355957031250000e+03
4.538770703125000000e+04
2.096405273437500000e+04
1.519202539062500000e+04
2.092186328125000000e+04
7.397579956054687500e+02
1.152993847656250000e+04
8.009650268554687500e+02
6.825089721679687500e+02
8.175062500000000000e+04
6.991628906250000000e+04
1.173636375000000000e+06
2.044836093750000000e+05
2.274168500000000000e+06
2.176966064453125000e+03
1.893813671875000000e+04
2.099950750000000000e+06
8.773752000000000000e+06
2.126037500000000000e+06
3.479723437500000000e+04
1.863129218750000000e+05
3.844949951171875000e+02
2.555498000000000000e+06
7.597948242187500000e+03
5.279708125000000000e+05
2.704928500000000000e+06
2.628076000000000000e+06
4.305652000000000000e+06
6.323084375000000000e+05
8.671275781250000000e+04
3.719357031250000000e+04
5.795209375000000000e+04
1.857297070312500000e+04
3.642412187500000000e+05
7.024619531250000000e+04
3.443136875000000000e+05
1.157279609375000000e+05
1.231148400000000000e+07
5.395774218750000000e+04
3.277799987792968750e+02
4.585479003906250000e+03
6.086151855468750000e+03
1.865165500000000000e+06
3.007130500000000000e+06
1.764656000000000000e+06
1.021285156250000000e+04
2.089377968750000000e+05
1.904692578125000000e+04
6.023229980468750000e+02
1.930661250000000000e+06
4.196496500000000000e+06
1.259364062500000000e+05
1.120599975585937500e+03
2.402030781250000000e+05
5.331633750000000000e+05
2.221362812500000000e+05
2.025516967773437500e+03
6.792662000000000000e+06
5.725179296875000000e+04
4.625515234375000000e+04
4.875538500000000000e+06
2.134245312500000000e+04
7.364270625000000000e+05
1.406480600000000000e+07
3.917969921875000000e+04
7.199070000000000000e+05
1.201591640625000000e+05
1.908030600000000000e+07
2.309404052734375000e+03
2.288503250000000000e+06
2.697341064453125000e+03
7.530488500000000000e+06
8.528708593750000000e+04
7.870006000000000000e+06
4.556367000000000000e+06
9.634133000000000000e+06
8.458300170898437500e+02
7.656237000000000000e+06
1.848617187500000000e+05
3.434001171875000000e+04
1.213337011718750000e+04
9.413212890625000000e+03
2.443040429687500000e+04
9.920089843750000000e+03
1.736942625000000000e+06
1.553775156250000000e+05
1.297938046875000000e+05
7.456551500000000000e+06
1.299660034179687500e+03
1.455940312500000000e+05
6.613926500000000000e+06
6.203613769531250000e+03
4.210500390625000000e+04
1.253845800781250000e+04
2.695646250000000000e+06
1.127222700000000000e+07
2.463422000000000000e+06
5.621552500000000000e+05
6.822033000000000000e+06
1.183852100000000000e+07
1.829599952697753906e+01
1.084851855468750000e+04
3.718812109375000000e+04
5.136461328125000000e+04
2.210998750000000000e+05
1.726800195312500000e+04
1.395238500000000000e+06
3.280678000000000000e+06
5.838569500000000000e+06
2.800898828125000000e+04
3.461119531250000000e+04
5.125051953125000000e+04
2.426376953125000000e+04
5.438267089843750000e+03
5.544716796875000000e+03
4.230155761718750000e+03
1.285247375000000000e+06
1.005296400000000000e+07
1.889893750000000000e+04
1.829113125000000000e+06
8.263642578125000000e+03
8.342350781250000000e+04
1.625740039062500000e+04
1.620622900000000000e+07
4.664756835937500000e+03
2.637808750000000000e+05
7.923955000000000000e+06
8.861030273437500000e+02
9.570141601562500000e+03
2.727268945312500000e+04
8.678032031250000000e+04
3.613379250000000000e+06
3.006947851562500000e+04
2.186979980468750000e+02
8.946775781250000000e+04
1.214974511718750000e+04
2.165700073242187500e+02
1.746046289062500000e+04
1.557803750000000000e+06
9.239000625000000000e+05
2.667337890625000000e+03
2.000717773437500000e+04
5.914807812500000000e+04
2.893196875000000000e+04
3.094866500000000000e+06
5.591462500000000000e+06
7.125783750000000000e+05
3.734034000000000000e+06
1.257149963378906250e+02
2.089871093750000000e+04
1.644135156250000000e+04
2.729727000000000000e+06
6.068159790039062500e+02
3.596960937500000000e+03
2.927533007812500000e+04
2.380298000000000000e+06
2.379885009765625000e+03
1.008842480468750000e+04
3.626373437500000000e+04
1.203871875000000000e+06
2.114868750000000000e+05
5.451812890625000000e+04
5.062623000000000000e+06
5.626913750000000000e+05
1.284969453125000000e+05
5.636525500000000000e+06
4.596596191406250000e+03
2.348477148437500000e+04
5.031472167968750000e+03
3.748843250000000000e+06
1.653499843750000000e+05
6.390235625000000000e+05
6.707572500000000000e+06
7.427500000000000000e+02
3.821207421875000000e+04
5.335880000000000000e+06
2.373561562500000000e+05
3.870221750000000000e+06
3.329683125000000000e+05
2.750138476562500000e+04
1.497341875000000000e+06
2.895740000000000000e+06
1.235526953125000000e+04
1.938549804687500000e+04
2.261479250000000000e+06
3.827620000000000000e+05
1.182505312500000000e+05
4.664130500000000000e+06
8.929322656250000000e+04
1.453249300000000000e+07
5.405379296875000000e+04
5.154301757812500000e+03
2.510627500000000000e+05
1.399390156250000000e+05
1.941802375000000000e+06
4.415249938964843750e+02
3.569769140625000000e+04
4.074648925781250000e+03
8.837316406250000000e+03
4.912316894531250000e+03
1.739056375000000000e+06
3.131698828125000000e+04
3.472583593750000000e+04
7.017638750000000000e+05
7.526699829101562500e+01
1.124108750000000000e+05
6.009145312500000000e+04
8.835529785156250000e+02
2.519211914062500000e+04
2.355843125000000000e+05
1.953989125000000000e+06
2.420264892578125000e+03
3.860876953125000000e+04
4.420020141601562500e+02
1.669538085937500000e+04
1.086720947265625000e+03
5.355523437500000000e+04
9.680995117187500000e+03
4.936198046875000000e+04
1.065469250000000000e+06
1.151754300000000000e+07
1.862230500000000000e+06
1.595666992187500000e+03
1.041058000000000000e+07
4.970875000000000000e+03
4.023012250000000000e+06
1.411484375000000000e+04
5.376551171875000000e+04
3.355806884765625000e+03
4.554530029296875000e+02
3.763539453125000000e+04
3.001522500000000000e+06
5.621740112304687500e+02
1.018758972167968750e+03
8.775994140625000000e+03
3.067210083007812500e+02
1.466432519531250000e+04
1.507078375000000000e+06
3.633508984375000000e+04
1.102285625000000000e+06
3.928930053710937500e+02
2.049507200000000000e+07
2.008723250000000000e+06
3.351659851074218750e+02
1.561785937500000000e+05
2.363639062500000000e+04
5.140923500000000000e+06
2.975304492187500000e+04
3.678400039672851562e+01
6.518646972656250000e+03
3.665889892578125000e+02
5.177083007812500000e+03
1.332177031250000000e+05
7.800622070312500000e+03
2.720200927734375000e+03
2.606399000000000000e+06
2.092199375000000000e+06
1.663939125000000000e+06
9.461040625000000000e+04
2.922369140625000000e+04
5.112704687500000000e+04
3.403471093750000000e+04
1.419018847656250000e+04
8.344947656250000000e+04
2.777283935546875000e+03
1.569567968750000000e+04
4.081209250000000000e+06
3.171872500000000000e+05
5.519068359375000000e+04
9.436413085937500000e+03
3.002840000000000000e+06
3.555960156250000000e+04
9.825930468750000000e+04
2.376602343750000000e+04
2.682980957031250000e+03
8.754153000000000000e+06
2.541281250000000000e+06
9.921594375000000000e+05
1.254486718750000000e+05
8.476607000000000000e+06
1.758438800000000000e+07
7.403331054687500000e+03
6.691264000000000000e+06
4.628578500000000000e+06
4.190585156250000000e+04
6.795491500000000000e+06
1.234047375000000000e+06
1.727697070312500000e+04
3.137596289062500000e+04
5.250315917968750000e+03
4.096351875000000000e+05
2.574627929687500000e+04
8.510590000000000000e+06
3.198662500000000000e+06
9.054660156250000000e+03
7.067696777343750000e+03
1.197095947265625000e+03
9.240100097656250000e+01
9.749832812500000000e+04
1.059534125000000000e+06
9.439080000000000000e+06
2.703632031250000000e+04
2.599616015625000000e+04
2.905557000000000000e+06
6.816178222656250000e+03
1.225801562500000000e+05
2.405501406250000000e+05
4.405287500000000000e+06
2.657076250000000000e+05
9.237590625000000000e+05
1.250540039062500000e+03
1.044916312500000000e+06
8.557737304687500000e+03
1.337918906250000000e+05
2.899590750000000000e+06
2.033181625000000000e+06
2.340068750000000000e+04
3.603119000000000000e+06
5.490151875000000000e+05
1.307404394531250000e+04
1.485410156250000000e+04
2.487538281250000000e+05
2.241949609375000000e+04
4.774363000000000000e+06
5.551056640625000000e+04
4.563807500000000000e+06
2.107030664062500000e+04
5.619537890625000000e+04
1.010737792968750000e+04
1.296468300000000000e+07
6.373160000000000000e+05
1.188279875000000000e+06
2.956869062500000000e+05
2.063673500000000000e+06
8.646607812500000000e+04
7.975838867187500000e+03
1.946447070312500000e+04
6.138957421875000000e+04
1.538536425781250000e+04
7.246418000000000000e+06
5.505233593750000000e+04
1.234893671875000000e+05
9.949410937500000000e+04
1.404144335937500000e+04
1.210231171875000000e+05
3.425418000000000000e+06
1.187204375000000000e+05
1.185839996337890625e+02
4.179283250000000000e+06
5.950059814453125000e+02
5.357905625000000000e+05
7.340128906250000000e+04
4.922963867187500000e+03
3.353606250000000000e+04
2.738618750000000000e+05
8.991196000000000000e+06
5.192760500000000000e+06
2.973355937500000000e+05
1.120518500000000000e+07
6.439119873046875000e+02
8.882536132812500000e+03
1.430203808593750000e+04
3.677605078125000000e+04
1.034161816406250000e+04
9.350088867187500000e+03
9.610430297851562500e+02
5.610305500000000000e+06
1.668642343750000000e+05
1.572552246093750000e+04
2.364350156250000000e+05
1.659831445312500000e+04
2.444862000000000000e+06
3.406363250000000000e+06
5.942474218750000000e+04
1.371452750000000000e+06
1.347817089843750000e+04
3.055825927734375000e+03
2.272031500000000000e+06
5.264576500000000000e+06
7.472379760742187500e+02
1.166218046875000000e+05
2.663637500000000000e+06
6.721072000000000000e+06
8.509069000000000000e+06
6.464749218750000000e+04
2.150187695312500000e+04
1.112495703125000000e+04
3.609012890625000000e+04
7.871610937500000000e+04
1.009373925781250000e+04
3.276396250000000000e+06
7.919884765625000000e+03
6.334285000000000000e+06
2.992528076171875000e+03
1.628044125000000000e+06
6.136063281250000000e+04
2.349676367187500000e+04
1.624901977539062500e+03
7.723700000000000000e+06
1.744938375000000000e+06
2.516909912109375000e+03
8.371425625000000000e+05
1.722359985351562500e+03
2.454041210937500000e+04
7.239082812500000000e+04
1.297923950195312500e+03
3.921969750000000000e+06
3.183633203125000000e+04
9.172257812500000000e+03
6.758694500000000000e+06
5.919360156250000000e+04
1.635713700000000000e+07
1.599932125000000000e+06
1.399348875000000000e+06
7.746235500000000000e+06
6.665857812500000000e+04
1.348532187500000000e+05
1.128838989257812500e+03
6.381125625000000000e+05
9.311353750000000000e+05
9.476140136718750000e+02
2.763240966796875000e+03
4.345883500000000000e+06
3.026714375000000000e+05
8.003819000000000000e+06
8.519385000000000000e+06
2.842836875000000000e+05
3.590844531250000000e+04
7.049273500000000000e+06
1.883019335937500000e+04
2.890038867187500000e+04
4.135756000000000000e+06
1.112226250000000000e+06
1.116906835937500000e+04
4.945152832031250000e+03
9.644864257812500000e+03
2.935386132812500000e+04
7.224255500000000000e+06
1.793086523437500000e+04
3.771563281250000000e+04
1.742254500000000000e+06
3.294819946289062500e+02
1.981805664062500000e+04
9.321668750000000000e+04
3.165113085937500000e+04
1.274252600000000000e+07
6.377040625000000000e+04
4.444528500000000000e+06
1.623284570312500000e+04
6.624278906250000000e+04
8.152069702148437500e+02
1.110424316406250000e+04
5.569417000000000000e+06
1.913437343750000000e+05
6.683342500000000000e+06
9.478954101562500000e+03
8.330083125000000000e+05
9.368199920654296875e+01
9.205288085937500000e+03
1.387044000000000000e+06
6.953700256347656250e+01
1.491737597656250000e+04
1.081675048828125000e+03
6.591859741210937500e+02
7.933170312500000000e+04
4.713738281250000000e+04
6.108391500000000000e+06
3.088897500000000000e+06
2.297575500000000000e+06
1.565784960937500000e+04
7.785857910156250000e+03
1.148555100000000000e+07
6.056571875000000000e+05
2.435977148437500000e+04
1.841676875000000000e+06
8.553768554687500000e+03
8.453024218750000000e+04
3.158609924316406250e+02
2.137450000000000000e+06
1.600397812500000000e+05
3.050140312500000000e+05
3.845816250000000000e+05
2.441325927734375000e+03
1.891929492187500000e+04
1.869125976562500000e+03
3.832222000000000000e+06
3.847652000000000000e+06
1.542360400000000000e+07
4.436909179687500000e+03
1.040025024414062500e+03
1.160139921875000000e+05
4.067880312500000000e+05
3.562251953125000000e+03
4.810703500000000000e+06
7.213524000000000000e+06
8.118497070312500000e+03
1.422854687500000000e+04
1.489490051269531250e+02
1.191725375000000000e+06
1.394003500000000000e+06
2.929661914062500000e+04
1.002652000000000000e+07
3.124859179687500000e+04
2.454664000000000000e+06
1.359898828125000000e+04
2.883994687500000000e+05
3.304156640625000000e+04
6.806439000000000000e+06
3.059816796875000000e+04
1.176504600000000000e+07
7.342100219726562500e+02
1.628687968750000000e+05
1.290979980468750000e+03
1.908165429687500000e+04
3.262823046875000000e+04
1.218393500000000000e+06
1.054907968750000000e+05
8.007331000000000000e+06
1.028744125000000000e+06
1.357038867187500000e+04
1.847065625000000000e+06
1.520472558593750000e+04
6.250250244140625000e+02
7.633679809570312500e+02
7.501630500000000000e+06
4.086294921875000000e+03
4.987606933593750000e+03
1.019503300000000000e+07
3.980261562500000000e+05
1.086046000000000000e+06
5.405951250000000000e+05
1.034998828125000000e+04
7.863469848632812500e+02
1.002803125000000000e+04
8.530328906250000000e+04
8.998176562500000000e+04
6.879264375000000000e+05
1.974450625000000000e+05
2.814995500000000000e+06
5.966629882812500000e+03
4.233222167968750000e+03
1.258871093750000000e+05
5.014168500000000000e+06
1.050125390625000000e+04
1.665485742187500000e+04
1.279196625000000000e+06
3.702799987792968750e+02
3.009061718750000000e+04
3.848421875000000000e+04
6.198579711914062500e+02
9.989406875000000000e+05
7.841334375000000000e+04
1.320448437500000000e+05
6.739235839843750000e+03
4.064617968750000000e+04
4.833308000000000000e+06
4.281039843750000000e+04
6.055954296875000000e+04
2.313799414062500000e+04
6.868401500000000000e+06
3.125723250000000000e+06
6.464742187500000000e+04
7.408942968750000000e+04
5.906109375000000000e+05
2.582413000000000000e+06
3.077034687500000000e+05
5.991973750000000000e+05
2.142014375000000000e+05
2.003674843750000000e+05
2.015841562500000000e+05
6.094598144531250000e+03
1.611066040039062500e+03
3.896946093750000000e+04
1.108462500000000000e+06
6.400232910156250000e+03
2.611589750000000000e+06
1.546344375000000000e+05
3.093469531250000000e+04
6.600106250000000000e+05
2.111704750000000000e+06
5.120175500000000000e+06
2.687060156250000000e+04
4.281629500000000000e+06
2.138406982421875000e+03
6.430978515625000000e+04
7.294462500000000000e+05
4.870993750000000000e+04
1.396493554687500000e+04
4.519120312500000000e+05
1.864667625000000000e+06
3.854342000000000000e+06
5.925989062500000000e+04
1.492120000000000000e+06
5.300476000000000000e+06
3.022195703125000000e+04
1.390006562500000000e+05
3.512518125000000000e+05
1.408072021484375000e+03
3.606953500000000000e+06
8.094324375000000000e+05
1.863859985351562500e+03
6.518753906250000000e+04
3.342130000000000000e+05
1.712571250000000000e+05
2.052261962890625000e+03
3.298904687500000000e+04
6.562671875000000000e+04
5.049851562500000000e+04
4.278529968261718750e+02
1.739145500000000000e+06
3.623848046875000000e+04
5.690403125000000000e+05
1.825633789062500000e+04
3.456993750000000000e+04
2.222768593750000000e+05
3.087904750000000000e+06
3.328914062500000000e+03
1.503336625000000000e+06
2.218127343750000000e+04
1.889227800000000000e+07
3.675742578125000000e+04
1.630158375000000000e+06
6.445659765625000000e+04
6.221812000000000000e+06
5.356640014648437500e+02
5.227026562500000000e+04
2.347682812500000000e+04
3.861075927734375000e+03
1.053317016601562500e+03
7.075246093750000000e+04
2.086149218750000000e+04
1.117937500000000000e+06
9.292724000000000000e+06
1.911925400000000000e+07
3.375981750000000000e+06
7.551009765625000000e+03
4.822421093750000000e+04
4.758420104980468750e+02
1.836011914062500000e+04
5.975775625000000000e+05
6.501210000000000000e+05
3.484159851074218750e+02
1.720053437500000000e+05
1.090921875000000000e+04
4.765629687500000000e+04
1.154972031250000000e+05
3.014634750000000000e+06
3.347420043945312500e+02
9.551620625000000000e+05
6.879553906250000000e+04
8.614963867187500000e+03
3.760149375000000000e+05
3.995399902343750000e+03
2.863895750000000000e+06
1.617236914062500000e+04
4.530824218750000000e+04
1.806156982421875000e+03
2.013037500000000000e+06
7.983289062500000000e+03
4.729952000000000000e+06
2.887800500000000000e+06
2.137341000000000000e+06
7.815762500000000000e+04
2.367218945312500000e+04
2.951375976562500000e+04
3.039597070312500000e+04
3.863237890625000000e+04
1.013695800781250000e+04
6.011014160156250000e+03
2.432861523437500000e+04
4.622790039062500000e+03
2.501877343750000000e+05
5.467424804687500000e+03
3.657230859375000000e+04
3.745399902343750000e+03
6.071235156250000000e+04
4.423243750000000000e+04
4.219965234375000000e+04
9.357054000000000000e+06
1.365055625000000000e+05
1.181387109375000000e+04
1.550191125000000000e+06
1.223331500000000000e+06
3.184838250000000000e+06
4.481455078125000000e+03
1.984941875000000000e+05
1.362851464843750000e+04
3.987271484375000000e+04
1.455834500000000000e+07
1.441603710937500000e+04
2.096699981689453125e+02
2.518432226562500000e+04
1.082440917968750000e+04
1.212911425781250000e+04
3.968450000000000000e+05
9.184290161132812500e+02
3.982315500000000000e+06
7.833950195312500000e+02
8.594450073242187500e+02
1.127765859375000000e+05
2.516678955078125000e+03
2.136385009765625000e+03
5.434579101562500000e+03
3.520549072265625000e+03
2.868463125000000000e+05
5.261975625000000000e+05
4.524330468750000000e+04
5.386198750000000000e+05
1.582702031250000000e+05
3.631811718750000000e+04
5.827678125000000000e+05
3.865919500000000000e+06
3.124173437500000000e+04
5.091990051269531250e+02
7.026511718750000000e+04
4.386126562500000000e+04
2.479007031250000000e+04
1.030405078125000000e+05
2.245716992187500000e+04
2.348911328125000000e+04
2.231523925781250000e+03
4.092370117187500000e+03
2.072780029296875000e+03
6.427201171875000000e+03
1.037281835937500000e+04
3.558171562500000000e+05
5.419917000000000000e+06
5.088689880371093750e+02
5.238610229492187500e+02
3.731835156250000000e+04
5.752378906250000000e+04
2.618033984375000000e+04
2.861256445312500000e+04
2.310950012207031250e+02
1.353363125000000000e+06
3.770076875000000000e+05
1.568493250000000000e+06
1.929751953125000000e+04
1.161062000000000000e+06
1.213638378906250000e+04
3.758133125000000000e+05
1.102144824218750000e+04
3.115565429687500000e+04
9.550974609375000000e+03
1.049626269531250000e+04
4.894328906250000000e+04
3.090704101562500000e+03
7.143401500000000000e+06
4.007931640625000000e+04
5.776149902343750000e+02
9.926137500000000000e+04
1.070430053710937500e+03
6.028092773437500000e+03
2.218001000000000000e+06
3.213718125000000000e+05
2.169639892578125000e+03
3.852628906250000000e+03
3.303929687500000000e+05
4.185086250000000000e+06
4.176932000000000000e+06
1.457267500000000000e+06
3.924243750000000000e+06
6.155530078125000000e+04
3.489207500000000000e+06
1.166133437500000000e+05
2.983986328125000000e+04
4.681395019531250000e+03
5.987139892578125000e+02
2.294432750000000000e+06
8.390012500000000000e+05
3.670090625000000000e+04
1.945220500000000000e+06
1.556312011718750000e+03
2.892565039062500000e+04
1.590274902343750000e+04
8.463507500000000000e+05
3.313558250000000000e+06
1.444708250000000000e+06
2.035264125000000000e+06
1.154724140625000000e+05
1.289222187500000000e+05
4.364933000000000000e+06
