1.059173730468750000e+04
4.341624609375000000e+04
1.065109008789062500e+03
5.612909179687500000e+03
2.107777343750000000e+04
3.489400100708007812e+01
4.722930078125000000e+04
3.814342041015625000e+03
2.737513671875000000e+04
2.308524218750000000e+04
5.618062011718750000e+03
5.224761230468750000e+03
1.529740625000000000e+04
1.540593359375000000e+04
6.171737792968750000e+03
1.951714965820312500e+03
2.579229980468750000e+03
4.785269042968750000e+03
1.475428808593750000e+04
4.710900878906250000e+03
1.688599967956542969e+01
1.041327832031250000e+04
2.777512695312500000e+04
2.830170898437500000e+03
3.604899978637695312e+01
1.288295043945312500e+03
7.428540039062500000e+02
6.030032031250000000e+04
3.620486718750000000e+04
3.695235156250000000e+04
3.752700042724609375e+01
3.577700042724609375e+01
3.204566601562500000e+04
3.764430908203125000e+03
3.618418750000000000e+04
8.922567382812500000e+03
4.546390625000000000e+04
3.000099945068359375e+01
1.948792031250000000e+05
2.012299919128417969e+01
3.462225097656250000e+03
4.268700027465820312e+01
8.182800292968750000e+01
6.408693847656250000e+03
2.474889984130859375e+02
1.298385058593750000e+04
1.680482812500000000e+04
2.755493125000000000e+05
4.824974121093750000e+03
6.027499023437500000e+03
2.692900085449218750e+01
5.723799896240234375e+01
2.155620000000000000e+05
3.723301171875000000e+04
5.973688964843750000e+03
4.509143359375000000e+04
6.763200378417968750e+01
1.646729296875000000e+04
1.921210742187500000e+04
8.412288281250000000e+04
8.752710156250000000e+04
5.576237890625000000e+04
5.985430297851562500e+02
1.227702539062500000e+04
1.820760937500000000e+05
9.519914062500000000e+03
1.291417871093750000e+04
1.722500038146972656e+01
3.509333593750000000e+04
1.546264687500000000e+05
1.434290312500000000e+05
1.378697753906250000e+04
8.052689062500000000e+04
1.522751464843750000e+04
2.800060119628906250e+02
2.653899955749511719e+01
1.816047973632812500e+03
8.419724609375000000e+03
9.380340625000000000e+04
6.218432128906250000e+03
1.439819946289062500e+02
2.352391601562500000e+04
5.040758789062500000e+03
1.505256958007812500e+03
2.577985107421875000e+03
1.176639062500000000e+05
2.583300018310546875e+01
1.004138867187500000e+04
2.138702880859375000e+03
5.392468750000000000e+04
1.886551757812500000e+04
2.066920013427734375e+02
1.051879589843750000e+04
9.666955078125000000e+03
1.014353125000000000e+04
8.663999938964843750e+01
6.511370239257812500e+02
2.197675195312500000e+04
7.687417187500000000e+04
1.708602343750000000e+05
5.106180114746093750e+02
9.340857421875000000e+03
2.671469140625000000e+04
9.219185546875000000e+03
1.298426953125000000e+04
4.922854687500000000e+04
1.690575976562500000e+04
6.590587890625000000e+03
1.593385009765625000e+03
9.301142968750000000e+04
1.484440002441406250e+02
2.442726074218750000e+03
3.872318115234375000e+03
3.300313281250000000e+04
3.228105859375000000e+04
1.222547460937500000e+04
1.594666015625000000e+04
2.603899955749511719e+01
1.264489974975585938e+02
6.063000202178955078e+00
1.897500038146972656e+01
3.370697265625000000e+04
3.125922070312500000e+04
4.325299835205078125e+01
2.112966093750000000e+05
1.099899843750000000e+05
4.862099838256835938e+01
2.251400468750000000e+05
6.241630249023437500e+02
9.079223632812500000e+03
4.612175390625000000e+04
4.174840625000000000e+04
2.635150878906250000e+03
7.273942871093750000e+03
2.777425976562500000e+04
4.535499954223632812e+01
2.912700080871582031e+01
3.162963281250000000e+04
2.187678906250000000e+04
2.896140234375000000e+04
7.944050292968750000e+02
2.502866406250000000e+04
7.581199645996093750e+01
2.982810058593750000e+02
6.996621875000000000e+04
4.655778906250000000e+04
4.013923125000000000e+05
2.716717500000000000e+05
1.859814843750000000e+04
4.643799972534179688e+01
3.399210937500000000e+04
3.130087812500000000e+05
1.100968457031250000e+04
1.235970001220703125e+02
1.347400054931640625e+02
3.196809997558593750e+02
7.332900238037109375e+01
1.011819992065429688e+02
2.865600097656250000e+03
2.160181445312500000e+04
4.901499938964843750e+01
1.240906054687500000e+04
2.989882031250000000e+04
3.938740966796875000e+03
1.866827734375000000e+04
7.826499938964843750e+01
7.292864062500000000e+04
1.167399978637695312e+01
2.961596679687500000e+04
1.187497265625000000e+04
2.306449951171875000e+03
1.053821093750000000e+04
1.174530029296875000e+02
1.937239990234375000e+02
8.516799926757812500e+02
1.654429931640625000e+02
2.106909942626953125e+02
2.112299919128417969e+01
2.620370625000000000e+05
1.705573828125000000e+04
1.427467187500000000e+04
4.617200088500976562e+01
9.948569335937500000e+03
1.024985156250000000e+04
1.131279983520507812e+02
5.141464453125000000e+04
2.836440124511718750e+02
1.976933789062500000e+04
5.638234863281250000e+03
7.419565917968750000e+03
4.888709765625000000e+04
3.620535888671875000e+03
1.269322021484375000e+03
7.011634375000000000e+05
8.736089843750000000e+03
3.623637890625000000e+04
3.804169921875000000e+03
1.534760625000000000e+05
2.367780156250000000e+05
2.295192187500000000e+04
7.508499908447265625e+01
1.342963378906250000e+04
7.049923828125000000e+03
3.048699951171875000e+01
3.578731250000000000e+04
2.457512812500000000e+05
1.224856835937500000e+04
2.309600067138671875e+01
3.629000091552734375e+01
2.448600006103515625e+01
1.484518593750000000e+05
1.859600781250000000e+04
3.191249023437500000e+03
1.181760025024414062e+02
1.461542089843750000e+04
1.632892773437500000e+04
2.755564257812500000e+04
1.437837695312500000e+04
2.023893164062500000e+04
1.747749023437500000e+03
6.145462890625000000e+03
1.545552031250000000e+05
1.209479218750000000e+05
7.237123046875000000e+03
5.544437890625000000e+04
5.293375000000000000e+03
2.399907031250000000e+04
1.589236562500000000e+05
6.308935058593750000e+03
3.259175781250000000e+04
5.040633984375000000e+04
1.108600044250488281e+01
4.466999816894531250e+01
6.293827148437500000e+03
5.942996484375000000e+04
6.891779785156250000e+02
5.971451562500000000e+04
7.870341796875000000e+03
1.711761718750000000e+04
1.054381875000000000e+05
1.147696044921875000e+03
6.978579711914062500e+02
3.917084375000000000e+04
7.086203125000000000e+04
4.806663281250000000e+04
5.034738281250000000e+04
3.870081640625000000e+04
6.975299835205078125e+01
1.359300041198730469e+01
1.757536328125000000e+04
1.538930053710937500e+02
7.192999839782714844e+00
8.657454101562500000e+03
1.006718203125000000e+05
3.119014892578125000e+03
3.693178906250000000e+04
2.207306640625000000e+04
4.473925781250000000e+03
6.964916992187500000e+03
3.012742578125000000e+04
4.664500045776367188e+01
2.950064062500000000e+04
1.259479980468750000e+02
3.687599945068359375e+01
1.904160312500000000e+05
1.817279968261718750e+02
1.480531054687500000e+04
2.194199943542480469e+01
5.408759765625000000e+04
2.213877929687500000e+04
1.976550781250000000e+04
8.981608398437500000e+03
7.039958984375000000e+03
3.429445068359375000e+03
1.717480010986328125e+02
2.686057500000000000e+05
1.799855957031250000e+03
2.009271875000000000e+04
5.724032031250000000e+04
3.670180908203125000e+03
2.584943164062500000e+04
4.527281250000000000e+04
8.806266406250000000e+04
1.813419952392578125e+02
1.274778515625000000e+04
1.198600006103515625e+01
2.532989990234375000e+03
1.154234985351562500e+03
2.282467382812500000e+04
1.258977500000000000e+05
6.960305175781250000e+03
9.662147656250000000e+04
7.663632812500000000e+03
1.663811328125000000e+04
7.427299804687500000e+02
4.575100097656250000e+02
7.497314062500000000e+04
4.060292578125000000e+04
8.608732031250000000e+04
2.840339062500000000e+04
1.915162500000000000e+04
6.190999984741210938e+00
1.189625976562500000e+04
3.387560312500000000e+05
2.892200088500976562e+01
6.886000156402587891e+00
4.274945937500000000e+05
2.128800010681152344e+01
5.188728027343750000e+03
2.048568437500000000e+05
5.038394687500000000e+05
3.157611718750000000e+04
2.100200390625000000e+04
1.086217343750000000e+05
5.282600021362304688e+01
3.624890136718750000e+02
7.938439941406250000e+02
3.922305859375000000e+04
8.216310156250000000e+04
9.295706054687500000e+03
8.342500305175781250e+01
5.987115234375000000e+04
1.831924375000000000e+05
1.082379003906250000e+04
4.155119934082031250e+02
6.807089843750000000e+03
7.132772949218750000e+03
2.789073046875000000e+04
3.085720000000000000e+05
8.255583007812500000e+03
3.529246093750000000e+03
2.705400085449218750e+01
2.463935546875000000e+04
5.904965820312500000e+03
3.816720937500000000e+05
1.446417812500000000e+05
1.469880468750000000e+04
8.992136718750000000e+03
2.994763750000000000e+05
1.205608398437500000e+04
3.773199844360351562e+01
6.775208007812500000e+03
3.742989062500000000e+04
3.448717578125000000e+04
7.028250122070312500e+02
5.801100158691406250e+01
7.655604980468750000e+03
5.066817871093750000e+03
5.968959960937500000e+03
1.605769238281250000e+04
8.948071289062500000e+03
7.133392187500000000e+04
3.547136328125000000e+04
1.666980156250000000e+05
4.669439941406250000e+03
4.003601562500000000e+04
2.289604003906250000e+03
3.499000072479248047e+00
3.595219921875000000e+04
1.859476367187500000e+04
3.179541992187500000e+03
1.947900009155273438e+01
1.303600025177001953e+01
3.310429992675781250e+02
2.337878906250000000e+03
4.887267187500000000e+04
1.656151757812500000e+04
4.397007812500000000e+03
5.269100189208984375e+01
5.596739453125000000e+04
2.267253515625000000e+04
1.978567578125000000e+04
3.577399826049804688e+01
1.126583984375000000e+03
2.742825937500000000e+05
1.858690429687500000e+04
9.770419921875000000e+02
3.647800064086914062e+01
8.479319335937500000e+03
8.433357421875000000e+03
8.856404296875000000e+03
8.342696289062500000e+03
1.587949981689453125e+02
6.098845703125000000e+04
1.186963989257812500e+03
1.928005859375000000e+04
1.448848632812500000e+04
8.450393750000000000e+04
8.245046875000000000e+04
2.144087109375000000e+04
8.067405468750000000e+04
2.730886523437500000e+04
4.829530761718750000e+03
3.604973437500000000e+04
6.138713867187500000e+03
2.884738671875000000e+04
3.424555312500000000e+05
1.681988906250000000e+05
5.417810937500000000e+04
1.134531796875000000e+05
1.085200023651123047e+01
1.655459960937500000e+04
1.225451269531250000e+04
7.564192871093750000e+03
2.866393554687500000e+04
1.575955566406250000e+04
3.257459375000000000e+04
1.034676328125000000e+05
1.549589996337890625e+02
3.872629687500000000e+04
1.477785156250000000e+05
7.595419921875000000e+02
4.835916992187500000e+03
5.911235156250000000e+04
3.161692382812500000e+04
1.261604980468750000e+03
2.250099945068359375e+01
2.546899902343750000e+03
1.086512304687500000e+04
1.898099975585937500e+02
4.851919860839843750e+02
1.803690032958984375e+02
1.288522265625000000e+04
1.185700035095214844e+01
8.712125976562500000e+03
3.695013671875000000e+04
5.825025000000000000e+04
6.062006250000000000e+04
3.714049218750000000e+04
2.501358789062500000e+04
6.564600372314453125e+01
2.932605957031250000e+03
9.543900299072265625e+01
2.225848242187500000e+04
1.603081875000000000e+05
2.233297343750000000e+05
1.303433125000000000e+05
5.936600112915039062e+01
1.304300022125244141e+01
1.066276269531250000e+04
5.105199813842773438e+01
1.509245996093750000e+04
4.960787109375000000e+04
3.314916250000000000e+05
5.325500106811523438e+01
3.961899948120117188e+01
8.252250000000000000e+04
2.412060742187500000e+04
1.592800045013427734e+01
1.767630004882812500e+02
1.164921972656250000e+04
1.042524804687500000e+04
1.319250292968750000e+04
4.524799804687500000e+03
1.637100028991699219e+01
2.478822187500000000e+05
1.148669967651367188e+02
1.816799926757812500e+01
4.882900085449218750e+02
4.932771093750000000e+04
2.426555908203125000e+03
2.373880468750000000e+04
2.683508007812500000e+04
2.179877148437500000e+04
5.281011230468750000e+03
7.174107910156250000e+03
1.709714453125000000e+04
3.919240234375000000e+04
2.091366015625000000e+04
1.190295996093750000e+04
1.674301562500000000e+04
1.970632617187500000e+04
1.364277832031250000e+04
1.414637500000000000e+05
4.456293945312500000e+03
1.226058125000000000e+05
6.485800170898437500e+01
1.629910034179687500e+03
6.361073437500000000e+04
8.993000030517578125e+00
1.158280029296875000e+02
3.235014892578125000e+03
2.554508984375000000e+04
3.244205078125000000e+03
4.604713867187500000e+03
7.152352050781250000e+03
6.920803222656250000e+03
6.266742187500000000e+03
1.490141406250000000e+04
1.195913281250000000e+04
3.424300003051757812e+01
8.175625781250000000e+04
2.773352539062500000e+04
3.339209899902343750e+02
1.828700065612792969e+01
1.971138671875000000e+04
7.367299652099609375e+01
1.200879974365234375e+02
3.477430114746093750e+02
8.729047851562500000e+03
6.962700195312500000e+03
7.254499816894531250e+01
1.111992812500000000e+05
6.263199996948242188e+01
7.033469238281250000e+03
7.723662500000000000e+04
1.129078027343750000e+04
6.393562011718750000e+03
1.018131171875000000e+05
3.049276367187500000e+04
6.125360625000000000e+05
1.546404052734375000e+03
2.230132031250000000e+04
3.518080468750000000e+04
5.769554199218750000e+03
1.458075976562500000e+04
2.330149993896484375e+02
8.477935937500000000e+04
2.317850390625000000e+04
3.010450927734375000e+03
2.336031982421875000e+03
6.583399963378906250e+01
3.667927978515625000e+03
1.745520019531250000e+03
3.767931250000000000e+04
1.039204101562500000e+04
1.279980010986328125e+02
5.483205468750000000e+04
7.515980957031250000e+03
9.079640625000000000e+03
2.944051025390625000e+03
7.040034179687500000e+03
5.272499847412109375e+01
8.133755859375000000e+03
5.057799911499023438e+01
8.763142578125000000e+03
5.779755859375000000e+03
4.786051562500000000e+04
1.508261962890625000e+03
5.600430297851562500e+02
2.328705468750000000e+05
1.746474023437500000e+04
2.331979980468750000e+02
1.452573144531250000e+04
7.186296093750000000e+04
2.997704101562500000e+04
6.268004882812500000e+03
8.033306152343750000e+03
1.346547656250000000e+05
2.350200080871582031e+01
9.211119995117187500e+02
7.606274902343750000e+03
7.104960156250000000e+04
2.352642578125000000e+04
1.046580859375000000e+04
2.116623632812500000e+04
2.210800018310546875e+02
1.720757617187500000e+04
1.572500038146972656e+01
6.429915039062500000e+03
1.349220019531250000e+04
4.377749938964843750e+02
1.373099975585937500e+02
2.756099121093750000e+03
1.720755273437500000e+04
9.897763671875000000e+03
7.967976074218750000e+03
1.654240820312500000e+04
1.185375292968750000e+04
8.828633789062500000e+03
3.699300003051757812e+01
1.304899978637695312e+01
1.097016503906250000e+04
2.246904375000000000e+05
6.947000122070312500e+01
2.512299919128417969e+01
8.470369531250000000e+04
7.918299865722656250e+01
7.665939062500000000e+04
4.588379882812500000e+03
1.237609863281250000e+04
2.803858593750000000e+04
7.137139160156250000e+03
3.919300079345703125e+01
3.249752734375000000e+04
2.391657812500000000e+05
2.351000022888183594e+01
4.937479003906250000e+03
2.157999992370605469e+01
4.126945703125000000e+04
6.881045898437500000e+03
2.751329956054687500e+02
4.132300186157226562e+01
1.510805566406250000e+04
4.882953125000000000e+04
1.349140039062500000e+04
7.880772949218750000e+03
5.317044921875000000e+03
1.124940039062500000e+04
4.805199813842773438e+01
1.067782324218750000e+04
1.268333105468750000e+04
3.222467041015625000e+03
3.977847900390625000e+03
2.571172460937500000e+04
2.725497851562500000e+04
5.846080078125000000e+04
2.526070068359375000e+03
2.552219335937500000e+04
9.798650390625000000e+03
7.034581250000000000e+04
1.372451049804687500e+03
5.134347265625000000e+04
2.201688964843750000e+03
2.148711132812500000e+04
1.465290069580078125e+02
5.005262207031250000e+03
1.542069375000000000e+05
5.309346191406250000e+03
8.705599975585937500e+01
1.237869433593750000e+04
1.508999511718750000e+04
1.577014746093750000e+04
5.841846191406250000e+03
2.533503906250000000e+04
1.490117480468750000e+04
1.353320312500000000e+05
1.777525024414062500e+03
1.021840332031250000e+04
1.331860046386718750e+02
1.313978437500000000e+05
7.873728027343750000e+03
1.058970031738281250e+02
1.358600044250488281e+01
3.463977734375000000e+04
2.112002148437500000e+04
4.256632812500000000e+03
8.548728125000000000e+04
1.287414257812500000e+04
6.001688964843750000e+03
5.259206054687500000e+03
3.136029492187500000e+04
9.171170043945312500e+02
2.104721093750000000e+04
2.502406005859375000e+03
1.254189987182617188e+02
1.743525585937500000e+04
2.942792812500000000e+05
1.476219940185546875e+02
3.152281982421875000e+03
1.742480010986328125e+02
7.985722656250000000e+04
1.174150024414062500e+03
1.549506152343750000e+04
5.769105859375000000e+04
5.828995312500000000e+04
5.669191894531250000e+03
6.060490112304687500e+02
1.034137792968750000e+04
3.098900878906250000e+03
7.212344238281250000e+03
2.790955273437500000e+04
2.772500937500000000e+05
1.939999961853027344e+01
1.512887939453125000e+03
5.834999847412109375e+01
7.408410156250000000e+04
1.977955078125000000e+04
1.014223828125000000e+04
2.198698242187500000e+04
1.821994995117187500e+03
3.565800094604492188e+01
6.195247070312500000e+03
2.644539062500000000e+05
5.345100021362304688e+01
4.118670043945312500e+02
7.119314941406250000e+03
8.161603125000000000e+04
1.104293945312500000e+04
6.657900238037109375e+01
4.214102050781250000e+03
9.238999938964843750e+01
1.513300037384033203e+01
6.382582031250000000e+03
1.339542500000000000e+05
4.505680175781250000e+03
2.870079956054687500e+02
7.062103027343750000e+03
8.897540283203125000e+02
4.435148437500000000e+04
2.133399963378906250e+01
1.593599987030029297e+01
3.441019897460937500e+02
3.719599914550781250e+01
1.805859985351562500e+02
3.005113867187500000e+04
7.523500061035156250e+01
2.376300048828125000e+01
1.433619921875000000e+04
9.256500244140625000e+01
7.451587890625000000e+03
1.404455273437500000e+04
2.477350006103515625e+02
7.138151855468750000e+03
2.655357910156250000e+03
5.058399963378906250e+01
1.272662343750000000e+05
1.414510040283203125e+02
6.491300201416015625e+01
3.732176171875000000e+04
1.167389984130859375e+02
1.666399955749511719e+01
1.917116943359375000e+03
5.828805175781250000e+03
7.762799835205078125e+01
1.235974414062500000e+04
7.026225097656250000e+03
1.139635546875000000e+04
7.382386230468750000e+03
1.485299968719482422e+01
5.019763183593750000e+03
1.052770004272460938e+02
2.328418593750000000e+05
2.442507226562500000e+04
6.365125976562500000e+03
4.925437988281250000e+03
6.616291992187500000e+03
9.605479736328125000e+02
2.632194091796875000e+03
5.725253906250000000e+03
1.115183398437500000e+04
7.559200286865234375e+01
1.892720031738281250e+02
8.500894531250000000e+03
1.599821972656250000e+04
2.641993359375000000e+04
7.648629760742187500e+02
4.966019140625000000e+04
2.695971484375000000e+04
2.310554687500000000e+04
5.915200042724609375e+01
3.593299865722656250e+01
2.049653710937500000e+04
4.901700781250000000e+04
3.915698046875000000e+04
3.278670043945312500e+02
2.065538085937500000e+04
7.167640136718750000e+03
4.299262207031250000e+03
3.378826171875000000e+04
1.505304199218750000e+04
7.291140136718750000e+03
5.574684082031250000e+03
1.000640029907226562e+02
1.646404052734375000e+03
9.905899810791015625e+01
7.418636230468750000e+03
6.254399871826171875e+01
2.171700195312500000e+04
2.874499023437500000e+03
3.973475097656250000e+03
2.454434218750000000e+05
4.642200088500976562e+01
3.550530312500000000e+05
3.106849121093750000e+03
5.160699844360351562e+01
1.484186914062500000e+04
7.994557128906250000e+03
3.703723125000000000e+05
1.434090937500000000e+05
3.257874023437500000e+04
4.827646093750000000e+04
4.914009765625000000e+03
3.169699804687500000e+04
8.948200225830078125e+01
7.643953125000000000e+03
3.455536718750000000e+04
8.936469726562500000e+03
1.213910034179687500e+03
1.657699966430664062e+01
5.523371093750000000e+03
7.131160937500000000e+04
4.267976953125000000e+04
2.636100006103515625e+01
7.913129882812500000e+03
7.894999980926513672e+00
8.631964843750000000e+03
4.196583007812500000e+03
2.629700088500976562e+01
1.016399804687500000e+04
3.033326904296875000e+03
7.763500213623046875e+01
2.647617919921875000e+03
4.855717773437500000e+03
4.306973144531250000e+03
1.632682006835937500e+03
6.811471191406250000e+03
1.052352929687500000e+04
7.433354980468750000e+03
6.175560302734375000e+02
8.036790161132812500e+02
7.816800781250000000e+03
4.760739453125000000e+04
3.147923828125000000e+04
2.414360046386718750e+02
6.380575195312500000e+03
7.371499633789062500e+01
8.469253906250000000e+03
1.817563281250000000e+04
3.586697021484375000e+03
1.595298632812500000e+04
8.918706250000000000e+04
1.826300048828125000e+01
2.049408935546875000e+03
1.204229882812500000e+04
2.771086914062500000e+03
1.101799964904785156e+01
1.120435058593750000e+03
1.196490527343750000e+04
1.621179882812500000e+04
1.630217871093750000e+04
1.926009570312500000e+04
3.491565917968750000e+03
9.796058593750000000e+03
3.310621093750000000e+03
1.860700035095214844e+01
8.121738281250000000e+04
2.377410888671875000e+03
8.037513183593750000e+03
1.469017500000000000e+05
4.006700134277343750e+01
1.269603906250000000e+05
6.353545898437500000e+03
3.940480041503906250e+02
6.847865234375000000e+03
7.042900085449218750e+01
4.632500076293945312e+01
3.799090087890625000e+03
7.494282031250000000e+04
9.561559570312500000e+03
1.416474121093750000e+04
4.044790039062500000e+02
3.008049414062500000e+04
3.601303515625000000e+04
1.036331445312500000e+04
2.439550018310546875e+02
1.338331445312500000e+04
1.884951093750000000e+05
1.029888281250000000e+04
1.244680023193359375e+02
1.776009687500000000e+05
4.287990112304687500e+02
4.524448437500000000e+04
2.677449951171875000e+02
1.324404687500000000e+05
3.566476074218750000e+03
2.687189941406250000e+02
9.160099792480468750e+01
4.435969921875000000e+04
4.514360046386718750e+02
1.791387109375000000e+04
1.691994140625000000e+04
1.546702026367187500e+03
3.364930908203125000e+03
6.568900299072265625e+01
2.564526875000000000e+05
4.857508789062500000e+03
8.065200042724609375e+01
1.440494433593750000e+04
4.140064453125000000e+04
6.279498046875000000e+03
3.800487109375000000e+04
9.292356445312500000e+03
8.524364062500000000e+04
5.580163671875000000e+04
8.083564941406250000e+03
3.244599914550781250e+01
5.267731933593750000e+03
1.696500015258789062e+01
1.149400043487548828e+01
5.637678125000000000e+04
1.225677929687500000e+04
2.218891113281250000e+03
8.915513281250000000e+04
1.879887939453125000e+03
1.803244140625000000e+04
6.497086914062500000e+03
1.899717041015625000e+03
3.240200042724609375e+01
3.013942773437500000e+04
2.120348632812500000e+04
3.764500045776367188e+01
1.170708515625000000e+05
9.433423437500000000e+04
1.320499992370605469e+01
1.289608032226562500e+03
3.418094921875000000e+04
1.786094921875000000e+04
1.588399982452392578e+01
9.403202343750000000e+04
1.005799609375000000e+04
2.755026562500000000e+04
1.113584843750000000e+05
1.636286987304687500e+03
3.183799934387207031e+01
6.297708007812500000e+03
1.137521972656250000e+03
4.906800079345703125e+01
5.701446777343750000e+03
2.992305078125000000e+04
1.520201049804687500e+03
2.530598632812500000e+04
2.490587890625000000e+04
5.100905078125000000e+04
1.431584082031250000e+04
3.127156982421875000e+03
1.144810028076171875e+02
4.637249023437500000e+03
1.036499977111816406e+01
1.077249984741210938e+02
1.819078320312500000e+04
1.950300025939941406e+01
1.519385937500000000e+04
1.323028417968750000e+04
1.107195781250000000e+05
4.140999984741210938e+01
6.964920043945312500e+02
6.000199890136718750e+01
2.014287500000000000e+04
4.191090087890625000e+02
2.117870507812500000e+04
8.909999847412109375e+01
5.541481640625000000e+04
2.508807500000000000e+05
7.828319702148437500e+02
4.355430078125000000e+04
3.335400009155273438e+01
5.914605078125000000e+04
1.065286132812500000e+04
4.512450195312500000e+03
4.754333984375000000e+04
3.469939843750000000e+04
1.259471093750000000e+05
7.586849218750000000e+04
4.867200088500976562e+01
1.630629028320312500e+03
1.432078979492187500e+03
3.990116406250000000e+04
1.077809982299804688e+02
8.746550781250000000e+03
4.943600082397460938e+01
1.190038203125000000e+05
9.749765625000000000e+03
1.946779937744140625e+02
9.401320190429687500e+02
2.537246093750000000e+04
1.474676367187500000e+04
7.320140625000000000e+04
2.029864648437500000e+04
9.314168945312500000e+03
1.443695703125000000e+04
4.156290234375000000e+04
1.957799911499023438e+01
1.432799987792968750e+02
4.058300000000000000e+04
2.672380065917968750e+02
2.146224218750000000e+05
3.562777187500000000e+05
2.852940063476562500e+02
3.519251171875000000e+04
1.768289947509765625e+02
2.518402656250000000e+05
2.071607031250000000e+04
8.612672851562500000e+03
1.040212109375000000e+04
6.563919531250000000e+04
7.565875000000000000e+04
3.338921093750000000e+04
4.261299896240234375e+01
8.804499816894531250e+01
2.551246093750000000e+03
1.580000019073486328e+01
1.131126171875000000e+04
2.713580664062500000e+04
4.730938281250000000e+04
1.573185000000000000e+05
9.306915039062500000e+03
1.749811718750000000e+04
3.166534912109375000e+03
5.096699905395507812e+01
2.198399963378906250e+02
4.003964111328125000e+03
2.817394687500000000e+05
3.844268750000000000e+04
6.605324218750000000e+04
9.080300140380859375e+01
5.256908125000000000e+05
8.110288085937500000e+03
1.259508984375000000e+04
1.929334960937500000e+04
