1.610774e+08
6.645388e+07
4.340970e+06
1.154967e+06
1.183674e+06
3.419488e+06
1.973806e+08
1.171172e+06
2.321244e+03
2.709290e+07
7.932315e+08
7.976413e+05
2.731163e+08
1.218039e+03
2.897591e+07
3.453948e+08
1.760181e+06
8.990000e+01
2.009257e+08
4.570700e+01
4.645425e+08
3.453417e+05
2.868148e+08
1.890350e+06
2.500870e+02
5.210097e+06
1.202993e+08
2.232477e+08
1.518287e+05
7.673524e+05
6.435920e+07
2.961330e+02
6.549637e+07
7.394906e+05
1.267978e+03
7.021158e+05
4.150209e+03
5.652324e+08
5.442412e+05
2.398959e+08
1.302500e+06
3.394902e+07
3.429595e+08
1.108318e+05
7.890697e+08
1.650581e+05
4.663194e+06
3.103641e+05
5.345900e+01
1.058406e+06
1.058005e+06
3.039660e+02
8.910719e+05
1.365049e+08
3.936112e+05
5.920850e+02
2.269646e+05
1.385179e+06
1.719123e+08
1.222310e+08
9.533133e+07
4.358471e+07
6.875000e+02
4.703118e+08
3.257507e+05
2.578510e+02
8.856465e+05
4.119882e+03
1.690227e+08
3.552950e+02
3.083706e+08
9.383322e+05
3.448136e+05
5.523912e+05
3.280994e+07
7.664412e+05
2.385967e+06
2.423273e+03
1.472495e+06
4.233528e+08
1.305230e+02
1.439723e+05
8.495023e+05
7.805491e+05
8.679270e+02
5.164126e+08
6.045460e+02
8.973483e+04
8.015760e+05
5.322942e+05
9.484515e+05
3.777556e+08
9.681800e+01
1.144616e+05
1.286238e+03
3.404739e+08
3.816202e+03
1.577129e+06
1.060505e+06
1.081545e+03
1.857973e+08
2.260986e+05
1.329981e+03
3.334354e+05
1.373356e+06
1.792380e+05
7.346076e+07
7.767308e+03
8.303642e+06
4.815484e+08
3.299687e+08
5.876653e+07
1.304030e+02
1.533331e+06
4.087569e+07
3.240611e+08
1.598344e+08
1.426589e+06
9.157600e+01
1.402910e+06
2.262842e+03
6.166980e+03
1.634196e+03
9.804631e+05
6.499947e+03
8.794860e+02
2.731694e+08
2.712380e+02
1.609123e+03
3.002464e+06
6.670250e+02
2.904025e+06
2.027960e+06
3.391296e+06
2.497438e+07
6.383737e+05
4.353407e+08
5.189160e+07
1.509120e+06
3.498706e+06
6.767123e+08
4.780778e+04
5.115583e+07
6.119180e+02
1.882316e+06
6.908501e+06
8.490108e+07
3.016068e+05
5.578800e+02
2.208094e+08
6.373503e+05
1.377063e+07
3.884068e+03
2.799926e+08
2.926195e+08
5.372577e+08
1.148191e+06
9.203441e+07
3.509279e+03
2.227875e+05
4.767310e+08
2.076250e+08
1.103067e+08
4.154776e+05
1.224376e+08
3.592438e+06
9.225500e+01
4.156783e+06
2.212761e+06
6.865747e+06
2.850346e+03
5.078650e+05
4.609930e+02
3.616069e+06
1.741777e+06
3.685966e+06
1.004259e+06
7.619334e+05
1.752880e+02
3.675579e+03
5.847585e+06
3.625792e+03
2.231150e+02
2.161499e+07
4.256100e+01
5.106177e+08
1.751108e+06
9.276875e+07
2.065788e+08
3.508800e+06
1.857270e+05
5.569163e+07
8.913492e+08
4.144010e+02
6.702500e+01
4.502237e+05
1.854405e+08
5.130869e+03
7.421646e+08
8.955850e+02
8.351548e+07
1.714512e+04
1.382750e+04
2.919887e+06
4.328303e+08
2.342660e+03
4.022100e+01
2.340229e+08
4.579387e+08
2.795966e+05
3.617125e+07
5.255246e+08
9.948850e+02
1.259441e+08
4.326136e+05
4.950511e+08
9.608010e+05
1.953634e+06
2.705297e+08
7.729920e+02
6.904463e+07
8.632090e+02
8.983310e+02
2.450623e+08
1.577160e+03
7.450680e+06
3.329270e+06
1.528710e+02
2.289490e+02
9.616054e+08
3.142018e+08
1.312862e+06
2.768813e+08
4.894333e+07
2.226520e+02
2.358496e+08
3.004545e+07
9.696705e+05
2.975207e+06
3.746024e+07
1.914727e+03
1.431501e+08
4.747273e+06
2.792800e+02
6.348068e+07
8.987836e+08
1.238746e+05
2.203770e+02
9.925688e+07
7.133241e+07
1.486340e+06
1.919011e+03
4.905249e+06
4.188880e+05
5.053232e+05
4.118151e+03
8.889630e+02
8.831600e+01
8.968633e+05
1.623020e+06
6.210913e+03
7.437022e+03
1.524820e+02
3.311928e+08
7.342459e+08
2.451993e+08
3.559456e+03
1.043483e+08
8.711840e+02
2.255466e+08
7.232218e+07
7.462623e+03
3.588047e+03
3.733320e+02
5.762210e+02
1.626359e+07
1.232891e+03
1.729680e+06
1.991226e+06
3.240870e+03
2.818898e+03
7.169037e+05
2.747004e+08
1.925381e+07
4.629158e+04
3.023570e+02
3.023570e+02
2.663084e+08
2.786046e+07
1.397294e+08
7.862544e+06
6.888406e+08
3.155640e+02
1.460077e+08
2.627569e+08
2.052839e+08
2.340275e+06
2.769004e+07
1.778710e+07
5.202426e+07
2.381178e+08
1.207210e+08
3.193484e+08
1.216499e+06
5.222784e+07
1.504661e+03
3.195035e+08
3.374159e+08
3.724897e+03
1.354447e+04
7.855716e+07
1.886803e+08
4.800495e+08
1.124833e+05
5.880609e+05
2.985486e+03
2.233941e+08
3.126270e+02
8.425676e+07
7.052540e+02
9.492567e+06
9.492567e+06
2.049445e+08
3.975435e+03
4.815741e+08
4.234570e+02
4.263631e+03
4.047281e+06
2.864024e+08
3.045177e+06
1.632190e+03
3.807990e+02
1.465831e+05
1.637466e+08
1.143483e+07
5.415623e+07
1.888680e+02
1.488476e+03
2.214319e+08
2.379220e+02
1.190412e+06
6.764750e+08
1.428721e+07
1.898873e+08
7.628436e+05
9.176350e+08
1.272181e+08
1.909049e+05
4.730577e+03
2.323364e+08
4.802498e+03
8.298933e+05
1.621050e+08
