7.526978e+03
6.882823e+05
2.727239e+06
3.082852e+06
8.592032e+05
3.184338e+06
2.523081e+06
7.320000e+01
8.285519e+06
1.008840e+04
4.051626e+06
3.056651e+06
1.857908e+03
2.417829e+04
1.124723e+06
1.590055e+06
1.382633e+07
5.318683e+03
8.295732e+03
1.220658e+06
1.100474e+07
1.959375e+06
9.866300e+02
2.712131e+03
1.056302e+06
2.856013e+03
1.213024e+06
4.055100e+04
1.033585e+06
2.615360e+06
4.680725e+06
7.221114e+05
1.020384e+06
1.314287e+06
2.640665e+06
2.456166e+06
7.688026e+05
1.493839e+06
6.121461e+06
4.900248e+06
3.543051e+05
3.569040e+02
8.106608e+06
7.745310e+02
2.129262e+06
2.421376e+06
3.688180e+06
9.958441e+06
7.544589e+06
8.391332e+05
1.285465e+07
5.575800e+01
5.703036e+06
1.151253e+03
3.282869e+03
2.653016e+05
3.204283e+05
9.607598e+06
2.613700e+01
1.604140e+06
4.619327e+05
1.983392e+03
8.471176e+05
1.125515e+06
3.777073e+06
2.773566e+06
5.071460e+02
3.323654e+06
5.078564e+06
2.567749e+06
3.424918e+06
4.481970e+02
4.881294e+06
1.599910e+06
7.921942e+06
9.081383e+03
2.757772e+07
6.584677e+06
5.697046e+03
3.501496e+06
1.213002e+06
8.207397e+05
3.607085e+06
1.312530e+06
1.720049e+06
9.784017e+05
4.367429e+06
4.757036e+06
2.371295e+06
4.456990e+02
1.324408e+03
6.448048e+06
8.428530e+02
8.345655e+05
1.144500e+06
1.402199e+07
1.669714e+07
1.969092e+05
1.898379e+04
1.008729e+07
2.911944e+06
2.015719e+06
5.534280e+02
1.237567e+06
1.244287e+07
1.540361e+06
3.691583e+06
3.178637e+06
1.101171e+07
1.075538e+07
6.806583e+05
2.095295e+06
3.588018e+05
3.815510e+06
4.545111e+06
1.953977e+06
1.398770e+06
6.185600e+01
1.798072e+06
3.608235e+05
8.164883e+05
1.989600e+01
5.022788e+06
8.639969e+03
4.935883e+06
1.520680e+02
1.694866e+03
5.598684e+06
5.007479e+06
5.602535e+06
1.690948e+07
5.757844e+06
1.876996e+06
4.191529e+05
9.175730e+06
7.920585e+03
7.678231e+06
1.493232e+04
3.748271e+06
2.518824e+04
1.695286e+06
1.599013e+06
2.909747e+03
2.279642e+06
5.692662e+06
5.723600e+01
7.680915e+05
1.769209e+03
1.390090e+02
1.216723e+07
4.019056e+05
2.123209e+05
1.169348e+07
2.049250e+06
1.007490e+07
2.777623e+06
6.328952e+05
1.987036e+06
2.200193e+06
3.286496e+03
6.729056e+06
3.028223e+03
1.648529e+07
1.472900e+06
7.290859e+06
1.132649e+07
2.288135e+06
1.208610e+02
2.516703e+06
6.383621e+06
2.235728e+06
4.171202e+06
2.822698e+06
2.428176e+05
1.464236e+06
3.255292e+03
1.799034e+06
3.932230e+04
7.528515e+06
1.344606e+06
1.001177e+07
4.470949e+06
2.744571e+05
1.989436e+03
3.078258e+06
2.634430e+02
1.498346e+06
6.188520e+02
7.180128e+05
1.183419e+07
1.107843e+03
1.629508e+04
4.474644e+05
1.211834e+04
2.090980e+07
1.577297e+06
6.859002e+05
3.297333e+05
4.483968e+05
6.690854e+06
4.897300e+01
2.817482e+05
2.550083e+06
1.272609e+04
2.244255e+06
2.539745e+06
2.155435e+06
1.111716e+06
6.361443e+05
4.661897e+06
3.835626e+05
7.511781e+03
1.475469e+06
8.020258e+06
1.892090e+06
2.819942e+06
5.648045e+06
2.796816e+06
1.582105e+06
1.771373e+06
5.107325e+06
6.552692e+03
3.060175e+06
5.830133e+06
7.793401e+05
7.594815e+05
1.450690e+04
9.535797e+03
2.913148e+06
1.749798e+04
7.573210e+02
2.397543e+06
6.860331e+06
1.043526e+07
4.138676e+05
3.791297e+06
1.221721e+07
1.220750e+06
2.790958e+06
1.048068e+05
4.225988e+06
2.810975e+06
1.823740e+06
5.007844e+06
5.441180e+02
6.003686e+06
2.719371e+03
5.097614e+06
3.042247e+06
6.673754e+03
2.570728e+07
2.084738e+05
6.760256e+03
4.988053e+06
2.600316e+05
6.535337e+06
1.960694e+06
4.743734e+06
6.552350e+06
6.164916e+06
1.232254e+06
2.654145e+06
1.339726e+03
7.292020e+02
1.872149e+03
3.322456e+06
1.003919e+06
3.045203e+06
4.580056e+03
1.764792e+06
7.556944e+05
1.908583e+03
3.215197e+05
1.624808e+06
1.324199e+07
1.727259e+07
2.986648e+06
4.514308e+06
6.486901e+06
3.414677e+06
9.398626e+04
2.297377e+06
2.011784e+06
5.832221e+05
7.735235e+04
2.186988e+06
6.893608e+05
5.231079e+06
1.947764e+06
7.179353e+06
5.064616e+06
1.875042e+06
5.321003e+06
2.865330e+03
1.825782e+06
3.707671e+05
4.520926e+06
2.666458e+06
5.119974e+06
3.180242e+06
4.802881e+06
6.504170e+02
4.818721e+06
2.996058e+06
4.282219e+06
3.707867e+03
6.434635e+03
2.174971e+06
1.969528e+05
7.974605e+06
1.911579e+03
3.808352e+06
3.065101e+06
4.666307e+06
6.089241e+05
1.740159e+06
5.282023e+05
9.174320e+02
7.689224e+05
2.060171e+06
1.912522e+06
5.330957e+06
3.213788e+06
1.136417e+06
4.039522e+06
2.601414e+06
9.188771e+05
1.207596e+07
3.169215e+06
3.668106e+06
6.892041e+06
6.367622e+03
2.813565e+03
2.493086e+06
1.107209e+05
8.973020e+02
2.686568e+06
3.593884e+06
4.452814e+06
3.837900e+06
2.418560e+06
6.426618e+06
5.680286e+06
3.944333e+03
1.411384e+04
2.018614e+06
6.513170e+06
3.268854e+06
2.424213e+06
5.719679e+06
5.181350e+06
3.772620e+02
3.556038e+06
1.115457e+05
1.007440e+06
5.386763e+06
2.190172e+03
1.941991e+06
1.202263e+07
3.434854e+06
3.511234e+06
1.213642e+06
7.813210e+02
4.234875e+06
1.258870e+05
2.461685e+06
6.171417e+06
2.953611e+06
1.505920e+02
1.759343e+03
6.451660e+02
7.763907e+05
1.571955e+07
9.852191e+06
6.780672e+06
2.962822e+06
3.755360e+02
8.290226e+06
8.511799e+03
1.131193e+05
4.052022e+04
8.174422e+03
4.520431e+06
4.600777e+06
6.316448e+06
6.544803e+05
2.490757e+06
1.251927e+05
1.045870e+04
2.905673e+06
1.678608e+06
8.811146e+05
9.789972e+05
3.854547e+06
2.344997e+06
3.551843e+06
1.022171e+03
5.839000e+01
7.190811e+03
7.988240e+05
4.484693e+03
6.817141e+03
2.283716e+06
1.271791e+04
1.729799e+06
1.883254e+04
5.600543e+06
7.374184e+06
2.938304e+03
6.845989e+05
1.523664e+06
1.297034e+06
1.520479e+07
1.827868e+06
4.408880e+02
4.414583e+06
2.033093e+03
2.068475e+06
6.441984e+06
8.093444e+06
1.576791e+03
2.968941e+06
1.508410e+06
2.148642e+06
1.317369e+05
6.964078e+06
4.592858e+06
1.949978e+07
1.976780e+03
1.167495e+06
1.726815e+06
2.728123e+06
4.670616e+06
4.528063e+06
7.808023e+06
3.765087e+06
1.094784e+06
6.547256e+06
2.981602e+06
3.075325e+06
9.844298e+03
1.170125e+06
1.131816e+06
1.334909e+06
1.837903e+03
4.819659e+06
1.806099e+04
5.666867e+06
2.993310e+06
2.474885e+06
8.051646e+06
2.384172e+06
1.555260e+06
6.792459e+05
4.992000e+02
5.964102e+05
2.184518e+06
3.298815e+06
3.564746e+05
2.955139e+06
4.214990e+02
7.332694e+06
8.033917e+06
1.015338e+07
1.426376e+05
2.636604e+06
1.255772e+04
7.212120e+06
5.755892e+06
1.353054e+07
2.990068e+03
4.786136e+06
1.221108e+05
6.056275e+03
3.369398e+06
1.036444e+04
3.320963e+06
9.505426e+05
4.910026e+05
7.765700e+06
1.210717e+06
4.655879e+05
7.634403e+06
1.659775e+06
2.129905e+05
6.763385e+06
9.990703e+06
1.780639e+06
6.587664e+03
5.502709e+03
2.482581e+03
7.628633e+06
3.644235e+06
8.844461e+06
5.017825e+06
1.766046e+06
6.148288e+06
4.079628e+06
1.370818e+06
1.103243e+07
1.709017e+05
3.732182e+03
3.047280e+06
2.042328e+06
2.419415e+06
2.143868e+06
1.138842e+06
6.060170e+06
2.875684e+06
2.040245e+03
1.023054e+06
1.421387e+04
7.828442e+06
5.038013e+06
4.236739e+06
3.799960e+06
1.595475e+06
2.602430e+06
3.012927e+06
5.313706e+06
1.605418e+03
8.305900e+01
6.902876e+03
7.870481e+05
1.477632e+06
2.372208e+05
1.271904e+03
2.703457e+03
1.093491e+07
7.737594e+06
9.000920e+05
6.532487e+05
9.082289e+05
9.854062e+05
5.215492e+06
4.754863e+06
8.149005e+05
5.867789e+06
2.779872e+06
3.314586e+06
1.516185e+06
6.158592e+03
1.901856e+06
1.671265e+06
2.410466e+06
8.533396e+06
1.830566e+03
2.035016e+06
3.253005e+06
9.851345e+06
1.362665e+07
7.271930e+02
5.157043e+05
2.766515e+07
9.312284e+05
1.850596e+06
1.674375e+05
1.000817e+04
2.212736e+06
3.688152e+06
2.291843e+03
2.049955e+06
3.345651e+06
2.104730e+03
3.083820e+03
6.637763e+05
2.877886e+06
8.265671e+05
1.947942e+06
2.918870e+06
2.632419e+06
1.956878e+03
5.814552e+06
3.012980e+06
6.167824e+05
3.231532e+06
1.998634e+06
1.835560e+06
7.849730e+04
1.808712e+06
2.017100e+02
7.993634e+06
1.834160e+05
1.094376e+06
8.537980e+02
3.086478e+06
6.711223e+06
2.493419e+06
1.381253e+06
6.740156e+05
1.195161e+07
1.125265e+06
2.552890e+04
2.345160e+06
2.101387e+03
3.262933e+05
7.587600e+01
3.374300e+01
1.210827e+06
1.358043e+06
3.386246e+03
1.616969e+06
5.147998e+06
3.642924e+06
9.714672e+06
4.302271e+05
4.979002e+06
4.994888e+05
1.664555e+07
4.121355e+06
4.632272e+05
2.216729e+07
4.366847e+06
1.232728e+06
3.674438e+06
1.063393e+06
3.033600e+01
3.071558e+06
6.517395e+05
2.891912e+06
3.937094e+06
2.194824e+04
5.152905e+05
2.674641e+03
1.038482e+06
2.804151e+06
5.932780e+06
3.041067e+06
8.338112e+06
2.495624e+06
3.378717e+06
6.038036e+06
1.231315e+06
3.100050e+06
2.676111e+05
8.955265e+03
6.284655e+06
4.267679e+06
1.788373e+05
4.629402e+05
9.145384e+06
1.048953e+03
2.416524e+04
2.174732e+06
1.504467e+04
1.241546e+06
1.248001e+03
2.591943e+06
1.460796e+06
1.489951e+06
5.483951e+05
7.536175e+06
7.513623e+06
2.515738e+05
2.291944e+04
5.587909e+06
6.243206e+05
7.255898e+05
9.836428e+05
7.685361e+06
1.456633e+03
5.631382e+06
1.904232e+05
1.034320e+06
1.543338e+06
3.128909e+06
5.848433e+03
1.004872e+04
5.441285e+06
4.440183e+06
1.501966e+05
2.529832e+05
2.674932e+06
3.363819e+06
1.303731e+07
2.912921e+06
5.424713e+05
7.324131e+05
5.246224e+04
4.613140e+06
3.384436e+06
2.983526e+06
1.029976e+07
2.502203e+06
7.984642e+05
3.642769e+06
5.563658e+06
6.488141e+06
1.344897e+07
4.294639e+05
5.744405e+06
2.393236e+06
1.380117e+06
7.537193e+06
5.166058e+06
1.121663e+06
2.138316e+05
5.801297e+06
3.101323e+06
4.680495e+06
7.938840e+02
3.615215e+03
9.689036e+06
3.278900e+06
6.748578e+06
4.945230e+02
3.202830e+05
7.310954e+03
7.528198e+06
2.855923e+05
3.204943e+06
5.501310e+03
9.675577e+03
6.308953e+06
8.092391e+05
8.593779e+05
9.835479e+06
3.674551e+04
1.252420e+06
1.140016e+07
1.904880e+04
1.017652e+03
2.792520e+02
4.617286e+04
4.924654e+03
1.223300e+03
2.645283e+06
1.696786e+06
3.279696e+06
2.170910e+06
2.825291e+06
4.527005e+06
5.793527e+03
6.663337e+06
1.400663e+07
6.592843e+06
7.657861e+05
7.448756e+03
3.715053e+06
6.907929e+06
3.121846e+06
1.640899e+04
1.332812e+06
4.718888e+03
3.531230e+05
2.912309e+05
5.863821e+06
1.689008e+07
7.140389e+03
9.213240e+05
3.621758e+06
1.333172e+05
3.450551e+03
1.050223e+06
5.104140e+02
4.816144e+06
3.380136e+06
6.684816e+06
1.374367e+06
2.014045e+06
1.780880e+02
3.461715e+05
3.969870e+06
5.210981e+06
8.255633e+03
1.798093e+06
5.355705e+05
4.792520e+06
1.033637e+06
2.898180e+03
2.774422e+03
4.306094e+06
1.084459e+07
2.457928e+06
1.973856e+07
8.733108e+03
1.495833e+06
2.036759e+06
1.486674e+06
1.087025e+07
8.960640e+06
1.576814e+06
4.032530e+06
5.799332e+06
1.718485e+06
9.880490e+05
1.011910e+02
7.268887e+06
1.681276e+05
1.130435e+06
3.841166e+06
3.236222e+06
9.654151e+06
1.554718e+06
1.332830e+03
3.889007e+03
2.820534e+03
1.271106e+06
2.660739e+06
3.105595e+06
1.485243e+07
4.290891e+05
1.371037e+06
1.066246e+03
2.312254e+06
3.569001e+03
7.950173e+06
4.656907e+06
3.876085e+06
3.976733e+06
3.349461e+06
1.390937e+04
2.398620e+06
2.153171e+06
5.657624e+06
2.004683e+06
3.069533e+03
1.640277e+07
1.406944e+07
8.506133e+06
6.267516e+05
2.629750e+07
1.060465e+07
7.398640e+02
8.029106e+05
5.074131e+06
9.741957e+05
1.355640e+06
4.394268e+06
2.809680e+06
7.770380e+06
6.463524e+06
2.509161e+06
1.152688e+07
7.593843e+06
3.186843e+06
1.790531e+05
1.004888e+06
7.031694e+06
5.593661e+05
2.492677e+06
1.176276e+06
1.196775e+03
1.226043e+03
1.349147e+06
7.920167e+05
3.717279e+06
1.369753e+06
6.276065e+06
3.619264e+06
8.171009e+06
1.969679e+07
8.591240e+02
3.220017e+03
5.202604e+06
1.928197e+03
5.605303e+06
1.409789e+07
2.609850e+06
7.710200e+01
9.305930e+05
4.321854e+06
4.595861e+05
4.150163e+06
5.922400e+01
9.501390e+02
2.010144e+06
1.081429e+06
1.139183e+06
2.445269e+06
1.413426e+07
1.329725e+06
4.615507e+06
7.580723e+03
1.210515e+07
3.604268e+06
2.531904e+06
6.876613e+06
1.926400e+07
1.689919e+06
1.376914e+06
2.301326e+06
2.746578e+03
6.755324e+06
1.992724e+06
2.888889e+06
1.870389e+06
5.443276e+05
2.746405e+03
8.654200e+01
1.726401e+04
2.302903e+06
4.909900e+01
7.953466e+03
9.154970e+06
6.607135e+05
2.471714e+06
3.736986e+05
1.690473e+06
3.183726e+03
2.136989e+06
5.452600e+01
2.747574e+06
1.272692e+06
5.289750e+05
4.501087e+05
3.703624e+06
2.595497e+06
9.871688e+06
1.362229e+06
2.681246e+03
1.004659e+06
2.066861e+06
2.842154e+03
5.759301e+05
1.050161e+04
5.662974e+06
8.155220e+02
8.262468e+05
2.271678e+04
7.119391e+05
2.003424e+04
4.670733e+06
3.748892e+05
1.319600e+03
6.860074e+06
1.450708e+06
5.401635e+06
6.790305e+06
7.304471e+05
3.951556e+06
3.848649e+03
1.705304e+06
1.024334e+06
4.174403e+06
1.799764e+07
1.264273e+06
1.951957e+06
5.026076e+05
3.086428e+06
6.917079e+06
2.019418e+07
1.442488e+06
5.147007e+06
1.733990e+06
2.557443e+06
1.187550e+02
3.741370e+04
1.372656e+06
4.686939e+05
1.772948e+03
4.299626e+06
8.902723e+06
2.713025e+06
7.612710e+05
1.426088e+06
2.083089e+06
4.509310e+06
7.513100e+01
7.992095e+05
6.414480e+02
9.538550e+02
1.294506e+03
6.034394e+06
1.085616e+07
7.160480e+06
6.526487e+06
2.203965e+06
1.934819e+06
5.482016e+06
9.663639e+06
1.898939e+05
6.878081e+06
2.440406e+06
7.346005e+06
1.643594e+05
1.353784e+05
4.997228e+06
2.145786e+03
4.155497e+06
3.250647e+06
4.102070e+06
5.728454e+05
3.485950e+03
2.613231e+06
3.166182e+05
9.783812e+06
4.859000e+00
1.824221e+06
9.487333e+06
5.764737e+06
1.684403e+06
3.320400e+06
5.925602e+03
6.211789e+03
4.242428e+05
2.837029e+06
6.278603e+06
6.419267e+04
6.820860e+02
