5.940999984741210938e+00
6.082839965820312500e+02
5.582500076293945312e+01
4.602399826049804688e+01
4.283999919891357422e+00
8.993699645996093750e+01
9.954499816894531250e+01
6.013100051879882812e+01
4.612699890136718750e+01
1.457769927978515625e+02
6.703600311279296875e+01
3.026999950408935547e+00
4.114700012207031250e+02
3.697999954223632812e+00
1.988999962806701660e+00
1.361900043487548828e+01
9.885000228881835938e+00
1.381490020751953125e+02
1.669799995422363281e+01
3.857430114746093750e+02
5.971000194549560547e+00
5.731999874114990234e+00
1.986199951171875000e+01
2.246759948730468750e+02
8.315999984741210938e+00
4.245100021362304688e+01
7.556900024414062500e+01
2.128000030517578125e+02
1.075970001220703125e+02
2.190059967041015625e+02
4.164999961853027344e+00
1.846100044250488281e+01
4.389970092773437500e+02
1.264110031127929688e+02
5.493410034179687500e+02
3.798049926757812500e+02
2.704500007629394531e+01
1.681600036621093750e+02
1.601700019836425781e+01
5.869999885559082031e+00
4.316999912261962891e+00
1.783900070190429688e+01
1.081060028076171875e+02
2.414309997558593750e+02
2.251300048828125000e+01
3.775419921875000000e+02
9.114399719238281250e+01
3.008240051269531250e+02
8.453800201416015625e+01
3.213999986648559570e+00
1.458899974822998047e+01
2.098100090026855469e+01
7.096000194549560547e+00
2.813519897460937500e+02
3.295600128173828125e+01
2.519700050354003906e+01
1.063000011444091797e+01
7.869999885559082031e+00
9.519000244140625000e+01
4.104970092773437500e+02
9.043699645996093750e+01
1.921000003814697266e+00
5.012369995117187500e+02
4.847000122070312500e+00
9.930000305175781250e+01
1.616099929809570312e+01
7.363999843597412109e+00
1.647649993896484375e+02
1.214710006713867188e+02
1.429899978637695312e+01
8.013999938964843750e+00
2.795899963378906250e+01
3.195069885253906250e+02
2.336199951171875000e+02
2.134000062942504883e+00
1.313979949951171875e+02
1.740290069580078125e+02
8.295999526977539062e+00
5.186600112915039062e+01
8.070300292968750000e+01
3.195639953613281250e+02
2.381909942626953125e+02
3.075350036621093750e+02
6.141799926757812500e+01
5.164999961853027344e+00
1.356200027465820312e+01
5.014899826049804688e+01
2.867780151367187500e+02
3.470920104980468750e+02
3.603160095214843750e+02
6.549999713897705078e-01
9.229699707031250000e+01
1.183600044250488281e+01
2.551439971923828125e+02
2.008699989318847656e+01
8.264399719238281250e+01
5.372200012207031250e+01
5.161899948120117188e+01
6.004000186920166016e+00
1.902299957275390625e+02
3.919830017089843750e+02
3.735200119018554688e+01
4.667189941406250000e+02
1.172217041015625000e+03
8.983999633789062500e+01
4.769100189208984375e+01
3.421000003814697266e+00
4.640999984741210938e+01
5.264979858398437500e+02
2.186369934082031250e+02
8.258800048828125000e+02
5.190999984741210938e+00
2.750759887695312500e+02
6.741000175476074219e+00
1.496560058593750000e+02
2.375930023193359375e+02
1.418280029296875000e+02
1.516999959945678711e+00
7.973899841308593750e+01
2.773569946289062500e+02
7.357999801635742188e+00
6.427999973297119141e+00
9.217000007629394531e+00
4.553799819946289062e+01
1.307559967041015625e+02
1.619230041503906250e+02
2.266430053710937500e+02
1.175630035400390625e+02
1.151799964904785156e+01
9.677000045776367188e+00
1.950449981689453125e+02
1.610300064086914062e+01
1.488000035285949707e+00
4.353400039672851562e+01
5.927999877929687500e+01
6.647529907226562500e+02
5.321389770507812500e+02
4.188989868164062500e+02
8.376890258789062500e+02
1.069099998474121094e+01
4.695100021362304688e+01
2.924000024795532227e+00
5.375000000000000000e+00
1.127900028228759766e+01
1.121220016479492188e+02
2.053100013732910156e+01
7.125000000000000000e+00
2.370279998779296875e+02
1.914900016784667969e+01
9.275800323486328125e+01
2.244400024414062500e+01
1.640030059814453125e+02
1.534000039100646973e+00
2.326250000000000000e+02
4.820999908447265625e+01
2.915099906921386719e+01
2.600100097656250000e+02
5.593460083007812500e+02
2.240529937744140625e+02
9.744599914550781250e+01
7.659999847412109375e+01
1.642680053710937500e+02
4.760000228881835938e+00
6.932800292968750000e+01
1.047089996337890625e+02
4.784169921875000000e+02
2.183020019531250000e+02
1.604620056152343750e+02
1.558100032806396484e+01
6.866000175476074219e+00
2.389940032958984375e+02
4.572770080566406250e+02
3.357860107421875000e+02
1.059560012817382812e+02
3.124549865722656250e+02
1.143000006675720215e+00
1.915999984741210938e+01
3.108299865722656250e+02
4.188150024414062500e+02
6.386069946289062500e+02
5.354089965820312500e+02
1.355630035400390625e+02
1.441609954833984375e+02
3.801990051269531250e+02
1.891329956054687500e+02
1.718910064697265625e+02
1.214209976196289062e+02
8.723899841308593750e+01
2.932130126953125000e+02
3.800600051879882812e+01
4.968299865722656250e+01
1.553020019531250000e+02
1.587100028991699219e+01
1.581000041961669922e+01
1.774329986572265625e+02
1.029970016479492188e+02
1.549699974060058594e+01
1.975659942626953125e+02
3.898909912109375000e+02
1.878800010681152344e+01
4.472499847412109375e+01
2.062859954833984375e+02
3.934830017089843750e+02
1.913800048828125000e+02
6.089799880981445312e+01
8.876899719238281250e+01
4.334999847412109375e+01
1.596500015258789062e+01
2.739460144042968750e+02
1.956500053405761719e+01
4.930300140380859375e+01
1.916430053710937500e+02
3.176589965820312500e+02
1.657699966430664062e+01
7.466000080108642578e+00
7.181300354003906250e+01
6.126380004882812500e+02
4.608800048828125000e+02
3.025900077819824219e+01
4.194100189208984375e+01
3.153300094604492188e+01
1.703100013732910156e+01
2.087169952392578125e+02
9.394459838867187500e+02
3.010700035095214844e+01
5.295000076293945312e+01
5.844599914550781250e+01
1.101839981079101562e+02
1.702989959716796875e+02
1.274999976158142090e+00
2.666180114746093750e+02
4.133399963378906250e+01
2.133679962158203125e+02
7.257199859619140625e+01
2.022200012207031250e+01
6.633800048828125000e+02
9.076999664306640625e+00
4.088089904785156250e+02
4.477739868164062500e+02
1.464400005340576172e+01
8.622499847412109375e+01
4.574200057983398438e+01
1.578950042724609375e+02
1.052999973297119141e+00
1.094649963378906250e+02
2.108800048828125000e+02
1.878400039672851562e+01
9.744000434875488281e+00
2.357449951171875000e+02
5.477899932861328125e+01
6.001900024414062500e+02
1.755930023193359375e+02
1.101389999389648438e+02
2.670750122070312500e+02
1.471000003814697266e+01
1.509599971771240234e+01
8.532399749755859375e+01
5.293399810791015625e+01
8.292600250244140625e+01
8.350000381469726562e+00
3.291199874877929688e+01
5.893000125885009766e+00
7.184000015258789062e+00
1.294499969482421875e+01
7.473000049591064453e+00
2.103919982910156250e+02
2.804100036621093750e+01
2.495749969482421875e+02
6.522780151367187500e+02
1.834099960327148438e+01
5.065999984741210938e+00
3.282439880371093750e+02
5.275000095367431641e+00
4.139700012207031250e+02
5.479299926757812500e+01
1.268519973754882812e+02
2.691870117187500000e+02
5.974499893188476562e+01
8.756110229492187500e+02
9.465999603271484375e+00
1.493799972534179688e+01
3.151870117187500000e+02
4.899000167846679688e+00
2.087199974060058594e+01
7.381400299072265625e+01
1.596000003814697266e+01
2.194599914550781250e+01
6.660600280761718750e+01
8.017999649047851562e+00
2.406159973144531250e+02
3.971770019531250000e+02
1.046169967651367188e+02
2.049600028991699219e+01
8.845000267028808594e+00
2.069080047607421875e+02
2.131000041961669922e+00
1.432699966430664062e+01
6.160750122070312500e+02
4.046999931335449219e+00
1.481199951171875000e+02
5.508800125122070312e+01
2.390570068359375000e+02
3.510999917984008789e+00
4.435999870300292969e+00
6.991000175476074219e+00
3.547999954223632812e+01
2.142999887466430664e+00
2.809000015258789062e+00
7.649999856948852539e-01
5.223999977111816406e+00
1.126019973754882812e+02
4.520999908447265625e+00
1.522579956054687500e+02
2.301679992675781250e+02
1.593999958038330078e+01
9.495700073242187500e+01
1.372000026702880859e+01
2.798009948730468750e+02
1.235660018920898438e+02
1.463000059127807617e+00
2.627290039062500000e+02
4.504979858398437500e+02
5.891500091552734375e+01
2.157999992370605469e+00
1.630189971923828125e+02
1.440000057220458984e+00
4.929899978637695312e+01
1.296430053710937500e+02
2.237079925537109375e+02
7.863999843597412109e+00
1.411139984130859375e+02
2.796369934082031250e+02
3.591000080108642578e+00
1.484669952392578125e+02
2.706000089645385742e+00
7.189499664306640625e+01
2.759099960327148438e+01
1.811529998779296875e+02
6.675099945068359375e+01
1.411299991607666016e+01
2.329140014648437500e+02
4.280880126953125000e+02
1.789700012207031250e+02
1.924129943847656250e+02
1.474299926757812500e+02
5.911500167846679688e+01
1.645269927978515625e+02
5.631700134277343750e+01
1.979839935302734375e+02
2.924909973144531250e+02
2.011719970703125000e+02
1.312999963760375977e+00
5.797880249023437500e+02
1.572900009155273438e+01
2.494669952392578125e+02
1.199599990844726562e+02
3.140390014648437500e+02
1.352660064697265625e+02
1.041179962158203125e+02
2.121999969482421875e+02
1.010930023193359375e+02
4.324119873046875000e+02
8.684300231933593750e+01
1.552590026855468750e+02
2.324360046386718750e+02
1.257590026855468750e+02
2.555999994277954102e+00
9.417900085449218750e+01
2.913900146484375000e+02
7.809999942779541016e+00
2.220149993896484375e+02
4.252669982910156250e+02
4.078099822998046875e+01
4.243150024414062500e+02
1.206547973632812500e+03
8.875599670410156250e+01
3.927470092773437500e+02
4.581050109863281250e+02
1.241500015258789062e+02
7.232099914550781250e+01
4.307170104980468750e+02
5.190000057220458984e+00
3.766380004882812500e+02
1.409949951171875000e+02
1.161400032043457031e+01
5.240599822998046875e+01
3.837300109863281250e+01
1.636820068359375000e+02
4.116199874877929688e+01
3.504600143432617188e+01
4.455960083007812500e+02
6.390999794006347656e+00
3.677999973297119141e+00
1.798079986572265625e+02
1.376900005340576172e+01
3.492200088500976562e+01
2.293959960937500000e+02
2.378289947509765625e+02
5.227999877929687500e+01
2.518399963378906250e+02
3.817699813842773438e+01
9.501999855041503906e+00
4.684199905395507812e+01
2.446600036621093750e+02
3.317390136718750000e+02
6.538600158691406250e+01
8.120899963378906250e+01
4.012179870605468750e+02
9.376200103759765625e+01
4.438370056152343750e+02
7.247200012207031250e+01
2.606059875488281250e+02
3.065999984741210938e+00
2.801000118255615234e+00
1.621000051498413086e+00
2.016979980468750000e+02
2.829500007629394531e+01
2.838299942016601562e+01
1.070500030517578125e+02
4.301200103759765625e+01
2.866000061035156250e+02
1.039000034332275391e+00
5.895999908447265625e+00
1.767640075683593750e+02
3.575220031738281250e+02
3.889989929199218750e+02
1.071930007934570312e+02
7.062999725341796875e+01
7.862000274658203125e+01
9.799700164794921875e+01
2.179999923706054688e+01
7.953000068664550781e+00
7.799999713897705078e-01
1.384810028076171875e+02
2.608919982910156250e+02
4.138999938964843750e+00
7.093800354003906250e+01
6.469999790191650391e+00
9.934400177001953125e+01
4.742000102996826172e+00
2.179819946289062500e+02
2.732500076293945312e+01
2.515000104904174805e+00
1.878999948501586914e+00
1.729620056152343750e+02
7.197499847412109375e+01
1.347000002861022949e+00
2.008699989318847656e+01
1.054560012817382812e+02
8.053999900817871094e+00
3.433250122070312500e+02
4.598999977111816406e+00
1.657030029296875000e+02
4.026300048828125000e+01
2.746299934387207031e+01
1.938029937744140625e+02
5.323699951171875000e+01
1.114789962768554688e+02
3.049309997558593750e+02
9.113600158691406250e+01
1.455000000000000000e+02
8.914650268554687500e+02
1.654199981689453125e+01
1.010400009155273438e+01
5.632199859619140625e+01
1.226999998092651367e+00
3.640100097656250000e+01
4.490700149536132812e+01
3.710999965667724609e+00
1.667729949951171875e+02
3.757890014648437500e+02
2.615539855957031250e+02
1.078880004882812500e+02
1.903990020751953125e+02
7.551000118255615234e+00
9.432099914550781250e+01
2.641170043945312500e+02
5.268000125885009766e+00
2.515899963378906250e+02
1.671470031738281250e+02
1.959980010986328125e+02
1.121969985961914062e+02
4.894249877929687500e+02
8.182999610900878906e+00
1.803300094604492188e+01
4.763800048828125000e+01
1.106200027465820312e+01
2.133320007324218750e+02
1.298400020599365234e+01
5.765999794006347656e+00
2.469000101089477539e+00
1.785300064086914062e+01
5.170500183105468750e+01
1.180820007324218750e+02
1.702680053710937500e+02
1.000199985504150391e+01
2.298500061035156250e+01
1.012070007324218750e+02
2.189900016784667969e+01
5.326729736328125000e+02
1.151299953460693359e+01
1.488399982452392578e+01
7.969000244140625000e+01
1.044400024414062500e+01
9.017000198364257812e+00
1.547189941406250000e+02
4.009960021972656250e+02
6.093199920654296875e+01
2.639299964904785156e+01
4.332669982910156250e+02
8.671800231933593750e+01
3.231100082397460938e+01
8.114210205078125000e+02
3.213600158691406250e+01
4.804700088500976562e+01
3.695950012207031250e+02
5.700070190429687500e+02
4.695270080566406250e+02
1.816620025634765625e+02
5.329800033569335938e+01
6.363489990234375000e+02
8.171999931335449219e+00
5.248400115966796875e+01
3.094099998474121094e+01
4.640299987792968750e+01
4.363599853515625000e+02
1.804770050048828125e+02
1.188270034790039062e+02
3.617909851074218750e+02
5.006000041961669922e+00
1.438059997558593750e+02
3.583900146484375000e+02
6.625000000000000000e+00
3.281900024414062500e+01
1.738000035285949707e+00
1.494499969482421875e+02
1.520899963378906250e+01
6.998449707031250000e+02
1.014929962158203125e+02
8.364999771118164062e+00
1.130500030517578125e+01
2.582500076293945312e+01
1.438000011444091797e+01
6.958000183105468750e+00
4.751499938964843750e+01
3.140000104904174805e+00
8.192099761962890625e+01
9.800900268554687500e+01
1.483600044250488281e+01
1.296519927978515625e+02
2.999399948120117188e+01
4.341239929199218750e+02
8.624500274658203125e+01
4.824100112915039062e+01
4.530000209808349609e+00
2.439510040283203125e+02
2.380299949645996094e+01
4.576000061035156250e+02
4.095500183105468750e+01
1.840399932861328125e+02
5.426200103759765625e+01
2.059999942779541016e+00
2.434739990234375000e+02
1.855520019531250000e+02
1.215120010375976562e+02
6.633899688720703125e+01
2.610199928283691406e+01
1.770800018310546875e+02
5.605500030517578125e+01
3.575699996948242188e+01
1.907859954833984375e+02
1.832359924316406250e+02
4.271500015258789062e+01
2.154100036621093750e+01
3.726800155639648438e+01
1.047000026702880859e+01
4.852700042724609375e+01
1.391909942626953125e+02
5.364130249023437500e+02
1.264570007324218750e+02
4.078699874877929688e+01
2.957999944686889648e+00
2.052330017089843750e+02
2.556599998474121094e+01
1.794599914550781250e+01
1.978549957275390625e+02
3.031570129394531250e+02
8.268199920654296875e+01
3.840939941406250000e+02
1.771299934387207031e+01
2.292920074462890625e+02
1.002299976348876953e+01
8.642099761962890625e+01
2.893640136718750000e+02
3.269429931640625000e+02
1.131599998474121094e+01
3.741299819946289062e+01
1.530799961090087891e+01
9.231400299072265625e+01
1.875039978027343750e+02
1.184459991455078125e+02
7.941999912261962891e+00
1.475630035400390625e+02
1.885400009155273438e+01
8.609200286865234375e+01
3.530230102539062500e+02
2.167279968261718750e+02
5.815000057220458984e+00
1.394149932861328125e+02
2.121909942626953125e+02
1.468299961090087891e+01
6.938899993896484375e+01
3.129270019531250000e+02
1.044499969482421875e+01
1.701300048828125000e+01
4.652700042724609375e+01
1.541340026855468750e+02
3.457760009765625000e+02
1.091899967193603516e+01
4.739999771118164062e+00
4.086180114746093750e+02
4.795199966430664062e+01
5.459199905395507812e+01
9.552500152587890625e+01
4.051289978027343750e+02
1.678199958801269531e+01
3.889300155639648438e+01
4.842000007629394531e+00
2.301699981689453125e+02
3.789000034332275391e+00
4.586700057983398438e+01
3.897000074386596680e+00
6.083000183105468750e+00
1.718000030517578125e+02
7.553399658203125000e+01
3.033710021972656250e+02
2.951300048828125000e+01
2.974280090332031250e+02
3.398000001907348633e+00
2.382500076293945312e+01
3.810150146484375000e+02
2.916830139160156250e+02
2.992489929199218750e+02
2.437000083923339844e+01
2.159099960327148438e+01
5.370000004768371582e-01
7.953000068664550781e+00
3.954410095214843750e+02
5.870910034179687500e+02
6.740699768066406250e+01
4.079519958496093750e+02
1.172000026702880859e+01
1.314720001220703125e+02
1.020709991455078125e+02
1.222099971771240234e+01
3.487690124511718750e+02
5.150199890136718750e+01
6.582849731445312500e+02
1.179110031127929688e+02
6.176000118255615234e+00
5.598999977111816406e+00
1.378699970245361328e+01
3.346400070190429688e+01
1.408099975585937500e+02
5.382600021362304688e+01
1.311560058593750000e+02
3.014490051269531250e+02
1.780559997558593750e+02
9.934999847412109375e+01
1.081700038909912109e+01
2.797269897460937500e+02
2.158260040283203125e+02
2.224040069580078125e+02
4.765100097656250000e+01
1.167999982833862305e+00
1.191500015258789062e+02
3.890200042724609375e+01
3.177899932861328125e+01
1.417460021972656250e+02
8.104000091552734375e+01
2.030400085449218750e+01
2.382200050354003906e+01
1.458699951171875000e+02
1.296100044250488281e+01
6.333599853515625000e+01
2.911800003051757812e+01
1.408699989318847656e+01
1.111800003051757812e+02
6.775499725341796875e+01
3.933500061035156250e+02
3.233900146484375000e+02
6.980200195312500000e+01
9.024000167846679688e+00
1.162959976196289062e+02
1.295709991455078125e+02
9.994999885559082031e+00
2.150399971008300781e+01
8.085700225830078125e+01
1.953599929809570312e+01
4.171999931335449219e+00
2.556080017089843750e+02
2.812000036239624023e+00
1.864900054931640625e+02
9.553600311279296875e+01
1.299170074462890625e+02
1.208600044250488281e+01
2.846100044250488281e+01
5.764999866485595703e+00
5.025799942016601562e+01
3.108340148925781250e+02
3.460200119018554688e+01
4.444300079345703125e+01
1.399239959716796875e+02
6.065059814453125000e+02
4.617099914550781250e+02
5.303999900817871094e+00
1.899609985351562500e+02
7.350399780273437500e+01
1.343119964599609375e+02
2.436690063476562500e+02
3.334199905395507812e+01
2.306020050048828125e+02
2.540679931640625000e+02
3.380920104980468750e+02
6.702899932861328125e+01
3.256000041961669922e+00
3.175900077819824219e+01
3.175910034179687500e+02
2.037689971923828125e+02
2.223979949951171875e+02
7.307089843750000000e+02
3.399100112915039062e+01
1.470980072021484375e+02
3.820999908447265625e+01
3.869999885559082031e+00
2.452599906921386719e+01
1.526999950408935547e+00
1.477799987792968750e+01
2.000970001220703125e+02
8.101599884033203125e+01
4.559899902343750000e+01
2.134999990463256836e+00
2.799000024795532227e+00
4.202019958496093750e+02
3.732460021972656250e+02
2.819700050354003906e+01
2.322890014648437500e+02
6.046999931335449219e+00
3.395230102539062500e+02
8.064069824218750000e+02
3.305699920654296875e+01
1.014120025634765625e+02
4.377850036621093750e+02
7.571499633789062500e+01
4.675899887084960938e+01
2.344790039062500000e+02
1.596369934082031250e+02
1.725000023841857910e+00
2.924000024795532227e+00
1.942220001220703125e+02
7.510600280761718750e+01
7.289299774169921875e+01
8.722999572753906250e+00
1.476880035400390625e+02
2.109100036621093750e+02
2.371999931335449219e+01
1.673470001220703125e+02
2.402940063476562500e+02
1.475500011444091797e+01
7.110800170898437500e+01
1.196090011596679688e+02
2.416799926757812500e+01
1.345100021362304688e+01
1.445100021362304688e+01
6.485299682617187500e+01
2.054440002441406250e+02
7.057099914550781250e+01
9.250099945068359375e+01
2.761300086975097656e+01
5.888299942016601562e+01
5.360699844360351562e+01
8.584970092773437500e+02
1.586999988555908203e+01
1.007999992370605469e+01
1.473919982910156250e+02
1.294900035858154297e+01
6.159400177001953125e+01
2.075410003662109375e+02
8.151300048828125000e+01
1.356799983978271484e+01
2.536000013351440430e+00
2.366269989013671875e+02
5.352780151367187500e+02
2.279470062255859375e+02
3.400999832153320312e+01
1.055429992675781250e+02
1.451970062255859375e+02
4.004000186920166016e+00
9.320600128173828125e+01
1.805100059509277344e+01
2.192899932861328125e+02
3.797600097656250000e+02
3.352290039062500000e+02
4.542499923706054688e+01
6.752899932861328125e+01
2.754010009765625000e+02
1.027720031738281250e+02
1.207000017166137695e+00
1.756340026855468750e+02
1.341499996185302734e+01
9.412400054931640625e+01
1.814700012207031250e+02
2.780699920654296875e+01
2.910690002441406250e+02
1.015120010375976562e+02
2.482999992370605469e+01
3.682600097656250000e+02
1.817960052490234375e+02
5.604000091552734375e+00
1.453999996185302734e+00
1.016250000000000000e+02
2.655889892578125000e+02
1.330099964141845703e+01
5.722150268554687500e+02
1.220510025024414062e+02
1.247599983215332031e+01
5.412900161743164062e+01
1.837599945068359375e+01
1.643659973144531250e+02
1.499850006103515625e+02
4.929999828338623047e+00
5.211900024414062500e+02
1.918700027465820312e+01
1.669300079345703125e+01
4.423800048828125000e+02
6.226849975585937500e+02
2.482000112533569336e+00
3.483499908447265625e+01
6.086199951171875000e+01
1.421510009765625000e+02
3.979450073242187500e+02
1.022279968261718750e+02
5.362999916076660156e+00
6.191400146484375000e+02
7.577000141143798828e+00
1.271200027465820312e+02
1.628439941406250000e+02
6.438099670410156250e+01
2.111679992675781250e+02
4.546000003814697266e+00
2.495999908447265625e+01
6.234199905395507812e+01
7.271560058593750000e+02
2.454800033569335938e+01
6.264999866485595703e+00
2.863370056152343750e+02
2.663000106811523438e+00
4.583250122070312500e+02
3.706390075683593750e+02
6.534999847412109375e+01
2.523580017089843750e+02
4.528200149536132812e+01
9.113899993896484375e+01
1.031999945640563965e+00
3.543099975585937500e+01
1.340600013732910156e+01
1.116399955749511719e+01
1.591499938964843750e+02
1.972850036621093750e+02
2.823399925231933594e+01
2.748550109863281250e+02
1.053399963378906250e+02
5.688199996948242188e+01
5.409500122070312500e+01
1.253800010681152344e+01
3.609099960327148438e+01
7.549999952316284180e-01
3.311600112915039062e+01
9.826499938964843750e+01
1.143799972534179688e+01
3.099939880371093750e+02
4.427600097656250000e+01
3.267520141601562500e+02
7.287500000000000000e+01
2.073249969482421875e+02
1.002600002288818359e+01
9.882199859619140625e+01
7.752319946289062500e+02
5.373300170898437500e+01
3.076999902725219727e+00
9.272499847412109375e+01
5.055880126953125000e+02
2.322510070800781250e+02
6.876799774169921875e+01
1.310850067138671875e+02
8.458999633789062500e+00
1.030300045013427734e+01
7.053049926757812500e+02
8.987699890136718750e+01
2.496710052490234375e+02
1.872819976806640625e+02
2.545460052490234375e+02
1.545100021362304688e+01
8.331800079345703125e+01
1.155380020141601562e+02
4.531299972534179688e+01
7.516799926757812500e+01
1.837999916076660156e+01
1.467120056152343750e+02
6.907800292968750000e+01
1.574779968261718750e+02
2.967739868164062500e+02
8.549199676513671875e+01
1.759700012207031250e+01
1.919000029563903809e+00
1.312100028991699219e+01
4.624399948120117188e+01
1.542519989013671875e+02
1.574709930419921875e+02
1.197999954223632812e+01
1.971999969482421875e+02
1.270940017700195312e+02
2.315399932861328125e+02
5.047000122070312500e+02
1.194369964599609375e+02
2.900399971008300781e+01
3.419689941406250000e+02
1.335700035095214844e+01
2.379010009765625000e+02
9.969100189208984375e+01
1.437469940185546875e+02
1.847800064086914062e+01
2.917049865722656250e+02
1.023479995727539062e+02
1.284470062255859375e+02
3.944270019531250000e+02
5.996099853515625000e+01
4.925199890136718750e+01
1.439109954833984375e+02
1.069526000976562500e+03
7.209700012207031250e+01
3.052909851074218750e+02
5.058499908447265625e+01
7.407000064849853516e+00
4.605199813842773438e+01
4.949110107421875000e+02
3.498099899291992188e+01
1.737599945068359375e+02
1.052730026245117188e+02
9.067800140380859375e+01
1.380799961090087891e+01
5.315800094604492188e+01
1.073939971923828125e+02
1.610429992675781250e+02
8.987999916076660156e+00
2.183000087738037109e+00
1.181200027465820312e+01
1.792879943847656250e+02
4.934000015258789062e+00
2.447800064086914062e+01
1.746239929199218750e+02
7.522999763488769531e+00
4.824999809265136719e+00
9.288999557495117188e+00
1.242460021972656250e+02
4.755799865722656250e+02
1.226399993896484375e+01
2.779999971389770508e+00
2.077400016784667969e+01
5.420000076293945312e+00
3.709000110626220703e+00
9.117900085449218750e+01
4.596000194549560547e+00
1.259520034790039062e+02
5.592999935150146484e+00
3.917300033569335938e+01
7.743999958038330078e+00
2.945700073242187500e+01
1.248799991607666016e+01
9.286999702453613281e+00
6.041459960937500000e+02
2.222999954223632812e+01
6.401699829101562500e+01
1.092899990081787109e+01
1.177000045776367188e+00
2.611149902343750000e+02
3.726489868164062500e+02
3.422700119018554688e+01
3.711199951171875000e+01
3.023600006103515625e+01
1.930959930419921875e+02
1.061029968261718750e+02
1.563289947509765625e+02
2.253070068359375000e+02
5.675799942016601562e+01
2.811809997558593750e+02
1.722020996093750000e+03
2.738299942016601562e+01
4.293139953613281250e+02
3.468710021972656250e+02
