5.379789843750000000e+04
8.251610107421875000e+02
1.059833984375000000e+03
1.100849990844726562e+02
8.138079833984375000e+02
5.950000000000000000e+03
1.799799919128417969e+01
2.031291015625000000e+03
1.665700073242187500e+02
1.758094921875000000e+04
1.979750061035156250e+02
7.119499969482421875e+01
1.782539978027343750e+02
3.806369934082031250e+02
1.395307006835937500e+03
2.585499954223632812e+01
9.048000335693359375e+00
1.423299980163574219e+01
1.759250030517578125e+02
9.741716796875000000e+03
1.107965136718750000e+04
1.927599906921386719e+01
2.440181884765625000e+03
1.775799942016601562e+01
1.645706054687500000e+03
6.841859375000000000e+04
1.074830017089843750e+02
6.734600067138671875e+01
2.555169982910156250e+02
2.006397949218750000e+03
8.140499877929687500e+01
2.902269897460937500e+02
5.101551757812500000e+03
8.048197656250000000e+04
1.418399963378906250e+02
7.532089843750000000e+02
3.591679992675781250e+02
5.000999832153320312e+01
7.763999938964843750e+01
1.208600044250488281e+01
6.115499877929687500e+01
6.912210083007812500e+02
2.321061914062500000e+04
1.640579986572265625e+02
1.896688964843750000e+03
2.411809997558593750e+02
5.899963671875000000e+04
6.779719848632812500e+02
1.141704956054687500e+03
2.462599945068359375e+01
3.928599929809570312e+01
9.221700286865234375e+01
3.984099960327148438e+01
3.762400054931640625e+01
8.680059814453125000e+02
3.014800109863281250e+02
2.388549957275390625e+02
1.235599975585937500e+02
7.039999961853027344e+00
1.003000030517578125e+02
6.720000000000000000e+02
3.674912890625000000e+04
8.281400299072265625e+01
1.925700073242187500e+02
4.480708007812500000e+03
5.297039794921875000e+02
1.043999958038330078e+01
2.204395996093750000e+03
1.267354003906250000e+03
1.953020019531250000e+02
2.899705078125000000e+03
1.663852050781250000e+03
1.151973022460937500e+03
1.912426025390625000e+03
3.595849914550781250e+02
1.021492980957031250e+03
1.035100021362304688e+02
5.747000122070312500e+01
3.893070068359375000e+02
6.384420166015625000e+02
1.471459960937500000e+03
1.041394335937500000e+04
8.212868750000000000e+04
1.287563964843750000e+03
1.306999969482421875e+02
3.104100036621093750e+01
4.588800048828125000e+01
1.317479980468750000e+03
5.852059936523437500e+02
9.692600250244140625e+01
4.930539855957031250e+02
6.896099853515625000e+01
2.338220062255859375e+02
1.583409863281250000e+04
1.653400039672851562e+01
7.058300018310546875e+01
5.098940124511718750e+02
5.384999847412109375e+01
7.851840209960937500e+02
1.827649993896484375e+02
2.634989929199218750e+02
4.958200073242187500e+01
2.172200012207031250e+01
2.945899963378906250e+01
4.461199951171875000e+01
3.149129943847656250e+02
1.727824951171875000e+03
1.084349975585937500e+02
2.662010986328125000e+03
2.777899932861328125e+01
9.677799987792968750e+01
1.546199989318847656e+01
1.043499984741210938e+02
3.730099868774414062e+01
6.612970312500000000e+04
2.378248046875000000e+03
4.807470214843750000e+03
1.999770050048828125e+02
2.361419982910156250e+02
1.814920312500000000e+04
5.764899826049804688e+01
7.104742187500000000e+03
8.969619750976562500e+02
2.831399917602539062e+01
6.995899963378906250e+01
5.190200042724609375e+01
1.596800041198730469e+01
1.932209930419921875e+02
9.557800292968750000e+01
8.265759887695312500e+02
1.685429992675781250e+02
7.935983886718750000e+03
1.042021972656250000e+03
6.851209716796875000e+02
4.899100112915039062e+01
3.838000059127807617e+00
1.413509979248046875e+02
3.428770141601562500e+02
6.658300018310546875e+01
1.362089996337890625e+02
4.250000000000000000e+01
1.745849975585937500e+03
5.891110229492187500e+02
1.100962036132812500e+03
1.739473022460937500e+03
2.628240051269531250e+02
4.131512207031250000e+03
1.002572998046875000e+03
7.887599945068359375e+01
3.196500015258789062e+01
2.247742773437500000e+04
4.719098828125000000e+04
9.087400054931640625e+01
5.230670166015625000e+02
7.896999835968017578e+00
5.695440063476562500e+02
1.066555053710937500e+03
1.685444946289062500e+03
1.315160253906250000e+04
1.947501953125000000e+03
5.039750061035156250e+02
1.843785312500000000e+05
1.056189941406250000e+03
1.562800025939941406e+01
3.505119934082031250e+02
1.247069946289062500e+03
1.056100006103515625e+02
2.575929870605468750e+02
2.046399993896484375e+02
1.116677031250000000e+05
1.375996948242187500e+03
2.387455078125000000e+03
8.909730224609375000e+02
4.626499938964843750e+01
1.774398828125000000e+04
9.007640625000000000e+03
9.530235937500000000e+04
6.070053515625000000e+04
1.200189941406250000e+03
2.035000000000000000e+02
1.413750000000000000e+02
3.343299865722656250e+01
7.613313281250000000e+04
2.946800041198730469e+01
2.371299934387207031e+01
1.496832031250000000e+03
4.984590148925781250e+02
3.344919921875000000e+03
5.725999832153320312e+00
5.253599929809570312e+01
2.421400070190429688e+01
9.507700347900390625e+01
1.334450073242187500e+02
1.180743041992187500e+03
1.108551367187500000e+04
1.506124023437500000e+03
1.222590026855468750e+02
2.181604687500000000e+05
1.140465390625000000e+05
4.673999786376953125e+00
1.353820037841796875e+02
6.923100280761718750e+01
2.330465234375000000e+04
1.121645019531250000e+03
4.370800018310546875e+01
4.921749877929687500e+02
8.779499816894531250e+01
1.684900093078613281e+01
6.488489990234375000e+02
2.504589996337890625e+02
1.468937011718750000e+03
6.078140258789062500e+02
4.280329895019531250e+02
1.530024047851562500e+03
3.182730102539062500e+02
8.102000236511230469e+00
1.879235961914062500e+03
1.675919952392578125e+02
6.734700012207031250e+01
3.141635009765625000e+03
1.986395996093750000e+03
6.210200119018554688e+01
7.240050048828125000e+02
3.784030151367187500e+02
1.523157958984375000e+03
5.872900009155273438e+01
3.299649963378906250e+02
3.734700012207031250e+01
8.178399658203125000e+01
5.092242187500000000e+04
9.132600097656250000e+02
1.227405029296875000e+03
8.367579956054687500e+02
1.703261962890625000e+03
2.151957031250000000e+03
3.417800140380859375e+01
7.190689697265625000e+02
1.062972045898437500e+03
1.531071875000000000e+05
1.364179992675781250e+02
2.832399940490722656e+01
1.754786010742187500e+03
4.639999866485595703e+00
2.008379974365234375e+02
1.276110000610351562e+02
2.583422656250000000e+04
5.017109985351562500e+02
1.168359985351562500e+02
4.324020080566406250e+02
8.183499908447265625e+01
8.247200012207031250e+01
1.710917968750000000e+03
2.422926025390625000e+03
1.048949966430664062e+02
3.394402099609375000e+03
1.392112060546875000e+03
3.371591064453125000e+03
6.948699951171875000e+01
3.038897949218750000e+03
1.050640029907226562e+02
1.293353027343750000e+03
2.434394042968750000e+03
1.932999992370605469e+01
1.924713012695312500e+03
6.582599639892578125e+01
4.091520080566406250e+02
3.849230957031250000e+03
1.393765991210937500e+03
6.153999805450439453e+00
1.830570068359375000e+02
2.744000053405761719e+01
2.308919982910156250e+02
4.706919860839843750e+02
3.372210083007812500e+02
1.194049987792968750e+02
9.845399780273437500e+02
2.546669921875000000e+03
8.548930053710937500e+02
2.268320007324218750e+02
2.274699974060058594e+01
2.954833984375000000e+03
4.331449890136718750e+02
4.722399902343750000e+01
3.205335937500000000e+03
4.283099975585937500e+02
1.573650054931640625e+02
1.697100067138671875e+02
1.673820037841796875e+02
4.028481562500000000e+05
1.693816040039062500e+03
1.194344062500000000e+05
1.404014038085937500e+03
2.050240020751953125e+02
4.221849121093750000e+03
1.940136562500000000e+05
1.910769958496093750e+02
2.065699958801269531e+01
3.317850036621093750e+02
1.335400009155273438e+01
2.381499938964843750e+02
1.151123906250000000e+05
4.461500167846679688e+01
9.795400238037109375e+01
1.395199375000000000e+05
1.388599967956542969e+01
5.605250244140625000e+02
6.457559814453125000e+02
1.892879943847656250e+02
1.311167968750000000e+03
1.350809936523437500e+02
2.687042968750000000e+03
1.242185058593750000e+03
3.705589904785156250e+02
1.522409057617187500e+03
1.312314941406250000e+03
4.651900100708007812e+01
7.688099670410156250e+01
1.400788940429687500e+03
4.657400131225585938e+01
8.829900360107421875e+01
2.931299972534179688e+01
7.059379882812500000e+02
1.945499992370605469e+01
1.267509994506835938e+02
4.098634765625000000e+04
1.158896972656250000e+03
4.011600112915039062e+01
2.294649963378906250e+02
5.858790283203125000e+02
7.906999969482421875e+01
4.517160034179687500e+02
2.020943969726562500e+03
6.461132812500000000e+03
6.386999893188476562e+01
1.394270019531250000e+02
3.567108203125000000e+04
1.347168945312500000e+03
1.188410034179687500e+02
3.055100059509277344e+01
1.047647949218750000e+03
4.400500106811523438e+01
6.758399963378906250e+01
7.031455078125000000e+03
3.857300186157226562e+01
1.392963989257812500e+03
5.764050292968750000e+02
1.399969940185546875e+02
2.901000022888183594e+00
1.536022949218750000e+03
2.002489929199218750e+02
3.234809875488281250e+02
2.178500061035156250e+02
2.607369995117187500e+02
1.728100013732910156e+01
8.001469726562500000e+02
8.635900115966796875e+01
1.017919998168945312e+02
6.829290161132812500e+02
1.303999938964843750e+02
1.187440032958984375e+02
2.344270019531250000e+02
1.414923950195312500e+03
4.828999996185302734e+00
1.020839996337890625e+02
3.795000076293945312e+00
1.202843017578125000e+03
1.073600006103515625e+01
7.542990112304687500e+02
3.406019897460937500e+02
3.636363281250000000e+04
6.088569946289062500e+02
3.901168945312500000e+03
1.374199962615966797e+01
6.506296875000000000e+03
4.540800094604492188e+01
9.957870312500000000e+04
1.767662963867187500e+03
3.037545703125000000e+04
1.137817016601562500e+03
1.404579925537109375e+02
1.144270019531250000e+02
4.328599929809570312e+01
7.032399902343750000e+02
4.769840087890625000e+02
1.559660034179687500e+02
3.092781054687500000e+04
1.245479003906250000e+03
3.942399978637695312e+01
1.435999965667724609e+01
5.997050170898437500e+02
8.380000114440917969e+00
3.086539916992187500e+02
1.834499931335449219e+01
3.740679931640625000e+02
2.452773925781250000e+03
8.275529785156250000e+02
1.287299957275390625e+02
3.380560058593750000e+03
3.619999885559082031e+00
8.899041406250000000e+04
3.223699951171875000e+01
2.602231933593750000e+03
3.011170043945312500e+02
4.135549926757812500e+02
1.770909375000000000e+05
1.057356640625000000e+04
2.437500000000000000e+02
3.676217041015625000e+03
1.123180007934570312e+02
4.719320068359375000e+02
3.317800140380859375e+01
1.790509948730468750e+02
1.394474975585937500e+03
1.116588012695312500e+03
1.558480957031250000e+03
5.132839965820312500e+02
1.789797973632812500e+03
4.251690063476562500e+02
2.159309997558593750e+02
3.339300155639648438e+01
1.955299987792968750e+02
3.465900039672851562e+01
2.668550109863281250e+02
3.553982910156250000e+03
2.804188085937500000e+04
2.860570068359375000e+02
4.482267968750000000e+04
1.961100006103515625e+01
2.111400032043457031e+01
7.421000003814697266e+00
1.908730010986328125e+02
3.450899887084960938e+01
1.788760070800781250e+02
8.877500000000000000e+02
1.998166015625000000e+03
1.390500030517578125e+02
1.177740020751953125e+02
1.031323974609375000e+03
1.147073974609375000e+03
2.110410003662109375e+02
1.743446044921875000e+03
5.632210083007812500e+02
2.287746093750000000e+03
2.315799072265625000e+03
7.250000000000000000e+00
5.632210083007812500e+02
5.583510131835937500e+02
1.012119995117187500e+03
1.103963989257812500e+03
5.704100036621093750e+01
5.721500015258789062e+01
1.406999969482421875e+01
2.239400024414062500e+02
4.052659912109375000e+02
2.371490020751953125e+02
1.295499992370605469e+01
1.956355625000000000e+05
8.617189941406250000e+02
4.810199890136718750e+02
4.619660034179687500e+02
1.347899932861328125e+02
9.556700134277343750e+01
2.569300079345703125e+01
1.944799995422363281e+01
6.795609741210937500e+02
4.645280151367187500e+02
2.956424072265625000e+03
3.402968017578125000e+03
2.384700012207031250e+01
5.714400100708007812e+01
4.456200027465820312e+01
1.322251953125000000e+03
4.037354296875000000e+04
2.131200027465820312e+01
5.172800064086914062e+01
3.517599868774414062e+01
1.881128051757812500e+03
1.504270019531250000e+03
2.128945068359375000e+03
5.072070007324218750e+02
8.954860229492187500e+02
3.734999895095825195e+00
9.412611718750000000e+04
5.868189697265625000e+02
6.449999809265136719e+00
1.541864990234375000e+03
2.853499984741210938e+01
7.606060180664062500e+02
5.054100036621093750e+01
3.050799865722656250e+02
1.069309997558593750e+02
3.514010009765625000e+02
2.693980102539062500e+02
9.754799652099609375e+01
7.063700103759765625e+01
1.762432983398437500e+03
3.617839965820312500e+02
8.835269775390625000e+02
1.471604980468750000e+03
2.288927929687500000e+04
3.604000091552734375e+00
2.609389953613281250e+02
2.130650024414062500e+02
1.026599979400634766e+01
1.667099952697753906e+01
3.538640136718750000e+02
1.269180053710937500e+03
2.668653076171875000e+03
3.793850097656250000e+02
1.471300029754638672e+01
1.041819992065429688e+02
1.886138125000000000e+05
8.126000213623046875e+01
1.110270019531250000e+03
2.204900878906250000e+03
4.785299987792968750e+02
1.111090011596679688e+02
2.121880035400390625e+02
2.598620117187500000e+03
8.642769775390625000e+02
1.738102148437500000e+04
2.744178320312500000e+04
7.097600097656250000e+02
1.719718554687500000e+04
7.307117187500000000e+03
1.442015991210937500e+03
2.426936035156250000e+03
8.852700042724609375e+01
2.772680053710937500e+02
8.331408593750000000e+04
1.507339965820312500e+03
1.905480041503906250e+02
6.600469970703125000e+02
3.828670043945312500e+02
4.227990112304687500e+02
9.886170043945312500e+02
8.007700347900390625e+01
4.215230102539062500e+02
1.979320068359375000e+02
1.200755546875000000e+05
3.693359985351562500e+02
5.533699951171875000e+02
3.765100097656250000e+01
9.575000000000000000e+01
2.044149932861328125e+02
1.128467480468750000e+04
5.470000076293945312e+01
7.299290625000000000e+04
5.367579956054687500e+02
2.041500091552734375e+01
1.526462036132812500e+03
1.242750015258789062e+02
5.154801953125000000e+04
8.219499969482421875e+01
3.297200012207031250e+02
1.915554843750000000e+05
1.769290008544921875e+02
6.325400161743164062e+01
5.743884375000000000e+04
3.493699951171875000e+02
1.655200004577636719e+01
9.665599822998046875e+01
4.516899871826171875e+01
9.078199768066406250e+01
7.662830200195312500e+02
7.162340087890625000e+02
1.195552001953125000e+03
3.488210144042968750e+02
2.372220001220703125e+02
1.371837036132812500e+03
5.300199890136718750e+01
1.779299926757812500e+01
1.470300006866455078e+01
1.515549926757812500e+02
2.496237060546875000e+03
5.267719726562500000e+02
1.568900012969970703e+01
6.247509765625000000e+03
1.704599952697753906e+01
1.390999984741210938e+01
2.231203437500000000e+05
9.581149902343750000e+02
5.567100143432617188e+01
6.349851562500000000e+04
2.582149963378906250e+02
1.314102050781250000e+03
7.006149902343750000e+02
6.263000011444091797e+00
4.486325781250000000e+04
1.054472734375000000e+05
7.608200073242187500e+01
7.157000064849853516e+00
8.515999794006347656e+00
1.432940063476562500e+02
3.261118896484375000e+03
5.548500061035156250e+01
4.772860107421875000e+02
1.168960037231445312e+02
3.450431884765625000e+03
2.447790069580078125e+02
5.448499755859375000e+02
6.100999832153320312e+00
1.638100051879882812e+01
8.997000122070312500e+01
2.078769989013671875e+02
3.538819885253906250e+02
5.697000122070312500e+01
6.527498046875000000e+03
2.309896972656250000e+03
2.626050109863281250e+02
3.462033203125000000e+04
1.235820007324218750e+02
7.942830200195312500e+02
3.591799926757812500e+02
3.358059997558593750e+02
1.033740005493164062e+02
5.446770019531250000e+02
4.439389953613281250e+02
2.642669982910156250e+02
2.833410034179687500e+02
4.163519897460937500e+02
1.653614013671875000e+03
3.530999898910522461e+00
1.315899963378906250e+02
3.603801025390625000e+03
6.557239990234375000e+02
1.348316040039062500e+03
1.407543945312500000e+03
1.231740036010742188e+02
2.805536914062500000e+04
6.899959716796875000e+02
2.202667968750000000e+03
2.121178955078125000e+03
9.870349731445312500e+02
3.517070007324218750e+02
1.188939971923828125e+02
1.320600032806396484e+01
2.015260986328125000e+03
2.552089996337890625e+02
6.553989868164062500e+02
2.612400054931640625e+01
8.163999557495117188e+00
1.766399955749511719e+01
1.331380004882812500e+03
1.205630035400390625e+02
3.015079956054687500e+02
1.661770019531250000e+02
1.361109924316406250e+02
1.223509979248046875e+02
6.866999816894531250e+01
2.206679992675781250e+02
2.317409973144531250e+02
8.009999990463256836e-01
1.182779998779296875e+02
2.511799926757812500e+02
2.196289978027343750e+02
1.826612060546875000e+03
6.717446875000000000e+04
8.014050292968750000e+02
5.649480078125000000e+04
5.236999988555908203e+00
6.706539916992187500e+02
1.821376953125000000e+03
1.533384033203125000e+03
7.252700042724609375e+01
2.663899993896484375e+01
7.822628906250000000e+04
3.866587890625000000e+04
4.987300109863281250e+01
2.997999954223632812e+01
1.496199989318847656e+01
9.262039794921875000e+02
1.762155029296875000e+03
1.079440002441406250e+02
1.790540039062500000e+03
2.480788085937500000e+03
2.695520019531250000e+02
1.174779968261718750e+02
1.477084960937500000e+03
7.691450195312500000e+03
5.326359863281250000e+02
1.706860046386718750e+02
1.404238037109375000e+03
3.342399978637695312e+01
4.118871875000000000e+04
2.071199989318847656e+01
8.901259765625000000e+02
1.393189941406250000e+03
2.464878906250000000e+03
9.018050781250000000e+03
1.506594970703125000e+03
9.187000274658203125e+00
4.641799926757812500e+01
5.872230224609375000e+02
9.256700134277343750e+01
2.748020019531250000e+02
3.004992919921875000e+03
5.500417187500000000e+04
8.512400054931640625e+01
7.817310180664062500e+02
3.250899887084960938e+01
1.205985839843750000e+04
8.205400085449218750e+01
2.059208593750000000e+04
1.293090057373046875e+02
2.915520312500000000e+05
2.664790039062500000e+03
9.842310180664062500e+02
1.315699958801269531e+01
1.115999984741210938e+01
1.454161987304687500e+03
4.953499984741210938e+01
1.027271328125000000e+05
1.378977050781250000e+03
4.488600158691406250e+01
1.113320007324218750e+02
1.902000045776367188e+01
2.821608984375000000e+04
1.102959976196289062e+02
2.385708007812500000e+03
8.492400360107421875e+01
1.305063964843750000e+03
1.878262939453125000e+03
1.720467031250000000e+05
3.504760131835937500e+02
4.585681640625000000e+04
6.633799743652343750e+01
3.684869995117187500e+02
9.118950195312500000e+02
2.700765625000000000e+04
6.837230224609375000e+02
1.319640045166015625e+02
2.800330078125000000e+03
6.390399932861328125e+01
3.562400054931640625e+01
7.570600128173828125e+01
6.321929931640625000e+02
1.104899978637695312e+02
8.395400238037109375e+01
4.026800155639648438e+01
3.659620056152343750e+02
3.927900085449218750e+02
4.726149902343750000e+02
1.016959991455078125e+02
7.401899719238281250e+01
8.449299621582031250e+01
2.036849975585937500e+02
8.715999603271484375e+00
5.819134765625000000e+03
1.049319946289062500e+03
7.141699981689453125e+01
1.062375000000000000e+03
7.610999755859375000e+02
1.122702026367187500e+03
6.185699844360351562e+01
1.016130981445312500e+03
1.508740312500000000e+05
2.297299957275390625e+01
2.994620056152343750e+02
5.882699966430664062e+01
3.937670703125000000e+04
1.412786010742187500e+03
7.771669921875000000e+02
1.711292968750000000e+03
7.837899780273437500e+01
2.618188964843750000e+03
1.105559997558593750e+02
4.250999832153320312e+01
5.117300033569335938e+01
5.192589721679687500e+02
6.819710083007812500e+02
2.721019897460937500e+02
1.010590026855468750e+03
3.813399887084960938e+01
4.522600173950195312e+01
4.320079101562500000e+03
6.649600219726562500e+01
8.205999755859375000e+01
4.715800094604492188e+01
3.621687988281250000e+03
1.229344687500000000e+05
9.603900146484375000e+01
9.325800323486328125e+01
1.374389953613281250e+02
1.480399990081787109e+01
2.435114013671875000e+03
2.076840057373046875e+02
1.522939941406250000e+03
6.191099929809570312e+01
4.904999923706054688e+01
9.728449707031250000e+02
2.044270019531250000e+02
3.230069885253906250e+02
4.484000205993652344e+00
1.603470001220703125e+02
2.722977050781250000e+03
1.605597045898437500e+03
1.075082031250000000e+03
4.765920312500000000e+04
1.436014038085937500e+03
3.203999996185302734e+00
2.299586914062500000e+03
2.503520050048828125e+02
9.197599792480468750e+01
1.087339965820312500e+03
8.621999740600585938e+00
4.323600006103515625e+01
1.715436035156250000e+03
1.472027954101562500e+03
8.847999572753906250e+00
2.115486083984375000e+03
1.607830047607421875e+02
1.541629943847656250e+02
1.599770050048828125e+02
3.415074951171875000e+03
6.967750244140625000e+02
3.454910156250000000e+04
9.041799926757812500e+01
8.394925000000000000e+04
4.291629943847656250e+02
1.052229995727539062e+02
1.297897949218750000e+03
1.133479995727539062e+02
3.055999994277954102e+00
4.223590087890625000e+02
7.646299743652343750e+01
2.622400093078613281e+01
1.606042968750000000e+03
5.539400100708007812e+01
1.501432324218750000e+04
6.454299926757812500e+01
7.637780151367187500e+02
1.850911010742187500e+03
4.619207031250000000e+03
5.987999916076660156e+00
2.904100036621093750e+01
4.200999832153320312e+01
2.701099967956542969e+01
2.277570068359375000e+03
3.712049865722656250e+02
6.312960205078125000e+02
2.601099967956542969e+01
2.553199958801269531e+01
5.645999908447265625e+00
1.439432006835937500e+03
9.966699981689453125e+01
5.210930175781250000e+03
1.830780029296875000e+02
5.395839843750000000e+02
4.753788281250000000e+04
3.525799942016601562e+01
8.101439819335937500e+02
2.872399902343750000e+02
1.591899967193603516e+01
3.141600036621093750e+01
1.415934667968750000e+04
3.134609375000000000e+04
1.539720001220703125e+02
6.235499954223632812e+01
1.392399978637695312e+01
5.174169921875000000e+02
1.522500000000000000e+05
2.434543359375000000e+04
3.272800064086914062e+01
8.244131835937500000e+03
1.251740036010742188e+02
3.096699905395507812e+01
8.271199798583984375e+01
2.621299934387207031e+01
1.170092041015625000e+03
1.637460644531250000e+04
3.181170043945312500e+02
1.680318593750000000e+05
1.657777954101562500e+03
2.369810028076171875e+02
7.380819702148437500e+02
3.124419860839843750e+02
6.290850219726562500e+02
2.286300086975097656e+01
3.702989013671875000e+03
2.180899963378906250e+02
2.711040039062500000e+02
4.187400054931640625e+01
1.758200073242187500e+02
2.828699218750000000e+04
1.514182006835937500e+03
1.616500091552734375e+01
5.970910034179687500e+02
6.093000030517578125e+01
9.524400024414062500e+02
2.415299987792968750e+01
4.359930114746093750e+02
1.448699951171875000e+02
3.182380065917968750e+02
1.125927001953125000e+03
1.835619964599609375e+02
4.438949890136718750e+02
7.961099853515625000e+02
9.401999664306640625e+01
7.416600036621093750e+01
1.998079986572265625e+02
1.495532226562500000e+04
2.604199981689453125e+01
6.316099929809570312e+01
2.707929992675781250e+02
5.041099929809570312e+01
2.711599922180175781e+01
2.033170013427734375e+02
1.663820037841796875e+02
4.420450134277343750e+02
2.837789916992187500e+02
1.303208984375000000e+03
1.111470031738281250e+02
1.638000011444091797e+00
1.092750015258789062e+02
1.984199905395507812e+01
1.232779998779296875e+02
8.539399719238281250e+01
3.179100036621093750e+01
1.041399955749511719e+01
2.357944091796875000e+03
7.974483886718750000e+03
2.220549926757812500e+02
2.758731933593750000e+03
3.559199905395507812e+01
9.738800048828125000e+01
7.686439819335937500e+02
1.528899955749511719e+01
8.628700256347656250e+01
2.555910034179687500e+02
9.677300262451171875e+01
1.778390045166015625e+02
1.494519958496093750e+02
7.370200347900390625e+01
2.311468994140625000e+03
6.752540283203125000e+02
2.631910095214843750e+02
2.425771972656250000e+03
6.940360107421875000e+02
3.807099914550781250e+01
1.363032958984375000e+03
2.792648828125000000e+04
4.271300125122070312e+01
6.769999980926513672e+00
8.115000152587890625e+01
8.665499877929687500e+01
7.291899871826171875e+01
4.626300048828125000e+02
2.729299926757812500e+01
2.060899963378906250e+02
1.839369964599609375e+02
5.096500015258789062e+01
2.602510070800781250e+02
1.768074951171875000e+03
5.582310180664062500e+02
1.189948974609375000e+03
6.014080200195312500e+02
2.331708984375000000e+03
2.566055908203125000e+03
8.620700073242187500e+01
2.212505078125000000e+04
2.187700080871582031e+01
2.659000015258789062e+01
1.507199954986572266e+01
6.926719970703125000e+02
6.726389770507812500e+02
1.180214965820312500e+03
2.505599975585937500e+01
2.796400070190429688e+01
5.216764160156250000e+03
2.682609863281250000e+02
2.462539978027343750e+02
2.028011962890625000e+03
1.009530029296875000e+02
1.946366943359375000e+03
8.512200164794921875e+01
7.191889062500000000e+04
1.961199951171875000e+01
5.773600006103515625e+01
1.456790039062500000e+03
6.428270263671875000e+02
3.079907958984375000e+03
5.280000209808349609e+00
4.648699951171875000e+01
1.096800041198730469e+01
3.025099945068359375e+01
1.140774047851562500e+03
1.684900054931640625e+02
1.212370781250000000e+05
2.703179931640625000e+02
7.512670288085937500e+02
9.204100036621093750e+01
1.741011962890625000e+03
1.101790008544921875e+02
1.380200042724609375e+02
3.426200103759765625e+01
8.788426562500000000e+04
3.597699890136718750e+02
3.146117919921875000e+03
2.451000022888183594e+01
