1.014589996337890625e+02
8.693649902343750000e+02
4.513000011444091797e+00
9.211149902343750000e+02
5.105837890625000000e+03
7.988791992187500000e+03
8.649600219726562500e+02
6.035209960937500000e+02
2.121510986328125000e+03
4.278120117187500000e+03
1.665114013671875000e+03
3.702940063476562500e+02
2.471529998779296875e+02
2.109801025390625000e+03
1.925220031738281250e+02
1.530300045013427734e+01
1.208700027465820312e+02
8.623799896240234375e+01
9.330020141601562500e+02
1.466100025177001953e+01
4.552399826049804688e+01
7.031190185546875000e+02
2.326149902343750000e+03
6.580020141601562500e+02
1.042760009765625000e+02
3.459880065917968750e+02
1.257850036621093750e+02
7.985960083007812500e+02
6.251300048828125000e+02
9.300079956054687500e+02
1.885339965820312500e+02
1.467369995117187500e+02
1.492826049804687500e+03
2.537999916076660156e+01
8.284669799804687500e+02
3.408190002441406250e+02
1.287089996337890625e+02
8.554270019531250000e+02
1.814426025390625000e+03
6.241000175476074219e+00
3.531373046875000000e+03
1.492300033569335938e+01
5.214760131835937500e+02
1.345499992370605469e+01
2.605294921875000000e+03
1.999799919128417969e+01
1.503693969726562500e+03
1.417500000000000000e+02
2.507230957031250000e+03
1.255739990234375000e+03
2.352042968750000000e+03
1.718459930419921875e+02
1.588500022888183594e+01
1.208500976562500000e+03
1.274199962615966797e+01
1.322514038085937500e+03
1.673470001220703125e+02
1.339799957275390625e+02
2.166903076171875000e+03
2.578000068664550781e+00
1.223728027343750000e+03
1.617760009765625000e+02
4.443479919433593750e+02
8.461147460937500000e+03
3.845116943359375000e+03
7.122000217437744141e+00
1.295100021362304688e+01
3.982245117187500000e+03
1.564999961853027344e+01
1.467776000976562500e+03
1.763537963867187500e+03
5.564769897460937500e+02
1.275494018554687500e+03
5.006910095214843750e+02
4.868689941406250000e+03
2.792525878906250000e+03
7.234000205993652344e+00
2.410985107421875000e+03
2.366159973144531250e+02
5.518350219726562500e+02
4.312972167968750000e+03
2.410103027343750000e+03
4.412760009765625000e+02
7.082099914550781250e+01
8.373109741210937500e+02
2.641482910156250000e+03
6.320859985351562500e+02
7.063040161132812500e+02
8.470159912109375000e+02
2.896611083984375000e+03
1.275210037231445312e+02
5.868150024414062500e+02
3.584528076171875000e+03
1.283021972656250000e+03
1.087114990234375000e+03
1.176119995117187500e+02
7.519999694824218750e+01
5.460900115966796875e+01
8.308100128173828125e+01
1.871000051498413086e+00
6.510800170898437500e+01
4.291159973144531250e+02
7.513999938964843750e+00
1.373786987304687500e+03
2.221774902343750000e+03
1.608900070190429688e+01
2.600399971008300781e+01
1.216169967651367188e+02
2.804110107421875000e+03
1.632550048828125000e+02
2.201528076171875000e+03
2.470306884765625000e+03
1.645870056152343750e+02
2.203399963378906250e+02
1.128423950195312500e+03
1.675799942016601562e+01
3.703914062500000000e+03
3.110016113281250000e+03
9.422760009765625000e+02
1.478922973632812500e+03
4.057822998046875000e+03
6.056525878906250000e+03
1.496984008789062500e+03
5.799260253906250000e+02
5.763000011444091797e+00
5.912500000000000000e+01
9.327930297851562500e+02
1.570800018310546875e+01
1.570779052734375000e+03
1.842530059814453125e+02
3.686700057983398438e+01
1.516800022125244141e+01
1.217941040039062500e+03
9.496954101562500000e+03
4.272869873046875000e+02
5.812540283203125000e+02
3.454710083007812500e+02
3.297149963378906250e+02
8.885960083007812500e+02
1.650200080871582031e+01
8.612000465393066406e+00
2.414800071716308594e+01
3.547299957275390625e+01
5.157429809570312500e+02
2.585769958496093750e+02
3.759899902343750000e+01
2.068895019531250000e+03
7.675000190734863281e+00
1.150079956054687500e+03
8.400880126953125000e+02
2.817040039062500000e+03
7.695000171661376953e+00
1.127873046875000000e+03
4.666849121093750000e+03
6.325415039062500000e+03
2.499552001953125000e+03
4.097600173950195312e+01
1.844190063476562500e+02
5.833499755859375000e+02
1.038300037384033203e+01
3.154731933593750000e+03
3.750699996948242188e+01
1.953020019531250000e+02
3.720079956054687500e+02
2.280740051269531250e+02
7.631959838867187500e+02
7.704699707031250000e+01
1.101250000000000000e+03
1.475151757812500000e+04
1.444859924316406250e+02
4.523280029296875000e+02
4.410790100097656250e+02
6.247399902343750000e+01
1.594699954986572266e+01
5.453030761718750000e+03
1.535302978515625000e+03
8.591699981689453125e+01
1.156792968750000000e+03
1.260124023437500000e+03
6.500999927520751953e+00
2.734272949218750000e+03
1.491100952148437500e+03
6.630280151367187500e+02
6.699940185546875000e+02
3.449200057983398438e+01
6.141370239257812500e+02
2.438985107421875000e+03
2.230000000000000000e+02
1.298829956054687500e+02
2.572895019531250000e+03
3.708200073242187500e+02
1.223299980163574219e+01
2.307997070312500000e+03
5.116699981689453125e+01
3.531129882812500000e+03
8.600330200195312500e+02
2.643479919433593750e+02
2.573129882812500000e+02
2.323718994140625000e+03
1.165999984741210938e+01
1.085400009155273438e+01
8.510809936523437500e+02
1.139663378906250000e+04
2.097579956054687500e+02
4.333399963378906250e+01
8.196392578125000000e+03
2.410044921875000000e+03
4.215004882812500000e+03
6.614499664306640625e+01
2.547031005859375000e+03
1.566649932861328125e+02
2.650704101562500000e+03
1.435782958984375000e+03
1.630399047851562500e+03
2.423195068359375000e+03
1.399759979248046875e+02
3.540062988281250000e+03
3.514110107421875000e+02
2.508809967041015625e+02
8.001899719238281250e+01
4.960679931640625000e+02
3.526791992187500000e+03
1.457407958984375000e+03
2.972999954223632812e+01
4.783460083007812500e+02
2.262899971008300781e+01
1.030120010375976562e+02
1.814333984375000000e+03
5.232999801635742188e+00
1.470310058593750000e+02
3.134935058593750000e+03
6.153289794921875000e+02
4.338999938964843750e+01
1.253270034790039062e+02
1.387135009765625000e+03
4.759769897460937500e+02
4.157999992370605469e+00
3.246109924316406250e+02
2.230728027343750000e+03
1.160925048828125000e+03
4.160939941406250000e+02
7.124290161132812500e+02
3.936889953613281250e+02
4.568640136718750000e+02
4.670440063476562500e+02
2.544819946289062500e+02
5.250400161743164062e+01
1.524400043487548828e+01
1.912810058593750000e+02
2.593989868164062500e+02
8.641140136718750000e+02
1.021603027343750000e+03
2.807990112304687500e+02
1.693099975585937500e+01
7.669119873046875000e+02
2.805086914062500000e+03
3.949300003051757812e+01
6.338800048828125000e+01
1.385099945068359375e+02
5.125299835205078125e+01
7.998049926757812500e+02
1.419431030273437500e+03
8.879270019531250000e+02
3.987810058593750000e+02
1.243413940429687500e+03
1.114200019836425781e+01
5.192999839782714844e+00
2.137400054931640625e+01
2.529781005859375000e+03
2.153379882812500000e+03
1.088779052734375000e+03
3.237042968750000000e+03
1.370563964843750000e+03
1.028229980468750000e+03
4.593299865722656250e+02
1.619290039062500000e+03
1.008499984741210938e+02
2.624060058593750000e+02
4.352000236511230469e+00
9.357800292968750000e+01
1.218900012969970703e+01
4.144891113281250000e+03
8.251510009765625000e+02
3.399100112915039062e+01
4.603000164031982422e+00
5.455729980468750000e+02
1.336089935302734375e+02
1.014666992187500000e+03
4.097600173950195312e+01
5.755799865722656250e+01
1.672389984130859375e+02
1.516958007812500000e+03
9.383999824523925781e+00
5.952600097656250000e+01
2.777354003906250000e+03
1.690666992187500000e+03
8.429959716796875000e+02
9.943239746093750000e+02
1.483300018310546875e+01
3.480645996093750000e+03
2.041081054687500000e+03
1.991365966796875000e+03
1.310780029296875000e+02
2.993259887695312500e+02
1.546700000762939453e+01
3.373880004882812500e+02
3.333785888671875000e+03
2.860310058593750000e+02
1.691500091552734375e+01
4.705060058593750000e+03
1.360700035095214844e+01
3.491029052734375000e+03
1.674300003051757812e+01
5.318770141601562500e+02
6.808000183105468750e+01
1.330490966796875000e+03
8.524400329589843750e+01
1.178499984741210938e+01
1.472327026367187500e+03
8.020999908447265625e+00
1.107928955078125000e+03
3.466199874877929688e+01
1.893464965820312500e+03
2.527124023437500000e+03
2.510762939453125000e+03
1.287699985504150391e+01
1.409390014648437500e+03
4.016700134277343750e+02
6.174399948120117188e+01
3.854299926757812500e+01
4.949645019531250000e+03
1.202895019531250000e+03
5.211380004882812500e+02
4.602969970703125000e+02
4.183000087738037109e+00
1.399000048637390137e+00
1.818578002929687500e+03
1.766370971679687500e+03
1.414450073242187500e+02
1.719933959960937500e+03
1.222789993286132812e+02
2.837405029296875000e+03
3.337379882812500000e+03
2.859610107421875000e+03
1.296050048828125000e+03
6.904010009765625000e+02
2.698970031738281250e+02
2.142940917968750000e+03
3.727500152587890625e+01
8.311300048828125000e+02
7.888999938964843750e+00
2.805280151367187500e+02
6.296649780273437500e+02
3.740100097656250000e+01
3.591189880371093750e+02
1.934199905395507812e+01
1.455200004577636719e+01
5.232999801635742188e+00
1.748000025749206543e+00
1.623399925231933594e+01
8.065999984741210938e+00
7.270510253906250000e+02
1.128140029907226562e+02
4.248500061035156250e+01
2.719300079345703125e+01
3.142468994140625000e+03
4.821019042968750000e+03
7.325800323486328125e+01
1.128699951171875000e+03
1.188000011444091797e+01
6.315789794921875000e+02
2.923064941406250000e+03
1.284982055664062500e+03
5.883700180053710938e+01
1.903970031738281250e+02
6.513999938964843750e+00
1.047601367187500000e+04
1.583824951171875000e+03
4.199290039062500000e+03
9.760000228881835938e+00
3.563395996093750000e+03
1.127470947265625000e+03
7.627269897460937500e+02
1.336459960937500000e+02
1.022669982910156250e+02
1.287890014648437500e+02
5.674790039062500000e+02
1.047173950195312500e+03
7.683010253906250000e+02
2.075099945068359375e+01
3.479787109375000000e+03
4.868562988281250000e+03
1.996519042968750000e+03
5.060509948730468750e+02
8.071001953125000000e+03
2.150733886718750000e+03
9.345809936523437500e+02
4.987619934082031250e+02
9.390670166015625000e+02
2.493220947265625000e+03
4.335400009155273438e+01
1.950399971008300781e+01
5.173480224609375000e+02
1.059706054687500000e+03
6.912000179290771484e+00
3.108999967575073242e+00
7.359999847412109375e+01
1.166737060546875000e+03
1.320883056640625000e+03
6.810999870300292969e+00
8.350330200195312500e+02
4.797800064086914062e+01
2.892399902343750000e+02
6.498100280761718750e+01
1.006706970214843750e+03
1.391073974609375000e+03
4.961956054687500000e+03
6.897899780273437500e+02
3.637019958496093750e+02
3.289875000000000000e+03
9.447399902343750000e+01
2.794679870605468750e+02
1.392250061035156250e+02
1.025100040435791016e+01
5.334416015625000000e+03
3.321888916015625000e+03
1.693499946594238281e+01
6.528299713134765625e+01
1.849600952148437500e+03
2.804339111328125000e+03
4.037680053710937500e+02
6.483699798583984375e+01
3.836399841308593750e+01
1.806770019531250000e+03
7.840951171875000000e+03
3.537940917968750000e+03
1.320299987792968750e+02
1.352000045776367188e+01
3.678770141601562500e+02
4.136719970703125000e+02
6.235780029296875000e+02
1.505130004882812500e+02
2.504562011718750000e+03
3.326999902725219727e+00
1.065113037109375000e+03
2.477969970703125000e+02
1.051973022460937500e+03
4.271999835968017578e+00
5.463299942016601562e+01
1.940970001220703125e+02
1.273219985961914062e+02
7.527899932861328125e+01
3.194000053405761719e+01
7.023989868164062500e+02
1.690099906921386719e+01
4.881999969482421875e+00
3.665074951171875000e+03
1.751270996093750000e+03
7.723400115966796875e+01
1.338630065917968750e+02
1.426666992187500000e+03
3.500950012207031250e+02
5.112693847656250000e+03
6.920999908447265625e+01
3.235347900390625000e+03
2.326469970703125000e+03
3.880220031738281250e+02
3.939020080566406250e+02
1.376233032226562500e+03
3.062999963760375977e+00
3.479719848632812500e+02
8.972249755859375000e+02
3.159769897460937500e+02
7.043159790039062500e+02
2.068899917602539062e+01
9.408189697265625000e+02
8.363629760742187500e+02
1.989500045776367188e+01
1.176480026245117188e+02
8.929499816894531250e+01
4.482799911499023438e+01
3.204827880859375000e+03
2.983049926757812500e+02
9.536999702453613281e+00
1.351423950195312500e+03
2.708988037109375000e+03
4.432430114746093750e+02
2.531299972534179688e+01
4.138330078125000000e+02
2.225548095703125000e+03
2.458415039062500000e+03
4.025199890136718750e+01
4.249700164794921875e+01
7.774467773437500000e+03
3.579999923706054688e+00
6.143299865722656250e+01
6.311680297851562500e+02
1.432656005859375000e+03
5.571699905395507812e+01
1.350842041015625000e+03
1.129779968261718750e+02
1.694799995422363281e+01
8.541699981689453125e+01
4.573857910156250000e+03
3.363199996948242188e+01
7.787319946289062500e+02
3.041829101562500000e+03
3.165999889373779297e+00
3.467990112304687500e+02
8.171999931335449219e+00
3.068000078201293945e+00
5.001699829101562500e+01
9.255899810791015625e+01
7.305599975585937500e+01
2.080699920654296875e+01
7.874900054931640625e+01
7.958700195312500000e+03
9.963000297546386719e+00
5.486800003051757812e+01
2.794712890625000000e+03
5.904600143432617188e+01
7.179329833984375000e+02
8.207199859619140625e+01
1.185579956054687500e+03
2.413060058593750000e+03
3.887437011718750000e+03
6.850999832153320312e+00
6.142379760742187500e+02
6.192475097656250000e+03
1.587159057617187500e+03
2.987583984375000000e+03
3.799899902343750000e+02
3.649800109863281250e+01
8.886399841308593750e+01
5.715499877929687500e+01
3.151560058593750000e+02
9.570600128173828125e+01
3.739677001953125000e+03
4.328000068664550781e+00
2.364980010986328125e+02
6.872600097656250000e+02
1.896100044250488281e+01
1.767612060546875000e+03
1.310549926757812500e+02
4.304939880371093750e+02
1.915699958801269531e+01
9.230180053710937500e+02
5.728000164031982422e+00
9.173600006103515625e+01
2.425169982910156250e+02
2.036679992675781250e+02
8.443750000000000000e+02
3.254819946289062500e+02
3.950227050781250000e+03
1.799125000000000000e+03
1.627499961853027344e+01
5.566300048828125000e+02
1.892608032226562500e+03
4.011962890625000000e+03
1.424806030273437500e+03
3.832699966430664062e+01
2.484109954833984375e+02
1.708755981445312500e+03
2.892690124511718750e+02
2.319024902343750000e+03
5.109100036621093750e+02
1.013723022460937500e+03
4.331149902343750000e+02
3.570400085449218750e+02
2.280102050781250000e+03
5.390999794006347656e+00
6.318209838867187500e+02
8.699879760742187500e+02
7.277899932861328125e+01
2.526390075683593750e+02
4.459648925781250000e+03
4.408300018310546875e+01
3.941032958984375000e+03
2.131399917602539062e+01
5.301200103759765625e+01
1.908880004882812500e+02
3.507500076293945312e+01
1.017440032958984375e+02
1.361269042968750000e+03
9.671601562500000000e+03
4.642200088500976562e+01
2.397100067138671875e+01
1.977121948242187500e+03
6.920400238037109375e+01
2.624049987792968750e+02
1.852594970703125000e+03
1.894790039062500000e+02
1.016449966430664062e+02
4.414519958496093750e+02
1.072119979858398438e+02
3.721119995117187500e+02
8.523300170898437500e+01
1.335299968719482422e+01
3.071799926757812500e+02
9.703202148437500000e+03
1.585939941406250000e+02
8.467899780273437500e+02
4.591000080108642578e+00
7.561149902343750000e+02
4.432659912109375000e+02
5.456519775390625000e+02
1.572590026855468750e+02
1.219511962890625000e+03
1.952669982910156250e+02
2.508900070190429688e+01
2.894438964843750000e+03
2.249709930419921875e+02
7.492700195312500000e+01
1.925900024414062500e+03
7.817949829101562500e+02
8.599500274658203125e+01
5.006425781250000000e+03
9.711439819335937500e+02
1.465209960937500000e+02
5.295430297851562500e+02
4.474049987792968750e+02
3.169899940490722656e+01
1.513270019531250000e+03
1.307385986328125000e+03
2.140378906250000000e+03
5.289260253906250000e+02
3.235029907226562500e+02
4.628200149536132812e+01
1.574766967773437500e+03
1.158239974975585938e+02
2.474490051269531250e+02
6.739600372314453125e+01
9.647910156250000000e+02
1.124651000976562500e+03
2.626199913024902344e+01
2.995020141601562500e+02
7.803140258789062500e+02
1.862250976562500000e+03
2.709860107421875000e+03
8.300170288085937500e+02
5.048330078125000000e+02
2.911499977111816406e+01
9.582399749755859375e+01
8.001000404357910156e+00
1.543489990234375000e+02
7.093999862670898438e+00
8.952211914062500000e+03
1.977920074462890625e+02
1.094900035858154297e+01
7.883999824523925781e+00
2.407359924316406250e+02
9.197890014648437500e+02
2.378860015869140625e+02
4.402000045776367188e+01
9.675999641418457031e+00
7.866999816894531250e+01
9.659999847412109375e+00
2.100625976562500000e+03
6.423999786376953125e+00
3.481397949218750000e+03
4.829475097656250000e+03
7.385889892578125000e+02
6.200520019531250000e+02
1.437863037109375000e+03
3.682992919921875000e+03
2.439720001220703125e+02
4.644209899902343750e+02
8.323169921875000000e+03
7.660289916992187500e+02
1.347500038146972656e+01
8.001999855041503906e+00
5.302700042724609375e+01
1.252910003662109375e+02
2.091808105468750000e+03
3.762812988281250000e+03
1.756399917602539062e+01
1.331864013671875000e+03
1.958156005859375000e+03
3.851000070571899414e+00
2.521299934387207031e+01
1.104240036010742188e+02
1.637522949218750000e+03
3.935979919433593750e+02
1.197959960937500000e+03
2.200470947265625000e+03
6.588200378417968750e+01
1.170499992370605469e+01
4.410180053710937500e+02
6.913000106811523438e+00
1.375679931640625000e+02
4.277890014648437500e+02
1.261892944335937500e+03
6.501499938964843750e+01
1.957447021484375000e+03
1.459920043945312500e+02
1.519799995422363281e+01
1.548569946289062500e+02
2.534299926757812500e+02
8.394520263671875000e+02
9.032700347900390625e+01
5.296500244140625000e+02
1.005674011230468750e+03
1.812669982910156250e+02
1.025052001953125000e+03
3.316053955078125000e+03
3.677260009765625000e+03
1.472099971771240234e+01
7.587999820709228516e+00
2.976069946289062500e+02
1.359488037109375000e+03
5.604000091552734375e+00
4.142049865722656250e+02
4.806900024414062500e+02
3.672250061035156250e+02
8.583270263671875000e+02
1.202040023803710938e+02
3.049347900390625000e+03
2.319764892578125000e+03
1.031230010986328125e+02
1.928650054931640625e+02
1.596391967773437500e+03
4.960305175781250000e+03
2.741700927734375000e+03
2.042559967041015625e+02
1.482199954986572266e+01
5.267000198364257812e+00
5.366430053710937500e+02
5.551000118255615234e+00
3.798039855957031250e+02
3.382341064453125000e+03
5.915999984741210938e+01
2.371123046875000000e+03
1.010762023925781250e+03
3.073619995117187500e+02
2.660599121093750000e+03
2.519149932861328125e+02
5.859000205993652344e+00
3.178663085937500000e+03
6.445538085937500000e+03
1.487440032958984375e+02
3.409999847412109375e+01
1.677657958984375000e+03
4.562599945068359375e+01
1.098923950195312500e+03
7.242860107421875000e+02
7.950800170898437500e+02
1.763840026855468750e+02
7.980469970703125000e+02
4.583791015625000000e+03
2.410568115234375000e+03
1.722311035156250000e+03
2.164100074768066406e+01
4.766300048828125000e+02
8.054569702148437500e+02
1.304197021484375000e+03
3.387618896484375000e+03
2.255082031250000000e+03
3.833190002441406250e+02
1.487259979248046875e+02
3.880899810791015625e+01
7.957650146484375000e+02
9.935620117187500000e+02
7.016000366210937500e+01
2.565900039672851562e+01
1.308199977874755859e+01
4.295369873046875000e+02
1.101156982421875000e+03
1.373090057373046875e+02
7.334039916992187500e+02
4.971239929199218750e+02
5.671380004882812500e+02
4.342260131835937500e+02
7.658229980468750000e+02
4.824399948120117188e+01
1.535099983215332031e+01
1.883077026367187500e+03
2.712800025939941406e+01
1.145109985351562500e+03
2.548259033203125000e+03
1.962140045166015625e+02
2.406076904296875000e+03
1.281900024414062500e+01
5.184000015258789062e+00
2.432599945068359375e+02
6.363999938964843750e+01
2.259000062942504883e+00
6.381700134277343750e+01
2.504649963378906250e+02
1.832240966796875000e+03
3.150939941406250000e+02
9.641740112304687500e+02
3.805230102539062500e+02
4.137400054931640625e+01
2.271860046386718750e+02
5.455300140380859375e+01
4.617399978637695312e+01
7.918389892578125000e+02
1.232199954986572266e+01
1.733058959960937500e+03
8.011500244140625000e+02
9.051179809570312500e+02
4.646350097656250000e+02
4.035400009155273438e+01
1.245400047302246094e+01
4.319499969482421875e+01
2.376239929199218750e+02
2.394010009765625000e+02
4.872711914062500000e+03
5.658300018310546875e+01
2.956772949218750000e+03
2.200166015625000000e+03
1.375500011444091797e+01
1.594823974609375000e+03
8.458999633789062500e+00
9.923999786376953125e+01
5.034999847412109375e+00
1.614839935302734375e+02
1.183600044250488281e+01
1.276152954101562500e+03
2.919309997558593750e+02
1.682209960937500000e+03
2.808909912109375000e+02
8.729199981689453125e+01
4.587560119628906250e+02
5.999200057983398438e+01
2.860137939453125000e+03
1.135000038146972656e+01
7.606710205078125000e+02
1.819397949218750000e+03
7.031849975585937500e+02
3.351599884033203125e+01
5.510720214843750000e+03
4.029339904785156250e+02
9.503600311279296875e+01
1.640999984741210938e+01
1.173838989257812500e+03
2.489069976806640625e+02
1.196179962158203125e+02
4.925060119628906250e+02
3.404630126953125000e+02
3.664590148925781250e+02
1.210029983520507812e+02
2.195299987792968750e+02
3.171000003814697266e+00
3.619960021972656250e+02
8.569050292968750000e+02
3.092839965820312500e+02
4.495299911499023438e+01
4.090299987792968750e+01
6.667930297851562500e+02
2.988199996948242188e+01
1.751258056640625000e+03
8.093472167968750000e+03
9.330500030517578125e+01
1.733677978515625000e+03
3.096839904785156250e+02
3.530179931640625000e+03
4.967000007629394531e+00
2.716990051269531250e+02
2.076060028076171875e+02
5.551459960937500000e+02
1.467380065917968750e+02
1.230447998046875000e+03
1.391490020751953125e+02
5.665349731445312500e+02
6.103900146484375000e+01
2.602250061035156250e+02
2.948380126953125000e+02
9.738400268554687500e+02
2.195899963378906250e+01
4.480289916992187500e+02
6.527999877929687500e+00
7.117199707031250000e+01
3.082260131835937500e+02
4.807300186157226562e+01
8.337000274658203125e+01
6.288999938964843750e+01
4.600539855957031250e+02
4.940999984741210938e+00
1.559058959960937500e+03
9.243000030517578125e+00
1.126876953125000000e+03
7.925180175781250000e+03
3.130379943847656250e+02
2.809649963378906250e+02
5.644900131225585938e+01
1.266949996948242188e+02
1.901479949951171875e+02
1.279899978637695312e+01
6.009340209960937500e+02
4.335740051269531250e+02
1.732957031250000000e+03
9.645999908447265625e+00
1.967850036621093750e+02
1.716642944335937500e+03
6.384099960327148438e+01
1.276009979248046875e+02
3.031552001953125000e+03
2.575041015625000000e+03
7.206979980468750000e+02
3.174007080078125000e+03
4.279618164062500000e+03
1.780100059509277344e+01
7.612999916076660156e+00
1.571190032958984375e+02
7.094999790191650391e+00
1.089922973632812500e+03
1.187009963989257812e+02
8.177600097656250000e+01
7.214000225067138672e+00
6.072169799804687500e+02
1.382071044921875000e+03
1.500522949218750000e+03
1.245701049804687500e+03
5.893950195312500000e+02
5.411209716796875000e+02
1.242740020751953125e+02
1.985500030517578125e+02
8.413060302734375000e+02
1.139769042968750000e+03
1.180770034790039062e+02
3.880583984375000000e+03
9.831999778747558594e+00
2.579282958984375000e+03
2.623789978027343750e+02
1.228953979492187500e+03
5.397999763488769531e+00
2.422735107421875000e+03
8.819999694824218750e+00
3.862999916076660156e+00
7.163188964843750000e+03
4.552690124511718750e+02
5.766025878906250000e+03
3.866299819946289062e+01
2.974300048828125000e+03
3.595797119140625000e+03
2.118619995117187500e+02
4.633000183105468750e+01
2.652860107421875000e+02
4.627099990844726562e+01
8.305300140380859375e+01
5.601770019531250000e+02
3.640019042968750000e+03
1.017578979492187500e+03
6.095230102539062500e+02
4.644289855957031250e+02
5.650087890625000000e+03
5.340109863281250000e+02
9.612800292968750000e+02
3.850830078125000000e+02
2.173390045166015625e+02
7.060999870300292969e+00
7.581999778747558594e+00
1.663415039062500000e+03
1.345711059570312500e+03
6.319130249023437500e+02
1.877442016601562500e+03
4.643454101562500000e+03
3.009635986328125000e+03
1.891799926757812500e+01
1.463322021484375000e+03
5.444300079345703125e+01
8.300999641418457031e+00
3.332174072265625000e+03
1.758399963378906250e+01
9.459390258789062500e+02
1.548589935302734375e+02
2.675230102539062500e+02
1.273909988403320312e+02
2.851000070571899414e+00
8.200900268554687500e+01
4.747000217437744141e+00
3.500267089843750000e+03
1.114500045776367188e+01
6.881186035156250000e+03
1.847079925537109375e+02
9.805000305175781250e+00
6.202280273437500000e+02
1.680999994277954102e+00
7.354879760742187500e+02
2.605390014648437500e+02
4.005499877929687500e+02
1.842250000000000000e+03
9.450819702148437500e+02
4.402999877929687500e+00
1.025530014038085938e+02
1.359446044921875000e+03
2.754479980468750000e+03
3.088479919433593750e+02
1.569005004882812500e+03
4.571099853515625000e+02
1.008219970703125000e+03
8.580999755859375000e+01
1.681399917602539062e+01
3.713200073242187500e+02
4.919609985351562500e+02
3.522179870605468750e+02
3.902177978515625000e+03
2.992709960937500000e+02
3.441199874877929688e+01
