6.764299926757812500e+02
2.001076171875000000e+04
1.828890075683593750e+02
6.675025000000000000e+04
3.037526953125000000e+04
1.432839965820312500e+02
2.663323242187500000e+04
4.165303906250000000e+04
2.249322998046875000e+03
9.136390625000000000e+03
8.035310058593750000e+03
9.446786718750000000e+04
6.619520996093750000e+03
1.211523046875000000e+05
6.197632031250000000e+04
7.797739868164062500e+02
8.063000000000000000e+03
5.805750122070312500e+02
2.828961914062500000e+03
4.309127929687500000e+03
2.564701562500000000e+04
1.031710156250000000e+04
2.366781005859375000e+03
1.925361132812500000e+04
4.240898046875000000e+04
6.775042187500000000e+04
3.566167500000000000e+05
3.825390014648437500e+02
1.567529003906250000e+04
9.481411132812500000e+03
1.837515820312500000e+04
1.458701953125000000e+04
2.422266113281250000e+03
2.982511718750000000e+04
1.904323974609375000e+03
2.544326904296875000e+03
2.818986083984375000e+03
3.376975781250000000e+04
3.757194531250000000e+04
1.853894726562500000e+04
3.060871289062500000e+04
9.953049804687500000e+03
5.166073046875000000e+04
5.755625781250000000e+04
1.159182187500000000e+05
3.424819091796875000e+03
3.872773925781250000e+03
1.794935937500000000e+04
7.233299804687500000e+03
8.776660156250000000e+02
3.170106933593750000e+03
8.459737304687500000e+03
4.015694091796875000e+03
5.407966796875000000e+03
2.423691015625000000e+04
5.158148125000000000e+05
1.371359985351562500e+03
7.268635937500000000e+04
1.776206054687500000e+04
9.224800000000000000e+04
1.370011962890625000e+03
9.650853906250000000e+04
1.193552832031250000e+04
1.594001250000000000e+05
1.160412597656250000e+04
2.343623046875000000e+03
2.837938085937500000e+04
1.025328906250000000e+04
1.614468017578125000e+03
2.465750781250000000e+04
2.899124023437500000e+03
1.793197265625000000e+04
3.874930908203125000e+03
7.169188281250000000e+04
2.803130273437500000e+04
1.192043164062500000e+04
9.821541992187500000e+03
1.348299062500000000e+05
2.505073632812500000e+04
1.123962036132812500e+03
3.288736083984375000e+03
1.359973339843750000e+04
8.874291015625000000e+03
7.162217968750000000e+04
1.111499023437500000e+03
1.452153808593750000e+04
2.629978750000000000e+05
1.226586059570312500e+03
9.929869995117187500e+02
3.740693437500000000e+05
1.563126562500000000e+04
1.956659687500000000e+05
8.143035156250000000e+03
1.318824687500000000e+05
7.969696777343750000e+03
7.338101074218750000e+03
1.991227539062500000e+04
2.424675468750000000e+05
1.023861562500000000e+05
6.813878125000000000e+04
2.611959960937500000e+03
1.802004296875000000e+04
5.158892578125000000e+04
6.371970214843750000e+03
4.740340625000000000e+04
5.333510131835937500e+02
1.097245390625000000e+05
4.488080078125000000e+03
9.195603906250000000e+04
5.057246093750000000e+03
8.637739843750000000e+04
3.159846923828125000e+03
6.447670288085937500e+02
1.004286987304687500e+03
1.472458496093750000e+04
3.251985107421875000e+03
2.189837890625000000e+03
8.456786132812500000e+03
8.316547656250000000e+04
4.731029785156250000e+03
1.158812988281250000e+03
3.418973125000000000e+05
5.126726875000000000e+05
3.114718017578125000e+03
1.099083007812500000e+03
8.696400000000000000e+04
1.961280664062500000e+04
2.035303593750000000e+05
1.347834687500000000e+05
1.342005981445312500e+03
1.676586132812500000e+04
7.204715820312500000e+03
2.941809082031250000e+03
2.233049072265625000e+03
4.430012500000000000e+04
2.404062011718750000e+03
3.685269531250000000e+04
2.352593750000000000e+04
1.437952026367187500e+03
1.641778710937500000e+04
1.695867382812500000e+04
3.821922265625000000e+04
9.245289062500000000e+03
1.272595898437500000e+04
1.488728027343750000e+03
3.474753125000000000e+04
1.904271289062500000e+04
5.864538085937500000e+03
9.800310058593750000e+02
9.245230102539062500e+02
8.303012695312500000e+03
2.463420898437500000e+03
3.105062988281250000e+03
4.573102050781250000e+03
4.318697812500000000e+05
4.803693750000000000e+04
1.594263906250000000e+05
3.583200073242187500e+01
5.437659912109375000e+02
1.087961328125000000e+04
2.897367187500000000e+04
5.540078125000000000e+03
1.489930312500000000e+05
5.590850625000000000e+05
4.498998046875000000e+03
6.039060058593750000e+02
4.510141113281250000e+03
7.132983593750000000e+04
4.558187988281250000e+03
1.412029003906250000e+04
3.862160888671875000e+03
3.993292968750000000e+03
1.898821044921875000e+03
1.765655859375000000e+04
1.285465136718750000e+04
7.133866210937500000e+03
1.839574218750000000e+04
7.448456250000000000e+04
8.058060302734375000e+02
9.021669921875000000e+02
2.322508007812500000e+04
6.264613769531250000e+03
1.276093261718750000e+04
1.747966601562500000e+04
2.159976074218750000e+03
8.105296875000000000e+03
6.259383593750000000e+04
1.406580859375000000e+04
7.553959960937500000e+03
1.415584960937500000e+03
1.179099902343750000e+04
4.115650878906250000e+03
4.728082031250000000e+04
1.587466796875000000e+04
2.930134960937500000e+04
4.226377343750000000e+04
2.585054492187500000e+04
6.590037500000000000e+04
1.937029296875000000e+04
1.125850292968750000e+04
5.845747070312500000e+03
4.111241406250000000e+04
4.376215820312500000e+03
3.959398925781250000e+03
6.863499023437500000e+03
1.810198974609375000e+03
2.982520000000000000e+05
1.785970001220703125e+02
2.033410351562500000e+04
7.272460937500000000e+03
3.724273437500000000e+04
6.497488671875000000e+04
2.926455078125000000e+03
4.007319946289062500e+02
8.238718750000000000e+04
2.485842041015625000e+03
6.368586914062500000e+03
1.927089257812500000e+04
1.018161987304687500e+03
3.962783203125000000e+04
1.943064062500000000e+04
6.557153808593750000e+03
6.724015136718750000e+03
2.308400000000000000e+04
2.845917968750000000e+04
7.078139160156250000e+03
6.795050781250000000e+03
2.403910156250000000e+04
4.629952148437500000e+03
1.555168125000000000e+05
2.226500781250000000e+05
4.097996093750000000e+04
1.391863378906250000e+04
3.262890234375000000e+04
9.597609863281250000e+02
1.257109765625000000e+05
1.596427001953125000e+03
2.874678125000000000e+04
7.669582031250000000e+04
6.668610156250000000e+04
1.013705566406250000e+04
1.884552343750000000e+04
9.029416015625000000e+03
2.316710742187500000e+04
1.103895859375000000e+05
4.672221875000000000e+04
1.560459179687500000e+04
2.835903710937500000e+04
1.709961059570312500e+03
3.191157226562500000e+04
1.916869995117187500e+03
3.372141113281250000e+03
1.205953320312500000e+04
2.202665625000000000e+04
3.503038085937500000e+03
7.951208593750000000e+04
2.871930273437500000e+04
1.464525683593750000e+04
5.043838671875000000e+04
4.815457031250000000e+03
1.718918945312500000e+03
6.007497070312500000e+03
1.239756958007812500e+03
6.782990112304687500e+02
6.833127929687500000e+03
1.724165234375000000e+04
1.013208789062500000e+04
6.133119531250000000e+04
4.246430053710937500e+02
2.124682187500000000e+05
6.394886230468750000e+03
2.021393750000000000e+04
2.520394140625000000e+04
1.464374804687500000e+04
3.287440917968750000e+03
2.068249023437500000e+03
1.406803955078125000e+03
1.108124023437500000e+03
1.133913671875000000e+04
4.227732500000000000e+05
2.157010156250000000e+04
3.865407958984375000e+03
3.873593994140625000e+03
2.222553955078125000e+03
1.752881835937500000e+04
1.261866171875000000e+05
4.577886718750000000e+04
2.118565820312500000e+04
8.957051757812500000e+03
1.852166992187500000e+03
5.972346093750000000e+04
3.780221093750000000e+04
2.603405029296875000e+03
1.476246948242187500e+03
7.496424804687500000e+03
1.016899023437500000e+04
2.476313281250000000e+04
4.247542968750000000e+03
2.073947021484375000e+03
2.274531982421875000e+03
1.904895996093750000e+03
3.062393066406250000e+03
3.069817578125000000e+04
1.286777929687500000e+04
1.359265991210937500e+03
4.763717773437500000e+03
1.121080468750000000e+04
1.882946044921875000e+03
4.982205078125000000e+03
3.382508056640625000e+03
2.574429931640625000e+02
3.089739990234375000e+02
4.082476074218750000e+03
2.071363085937500000e+04
1.176595898437500000e+04
1.457617773437500000e+04
4.639891113281250000e+03
1.488764038085937500e+03
2.314899804687500000e+04
6.392375000000000000e+03
5.392659912109375000e+02
5.707465820312500000e+03
8.084200286865234375e+01
3.058298437500000000e+04
6.561531250000000000e+04
2.526533984375000000e+04
1.908165820312500000e+04
4.451829101562500000e+03
7.045079956054687500e+02
2.074072998046875000e+03
6.000718750000000000e+05
1.526597265625000000e+04
1.303753828125000000e+05
9.893805664062500000e+03
1.694837500000000000e+04
6.259258789062500000e+03
5.596392089843750000e+03
8.343685937500000000e+04
1.281161250000000000e+05
3.581616943359375000e+03
3.057027734375000000e+04
8.777372070312500000e+03
8.212561523437500000e+03
3.001659912109375000e+03
1.104479003906250000e+03
2.438907226562500000e+04
3.511335937500000000e+03
5.962013281250000000e+04
3.849637939453125000e+03
5.025915234375000000e+04
6.282607031250000000e+04
1.563614013671875000e+03
6.851274902343750000e+03
3.531471484375000000e+04
1.986547973632812500e+03
9.262969970703125000e+02
1.086655312500000000e+05
1.027077246093750000e+04
1.068229003906250000e+04
4.481801757812500000e+03
1.713113085937500000e+04
4.357780761718750000e+03
3.612397265625000000e+04
2.764658935546875000e+03
1.200335839843750000e+04
6.228170898437500000e+03
1.025920605468750000e+04
2.346335468750000000e+05
9.612880859375000000e+03
1.299250000000000000e+03
8.470796875000000000e+04
2.839783935546875000e+03
3.821039062500000000e+03
3.365738037109375000e+03
1.595470410156250000e+04
7.087098144531250000e+03
2.854483886718750000e+03
1.498373046875000000e+03
1.337644042968750000e+03
3.811949951171875000e+03
5.931647949218750000e+03
2.472796289062500000e+04
6.927465625000000000e+04
7.059480957031250000e+03
5.682619140625000000e+03
5.715709838867187500e+02
3.195951904296875000e+03
1.226921972656250000e+04
2.019071044921875000e+03
4.876730041503906250e+02
5.168466796875000000e+03
1.953905859375000000e+04
3.791648925781250000e+03
4.491079101562500000e+03
1.127294628906250000e+04
1.042975078125000000e+05
8.360885937500000000e+04
4.075619921875000000e+04
2.338170013427734375e+02
7.820579833984375000e+02
3.132473437500000000e+04
3.440523828125000000e+04
1.932389375000000000e+05
4.455516113281250000e+03
3.651080017089843750e+02
6.209425781250000000e+04
8.944924218750000000e+04
8.842990112304687500e+02
2.177436718750000000e+04
2.726210021972656250e+02
1.578840820312500000e+04
1.042839355468750000e+04
8.454532031250000000e+04
1.035265917968750000e+04
8.699782031250000000e+04
6.022316015625000000e+04
1.879795043945312500e+03
1.460156005859375000e+03
1.390954956054687500e+03
3.908479003906250000e+03
1.146844140625000000e+04
1.085186875000000000e+05
8.262173828125000000e+03
8.480041406250000000e+04
5.007462890625000000e+03
1.561928710937500000e+04
8.954819335937500000e+03
6.544481250000000000e+05
4.250460546875000000e+04
1.817570312500000000e+04
3.774476171875000000e+04
1.949071484375000000e+04
4.612465625000000000e+04
1.789376367187500000e+04
1.064853046875000000e+05
7.918604003906250000e+03
1.867430000000000000e+05
2.761315917968750000e+03
1.991526953125000000e+04
1.010950012207031250e+02
9.820300781250000000e+03
1.623386406250000000e+05
1.463849945068359375e+02
2.295555908203125000e+03
4.900143750000000000e+04
2.256507617187500000e+04
1.395300006866455078e+01
2.931376953125000000e+03
4.935440063476562500e+02
1.620584765625000000e+04
1.549218017578125000e+03
3.838900781250000000e+04
2.897257617187500000e+04
2.522040156250000000e+05
4.449240234375000000e+03
1.400722343750000000e+05
1.051892944335937500e+03
9.185000419616699219e+00
1.187837402343750000e+04
1.120856542968750000e+04
4.528390625000000000e+05
1.270754394531250000e+04
2.729250000000000000e+03
2.415064941406250000e+03
3.395332812500000000e+04
2.911196289062500000e+04
3.188538476562500000e+04
1.382633056640625000e+03
1.214071875000000000e+04
1.197514843750000000e+05
9.845360107421875000e+02
1.119089355468750000e+04
1.044758496093750000e+04
1.969572998046875000e+03
1.429564941406250000e+03
2.236642089843750000e+03
9.901799804687500000e+03
1.278335546875000000e+04
2.260627500000000000e+05
8.113541015625000000e+03
9.106613281250000000e+03
8.698372070312500000e+03
2.363127656250000000e+05
6.797142968750000000e+04
1.116257812500000000e+04
1.538763906250000000e+05
1.406919140625000000e+04
1.234895234375000000e+05
1.801695507812500000e+04
1.930613037109375000e+03
4.110160937500000000e+04
3.951549072265625000e+03
4.683961718750000000e+04
7.178709716796875000e+02
6.969858886718750000e+03
7.998037500000000000e+04
1.439421679687500000e+04
3.359440234375000000e+04
7.723620117187500000e+03
2.329389892578125000e+03
2.801431884765625000e+03
8.661162109375000000e+03
4.454229687500000000e+04
3.209590087890625000e+03
2.383605957031250000e+03
6.460688281250000000e+04
5.559253906250000000e+03
1.147361015625000000e+05
8.107921875000000000e+04
5.401300048828125000e+02
1.634755937500000000e+05
3.063793945312500000e+03
1.524201562500000000e+05
3.571777099609375000e+03
2.923565625000000000e+04
3.833674072265625000e+03
2.013380981445312500e+03
8.019048828125000000e+03
8.995549926757812500e+02
5.846292968750000000e+03
1.494484687500000000e+05
5.937986250000000000e+05
2.028016796875000000e+04
7.397875781250000000e+04
2.254792968750000000e+03
5.164024902343750000e+03
2.933043945312500000e+03
1.668186035156250000e+03
3.020163671875000000e+04
9.013164062500000000e+04
2.196991093750000000e+05
6.513762207031250000e+03
2.134989648437500000e+04
2.200836328125000000e+04
5.517399978637695312e+01
5.539019042968750000e+03
1.969099998474121094e+01
4.019583984375000000e+03
4.466889453125000000e+04
2.633049023437500000e+04
1.023189160156250000e+04
4.501954296875000000e+04
2.896406054687500000e+04
4.668993359375000000e+04
2.590143164062500000e+04
5.320709838867187500e+02
7.020517089843750000e+03
6.607448242187500000e+03
4.363981933593750000e+03
2.427558105468750000e+03
1.170198144531250000e+04
5.173909912109375000e+02
2.070555468750000000e+04
3.900901562500000000e+04
3.260330078125000000e+03
4.110700000000000000e+05
6.312762890625000000e+04
3.415611328125000000e+04
4.291559375000000000e+04
1.456037963867187500e+03
4.018052978515625000e+03
1.029083203125000000e+04
6.921543945312500000e+03
2.576229980468750000e+03
3.560995117187500000e+03
8.068294531250000000e+04
2.964166992187500000e+03
1.521603027343750000e+03
2.013179931640625000e+02
1.083574687500000000e+05
1.151088476562500000e+04
3.087093017578125000e+03
3.580810058593750000e+03
3.674336250000000000e+05
6.309926757812500000e+03
7.536203125000000000e+03
1.835510937500000000e+05
2.086769218750000000e+05
1.011900546875000000e+05
1.260098535156250000e+04
3.620144531250000000e+04
1.398809570312500000e+04
3.345383593750000000e+04
1.714002968750000000e+05
4.139089965820312500e+02
3.445725097656250000e+03
1.985240020751953125e+02
1.695812304687500000e+04
6.247000217437744141e+00
3.982774902343750000e+03
3.161706054687500000e+03
2.116245117187500000e+03
3.571409765625000000e+04
2.259058789062500000e+04
8.037295312500000000e+04
6.160339843750000000e+04
1.798750585937500000e+04
7.684435156250000000e+04
6.853492187500000000e+04
2.228200073242187500e+02
1.990192993164062500e+03
1.680113671875000000e+04
1.561285058593750000e+04
2.683334960937500000e+03
3.117185058593750000e+03
2.407242919921875000e+03
7.844846191406250000e+03
8.387065625000000000e+04
3.253052001953125000e+03
2.960805625000000000e+05
3.067942187500000000e+05
1.257759863281250000e+04
1.233055859375000000e+04
1.630187890625000000e+04
1.306890014648437500e+03
4.216708593750000000e+04
1.067597460937500000e+04
1.387939218750000000e+05
5.024511230468750000e+03
2.153928320312500000e+04
4.264257812500000000e+03
3.516565917968750000e+03
1.799898632812500000e+04
1.815087890625000000e+04
8.310333593750000000e+04
2.050543945312500000e+04
1.386666992187500000e+03
4.532214453125000000e+04
2.701900024414062500e+02
1.424286093750000000e+05
4.545314375000000000e+05
2.133924072265625000e+03
9.632091406250000000e+04
1.241489648437500000e+04
4.822833984375000000e+03
4.736793945312500000e+03
1.731657656250000000e+05
5.609950195312500000e+03
8.395300292968750000e+01
6.643611816406250000e+03
1.409922973632812500e+03
5.551187500000000000e+04
3.718836328125000000e+04
3.760707031250000000e+03
2.231933125000000000e+05
2.077298125000000000e+05
1.895013085937500000e+04
7.398921875000000000e+04
6.333615234375000000e+03
8.937814453125000000e+03
2.418327343750000000e+04
1.709689941406250000e+03
1.211335351562500000e+04
1.542871093750000000e+04
5.825333984375000000e+03
2.168395781250000000e+05
1.757946875000000000e+04
1.860673950195312500e+03
2.398691894531250000e+03
1.602863574218750000e+04
6.184025781250000000e+04
8.094375000000000000e+04
3.214228710937500000e+04
2.129082031250000000e+05
3.126928955078125000e+03
7.817646972656250000e+03
3.795809936523437500e+02
1.195210037231445312e+02
2.766981835937500000e+04
6.982917968750000000e+03
2.429136914062500000e+04
8.728549804687500000e+03
2.376205078125000000e+03
5.163093750000000000e+05
8.802056250000000000e+04
1.221577026367187500e+03
1.992569687500000000e+05
3.209339904785156250e+02
7.010029907226562500e+02
1.600083984375000000e+03
3.378376562500000000e+04
2.235690917968750000e+03
1.453802001953125000e+03
2.555584765625000000e+04
2.485138916015625000e+03
1.716047656250000000e+04
4.534532421875000000e+04
3.755173125000000000e+05
1.050675048828125000e+03
3.759437988281250000e+03
8.941836914062500000e+03
1.061628515625000000e+04
1.210452578125000000e+05
4.382034765625000000e+04
2.525946718750000000e+05
2.692190234375000000e+04
1.568576757812500000e+04
1.176688085937500000e+04
1.486006835937500000e+04
5.982450000000000000e+04
2.832558984375000000e+04
9.193397460937500000e+03
1.751571289062500000e+04
7.101338867187500000e+03
1.329845507812500000e+04
1.262692734375000000e+05
3.739702187500000000e+05
4.595158203125000000e+03
2.185431250000000000e+04
1.385634667968750000e+04
4.038824218750000000e+04
9.569370117187500000e+02
5.191051562500000000e+04
9.874019775390625000e+02
3.014331054687500000e+03
3.997302978515625000e+03
6.283220214843750000e+02
1.270942993164062500e+03
1.184674609375000000e+04
2.100462890625000000e+04
1.379477441406250000e+04
3.045809936523437500e+02
6.507239990234375000e+02
1.267117773437500000e+04
3.579791406250000000e+04
9.275310546875000000e+03
3.483935058593750000e+03
2.176000022888183594e+01
2.368200927734375000e+03
2.577550048828125000e+02
1.528025024414062500e+03
3.033671250000000000e+05
1.656738867187500000e+04
2.155850585937500000e+04
1.226741503906250000e+04
3.830069885253906250e+02
2.468798046875000000e+04
2.339153437500000000e+05
7.485000133514404297e+00
2.357043945312500000e+03
1.891369018554687500e+03
2.312770703125000000e+04
2.327542968750000000e+04
1.639516210937500000e+04
2.886719970703125000e+03
1.407414843750000000e+05
1.757986093750000000e+05
1.886859008789062500e+03
4.401296875000000000e+03
5.443654785156250000e+03
6.081782226562500000e+03
1.583168945312500000e+03
2.937437500000000000e+05
3.288091064453125000e+03
2.994829101562500000e+03
2.237003125000000000e+04
9.863962890625000000e+03
9.602483398437500000e+03
6.493151855468750000e+03
3.515650024414062500e+02
3.185825927734375000e+03
3.946629943847656250e+02
1.801075585937500000e+04
5.349405078125000000e+04
1.038061484375000000e+05
5.413571777343750000e+03
5.472800064086914062e+01
2.696689941406250000e+03
2.566176025390625000e+03
3.464773925781250000e+03
9.173215625000000000e+04
4.749492187500000000e+03
6.997130126953125000e+02
5.848039062500000000e+03
4.701420898437500000e+03
4.126824218750000000e+04
1.186831835937500000e+04
1.717070625000000000e+05
5.266262207031250000e+03
1.795086914062500000e+04
1.933590942382812500e+03
3.619178906250000000e+04
5.581010131835937500e+02
1.797864062500000000e+04
9.456259765625000000e+02
5.083057128906250000e+03
3.785192812500000000e+05
4.274830017089843750e+02
1.774155078125000000e+04
3.537496093750000000e+04
4.695212890625000000e+04
2.158228906250000000e+05
1.185395937500000000e+05
3.750648925781250000e+03
6.659040039062500000e+03
6.778199768066406250e+01
9.793579711914062500e+02
3.379020080566406250e+02
5.826628906250000000e+03
9.476006835937500000e+03
5.093848144531250000e+03
1.275078750000000000e+05
9.318070068359375000e+02
4.820036132812500000e+03
4.904003906250000000e+03
2.605502148437500000e+04
9.817299652099609375e+01
6.004813964843750000e+03
1.006943652343750000e+04
9.142071289062500000e+03
3.074391113281250000e+03
3.481207812500000000e+04
5.266520996093750000e+03
3.047473046875000000e+04
1.140636962890625000e+03
3.598739013671875000e+03
1.443849975585937500e+03
1.150952441406250000e+04
6.516801953125000000e+04
1.186804101562500000e+04
2.149287109375000000e+03
5.572198828125000000e+04
1.317842968750000000e+04
1.508360839843750000e+04
2.175397265625000000e+04
1.034439453125000000e+04
1.438136962890625000e+03
1.282288940429687500e+03
6.207667968750000000e+03
2.352417812500000000e+05
2.539366406250000000e+04
3.314993125000000000e+05
4.870612792968750000e+03
2.920839687500000000e+05
1.513818125000000000e+05
1.556534863281250000e+04
8.355301757812500000e+03
1.169217041015625000e+03
1.172971679687500000e+04
6.029379882812500000e+02
4.251946093750000000e+04
5.602990112304687500e+02
1.185368750000000000e+05
1.873360546875000000e+04
1.502339062500000000e+05
2.049437988281250000e+03
1.347900009155273438e+01
1.721768554687500000e+04
1.612012939453125000e+03
1.584648925781250000e+04
5.986923750000000000e+05
1.378433593750000000e+05
6.934630468750000000e+04
3.725907958984375000e+03
3.649292187500000000e+04
1.425747265625000000e+04
9.925311523437500000e+03
1.628409960937500000e+04
4.246682128906250000e+03
2.607199414062500000e+04
4.874547851562500000e+03
3.582343437500000000e+05
1.178600097656250000e+04
3.641300048828125000e+03
3.958300781250000000e+04
2.943904052734375000e+03
3.776876953125000000e+03
3.343406250000000000e+04
2.662003906250000000e+03
9.145960083007812500e+02
1.387894042968750000e+04
1.435708007812500000e+03
8.022599121093750000e+03
1.419305957031250000e+04
1.354793359375000000e+04
1.169787890625000000e+04
7.747512207031250000e+03
2.498118164062500000e+04
4.326122070312500000e+03
7.302290039062500000e+02
4.554900878906250000e+03
1.398907958984375000e+03
2.857868164062500000e+04
2.462778515625000000e+04
8.992466406250000000e+04
1.485038476562500000e+04
3.345599609375000000e+04
3.722791015625000000e+03
1.449694921875000000e+04
2.981906445312500000e+04
5.317993359375000000e+04
2.985045507812500000e+04
1.297772656250000000e+04
1.703510986328125000e+03
7.520789794921875000e+02
8.448120117187500000e+02
2.785935742187500000e+04
1.297590942382812500e+03
2.439880312500000000e+05
4.535543945312500000e+03
1.326307500000000000e+05
7.524244531250000000e+04
2.753562500000000000e+04
3.371401953125000000e+04
1.650970117187500000e+04
1.121472968750000000e+05
2.790223632812500000e+04
3.407311035156250000e+03
1.487047031250000000e+05
2.744925048828125000e+03
3.010349609375000000e+04
5.039480957031250000e+03
1.433081542968750000e+04
2.498365625000000000e+04
1.718000030517578125e+01
1.076619018554687500e+03
6.672639770507812500e+02
1.374583007812500000e+03
1.883876953125000000e+03
2.090121562500000000e+05
1.085942578125000000e+04
2.445387109375000000e+04
2.795826171875000000e+04
3.231189062500000000e+04
9.743170166015625000e+02
1.930851757812500000e+04
3.120770019531250000e+03
1.070379687500000000e+04
2.629362060546875000e+03
2.382884765625000000e+04
4.490692871093750000e+03
1.689337036132812500e+03
2.337871718750000000e+05
1.488163940429687500e+03
2.460938964843750000e+03
2.184422851562500000e+04
7.116371875000000000e+04
4.109312011718750000e+03
2.873633398437500000e+04
1.897672851562500000e+04
6.679100036621093750e+01
2.298785937500000000e+04
6.779426757812500000e+03
9.667550048828125000e+02
1.335427656250000000e+05
1.575029882812500000e+04
2.220917187500000000e+04
2.098559082031250000e+03
1.719937011718750000e+03
1.514781542968750000e+04
6.421519042968750000e+03
5.390084960937500000e+03
2.103225097656250000e+03
2.205851875000000000e+05
3.464948974609375000e+03
2.394549072265625000e+03
2.623041796875000000e+04
7.285952343750000000e+04
3.787715937500000000e+05
5.626707421875000000e+04
2.899920898437500000e+04
2.844469140625000000e+04
1.033990820312500000e+04
1.210343994140625000e+03
2.183762304687500000e+04
1.703300094604492188e+01
4.729035156250000000e+03
1.479113037109375000e+03
3.733519140625000000e+04
2.042520019531250000e+03
1.666068969726562500e+03
2.946474804687500000e+04
6.976810302734375000e+02
2.647107421875000000e+04
5.856985839843750000e+03
2.024760546875000000e+04
7.907129882812500000e+03
1.071201660156250000e+04
6.936610156250000000e+04
8.701532226562500000e+03
1.986272460937500000e+04
6.232724121093750000e+03
1.950880078125000000e+04
6.467581250000000000e+04
5.666392968750000000e+04
1.885998437500000000e+05
1.864001367187500000e+04
4.274784062500000000e+05
6.006566894531250000e+03
3.123547460937500000e+04
1.866779375000000000e+05
5.061549609375000000e+04
1.042513671875000000e+04
1.625657958984375000e+03
1.326099967956542969e+01
4.441959960937500000e+03
1.226507421875000000e+04
4.318219909667968750e+02
1.210313183593750000e+04
8.188300323486328125e+01
