2.074785888671875000e+03
2.536568281250000000e+05
1.422556030273437500e+03
1.375254980468750000e+04
1.339126375000000000e+06
1.645413437500000000e+05
7.376957812500000000e+04
9.374149780273437500e+02
5.243899917602539062e+01
8.873030468750000000e+04
3.171054931640625000e+03
1.647630937500000000e+05
6.970771875000000000e+04
6.861523125000000000e+05
6.837688281250000000e+04
2.931860046386718750e+02
2.531329956054687500e+02
3.239484570312500000e+04
2.178477812500000000e+05
4.576906562500000000e+05
4.098991210937500000e+03
1.725440750000000000e+06
6.519110107421875000e+02
1.430209960937500000e+02
6.189199829101562500e+01
1.735755981445312500e+03
1.514555053710937500e+03
5.113097500000000000e+05
8.293294531250000000e+04
2.469973906250000000e+05
1.980039257812500000e+04
5.719925781250000000e+03
1.338587500000000000e+06
5.464203750000000000e+05
2.423194843750000000e+05
4.162640075683593750e+02
4.628246093750000000e+03
5.165189819335937500e+02
6.309465625000000000e+04
1.266426250000000000e+05
3.078824609375000000e+04
4.850350000000000000e+05
7.871959838867187500e+02
4.901284179687500000e+03
2.546774804687500000e+04
6.413408125000000000e+05
2.357870025634765625e+02
2.832770080566406250e+02
4.890143125000000000e+05
7.150037500000000000e+04
4.028975000000000000e+05
4.240399932861328125e+01
4.396976250000000000e+05
5.877213125000000000e+05
5.545245312500000000e+04
7.603729858398437500e+02
3.310091562500000000e+05
6.917398750000000000e+05
3.319553750000000000e+05
2.317956054687500000e+03
3.103930053710937500e+02
1.532000292968750000e+04
5.528406250000000000e+05
1.380174750000000000e+06
4.616831875000000000e+05
6.955855957031250000e+03
4.142330468750000000e+04
1.122409000000000000e+06
2.380178320312500000e+04
5.239717500000000000e+05
1.667764531250000000e+05
1.191034057617187500e+03
1.307753750000000000e+06
7.935589062500000000e+04
4.327958437500000000e+05
1.660514843750000000e+04
1.525579375000000000e+05
4.418110046386718750e+02
1.045301250000000000e+05
2.866665625000000000e+05
8.420244375000000000e+05
5.694114843750000000e+04
3.352113750000000000e+05
7.427008593750000000e+04
9.545720214843750000e+02
8.915848632812500000e+03
2.922645000000000000e+05
3.015682812500000000e+05
4.101710546875000000e+04
1.246864453125000000e+04
5.270880078125000000e+04
5.042160000000000000e+05
1.913780468750000000e+05
4.700847187500000000e+05
9.491019375000000000e+05
7.165503906250000000e+04
1.236036250000000000e+06
1.401596562500000000e+05
4.557099914550781250e+01
5.061500167846679688e+01
1.470299987792968750e+02
4.029885156250000000e+04
4.784894042968750000e+03
5.869629375000000000e+05
1.106454956054687500e+03
6.356160278320312500e+02
5.618119531250000000e+04
3.722520312500000000e+05
7.697592968750000000e+04
6.236378125000000000e+04
1.301030029296875000e+03
1.991047265625000000e+04
6.284099731445312500e+02
1.977065750000000000e+06
9.432543945312500000e+03
1.549337343750000000e+05
1.735260009765625000e+02
7.787794375000000000e+05
1.572644042968750000e+03
3.668832812500000000e+04
7.495399780273437500e+02
4.089147949218750000e+03
5.408820190429687500e+02
1.665329531250000000e+05
5.235989990234375000e+02
1.803789978027343750e+02
1.224931347656250000e+04
2.023629687500000000e+05
3.926633125000000000e+05
1.385269042968750000e+03
1.768659973144531250e+02
4.704238750000000000e+05
1.540218906250000000e+05
3.448546250000000000e+05
1.662477968750000000e+05
6.340526562500000000e+04
4.550618750000000000e+04
1.093057375000000000e+06
3.266903750000000000e+05
5.236825195312500000e+03
7.832938281250000000e+04
7.385399627685546875e+01
3.865662890625000000e+04
1.270689941406250000e+03
1.314138906250000000e+05
1.939898906250000000e+05
2.835935625000000000e+05
8.231364375000000000e+05
4.447413437500000000e+05
6.093660625000000000e+05
3.235876875000000000e+05
1.041378051757812500e+03
7.508703125000000000e+03
4.731719970703125000e+02
4.450312890625000000e+04
2.799247656250000000e+04
1.784180937500000000e+05
2.666892187500000000e+05
3.987099838256835938e+01
6.348140258789062500e+02
5.457970000000000000e+05
1.806119995117187500e+02
1.044340039062500000e+04
1.844137939453125000e+03
3.853031250000000000e+05
1.393652000000000000e+06
3.596671562500000000e+05
1.535484218750000000e+05
1.154649963378906250e+02
9.420625976562500000e+03
9.783281875000000000e+05
6.272832031250000000e+04
2.511269989013671875e+02
2.045727187500000000e+05
2.775850097656250000e+03
6.135070190429687500e+02
3.201321484375000000e+04
4.280233593750000000e+04
5.202462890625000000e+03
2.539629974365234375e+02
5.453487109375000000e+04
1.628963906250000000e+05
1.710384033203125000e+03
1.610987109375000000e+04
1.765178515625000000e+04
3.014185312500000000e+05
3.565243125000000000e+05
2.303431640625000000e+04
5.494272500000000000e+05
1.217469375000000000e+06
2.089900016784667969e+01
2.997942812500000000e+05
1.101447998046875000e+03
5.590785000000000000e+05
4.808475781250000000e+04
8.102701250000000000e+05
1.726154843750000000e+05
5.090995312500000000e+04
2.625065000000000000e+05
5.054779785156250000e+03
1.889267968750000000e+05
5.066551250000000000e+05
6.721608125000000000e+05
4.032026562500000000e+05
1.795471718750000000e+05
1.224630004882812500e+03
2.837892578125000000e+04
1.429824375000000000e+05
4.255834375000000000e+05
3.396145312500000000e+05
2.403523242187500000e+04
1.989187031250000000e+05
1.281030250000000000e+06
5.504894375000000000e+05
1.801581718750000000e+05
5.122353906250000000e+04
1.878682006835937500e+03
4.905700073242187500e+02
6.353488750000000000e+05
2.901548750000000000e+05
9.483206250000000000e+04
1.861512939453125000e+03
3.017529492187500000e+04
1.007244628906250000e+04
5.318775000000000000e+05
5.592017578125000000e+04
1.705876718750000000e+05
6.467186250000000000e+05
1.648200750000000000e+06
2.211225937500000000e+05
5.862639770507812500e+02
5.909897656250000000e+04
3.522266796875000000e+04
1.057970947265625000e+03
6.386253906250000000e+04
1.051920013427734375e+02
2.009741015625000000e+04
4.803630065917968750e+02
1.710417187500000000e+04
3.877210625000000000e+05
1.968572021484375000e+03
1.555224375000000000e+05
8.128911718750000000e+04
1.505475500000000000e+06
7.965120239257812500e+02
2.367637695312500000e+04
4.939989843750000000e+04
1.709765820312500000e+04
6.004269375000000000e+05
7.305785156250000000e+04
1.489799957275390625e+02
7.439425781250000000e+03
3.316205937500000000e+05
5.449650781250000000e+04
3.912140000000000000e+05
2.183672119140625000e+03
6.301589965820312500e+02
3.842455937500000000e+05
6.010529785156250000e+02
3.287677978515625000e+03
1.746501875000000000e+05
1.975791718750000000e+05
1.308170013427734375e+02
7.597349853515625000e+02
4.686164375000000000e+05
1.178442812500000000e+05
1.124473875000000000e+06
3.536914843750000000e+04
1.297958007812500000e+03
1.374810351562500000e+04
3.776194091796875000e+03
6.662830078125000000e+03
2.390370156250000000e+05
2.334173437500000000e+04
1.524909973144531250e+02
2.015079956054687500e+02
2.748280029296875000e+02
3.306170937500000000e+05
4.527677734375000000e+04
1.112893593750000000e+05
8.613725000000000000e+04
2.914949687500000000e+05
2.178567343750000000e+05
4.336838867187500000e+03
3.877430114746093750e+02
3.436740112304687500e+02
5.325543125000000000e+05
7.294926562500000000e+04
1.617939625000000000e+06
9.196190625000000000e+04
2.099221875000000000e+04
6.109905000000000000e+05
3.194192187500000000e+05
1.593339996337890625e+02
2.940930500000000000e+06
4.144784687500000000e+05
1.453060156250000000e+04
8.271446875000000000e+04
2.332308593750000000e+04
1.551099967956542969e+01
9.838230625000000000e+05
2.772736250000000000e+05
4.694299926757812500e+02
1.265279882812500000e+04
1.996713012695312500e+03
2.356912109375000000e+04
8.917329711914062500e+02
4.772127500000000000e+05
1.795221875000000000e+05
2.210056875000000000e+05
1.503252375000000000e+06
1.264251406250000000e+05
2.108455781250000000e+05
3.442722812500000000e+05
1.030210062500000000e+06
1.249337734375000000e+05
8.476910625000000000e+05
4.843952148437500000e+03
6.051980957031250000e+03
1.505437500000000000e+05
1.983384218750000000e+05
4.756979375000000000e+05
9.700332812500000000e+04
5.549553125000000000e+04
1.115504531250000000e+05
3.562496093750000000e+04
1.250246582031250000e+04
1.331856406250000000e+05
2.957306875000000000e+05
3.912556250000000000e+04
5.174555468750000000e+04
1.001107971191406250e+03
7.483856250000000000e+05
8.489700625000000000e+05
3.370320129394531250e+02
8.905680664062500000e+03
2.330233250000000000e+06
5.299951250000000000e+05
1.630725952148437500e+03
8.012760009765625000e+02
2.832111132812500000e+04
5.577882500000000000e+05
5.338243125000000000e+05
1.976829986572265625e+02
1.159077343750000000e+05
1.246658886718750000e+04
1.227892187500000000e+04
1.021000003814697266e+01
7.601599218750000000e+04
4.125886562500000000e+05
2.709410312500000000e+05
6.918189697265625000e+02
5.462077734375000000e+04
4.334270312500000000e+04
9.321313476562500000e+03
4.151944140625000000e+04
1.080294140625000000e+04
3.408056884765625000e+03
1.236400032043457031e+01
4.734489687500000000e+05
6.463600625000000000e+05
4.421496875000000000e+05
1.827186875000000000e+05
3.867687812500000000e+05
2.538452734375000000e+04
6.747559814453125000e+02
3.581353750000000000e+05
1.211468750000000000e+06
3.561954101562500000e+03
2.848008125000000000e+05
1.399379218750000000e+05
6.912000274658203125e+01
9.904550170898437500e+02
3.176284250000000000e+06
6.586320190429687500e+02
1.834791625000000000e+06
2.144008750000000000e+05
1.338712625000000000e+06
9.832769775390625000e+02
9.196626875000000000e+05
1.151497753906250000e+04
4.546393125000000000e+05
1.428564218750000000e+05
5.877798046875000000e+04
1.417430312500000000e+05
1.850877343750000000e+05
2.674343164062500000e+04
5.119800186157226562e+01
5.914521875000000000e+05
1.383085625000000000e+05
6.815579375000000000e+05
1.196210546875000000e+05
3.286412500000000000e+05
1.181593994140625000e+03
3.713255078125000000e+04
4.518906250000000000e+04
1.603941503906250000e+04
4.467789453125000000e+04
2.874814941406250000e+03
1.012390014648437500e+03
4.537002343750000000e+04
4.836070937500000000e+05
2.089142375000000000e+06
9.674576875000000000e+05
7.093723125000000000e+05
7.201332500000000000e+05
6.647008125000000000e+05
1.191739453125000000e+04
1.182810058593750000e+03
5.682819824218750000e+02
3.567060937500000000e+05
5.083702343750000000e+04
1.196228828125000000e+05
2.510799980163574219e+01
5.786848437500000000e+04
7.449371250000000000e+05
6.806618750000000000e+05
3.643187500000000000e+04
8.827830200195312500e+02
2.012414648437500000e+04
4.409242812500000000e+05
3.966899609375000000e+04
8.009079375000000000e+05
4.213044531250000000e+04
6.518939819335937500e+02
6.928340625000000000e+05
6.682105468750000000e+04
1.126390014648437500e+03
6.822420043945312500e+02
8.493117187500000000e+04
3.044099609375000000e+04
6.245759887695312500e+02
4.806967968750000000e+04
9.544595312500000000e+04
8.973571093750000000e+04
3.832099914550781250e+01
1.258522734375000000e+05
8.658157812500000000e+04
1.091472045898437500e+03
1.118030625000000000e+05
5.897869873046875000e+02
2.202657500000000000e+05
1.190916250000000000e+05
1.003059296875000000e+05
2.508864062500000000e+04
1.694512343750000000e+05
2.139375000000000000e+03
2.297987250000000000e+06
2.579670104980468750e+02
3.951010131835937500e+02
1.341225781250000000e+05
1.710199928283691406e+01
2.406807500000000000e+05
1.793127343750000000e+05
4.956835937500000000e+05
2.399219970703125000e+02
4.365554375000000000e+05
1.453571000000000000e+06
5.128380468750000000e+04
4.627835312500000000e+05
1.073450012207031250e+02
8.131761718750000000e+04
3.006971250000000000e+05
2.646482812500000000e+05
1.357140000000000000e+05
3.065158437500000000e+05
5.746739375000000000e+05
1.495510009765625000e+03
5.784450073242187500e+02
4.963403906250000000e+04
1.759776875000000000e+05
1.366510986328125000e+03
4.577120056152343750e+02
1.389365000000000000e+06
4.520000076293945312e+01
1.032041015625000000e+03
2.201851562500000000e+04
3.727655859375000000e+04
2.526578906250000000e+05
3.082356445312500000e+04
1.633489990234375000e+02
2.022677187500000000e+05
7.884419531250000000e+04
6.580701250000000000e+05
3.164924375000000000e+05
4.138439941406250000e+02
3.659647500000000000e+05
1.662790429687500000e+04
5.053675390625000000e+04
3.105835000000000000e+05
9.952756875000000000e+05
1.235391875000000000e+06
5.347675625000000000e+05
9.457399902343750000e+02
8.088621875000000000e+05
3.773642500000000000e+05
3.828185312500000000e+05
9.974393125000000000e+05
2.372404687500000000e+05
3.971006103515625000e+03
2.188155156250000000e+05
1.114920703125000000e+05
3.119918125000000000e+05
7.469729687500000000e+04
8.981050781250000000e+03
1.615435625000000000e+05
9.406675000000000000e+04
6.785242500000000000e+05
2.397028593750000000e+05
6.481541796875000000e+04
5.742500000000000000e+02
5.535973125000000000e+05
1.656212375000000000e+06
3.226320312500000000e+05
9.295432031250000000e+04
8.793400268554687500e+02
9.207609375000000000e+03
1.482451875000000000e+05
1.622253875000000000e+06
7.764805000000000000e+05
5.805199813842773438e+01
2.883146875000000000e+05
6.140607500000000000e+05
1.197256125000000000e+06
1.245599975585937500e+02
1.178300195312500000e+04
2.548419843750000000e+05
1.565668945312500000e+03
7.913810156250000000e+04
1.917283906250000000e+05
3.041883750000000000e+05
4.163833125000000000e+05
2.044119140625000000e+04
3.822972187500000000e+05
3.071692187500000000e+05
8.790414375000000000e+05
9.299929809570312500e+02
5.567112890625000000e+04
1.441717041015625000e+03
2.391232910156250000e+03
2.618279375000000000e+05
6.481581054687500000e+03
8.345689697265625000e+02
5.486690063476562500e+02
3.883936875000000000e+05
2.233987060546875000e+03
5.179474121093750000e+03
2.783411132812500000e+04
1.108742109375000000e+05
1.433170013427734375e+02
2.537021093750000000e+05
2.592676718750000000e+05
6.722811718750000000e+04
4.686400146484375000e+02
3.458532812500000000e+05
2.609255078125000000e+04
3.810406875000000000e+05
1.585172031250000000e+05
9.431890258789062500e+02
2.510063281250000000e+04
8.552760156250000000e+04
3.818689843750000000e+04
1.176220016479492188e+02
2.869970092773437500e+02
7.317189941406250000e+02
9.370964062500000000e+04
2.159722031250000000e+05
2.971143066406250000e+03
6.755446875000000000e+05
1.453213012695312500e+03
2.869600625000000000e+05
1.313456562500000000e+05
4.602914375000000000e+05
3.090710000000000000e+05
3.922835156250000000e+04
5.803057421875000000e+04
5.276753125000000000e+05
1.446621093750000000e+05
1.633759062500000000e+05
2.859067187500000000e+05
2.052150781250000000e+04
5.478048125000000000e+05
2.067984687500000000e+05
7.262821875000000000e+04
7.233820190429687500e+02
1.325575125000000000e+06
5.027935937500000000e+05
1.787102656250000000e+05
5.136749877929687500e+02
6.017310180664062500e+02
2.049722656250000000e+04
2.483794062500000000e+05
3.552850036621093750e+02
4.377721484375000000e+04
3.469349975585937500e+02
1.765329531250000000e+05
1.667256500000000000e+06
4.583255625000000000e+05
2.497736718750000000e+05
7.523476562500000000e+04
1.041289687500000000e+06
2.115514000000000000e+06
2.328925048828125000e+03
3.361869375000000000e+05
3.642720312500000000e+04
1.029585859375000000e+05
5.839818750000000000e+05
2.080430859375000000e+04
2.521479980468750000e+03
1.140420125000000000e+06
2.792978750000000000e+05
9.487802343750000000e+04
7.800097656250000000e+04
1.060868515625000000e+05
1.352941718750000000e+05
5.321683125000000000e+05
5.526738769531250000e+03
2.699377187500000000e+05
1.408585546875000000e+04
4.262939375000000000e+05
7.647595214843750000e+03
2.243570625000000000e+05
9.042431250000000000e+04
5.133729858398437500e+02
2.582602343750000000e+05
1.189654052734375000e+03
3.035079956054687500e+02
4.667300109863281250e+02
1.546677343750000000e+05
3.803349914550781250e+02
2.152100468750000000e+05
3.900082031250000000e+04
4.675740051269531250e+02
1.665424687500000000e+05
2.140678955078125000e+03
1.793332625000000000e+06
5.493336328125000000e+04
4.747279968261718750e+02
5.843839721679687500e+02
8.268740234375000000e+02
1.277554140625000000e+05
3.852461914062500000e+03
4.913248046875000000e+04
2.807315000000000000e+05
8.119114062500000000e+04
1.443226953125000000e+04
2.586109062500000000e+05
9.388158125000000000e+05
7.726740112304687500e+02
6.897878906250000000e+03
3.328881103515625000e+03
6.027999877929687500e+00
6.880609741210937500e+02
6.825198750000000000e+05
1.726150054931640625e+02
2.307412109375000000e+03
1.726324062500000000e+05
2.789223046875000000e+04
3.706219375000000000e+05
1.522727050781250000e+03
5.555316250000000000e+05
6.995141406250000000e+04
4.621013437500000000e+05
6.710588281250000000e+04
1.387697021484375000e+03
1.587559843750000000e+05
2.150842187500000000e+05
2.822548437500000000e+04
3.163109062500000000e+05
3.226757750000000000e+06
5.819310058593750000e+03
8.214320068359375000e+02
7.317090625000000000e+04
2.196593593750000000e+05
5.085010070800781250e+02
1.004416992187500000e+04
3.978335156250000000e+04
1.131900500000000000e+06
1.265125976562500000e+03
6.062600000000000000e+05
5.317119140625000000e+03
2.467355078125000000e+04
2.506764843750000000e+05
2.205529937744140625e+02
8.947620117187500000e+03
2.455479003906250000e+03
7.423911718750000000e+04
5.183809814453125000e+02
8.380109863281250000e+02
9.451000213623046875e+00
1.319767285156250000e+04
6.256770019531250000e+02
3.714881250000000000e+05
1.313178281250000000e+05
2.895518359375000000e+04
1.936141796875000000e+04
4.097168437500000000e+05
3.421998125000000000e+05
8.519871250000000000e+05
2.922051562500000000e+05
2.800979980468750000e+03
7.692735937500000000e+04
1.487158125000000000e+05
5.987078750000000000e+05
1.633912304687500000e+04
4.369868750000000000e+04
2.066186093750000000e+05
1.392255957031250000e+04
1.777750625000000000e+05
9.008611250000000000e+05
1.286818125000000000e+06
5.021625390625000000e+04
2.751399993896484375e+01
8.509240112304687500e+02
3.493052343750000000e+04
1.301573974609375000e+03
1.487232187500000000e+05
5.049595000000000000e+05
1.114775024414062500e+03
2.075500030517578125e+02
3.327327343750000000e+04
1.446973000000000000e+06
3.464979858398437500e+02
4.402495703125000000e+04
3.341321044921875000e+03
1.160426000000000000e+06
2.202637343750000000e+05
2.785469970703125000e+02
4.073052187500000000e+05
8.460152343750000000e+04
3.307124023437500000e+03
3.285481875000000000e+05
1.218487060546875000e+03
9.474030151367187500e+02
7.504219238281250000e+03
7.634207500000000000e+05
5.742198750000000000e+05
3.680915625000000000e+05
2.205241093750000000e+05
2.945089687500000000e+05
1.407882910156250000e+04
7.636378125000000000e+05
8.413629882812500000e+03
2.861152500000000000e+05
1.625359954833984375e+02
1.000887500000000000e+05
1.559449902343750000e+04
4.798755312500000000e+05
6.083285937500000000e+04
2.549949218750000000e+05
1.113693359375000000e+05
9.439920043945312500e+02
7.781921875000000000e+04
1.148225000000000000e+06
3.979372656250000000e+04
4.388197812500000000e+05
5.321960625000000000e+05
3.339900000000000000e+04
5.662425781250000000e+04
9.941500091552734375e+01
1.874770507812500000e+04
4.044319140625000000e+04
2.360290069580078125e+02
1.294394375000000000e+06
4.190923750000000000e+05
2.324385546875000000e+04
6.080615000000000000e+05
4.899055312500000000e+05
3.824596250000000000e+05
3.582909851074218750e+02
4.205379687500000000e+05
1.638644062500000000e+05
4.684247187500000000e+05
3.628262187500000000e+05
5.124569702148437500e+02
1.470565312500000000e+05
2.713569946289062500e+02
2.972909851074218750e+02
9.651753906250000000e+04
2.947363867187500000e+04
2.556333984375000000e+03
4.181900024414062500e+01
1.348895117187500000e+04
1.802795898437500000e+04
1.180583515625000000e+05
8.843410034179687500e+02
1.664381875000000000e+05
1.327293500000000000e+06
7.263300323486328125e+01
6.358414062500000000e+04
5.134371875000000000e+04
1.363151718750000000e+05
8.995144375000000000e+05
2.851551953125000000e+04
4.892760156250000000e+04
5.442799375000000000e+05
1.053569921875000000e+05
1.259793750000000000e+05
2.718714500000000000e+06
5.055364375000000000e+05
7.993746875000000000e+05
1.451448974609375000e+03
1.711519843750000000e+05
6.071642187500000000e+04
1.254807031250000000e+05
4.310271562500000000e+05
2.780175195312500000e+04
3.273883007812500000e+04
3.913320007324218750e+02
1.147812000000000000e+06
7.818130000000000000e+05
1.065066500000000000e+06
3.386732421875000000e+04
3.761010131835937500e+02
9.324468750000000000e+04
1.836766125000000000e+06
2.554543593750000000e+05
6.653236718750000000e+04
7.895039843750000000e+04
1.412701875000000000e+05
3.145379943847656250e+02
3.795188437500000000e+05
1.579800033569335938e+01
1.411990625000000000e+05
3.601625781250000000e+04
2.031986875000000000e+05
5.912930297851562500e+02
1.674818125000000000e+05
4.074840312500000000e+05
7.009019775390625000e+02
2.841394921875000000e+04
6.417299652099609375e+01
3.807732421875000000e+04
1.375025195312500000e+04
5.414054375000000000e+05
5.068510131835937500e+02
1.132977875000000000e+06
1.844446044921875000e+03
1.856494750000000000e+06
7.243943750000000000e+05
6.670739746093750000e+02
5.932188281250000000e+04
2.292566796875000000e+04
2.773501367187500000e+04
9.298999786376953125e+00
2.717965820312500000e+04
6.941999912261962891e+00
7.167589721679687500e+02
7.934022656250000000e+04
9.414519375000000000e+05
9.612836718750000000e+04
3.021663750000000000e+05
1.123365937500000000e+05
5.654694375000000000e+05
8.842613125000000000e+05
2.190349023437500000e+04
2.838413085937500000e+03
6.909585000000000000e+05
7.520469970703125000e+02
1.575422968750000000e+05
2.706632187500000000e+05
6.843229980468750000e+02
1.166702375000000000e+06
3.451237890625000000e+04
1.419102031250000000e+05
1.009765014648437500e+03
4.059819946289062500e+02
4.607799987792968750e+02
4.109992812500000000e+05
2.888082031250000000e+04
3.129230312500000000e+05
1.135910078125000000e+05
2.138932226562500000e+04
7.507856933593750000e+03
2.290123906250000000e+05
7.093965625000000000e+04
4.142321250000000000e+05
3.497609863281250000e+02
6.955539375000000000e+05
4.561047265625000000e+04
4.615978437500000000e+05
1.064459991455078125e+02
4.829392500000000000e+05
5.839211875000000000e+05
1.223556030273437500e+03
2.268179931640625000e+02
9.570436875000000000e+05
1.169526977539062500e+03
2.668137304687500000e+04
1.000514296875000000e+05
4.997148046875000000e+04
4.606931250000000000e+04
8.616995000000000000e+05
2.049560156250000000e+05
1.123873671875000000e+05
1.511020410156250000e+04
7.206268125000000000e+05
5.336848750000000000e+05
3.880996250000000000e+05
3.958304062500000000e+05
4.416474687500000000e+05
3.870329375000000000e+05
5.570789794921875000e+02
3.925667187500000000e+05
1.303325234375000000e+05
1.235394296875000000e+05
2.099532500000000000e+05
5.311190185546875000e+02
9.444050000000000000e+04
1.881402500000000000e+05
3.439807812500000000e+04
5.562445000000000000e+05
3.354822021484375000e+03
1.517913125000000000e+05
1.113468017578125000e+03
7.853359985351562500e+02
6.345796875000000000e+04
2.737275937500000000e+05
1.302712036132812500e+03
1.153629028320312500e+03
5.829905468750000000e+04
1.482789750000000000e+06
4.688597265625000000e+04
2.896150000000000000e+04
1.686770468750000000e+05
3.214031250000000000e+04
6.707217500000000000e+05
5.150177500000000000e+05
9.172647460937500000e+03
1.155113125000000000e+06
2.522216562500000000e+05
5.188000106811523438e+01
4.814140625000000000e+04
1.800248750000000000e+05
6.104619750976562500e+02
3.276358984375000000e+04
8.059372500000000000e+05
4.876302187500000000e+05
1.999730072021484375e+02
9.236229858398437500e+02
1.596394726562500000e+04
1.158370125000000000e+06
3.385162890625000000e+04
4.539241796875000000e+04
5.990566015625000000e+04
1.698689687500000000e+05
4.876109924316406250e+02
3.457474375000000000e+05
1.933692031250000000e+05
4.453840026855468750e+02
1.078361953125000000e+05
6.807490234375000000e+02
1.361417500000000000e+05
8.841711718750000000e+04
8.285552500000000000e+05
1.130038906250000000e+05
2.308009948730468750e+02
2.326403593750000000e+05
9.348794921875000000e+03
5.921550292968750000e+02
1.913999938964843750e+01
8.300099945068359375e+01
3.440786250000000000e+05
7.433792187500000000e+04
3.037523046875000000e+04
2.419081054687500000e+04
1.684000015258789062e+01
9.155090000000000000e+05
1.609290008544921875e+02
7.001314941406250000e+03
2.781289250000000000e+06
1.720535034179687500e+03
8.551806250000000000e+05
1.810192578125000000e+04
3.009973437500000000e+05
5.926200103759765625e+01
1.650364990234375000e+03
1.568700027465820312e+01
1.239710000000000000e+05
1.594790039062500000e+02
2.486496093750000000e+05
2.977529907226562500e+02
8.052882812500000000e+04
6.759955000000000000e+05
1.618799972534179688e+01
3.106079101562500000e+04
4.650380000000000000e+05
6.146521484375000000e+04
6.221699905395507812e+01
4.720130004882812500e+02
2.914743554687500000e+04
6.017490234375000000e+02
6.331900024414062500e+01
1.455059967041015625e+02
2.592823632812500000e+04
1.329724843750000000e+05
1.597160034179687500e+02
7.422085937500000000e+04
2.961120117187500000e+03
1.711730312500000000e+05
