1.796624023437500000e+03
1.843350390625000000e+04
6.884486816406250000e+03
1.575505004882812500e+03
1.070827265625000000e+05
4.244020080566406250e+02
8.243681250000000000e+04
4.561950390625000000e+04
3.666542578125000000e+04
3.935767187500000000e+04
1.724701049804687500e+03
2.062314843750000000e+04
9.471379687500000000e+04
1.596785034179687500e+03
1.022030029296875000e+03
1.843145996093750000e+03
2.325621484375000000e+04
2.290697021484375000e+03
9.694799804687500000e+02
1.505557983398437500e+03
7.132180175781250000e+02
3.134909973144531250e+02
1.602698974609375000e+03
8.997169799804687500e+02
3.805480041503906250e+02
1.211477050781250000e+03
2.700809936523437500e+02
5.419749755859375000e+02
1.629508203125000000e+04
1.550803955078125000e+03
2.708340148925781250e+02
2.692294140625000000e+04
2.289539947509765625e+02
1.403389038085937500e+03
1.724668945312500000e+03
3.046409912109375000e+02
4.323880004882812500e+02
5.472260131835937500e+02
6.804437500000000000e+04
1.105321044921875000e+03
1.585173925781250000e+04
4.278970031738281250e+02
3.933090087890625000e+03
5.680721191406250000e+03
4.424809875488281250e+02
5.993510131835937500e+02
2.489588867187500000e+04
3.861024609375000000e+04
9.617130468750000000e+04
1.547932983398437500e+03
2.249322021484375000e+03
2.194590087890625000e+03
2.176025585937500000e+04
1.116494433593750000e+04
6.322509765625000000e+02
1.000981994628906250e+03
2.013213012695312500e+03
5.607923828125000000e+04
4.395276171875000000e+04
7.038909912109375000e+02
1.471330273437500000e+04
2.646419982910156250e+02
7.246160278320312500e+02
5.298046875000000000e+04
2.935654492187500000e+04
1.980951953125000000e+04
3.731667187500000000e+04
7.726475097656250000e+03
2.581860046386718750e+02
6.348070068359375000e+02
1.434759979248046875e+02
8.235871093750000000e+03
2.608683789062500000e+04
1.011275000000000000e+04
1.874288940429687500e+03
1.199879989624023438e+02
8.858300170898437500e+02
1.110281005859375000e+03
4.189748437500000000e+04
4.116549987792968750e+02
1.396281005859375000e+03
9.571939697265625000e+02
6.660289916992187500e+02
2.007910003662109375e+02
1.944230041503906250e+02
6.443670043945312500e+02
4.416440124511718750e+02
1.323978027343750000e+03
5.698830468750000000e+04
1.136220947265625000e+03
6.020770263671875000e+02
1.436948339843750000e+04
1.267060012817382812e+02
6.219840087890625000e+02
9.984869995117187500e+02
5.858305859375000000e+04
3.977630004882812500e+02
3.107239990234375000e+02
2.395390014648437500e+02
2.810450134277343750e+02
1.767110546875000000e+04
1.149275024414062500e+03
7.296619873046875000e+02
7.353211718750000000e+04
1.188073974609375000e+03
2.918324951171875000e+03
1.365165039062500000e+03
5.188330078125000000e+02
1.033054980468750000e+04
2.238699951171875000e+03
4.217009887695312500e+02
1.273190002441406250e+02
7.915200195312500000e+02
2.977019958496093750e+02
3.114859924316406250e+02
1.137720031738281250e+02
2.941400146484375000e+02
3.362489929199218750e+02
2.519009033203125000e+03
2.141589965820312500e+02
3.418540039062500000e+02
8.237778125000000000e+04
4.598580017089843750e+02
3.679209899902343750e+02
4.372180175781250000e+03
8.443989868164062500e+02
3.802319946289062500e+02
3.750759887695312500e+02
2.985559997558593750e+02
6.133709716796875000e+02
2.030110015869140625e+02
4.026247265625000000e+04
2.317133398437500000e+04
1.034935742187500000e+04
2.581870117187500000e+02
3.046638281250000000e+04
2.187720031738281250e+02
2.761419982910156250e+02
4.847860107421875000e+02
8.448629760742187500e+02
3.797560119628906250e+02
1.930281982421875000e+03
9.385084960937500000e+03
5.673950195312500000e+02
1.842355957031250000e+03
3.835552001953125000e+03
7.703229980468750000e+02
4.121359863281250000e+02
1.287749511718750000e+04
6.209904785156250000e+03
1.126458007812500000e+03
6.154359741210937500e+02
9.637844726562500000e+03
6.652379760742187500e+02
5.016710156250000000e+04
1.083119995117187500e+03
5.299270019531250000e+02
4.662330017089843750e+02
3.960574951171875000e+03
8.111277343750000000e+04
8.057599639892578125e+01
3.956281005859375000e+03
1.159538940429687500e+03
6.137512500000000000e+04
9.185440063476562500e+02
3.793720092773437500e+02
9.595430297851562500e+02
1.343060058593750000e+03
2.738768554687500000e+04
1.876354003906250000e+03
2.422638916015625000e+03
5.745479736328125000e+02
9.464072265625000000e+03
9.648640136718750000e+02
2.308329925537109375e+02
5.314027734375000000e+04
3.590859985351562500e+02
3.956050109863281250e+02
7.742109985351562500e+02
7.771829101562500000e+03
3.047146972656250000e+03
3.975482031250000000e+04
2.088400878906250000e+03
3.183215234375000000e+04
2.755105859375000000e+04
7.288859863281250000e+02
1.131453002929687500e+03
3.465180468750000000e+04
1.318230957031250000e+03
1.249193554687500000e+04
9.477379760742187500e+02
4.072160034179687500e+02
6.877714843750000000e+03
3.130450134277343750e+02
5.587479858398437500e+02
4.283353515625000000e+04
3.829336914062500000e+03
5.333049926757812500e+02
5.014989929199218750e+02
2.252796289062500000e+04
5.483487500000000000e+04
7.157919921875000000e+02
4.928248828125000000e+04
2.896140136718750000e+02
4.562330017089843750e+02
7.362650146484375000e+02
7.703499755859375000e+02
8.591640014648437500e+02
3.516659851074218750e+02
1.497319946289062500e+03
1.749278710937500000e+04
4.294270019531250000e+02
2.523037695312500000e+04
4.869450073242187500e+02
1.346139984130859375e+02
8.732659912109375000e+02
6.380819702148437500e+02
3.998139953613281250e+02
5.276160278320312500e+02
5.367774609375000000e+04
1.804173950195312500e+03
4.532980041503906250e+02
2.532780468750000000e+04
1.067010234375000000e+05
6.228460083007812500e+02
5.090769958496093750e+02
8.773239746093750000e+02
1.422579199218750000e+04
5.766050781250000000e+03
1.797547460937500000e+04
4.878949890136718750e+02
3.719834960937500000e+03
2.070169921875000000e+03
2.695209960937500000e+02
4.889280090332031250e+02
7.873907031250000000e+04
1.233401000976562500e+03
1.043384033203125000e+03
1.810170043945312500e+03
7.630250244140625000e+02
6.321690063476562500e+02
1.177290039062500000e+03
1.178777954101562500e+03
1.515965625000000000e+04
1.271956640625000000e+04
7.408519897460937500e+02
1.235709991455078125e+02
5.207009887695312500e+02
1.440666015625000000e+03
3.846600036621093750e+02
2.796820068359375000e+02
5.120579833984375000e+02
5.018999938964843750e+02
3.024890136718750000e+02
5.777609863281250000e+02
1.196893359375000000e+04
5.263519897460937500e+02
7.958740234375000000e+02
1.679511962890625000e+03
5.578896875000000000e+04
8.419500122070312500e+02
7.683779907226562500e+02
9.547930297851562500e+02
2.600000000000000000e+03
7.368610229492187500e+02
7.519799804687500000e+01
2.951001953125000000e+03
3.518999938964843750e+02
8.338649902343750000e+02
2.295420074462890625e+02
1.499149932861328125e+02
1.872433398437500000e+04
9.410491210937500000e+03
1.551683959960937500e+03
6.758486718750000000e+04
2.499379882812500000e+03
2.698359985351562500e+02
5.621259765625000000e+04
1.561869018554687500e+03
2.783450012207031250e+02
7.650020141601562500e+02
4.190289916992187500e+02
2.813711914062500000e+03
5.206560058593750000e+02
2.160416992187500000e+03
2.576742578125000000e+04
2.064029998779296875e+02
1.628516113281250000e+04
5.122349853515625000e+02
2.664939880371093750e+02
1.803121948242187500e+03
4.407690124511718750e+02
1.268901977539062500e+03
1.737245971679687500e+03
1.407779998779296875e+02
3.941350097656250000e+02
3.246640014648437500e+02
1.414546997070312500e+03
2.604459960937500000e+03
8.456999969482421875e+01
6.550021972656250000e+03
1.187541015625000000e+03
8.064689941406250000e+02
6.697399902343750000e+01
5.206469726562500000e+02
1.809522949218750000e+03
1.494343017578125000e+03
3.622770080566406250e+02
9.213339843750000000e+02
8.966110229492187500e+02
1.092512939453125000e+03
1.664443969726562500e+03
1.000414978027343750e+03
2.614349975585937500e+02
4.072061035156250000e+03
2.038567187500000000e+04
4.480707421875000000e+04
1.377583281250000000e+05
1.247070007324218750e+02
5.869591796875000000e+03
8.838489990234375000e+02
3.312319946289062500e+02
2.067117187500000000e+04
1.730081835937500000e+04
5.692349853515625000e+02
2.132969970703125000e+02
1.650827968750000000e+05
5.271640014648437500e+02
3.016300048828125000e+02
1.845868945312500000e+04
1.055301025390625000e+03
3.512328515625000000e+04
1.795822021484375000e+03
4.957929992675781250e+02
1.074417773437500000e+04
8.946934570312500000e+03
2.393910888671875000e+03
3.600899963378906250e+02
2.076970947265625000e+03
8.408541015625000000e+03
1.258683959960937500e+03
7.429929809570312500e+02
9.490810937500000000e+04
2.151021289062500000e+04
1.938291992187500000e+03
1.304925683593750000e+04
6.931339721679687500e+02
4.185975781250000000e+04
1.619483032226562500e+03
1.908435058593750000e+03
1.203671020507812500e+03
2.626759948730468750e+02
2.580376367187500000e+04
6.143389892578125000e+02
3.919230041503906250e+02
1.130665039062500000e+03
2.278725585937500000e+04
3.895490112304687500e+02
1.811719970703125000e+02
6.191309814453125000e+02
1.596208007812500000e+03
1.420907958984375000e+03
1.911218359375000000e+04
9.024869995117187500e+02
4.525043945312500000e+03
1.352157617187500000e+04
8.653179931640625000e+02
1.637921093750000000e+05
3.179264062500000000e+04
2.829371289062500000e+04
1.351988671875000000e+04
3.634460144042968750e+02
1.028510986328125000e+03
8.121600341796875000e+01
3.461520080566406250e+02
3.603200149536132812e+01
6.430250244140625000e+02
1.934360961914062500e+03
1.480332031250000000e+03
1.553041015625000000e+03
9.856199645996093750e+01
1.466243041992187500e+03
2.347791992187500000e+03
8.451644531250000000e+04
1.361079980468750000e+04
4.587470092773437500e+02
1.550739843750000000e+05
9.891116210937500000e+03
8.061040039062500000e+02
6.852164062500000000e+04
3.114894531250000000e+04
2.380619964599609375e+02
4.029689941406250000e+02
5.020556152343750000e+03
1.101826074218750000e+04
8.211359863281250000e+02
9.203899218750000000e+04
8.093899902343750000e+03
6.782800292968750000e+02
1.427153222656250000e+04
1.019898986816406250e+03
3.099949951171875000e+02
4.689570007324218750e+02
9.261959960937500000e+03
4.361041796875000000e+04
2.194005273437500000e+04
5.253235937500000000e+04
2.469311328125000000e+04
1.096598022460937500e+03
2.885345117187500000e+04
1.641459960937500000e+02
5.291314062500000000e+04
4.236610107421875000e+02
4.126159973144531250e+02
1.961228027343750000e+03
3.809759033203125000e+03
1.899975976562500000e+04
8.830919799804687500e+02
5.267933593750000000e+04
4.476619873046875000e+02
7.067696875000000000e+04
1.294834960937500000e+03
3.224400024414062500e+02
1.353500061035156250e+02
1.700319140625000000e+04
3.204519958496093750e+02
4.637710937500000000e+03
4.789190063476562500e+02
3.953221875000000000e+04
9.775520019531250000e+02
1.476300048828125000e+02
4.308349914550781250e+02
3.732340087890625000e+02
8.093838867187500000e+03
4.668299865722656250e+02
1.278086059570312500e+03
1.555383007812500000e+04
3.233399963378906250e+02
9.354978125000000000e+04
2.986839904785156250e+02
1.357805053710937500e+03
2.750610046386718750e+02
2.064489013671875000e+03
4.122909851074218750e+02
3.020550976562500000e+04
6.652819824218750000e+02
2.825964111328125000e+03
5.764448242187500000e+03
2.219058105468750000e+03
5.903270263671875000e+02
5.745289916992187500e+02
2.192531982421875000e+03
2.318377734375000000e+04
4.157316406250000000e+04
4.680010070800781250e+02
1.089140014648437500e+02
7.837969970703125000e+02
5.920670166015625000e+02
2.435393164062500000e+04
1.698707031250000000e+03
1.866399993896484375e+02
5.776599731445312500e+02
4.865119934082031250e+02
4.963359985351562500e+02
4.574400024414062500e+02
1.493465942382812500e+03
1.395176171875000000e+04
1.718760986328125000e+03
3.099873632812500000e+04
3.591610107421875000e+02
8.287609863281250000e+02
6.135518359375000000e+04
5.718569946289062500e+02
1.276980957031250000e+03
1.496222460937500000e+04
5.483029785156250000e+02
3.245450134277343750e+02
6.541899871826171875e+01
3.897678906250000000e+04
2.105119934082031250e+02
3.980180053710937500e+02
2.629121093750000000e+03
3.108967578125000000e+04
8.941799926757812500e+02
2.242330017089843750e+02
3.651350097656250000e+02
6.076680297851562500e+02
9.185729980468750000e+02
1.554078979492187500e+03
1.109225952148437500e+03
1.455570068359375000e+02
9.764190063476562500e+02
6.822329711914062500e+02
1.272958984375000000e+03
4.914633984375000000e+04
1.853176025390625000e+03
5.942529907226562500e+02
3.625469970703125000e+03
9.779829711914062500e+02
1.137494726562500000e+04
4.869831250000000000e+04
8.691994140625000000e+03
1.132709960937500000e+03
6.764491210937500000e+03
3.324554687500000000e+04
1.676545117187500000e+04
4.098460083007812500e+02
1.313800048828125000e+03
6.440380249023437500e+02
3.521210021972656250e+02
1.166381958007812500e+03
5.045962890625000000e+04
4.762206054687500000e+03
1.876822265625000000e+04
6.066929931640625000e+02
4.408200073242187500e+02
5.766439819335937500e+02
6.636569824218750000e+02
6.639619750976562500e+02
1.023603613281250000e+04
1.021952026367187500e+03
1.042775390625000000e+04
1.372777500000000000e+05
8.122310180664062500e+02
7.396389770507812500e+02
4.666650085449218750e+02
9.920150146484375000e+02
1.720613867187500000e+04
8.141870117187500000e+02
9.443831054687500000e+03
3.337189062500000000e+04
2.481107910156250000e+03
2.780443115234375000e+03
3.949410095214843750e+02
1.388527954101562500e+03
3.070342041015625000e+03
1.110540008544921875e+02
1.150521972656250000e+03
3.945893750000000000e+04
4.521610107421875000e+02
1.740723828125000000e+04
2.131964062500000000e+04
1.902754028320312500e+03
5.243200073242187500e+02
5.521489868164062500e+02
4.789419860839843750e+02
1.478854003906250000e+03
7.097073242187500000e+03
6.214199218750000000e+03
1.174788769531250000e+04
9.710499877929687500e+02
4.064059082031250000e+03
2.195942187500000000e+04
3.016719970703125000e+02
8.636554687500000000e+04
6.246840209960937500e+02
8.119169921875000000e+02
7.985545312500000000e+04
1.223739013671875000e+03
9.791909790039062500e+02
3.117229919433593750e+02
4.936033984375000000e+04
1.068097045898437500e+03
5.939489746093750000e+02
1.004049011230468750e+03
5.565809936523437500e+02
4.360960083007812500e+02
1.279871948242187500e+03
9.526660156250000000e+02
1.964589996337890625e+02
2.412216015625000000e+04
1.613930053710937500e+02
1.391391503906250000e+04
9.460609741210937500e+02
8.042839965820312500e+02
7.772796875000000000e+04
2.424380035400390625e+02
4.983389160156250000e+03
3.079615966796875000e+03
1.656317016601562500e+03
2.489689257812500000e+04
1.782764038085937500e+03
1.371660034179687500e+03
4.973169860839843750e+02
1.678990020751953125e+02
4.893680114746093750e+02
1.067584960937500000e+03
3.031220092773437500e+02
2.686390625000000000e+04
9.019578125000000000e+03
7.466569824218750000e+02
4.508489990234375000e+02
2.930669860839843750e+02
2.865620117187500000e+02
1.407990966796875000e+03
8.584935546875000000e+03
4.551820068359375000e+02
8.262792968750000000e+04
4.393877929687500000e+03
1.730910034179687500e+02
2.645874414062500000e+04
8.984409790039062500e+02
2.608169860839843750e+02
1.829588989257812500e+03
9.175771484375000000e+03
1.029161987304687500e+03
1.580115625000000000e+04
1.324766967773437500e+03
4.103269958496093750e+02
4.989320068359375000e+02
5.911829833984375000e+02
7.371759765625000000e+03
9.457410278320312500e+02
4.602917187500000000e+04
3.327104003906250000e+03
2.099142089843750000e+03
8.417310180664062500e+02
9.394450073242187500e+02
1.807933959960937500e+03
7.244385937500000000e+04
5.940529785156250000e+02
2.732309375000000000e+04
7.174140014648437500e+02
8.985269775390625000e+02
1.565098022460937500e+03
6.197000122070312500e+02
1.332499023437500000e+03
3.130164648437500000e+04
7.993668945312500000e+03
2.790889892578125000e+02
2.685520019531250000e+02
7.338270263671875000e+02
5.202860107421875000e+02
1.138765991210937500e+03
3.675638671875000000e+04
1.410867773437500000e+04
4.203619995117187500e+02
2.246529998779296875e+02
8.298031250000000000e+03
1.212159057617187500e+03
2.883429870605468750e+02
5.117853027343750000e+03
4.117600097656250000e+02
2.518179931640625000e+02
1.511950073242187500e+02
8.995100097656250000e+02
4.522919921875000000e+02
3.440976171875000000e+04
2.663368896484375000e+03
1.216740036010742188e+02
3.102789916992187500e+02
8.995100097656250000e+02
1.450561035156250000e+03
2.801144531250000000e+04
4.244389953613281250e+02
3.295150146484375000e+02
1.353642944335937500e+03
1.770345312500000000e+04
1.159020019531250000e+03
7.457429199218750000e+03
4.287879943847656250e+02
1.533053955078125000e+03
1.874024023437500000e+04
4.156148046875000000e+04
2.692958984375000000e+03
1.145270019531250000e+03
7.373050000000000000e+04
2.968138476562500000e+04
7.166409912109375000e+02
6.706862792968750000e+03
4.140736328125000000e+04
1.255954956054687500e+03
2.513589935302734375e+02
1.420687597656250000e+04
3.980360107421875000e+02
9.805230102539062500e+02
5.199799804687500000e+02
2.604137695312500000e+04
2.563432617187500000e+04
2.686245117187500000e+03
1.761360015869140625e+02
4.831208984375000000e+04
4.725480041503906250e+02
3.429500122070312500e+02
9.402294531250000000e+04
5.814589843750000000e+02
6.327990112304687500e+02
2.393354980468750000e+03
1.809409057617187500e+03
8.044869995117187500e+02
3.189018945312500000e+04
8.312059936523437500e+02
3.700606250000000000e+04
5.467189941406250000e+02
8.919349975585937500e+02
5.686309814453125000e+02
2.818352734375000000e+04
2.921432812500000000e+04
8.150650024414062500e+02
1.235091503906250000e+04
3.665282421875000000e+04
3.080799865722656250e+02
1.245016967773437500e+03
1.081393945312500000e+04
4.973659973144531250e+02
7.977119750976562500e+02
1.172541992187500000e+03
8.080508593750000000e+04
5.503220214843750000e+02
5.543469238281250000e+03
2.556051025390625000e+03
2.793429870605468750e+02
1.524087036132812500e+03
3.483190002441406250e+02
3.129238671875000000e+04
2.943838476562500000e+04
6.453570312500000000e+04
1.770740051269531250e+02
6.344483203125000000e+04
5.654870117187500000e+03
8.788821875000000000e+04
5.459010546875000000e+04
2.483800048828125000e+02
6.053339843750000000e+02
1.070514038085937500e+03
2.189539947509765625e+02
1.387256958007812500e+03
5.253229980468750000e+02
5.929550170898437500e+02
2.089375000000000000e+03
8.137100219726562500e+01
1.330279998779296875e+02
2.859775390625000000e+04
2.607449951171875000e+02
3.390372070312500000e+03
7.275410156250000000e+02
8.932119750976562500e+02
3.105419921875000000e+02
3.369649963378906250e+02
1.155494018554687500e+03
3.254689648437500000e+04
1.649054218750000000e+05
1.045015991210937500e+03
5.555659790039062500e+02
3.320939941406250000e+02
1.034339981079101562e+02
6.866290283203125000e+02
3.152030029296875000e+02
2.772799987792968750e+02
6.555759887695312500e+02
2.685270080566406250e+02
3.916494921875000000e+04
5.013160095214843750e+02
7.673610229492187500e+02
2.029830017089843750e+02
6.552217187500000000e+04
7.849140014648437500e+02
3.000190124511718750e+02
1.807737060546875000e+03
5.788549804687500000e+02
1.933170013427734375e+02
2.138529968261718750e+02
1.852656005859375000e+03
8.191244140625000000e+03
5.535679931640625000e+02
1.417062988281250000e+03
5.062019958496093750e+02
1.204787963867187500e+03
2.115510156250000000e+04
1.350650024414062500e+03
1.313441040039062500e+03
4.014479980468750000e+02
3.749421484375000000e+04
6.574810180664062500e+02
1.695802978515625000e+03
3.621722656250000000e+04
1.179086059570312500e+03
7.512899780273437500e+01
2.565989990234375000e+02
2.093679962158203125e+02
2.905050048828125000e+02
3.740050048828125000e+02
8.861424218750000000e+04
2.317092578125000000e+04
2.768290100097656250e+02
1.163817993164062500e+03
2.305290625000000000e+04
3.070138085937500000e+04
6.391630249023437500e+02
4.897950134277343750e+02
1.204501953125000000e+03
1.397181152343750000e+04
7.625050048828125000e+02
4.603340148925781250e+02
1.342912500000000000e+04
6.055864453125000000e+04
7.129039916992187500e+02
4.431459960937500000e+02
3.392592968750000000e+04
1.355626562500000000e+04
8.830910034179687500e+02
1.153409057617187500e+03
5.747499847412109375e+01
9.743547851562500000e+03
1.476364013671875000e+03
1.150844140625000000e+04
5.092730102539062500e+02
6.633100128173828125e+01
7.833799743652343750e+01
2.961418945312500000e+04
5.882969970703125000e+02
4.907539978027343750e+02
4.182699890136718750e+02
1.857437988281250000e+03
9.174039916992187500e+02
6.771395312500000000e+04
6.683939819335937500e+02
2.550634765625000000e+04
1.064008056640625000e+03
5.512189941406250000e+02
2.041759948730468750e+02
1.703020019531250000e+02
1.165600952148437500e+03
1.811443969726562500e+03
1.126939941406250000e+03
6.757340087890625000e+02
1.497862597656250000e+04
7.237189941406250000e+02
1.061743041992187500e+03
1.312245971679687500e+03
8.563432617187500000e+03
1.345030029296875000e+03
2.042635742187500000e+04
5.229488281250000000e+04
3.654700012207031250e+02
1.140573974609375000e+03
4.553190002441406250e+02
2.457897460937500000e+04
1.733239013671875000e+03
1.308933959960937500e+03
1.164010009765625000e+03
1.646121875000000000e+04
1.114801025390625000e+03
6.117369995117187500e+02
1.497489929199218750e+02
1.151375976562500000e+03
1.419432983398437500e+03
8.325319824218750000e+02
4.480230102539062500e+02
7.361229858398437500e+02
1.032600952148437500e+03
1.839136962890625000e+03
4.963699951171875000e+02
1.032806640625000000e+04
5.841710205078125000e+02
8.768262695312500000e+03
1.147422558593750000e+04
5.572680053710937500e+02
1.377937988281250000e+03
3.665441894531250000e+03
3.264179992675781250e+02
3.667219848632812500e+02
3.628791796875000000e+04
1.471560058593750000e+02
2.421122656250000000e+04
2.650746093750000000e+04
1.750829925537109375e+02
1.347743041992187500e+03
9.640478515625000000e+03
9.837410278320312500e+02
5.156126953125000000e+03
1.866683593750000000e+04
9.736840209960937500e+02
1.110673950195312500e+03
2.582810058593750000e+02
9.462150268554687500e+02
3.735650390625000000e+04
1.286272949218750000e+03
3.009299926757812500e+02
2.625571093750000000e+04
1.593141503906250000e+04
4.075859985351562500e+02
2.945568554687500000e+04
3.736003515625000000e+04
1.405440063476562500e+02
7.620209960937500000e+02
1.170551025390625000e+03
5.049309997558593750e+02
4.082560119628906250e+02
7.315490112304687500e+02
1.035751953125000000e+03
8.232185156250000000e+04
1.447039947509765625e+02
1.725639453125000000e+04
1.430208691406250000e+04
2.235691210937500000e+04
1.255558959960937500e+03
1.016442993164062500e+03
1.869369964599609375e+02
5.005409851074218750e+02
2.748099975585937500e+02
4.055719909667968750e+02
9.626899719238281250e+01
1.754073974609375000e+03
2.115749969482421875e+02
6.344800781250000000e+04
7.424592968750000000e+04
5.929558593750000000e+04
9.325070190429687500e+02
1.432253906250000000e+04
1.043943969726562500e+03
8.954589843750000000e+02
2.207819976806640625e+02
3.405566894531250000e+03
4.521648828125000000e+04
9.485800170898437500e+01
8.791979980468750000e+02
3.479089965820312500e+02
6.138150024414062500e+02
3.432829895019531250e+02
2.068038085937500000e+03
1.688426025390625000e+03
9.139630126953125000e+02
1.181205566406250000e+04
5.240349731445312500e+02
6.963800048828125000e+02
2.909367187500000000e+04
5.944573242187500000e+03
1.674655029296875000e+03
1.212357055664062500e+03
9.076705468750000000e+04
2.239479980468750000e+02
6.395889892578125000e+02
8.185807128906250000e+03
3.554390625000000000e+04
7.404699707031250000e+02
3.934840087890625000e+02
3.435260156250000000e+04
1.318312988281250000e+03
8.066190185546875000e+02
9.000349731445312500e+02
1.849019042968750000e+03
1.444104980468750000e+03
3.917133203125000000e+04
2.393981933593750000e+03
1.937496484375000000e+04
2.485283789062500000e+04
5.846749877929687500e+02
3.052120056152343750e+02
3.931927001953125000e+03
5.840239868164062500e+02
4.283240051269531250e+02
1.405796997070312500e+03
2.629700195312500000e+04
5.550040283203125000e+02
7.403289794921875000e+02
2.852120056152343750e+02
7.462470092773437500e+02
3.219926562500000000e+04
7.764910278320312500e+02
8.559730224609375000e+02
8.916030273437500000e+02
4.413410034179687500e+02
6.891300048828125000e+02
2.295246093750000000e+03
7.400009765625000000e+02
1.947589648437500000e+04
8.386859741210937500e+02
3.605119934082031250e+02
1.632577026367187500e+03
1.150310058593750000e+03
8.573049926757812500e+02
1.407769927978515625e+02
1.736210021972656250e+02
6.381669921875000000e+02
1.587744018554687500e+03
3.725456250000000000e+04
5.607969970703125000e+02
7.018229980468750000e+03
3.565002734375000000e+04
3.611383984375000000e+04
1.278901977539062500e+03
2.349848437500000000e+04
1.631051025390625000e+03
4.244670104980468750e+02
4.072929992675781250e+02
6.166660156250000000e+02
1.041932006835937500e+03
1.164281982421875000e+03
2.804214062500000000e+04
1.217063085937500000e+04
8.631324218750000000e+04
3.059550048828125000e+03
7.799140014648437500e+02
1.577330017089843750e+02
2.632030029296875000e+02
9.937899780273437500e+02
1.549902441406250000e+04
7.773350219726562500e+02
2.706045703125000000e+04
