3.847800064086914062e+01
4.524000167846679688e+00
5.959099960327148438e+01
5.268199920654296875e+01
1.465630035400390625e+02
4.875199890136718750e+01
3.822290039062500000e+02
2.322900009155273438e+01
6.112999916076660156e+00
5.988000106811523438e+01
6.105199813842773438e+01
6.420000076293945312e+00
1.572489929199218750e+02
4.253099822998046875e+01
2.989000082015991211e+00
2.073800086975097656e+01
4.180899810791015625e+01
8.213000297546386719e+00
2.044380035400390625e+02
1.356299972534179688e+01
3.223099899291992188e+01
2.669599914550781250e+01
8.962300109863281250e+01
4.298199844360351562e+01
2.779999923706054688e+01
2.169899940490722656e+01
1.473400020599365234e+01
7.742600250244140625e+01
2.319069976806640625e+02
2.954100036621093750e+01
3.821000099182128906e+00
7.612999916076660156e+00
4.945000171661376953e+00
4.671000003814697266e+00
8.819699859619140625e+01
3.087199974060058594e+01
2.040899963378906250e+02
4.623899841308593750e+01
7.870800018310546875e+01
3.049799919128417969e+01
4.275500106811523438e+01
9.066899871826171875e+01
3.729000091552734375e+00
4.881900024414062500e+01
4.629000186920166016e+00
2.076300048828125000e+01
4.684999942779541016e+00
1.388199996948242188e+01
1.763699913024902344e+01
1.125000000000000000e+00
8.119000434875488281e+00
4.144999980926513672e+00
1.371750030517578125e+02
3.986000061035156250e+00
5.194400024414062500e+01
2.647539978027343750e+02
5.509099960327148438e+01
1.465000033378601074e+00
6.104000091552734375e+00
1.741099929809570312e+01
2.232769927978515625e+02
3.990999937057495117e+00
7.897899627685546875e+01
4.276000022888183594e+00
3.677000045776367188e+00
1.662400054931640625e+01
3.100099945068359375e+01
5.690999984741210938e+00
1.631000041961669922e+00
1.451799926757812500e+02
1.726999998092651367e+00
1.307600021362304688e+01
3.601999998092651367e+00
7.026899719238281250e+01
2.362800025939941406e+01
1.853000044822692871e+00
3.297449951171875000e+02
1.700499916076660156e+01
4.715000152587890625e+00
5.074999809265136719e+00
6.828000068664550781e+00
2.072100067138671875e+01
3.719000101089477539e+00
1.228100013732910156e+01
1.951300048828125000e+01
6.167100143432617188e+01
1.166819992065429688e+02
3.078150024414062500e+02
1.995599937438964844e+01
2.744799995422363281e+01
2.844000101089477539e+00
2.095000076293945312e+01
4.050000190734863281e+00
1.368999958038330078e+00
1.247299957275390625e+01
1.587199974060058594e+01
7.836100006103515625e+01
1.121899986267089844e+01
8.631199645996093750e+01
1.385400009155273438e+01
7.652999877929687500e+00
4.940800094604492188e+01
1.647900009155273438e+01
1.031729965209960938e+02
4.210599899291992188e+01
1.515370025634765625e+02
2.719099998474121094e+01
1.569699954986572266e+01
2.769559936523437500e+02
1.647429962158203125e+02
1.360769958496093750e+02
4.932699966430664062e+01
2.423200035095214844e+01
4.299300003051757812e+01
5.090000152587890625e+00
5.670000076293945312e+01
1.104400024414062500e+02
4.114999771118164062e+00
8.411000251770019531e+00
1.411800003051757812e+01
9.300000190734863281e+00
7.736999988555908203e+00
1.495030059814453125e+02
3.528699874877929688e+01
3.900000095367431641e+00
1.337500000000000000e+01
1.886199951171875000e+01
1.028310012817382812e+02
1.008099975585937500e+02
7.092199707031250000e+01
3.167600059509277344e+01
1.057880020141601562e+02
7.237999916076660156e+00
2.228000068664550781e+01
8.864999771118164062e+00
2.723999977111816406e+00
6.833000183105468750e+00
3.570769958496093750e+02
4.118799972534179688e+01
2.313999938964843750e+01
1.544519958496093750e+02
2.197299957275390625e+01
1.281920013427734375e+02
1.997400093078613281e+01
4.824999809265136719e+00
6.300000190734863281e+00
2.099850006103515625e+02
1.586540069580078125e+02
6.139999866485595703e+00
1.781599998474121094e+01
5.182000160217285156e+00
5.348999977111816406e+00
2.063560028076171875e+02
2.147599983215332031e+01
2.279960021972656250e+02
9.020999908447265625e+00
3.575000047683715820e+00
6.738899993896484375e+01
8.209999799728393555e-01
1.887169952392578125e+02
1.950999975204467773e+00
1.673459930419921875e+02
2.247999906539916992e+00
1.220339965820312500e+02
4.519000053405761719e+00
2.433699989318847656e+01
4.946900177001953125e+01
1.932839965820312500e+02
1.072700023651123047e+01
8.187999725341796875e+00
1.038219985961914062e+02
3.663899993896484375e+01
1.382100009918212891e+01
6.157999992370605469e+00
4.701800155639648438e+01
6.652999877929687500e+00
7.782999992370605469e+00
1.063479995727539062e+02
5.967599868774414062e+01
1.516300010681152344e+01
5.730799865722656250e+01
1.886999964714050293e+00
9.501000404357910156e+00
4.759899902343750000e+01
2.128489990234375000e+02
1.372070007324218750e+02
6.006000041961669922e+00
2.095140075683593750e+02
1.154359970092773438e+02
4.386000156402587891e+00
8.027999877929687500e+01
9.291999816894531250e+00
2.506000041961669922e+00
9.093999862670898438e+00
8.611599731445312500e+01
8.784999847412109375e+00
4.684999942779541016e+00
2.360400009155273438e+01
5.896200180053710938e+01
3.147800064086914062e+01
3.704999923706054688e+00
3.209299850463867188e+01
1.158800029754638672e+01
1.366899967193603516e+01
1.568009948730468750e+02
2.088000059127807617e+00
1.293400001525878906e+01
2.818700027465820312e+01
1.069900035858154297e+01
1.949000000953674316e+00
9.388999938964843750e+00
1.909000039100646973e+00
1.347870025634765625e+02
1.295699977874755859e+01
4.606299972534179688e+01
8.410800170898437500e+01
1.153300018310546875e+02
4.148300170898437500e+01
9.531999588012695312e+00
3.729000091552734375e+00
2.724600028991699219e+01
3.805099868774414062e+01
9.569000244140625000e+00
6.402200317382812500e+01
9.673999786376953125e+00
8.410000205039978027e-01
4.124900054931640625e+01
1.206699981689453125e+02
7.481999874114990234e+00
3.880000114440917969e-01
5.372000217437744141e+00
7.502999782562255859e+00
1.380500030517578125e+01
5.750699996948242188e+01
1.979500007629394531e+01
1.413489990234375000e+02
3.145999908447265625e+00
2.584000110626220703e+00
5.539000034332275391e+00
1.260599994659423828e+01
5.693999767303466797e+00
5.540999889373779297e+00
2.753100013732910156e+01
2.639370117187500000e+02
7.085000038146972656e+00
2.582000017166137695e+00
3.529899978637695312e+01
1.228949966430664062e+02
1.145680007934570312e+02
2.278199958801269531e+01
1.379500007629394531e+01
1.542899990081787109e+01
6.865299987792968750e+01
1.075999984741210938e+02
4.640999794006347656e+00
9.862500000000000000e+01
2.138599967956542969e+01
3.226999998092651367e+00
2.769499969482421875e+01
2.763699913024902344e+01
1.727899932861328125e+01
2.204340057373046875e+02
1.656199951171875000e+02
1.001320037841796875e+02
7.281000137329101562e+00
1.833999991416931152e+00
3.370710144042968750e+02
3.351999998092651367e+00
4.380000114440917969e+00
3.487099838256835938e+01
4.206600189208984375e+01
3.186199951171875000e+01
7.948000335693359375e+01
1.200820007324218750e+02
6.379000186920166016e+00
3.695899963378906250e+01
3.946500015258789062e+01
4.714000225067138672e+00
1.819799957275390625e+02
9.666000366210937500e+00
7.933699798583984375e+01
1.938899993896484375e+01
5.060499954223632812e+01
5.974000167846679688e+01
2.183699989318847656e+01
1.161699962615966797e+01
3.869900131225585938e+01
8.454000473022460938e+00
2.855289916992187500e+02
4.892000198364257812e+00
2.459219970703125000e+02
2.307099914550781250e+01
5.282600021362304688e+01
3.482000112533569336e+00
8.161000251770019531e+00
6.613800048828125000e+01
2.732000112533569336e+00
5.254800033569335938e+01
5.683000087738037109e+00
2.497599983215332031e+01
1.086299991607666016e+01
1.115739974975585938e+02
2.325339965820312500e+02
1.398090057373046875e+02
2.056200027465820312e+01
5.434400177001953125e+01
1.168400001525878906e+01
3.984999895095825195e+00
1.440400028228759766e+01
4.652999877929687500e+00
9.810000061988830566e-01
1.002299976348876953e+01
3.716799926757812500e+01
2.165800094604492188e+01
4.728000164031982422e+00
2.706200027465820312e+01
6.011000156402587891e+00
2.423500061035156250e+01
8.192700195312500000e+01
8.394200134277343750e+01
2.194199943542480469e+01
4.379600143432617188e+01
1.040999984741210938e+01
9.354699707031250000e+01
5.563000202178955078e+00
4.479000091552734375e+00
2.537100028991699219e+01
3.792599868774414062e+01
6.737999916076660156e+00
3.358000040054321289e+00
3.789999961853027344e+00
1.214400005340576172e+01
5.866000175476074219e+00
2.017000007629394531e+01
1.200399971008300781e+01
4.357500076293945312e+01
5.260000228881835938e-01
1.654360046386718750e+02
4.252299880981445312e+01
2.064399909973144531e+01
6.046300125122070312e+01
6.324200057983398438e+01
1.496999979019165039e+00
8.034400177001953125e+01
1.473200035095214844e+01
3.734999895095825195e+00
1.416899967193603516e+01
1.551900005340576172e+01
2.786000013351440430e+00
8.656500244140625000e+01
1.070699977874755859e+01
2.907999992370605469e+00
2.511750030517578125e+02
3.388370056152343750e+02
4.086999893188476562e+01
1.027299976348876953e+01
5.690499877929687500e+01
4.616000175476074219e+00
3.917999982833862305e+00
7.745400238037109375e+01
3.746300125122070312e+01
4.252999782562255859e+00
7.808000087738037109e+00
3.089060058593750000e+02
1.342530059814453125e+02
1.624799919128417969e+01
2.515000104904174805e+00
4.796999931335449219e+00
5.356999874114990234e+00
1.332699966430664062e+01
1.453400039672851562e+01
1.615999984741210938e+01
5.719240112304687500e+02
2.414000034332275391e+00
3.030299949645996094e+01
1.379620056152343750e+02
9.279999732971191406e-01
4.212609863281250000e+02
6.207699966430664062e+01
3.655999898910522461e+00
4.102600097656250000e+01
2.679299926757812500e+01
3.523999929428100586e+00
6.073199844360351562e+01
4.663000106811523438e+00
7.716000080108642578e+00
1.090780029296875000e+02
2.959000110626220703e+00
3.207999944686889648e+00
1.031389999389648438e+02
8.946999549865722656e+00
6.242300033569335938e+01
4.557000160217285156e+00
1.981999993324279785e+00
1.832000017166137695e+00
2.345030059814453125e+02
1.223499965667724609e+01
5.020500183105468750e+01
1.106700038909912109e+01
6.275000095367431641e+00
5.161989746093750000e+02
1.418799972534179688e+01
6.601699829101562500e+01
6.086899948120117188e+01
4.732899856567382812e+01
1.073999977111816406e+01
4.066999912261962891e+00
5.479800033569335938e+01
2.894000053405761719e+00
7.754399871826171875e+01
7.053999900817871094e+00
1.951300048828125000e+01
1.130399990081787109e+01
7.577000141143798828e+00
5.666999816894531250e+00
5.358200073242187500e+01
1.670039978027343750e+02
6.658999919891357422e+00
3.161800003051757812e+01
1.421300029754638672e+01
3.845190124511718750e+02
6.278999805450439453e+00
8.601100158691406250e+01
4.019000053405761719e+00
7.850999832153320312e+00
1.325339965820312500e+02
3.470800018310546875e+01
5.371500015258789062e+01
1.580599975585937500e+01
6.231299972534179688e+01
1.847000002861022949e+00
6.178200149536132812e+01
4.202000141143798828e+00
4.993000030517578125e+01
1.680699920654296875e+01
1.291600036621093750e+01
2.326300048828125000e+02
1.221190032958984375e+02
6.510000228881835938e+00
3.958000183105468750e+01
1.428999996185302734e+01
3.205300140380859375e+01
5.206700134277343750e+01
9.280999755859375000e+01
2.220999956130981445e+00
9.022499847412109375e+01
5.668299865722656250e+01
8.449999809265136719e+00
1.014779968261718750e+02
5.353200149536132812e+01
1.650659942626953125e+02
1.431900024414062500e+01
3.259000062942504883e+00
1.821500015258789062e+01
1.169400024414062500e+01
5.156000137329101562e+00
1.274699974060058594e+01
3.695299911499023438e+01
8.191200256347656250e+01
6.170100021362304688e+01
8.199900054931640625e+01
6.215000152587890625e+00
4.342599868774414062e+01
4.769000053405761719e+00
2.887550048828125000e+02
1.156700038909912109e+01
5.207600021362304688e+01
4.583000183105468750e+00
1.376000022888183594e+01
1.201770019531250000e+02
1.714599990844726562e+01
3.844000101089477539e+00
1.683399963378906250e+01
1.167870025634765625e+02
2.704800033569335938e+01
1.435099983215332031e+01
2.780200004577636719e+01
2.380090026855468750e+02
1.200999975204467773e+00
9.159000396728515625e+00
1.189580001831054688e+02
2.433300018310546875e+01
4.356999874114990234e+00
5.568799972534179688e+01
6.269999980926513672e+00
2.136700057983398438e+01
5.125999927520751953e+00
8.493299865722656250e+01
1.387420043945312500e+02
2.786999940872192383e+00
5.420000076293945312e+00
1.487899971008300781e+01
1.072999954223632812e+00
2.657999992370605469e+00
7.756000041961669922e+00
4.991699981689453125e+01
1.478999972343444824e+00
1.464219970703125000e+02
6.501499938964843750e+01
3.183000087738037109e+00
1.753499984741210938e+01
1.028100013732910156e+01
3.302999973297119141e+00
1.051399993896484375e+01
5.301699829101562500e+01
7.216899871826171875e+01
3.159450073242187500e+02
1.852799987792968750e+01
1.117060012817382812e+02
1.518719940185546875e+02
5.376999855041503906e+00
1.758999943733215332e+00
4.293000221252441406e+00
1.930699920654296875e+01
1.817000031471252441e+00
3.123999977111816406e+01
5.572800064086914062e+01
2.373999977111816406e+01
5.593899917602539062e+01
7.836299896240234375e+01
2.160899925231933594e+01
3.552000045776367188e+00
5.419599914550781250e+01
6.627999782562255859e+00
4.914999961853027344e+00
4.494300079345703125e+01
3.627299880981445312e+01
2.503000020980834961e+00
9.491699981689453125e+01
6.361000061035156250e+00
3.201999902725219727e+00
6.091000080108642578e+00
4.473000049591064453e+00
3.184999942779541016e+00
6.516799926757812500e+01
2.345000028610229492e+00
7.604000091552734375e+00
1.980500030517578125e+01
3.494349975585937500e+02
1.764599990844726562e+01
1.107580032348632812e+02
1.101399993896484375e+01
5.977799987792968750e+01
5.607300186157226562e+01
1.172200012207031250e+01
3.937999963760375977e+00
7.552000045776367188e+00
2.672200012207031250e+01
4.153999805450439453e+00
1.529000043869018555e+00
4.907199859619140625e+01
7.548699951171875000e+01
6.788300323486328125e+01
5.065499877929687500e+01
1.056599998474121094e+01
3.229299926757812500e+01
1.949900054931640625e+01
8.465999603271484375e+00
5.584000110626220703e+00
1.044099998474121094e+01
6.384600067138671875e+01
1.144619979858398438e+02
1.239999961853027344e+01
2.304000091552734375e+01
5.016900024414062500e+02
5.999599838256835938e+01
2.863100051879882812e+01
2.446100044250488281e+01
1.348000049591064453e+00
4.704999923706054688e+00
7.039000034332275391e+00
1.951000022888183594e+01
1.958990020751953125e+02
1.057999992370605469e+01
2.330899963378906250e+02
2.095670013427734375e+02
2.630000114440917969e+00
6.168000221252441406e+00
3.222800064086914062e+01
1.470890045166015625e+02
2.370679931640625000e+02
1.965399932861328125e+01
1.941600036621093750e+02
1.180439987182617188e+02
2.290590057373046875e+02
1.726899909973144531e+01
3.112999916076660156e+00
6.948500061035156250e+01
1.036100006103515625e+01
2.638000011444091797e+00
9.461999893188476562e+00
3.826999902725219727e+00
5.408999919891357422e+00
8.759999871253967285e-01
4.022969970703125000e+02
1.374640045166015625e+02
9.094300079345703125e+01
8.410000205039978027e-01
4.913000106811523438e+00
2.312000036239624023e+00
1.228769989013671875e+02
2.233999967575073242e+00
7.054999828338623047e+00
9.559999704360961914e-01
6.839000225067138672e+00
2.003100013732910156e+01
2.542900085449218750e+01
3.305679931640625000e+02
7.899099731445312500e+01
5.007099914550781250e+01
1.512839965820312500e+02
7.580999851226806641e+00
7.668299865722656250e+01
4.691500091552734375e+01
3.281800079345703125e+01
2.190489959716796875e+02
2.021500015258789062e+01
2.410700035095214844e+01
1.572239990234375000e+02
1.778370056152343750e+02
1.938400077819824219e+01
6.220399856567382812e+01
5.901000022888183594e+00
7.452000141143798828e+00
4.934999942779541016e+00
1.665200042724609375e+01
2.910099983215332031e+01
3.960999965667724609e+00
8.149000167846679688e+00
1.264099979400634766e+01
4.892000198364257812e+00
3.632999897003173828e+00
2.211880035400390625e+02
2.356399917602539062e+01
2.124900054931640625e+01
5.775000095367431641e+00
9.250000000000000000e+00
2.730999946594238281e+00
5.868099975585937500e+01
2.538719940185546875e+02
2.047699928283691406e+01
1.917200088500976562e+01
6.231999874114990234e+00
1.822500038146972656e+01
3.052000045776367188e+00
7.792199707031250000e+01
3.235200119018554688e+01
1.033699989318847656e+01
1.212800025939941406e+01
1.414999961853027344e+01
4.071000099182128906e+00
6.337999820709228516e+00
1.902200012207031250e+02
1.348000049591064453e+00
1.347890014648437500e+02
3.335100173950195312e+01
1.371999979019165039e+00
3.016200065612792969e+01
2.323999977111816406e+01
4.302000045776367188e+01
4.666999816894531250e+00
4.088499832153320312e+01
9.265000343322753906e+00
1.715900039672851562e+01
1.491899967193603516e+01
7.043000221252441406e+00
2.381599998474121094e+01
5.584000110626220703e+00
3.343099975585937500e+01
1.937429962158203125e+02
1.874900054931640625e+01
3.379899978637695312e+01
1.075199985504150391e+01
7.120999813079833984e+00
1.300789947509765625e+02
2.209000110626220703e+00
4.546999931335449219e+00
2.989399909973144531e+01
2.273600006103515625e+01
2.022200012207031250e+01
2.534000015258789062e+01
4.402999877929687500e+01
7.267000198364257812e+00
4.323999881744384766e+00
2.371000051498413086e+00
5.720000267028808594e-01
1.623939971923828125e+02
3.879800033569335938e+01
4.585000038146972656e+00
7.080999851226806641e+00
1.202900028228759766e+01
1.440799999237060547e+01
1.879999995231628418e+00
6.191199874877929688e+01
7.125999927520751953e+00
4.942999839782714844e+00
5.317300033569335938e+01
2.569000005722045898e+00
1.167000055313110352e+00
3.436210021972656250e+02
1.128560028076171875e+02
5.400299835205078125e+01
3.766999959945678711e+00
2.809600067138671875e+01
9.959799957275390625e+01
1.619389953613281250e+02
8.123000144958496094e+00
4.344300079345703125e+01
1.307899932861328125e+02
2.193899917602539062e+01
8.216600036621093750e+01
4.696900177001953125e+01
4.448500061035156250e+01
1.363220062255859375e+02
3.062400054931640625e+01
3.203000068664550781e+00
6.534600067138671875e+01
1.150300025939941406e+01
1.901999950408935547e+00
4.043899917602539062e+01
3.210000038146972656e+00
7.074900054931640625e+01
1.651099967956542969e+01
1.222799968719482422e+01
2.212800025939941406e+01
1.034000015258789062e+01
7.407000064849853516e+00
1.938899993896484375e+01
3.579499816894531250e+01
7.407099914550781250e+01
7.111000061035156250e+00
2.672299957275390625e+01
1.705400085449218750e+01
5.802899932861328125e+01
3.642399978637695312e+01
1.727599906921386719e+01
3.375299835205078125e+01
1.251289978027343750e+02
4.688000202178955078e+00
1.422999978065490723e+00
7.074999809265136719e+00
6.473999977111816406e+00
8.036000251770019531e+00
7.397999763488769531e+00
6.956999778747558594e+00
2.641399955749511719e+01
1.993240051269531250e+02
1.974219970703125000e+02
4.127099990844726562e+01
4.052999973297119141e+00
1.360900020599365234e+01
3.896700134277343750e+02
4.749000072479248047e+00
7.867000102996826172e+00
1.979179992675781250e+02
6.879000186920166016e+00
2.631999969482421875e+01
3.500699996948242188e+01
1.077900028228759766e+01
4.725999832153320312e+00
5.847499847412109375e+01
3.998450012207031250e+02
1.703800010681152344e+01
6.763999938964843750e+00
7.191999912261962891e+00
6.450700378417968750e+01
1.467000007629394531e+00
5.899000167846679688e+00
2.359320068359375000e+02
9.246510009765625000e+02
5.081900024414062500e+01
9.579999923706054688e+00
2.498439941406250000e+02
1.332400054931640625e+02
8.682999610900878906e+00
5.263999938964843750e+00
8.145400238037109375e+01
1.202099990844726562e+02
1.881779937744140625e+02
6.704999923706054688e+00
7.658999633789062500e+01
3.809600067138671875e+01
4.269100189208984375e+01
9.126200103759765625e+01
1.895299911499023438e+01
1.436200046539306641e+01
2.207209930419921875e+02
1.129999995231628418e+00
5.314199829101562500e+01
3.232300186157226562e+01
1.520199966430664062e+01
9.208000183105468750e+00
5.808000087738037109e+00
6.498600006103515625e+01
4.906700134277343750e+01
2.246100044250488281e+01
5.181000232696533203e+00
4.405000209808349609e+00
4.456999778747558594e+00
9.043999671936035156e+00
5.299599838256835938e+01
1.825499916076660156e+01
5.089500045776367188e+01
1.336200046539306641e+01
1.058600006103515625e+02
4.218999862670898438e+00
1.175479965209960938e+02
5.630500030517578125e+01
3.187000036239624023e+00
9.814000129699707031e+00
3.154999971389770508e+00
9.336100006103515625e+01
5.951000213623046875e+00
1.454500007629394531e+01
6.413000106811523438e+00
3.154000043869018555e+00
5.133999824523925781e+00
1.773399925231933594e+01
2.059499931335449219e+01
4.653900146484375000e+01
4.138999938964843750e+00
9.530699920654296875e+01
2.938999891281127930e+00
2.872900009155273438e+01
1.373200035095214844e+01
2.536800003051757812e+01
1.601730041503906250e+02
3.234999847412109375e+01
1.549000024795532227e+00
4.750999927520751953e+00
4.078000068664550781e+00
2.839699935913085938e+01
1.317389984130859375e+02
4.100099945068359375e+01
2.094300079345703125e+01
2.896839904785156250e+02
2.864599990844726562e+01
8.412500000000000000e+01
4.087690124511718750e+02
3.832999944686889648e+00
3.832300186157226562e+01
2.345299911499023438e+01
2.401000022888183594e+00
2.768899917602539062e+01
1.014200019836425781e+01
2.010400009155273438e+01
6.259999871253967285e-01
3.356200027465820312e+01
6.305400085449218750e+01
8.406000137329101562e+00
1.385499954223632812e+01
4.736000061035156250e+00
6.568399810791015625e+01
6.147200012207031250e+01
3.361000061035156250e+00
1.095400047302246094e+01
2.661999940872192383e+00
9.635999679565429688e+00
4.307400131225585938e+01
4.420700073242187500e+01
9.043999671936035156e+00
2.202199935913085938e+01
1.753300094604492188e+01
3.044199943542480469e+01
2.579060058593750000e+02
9.057099914550781250e+01
2.736599922180175781e+01
2.985700035095214844e+01
1.565000057220458984e+00
7.277100372314453125e+01
1.273900032043457031e+01
2.640699958801269531e+01
2.265299987792968750e+01
6.614999771118164062e+00
1.511200046539306641e+01
1.335000038146972656e+00
1.407900047302246094e+01
3.762000083923339844e+00
3.547299957275390625e+01
1.139779968261718750e+02
8.571999549865722656e+00
5.577799987792968750e+01
4.993999958038330078e+00
1.406400012969970703e+01
2.431399917602539062e+01
1.950760040283203125e+02
4.347399902343750000e+02
7.464000225067138672e+00
6.678700256347656250e+01
2.259429931640625000e+02
1.022000026702880859e+01
1.053170013427734375e+02
2.200799942016601562e+01
1.294400024414062500e+01
4.275000095367431641e+00
4.283399963378906250e+01
7.421299743652343750e+01
1.848399925231933594e+01
3.087000083923339844e+01
3.681700134277343750e+01
1.245500030517578125e+02
5.977700042724609375e+01
1.209000015258789062e+01
4.407999992370605469e+00
1.207070007324218750e+02
4.070999908447265625e+01
3.542999982833862305e+00
4.983800125122070312e+01
1.744199943542480469e+01
5.522999763488769531e+00
2.282000064849853516e+00
9.152000427246093750e+00
7.540999889373779297e+00
2.952199935913085938e+01
2.671199989318847656e+01
2.078190002441406250e+02
2.267530059814453125e+02
7.843999862670898438e+00
1.277700042724609375e+01
1.164000034332275391e+01
9.126999855041503906e+00
6.977000236511230469e+00
5.784999847412109375e+01
8.159000396728515625e+00
4.241699981689453125e+01
5.358200073242187500e+01
8.305000305175781250e+00
1.089299964904785156e+01
3.770999908447265625e+00
5.464000225067138672e+00
2.451999902725219727e+00
6.159899902343750000e+01
1.430999994277954102e+00
3.734799957275390625e+01
2.463999986648559570e+00
4.202199935913085938e+01
1.366899967193603516e+01
3.879000091552734375e+01
1.876999974250793457e+00
6.776999950408935547e+00
1.923580017089843750e+02
2.865000009536743164e+00
2.673800086975097656e+01
8.229799652099609375e+01
4.935929870605468750e+02
4.765999794006347656e+00
4.107999801635742188e+00
8.362000465393066406e+00
8.482800292968750000e+01
1.203999996185302734e+00
3.547100067138671875e+01
9.511699676513671875e+01
9.302799987792968750e+01
8.691000366210937500e+01
1.118000030517578125e+00
1.171700000762939453e+01
2.911499977111816406e+01
4.031900024414062500e+01
4.172999858856201172e+00
2.050499916076660156e+01
3.163699913024902344e+01
2.011199951171875000e+01
6.179800033569335938e+01
1.427900028228759766e+01
3.437000036239624023e+00
2.811599922180175781e+01
1.461299991607666016e+01
6.416999816894531250e+01
6.043099975585937500e+01
1.406309967041015625e+02
2.217999935150146484e+00
2.698999881744384766e+00
5.652999877929687500e+00
4.882999897003173828e+00
5.173999786376953125e+00
2.059000015258789062e+01
5.441099929809570312e+01
3.512000083923339844e+00
8.600999832153320312e+00
1.328800010681152344e+01
9.758000373840332031e+00
4.019699859619140625e+01
2.551049957275390625e+02
9.673999786376953125e+00
2.097500038146972656e+01
3.961800003051757812e+01
1.437999963760375977e+00
1.608300018310546875e+01
3.543999910354614258e+00
4.374000167846679688e+01
2.446899986267089844e+01
7.245999813079833984e+00
7.776999950408935547e+00
1.513220062255859375e+02
1.952760009765625000e+02
1.401900005340576172e+01
9.494999885559082031e+00
1.980000019073486328e+00
8.354999542236328125e+00
1.191699981689453125e+01
