1.588069687500000000e+05
2.513424375000000000e+05
1.789230041503906250e+02
5.672708593750000000e+04
6.429399871826171875e+01
1.132046953125000000e+05
4.356854062500000000e+05
4.055079062500000000e+05
6.174119873046875000e+02
2.255916210937500000e+04
1.173106328125000000e+05
5.292800140380859375e+01
1.130232625000000000e+06
6.294925781250000000e+04
1.223145019531250000e+03
6.010200119018554688e+01
1.113450012207031250e+02
3.240898437500000000e+05
3.031359863281250000e+02
1.726762968750000000e+05
3.896681640625000000e+04
5.968270000000000000e+05
7.660685625000000000e+05
1.037553750000000000e+05
2.821012187500000000e+05
3.351230312500000000e+05
1.765828979492187500e+03
4.993438671875000000e+04
2.209474414062500000e+04
2.338118906250000000e+05
1.832403125000000000e+06
6.923709716796875000e+02
7.441203906250000000e+04
1.178445000000000000e+06
8.381320190429687500e+02
7.509671875000000000e+05
5.439196250000000000e+05
4.330799865722656250e+01
1.503351250000000000e+05
1.622019958496093750e+02
3.755899810791015625e+01
2.792665625000000000e+05
9.224988281250000000e+04
1.080370025634765625e+02
1.462465000000000000e+05
3.712195000000000000e+05
7.462169799804687500e+02
5.922119140625000000e+04
9.844720312500000000e+04
1.986129843750000000e+05
8.831596093750000000e+04
1.351451049804687500e+03
3.967475937500000000e+05
1.790694843750000000e+05
4.674327500000000000e+05
1.786799843750000000e+05
2.020052343750000000e+05
7.555092968750000000e+04
2.484089965820312500e+02
5.442362500000000000e+05
4.155563750000000000e+05
1.415538750000000000e+05
2.171725156250000000e+05
2.988117500000000000e+05
3.014890136718750000e+02
1.009723281250000000e+05
7.005599975585937500e+01
7.852484375000000000e+05
4.024971562500000000e+05
1.174711171875000000e+05
1.200265156250000000e+05
1.427250061035156250e+02
5.477435625000000000e+05
4.237565312500000000e+05
1.251006484375000000e+05
1.008143437500000000e+06
1.661394921875000000e+04
3.726022500000000000e+05
2.206800079345703125e+01
5.961790161132812500e+02
6.011238125000000000e+05
2.937704296875000000e+04
4.440800094604492188e+01
6.152589721679687500e+02
6.863720092773437500e+02
5.395999908447265625e+01
1.633709375000000000e+05
3.735475781250000000e+04
5.069277832031250000e+03
3.435024062500000000e+05
4.694822812500000000e+05
1.493749531250000000e+05
1.558638281250000000e+05
1.533510986328125000e+03
1.628215468750000000e+05
1.125988085937500000e+04
3.205983125000000000e+05
8.638443750000000000e+05
2.888999938964843750e+01
4.722198828125000000e+04
1.083176328125000000e+05
2.594384179687500000e+04
9.742583593750000000e+04
4.980745312500000000e+05
1.473746484375000000e+04
3.997271875000000000e+05
1.514869995117187500e+02
3.548355625000000000e+05
2.566118281250000000e+05
1.322667500000000000e+06
7.981099700927734375e+01
1.227156718750000000e+05
2.571538906250000000e+05
6.238476562500000000e+04
4.163491796875000000e+04
1.461029968261718750e+02
6.315053222656250000e+03
1.338632656250000000e+05
3.141893750000000000e+05
1.425269062500000000e+05
1.275949921875000000e+05
1.650160064697265625e+02
8.547816875000000000e+05
6.674181250000000000e+05
2.273613906250000000e+05
8.143298437500000000e+04
1.221248046875000000e+03
3.026790625000000000e+05
2.961772500000000000e+05
6.440490625000000000e+05
9.675007812500000000e+04
3.504950000000000000e+05
9.568059375000000000e+05
7.825154375000000000e+05
3.907017187500000000e+05
3.392282812500000000e+05
1.235387939453125000e+03
5.508083750000000000e+05
4.858193359375000000e+04
7.748218125000000000e+05
6.819339843750000000e+04
5.257687500000000000e+05
1.382439062500000000e+05
6.928637500000000000e+05
4.886724687500000000e+05
1.503690032958984375e+02
1.516847500000000000e+05
6.913540625000000000e+05
3.497885937500000000e+04
9.374942968750000000e+04
7.555612500000000000e+04
6.785188125000000000e+05
7.655403125000000000e+04
2.820028076171875000e+03
5.873900146484375000e+02
3.300888916015625000e+03
2.988420937500000000e+05
1.465644375000000000e+05
2.213835000000000000e+05
2.279551250000000000e+05
2.575350036621093750e+02
5.955050048828125000e+02
7.533137500000000000e+05
8.837082500000000000e+05
5.517564375000000000e+05
5.765520625000000000e+05
1.201098671875000000e+05
1.026310058593750000e+03
9.173880000000000000e+05
4.308100128173828125e+01
1.362027750000000000e+06
8.082164843750000000e+04
3.948712890625000000e+04
8.950399780273437500e+01
2.324088671875000000e+04
5.961124375000000000e+05
7.157478125000000000e+04
1.144743984375000000e+05
1.017674843750000000e+05
7.399517968750000000e+04
3.581076250000000000e+05
3.447919921875000000e+02
3.731003750000000000e+05
5.934650268554687500e+02
1.514724687500000000e+05
5.342569531250000000e+04
5.579856933593750000e+03
1.296730859375000000e+05
3.739469687500000000e+05
3.735642812500000000e+05
1.028011171875000000e+05
2.566778593750000000e+05
1.773659375000000000e+05
3.490458125000000000e+05
7.782001562500000000e+04
1.113017875000000000e+06
2.252268281250000000e+05
7.828619995117187500e+02
5.934777734375000000e+04
4.027603125000000000e+05
4.303170937500000000e+05
8.229440625000000000e+04
1.750233125000000000e+05
3.558920937500000000e+05
3.056305078125000000e+04
1.608979949951171875e+02
1.000111484375000000e+05
1.227169843750000000e+05
1.157888625000000000e+06
7.180311250000000000e+05
9.724329833984375000e+02
1.232314843750000000e+05
1.435254687500000000e+05
1.987804531250000000e+05
4.599969062500000000e+05
2.805634375000000000e+05
2.215126953125000000e+04
3.948268750000000000e+05
3.142735000000000000e+05
5.604139062500000000e+04
2.979899978637695312e+01
2.013007343750000000e+05
1.829879062500000000e+05
2.471022812500000000e+05
3.957385625000000000e+05
3.971496875000000000e+05
1.361215156250000000e+05
1.244655029296875000e+03
4.538210937500000000e+05
9.466179809570312500e+02
5.157427500000000000e+05
8.055100097656250000e+02
2.835026875000000000e+05
6.906199951171875000e+02
3.801820068359375000e+02
4.353789062500000000e+05
2.713006250000000000e+04
9.425760156250000000e+04
1.661319140625000000e+04
3.954460625000000000e+05
1.629183281250000000e+05
9.862241406250000000e+04
9.108492968750000000e+04
8.225178125000000000e+05
1.447738437500000000e+05
1.647619934082031250e+02
3.781727187500000000e+05
1.826118750000000000e+04
2.137397031250000000e+05
2.158732226562500000e+04
5.515865234375000000e+04
5.883930053710937500e+02
2.189163476562500000e+04
3.497675000000000000e+04
2.285929062500000000e+05
1.966415000000000000e+05
6.664507812500000000e+04
1.830711718750000000e+04
1.053508056640625000e+03
4.473392187500000000e+05
4.014634375000000000e+04
5.721489868164062500e+02
6.006195312500000000e+04
8.167125781250000000e+04
8.786799621582031250e+01
7.252880249023437500e+02
4.760907421875000000e+04
1.018678375000000000e+06
1.992830000000000000e+05
1.393736250000000000e+05
3.773321562500000000e+05
1.892667968750000000e+05
6.045189375000000000e+05
1.325030059814453125e+02
9.245957812500000000e+04
9.887999725341796875e+01
1.229868906250000000e+05
1.381975952148437500e+03
4.131319375000000000e+05
2.628957187500000000e+05
2.821068750000000000e+05
3.231200027465820312e+01
2.864096250000000000e+05
9.586100006103515625e+01
2.768281562500000000e+05
4.843110312500000000e+05
3.283368125000000000e+05
2.112295898437500000e+03
1.339679843750000000e+05
1.226773144531250000e+04
2.411360015869140625e+02
8.217603750000000000e+05
1.673289843750000000e+05
7.807206054687500000e+03
2.090943593750000000e+05
7.700943750000000000e+04
1.917739648437500000e+04
1.719562500000000000e+06
1.000432006835937500e+03
1.346399974822998047e+01
1.411874843750000000e+05
1.420116875000000000e+05
1.382829062500000000e+05
7.067386718750000000e+04
2.798764687500000000e+05
2.804081640625000000e+04
4.654742578125000000e+04
6.729014062500000000e+04
2.831399917602539062e+01
6.507838750000000000e+05
1.881844970703125000e+03
2.627039257812500000e+04
4.929118164062500000e+03
5.920277343750000000e+04
3.363930053710937500e+02
1.789230041503906250e+02
1.801525781250000000e+05
1.890719687500000000e+05
1.363935000000000000e+05
3.570450134277343750e+02
1.180000000000000000e+03
5.533700180053710938e+01
2.492508437500000000e+05
5.870951171875000000e+04
8.735272656250000000e+04
4.456732812500000000e+05
2.313328750000000000e+05
1.667692343750000000e+05
3.207815000000000000e+05
2.974427929687500000e+04
4.122518437500000000e+05
7.158700625000000000e+05
3.862051025390625000e+03
1.600997812500000000e+05
1.461138125000000000e+05
6.931983750000000000e+05
6.139520263671875000e+02
7.103475000000000000e+05
1.247658398437500000e+04
4.524753750000000000e+05
5.985679931640625000e+02
5.684599218750000000e+04
4.083352500000000000e+05
6.091308593750000000e+04
2.059536406250000000e+05
3.769526875000000000e+05
1.935459062500000000e+05
1.004265546875000000e+05
7.907208125000000000e+05
2.838452500000000000e+05
4.887608203125000000e+04
3.768673125000000000e+05
2.230764843750000000e+05
4.113354375000000000e+05
4.184969375000000000e+05
2.280528437500000000e+05
2.470497031250000000e+05
1.094699954986572266e+01
1.699519958496093750e+02
2.398036875000000000e+05
7.683790283203125000e+02
1.050419998168945312e+02
1.470452734375000000e+04
1.785844970703125000e+03
4.322868437500000000e+05
2.584207031250000000e+05
1.098871250000000000e+05
7.968590087890625000e+02
2.172435156250000000e+05
2.882656875000000000e+05
1.215853828125000000e+05
5.012890014648437500e+02
5.771888125000000000e+05
2.939885625000000000e+05
3.368505937500000000e+05
1.025655703125000000e+05
5.645203515625000000e+04
1.966649932861328125e+02
1.374448281250000000e+05
2.636711523437500000e+04
1.897108593750000000e+04
1.219278250000000000e+06
1.240499023437500000e+03
1.263758593750000000e+05
1.596768750000000000e+05
6.881755468750000000e+04
1.913732656250000000e+05
2.278069687500000000e+05
1.237099990844726562e+02
5.378468359375000000e+04
4.367728906250000000e+04
5.765130004882812500e+02
1.090860961914062500e+03
4.578735625000000000e+05
2.560641093750000000e+05
3.936185937500000000e+04
7.778324218750000000e+04
3.663433125000000000e+05
1.084278375000000000e+06
4.252799987792968750e+01
9.754279687500000000e+04
6.502999877929687500e+01
2.290245000000000000e+05
1.466159973144531250e+02
1.322290332031250000e+04
2.834763125000000000e+05
2.049964062500000000e+05
2.915361562500000000e+05
9.632800292968750000e+01
3.402709960937500000e+02
4.367631250000000000e+04
2.240426406250000000e+05
7.498500061035156250e+01
3.283808750000000000e+05
1.920268281250000000e+05
4.247505312500000000e+05
1.173816562500000000e+05
8.546251562500000000e+04
1.249763515625000000e+05
2.103139953613281250e+02
2.394827500000000000e+05
5.665080000000000000e+05
4.111180114746093750e+02
5.463819375000000000e+05
1.437946718750000000e+05
1.078393359375000000e+04
1.863702968750000000e+05
1.067998339843750000e+04
6.002135156250000000e+04
8.080034375000000000e+05
4.251669921875000000e+04
6.017463750000000000e+05
4.295797500000000000e+05
1.991571718750000000e+05
4.741780090332031250e+02
7.325859985351562500e+02
6.756940625000000000e+04
2.509104492187500000e+04
2.113408437500000000e+05
1.191662812500000000e+05
2.543372343750000000e+05
1.058851625000000000e+06
2.540792656250000000e+05
1.383910625000000000e+05
3.172888750000000000e+05
1.976275156250000000e+05
1.021805375000000000e+06
1.110516953125000000e+05
3.921548125000000000e+05
4.439325937500000000e+05
5.460442968750000000e+04
5.803815000000000000e+05
2.774568750000000000e+05
2.044728125000000000e+05
6.763090209960937500e+02
1.923040937500000000e+05
5.197883125000000000e+05
2.767300033569335938e+01
1.235408906250000000e+05
5.387280625000000000e+05
9.181999969482421875e+01
9.477622656250000000e+04
1.263984375000000000e+05
2.772131250000000000e+04
2.513727031250000000e+05
7.055599975585937500e+01
1.762005664062500000e+04
1.978223022460937500e+03
2.479779375000000000e+05
1.954835625000000000e+05
7.647385937500000000e+04
6.757310156250000000e+04
1.104330234375000000e+05
3.002599906921386719e+01
4.986984687500000000e+05
1.371776250000000000e+05
1.824571406250000000e+05
1.178979980468750000e+03
7.475950000000000000e+04
5.978092968750000000e+04
2.938939648437500000e+04
3.241283437500000000e+05
2.031067500000000000e+05
6.660219726562500000e+02
4.452080078125000000e+02
1.715569687500000000e+05
6.181086875000000000e+05
2.853833984375000000e+04
5.147801562500000000e+05
3.116703437500000000e+05
3.851876250000000000e+05
1.656249414062500000e+04
8.648860937500000000e+04
2.009834570312500000e+04
3.177669982910156250e+02
9.609467773437500000e+03
8.956442187500000000e+04
4.783528437500000000e+05
3.579981562500000000e+05
7.851541406250000000e+04
1.717760156250000000e+05
6.605128125000000000e+04
8.209582031250000000e+03
3.881322812500000000e+05
2.525303125000000000e+05
1.080843593750000000e+05
6.318609765625000000e+04
3.461111562500000000e+05
3.346845000000000000e+05
8.271578125000000000e+04
4.321115000000000000e+05
5.214119873046875000e+02
3.481877812500000000e+05
5.097973046875000000e+04
2.162371875000000000e+05
4.882933203125000000e+04
5.449137890625000000e+04
1.331542500000000000e+05
3.830658125000000000e+05
1.686309967041015625e+02
2.987559375000000000e+05
2.323410937500000000e+05
4.488059997558593750e+02
1.303122187500000000e+05
5.722248437500000000e+04
3.461456875000000000e+05
2.596490156250000000e+05
6.146779785156250000e+02
7.883699798583984375e+01
4.216256835937500000e+03
2.998008125000000000e+05
3.166274414062500000e+04
1.791693906250000000e+05
1.715510546875000000e+04
1.712599375000000000e+05
2.722600097656250000e+02
1.745294531250000000e+04
1.968926875000000000e+05
8.388540039062500000e+02
9.034668750000000000e+04
3.970291250000000000e+05
2.090616093750000000e+05
3.795715937500000000e+05
1.833358437500000000e+05
2.755748125000000000e+05
3.133995937500000000e+05
7.917233593750000000e+04
2.348324218750000000e+05
2.534880065917968750e+02
7.128993750000000000e+04
3.519515000000000000e+05
1.078587265625000000e+05
2.124917968750000000e+05
7.445899963378906250e+01
4.157830625000000000e+05
3.675268437500000000e+05
2.288673750000000000e+05
4.602730102539062500e+02
1.117844843750000000e+05
1.002856994628906250e+03
6.362699890136718750e+01
1.773032421875000000e+04
5.640600781250000000e+04
3.446456875000000000e+05
5.237811250000000000e+05
3.933199218750000000e+04
8.318456875000000000e+05
4.217577187500000000e+05
8.405380249023437500e+02
1.067199993133544922e+01
2.865173437500000000e+05
5.666381250000000000e+05
2.905577812500000000e+05
1.039491640625000000e+05
4.050079956054687500e+02
6.328000068664550781e+00
9.854299926757812500e+01
4.408914843750000000e+04
4.457046484375000000e+04
4.452959062500000000e+05
1.356299972534179688e+01
3.578007187500000000e+05
5.555455468750000000e+04
4.009135000000000000e+05
2.398557031250000000e+05
8.343767968750000000e+04
6.087975625000000000e+05
1.449754375000000000e+05
3.954130625000000000e+05
3.422098125000000000e+05
1.514921250000000000e+05
1.495911718750000000e+05
2.383458984375000000e+04
3.266707812500000000e+05
8.039501250000000000e+05
6.931413750000000000e+05
2.681390937500000000e+05
3.204557187500000000e+05
3.191324023437500000e+04
1.991041562500000000e+05
3.478831250000000000e+05
3.067680053710937500e+02
4.612514375000000000e+05
1.677729218750000000e+05
3.375267187500000000e+05
8.868650000000000000e+05
3.548799062500000000e+05
4.996072812500000000e+05
2.907705312500000000e+05
3.526536562500000000e+05
4.766877500000000000e+05
1.865219531250000000e+05
4.090875937500000000e+05
4.365208125000000000e+05
3.923480078125000000e+04
1.534399986267089844e+01
8.842534375000000000e+04
1.366450042724609375e+02
1.547480010986328125e+02
2.051349218750000000e+05
1.013298125000000000e+05
6.286836875000000000e+05
2.379700088500976562e+01
3.657501875000000000e+05
1.201581640625000000e+04
9.086411718750000000e+04
1.601559082031250000e+04
5.155950625000000000e+05
2.991758437500000000e+05
1.449718125000000000e+05
3.815116250000000000e+05
5.940989843750000000e+04
2.744608750000000000e+05
1.031241187500000000e+06
6.428599853515625000e+02
4.747260131835937500e+02
8.437901562500000000e+04
8.473229980468750000e+02
4.714961250000000000e+05
2.976819062500000000e+05
7.572154687500000000e+04
5.105423046875000000e+04
9.328299713134765625e+01
1.635579986572265625e+02
4.619288437500000000e+05
6.877832031250000000e+04
1.396100006103515625e+02
1.988619687500000000e+05
7.026392187500000000e+04
6.747789375000000000e+05
4.708528750000000000e+05
7.249283750000000000e+05
1.765032187500000000e+05
1.363077636718750000e+04
2.721999931335449219e+01
7.269110107421875000e+02
3.661330625000000000e+05
9.875545898437500000e+03
4.921711562500000000e+05
4.329435937500000000e+05
1.068267109375000000e+05
3.943484375000000000e+05
3.974820625000000000e+05
1.936401562500000000e+05
9.948018554687500000e+03
1.763403906250000000e+05
7.636641250000000000e+05
1.399724975585937500e+03
3.810391250000000000e+05
2.084399986267089844e+01
1.184978593750000000e+05
3.419450073242187500e+02
5.960788750000000000e+05
4.038193750000000000e+05
5.934015625000000000e+05
1.466442656250000000e+05
8.969789062500000000e+04
6.912319946289062500e+02
3.229656005859375000e+03
6.328589062500000000e+04
8.229219970703125000e+02
4.645402812500000000e+05
2.946189375000000000e+05
4.224366875000000000e+05
5.578489990234375000e+02
4.266428515625000000e+04
1.065658250000000000e+06
5.449612109375000000e+04
9.966920166015625000e+02
8.668800048828125000e+02
2.051209531250000000e+05
4.301690234375000000e+04
2.752040100097656250e+02
3.602479375000000000e+05
1.878540312500000000e+05
1.199167031250000000e+05
2.775801875000000000e+05
1.718914687500000000e+05
2.000869218750000000e+05
5.746452343750000000e+04
4.796460000000000000e+05
1.352372812500000000e+05
2.808049687500000000e+05
3.727498125000000000e+05
1.485952656250000000e+05
3.821267500000000000e+05
3.079473125000000000e+05
4.337949375000000000e+05
2.165030664062500000e+04
2.539502500000000000e+05
7.735107500000000000e+05
5.692698125000000000e+05
1.106029296875000000e+05
1.193977050781250000e+03
6.566364843750000000e+04
1.397977500000000000e+05
1.178050003051757812e+02
5.116523125000000000e+05
3.862509033203125000e+03
3.845097812500000000e+05
2.792028437500000000e+05
3.825899887084960938e+01
3.251529296875000000e+04
2.785036562500000000e+05
6.276257812500000000e+03
2.199711875000000000e+05
1.184102050781250000e+03
1.177209843750000000e+05
5.132246875000000000e+05
4.720870937500000000e+05
1.305265546875000000e+05
7.844023437500000000e+04
6.022581250000000000e+04
5.505595703125000000e+04
1.614939160156250000e+04
4.233200073242187500e+02
1.961300086975097656e+01
4.068560000000000000e+05
3.152871250000000000e+05
2.923090625000000000e+05
9.933926562500000000e+04
5.717370625000000000e+05
1.141353203125000000e+05
1.313792500000000000e+05
1.378783437500000000e+05
2.743150024414062500e+02
1.605058437500000000e+05
6.410781250000000000e+05
4.739058437500000000e+05
2.294861093750000000e+05
6.169302343750000000e+04
1.339300048828125000e+03
3.260430312500000000e+05
7.114080200195312500e+02
9.113788750000000000e+05
4.918515312500000000e+05
2.050902187500000000e+05
3.979526875000000000e+05
3.082981835937500000e+04
2.450231250000000000e+05
2.060481093750000000e+05
3.889737187500000000e+05
7.782207812500000000e+04
1.565409057617187500e+03
1.022937031250000000e+05
1.437649993896484375e+02
7.390620117187500000e+02
7.585900268554687500e+02
9.020999908447265625e+01
3.088278125000000000e+05
3.911428906250000000e+04
1.229050625000000000e+06
8.470208593750000000e+04
1.880242031250000000e+05
2.209157812500000000e+05
3.390557500000000000e+05
1.038869238281250000e+04
2.796490000000000000e+05
1.115226953125000000e+05
1.348855000000000000e+05
2.712089375000000000e+05
7.147249755859375000e+02
7.853763281250000000e+04
8.883880004882812500e+02
1.373600006103515625e+01
4.150370312500000000e+05
1.756009979248046875e+02
4.144490051269531250e+02
4.510264687500000000e+05
2.519053437500000000e+05
1.522153320312500000e+04
7.119396875000000000e+05
8.559404296875000000e+03
1.075240312500000000e+05
4.512738125000000000e+05
2.838753437500000000e+05
4.540028750000000000e+05
9.104699707031250000e+01
1.687238125000000000e+05
9.074964062500000000e+04
2.008650054931640625e+02
4.359819375000000000e+05
1.688204062500000000e+05
3.151545000000000000e+05
6.579010009765625000e+02
9.303980102539062500e+02
6.471755625000000000e+05
1.024352687500000000e+06
1.474509062500000000e+05
3.623868437500000000e+05
1.106952750000000000e+06
7.855440063476562500e+02
1.146171020507812500e+03
4.226782812500000000e+04
1.071920013427734375e+02
5.044504062500000000e+05
5.231911718750000000e+04
2.127226562500000000e+04
5.698350219726562500e+02
2.891611523437500000e+04
7.285199737548828125e+01
8.261592968750000000e+04
3.751208125000000000e+05
4.010631250000000000e+04
3.785412187500000000e+05
1.661172500000000000e+05
1.244051250000000000e+05
7.208859863281250000e+02
3.615372265625000000e+04
2.729380312500000000e+05
8.484856875000000000e+05
2.682099687500000000e+05
8.044454375000000000e+05
2.062006562500000000e+05
1.503899955749511719e+01
7.010720625000000000e+05
8.619575000000000000e+04
6.870980224609375000e+02
2.719229687500000000e+05
7.024673125000000000e+05
8.014342187500000000e+04
8.360878906250000000e+03
3.313032500000000000e+05
1.473619687500000000e+05
4.055633203125000000e+04
2.268719140625000000e+04
3.831069946289062500e+02
1.500607968750000000e+05
2.749951250000000000e+05
5.203136250000000000e+05
5.998536132812500000e+03
3.708865625000000000e+05
5.194652734375000000e+04
1.748276562500000000e+05
7.909029687500000000e+04
1.820358906250000000e+05
3.212591796875000000e+04
1.626495937500000000e+05
3.825724609375000000e+04
7.175128125000000000e+04
4.320752343750000000e+04
8.539474218750000000e+04
2.273061093750000000e+05
1.814689941406250000e+02
8.489956250000000000e+05
5.841311875000000000e+05
1.038600125000000000e+06
2.618462812500000000e+05
1.441747031250000000e+05
2.649082187500000000e+05
4.678620312500000000e+05
1.245191718750000000e+05
2.697687187500000000e+05
4.122399902343750000e+01
2.806940937500000000e+05
7.627464062500000000e+04
2.743487812500000000e+05
5.021789687500000000e+05
3.642651875000000000e+05
4.325131562500000000e+05
8.752417500000000000e+05
3.033616210937500000e+04
1.432089965820312500e+03
3.690998437500000000e+05
8.626946875000000000e+04
1.049110031127929688e+02
9.247392968750000000e+04
6.105864062500000000e+04
1.932768125000000000e+05
2.305674531250000000e+05
4.279292812500000000e+05
3.036289687500000000e+05
7.599453906250000000e+04
1.692337036132812500e+03
4.832177187500000000e+05
4.368173828125000000e+03
3.241220092773437500e+02
4.269719848632812500e+02
1.294038875000000000e+06
9.938635625000000000e+05
3.347325390625000000e+04
1.554057983398437500e+03
3.496334375000000000e+05
5.586521250000000000e+05
6.841327343750000000e+04
9.426566250000000000e+05
8.471600341796875000e+01
1.811599062500000000e+05
1.225170390625000000e+05
2.106001875000000000e+05
9.825095312500000000e+04
1.660834960937500000e+03
1.398606933593750000e+04
1.085258437500000000e+05
2.013584960937500000e+03
7.047880249023437500e+02
8.768492187500000000e+04
1.203555053710937500e+03
5.229446562500000000e+05
1.423698906250000000e+05
3.862829062500000000e+05
1.260066406250000000e+05
1.791810781250000000e+05
6.881755859375000000e+03
8.763535937500000000e+04
4.141941796875000000e+04
2.092397656250000000e+04
5.765319824218750000e+02
2.175247343750000000e+05
1.124810028076171875e+02
7.288775000000000000e+04
6.474301953125000000e+04
1.634825195312500000e+04
2.525138437500000000e+05
8.388325781250000000e+04
5.665706875000000000e+05
1.003687343750000000e+05
2.884945312500000000e+05
8.067582031250000000e+04
3.293769687500000000e+05
6.282865625000000000e+05
3.737951875000000000e+05
3.418492187500000000e+04
1.021527437500000000e+06
1.887879943847656250e+02
2.741073046875000000e+04
1.786017625000000000e+06
3.305969848632812500e+02
9.521622656250000000e+04
4.156183125000000000e+05
6.535475390625000000e+04
1.076995937500000000e+05
3.583133437500000000e+05
4.856600189208984375e+01
1.683912343750000000e+05
2.514900054931640625e+02
2.082113906250000000e+05
5.417065234375000000e+04
5.530010156250000000e+04
2.337560625000000000e+05
4.207636718750000000e+04
6.240689375000000000e+05
3.454948750000000000e+05
1.442332031250000000e+03
2.852340087890625000e+02
3.008125312500000000e+05
8.296578125000000000e+03
2.160205078125000000e+03
6.129058125000000000e+05
5.840591875000000000e+05
4.473967187500000000e+05
2.018120781250000000e+05
2.700357812500000000e+04
1.042940750000000000e+06
1.141641967773437500e+03
1.573200035095214844e+01
7.942976562500000000e+04
1.488452343750000000e+05
3.738399687500000000e+05
1.705412812500000000e+05
3.178200073242187500e+02
2.232073437500000000e+05
8.426664843750000000e+04
5.109563281250000000e+04
1.330126250000000000e+05
5.465804375000000000e+05
1.386147343750000000e+05
4.525150146484375000e+02
1.954004531250000000e+05
5.200299835205078125e+01
1.310250976562500000e+03
2.524889531250000000e+05
1.020310078125000000e+05
1.115304296875000000e+05
1.472182343750000000e+05
6.407653808593750000e+03
1.014369964599609375e+02
1.592748125000000000e+05
4.256800079345703125e+01
1.935582343750000000e+05
