5.580000281333923340e-01
4.749999940395355225e-01
4.090000092983245850e-01
1.006000041961669922e+00
1.909999996423721313e-01
3.030000030994415283e-01
1.434000015258789062e+00
1.208999991416931152e+00
2.259999960660934448e-01
2.169999927282333374e-01
6.700000166893005371e-02
1.388000011444091797e+00
3.951999902725219727e+00
1.175999999046325684e+00
1.246000051498413086e+00
1.726999998092651367e+00
7.540000081062316895e-01
2.151000022888183594e+00
2.440000027418136597e-01
1.082000017166137695e+00
3.610000014305114746e-01
3.730999946594238281e+00
1.550999999046325684e+00
1.550000011920928955e-01
2.790000140666961670e-01
1.019999980926513672e+00
1.940999984741210938e+00
1.254999995231628418e+00
3.427000045776367188e+00
6.790000200271606445e-01
1.799999922513961792e-02
4.440000057220458984e-01
8.169999718666076660e-01
1.098999977111816406e+00
3.943000078201293945e+00
1.115000009536743164e+00
2.560000121593475342e-01
9.399999678134918213e-02
2.579999864101409912e-01
1.100000023841857910e+00
4.760000109672546387e-01
3.880000114440917969e-01
6.499999761581420898e-01
6.880000233650207520e-01
2.849999964237213135e-01
1.014000058174133301e+00
1.580000072717666626e-01
1.514999985694885254e+00
2.969999909400939941e-01
5.199999809265136719e-01
1.972000002861022949e+00
8.799999952316284180e-02
3.286999940872192383e+00
2.831000089645385742e+00
6.460000276565551758e-01
4.740000069141387939e-01
1.965000033378601074e+00
5.509999990463256836e-01
1.700000017881393433e-01
1.720000058412551880e-01
2.234999895095825195e+00
3.900000080466270447e-02
5.879999995231628418e-01
2.639999985694885254e-01
9.570000171661376953e-01
1.850000023841857910e-01
2.601999998092651367e+00
7.080000042915344238e-01
1.740000009536743164e+00
1.070000007748603821e-01
2.631000041961669922e+00
1.552000045776367188e+00
4.779999852180480957e-01
3.038000106811523438e+00
3.500000014901161194e-02
2.839999914169311523e+00
5.049999952316284180e-01
1.766999959945678711e+00
1.055399990081787109e+01
2.989999949932098389e-01
6.010000109672546387e-01
9.549999833106994629e-01
2.825999975204467773e+00
5.299999937415122986e-02
1.014999985694885254e+00
1.679999977350234985e-01
8.550000190734863281e-01
3.009999990463256836e-01
4.745999813079833984e+00
2.217000007629394531e+00
1.205000042915344238e+00
3.700000047683715820e-01
8.450000286102294922e-01
1.638000011444091797e+00
1.268000006675720215e+00
1.281000018119812012e+00
1.276999950408935547e+00
5.123000144958496094e+00
1.125000000000000000e+00
1.177000045776367188e+00
1.630000025033950806e-01
3.802999973297119141e+00
1.174999952316284180e+00
1.136999964714050293e+00
5.799999833106994629e-02
1.088999986648559570e+00
2.930000126361846924e-01
1.503999948501586914e+00
3.700999975204467773e+00
2.313999891281127930e+00
1.822000026702880859e+00
2.010000050067901611e-01
1.493000030517578125e+00
1.743999958038330078e+00
1.850999951362609863e+00
3.177000045776367188e+00
1.955999970436096191e+00
5.189000129699707031e+00
7.680000066757202148e-01
4.749999940395355225e-01
1.270000040531158447e-01
5.090000033378601074e-01
6.600000262260437012e-01
2.599999904632568359e-01
2.651000022888183594e+00
9.700000286102294922e-02
7.400000095367431641e-02
3.849999904632568359e-01
9.182999610900878906e+00
2.319999933242797852e-01
4.350000023841857910e-01
3.384999990463256836e+00
2.080000042915344238e-01
3.470000028610229492e-01
8.169999718666076660e-01
3.219999969005584717e-01
3.082000017166137695e+00
6.052999973297119141e+00
9.300000071525573730e-01
2.986000061035156250e+00
7.639999985694885254e-01
6.529999971389770508e-01
7.089999914169311523e-01
1.702999949455261230e+00
2.080000042915344238e-01
5.159999728202819824e-01
1.111999988555908203e+00
1.659999936819076538e-01
5.999999865889549255e-02
1.899999938905239105e-02
6.164000034332275391e+00
5.289999842643737793e-01
1.557999968528747559e+00
1.215999960899353027e+00
1.099999994039535522e-01
4.317999839782714844e+00
6.639999747276306152e-01
1.190000027418136597e-01
4.530000090599060059e-01
1.019999980926513672e+00
2.370000034570693970e-01
2.210000008344650269e-01
2.540000081062316895e-01
5.189999938011169434e-01
1.115000009536743164e+00
7.940000295639038086e-01
1.564000010490417480e+00
5.900000035762786865e-02
2.269999980926513672e-01
2.417000055313110352e+00
1.969999969005584717e-01
5.159999728202819824e-01
4.769999980926513672e-01
1.016999959945678711e+00
4.410000145435333252e-01
1.979999989271163940e-01
2.360000014305114746e-01
2.898000001907348633e+00
1.322000026702880859e+00
1.919999957084655762e+00
1.258999943733215332e+00
3.232000112533569336e+00
1.720999956130981445e+00
2.689999938011169434e-01
1.603999972343444824e+00
1.021999955177307129e+00
2.811000108718872070e+00
1.554999947547912598e+00
7.400000095367431641e-02
1.835999965667724609e+00
2.989999949932098389e-01
5.450000166893005371e-01
2.669999897480010986e-01
4.607999801635742188e+00
1.386000037193298340e+00
1.011999964714050293e+00
1.180000007152557373e-01
5.327000141143798828e+00
4.580000042915344238e-01
2.065999984741210938e+00
2.023999929428100586e+00
9.620000123977661133e-01
3.194000005722045898e+00
1.292000055313110352e+00
3.888000011444091797e+00
2.980000078678131104e-01
9.840000271797180176e-01
1.274999976158142090e+00
1.019999980926513672e+00
5.030000209808349609e-01
7.630000114440917969e-01
4.460000097751617432e-01
1.593000054359436035e+00
5.159999728202819824e-01
2.956000089645385742e+00
1.263000011444091797e+00
2.809999883174896240e-01
1.024999976158142090e+00
1.863999962806701660e+00
1.036999940872192383e+00
1.800000071525573730e-01
3.210000097751617432e-01
2.319999933242797852e-01
3.513999938964843750e+00
4.720000028610229492e-01
8.200000226497650146e-02
4.269999861717224121e-01
7.300000190734863281e-01
3.543999910354614258e+00
9.520000219345092773e-01
6.219999790191650391e-01
2.849999964237213135e-01
5.839999914169311523e-01
4.909999966621398926e-01
4.020000100135803223e-01
1.620000004768371582e-01
8.489999771118164062e-01
1.780000030994415283e-01
1.070000052452087402e+00
1.718999981880187988e+00
2.460000067949295044e-01
1.034999966621398926e+00
7.929999828338623047e-01
9.409999847412109375e-01
2.913000106811523438e+00
3.810000121593475342e-01
5.479999780654907227e-01
2.203999996185302734e+00
2.999999932944774628e-02
2.036000013351440430e+00
5.099999904632568359e-02
5.379999876022338867e-01
3.575000047683715820e+00
1.080000042915344238e+00
5.040000081062316895e-01
5.171000003814697266e+00
1.129999995231628418e+00
4.324999809265136719e+00
4.990000128746032715e-01
1.770000010728836060e-01
1.309999942779541016e+00
1.444000005722045898e+00
6.150000095367431641e-01
1.899999976158142090e-01
7.149999737739562988e-01
9.070000052452087402e-01
1.835999965667724609e+00
3.359999954700469971e-01
3.319999873638153076e-01
1.644000053405761719e+00
7.400000095367431641e-02
4.000000000000000000e+00
5.410000085830688477e-01
1.340000033378601074e-01
1.396000027656555176e+00
2.259999990463256836e+00
1.264000058174133301e+00
4.810000061988830566e-01
1.731999993324279785e+00
8.249999880790710449e-01
3.370000123977661133e-01
2.500000000000000000e-01
2.227999925613403320e+00
4.399999976158142090e-02
9.099999815225601196e-02
1.396999955177307129e+00
1.072999954223632812e+00
2.460000067949295044e-01
2.739999890327453613e-01
1.508000016212463379e+00
4.140000045299530029e-01
2.677000045776367188e+00
2.630000114440917969e-01
2.706000089645385742e+00
2.582999944686889648e+00
2.658999919891357422e+00
2.108000040054321289e+00
3.880000114440917969e-01
8.130000233650207520e-01
5.980999946594238281e+00
2.122999906539916992e+00
1.250000000000000000e+00
1.616999983787536621e+00
3.910000026226043701e-01
1.040000021457672119e-01
3.560000061988830566e-01
2.385999917984008789e+00
2.045000076293945312e+00
6.389999985694885254e-01
1.694000005722045898e+00
3.650000095367431641e-01
2.549999952316284180e+00
2.660000026226043701e-01
5.880000114440917969e+00
6.759999990463256836e-01
2.744999885559082031e+00
7.940000295639038086e-01
7.889999747276306152e-01
2.619999945163726807e-01
1.345999956130981445e+00
6.639999747276306152e-01
2.885999917984008789e+00
5.499000072479248047e+00
1.671000003814697266e+00
1.000000047497451305e-03
4.970000088214874268e-01
2.980000078678131104e-01
2.618999958038330078e+00
1.093000054359436035e+00
1.920000016689300537e-01
1.000000014901161194e-01
3.461999893188476562e+00
3.379999995231628418e-01
3.457999944686889648e+00
2.999999932944774628e-02
8.220000267028808594e-01
3.263999938964843750e+00
2.360000014305114746e-01
1.213999986648559570e+00
1.797000050544738770e+00
1.026999950408935547e+00
1.459999978542327881e-01
4.199999943375587463e-02
8.939999938011169434e-01
5.889999866485595703e-01
6.230000257492065430e-01
1.400000005960464478e-01
7.810000181198120117e-01
5.120000243186950684e-01
3.140000104904174805e-01
4.269999861717224121e-01
2.199999988079071045e-01
9.070000052452087402e-01
1.430999994277954102e+00
9.520000219345092773e-01
2.595999956130981445e+00
1.891999959945678711e+00
1.075999975204467773e+00
3.612999916076660156e+00
5.419999957084655762e-01
2.091000080108642578e+00
7.519999742507934570e-01
1.391999959945678711e+00
3.500000014901161194e-02
8.709999918937683105e-01
4.029999971389770508e-01
4.819999933242797852e-01
3.260000050067901611e-01
1.672999978065490723e+00
1.223999977111816406e+00
3.429999947547912598e-01
2.800000086426734924e-02
6.400000303983688354e-02
2.002000093460083008e+00
9.169999957084655762e-01
1.383000016212463379e+00
8.600000292062759399e-02
1.259999990463256836e+00
4.780000209808349609e+00
3.560000061988830566e-01
1.251000046730041504e+00
6.370000243186950684e-01
8.399999886751174927e-02
2.720999956130981445e+00
4.169999957084655762e-01
4.930000007152557373e-01
4.473000049591064453e+00
1.608000040054321289e+00
5.099999904632568359e-02
3.190999984741210938e+00
3.071000099182128906e+00
1.315000057220458984e+00
7.599999755620956421e-02
5.419999957084655762e-01
7.749999761581420898e-01
1.809999942779541016e-01
1.930000036954879761e-01
1.226999998092651367e+00
1.049999967217445374e-01
1.620000004768371582e+00
7.699999958276748657e-02
8.519999980926513672e-01
1.519999951124191284e-01
2.378000020980834961e+00
1.583999991416931152e+00
3.970000147819519043e-01
7.500000000000000000e-01
1.001000046730041504e+00
1.291000008583068848e+00
4.770999908447265625e+00
6.129999756813049316e-01
1.280000060796737671e-01
8.069999814033508301e-01
5.740000009536743164e-01
1.368999958038330078e+00
3.050000071525573730e-01
4.429999887943267822e-01
1.230000019073486328e+00
1.309000015258789062e+00
2.539000034332275391e+00
4.410000145435333252e-01
7.689999938011169434e-01
2.160000056028366089e-01
5.159999728202819824e-01
1.095000028610229492e+00
1.231999993324279785e+00
3.900000080466270447e-02
6.409999728202819824e-01
5.720000267028808594e-01
2.322000026702880859e+00
1.139999985694885254e+00
5.360000133514404297e-01
4.070000052452087402e-01
5.600000172853469849e-02
1.459999978542327881e-01
4.239999949932098389e-01
1.006999969482421875e+00
1.799999922513961792e-02
1.059999942779541016e+00
4.129999876022338867e-01
1.912999987602233887e+00
5.960000157356262207e-01
2.590000033378601074e-01
7.129999995231628418e-01
2.709999978542327881e-01
1.958999991416931152e+00
4.249000072479248047e+00
9.899999946355819702e-02
3.099999949336051941e-02
8.900000154972076416e-02
7.630000114440917969e-01
1.268000006675720215e+00
2.579999864101409912e-01
4.999999888241291046e-03
9.179999828338623047e-01
3.799999877810478210e-02
6.480000019073486328e-01
4.620000123977661133e-01
7.409999966621398926e-01
4.269999861717224121e-01
1.080000028014183044e-01
3.857000112533569336e+00
1.279000043869018555e+00
2.539000034332275391e+00
1.180999994277954102e+00
3.069999933242797852e+00
1.088999986648559570e+00
1.054000020027160645e+00
8.849999904632568359e-01
3.930000066757202148e-01
2.520000040531158447e-01
1.172000050544738770e+00
3.639999926090240479e-01
1.799999922513961792e-02
1.355999946594238281e+00
2.930000126361846924e-01
2.249999940395355225e-01
2.131000041961669922e+00
3.270999908447265625e+00
1.299999952316284180e-01
1.059999942779541016e+00
1.366000056266784668e+00
1.409999966621398926e+00
8.889999985694885254e-01
2.249999940395355225e-01
1.212000012397766113e+00
8.799999952316284180e-02
4.831999778747558594e+00
4.479000091552734375e+00
4.682000160217285156e+00
2.479999959468841553e-01
5.830000042915344238e-01
9.679999947547912598e-01
2.750000059604644775e-01
1.541000008583068848e+00
8.920000195503234863e-01
1.733000040054321289e+00
3.517999887466430664e+00
2.509999871253967285e-01
7.059999704360961914e-01
2.579999864101409912e-01
1.042000055313110352e+00
5.640000104904174805e-01
6.380000114440917969e-01
1.003999948501586914e+00
6.119999885559082031e-01
4.740000069141387939e-01
9.319999814033508301e-01
6.499999761581420898e-01
0.000000000000000000e+00
2.427000045776367188e+00
9.670000076293945312e-01
4.749999940395355225e-01
1.383000016212463379e+00
1.422000050544738770e+00
3.039999902248382568e-01
9.099999815225601196e-02
1.110000014305114746e-01
2.280000001192092896e-01
7.360000014305114746e-01
1.406999945640563965e+00
2.233999967575073242e+00
1.182000041007995605e+00
3.295000076293945312e+00
2.463999986648559570e+00
2.282000064849853516e+00
1.899999976158142090e-01
1.623999953269958496e+00
4.239999949932098389e-01
1.169000029563903809e+00
5.370000004768371582e-01
1.030000001192092896e-01
3.089999854564666748e-01
2.989000082015991211e+00
3.400000184774398804e-02
2.203000068664550781e+00
4.530000090599060059e-01
5.860000252723693848e-01
4.289999902248382568e-01
2.010000050067901611e-01
3.161999940872192383e+00
3.446000099182128906e+00
4.959999918937683105e-01
3.482000112533569336e+00
1.770000010728836060e-01
2.911999940872192383e+00
5.000000000000000000e-01
1.180999994277954102e+00
5.849999785423278809e-01
2.638000011444091797e+00
6.830000281333923340e-01
1.883999943733215332e+00
1.780000030994415283e-01
1.041000008583068848e+00
7.789999842643737793e-01
3.120000064373016357e-01
2.680000066757202148e-01
1.534999966621398926e+00
2.930000066757202148e+00
1.613000035285949707e+00
2.911000013351440430e+00
5.699999928474426270e-01
1.317000031471252441e+00
3.335999965667724609e+00
7.099999785423278809e-01
1.792000055313110352e+00
1.172000050544738770e+00
5.569999814033508301e-01
4.959999918937683105e-01
2.434000015258789062e+00
1.228000044822692871e+00
1.207999944686889648e+00
1.730000019073486328e+00
1.713999986648559570e+00
2.538000106811523438e+00
8.289999961853027344e-01
8.019999861717224121e-01
3.055000066757202148e+00
1.940000057220458984e-01
5.040000081062316895e-01
3.319999873638153076e-01
1.969999969005584717e-01
4.169999957084655762e-01
3.510000109672546387e-01
1.379999965429306030e-01
2.744999885559082031e+00
2.348000049591064453e+00
1.095000028610229492e+00
1.457000017166137695e+00
8.339999914169311523e-01
2.840000092983245850e-01
1.712000012397766113e+00
4.359999895095825195e-01
1.141999959945678711e+00
1.976999998092651367e+00
2.099999934434890747e-01
1.685999989509582520e+00
2.111000061035156250e+00
1.337000012397766113e+00
7.749999761581420898e-01
9.599999785423278809e-01
2.919999957084655762e-01
3.330000042915344238e-01
3.860000073909759521e-01
2.361000061035156250e+00
2.910000085830688477e-01
6.729999780654907227e-01
3.300000131130218506e-01
2.939999997615814209e-01
2.605999946594238281e+00
2.849999964237213135e-01
1.700000017881393433e-01
3.149999976158142090e-01
3.280000090599060059e-01
6.769999861717224121e-01
1.218999981880187988e+00
4.300000071525573730e-01
2.592999935150146484e+00
1.850000023841857910e-01
3.310000002384185791e-01
3.400000035762786865e-01
1.804999947547912598e+00
1.781999945640563965e+00
1.389999985694885254e-01
2.426000118255615234e+00
6.930000185966491699e-01
6.600000262260437012e-01
2.608000040054321289e+00
1.876000046730041504e+00
7.139999866485595703e-01
2.999999932944774628e-02
1.120000034570693970e-01
9.819999933242797852e-01
8.080000281333923340e-01
1.133000016212463379e+00
2.127000093460083008e+00
1.254999995231628418e+00
1.348000049591064453e+00
8.920000195503234863e-01
3.654000043869018555e+00
1.609999984502792358e-01
3.210000097751617432e-01
2.220000028610229492e+00
4.999999888241291046e-03
2.700999975204467773e+00
1.120000034570693970e-01
2.489000082015991211e+00
1.065999984741210938e+00
2.107000112533569336e+00
6.599999964237213135e-02
1.016000032424926758e+00
1.991999983787536621e+00
2.701999902725219727e+00
2.194999933242797852e+00
3.109999895095825195e+00
3.671999931335449219e+00
1.449999958276748657e-01
2.709999978542327881e-01
1.156999945640563965e+00
2.910000085830688477e-01
4.620000123977661133e-01
3.117000102996826172e+00
2.563999891281127930e+00
2.345000028610229492e+00
4.600000008940696716e-02
5.649999976158142090e-01
4.180000126361846924e-01
2.894000053405761719e+00
5.350000262260437012e-01
1.605000019073486328e+00
3.359999954700469971e-01
1.976999998092651367e+00
3.429999947547912598e-01
5.900000035762786865e-02
0.000000000000000000e+00
1.280000060796737671e-01
4.000000189989805222e-03
5.120000243186950684e-01
2.756000041961669922e+00
1.504999995231628418e+00
7.340000271797180176e-01
2.739999890327453613e-01
1.024000048637390137e+00
1.391999959945678711e+00
1.010000035166740417e-01
2.969999909400939941e-01
6.769999861717224121e-01
2.072000026702880859e+00
2.440000057220458984e+00
1.710000038146972656e+00
3.499999940395355225e-01
4.618000030517578125e+00
5.849999785423278809e-01
7.509999871253967285e-01
8.399999737739562988e-01
7.199999690055847168e-02
2.380000114440917969e+00
2.865999937057495117e+00
1.899999976158142090e-01
2.590000033378601074e-01
1.669999957084655762e-01
1.407999992370605469e+00
2.953000068664550781e+00
1.746999979019165039e+00
2.961999893188476562e+00
2.720000147819519043e-01
7.699999809265136719e-01
4.510000050067901611e-01
1.108000040054321289e+00
2.610000073909759521e-01
1.282999992370605469e+00
6.549999713897705078e-01
1.128999948501586914e+00
4.034999847412109375e+00
2.825999975204467773e+00
7.699999958276748657e-02
1.111999988555908203e+00
6.006999969482421875e+00
3.299999982118606567e-02
2.778000116348266602e+00
2.259999960660934448e-01
7.500000000000000000e-01
5.406000137329101562e+00
3.149999976158142090e-01
2.660000026226043701e-01
2.720000028610229492e+00
1.702000021934509277e+00
5.569999814033508301e-01
3.150000095367431641e+00
2.928999900817871094e+00
4.090000092983245850e-01
5.220000147819519043e-01
2.158999919891357422e+00
1.307000041007995605e+00
9.340000152587890625e-01
1.684999942779541016e+00
9.929999709129333496e-01
3.280000090599060059e-01
1.613000035285949707e+00
1.287999987602233887e+00
1.595000028610229492e+00
5.770999908447265625e+00
9.419999718666076660e-01
8.410000205039978027e-01
1.049999967217445374e-01
1.990000009536743164e-01
7.919999957084655762e-01
1.756000041961669922e+00
4.180000126361846924e-01
2.150000095367431641e+00
1.876999974250793457e+00
9.000000357627868652e-02
5.040999889373779297e+00
3.859999895095825195e+00
9.099999815225601196e-02
8.069999814033508301e-01
1.930999994277954102e+00
2.430000007152557373e-01
5.479999780654907227e-01
4.210000038146972656e-01
2.033999919891357422e+00
2.759999930858612061e-01
2.082000017166137695e+00
1.593999981880187988e+00
1.268000006675720215e+00
9.639999866485595703e-01
6.145999908447265625e+00
9.649999737739562988e-01
3.810000121593475342e-01
2.500000037252902985e-02
1.371999979019165039e+00
6.259999871253967285e-01
1.300000026822090149e-02
1.161000013351440430e+00
5.210000276565551758e-01
8.159999847412109375e-01
1.039000034332275391e+00
2.117000102996826172e+00
4.221000194549560547e+00
1.856999993324279785e+00
8.899999856948852539e-01
1.789999961853027344e+00
1.850000023841857910e-01
1.411999940872192383e+00
1.131000041961669922e+00
1.409000039100646973e+00
2.451999902725219727e+00
1.631999969482421875e+00
6.830000281333923340e-01
1.248000025749206543e+00
2.898000001907348633e+00
6.349999904632568359e-01
1.599999964237213135e-01
9.670000076293945312e-01
4.729999899864196777e-01
1.988000035285949707e+00
6.579999923706054688e-01
1.409000039100646973e+00
5.821000099182128906e+00
7.289999723434448242e-01
1.209999993443489075e-01
1.640000045299530029e-01
4.186999797821044922e+00
3.736999988555908203e+00
2.509000062942504883e+00
1.011000037193298340e+00
1.809999942779541016e-01
1.643000006675720215e+00
2.598000049591064453e+00
1.599999964237213135e-01
2.129999995231628418e-01
1.139000058174133301e+00
5.619999766349792480e-01
1.919000029563903809e+00
1.623999953269958496e+00
1.089999973773956299e-01
2.250999927520751953e+00
1.749999970197677612e-01
1.920000016689300537e-01
2.680000066757202148e-01
1.532999992370605469e+00
3.197000026702880859e+00
1.069000005722045898e+00
4.519999921321868896e-01
1.159000039100646973e+00
5.339999794960021973e-01
7.900000363588333130e-02
5.189999938011169434e-01
1.550999999046325684e+00
3.790000081062316895e-01
1.687999963760375977e+00
1.366999983787536621e+00
1.209999993443489075e-01
4.289000034332275391e+00
3.470000028610229492e-01
7.429999709129333496e-01
1.090999960899353027e+00
2.171000003814697266e+00
2.484999895095825195e+00
4.029999971389770508e-01
3.121999979019165039e+00
2.266000032424926758e+00
6.199999898672103882e-02
4.040000140666961670e-01
1.179999947547912598e+00
1.280000060796737671e-01
4.723000049591064453e+00
2.750000000000000000e+00
3.783999919891357422e+00
2.507999897003173828e+00
1.780000030994415283e-01
1.919000029563903809e+00
9.340000152587890625e-01
1.794000029563903809e+00
1.511000037193298340e+00
5.299999713897705078e-01
5.900000035762786865e-02
1.770000010728836060e-01
4.793000221252441406e+00
5.680000185966491699e-01
1.483999967575073242e+00
8.840000033378601074e-01
7.229999899864196777e-01
8.669999837875366211e-01
1.899999976158142090e-01
1.513000011444091797e+00
2.800000086426734924e-02
2.409999966621398926e-01
7.800000160932540894e-02
8.560000061988830566e-01
1.873999953269958496e+00
6.230000257492065430e-01
7.689999938011169434e-01
1.761000037193298340e+00
1.452999949455261230e+00
2.960000038146972656e-01
7.089999914169311523e-01
2.199999988079071045e-01
5.680000185966491699e-01
5.900000035762786865e-02
4.810000061988830566e-01
4.410000145435333252e-01
4.280000030994415283e-01
6.579999923706054688e-01
1.381000041961669922e+00
7.369999885559082031e-01
5.184000015258789062e+00
1.239999979734420776e-01
2.102999925613403320e+00
1.483000040054321289e+00
6.349999904632568359e-01
2.119999885559082031e+00
1.381999969482421875e+00
1.126000046730041504e+00
6.669999957084655762e-01
3.109999895095825195e-01
8.180000185966491699e-01
2.561000108718872070e+00
5.080000162124633789e-01
1.253999948501586914e+00
4.709999859333038330e-01
1.599999964237213135e-01
9.480000138282775879e-01
5.517000198364257812e+00
1.212000012397766113e+00
1.552999973297119141e+00
2.109999895095825195e+00
1.661000013351440430e+00
2.405999898910522461e+00
9.190000295639038086e-01
1.036000013351440430e+00
1.013000011444091797e+00
2.674000024795532227e+00
2.489999979734420776e-01
2.407000064849853516e+00
3.256000041961669922e+00
3.350000083446502686e-01
6.400000303983688354e-02
8.370000123977661133e-01
9.490000009536743164e-01
4.839999973773956299e-01
1.630000025033950806e-01
9.509999752044677734e-01
1.099999994039535522e-02
7.139999866485595703e-01
4.769999980926513672e-01
1.369999945163726807e-01
1.595000028610229492e+00
5.799999833106994629e-02
1.787999987602233887e+00
2.649999856948852539e-01
8.080000281333923340e-01
2.042000055313110352e+00
1.911999940872192383e+00
1.140000000596046448e-01
1.248999953269958496e+00
1.389999985694885254e-01
6.980000138282775879e-01
2.220000028610229492e-01
7.110000252723693848e-01
4.499000072479248047e+00
5.159999728202819824e-01
2.949999868869781494e-01
1.099999994039535522e-01
4.519999921321868896e-01
2.680000066757202148e+00
1.669999957084655762e-01
2.946000099182128906e+00
1.830999970436096191e+00
6.480000019073486328e-01
7.760000228881835938e-01
1.010000035166740417e-01
8.799999952316284180e-02
6.790000200271606445e-01
1.404999971389770508e+00
1.876000046730041504e+00
5.809999704360961914e-01
8.820000290870666504e-01
1.605999946594238281e+00
4.177999973297119141e+00
7.609999775886535645e-01
1.082999944686889648e+00
1.457000017166137695e+00
1.180000007152557373e-01
6.679999828338623047e-01
4.199999943375587463e-02
4.589999914169311523e-01
8.109999895095825195e-01
2.389999926090240479e-01
1.270000040531158447e-01
1.057000041007995605e+00
2.469999939203262329e-01
2.878000020980834961e+00
1.373000025749206543e+00
8.069999814033508301e-01
2.070000022649765015e-01
3.012000083923339844e+00
6.679999828338623047e-01
8.360000252723693848e-01
1.920000016689300537e-01
2.599999904632568359e-01
2.674999952316284180e+00
1.889999985694885254e+00
3.160000145435333252e-01
9.229999780654907227e-01
4.800000041723251343e-02
2.759999930858612061e-01
8.379999995231628418e-01
3.950000107288360596e-01
3.140000104904174805e-01
1.764000058174133301e+00
1.059999987483024597e-01
3.053999900817871094e+00
4.939999878406524658e-01
4.681000232696533203e+00
4.318999767303466797e+00
3.310000002384185791e-01
6.330000162124633789e-01
6.320000290870666504e-01
1.896000027656555176e+00
