4.339999854564666748e-01
7.199999690055847168e-02
3.689999878406524658e-01
7.250000238418579102e-01
3.889999985694885254e-01
2.750000059604644775e-01
8.699999749660491943e-02
2.280000001192092896e-01
2.010000050067901611e-01
2.150000035762786865e-01
6.840000152587890625e-01
4.440000057220458984e-01
3.689999878406524658e-01
5.700000002980232239e-02
6.899999976158142090e-01
9.869999885559082031e-01
2.319999933242797852e-01
3.919999897480010986e-01
7.590000033378601074e-01
6.060000061988830566e-01
5.000000000000000000e-01
5.900000035762786865e-02
1.383999943733215332e+00
9.120000004768371582e-01
3.869999945163726807e-01
1.860000014305114746e+00
1.098999977111816406e+00
4.999999888241291046e-03
5.780000090599060059e-01
7.059999704360961914e-01
4.390000104904174805e-01
1.554000020027160645e+00
9.549999833106994629e-01
6.700000166893005371e-02
8.640000224113464355e-01
5.299999937415122986e-02
1.700000092387199402e-02
5.199999809265136719e-01
4.230000078678131104e-01
4.079999923706054688e-01
6.890000104904174805e-01
8.790000081062316895e-01
7.269999980926513672e-01
1.430999994277954102e+00
1.790000051259994507e-01
3.709999918937683105e-01
2.399999946355819702e-01
4.250000119209289551e-01
1.618000030517578125e+00
2.060000002384185791e-01
8.479999899864196777e-01
2.960000038146972656e-01
1.499999966472387314e-02
6.729999780654907227e-01
1.159999966621398926e-01
2.529999911785125732e-01
3.680000007152557373e-01
6.800000369548797607e-02
1.149000048637390137e+00
4.379999935626983643e-01
4.410000145435333252e-01
4.999999888241291046e-03
2.140000015497207642e-01
2.509999871253967285e-01
3.799999877810478210e-02
1.674999952316284180e+00
7.659999728202819824e-01
4.569999873638153076e-01
2.430000007152557373e-01
1.184999942779541016e+00
2.820000052452087402e-01
2.319999933242797852e-01
3.499999940395355225e-01
4.670000076293945312e-01
4.399999976158142090e-01
3.910000026226043701e-01
2.000000029802322388e-01
1.439999938011169434e-01
6.759999990463256836e-01
8.900000154972076416e-02
4.009999930858612061e-01
6.899999827146530151e-02
1.284999966621398926e+00
6.300000101327896118e-02
2.434999942779541016e+00
2.179999947547912598e-01
5.699999928474426270e-01
1.080000028014183044e-01
1.245000004768371582e+00
6.830000281333923340e-01
4.900000095367431641e-01
4.740000069141387939e-01
1.304999947547912598e+00
7.530000209808349609e-01
6.700000166893005371e-02
4.979999959468841553e-01
2.099999971687793732e-02
4.959999918937683105e-01
4.939999878406524658e-01
2.269999980926513672e-01
9.099999815225601196e-02
3.799999877810478210e-02
1.319999992847442627e-01
3.490000069141387939e-01
3.889999985694885254e-01
4.699999839067459106e-02
3.389999866485595703e-01
3.799999877810478210e-02
7.590000033378601074e-01
5.059999823570251465e-01
1.430999994277954102e+00
1.231999993324279785e+00
8.000000379979610443e-03
6.599999964237213135e-02
5.590000152587890625e-01
1.049999952316284180e+00
2.099999971687793732e-02
5.500000119209289551e-01
1.360000073909759521e-01
1.230000033974647522e-01
5.839999914169311523e-01
9.799999743700027466e-02
2.870000004768371582e-01
8.999999612569808960e-03
4.359999895095825195e-01
1.029000043869018555e+00
1.144000053405761719e+00
7.129999995231628418e-01
3.900000080466270447e-02
5.440000295639038086e-01
5.600000172853469849e-02
3.759999871253967285e-01
4.519999921321868896e-01
2.319999933242797852e-01
1.940000057220458984e-01
4.339999854564666748e-01
5.870000123977661133e-01
3.889999985694885254e-01
4.999999888241291046e-03
1.230000033974647522e-01
1.504999995231628418e+00
1.963999986648559570e+00
5.189999938011169434e-01
1.080000028014183044e-01
3.140000104904174805e-01
1.899999938905239105e-02
1.800000071525573730e-01
1.598000049591064453e+00
7.839999794960021973e-01
8.140000104904174805e-01
1.340000033378601074e-01
1.829999983310699463e-01
2.220000028610229492e-01
1.739999949932098389e-01
3.939999938011169434e-01
2.621999979019165039e+00
1.608000040054321289e+00
8.650000095367431641e-01
1.679999977350234985e-01
5.000000074505805969e-02
2.360000014305114746e-01
3.429999947547912598e-01
6.309999823570251465e-01
7.770000100135803223e-01
2.169999927282333374e-01
1.258000016212463379e+00
3.999999910593032837e-02
2.820000052452087402e-01
1.608999967575073242e+00
8.899999856948852539e-01
2.199999988079071045e-02
5.149999856948852539e-01
9.999999776482582092e-03
3.499999940395355225e-01
9.399999678134918213e-02
8.399999886751174927e-02
3.109999895095825195e-01
1.640000045299530029e-01
8.240000009536743164e-01
5.200000107288360596e-02
5.049999952316284180e-01
5.899999737739562988e-01
4.070000052452087402e-01
1.640000045299530029e-01
9.700000286102294922e-02
5.000000074505805969e-02
1.099999994039535522e-02
9.829999804496765137e-01
5.080000162124633789e-01
6.340000033378601074e-01
3.759999871253967285e-01
6.869999766349792480e-01
6.499999761581420898e-02
3.519999980926513672e-01
5.360000133514404297e-01
6.190000176429748535e-01
8.399999886751174927e-02
5.629000186920166016e+00
9.079999923706054688e-01
5.099999904632568359e-02
4.219999909400939941e-01
1.439000010490417480e+00
7.459999918937683105e-01
6.399999856948852539e-01
4.040000140666961670e-01
3.200000151991844177e-02
2.329999953508377075e-01
1.080000028014183044e-01
4.999999888241291046e-03
1.108999967575073242e+00
7.300000190734863281e-01
6.129999756813049316e-01
1.089999973773956299e-01
1.309999972581863403e-01
2.700000107288360596e-01
9.160000085830688477e-01
1.600000075995922089e-02
5.499999970197677612e-02
4.269999861717224121e-01
5.529999732971191406e-01
6.700000166893005371e-01
8.109999895095825195e-01
1.389999985694885254e-01
1.465000033378601074e+00
1.909999996423721313e-01
8.539999723434448242e-01
3.880000114440917969e-01
7.360000014305114746e-01
3.999999910593032837e-02
5.299999937415122986e-02
4.359999895095825195e-01
4.589999914169311523e-01
6.769999861717224121e-01
1.230000033974647522e-01
1.860000044107437134e-01
1.499999966472387314e-02
7.279999852180480957e-01
4.839999973773956299e-01
1.400000005960464478e-01
8.200000226497650146e-02
1.570000052452087402e-01
1.319999992847442627e-01
1.393000006675720215e+00
7.450000047683715820e-01
3.600000143051147461e-01
1.030000001192092896e-01
1.233000040054321289e+00
1.140000000596046448e-01
5.999999865889549255e-02
3.249999880790710449e-01
3.099999949336051941e-02
4.250000119209289551e-01
3.400000184774398804e-02
8.379999995231628418e-01
1.148000001907348633e+00
6.899999827146530151e-02
2.520000040531158447e-01
1.083999991416931152e+00
9.330000281333923340e-01
8.399999886751174927e-02
4.769999980926513672e-01
5.749999880790710449e-01
2.220000028610229492e-01
2.989999949932098389e-01
1.369999945163726807e-01
2.140000015497207642e-01
4.399999976158142090e-02
4.250000119209289551e-01
3.720000088214874268e-01
3.120000064373016357e-01
1.770000010728836060e-01
1.490000039339065552e-01
1.700000092387199402e-02
2.709999978542327881e-01
4.390000104904174805e-01
4.169999957084655762e-01
2.525000095367431641e+00
9.629999995231628418e-01
2.090000063180923462e-01
3.440000116825103760e-01
2.000000029802322388e-01
1.085999965667724609e+00
7.329999804496765137e-01
1.286000013351440430e+00
2.098000049591064453e+00
3.900000080466270447e-02
3.799999877810478210e-02
6.980000138282775879e-01
4.259999990463256836e-01
7.670000195503234863e-01
7.500000298023223877e-02
1.809999942779541016e-01
3.540000021457672119e-01
6.420000195503234863e-01
3.109999895095825195e-01
1.241999983787536621e+00
5.289999842643737793e-01
7.400000095367431641e-02
2.631999969482421875e+00
7.250000238418579102e-01
5.299999937415122986e-02
9.300000220537185669e-02
5.529999732971191406e-01
9.369999766349792480e-01
1.636000037193298340e+00
3.529999852180480957e-01
4.110000133514404297e-01
9.999999776482582092e-03
5.499999970197677612e-02
3.059999942779541016e-01
1.299999952316284180e-01
1.090999960899353027e+00
3.120000064373016357e-01
7.299999892711639404e-02
2.899999916553497314e-01
7.500000298023223877e-02
2.999999932944774628e-02
2.140000015497207642e-01
2.800000011920928955e-01
1.070000052452087402e+00
1.440000057220458984e+00
1.659999936819076538e-01
1.600000075995922089e-02
1.140000000596046448e-01
1.850000023841857910e-01
2.068000078201293945e+00
2.259999960660934448e-01
2.199999988079071045e-02
2.890000045299530029e-01
2.275000095367431641e+00
1.899999976158142090e-01
9.600000083446502686e-02
5.789999961853027344e-01
1.969999969005584717e-01
2.157000064849853516e+00
7.979999780654907227e-01
3.989999890327453613e-01
2.790000140666961670e-01
8.399999886751174927e-02
1.381000041961669922e+00
8.399999737739562988e-01
1.850000023841857910e-01
8.500000089406967163e-02
3.280000090599060059e-01
4.899999871850013733e-02
3.959999978542327881e-01
1.899999938905239105e-02
1.800000071525573730e-01
2.709999978542327881e-01
2.669999897480010986e-01
3.149999976158142090e-01
3.619999885559082031e-01
2.020000070333480835e-01
5.270000100135803223e-01
1.069000005722045898e+00
2.899999916553497314e-01
6.069999933242797852e-01
2.700000070035457611e-02
2.460000067949295044e-01
2.630000114440917969e-01
6.200000047683715820e-01
9.099999815225601196e-02
2.000000029802322388e-01
2.569999933242797852e+00
5.149999856948852539e-01
2.388999938964843750e+00
2.482000112533569336e+00
6.750000119209289551e-01
9.530000090599060059e-01
5.730000138282775879e-01
5.469999909400939941e-01
1.082000017166137695e+00
7.770000100135803223e-01
6.230000257492065430e-01
1.800000071525573730e-01
1.601999998092651367e+00
1.439999938011169434e-01
3.500000014901161194e-02
1.550000011920928955e-01
3.770000040531158447e-01
1.199000000953674316e+00
2.720000147819519043e-01
4.999999888241291046e-03
5.329999923706054688e-01
1.129999995231628418e+00
1.280000060796737671e-01
1.509999930858612061e-01
2.201999902725219727e+00
4.280000030994415283e-01
6.199999898672103882e-02
7.699999958276748657e-02
5.180000066757202148e-01
7.369999885559082031e-01
7.540000081062316895e-01
6.710000038146972656e-01
1.679999977350234985e-01
3.619999885559082031e-01
1.315999984741210938e+00
1.179000020027160645e+00
6.000000052154064178e-03
1.628999948501586914e+00
7.319999933242797852e-01
6.710000038146972656e-01
1.067000031471252441e+00
2.070000022649765015e-01
4.819999933242797852e-01
6.909999847412109375e-01
1.735000014305114746e+00
8.909999728202819824e-01
8.699999749660491943e-02
9.729999899864196777e-01
3.500000014901161194e-02
1.639999985694885254e+00
1.809000015258789062e+00
2.980000078678131104e-01
7.699999958276748657e-02
3.190000057220458984e-01
6.299999952316284180e-01
8.799999952316284180e-02
7.160000205039978027e-01
8.949999809265136719e-01
3.370000123977661133e-01
6.039999723434448242e-01
5.960000157356262207e-01
2.590000033378601074e-01
3.889999985694885254e-01
8.029999732971191406e-01
1.524999976158142090e+00
7.620000243186950684e-01
4.020000100135803223e-01
3.810000121593475342e-01
2.189999967813491821e-01
1.369999945163726807e-01
2.339999973773956299e-01
3.050000071525573730e-01
8.309999704360961914e-01
5.799999833106994629e-02
1.600000075995922089e-02
3.860000073909759521e-01
1.509999930858612061e-01
7.300000190734863281e-01
2.700000107288360596e-01
4.269999861717224121e-01
9.000000357627868652e-02
1.319999992847442627e-01
2.114000082015991211e+00
6.520000100135803223e-01
1.340000033378601074e-01
5.730000138282775879e-01
1.570000052452087402e-01
1.633999943733215332e+00
1.174000024795532227e+00
1.791000008583068848e+00
1.167000055313110352e+00
3.689999878406524658e-01
9.190000295639038086e-01
1.220000028610229492e+00
1.560000032186508179e-01
1.309999972581863403e-01
3.310000002384185791e-01
2.280000001192092896e-01
5.460000038146972656e-01
7.699999958276748657e-02
2.259999960660934448e-01
1.640000045299530029e-01
1.840000003576278687e-01
9.200000017881393433e-02
4.469999969005584717e-01
3.790000081062316895e-01
8.900000154972076416e-02
3.179999887943267822e-01
4.320000112056732178e-01
1.340999960899353027e+00
1.379999995231628418e+00
2.776000022888183594e+00
5.559999942779541016e-01
1.805999994277954102e+00
1.519999951124191284e-01
4.899999871850013733e-02
1.276000022888183594e+00
7.590000033378601074e-01
1.640000045299530029e-01
6.899999827146530151e-02
9.300000071525573730e-01
2.560000121593475342e-01
3.740000128746032715e-01
7.400000095367431641e-02
3.009999990463256836e-01
1.192999958992004395e+00
6.599999964237213135e-02
9.620000123977661133e-01
2.820000052452087402e-01
1.100999951362609863e+00
1.207000017166137695e+00
4.300000146031379700e-02
6.039999723434448242e-01
5.199999809265136719e-01
1.070000007748603821e-01
3.900000080466270447e-02
5.400000140070915222e-02
1.000000047497451305e-03
2.049999982118606567e-01
5.450000166893005371e-01
1.800000071525573730e-01
8.169999718666076660e-01
2.980000078678131104e-01
2.099999971687793732e-02
2.520000040531158447e-01
9.799999743700027466e-02
9.309999942779541016e-01
4.350000023841857910e-01
8.999999612569808960e-03
1.469999998807907104e-01
1.547999978065490723e+00
5.789999961853027344e-01
4.199999943375587463e-02
3.470000028610229492e-01
6.970000267028808594e-01
4.289999902248382568e-01
3.600000143051147461e-01
9.279999732971191406e-01
4.869999885559082031e-01
2.773000001907348633e+00
5.120000243186950684e-01
5.740000009536743164e-01
2.000000094994902611e-03
7.100000232458114624e-02
1.799999922513961792e-02
2.070000022649765015e-01
1.128000020980834961e+00
4.210000038146972656e-01
9.639999866485595703e-01
9.369999766349792480e-01
5.189999938011169434e-01
9.589999914169311523e-01
9.049999713897705078e-01
1.088999986648559570e+00
1.040000021457672119e-01
1.309999972581863403e-01
1.250000000000000000e-01
3.009999990463256836e-01
5.700000002980232239e-02
1.459999978542327881e-01
1.881000041961669922e+00
9.799999743700027466e-02
4.850000143051147461e-01
2.649999856948852539e-01
6.629999876022338867e-01
3.039999902248382568e-01
6.449999809265136719e-01
3.930000066757202148e-01
1.062999963760375977e+00
1.829999983310699463e-01
2.339999973773956299e-01
5.030000209808349609e-01
1.389999985694885254e-01
3.860000073909759521e-01
5.839999914169311523e-01
5.109999775886535645e-01
6.990000009536743164e-01
1.300000026822090149e-02
6.320000290870666504e-01
1.870000064373016357e-01
2.590000033378601074e-01
3.213999986648559570e+00
2.210000008344650269e-01
2.969999909400939941e-01
6.830000281333923340e-01
9.900000095367431641e-01
3.639999926090240479e-01
6.340000033378601074e-01
1.582999944686889648e+00
5.310000181198120117e-01
4.550000131130218506e-01
1.099999994039535522e-01
3.249999880790710449e-01
1.819999963045120239e-01
7.739999890327453613e-01
8.299999833106994629e-01
9.300000071525573730e-01
8.479999899864196777e-01
4.850000143051147461e-01
2.169999927282333374e-01
1.800000071525573730e-01
2.899999916553497314e-02
4.429999887943267822e-01
1.720000058412551880e-01
2.419999986886978149e-01
1.239999979734420776e-01
3.109999895095825195e-01
2.290000021457672119e-01
2.599999904632568359e-01
8.999999612569808960e-03
2.000000029802322388e-01
3.999999910593032837e-02
3.790000081062316895e-01
3.030000030994415283e-01
3.299999982118606567e-02
2.010000050067901611e-01
5.210000276565551758e-01
3.569999933242797852e-01
1.790000051259994507e-01
3.099999949336051941e-02
1.536000013351440430e+00
1.560000032186508179e-01
4.939999878406524658e-01
1.529999971389770508e-01
6.880000233650207520e-01
1.332999944686889648e+00
1.593000054359436035e+00
8.539999723434448242e-01
2.649999856948852539e-01
8.569999933242797852e-01
5.720000267028808594e-01
4.550000131130218506e-01
9.899999946355819702e-02
8.309999704360961914e-01
1.899999976158142090e-01
5.789999961853027344e-01
6.029999852180480957e-01
6.389999985694885254e-01
2.099999971687793732e-02
6.499999761581420898e-02
1.218000054359436035e+00
2.213999986648559570e+00
3.100000023841857910e-01
2.010000050067901611e-01
8.500000089406967163e-02
3.079999983310699463e-01
4.569999873638153076e-01
2.709999978542327881e-01
9.670000076293945312e-01
2.319999933242797852e-01
1.600000075995922089e-02
6.740000247955322266e-01
3.009999990463256836e-01
3.930000066757202148e-01
4.850000143051147461e-01
4.059999883174896240e-01
5.059999823570251465e-01
3.289999961853027344e-01
1.089999973773956299e-01
1.539999991655349731e-01
1.080000028014183044e-01
3.059999942779541016e-01
2.194999933242797852e+00
4.429999887943267822e-01
4.199999943375587463e-02
7.609999775886535645e-01
3.079999983310699463e-01
7.000000029802322388e-02
4.199999868869781494e-01
1.550000011920928955e-01
4.289999902248382568e-01
6.199999898672103882e-02
3.639999926090240479e-01
3.059999942779541016e-01
2.020000070333480835e-01
4.140000045299530029e-01
7.000000216066837311e-03
3.059999942779541016e-01
5.680000185966491699e-01
1.565000057220458984e+00
7.220000028610229492e-01
8.399999886751174927e-02
6.050000190734863281e-01
2.849999964237213135e-01
6.019999980926513672e-01
2.339999973773956299e-01
1.110000014305114746e-01
5.590000152587890625e-01
3.000000119209289551e-01
1.036999940872192383e+00
2.790000140666961670e-01
4.100000113248825073e-02
1.490000039339065552e-01
1.780000030994415283e-01
2.994999885559082031e+00
3.709999918937683105e-01
4.999999888241291046e-03
1.768000006675720215e+00
3.549999892711639404e-01
5.669999718666076660e-01
3.799999877810478210e-02
3.700000047683715820e-02
4.869999885559082031e-01
4.399999976158142090e-02
3.280000090599060059e-01
4.999999888241291046e-03
9.309999942779541016e-01
2.409999966621398926e-01
3.799999877810478210e-02
7.680000066757202148e-01
1.909999996423721313e-01
4.359999895095825195e-01
2.177999973297119141e+00
1.213999986648559570e+00
2.800000011920928955e-01
2.300000004470348358e-02
8.220000267028808594e-01
1.297000050544738770e+00
1.600000075995922089e-02
6.050000190734863281e-01
3.759999871253967285e-01
4.720000028610229492e-01
3.569999933242797852e-01
1.439999938011169434e-01
1.550000011920928955e-01
2.899999916553497314e-02
8.600000143051147461e-01
2.779999971389770508e-01
2.720000147819519043e-01
1.129999980330467224e-01
2.500000037252902985e-02
8.999999612569808960e-03
6.930000185966491699e-01
9.679999947547912598e-01
9.800000190734863281e-01
8.200000226497650146e-02
3.939999938011169434e-01
1.640000045299530029e-01
3.610000014305114746e-01
2.090000063180923462e-01
6.140000224113464355e-01
5.799999833106994629e-02
1.929999947547912598e+00
6.400000303983688354e-02
1.469999998807907104e-01
1.368999958038330078e+00
8.820000290870666504e-01
3.100000023841857910e-01
2.179999947547912598e-01
1.300000026822090149e-02
2.759999930858612061e-01
1.554999947547912598e+00
4.099999964237213135e-01
4.970000088214874268e-01
2.099999971687793732e-02
3.939999938011169434e-01
3.779999911785125732e-01
1.194000005722045898e+00
1.439999938011169434e-01
8.460000157356262207e-01
1.761999964714050293e+00
1.190000057220458984e+00
4.999999888241291046e-03
6.800000369548797607e-02
3.299999982118606567e-02
4.399999976158142090e-02
4.050000011920928955e-01
2.919999957084655762e-01
6.599999964237213135e-02
5.460000038146972656e-01
8.699999749660491943e-02
3.750000000000000000e-01
4.720000028610229492e-01
5.049999952316284180e-01
3.289999961853027344e-01
7.599999755620956421e-02
2.199999988079071045e-02
2.849999964237213135e-01
7.500000298023223877e-02
5.000000074505805969e-02
6.919999718666076660e-01
1.710000038146972656e-01
5.429999828338623047e-01
3.170000016689300537e-01
5.580000281333923340e-01
1.213000059127807617e+00
1.281999945640563965e+00
1.546000003814697266e+00
8.140000104904174805e-01
4.140000045299530029e-01
3.919999897480010986e-01
7.500000298023223877e-02
2.800000086426734924e-02
5.590000152587890625e-01
5.379999876022338867e-01
5.410000085830688477e-01
5.199999809265136719e-01
2.361000061035156250e+00
7.710000276565551758e-01
3.059999942779541016e-01
1.539999991655349731e-01
8.270000219345092773e-01
2.080000042915344238e-01
1.133999943733215332e+00
3.269999921321868896e-01
1.799999922513961792e-02
5.339999794960021973e-01
1.560000032186508179e-01
1.782999992370605469e+00
1.399999976158142090e+00
5.099999904632568359e-02
7.400000095367431641e-02
2.090000063180923462e-01
1.000000047497451305e-03
5.400000140070915222e-02
1.330000013113021851e-01
1.480000019073486328e-01
8.659999966621398926e-01
5.500000119209289551e-01
1.251000046730041504e+00
8.750000000000000000e-01
4.399999976158142090e-02
1.526999950408935547e+00
1.531000018119812012e+00
2.899999916553497314e-02
3.659999966621398926e-01
2.179999947547912598e-01
5.700000002980232239e-02
1.609999984502792358e-01
1.969999969005584717e-01
2.569999992847442627e-01
1.010000035166740417e-01
2.119999974966049194e-01
8.809999823570251465e-01
3.899999856948852539e-01
2.199999988079071045e-01
2.779999971389770508e-01
8.299999684095382690e-02
6.850000023841857910e-01
1.230000033974647522e-01
1.422999978065490723e+00
3.199999928474426270e-01
4.090000092983245850e-01
4.530000090599060059e-01
1.599999964237213135e-01
7.089999914169311523e-01
9.999999776482582092e-03
1.099999994039535522e-01
3.899999856948852539e-01
1.250000000000000000e-01
3.100000023841857910e-01
1.589999943971633911e-01
4.889999926090240479e-01
3.050000071525573730e-01
3.000000026077032089e-03
9.350000023841857910e-01
2.249999940395355225e-01
1.427000045776367188e+00
2.099999971687793732e-02
5.759999752044677734e-01
4.720000028610229492e-01
9.969999790191650391e-01
6.919999718666076660e-01
1.567000031471252441e+00
3.729999959468841553e-01
1.679999977350234985e-01
5.600000172853469849e-02
4.589999914169311523e-01
8.200000226497650146e-02
2.960000038146972656e-01
4.189999997615814209e-01
4.860000014305114746e-01
1.099999994039535522e-02
3.019999861717224121e-01
1.032999992370605469e+00
2.899999916553497314e-02
4.899999871850013733e-02
8.780000209808349609e-01
1.099999994039535522e-01
2.627000093460083008e+00
1.254999995231628418e+00
1.800000071525573730e-01
2.086999893188476562e+00
1.700000047683715820e+00
4.009999930858612061e-01
1.192999958992004395e+00
3.829999864101409912e-01
6.400000303983688354e-02
7.199999690055847168e-02
6.110000014305114746e-01
3.549999892711639404e-01
1.924999952316284180e+00
5.669999718666076660e-01
5.419999957084655762e-01
7.100000232458114624e-02
4.699999839067459106e-02
1.503000020980834961e+00
1.212000012397766113e+00
1.361999988555908203e+00
6.029999852180480957e-01
9.929999709129333496e-01
9.799999743700027466e-02
2.669999897480010986e-01
4.160000085830688477e-01
4.899999871850013733e-02
2.290000021457672119e-01
4.999999888241291046e-03
1.190000027418136597e-01
5.799999833106994629e-02
1.809999942779541016e-01
1.550000011920928955e-01
2.989999949932098389e-01
1.400000043213367462e-02
1.150000020861625671e-01
1.595000028610229492e+00
3.709999918937683105e-01
4.699999839067459106e-02
1.832999944686889648e+00
3.039999902248382568e-01
1.280000060796737671e-01
8.550000190734863281e-01
2.300000041723251343e-01
2.370000034570693970e-01
2.199999988079071045e-01
5.200000107288360596e-02
3.400000184774398804e-02
1.700000092387199402e-02
1.280000060796737671e-01
6.150000095367431641e-01
4.600000008940696716e-02
1.167999982833862305e+00
2.809999883174896240e-01
1.493999958038330078e+00
2.249999940395355225e-01
6.179999709129333496e-01
1.141999959945678711e+00
1.340000033378601074e-01
9.799999743700027466e-02
2.860000133514404297e-01
7.100000232458114624e-02
3.540000021457672119e-01
1.879999995231628418e+00
8.190000057220458984e-01
8.289999961853027344e-01
4.280000030994415283e-01
2.240000069141387939e-01
3.160000145435333252e-01
1.400000005960464478e-01
2.489999979734420776e-01
1.959999948740005493e-01
1.790000051259994507e-01
1.305999994277954102e+00
2.669999897480010986e-01
4.429999887943267822e-01
9.670000076293945312e-01
5.200000107288360596e-02
4.199999943375587463e-02
3.190000057220458984e-01
4.500000178813934326e-02
3.100000023841857910e-01
3.659999966621398926e-01
3.500000014901161194e-02
3.400000184774398804e-02
2.230000048875808716e-01
2.579999864101409912e-01
3.109999895095825195e-01
2.680000066757202148e-01
1.710000038146972656e-01
9.969999790191650391e-01
3.339999914169311523e-01
6.470000147819519043e-01
1.710000038146972656e-01
1.080000028014183044e-01
1.731999993324279785e+00
9.700000286102294922e-02
6.650000214576721191e-01
1.231999993324279785e+00
4.429999887943267822e-01
8.000000379979610443e-03
9.499999880790710449e-02
4.320000112056732178e-01
1.949999928474426270e-01
3.459999859333038330e-01
1.389999985694885254e-01
3.260000050067901611e-01
7.500000298023223877e-02
1.360000073909759521e-01
1.819999963045120239e-01
7.500000298023223877e-02
8.560000061988830566e-01
7.710000276565551758e-01
1.190000027418136597e-01
1.140000000596046448e-01
1.544000029563903809e+00
4.370000064373016357e-01
5.799999833106994629e-01
2.051000118255615234e+00
8.899999856948852539e-01
1.010000035166740417e-01
1.300000026822090149e-02
4.939999878406524658e-01
2.980000078678131104e-01
1.506000041961669922e+00
1.949999928474426270e-01
2.739999890327453613e-01
5.900000035762786865e-02
6.599999964237213135e-02
2.500000037252902985e-02
2.380000054836273193e-01
1.496999979019165039e+00
2.099999934434890747e-01
8.199999928474426270e-01
7.630000114440917969e-01
2.210000008344650269e-01
2.599999904632568359e-01
6.400000303983688354e-02
1.189000010490417480e+00
