1.515375000000000000e+05
1.610339531250000000e+05
6.649662500000000000e+04
3.508362890625000000e+04
4.637700000000000000e+04
5.039892500000000000e+05
2.695340625000000000e+04
7.232115625000000000e+04
8.431810156250000000e+04
4.273619062500000000e+05
1.100714609375000000e+05
2.190456406250000000e+05
2.893778076171875000e+03
5.902144140625000000e+04
4.002066894531250000e+03
5.659699707031250000e+02
4.534490000000000000e+05
5.746838867187500000e+03
1.198450000000000000e+05
1.942405000000000000e+05
2.493543164062500000e+04
8.860966875000000000e+05
9.930461718750000000e+04
3.172172812500000000e+05
9.235139062500000000e+04
1.388998632812500000e+04
8.041860937500000000e+04
1.886330468750000000e+05
1.231160156250000000e+05
8.261478515625000000e+03
1.136813515625000000e+05
1.273246171875000000e+05
3.757146484375000000e+04
2.637912812500000000e+05
2.399047968750000000e+05
1.274533886718750000e+04
8.256099218750000000e+04
8.081396093750000000e+04
6.644432812500000000e+04
3.447125390625000000e+04
6.833309375000000000e+04
4.243958984375000000e+04
3.762883437500000000e+05
1.007014453125000000e+05
4.996802734375000000e+04
4.963445000000000000e+05
1.289882421875000000e+05
1.673601171875000000e+04
2.868196562500000000e+05
8.563060302734375000e+02
1.389091875000000000e+05
6.211134375000000000e+04
5.005479687500000000e+04
1.859243125000000000e+05
3.430017968750000000e+04
7.932128906250000000e+03
1.981920937500000000e+05
5.027243750000000000e+05
8.884251562500000000e+04
5.075697265625000000e+04
1.824212968750000000e+05
1.735604218750000000e+05
1.430950488281250000e+04
1.932377343750000000e+04
9.867351562500000000e+03
1.540900781250000000e+05
4.326178222656250000e+03
2.348689062500000000e+04
6.296582031250000000e+03
1.624648046875000000e+04
4.941944824218750000e+03
1.150997500000000000e+05
1.135375703125000000e+05
7.545027343750000000e+04
9.606689843750000000e+04
1.062222558593750000e+04
2.844098632812500000e+04
1.391675312500000000e+05
1.305100952148437500e+03
1.173050781250000000e+05
4.560080312500000000e+05
3.658848437500000000e+05
1.218741484375000000e+05
9.737249218750000000e+04
7.078875000000000000e+03
2.812364687500000000e+05
7.538039843750000000e+04
2.933109960937500000e+04
1.482784375000000000e+05
4.552275390625000000e+04
8.663989062500000000e+04
2.871541250000000000e+05
7.711427343750000000e+04
8.159450781250000000e+04
8.231028906250000000e+04
1.188632187500000000e+05
5.618011230468750000e+03
1.293921093750000000e+05
2.175923046875000000e+04
5.096467773437500000e+03
3.318389453125000000e+04
3.062282812500000000e+05
1.176296796875000000e+05
6.193822656250000000e+04
1.405159687500000000e+05
6.719340625000000000e+05
2.644664375000000000e+05
1.269710234375000000e+05
1.861753593750000000e+05
1.053657226562500000e+04
3.348528125000000000e+05
7.557606933593750000e+03
1.873249218750000000e+05
3.905090026855468750e+02
9.237076562500000000e+04
8.451261718750000000e+04
1.223618515625000000e+05
2.860517187500000000e+05
7.660054687500000000e+04
1.207545214843750000e+04
6.346601074218750000e+03
4.437176171875000000e+04
1.320471718750000000e+05
4.333464062500000000e+04
1.529820468750000000e+05
8.115271093750000000e+04
2.183783437500000000e+05
2.328850585937500000e+04
1.144736953125000000e+05
1.630096718750000000e+05
1.896414375000000000e+05
1.471681250000000000e+05
5.488391113281250000e+03
1.857545898437500000e+04
2.645996875000000000e+05
2.251234843750000000e+05
1.874729531250000000e+05
1.434734008789062500e+03
9.765624218750000000e+04
1.784652187500000000e+05
1.427326049804687500e+03
1.825137939453125000e+03
1.245996015625000000e+05
1.276840234375000000e+05
1.093435859375000000e+05
1.841023281250000000e+05
2.208834570312500000e+04
7.244336914062500000e+03
1.427992285156250000e+04
1.726287187500000000e+05
1.750649023437500000e+04
1.825329375000000000e+05
6.436506250000000000e+05
1.323142944335937500e+03
2.865161523437500000e+04
6.528540039062500000e+02
6.043610156250000000e+04
3.668606933593750000e+03
2.358279062500000000e+05
5.538167500000000000e+05
1.279135078125000000e+05
1.589609218750000000e+05
1.333234687500000000e+05
1.764576718750000000e+05
6.148585937500000000e+03
1.365948593750000000e+05
1.200735546875000000e+05
2.358077968750000000e+05
7.983440625000000000e+04
5.601442187500000000e+04
4.842075781250000000e+04
1.081113828125000000e+05
1.758552656250000000e+05
7.779903125000000000e+04
1.790258984375000000e+04
1.918116718750000000e+05
6.506340625000000000e+04
1.356000585937500000e+04
6.797948242187500000e+03
2.302238125000000000e+05
7.201580078125000000e+03
2.435321875000000000e+04
4.948945625000000000e+05
8.095753906250000000e+04
6.629207031250000000e+03
3.279272812500000000e+05
4.887242187500000000e+03
3.952316250000000000e+05
1.638882656250000000e+05
1.364873437500000000e+04
3.129122812500000000e+05
5.406182812500000000e+04
1.346496948242187500e+03
1.081017812500000000e+05
1.529827539062500000e+04
4.474427500000000000e+05
3.000329895019531250e+02
3.470382500000000000e+05
1.053677031250000000e+05
1.801484008789062500e+03
1.985627343750000000e+04
8.755642187500000000e+04
9.148208984375000000e+03
1.703529968261718750e+02
1.184699921875000000e+05
7.950499725341796875e+01
2.033141406250000000e+05
2.299905937500000000e+05
1.167118164062500000e+04
1.188127265625000000e+05
1.844647851562500000e+04
1.039714218750000000e+05
1.423701049804687500e+03
3.026934375000000000e+05
1.820028906250000000e+05
6.066335546875000000e+04
8.903422656250000000e+04
4.238616796875000000e+04
9.338598437500000000e+04
2.848710937500000000e+04
5.913599609375000000e+04
3.586009765625000000e+04
2.734799687500000000e+05
2.238771406250000000e+05
1.365966875000000000e+05
9.302492187500000000e+04
8.809614062500000000e+04
3.062506103515625000e+03
2.010763593750000000e+05
4.975097500000000000e+05
2.109858125000000000e+05
2.622978125000000000e+05
7.044821875000000000e+05
2.828900146484375000e+02
6.484803906250000000e+04
2.604330468750000000e+05
2.407048593750000000e+05
1.871432187500000000e+05
1.431328281250000000e+05
1.165734570312500000e+04
1.547804062500000000e+05
3.498111718750000000e+04
2.047951953125000000e+04
2.568687187500000000e+05
4.369746093750000000e+03
1.094517871093750000e+04
2.277446044921875000e+03
2.175297031250000000e+05
7.527768066406250000e+03
1.312499023437500000e+03
4.782895312500000000e+04
6.330109375000000000e+04
2.973304375000000000e+05
8.640231250000000000e+04
5.844344375000000000e+05
1.236149978637695312e+02
1.513832031250000000e+04
9.496602539062500000e+03
1.283038964843750000e+04
5.867795898437500000e+03
1.341861250000000000e+05
2.116943359375000000e+04
8.953302343750000000e+04
2.164925625000000000e+05
1.531962812500000000e+05
2.516098437500000000e+05
5.243108984375000000e+04
8.854607421875000000e+03
2.381536093750000000e+05
1.740030029296875000e+03
3.727293437500000000e+05
1.315579375000000000e+05
9.857499694824218750e+01
3.841646093750000000e+04
2.524905312500000000e+05
5.994617968750000000e+04
1.242891699218750000e+04
1.052142480468750000e+04
1.607480010986328125e+02
1.065484375000000000e+05
5.501259765625000000e+02
1.020096984863281250e+03
4.501817812500000000e+05
1.820818164062500000e+04
2.333861250000000000e+05
2.617173281250000000e+05
2.805565000000000000e+05
1.065563964843750000e+03
1.007166484375000000e+05
5.429669799804687500e+02
4.247087109375000000e+04
3.281069375000000000e+05
2.599219921875000000e+04
2.109581406250000000e+05
5.954995312500000000e+04
7.478606250000000000e+04
2.519867656250000000e+05
2.270526562500000000e+05
3.674555078125000000e+04
2.329975781250000000e+04
3.394384765625000000e+04
8.673179687500000000e+04
6.189221484375000000e+04
2.610631640625000000e+04
1.400390468750000000e+05
2.048023437500000000e+05
3.213664062500000000e+05
3.769566894531250000e+03
1.193393437500000000e+05
7.162226074218750000e+03
1.913386962890625000e+03
2.785569062500000000e+05
4.545729980468750000e+02
2.177393437500000000e+05
3.035984062500000000e+05
1.660352031250000000e+05
4.492380859375000000e+03
4.851613769531250000e+03
1.874722500000000000e+05
1.477440156250000000e+05
1.185184375000000000e+05
1.596725468750000000e+05
4.857241562500000000e+05
2.230273593750000000e+05
1.560131958007812500e+03
1.270370025634765625e+02
3.578688281250000000e+04
7.335847656250000000e+04
1.627016093750000000e+05
1.904739990234375000e+03
2.512067343750000000e+05
1.789707812500000000e+04
1.012205078125000000e+04
3.364010625000000000e+05
3.036104980468750000e+03
2.999666250000000000e+05
1.966067656250000000e+05
6.443683105468750000e+03
1.559048730468750000e+04
1.149487578125000000e+05
1.836378281250000000e+05
2.635755078125000000e+04
1.176071796875000000e+05
3.857940063476562500e+02
1.081892480468750000e+04
1.740370937500000000e+05
1.236042734375000000e+05
1.746885009765625000e+03
1.521859863281250000e+04
1.039463012695312500e+03
1.182619375000000000e+05
2.242128906250000000e+04
1.467703437500000000e+05
1.156311035156250000e+03
1.542387402343750000e+04
2.035199218750000000e+05
2.566936875000000000e+05
6.610323437500000000e+04
6.571793750000000000e+04
2.852018125000000000e+05
2.919854687500000000e+04
5.349788125000000000e+05
8.920453906250000000e+04
3.014696484375000000e+04
9.346817187500000000e+04
8.875527343750000000e+03
1.233364609375000000e+05
5.918910156250000000e+03
1.290930781250000000e+05
1.854378750000000000e+05
3.080833984375000000e+03
3.421261250000000000e+05
1.999866718750000000e+05
3.187063750000000000e+05
1.944718437500000000e+05
6.663348437500000000e+04
3.888148046875000000e+04
3.729200134277343750e+02
2.094809960937500000e+04
1.888595507812500000e+04
3.242710937500000000e+04
1.042123359375000000e+05
1.700456875000000000e+05
1.118429199218750000e+04
2.300514648437500000e+04
1.633362968750000000e+05
8.685873437500000000e+04
2.158939941406250000e+03
1.257832812500000000e+05
1.037868847656250000e+04
9.968795312500000000e+04
4.851059875488281250e+02
3.528678125000000000e+04
9.680017968750000000e+04
1.041474375000000000e+05
1.352396484375000000e+04
2.506866210937500000e+04
6.208419799804687500e+02
2.494943750000000000e+04
1.138771972656250000e+04
7.950364843750000000e+04
2.965412695312500000e+04
1.929932500000000000e+05
1.444507187500000000e+05
1.773809218750000000e+05
4.486940625000000000e+05
1.963621250000000000e+05
4.105681250000000000e+04
5.798901855468750000e+03
6.921499023437500000e+03
1.926644531250000000e+04
3.536447265625000000e+04
3.737254687500000000e+04
1.926572460937500000e+04
2.965691601562500000e+04
2.086072343750000000e+05
1.079207031250000000e+03
4.014448828125000000e+04
9.567505468750000000e+04
2.118576250000000000e+05
2.545000195312500000e+04
5.116655468750000000e+04
7.254021093750000000e+04
1.884459960937500000e+03
8.427478515625000000e+03
1.288389355468750000e+04
1.024055664062500000e+04
5.389604980468750000e+03
1.044945507812500000e+04
1.142042968750000000e+04
5.254330468750000000e+04
9.370509375000000000e+04
8.514949951171875000e+02
6.718249023437500000e+03
1.103108125000000000e+05
2.460458984375000000e+04
6.370909765625000000e+04
1.378203125000000000e+05
3.278200149536132812e+01
2.718453125000000000e+05
1.291589843750000000e+05
1.971350952148437500e+03
4.333392578125000000e+04
8.978667968750000000e+04
2.039857226562500000e+04
8.367210937500000000e+04
9.991291406250000000e+04
2.547425048828125000e+03
4.118746875000000000e+04
5.978636230468750000e+03
3.998277500000000000e+05
4.783419140625000000e+04
7.708125000000000000e+04
1.467995000000000000e+05
1.735600156250000000e+05
1.757063281250000000e+05
5.746100390625000000e+04
2.153616406250000000e+05
8.258432812500000000e+04
1.893373437500000000e+05
3.779431884765625000e+03
6.087314843750000000e+04
1.401164062500000000e+05
1.616847343750000000e+05
1.532054843750000000e+05
1.338461914062500000e+04
1.647459375000000000e+04
1.931394531250000000e+05
1.338089257812500000e+04
3.853534375000000000e+04
3.026690917968750000e+03
2.188115966796875000e+03
6.575720214843750000e+02
1.356745468750000000e+05
1.603318125000000000e+05
1.048002968750000000e+05
1.968153437500000000e+05
1.122470312500000000e+05
7.167231933593750000e+03
7.826128125000000000e+04
3.172928750000000000e+05
1.426463906250000000e+05
2.191626875000000000e+05
7.275941406250000000e+04
1.370695937500000000e+05
1.414614062500000000e+05
2.087462031250000000e+05
3.819136718750000000e+04
7.229227343750000000e+04
3.953855312500000000e+05
8.701909375000000000e+04
4.391463671875000000e+04
1.086744765625000000e+05
2.250617773437500000e+04
2.323195468750000000e+05
9.208769531250000000e+04
2.841582812500000000e+04
1.797943906250000000e+05
9.477400207519531250e+01
3.796223437500000000e+04
8.223632812500000000e+04
2.131222656250000000e+05
5.404826562500000000e+04
4.902863281250000000e+04
6.929085937500000000e+03
4.551521875000000000e+04
1.093827109375000000e+05
4.395298437500000000e+04
3.200605937500000000e+05
6.981863769531250000e+03
5.645629882812500000e+02
1.193025024414062500e+03
1.770717187500000000e+05
6.793653906250000000e+04
8.868153125000000000e+04
1.587225625000000000e+05
1.570777968750000000e+05
6.144401562500000000e+04
1.155797187500000000e+05
1.617533593750000000e+05
3.206008007812500000e+04
6.205664843750000000e+04
3.791717968750000000e+04
1.434402812500000000e+05
2.614320312500000000e+04
8.457324218750000000e+04
3.171902187500000000e+05
2.043872187500000000e+05
1.990933125000000000e+05
4.012815625000000000e+04
1.486943847656250000e+04
1.466352050781250000e+03
4.344205468750000000e+04
2.366160156250000000e+05
4.044882500000000000e+05
1.498830312500000000e+05
3.081781640625000000e+04
2.206882968750000000e+05
1.030398593750000000e+05
1.587924902343750000e+04
5.591510009765625000e+02
1.117037792968750000e+04
1.417262402343750000e+04
4.984091796875000000e+04
2.866982812500000000e+05
5.467126171875000000e+04
1.559966992187500000e+04
6.118663281250000000e+04
5.607725781250000000e+04
5.972509765625000000e+04
8.786830078125000000e+03
8.072924218750000000e+04
1.789435000000000000e+05
2.276787109375000000e+03
1.831475468750000000e+05
2.115998437500000000e+05
1.130937500000000000e+04
2.513072460937500000e+04
6.712007812500000000e+04
1.198590234375000000e+05
2.943823974609375000e+03
9.605918945312500000e+03
9.407570312500000000e+03
9.820624218750000000e+04
4.184203750000000000e+05
9.084669531250000000e+04
9.419404296875000000e+03
2.350099945068359375e+01
5.910669140625000000e+04
1.916923281250000000e+05
4.868037890625000000e+04
7.229769897460937500e+02
7.381567968750000000e+04
8.365910937500000000e+04
1.394109375000000000e+05
9.741793750000000000e+04
7.505655468750000000e+04
7.200814062500000000e+04
3.707921250000000000e+05
4.313114687500000000e+05
4.510618750000000000e+05
1.425460052490234375e+02
1.264032500000000000e+05
3.445907187500000000e+05
4.749010009765625000e+02
2.305650024414062500e+02
7.039012207031250000e+03
1.859848999023437500e+03
3.053990625000000000e+05
7.315299987792968750e+01
1.185944140625000000e+04
3.964070625000000000e+05
6.374823046875000000e+04
4.117635156250000000e+04
1.475881835937500000e+04
1.857459843750000000e+05
2.882489929199218750e+02
3.557510156250000000e+04
2.373230273437500000e+04
2.201159531250000000e+05
1.101979765625000000e+05
2.346104492187500000e+04
2.135160781250000000e+05
1.641755468750000000e+05
1.815196562500000000e+05
5.264589843750000000e+02
3.164069091796875000e+03
2.956811562500000000e+05
1.233626250000000000e+05
2.171594335937500000e+04
1.510520703125000000e+04
4.687561328125000000e+04
5.727125625000000000e+05
1.518726562500000000e+05
1.128844140625000000e+05
3.918528906250000000e+04
1.781696093750000000e+05
1.151208203125000000e+05
3.786542500000000000e+05
1.839785781250000000e+05
4.401722812500000000e+05
1.489441015625000000e+04
2.259737109375000000e+04
8.672325781250000000e+04
1.834275000000000000e+05
2.286469218750000000e+05
7.291824218750000000e+04
1.363780059814453125e+02
1.338592031250000000e+05
2.483716562500000000e+05
8.724836718750000000e+04
1.386145214843750000e+04
2.635953750000000000e+05
2.866336523437500000e+04
5.341956640625000000e+04
1.173947968750000000e+05
9.353313281250000000e+04
5.651993164062500000e+03
1.893960625000000000e+05
3.605362890625000000e+04
2.505600937500000000e+05
1.826815781250000000e+05
4.138957031250000000e+03
1.639164375000000000e+05
5.438696777343750000e+03
1.053515917968750000e+04
1.696977031250000000e+05
1.090282656250000000e+05
2.383110546875000000e+04
5.142784179687500000e+03
3.156158750000000000e+05
3.202201875000000000e+05
5.220671093750000000e+04
3.681760937500000000e+04
1.608815234375000000e+04
3.399135546875000000e+04
2.906672119140625000e+03
2.491030625000000000e+05
3.307757080078125000e+03
6.768551875000000000e+05
1.180644843750000000e+05
1.613661328125000000e+04
1.238654140625000000e+05
2.719232031250000000e+04
5.139352343750000000e+04
7.918111718750000000e+04
6.732850000000000000e+04
3.189720117187500000e+04
2.751140937500000000e+05
1.647441250000000000e+05
2.043291718750000000e+05
1.537665917968750000e+04
6.016300048828125000e+02
1.152217109375000000e+05
1.764017968750000000e+04
4.601057812500000000e+04
2.800488437500000000e+05
5.054703515625000000e+04
1.505037207031250000e+04
2.073233750000000000e+05
4.453039453125000000e+04
7.122651562500000000e+04
6.122467578125000000e+04
1.374956562500000000e+05
9.580275000000000000e+04
1.613011523437500000e+04
5.404645019531250000e+03
2.051901250000000000e+05
2.410956875000000000e+05
1.059891328125000000e+05
2.787604687500000000e+04
8.868071289062500000e+03
2.338400878906250000e+03
1.783018906250000000e+05
1.677603906250000000e+04
3.323004296875000000e+04
1.021658593750000000e+05
1.755109960937500000e+04
4.395620117187500000e+02
7.309580078125000000e+02
1.557039947509765625e+02
1.261560859375000000e+05
1.569448437500000000e+05
9.126181640625000000e+03
4.092199609375000000e+04
6.282760009765625000e+02
6.466790625000000000e+04
7.746336718750000000e+04
5.400978750000000000e+05
1.027855957031250000e+03
1.700981562500000000e+05
3.861737500000000000e+05
2.991739990234375000e+03
5.726164843750000000e+04
5.807170000000000000e+05
2.890888125000000000e+05
9.376471093750000000e+04
2.783642968750000000e+04
9.249351562500000000e+04
1.772537656250000000e+05
7.901363769531250000e+03
1.131437812500000000e+05
1.586103417968750000e+04
2.541806884765625000e+03
6.173292968750000000e+03
2.662380468750000000e+04
5.783085937500000000e+03
3.861679375000000000e+05
1.812698437500000000e+05
2.135480957031250000e+03
7.010343750000000000e+04
1.670000976562500000e+03
2.029223437500000000e+05
1.335407656250000000e+05
4.188225781250000000e+04
4.498769531250000000e+04
1.255517578125000000e+04
7.062042968750000000e+04
5.819240000000000000e+05
1.546936621093750000e+04
1.039767109375000000e+05
1.893204882812500000e+04
2.834159687500000000e+05
3.986180114746093750e+02
1.801010312500000000e+05
7.852022656250000000e+04
1.111478359375000000e+05
6.296085937500000000e+04
2.707705468750000000e+04
3.020442500000000000e+05
1.094377500000000000e+05
2.321117773437500000e+04
1.798071250000000000e+05
1.810147968750000000e+05
1.606595156250000000e+05
2.039373046875000000e+03
7.479537500000000000e+04
5.145756640625000000e+04
1.508831250000000000e+05
1.483482343750000000e+05
2.544365820312500000e+04
3.342219848632812500e+02
2.000119995117187500e+03
1.869006406250000000e+05
1.197972045898437500e+03
7.587403125000000000e+04
6.788519897460937500e+02
2.749047119140625000e+03
8.314401367187500000e+03
3.058029492187500000e+04
3.904330468750000000e+04
5.527902343750000000e+04
2.035107968750000000e+05
1.278775625000000000e+05
1.504757968750000000e+05
8.106593750000000000e+04
9.681842968750000000e+04
3.754534687500000000e+05
1.120027539062500000e+04
1.425468750000000000e+05
9.406654687500000000e+04
3.098641875000000000e+05
3.848334375000000000e+05
8.146914843750000000e+04
5.026081250000000000e+04
4.620710937500000000e+04
4.821997812500000000e+05
2.842312011718750000e+03
2.727493125000000000e+05
6.837875000000000000e+04
9.188682812500000000e+04
3.110186914062500000e+04
1.292964965820312500e+03
1.633135839843750000e+04
2.412327343750000000e+05
1.087370859375000000e+05
3.746157812500000000e+05
5.393210937500000000e+03
8.077673828125000000e+03
1.088534765625000000e+04
1.819067578125000000e+04
1.285569921875000000e+05
2.787960000000000000e+05
1.756771250000000000e+05
2.641631250000000000e+05
5.792296484375000000e+04
1.359551406250000000e+05
3.603384687500000000e+05
1.824215312500000000e+05
4.793249023437500000e+03
1.349643281250000000e+05
4.946485839843750000e+03
1.382311562500000000e+05
3.603541875000000000e+05
1.811691718750000000e+05
2.684593164062500000e+04
2.158223593750000000e+05
1.484932500000000000e+05
2.516685742187500000e+04
1.280589965820312500e+03
1.712757617187500000e+04
1.972357031250000000e+04
3.876513281250000000e+04
1.552910468750000000e+05
5.833303906250000000e+04
6.360442871093750000e+03
1.700615312500000000e+05
1.375718847656250000e+04
3.855999375000000000e+05
2.457314218750000000e+05
2.022311914062500000e+04
1.709595000000000000e+05
1.610979843750000000e+05
1.290471250000000000e+05
4.353185156250000000e+04
5.533800000000000000e+04
1.104272949218750000e+03
2.105041718750000000e+05
3.326572500000000000e+05
1.202208671875000000e+05
1.384094140625000000e+04
2.677658935546875000e+03
2.414864257812500000e+04
5.320712109375000000e+04
2.713110312500000000e+05
1.521784375000000000e+05
1.059301796875000000e+05
2.304316406250000000e+05
5.921987890625000000e+04
8.131086914062500000e+03
1.361901855468750000e+04
4.594336718750000000e+04
2.662345312500000000e+04
1.473355781250000000e+05
1.480026562500000000e+04
1.194927968750000000e+05
4.651133789062500000e+03
5.433443125000000000e+05
3.525795000000000000e+05
1.674501562500000000e+05
1.682649993896484375e+02
1.643729062500000000e+05
1.925949951171875000e+03
1.487704218750000000e+05
8.517960205078125000e+02
6.884715625000000000e+04
1.160855078125000000e+05
7.211220092773437500e+02
7.233221191406250000e+03
2.127919140625000000e+04
1.595407500000000000e+05
1.191824951171875000e+03
9.339668750000000000e+04
7.366975000000000000e+04
3.359020080566406250e+02
6.630212500000000000e+04
2.022376367187500000e+04
2.507787187500000000e+05
9.388023437500000000e+03
2.019134179687500000e+04
2.659791875000000000e+05
1.429851875000000000e+05
3.526985000000000000e+05
7.089498437500000000e+04
5.573331250000000000e+04
3.025717812500000000e+05
1.109245800781250000e+04
2.190611328125000000e+04
3.620722500000000000e+05
1.511375878906250000e+04
3.354604062500000000e+05
3.646694921875000000e+04
1.694810937500000000e+05
2.198472851562500000e+04
1.084708105468750000e+04
5.574690234375000000e+04
1.263090942382812500e+03
1.834733007812500000e+04
9.639857421875000000e+03
4.163146972656250000e+03
1.602440032958984375e+02
1.196254531250000000e+05
4.637733125000000000e+05
1.357313125000000000e+05
1.145099140625000000e+05
1.350847031250000000e+05
4.450057812500000000e+04
6.485975390625000000e+04
2.551825156250000000e+05
1.381391406250000000e+05
1.012411914062500000e+04
6.703563281250000000e+04
1.034347070312500000e+04
8.320677343750000000e+04
2.665187187500000000e+05
3.314272187500000000e+05
4.865179199218750000e+03
4.063384062500000000e+05
3.657034765625000000e+04
3.157835937500000000e+05
8.691082812500000000e+04
1.131489160156250000e+04
4.360190234375000000e+04
5.717283984375000000e+04
1.690528593750000000e+05
9.152085937500000000e+04
5.837760156250000000e+04
9.976333593750000000e+04
1.598926875000000000e+05
1.373657031250000000e+05
5.587919531250000000e+04
1.829071406250000000e+05
3.855262500000000000e+05
2.008120507812500000e+04
7.846251953125000000e+03
8.179185937500000000e+04
1.688332500000000000e+05
2.725972460937500000e+04
1.776182187500000000e+05
2.150208125000000000e+05
6.267607812500000000e+04
3.887326953125000000e+04
1.958659687500000000e+05
5.579398828125000000e+04
7.553003906250000000e+03
1.651920013427734375e+02
5.268894140625000000e+04
5.600887500000000000e+04
5.566251875000000000e+05
6.023298437500000000e+04
1.804595117187500000e+04
4.362765625000000000e+05
1.288078002929687500e+03
4.564322656250000000e+04
6.879007031250000000e+04
3.200580139160156250e+02
9.185818750000000000e+04
1.737870971679687500e+03
5.291042968750000000e+04
4.073196875000000000e+04
9.930725000000000000e+04
2.182414218750000000e+05
7.251531250000000000e+04
3.805660095214843750e+02
3.164407226562500000e+04
1.549504375000000000e+05
1.079661953125000000e+05
4.075558203125000000e+04
6.239569702148437500e+02
1.909222968750000000e+05
6.655540161132812500e+02
1.290185644531250000e+04
2.563828710937500000e+04
2.916887812500000000e+05
1.667086562500000000e+05
1.318863125000000000e+05
2.360376875000000000e+05
1.132334960937500000e+03
2.256061914062500000e+04
1.408312656250000000e+05
9.220819335937500000e+03
1.630967343750000000e+05
1.530540008544921875e+02
1.027605703125000000e+05
2.842502539062500000e+04
1.433102050781250000e+03
2.050112968750000000e+05
4.581628437500000000e+05
2.954229003906250000e+03
2.565876953125000000e+03
1.682427343750000000e+05
3.201127148437500000e+04
3.935300312500000000e+05
3.674976953125000000e+04
1.684552187500000000e+05
7.058729003906250000e+03
1.964851875000000000e+05
2.565278750000000000e+05
2.178281005859375000e+03
1.499355312500000000e+05
