1.760099983215332031e+01
9.721519775390625000e+02
1.748713989257812500e+03
7.070300292968750000e+02
1.654000091552734375e+01
5.681800079345703125e+01
1.294799995422363281e+01
1.411302001953125000e+03
3.854299926757812500e+01
1.602120056152343750e+02
2.384416992187500000e+03
2.637970947265625000e+03
5.934799957275390625e+01
5.412000179290771484e+00
2.012776977539062500e+03
4.033999919891357422e+00
2.245299911499023438e+01
5.039809875488281250e+02
1.579813964843750000e+03
4.984956054687500000e+03
6.698000335693359375e+01
5.198629760742187500e+02
9.280969848632812500e+02
8.799929809570312500e+02
2.588299942016601562e+01
1.566800022125244141e+01
1.439972045898437500e+03
7.839780273437500000e+02
1.962899971008300781e+01
1.023950585937500000e+04
3.010799980163574219e+01
1.268779052734375000e+03
6.649700164794921875e+01
7.068999767303466797e+00
3.506002929687500000e+03
6.515699768066406250e+01
2.633587890625000000e+03
2.362000083923339844e+01
6.034000015258789062e+01
2.804599952697753906e+01
1.337100028991699219e+01
1.772299957275390625e+01
6.179999828338623047e+00
2.655159912109375000e+02
2.214599990844726562e+01
2.212899971008300781e+01
7.391100311279296875e+01
3.199289062500000000e+03
3.946446044921875000e+03
3.845199966430664062e+01
5.969013183593750000e+03
8.266359863281250000e+02
3.825704101562500000e+03
5.758474121093750000e+03
1.046000003814697266e+01
4.350099945068359375e+01
2.215099906921386719e+01
2.728400039672851562e+01
5.168980102539062500e+02
5.221026855468750000e+03
1.202999973297119141e+01
2.872555908203125000e+03
2.096800041198730469e+01
3.219200134277343750e+01
8.141899871826171875e+01
1.863250976562500000e+03
2.423200035095214844e+01
1.586600017547607422e+01
5.737619140625000000e+03
1.165900039672851562e+01
3.886860046386718750e+02
7.864229736328125000e+02
2.847100067138671875e+01
6.053699874877929688e+01
1.020190979003906250e+03
3.104299926757812500e+01
6.273586914062500000e+03
8.661589965820312500e+02
4.394999980926513672e+00
6.189580078125000000e+02
1.635300064086914062e+01
2.232799911499023438e+01
2.535429992675781250e+02
8.370200347900390625e+01
1.109078002929687500e+03
1.160475952148437500e+03
3.460673095703125000e+03
1.992600059509277344e+01
4.870800018310546875e+01
1.994213012695312500e+03
2.202610015869140625e+02
2.068700027465820312e+01
1.538146972656250000e+03
1.712323974609375000e+03
3.963954101562500000e+03
5.645051757812500000e+03
6.096147949218750000e+03
2.044000053405761719e+01
1.208460006713867188e+02
9.470999717712402344e+00
1.951300048828125000e+01
8.711999893188476562e+00
2.392099952697753906e+01
1.879100036621093750e+01
8.309000015258789062e+00
7.214869995117187500e+02
1.238629989624023438e+02
4.591600036621093750e+01
5.647299957275390625e+01
1.835000038146972656e+01
4.448600006103515625e+01
5.247000122070312500e+01
3.286199951171875000e+01
3.983845947265625000e+03
1.237899971008300781e+01
2.924699974060058594e+01
1.214000034332275391e+01
4.429999828338623047e+00
1.362800025939941406e+01
3.822583984375000000e+03
5.928159790039062500e+02
2.340800094604492188e+01
8.950099945068359375e+01
1.051660003662109375e+02
2.902826904296875000e+03
3.278099822998046875e+01
4.341900024414062500e+02
3.335130004882812500e+02
1.106504028320312500e+03
1.728994018554687500e+03
9.881389770507812500e+02
2.525499916076660156e+01
1.298900032043457031e+01
1.132030029296875000e+02
1.001979980468750000e+02
8.613700103759765625e+01
3.106229858398437500e+02
7.291166015625000000e+03
5.204499816894531250e+01
1.440699958801269531e+01
1.899699974060058594e+01
5.148500061035156250e+01
1.420275024414062500e+03
5.781714843750000000e+03
3.918343017578125000e+03
3.195791992187500000e+03
3.537699890136718750e+01
9.620600128173828125e+01
4.134137207031250000e+03
2.109750061035156250e+02
1.786244018554687500e+03
1.969000053405761719e+01
2.550827880859375000e+03
3.411082031250000000e+03
1.518999958038330078e+01
2.328853027343750000e+03
4.757600021362304688e+01
4.682732910156250000e+03
4.889620056152343750e+02
6.978140258789062500e+02
3.457600021362304688e+01
2.119126953125000000e+03
5.794400024414062500e+01
9.241999626159667969e+00
8.403134765625000000e+03
6.637000083923339844e+00
2.410302001953125000e+03
5.227500152587890625e+01
3.422100067138671875e+01
7.837069702148437500e+02
4.633266113281250000e+03
1.524199962615966797e+01
7.549860229492187500e+02
9.723010253906250000e+02
2.947400093078613281e+01
2.428325927734375000e+03
2.835499954223632812e+01
1.784340057373046875e+02
2.332399940490722656e+01
4.155670898437500000e+03
1.601499938964843750e+01
8.687830200195312500e+02
4.105667968750000000e+03
1.901199913024902344e+01
1.927300071716308594e+01
1.221800041198730469e+01
5.530450195312500000e+03
2.094083007812500000e+03
5.242147949218750000e+03
1.180527954101562500e+03
1.251200008392333984e+01
1.386859985351562500e+03
3.490299987792968750e+01
4.000299835205078125e+01
3.895996093750000000e+03
8.133999824523925781e+00
1.399600028991699219e+01
2.755882080078125000e+03
8.336621093750000000e+03
6.859450073242187500e+02
1.491899967193603516e+01
6.128963867187500000e+03
3.031699943542480469e+01
1.906900024414062500e+01
6.285254882812500000e+03
1.747900009155273438e+01
1.766185058593750000e+03
3.676599884033203125e+01
8.347699737548828125e+01
6.669886230468750000e+03
3.762699890136718750e+02
3.280459899902343750e+02
2.366520019531250000e+03
4.516679992675781250e+02
6.045919799804687500e+02
3.845500183105468750e+01
3.636826904296875000e+03
8.227999687194824219e+00
3.463299865722656250e+02
1.690900039672851562e+01
2.276340026855468750e+02
7.795260009765625000e+02
5.795180053710937500e+02
2.740099906921386719e+01
5.270299911499023438e+01
1.475500011444091797e+01
1.397200012207031250e+01
3.111726074218750000e+03
1.284219970703125000e+03
3.788396972656250000e+03
3.452099990844726562e+01
1.939526000976562500e+03
1.444572021484375000e+03
5.959000015258789062e+01
6.940000057220458984e+00
7.403939819335937500e+02
6.585099792480468750e+01
1.064400005340576172e+01
1.089500045776367188e+01
6.526000022888183594e+00
1.735703979492187500e+03
9.388899993896484375e+01
3.117019958496093750e+02
1.358387402343750000e+04
4.338299942016601562e+01
5.172688964843750000e+03
7.651100158691406250e+01
8.953969726562500000e+03
9.741200256347656250e+01
4.728382812500000000e+03
2.142446044921875000e+03
4.900029907226562500e+02
6.035699844360351562e+01
7.317890014648437500e+02
1.216399955749511719e+01
6.880000114440917969e+00
5.673916992187500000e+03
5.003779907226562500e+02
1.147406005859375000e+03
4.894599914550781250e+01
9.395999908447265625e+00
2.322599983215332031e+01
1.109233032226562500e+03
4.233692871093750000e+03
5.453547851562500000e+03
2.574099922180175781e+01
1.932999992370605469e+01
1.509616943359375000e+03
2.343385009765625000e+03
1.084399986267089844e+01
1.367775781250000000e+04
1.985418945312500000e+03
3.882061035156250000e+03
2.089900016784667969e+01
1.561999988555908203e+01
3.212612060546875000e+03
3.731547119140625000e+03
3.648216064453125000e+03
3.362099838256835938e+01
1.975900077819824219e+01
1.187910003662109375e+02
2.547070007324218750e+02
1.146199989318847656e+01
7.485500335693359375e+01
1.591499996185302734e+01
3.913999938964843750e+01
2.985906005859375000e+03
3.417520019531250000e+03
3.621099853515625000e+01
5.834279785156250000e+02
7.044320068359375000e+02
2.601934082031250000e+03
7.932340087890625000e+02
1.431156982421875000e+03
2.362100028991699219e+01
6.540999889373779297e+00
3.079999923706054688e+01
8.857953125000000000e+03
9.332551757812500000e+03
2.946449951171875000e+03
2.982799911499023438e+01
1.319299983978271484e+01
7.156300354003906250e+01
2.467226074218750000e+03
1.689239959716796875e+02
2.133537109375000000e+03
2.334199905395507812e+01
8.229999542236328125e+00
9.288700103759765625e+01
3.005150878906250000e+03
1.522810058593750000e+02
7.050728027343750000e+03
9.937000274658203125e+00
4.491163085937500000e+03
1.078600025177001953e+01
3.159099960327148438e+01
1.741318969726562500e+03
1.997058959960937500e+03
4.300799942016601562e+01
8.018199920654296875e+01
1.056401000976562500e+03
9.574270019531250000e+02
1.177499961853027344e+01
1.289999961853027344e+01
2.845800018310546875e+01
1.307209930419921875e+02
2.786300086975097656e+01
5.477199935913085938e+01
8.752300262451171875e+01
1.743461059570312500e+03
1.251465429687500000e+04
4.444699859619140625e+01
2.044661987304687500e+03
7.880000114440917969e+00
5.636359863281250000e+02
1.256200027465820312e+01
1.635036987304687500e+03
3.432900085449218750e+02
2.525566894531250000e+03
3.386899948120117188e+01
2.428990966796875000e+03
5.850999832153320312e+00
5.522900009155273438e+01
1.564276000976562500e+03
4.054700088500976562e+01
1.683399963378906250e+01
1.125298950195312500e+03
1.466478027343750000e+03
2.796400070190429688e+01
3.495790100097656250e+02
1.495899963378906250e+01
4.077583984375000000e+03
4.673355957031250000e+03
2.957399940490722656e+01
5.618000030517578125e+00
1.769886962890625000e+03
9.088999748229980469e+00
1.317301025390625000e+03
2.606581054687500000e+03
2.531861083984375000e+03
2.795972900390625000e+03
1.553499984741210938e+01
1.360155029296875000e+03
7.309819824218750000e+03
6.101599884033203125e+01
6.695358886718750000e+03
1.450881958007812500e+03
1.304028613281250000e+04
2.871423095703125000e+03
2.711499977111816406e+01
1.525300025939941406e+01
1.038399963378906250e+02
2.568099975585937500e+01
9.779299926757812500e+02
1.192522949218750000e+03
6.513439941406250000e+02
1.399785034179687500e+03
1.076182006835937500e+03
5.376976074218750000e+03
8.403829956054687500e+02
4.218909912109375000e+02
1.806833007812500000e+03
1.659640991210937500e+03
1.010049011230468750e+03
8.837500000000000000e+01
2.154599952697753906e+01
7.997200012207031250e+01
7.678259887695312500e+02
2.117893066406250000e+03
1.117750015258789062e+02
1.964921997070312500e+03
6.414000034332275391e+00
7.602600097656250000e+01
1.309929962158203125e+02
1.886000061035156250e+01
2.151999950408935547e+00
2.937863037109375000e+03
8.643888671875000000e+03
7.060930175781250000e+02
2.064200019836425781e+01
1.103784375000000000e+04
5.459010009765625000e+02
1.425572021484375000e+03
9.995899963378906250e+01
1.589400005340576172e+01
1.859900093078613281e+01
4.991560058593750000e+03
1.103199958801269531e+01
1.139349975585937500e+02
4.120616210937500000e+03
1.032378051757812500e+03
7.319260253906250000e+02
1.985039978027343750e+02
6.553339843750000000e+02
5.748199844360351562e+01
4.539599990844726562e+01
5.604320068359375000e+02
3.766500091552734375e+01
5.058000087738037109e+00
1.337059936523437500e+02
5.302399826049804688e+01
6.572231933593750000e+03
1.259246948242187500e+03
5.328900146484375000e+01
1.789118041992187500e+03
1.303100013732910156e+01
2.208447021484375000e+03
4.703000068664550781e+00
9.632900238037109375e+01
1.310319976806640625e+02
6.302318847656250000e+03
2.088899993896484375e+01
3.219173095703125000e+03
4.932699966430664062e+01
2.089040069580078125e+02
1.000479965209960938e+02
2.069678955078125000e+03
3.072699928283691406e+01
6.578000068664550781e+00
1.156700038909912109e+01
1.336433959960937500e+03
3.621254882812500000e+03
2.161312988281250000e+03
4.794688964843750000e+03
1.294699954986572266e+01
3.148200035095214844e+01
1.183750000000000000e+02
2.817168945312500000e+03
9.800999641418457031e+00
2.827899932861328125e+01
2.309399986267089844e+01
3.960800170898437500e+01
3.740253906250000000e+03
4.843299865722656250e+01
2.784231933593750000e+03
1.553083984375000000e+03
8.307999610900878906e+00
1.153612890625000000e+04
9.760025390625000000e+03
5.747000217437744141e+00
5.950699996948242188e+01
2.014800071716308594e+01
1.071834960937500000e+03
5.960999965667724609e+00
2.909700012207031250e+01
8.019680175781250000e+02
5.125000000000000000e+00
4.890780029296875000e+02
9.217000007629394531e+00
8.402000427246093750e+00
8.060900115966796875e+01
6.412000274658203125e+01
5.320199966430664062e+01
5.255300140380859375e+01
1.153800010681152344e+01
3.110792968750000000e+03
3.408999919891357422e+00
1.573661010742187500e+03
1.126220016479492188e+02
1.033953002929687500e+03
2.487979980468750000e+03
8.359219970703125000e+02
5.044800186157226562e+01
1.198799972534179688e+02
3.714099884033203125e+01
2.217099952697753906e+01
1.583114013671875000e+03
5.757973144531250000e+03
4.517386230468750000e+03
9.455710937500000000e+03
6.365520019531250000e+02
1.459741943359375000e+03
6.906199645996093750e+01
2.145760040283203125e+02
6.251889160156250000e+03
6.295600128173828125e+01
1.229406005859375000e+03
4.484899902343750000e+01
2.401543945312500000e+03
1.217303955078125000e+03
2.313800048828125000e+01
3.953000068664550781e+00
6.541100311279296875e+01
1.053100013732910156e+01
2.401700019836425781e+01
1.046740036010742188e+02
2.894400024414062500e+01
3.562464111328125000e+03
2.363199996948242188e+01
2.437863037109375000e+03
2.099468017578125000e+03
1.164380004882812500e+03
1.919137939453125000e+03
3.055190124511718750e+02
1.391100025177001953e+01
5.177000045776367188e+01
2.859606933593750000e+03
1.649878051757812500e+03
4.732799911499023438e+01
1.176900005340576172e+01
6.340999984741210938e+01
3.588899993896484375e+01
3.406399917602539062e+01
8.255460205078125000e+02
4.963633789062500000e+03
2.290980072021484375e+02
1.276299953460693359e+01
8.505000000000000000e+02
5.446138183593750000e+03
3.368600082397460938e+01
2.917279052734375000e+03
1.937999916076660156e+01
7.416799926757812500e+01
1.862359008789062500e+03
1.671753051757812500e+03
6.139509765625000000e+03
4.750000000000000000e+00
3.579827880859375000e+03
1.624200057983398438e+01
8.756999969482421875e+00
5.772499847412109375e+01
1.788299942016601562e+01
1.269400024414062500e+01
6.462300109863281250e+01
2.056159973144531250e+02
3.472687011718750000e+03
1.295540008544921875e+02
7.369999694824218750e+01
1.117630004882812500e+03
1.053100013732910156e+01
1.226515625000000000e+04
6.621600341796875000e+01
1.341322021484375000e+03
2.389570007324218750e+02
6.781498046875000000e+03
2.512309082031250000e+03
1.294564941406250000e+03
4.635699844360351562e+01
4.948963867187500000e+03
3.596665039062500000e+03
6.020899963378906250e+01
1.305900001525878906e+01
3.815800094604492188e+01
7.317929199218750000e+03
9.508999824523925781e+00
1.208399963378906250e+01
3.276399993896484375e+01
2.779800033569335938e+01
8.276699829101562500e+01
8.186060180664062500e+02
3.644501953125000000e+03
1.317399978637695312e+01
5.741600036621093750e+01
1.070758056640625000e+03
1.337500000000000000e+01
4.638399887084960938e+01
2.579899978637695312e+01
6.448259765625000000e+03
4.252288085937500000e+03
2.337820068359375000e+03
7.578000068664550781e+00
1.207299995422363281e+01
2.750093017578125000e+03
1.343474975585937500e+03
4.690999984741210938e+00
9.245099639892578125e+01
9.189140014648437500e+02
2.746100044250488281e+01
2.837761962890625000e+03
1.992775024414062500e+03
3.207300186157226562e+01
1.422130004882812500e+03
4.796699905395507812e+01
9.748090209960937500e+02
8.529000282287597656e+00
2.377199935913085938e+01
9.927440185546875000e+02
4.259600067138671875e+01
1.607618041992187500e+03
1.480370971679687500e+03
1.340819946289062500e+03
1.990500068664550781e+01
4.072499847412109375e+01
6.202783203125000000e+03
2.299600028991699219e+01
4.387829895019531250e+02
4.551699829101562500e+01
5.842999935150146484e+00
1.425000000000000000e+01
1.316100025177001953e+01
2.178583007812500000e+03
1.902189941406250000e+02
3.297999954223632812e+01
1.403845947265625000e+03
1.284687988281250000e+03
3.206245117187500000e+03
1.853400039672851562e+01
2.039116943359375000e+03
1.173375976562500000e+03
3.351525878906250000e+03
1.611700057983398438e+01
1.914999961853027344e+01
9.036000251770019531e+00
9.571799926757812500e+02
1.320161230468750000e+04
1.254069976806640625e+02
7.028435058593750000e+03
3.754903076171875000e+03
1.473600006103515625e+01
1.476000022888183594e+01
2.218799972534179688e+01
6.584799957275390625e+01
1.590999984741210938e+01
1.178389968872070312e+02
1.779509033203125000e+03
2.174811035156250000e+03
3.157761962890625000e+03
1.405599975585937500e+01
3.506999969482421875e+01
1.278078002929687500e+03
3.554443115234375000e+03
1.530503051757812500e+03
3.592699813842773438e+01
3.464599990844726562e+01
8.217000007629394531e+00
2.658429870605468750e+02
6.570000171661376953e+00
1.173600006103515625e+01
2.097018066406250000e+03
6.291630249023437500e+02
3.704700088500976562e+01
4.609939880371093750e+02
1.644000053405761719e+01
1.402995971679687500e+03
2.617106933593750000e+03
1.099400043487548828e+01
2.672299957275390625e+01
5.088600158691406250e+01
6.349499893188476562e+01
2.177290039062500000e+02
6.898049926757812500e+02
1.756014038085937500e+03
7.356445800781250000e+03
2.470183105468750000e+03
2.900399971008300781e+01
2.113441894531250000e+03
6.213882812500000000e+03
8.845999717712402344e+00
9.960000038146972656e+00
1.937299919128417969e+01
2.236800003051757812e+01
3.181196044921875000e+03
1.207499980926513672e+01
4.194299926757812500e+02
2.453000068664550781e+01
9.579000473022460938e+00
4.993299865722656250e+01
3.435400009155273438e+01
4.861999988555908203e+00
2.276899909973144531e+01
3.341899871826171875e+01
2.077208007812500000e+03
4.320199966430664062e+01
2.064594970703125000e+03
2.618600082397460938e+01
9.830699920654296875e+01
9.266400146484375000e+01
1.972599983215332031e+01
4.490599822998046875e+01
1.574717041015625000e+03
1.779899978637695312e+01
3.829240112304687500e+02
4.343499023437500000e+03
6.437999725341796875e+01
1.578600025177001953e+01
2.040699958801269531e+01
4.355686035156250000e+03
1.003859985351562500e+03
7.007414062500000000e+03
5.276699829101562500e+01
2.632699966430664062e+01
1.548299980163574219e+01
3.546999931335449219e+00
2.388090057373046875e+02
4.781100082397460938e+01
7.129904785156250000e+03
1.387899971008300781e+01
3.361645019531250000e+03
1.598139038085937500e+03
5.930013183593750000e+03
1.746839843750000000e+04
6.899000167846679688e+00
1.661999940872192383e+00
1.782500000000000000e+03
3.913781005859375000e+03
8.091309814453125000e+02
3.506100082397460938e+01
1.179800033569335938e+01
3.233900070190429688e+01
1.024636962890625000e+03
1.978464965820312500e+03
1.271958984375000000e+03
3.533580017089843750e+02
1.557677636718750000e+04
7.528099822998046875e+01
4.330865234375000000e+03
1.428499984741210938e+01
1.384686035156250000e+03
9.090000152587890625e+00
3.114077880859375000e+03
2.790301025390625000e+03
3.850470947265625000e+03
2.987999916076660156e+01
5.343299865722656250e+01
5.928951171875000000e+03
5.199999809265136719e+00
7.557499694824218750e+01
7.546999931335449219e+00
1.573799991607666016e+01
1.190499973297119141e+01
3.097900009155273438e+01
1.889759979248046875e+02
6.850700378417968750e+01
5.478640136718750000e+02
6.959000110626220703e+00
4.511589965820312500e+02
2.790365966796875000e+03
9.416300201416015625e+01
2.169739990234375000e+03
1.350240020751953125e+02
2.277499961853027344e+01
2.232399940490722656e+01
2.112364990234375000e+03
8.176300048828125000e+01
4.377899932861328125e+01
7.842000007629394531e+00
9.739999771118164062e+00
5.601200103759765625e+01
1.107447998046875000e+03
1.212546997070312500e+03
1.090989990234375000e+02
9.088000297546386719e+00
1.054399967193603516e+01
7.995800018310546875e+01
1.499927001953125000e+03
2.456900024414062500e+01
2.702799987792968750e+01
2.800900077819824219e+01
1.798988037109375000e+03
3.494454101562500000e+03
1.773515014648437500e+03
3.043099975585937500e+01
1.303630004882812500e+03
8.294400024414062500e+01
5.477000236511230469e+00
4.413026855468750000e+03
1.374090942382812500e+03
1.858659973144531250e+02
6.925944824218750000e+03
2.945800018310546875e+01
4.795000076293945312e+00
1.348900032043457031e+01
1.389510986328125000e+03
2.802000045776367188e+01
1.532699966430664062e+01
2.506940002441406250e+02
6.643866210937500000e+03
2.715214111328125000e+03
5.860400009155273438e+01
8.709829711914062500e+02
6.324700164794921875e+01
3.803215087890625000e+03
7.602570190429687500e+02
1.115900039672851562e+01
2.822669982910156250e+02
8.560492187500000000e+03
7.638000011444091797e+00
2.707099914550781250e+01
5.492800140380859375e+01
2.454320068359375000e+02
2.868600082397460938e+01
2.973900032043457031e+01
5.502250976562500000e+03
2.133399963378906250e+01
4.084820068359375000e+03
1.197286230468750000e+04
5.195819702148437500e+02
4.332904785156250000e+03
7.760548828125000000e+03
1.674500083923339844e+01
3.042666015625000000e+03
4.482999801635742188e+00
6.759380859375000000e+03
3.029599952697753906e+01
3.178739929199218750e+02
2.599300003051757812e+01
3.230699920654296875e+01
1.403199958801269531e+01
1.869708984375000000e+03
2.675000000000000000e+01
8.670999526977539062e+00
7.651409912109375000e+02
2.505200004577636719e+01
4.151000022888183594e+00
2.163100051879882812e+01
5.322999954223632812e+00
6.371275878906250000e+03
8.993199920654296875e+01
3.803712890625000000e+03
7.564990234375000000e+02
1.343799972534179688e+01
7.632700347900390625e+01
1.256046020507812500e+03
9.049662109375000000e+03
6.271999835968017578e+00
4.124136230468750000e+03
1.389849975585937500e+03
9.020000457763671875e+00
3.641393066406250000e+03
3.219309082031250000e+03
5.959369140625000000e+03
4.635613769531250000e+03
5.232199859619140625e+01
2.653700065612792969e+01
1.912700080871582031e+01
3.651100158691406250e+01
3.282391113281250000e+03
8.458699951171875000e+02
3.492300033569335938e+01
2.030552978515625000e+03
1.906514038085937500e+03
1.033619018554687500e+03
2.256699943542480469e+01
3.017000007629394531e+01
2.402099990844726562e+01
3.747089111328125000e+03
7.977899932861328125e+01
5.618700027465820312e+01
8.782999992370605469e+00
8.982599639892578125e+01
8.438942382812500000e+03
3.917120056152343750e+02
2.102721923828125000e+03
3.063899993896484375e+01
8.029000282287597656e+00
1.471067675781250000e+04
8.751999855041503906e+00
2.449303955078125000e+03
7.704299926757812500e+01
1.358699989318847656e+01
1.720999908447265625e+01
1.577000045776367188e+01
2.981599998474121094e+01
2.625000000000000000e+01
1.658698974609375000e+03
5.043999862670898438e+01
2.928697998046875000e+03
9.580699920654296875e+01
5.449399948120117188e+01
5.909000015258789062e+01
2.300670013427734375e+02
8.802100372314453125e+01
4.776999950408935547e+00
9.964390258789062500e+02
1.088500022888183594e+01
1.302279968261718750e+02
7.954999923706054688e+00
3.930010009765625000e+03
1.269195703125000000e+04
9.051699829101562500e+01
8.104000091552734375e+01
3.635400009155273438e+01
7.710000038146972656e+00
6.109000205993652344e+00
8.974940185546875000e+02
2.502319946289062500e+02
1.645499992370605469e+01
4.455638183593750000e+03
3.153290100097656250e+02
2.534600067138671875e+01
3.682099914550781250e+01
1.033399963378906250e+01
6.380000114440917969e+00
2.729021972656250000e+03
5.521041015625000000e+03
8.903486328125000000e+03
2.451454101562500000e+03
1.525699996948242188e+01
3.653146972656250000e+03
4.749049804687500000e+03
3.292820068359375000e+03
1.602400016784667969e+01
1.271214965820312500e+03
2.401791992187500000e+03
4.423786132812500000e+03
2.225200080871582031e+01
3.040746093750000000e+03
4.224349975585937500e+02
1.479838989257812500e+03
7.265799713134765625e+01
2.289235107421875000e+03
4.950328125000000000e+03
1.943000030517578125e+01
2.806500053405761719e+01
5.907400131225585938e+01
2.080002929687500000e+03
5.719599914550781250e+01
1.938199996948242188e+01
7.414700317382812500e+01
1.678734985351562500e+03
2.545146972656250000e+03
1.425899982452392578e+01
9.461829833984375000e+02
7.991899871826171875e+01
4.503900146484375000e+01
4.204999923706054688e+00
1.070019989013671875e+02
5.685999870300292969e+00
1.192844970703125000e+03
5.661509765625000000e+03
5.575199890136718750e+01
1.206099987030029297e+01
1.526359985351562500e+03
3.843749023437500000e+03
3.044066894531250000e+03
1.301000022888183594e+01
7.277500152587890625e+01
3.313312011718750000e+03
1.945000076293945312e+01
6.860170288085937500e+02
1.880699920654296875e+01
1.372599983215332031e+01
5.394199829101562500e+02
1.002590026855468750e+02
3.413199996948242188e+01
1.019699954986572266e+01
1.487500000000000000e+01
8.704999923706054688e+00
4.868500137329101562e+01
1.773473999023437500e+03
2.589737060546875000e+03
5.658000183105468750e+01
2.112400054931640625e+01
4.526650085449218750e+02
4.395700073242187500e+01
1.279739990234375000e+02
1.306232055664062500e+03
5.960999755859375000e+02
5.328174804687500000e+03
1.706800079345703125e+01
4.897100067138671875e+01
1.262639999389648438e+02
1.020719985961914062e+02
2.860118896484375000e+03
2.221999931335449219e+01
5.437400054931640625e+01
4.311399841308593750e+01
8.839427734375000000e+03
7.167999877929687500e+02
4.002789916992187500e+02
1.415003051757812500e+03
9.597373046875000000e+03
3.389712890625000000e+03
5.258200073242187500e+01
2.523999977111816406e+01
1.740500068664550781e+01
6.324999809265136719e+00
3.859500122070312500e+01
8.950499725341796875e+01
1.617200088500976562e+01
1.358827026367187500e+03
1.060999965667724609e+01
1.844599914550781250e+01
3.411999940872192383e+00
2.245247070312500000e+03
4.163000106811523438e+00
1.566699981689453125e+01
2.674489013671875000e+03
2.868988037109375000e+03
1.345800018310546875e+01
