6.903731875000000000e+05
2.293459930419921875e+02
9.294829711914062500e+02
5.995374375000000000e+05
1.584283875000000000e+06
1.312530059814453125e+02
7.139829687500000000e+04
2.524393281250000000e+05
2.189305937500000000e+05
1.360709991455078125e+02
1.265867675781250000e+04
2.026232031250000000e+04
1.849849218750000000e+05
4.640459899902343750e+02
2.485705781250000000e+05
5.947831640625000000e+04
2.151215625000000000e+04
3.799455000000000000e+05
7.200213750000000000e+05
2.025663593750000000e+05
4.062780151367187500e+02
2.643200073242187500e+02
1.693275024414062500e+03
4.051621875000000000e+05
7.491510009765625000e+02
1.096167421875000000e+05
5.699255468750000000e+04
2.111239929199218750e+02
1.673016718750000000e+05
9.416999816894531250e+00
5.769608750000000000e+05
1.796199951171875000e+02
1.337878281250000000e+05
1.754129943847656250e+02
4.520660937500000000e+05
1.939832187500000000e+05
7.857907031250000000e+04
1.122661125000000000e+06
1.366066562500000000e+05
6.752969375000000000e+05
3.371024687500000000e+05
1.884579925537109375e+02
6.213360156250000000e+04
3.135899925231933594e+01
2.063389843750000000e+05
2.355402031250000000e+05
3.754310937500000000e+05
1.373827656250000000e+05
9.800770263671875000e+02
5.963526171875000000e+04
5.653458750000000000e+05
7.508020000000000000e+05
1.068552578125000000e+05
5.088506640625000000e+04
3.219909973144531250e+02
3.438580312500000000e+05
9.858528125000000000e+05
1.251875250000000000e+06
8.365352500000000000e+05
2.091895156250000000e+05
5.446799926757812500e+02
4.921592773437500000e+03
4.961650085449218750e+02
2.360985107421875000e+03
1.450494995117187500e+03
5.227188671875000000e+04
1.741233593750000000e+05
6.749690000000000000e+05
5.183029785156250000e+02
3.885312812500000000e+05
1.767212656250000000e+05
5.191894375000000000e+05
1.465179687500000000e+05
8.723665625000000000e+04
1.353577812500000000e+05
3.243376875000000000e+05
1.141478828125000000e+05
1.881699804687500000e+04
1.002512312500000000e+06
1.131395156250000000e+05
3.422317812500000000e+05
1.273198437500000000e+05
1.453557983398437500e+03
9.789011250000000000e+05
5.382555000000000000e+05
9.862943750000000000e+04
6.850970000000000000e+05
1.345465942382812500e+03
3.553299218750000000e+04
1.175439250000000000e+06
1.644344970703125000e+03
3.772219848632812500e+02
2.288008593750000000e+05
2.738681875000000000e+05
1.365424875000000000e+06
1.199844531250000000e+05
2.054949609375000000e+04
1.508339996337890625e+02
5.359160156250000000e+02
1.735701750000000000e+06
1.453416406250000000e+04
9.339610937500000000e+04
3.420460937500000000e+05
1.787233125000000000e+06
4.189088125000000000e+05
4.018164843750000000e+04
4.484089687500000000e+05
4.251348144531250000e+03
1.614541406250000000e+05
5.437683125000000000e+05
6.477582031250000000e+04
5.764504375000000000e+05
2.933214453125000000e+04
1.683706445312500000e+04
2.070040234375000000e+04
6.695295625000000000e+05
2.968540000000000000e+05
5.516520625000000000e+05
4.157317812500000000e+05
2.308359985351562500e+02
6.920784179687500000e+03
7.718950195312500000e+02
2.642623437500000000e+05
2.307820625000000000e+05
8.865161875000000000e+05
7.067500305175781250e+01
3.443911875000000000e+05
2.054069976806640625e+02
4.700377812500000000e+05
9.334313750000000000e+05
1.048043906250000000e+05
1.270838281250000000e+04
8.760330000000000000e+05
3.263681640625000000e+04
4.790437812500000000e+05
2.859396250000000000e+05
1.350644042968750000e+03
3.388813437500000000e+05
4.254536875000000000e+05
1.243912963867187500e+03
3.378952812500000000e+05
6.397499847412109375e+01
4.789975000000000000e+05
2.970185312500000000e+05
8.900257031250000000e+04
2.548430625000000000e+05
6.171631875000000000e+05
6.583325000000000000e+04
1.156637812500000000e+05
4.146879882812500000e+02
5.125388750000000000e+05
1.004270996093750000e+03
2.733865937500000000e+05
1.581037812500000000e+05
4.406746562500000000e+05
4.816400146484375000e+02
8.384584375000000000e+05
1.434216718750000000e+05
8.263149218750000000e+04
2.350209960937500000e+02
7.791660625000000000e+05
1.667813964843750000e+03
6.087355859375000000e+04
3.357898925781250000e+03
1.010694140625000000e+05
2.626300048828125000e+01
2.506519927978515625e+02
4.153210144042968750e+02
1.690194946289062500e+03
2.065881640625000000e+04
3.512799835205078125e+01
3.922230937500000000e+05
1.326838012695312500e+03
9.277500000000000000e+02
7.281729687500000000e+04
4.070516406250000000e+04
4.056180114746093750e+02
5.397478125000000000e+05
3.727413437500000000e+05
6.201779687500000000e+04
2.429343945312500000e+04
1.430209960937500000e+02
8.247899780273437500e+02
1.535542656250000000e+05
3.164909375000000000e+05
1.583100032806396484e+01
3.026918164062500000e+04
4.276247187500000000e+05
7.294216250000000000e+05
2.437835156250000000e+05
7.885733593750000000e+04
3.587226875000000000e+05
8.343339843750000000e+02
6.473055625000000000e+05
6.811581875000000000e+05
2.695299911499023438e+01
9.590698750000000000e+05
4.269141875000000000e+05
2.306340026855468750e+02
6.208226074218750000e+03
1.773193593750000000e+05
3.215173828125000000e+04
5.468650390625000000e+04
7.925399780273437500e+01
2.121112500000000000e+05
2.031123906250000000e+05
6.799199829101562500e+02
4.881100082397460938e+01
4.126520937500000000e+05
1.142899990081787109e+01
7.493836875000000000e+05
5.286922500000000000e+05
1.616299843750000000e+05
4.200610046386718750e+02
9.262100219726562500e+01
3.948250625000000000e+05
5.542109985351562500e+02
4.405393359375000000e+04
3.006159973144531250e+02
2.457990820312500000e+04
4.598237812500000000e+05
1.762440032958984375e+02
4.685085000000000000e+05
5.123300625000000000e+05
1.826722070312500000e+04
2.107350006103515625e+02
2.367566718750000000e+05
8.138454101562500000e+03
6.821779785156250000e+02
8.650676562500000000e+04
4.850302500000000000e+05
3.796051562500000000e+05
3.032290039062500000e+02
2.048560742187500000e+04
1.698264038085937500e+03
5.275390014648437500e+02
2.130082968750000000e+05
1.120309982299804688e+02
4.870329062500000000e+05
2.460901718750000000e+05
1.312149963378906250e+02
5.993034375000000000e+05
3.890367500000000000e+05
1.659043593750000000e+05
3.578066015625000000e+04
4.528107421875000000e+04
2.371900024414062500e+02
2.817603750000000000e+05
7.650416250000000000e+05
3.022905312500000000e+05
4.248065937500000000e+05
7.126290283203125000e+02
1.109349975585937500e+02
4.038195000000000000e+05
1.509353750000000000e+06
7.212065000000000000e+05
5.672449951171875000e+02
6.015766250000000000e+05
5.274588125000000000e+05
5.054450073242187500e+02
1.728944531250000000e+05
5.583649902343750000e+02
1.028953812500000000e+06
3.431904375000000000e+05
1.002679843750000000e+05
5.881292500000000000e+05
6.238654375000000000e+05
4.302326171875000000e+04
1.954776875000000000e+05
1.287373437500000000e+05
1.334840000000000000e+05
9.313474218750000000e+04
5.952382500000000000e+05
2.084572021484375000e+03
2.477669982910156250e+02
6.962000274658203125e+01
4.184639453125000000e+04
4.660690625000000000e+05
8.081120625000000000e+05
1.255379492187500000e+04
2.463620156250000000e+05
6.170066250000000000e+05
3.590520019531250000e+02
9.751406250000000000e+03
8.408000183105468750e+01
5.027500781250000000e+04
1.631575000000000000e+05
9.365374375000000000e+05
5.494404375000000000e+05
6.087199707031250000e+02
5.474499893188476562e+01
1.137540722656250000e+04
8.833480625000000000e+05
3.859185000000000000e+05
2.314758437500000000e+05
8.435896875000000000e+05
6.845540625000000000e+05
4.147333125000000000e+05
3.637390000000000000e+05
9.286711250000000000e+05
1.317900000000000000e+06
1.291199951171875000e+02
1.566308000000000000e+06
3.298314941406250000e+03
4.867597167968750000e+03
5.746300125122070312e+01
8.875616250000000000e+05
2.337207812500000000e+05
1.532734375000000000e+05
2.729549865722656250e+02
7.591077500000000000e+05
4.486073437500000000e+05
2.079058281250000000e+05
3.570717500000000000e+05
9.134541250000000000e+05
1.546166093750000000e+05
9.874761875000000000e+05
2.380667343750000000e+05
8.864921250000000000e+05
1.816099929809570312e+01
2.199060058593750000e+02
6.840575625000000000e+05
3.323520000000000000e+05
2.666699981689453125e+01
2.377610015869140625e+02
1.764560156250000000e+05
1.706018250000000000e+06
1.656316040039062500e+03
9.188475000000000000e+05
8.875637500000000000e+05
6.957774375000000000e+05
1.004458875000000000e+06
3.143117500000000000e+05
3.904574062500000000e+05
3.631818750000000000e+05
7.435646972656250000e+03
3.730803437500000000e+05
3.405975000000000000e+05
3.766130065917968750e+02
3.746570625000000000e+05
4.948157226562500000e+03
3.234621562500000000e+05
3.725050048828125000e+02
6.649525781250000000e+04
1.237862000000000000e+06
4.602436875000000000e+05
3.539756562500000000e+05
4.616592500000000000e+05
4.297630004882812500e+02
4.575530000000000000e+05
5.569184375000000000e+05
1.324470375000000000e+06
2.201260070800781250e+02
4.035593125000000000e+05
1.611682324218750000e+04
4.410228437500000000e+05
2.173197265625000000e+04
3.381700937500000000e+05
3.588389892578125000e+02
1.484285750000000000e+06
5.599551875000000000e+05
1.323944843750000000e+05
1.047469250000000000e+06
2.043131718750000000e+05
1.418617500000000000e+05
3.267599868774414062e+01
4.371678125000000000e+04
4.052604062500000000e+05
9.955531875000000000e+05
5.425709838867187500e+02
5.193612187500000000e+05
9.974370117187500000e+02
5.430797500000000000e+05
2.040618750000000000e+06
3.209488671875000000e+04
8.705631835937500000e+03
2.874165000000000000e+05
2.481645937500000000e+05
1.518684000000000000e+06
1.729951171875000000e+04
4.362337812500000000e+05
2.159317031250000000e+05
3.184641250000000000e+05
4.056960625000000000e+05
1.696590468750000000e+05
2.852479858398437500e+02
1.285571562500000000e+05
4.758708750000000000e+05
3.045265937500000000e+05
2.535220156250000000e+05
1.803900000000000000e+05
2.698042968750000000e+03
5.873419799804687500e+02
4.137200012207031250e+02
1.666978906250000000e+05
2.224029843750000000e+05
8.124870312500000000e+04
7.680080625000000000e+05
6.824270019531250000e+02
1.053174250000000000e+06
5.724150000000000000e+05
8.607505859375000000e+03
1.316957656250000000e+05
1.658631093750000000e+05
1.243339296875000000e+05
6.708147949218750000e+03
4.825958750000000000e+05
4.199901562500000000e+05
2.658959960937500000e+02
2.787250585937500000e+04
6.653366250000000000e+05
1.448368750000000000e+05
5.946129760742187500e+02
9.471129760742187500e+02
8.638809375000000000e+04
7.166290625000000000e+04
3.783744062500000000e+05
4.305728125000000000e+05
2.468134218750000000e+05
9.884487500000000000e+04
3.236425312500000000e+05
5.106420000000000000e+05
4.943760070800781250e+02
1.378459930419921875e+02
5.773980102539062500e+02
6.280277343750000000e+04
3.282365000000000000e+05
3.258906562500000000e+05
9.367078906250000000e+04
2.213990020751953125e+02
3.431449062500000000e+05
1.637153808593750000e+04
2.989691875000000000e+05
1.293443984375000000e+05
2.256033750000000000e+05
3.109670898437500000e+03
3.197539978027343750e+02
1.165745000000000000e+06
2.070938593750000000e+05
3.093749687500000000e+05
1.026039962768554688e+02
7.945963125000000000e+05
7.495860625000000000e+05
9.404029375000000000e+05
1.773999977111816406e+01
6.518248125000000000e+05
2.299733281250000000e+05
7.719363125000000000e+05
3.871889062500000000e+05
7.465097656250000000e+04
1.053958984375000000e+03
6.779060058593750000e+02
3.635710144042968750e+02
2.973880004882812500e+02
5.183745625000000000e+05
4.588499832153320312e+01
4.892674375000000000e+05
4.417749375000000000e+05
2.773150625000000000e+05
5.430855000000000000e+05
7.337540625000000000e+04
9.761404296875000000e+03
2.812099914550781250e+02
9.621705468750000000e+04
5.314190625000000000e+05
3.163580017089843750e+02
1.066760750000000000e+06
5.016938671875000000e+04
1.535926125000000000e+06
7.291407812500000000e+04
1.040244062500000000e+05
7.458680000000000000e+05
1.017297421875000000e+05
4.200463750000000000e+05
7.724864375000000000e+05
9.324770000000000000e+05
1.242053750000000000e+05
3.165878125000000000e+05
2.898970031738281250e+02
3.787845947265625000e+03
6.281506835937500000e+03
1.785038281250000000e+04
7.005601875000000000e+05
7.173899841308593750e+01
6.596159375000000000e+04
1.608594687500000000e+05
8.468246093750000000e+03
3.448559875488281250e+02
4.441743750000000000e+05
2.683201250000000000e+05
1.037052978515625000e+03
2.424201250000000000e+05
5.663986718750000000e+04
4.532019062500000000e+05
1.827537500000000000e+05
3.673216562500000000e+05
5.763110546875000000e+04
4.990084960937500000e+03
1.041357250000000000e+06
4.030891562500000000e+05
3.816664843750000000e+04
6.622111250000000000e+05
4.212181875000000000e+05
4.394240112304687500e+02
7.100800323486328125e+01
1.282682983398437500e+03
3.588573046875000000e+04
5.484290625000000000e+05
1.742748125000000000e+05
1.070216562500000000e+05
2.634893750000000000e+05
9.878431250000000000e+04
1.442220001220703125e+02
4.334741015625000000e+04
2.072019958496093750e+02
5.537093125000000000e+05
3.428364843750000000e+04
5.748623437500000000e+04
4.859922656250000000e+04
3.840955937500000000e+05
3.857687187500000000e+05
9.777437500000000000e+04
9.401016250000000000e+05
7.336040039062500000e+02
5.146051562500000000e+05
3.158653750000000000e+05
1.686583750000000000e+05
6.809429931640625000e+02
1.508022949218750000e+03
1.363599967956542969e+01
3.605157812500000000e+05
2.225312187500000000e+05
8.331781250000000000e+05
3.907959899902343750e+02
1.456406875000000000e+06
1.564637812500000000e+05
8.327468125000000000e+05
1.241161523437500000e+04
5.257071875000000000e+05
3.151822812500000000e+05
3.847800064086914062e+01
5.894132500000000000e+05
8.570726875000000000e+05
1.093487250000000000e+06
1.423888281250000000e+05
2.687800025939941406e+01
6.695850781250000000e+04
4.465535937500000000e+05
2.642505625000000000e+05
2.301135781250000000e+05
3.987863437500000000e+05
8.605000305175781250e+01
1.347812988281250000e+03
9.838588125000000000e+05
3.540777812500000000e+05
6.459210205078125000e+02
4.524820625000000000e+05
8.910610156250000000e+04
6.790228125000000000e+04
2.543754492187500000e+04
1.067750015258789062e+02
5.776320190429687500e+02
7.030100250244140625e+01
1.496300029754638672e+01
1.879587968750000000e+05
6.025569531250000000e+04
4.156667187500000000e+04
8.759000244140625000e+02
7.557099914550781250e+01
4.660230625000000000e+05
3.391853437500000000e+05
9.917239990234375000e+02
1.240461718750000000e+05
6.422598046875000000e+04
2.466101875000000000e+05
5.644396250000000000e+05
4.822146250000000000e+05
2.760796875000000000e+05
1.669512031250000000e+05
1.635700035095214844e+01
1.037413281250000000e+05
3.488069091796875000e+03
2.911491210937500000e+04
1.421411093750000000e+05
7.920643750000000000e+05
1.872812031250000000e+05
1.130088281250000000e+04
4.940450134277343750e+02
1.987799987792968750e+02
5.907955000000000000e+05
2.914768125000000000e+05
1.111633625000000000e+06
5.674609985351562500e+02
2.017710742187500000e+04
9.440252500000000000e+05
1.045832265625000000e+05
2.476686562500000000e+05
8.961209716796875000e+02
1.300570000000000000e+06
1.382089250000000000e+06
3.486709899902343750e+02
1.076854980468750000e+03
5.766820068359375000e+02
2.035201093750000000e+05
1.258894296875000000e+05
1.497970937500000000e+05
9.567579956054687500e+02
1.596486816406250000e+04
1.398973022460937500e+03
7.779342968750000000e+04
5.055447812500000000e+05
9.595040625000000000e+05
1.726572968750000000e+05
9.857365625000000000e+05
4.777918125000000000e+05
5.149452187500000000e+05
7.579775625000000000e+05
2.654379882812500000e+02
2.683580664062500000e+04
3.331470312500000000e+04
3.047390625000000000e+05
7.836799621582031250e+01
2.578441562500000000e+05
1.287851484375000000e+05
2.774300312500000000e+05
3.703934375000000000e+04
1.347810058593750000e+02
4.515499877929687500e+02
1.587228906250000000e+05
5.797021484375000000e+04
3.721236875000000000e+05
1.245685750000000000e+06
1.050990966796875000e+03
5.484353906250000000e+04
9.216292500000000000e+05
2.701896562500000000e+05
3.810498750000000000e+05
4.609814375000000000e+05
5.140579833984375000e+02
3.764780312500000000e+05
1.458280029296875000e+03
6.014317871093750000e+03
2.903804375000000000e+05
1.926744531250000000e+05
4.548799896240234375e+01
8.378460083007812500e+02
2.000760040283203125e+02
3.456584062500000000e+05
1.124927001953125000e+03
4.213826562500000000e+04
1.683766406250000000e+05
7.443907031250000000e+04
1.931575781250000000e+05
3.731206875000000000e+05
6.158209838867187500e+02
9.262657031250000000e+04
4.218880004882812500e+02
1.771219970703125000e+03
1.971089875000000000e+06
1.791600036621093750e+01
1.257119995117187500e+03
1.922909218750000000e+05
3.359979858398437500e+02
2.582724218750000000e+05
7.527853125000000000e+04
2.237489929199218750e+02
3.228300094604492188e+01
2.085054882812500000e+04
1.659909973144531250e+02
3.163725097656250000e+03
4.151458750000000000e+05
6.648965625000000000e+05
3.634805000000000000e+05
4.488567812500000000e+05
9.618660278320312500e+02
2.134583398437500000e+04
1.874445000000000000e+05
5.643560180664062500e+02
3.030876250000000000e+05
4.662161562500000000e+05
5.331749375000000000e+05
2.131530625000000000e+05
1.562026093750000000e+05
1.026494238281250000e+04
7.197290039062500000e+02
1.289306718750000000e+05
3.753388125000000000e+05
4.386693437500000000e+05
1.597532958984375000e+03
4.705672187500000000e+05
3.621712500000000000e+05
2.027792968750000000e+03
1.495563625000000000e+06
4.882525781250000000e+04
4.767699813842773438e+01
2.433928437500000000e+05
9.135487500000000000e+04
6.290999889373779297e+00
1.243280078125000000e+05
5.376051562500000000e+04
3.089426875000000000e+05
2.296728906250000000e+05
3.490610046386718750e+02
4.349871875000000000e+05
3.592799687500000000e+05
5.081610107421875000e+02
1.243016967773437500e+03
1.058095947265625000e+03
4.933329296875000000e+04
4.665071777343750000e+03
1.724235937500000000e+05
6.309365625000000000e+04
5.795436875000000000e+05
2.276426562500000000e+05
6.568399810791015625e+01
5.896572265625000000e+04
1.305942968750000000e+05
1.659029998779296875e+02
1.779402343750000000e+04
4.111035625000000000e+05
5.668010000000000000e+05
7.063415000000000000e+05
5.583763750000000000e+05
1.621550156250000000e+05
9.173999786376953125e+01
5.339171875000000000e+05
1.042814062500000000e+05
1.650019989013671875e+02
1.007262890625000000e+05
1.777627625000000000e+06
2.177857968750000000e+05
3.947303125000000000e+05
1.668300937500000000e+05
6.361601250000000000e+05
8.326004375000000000e+05
1.195284057617187500e+03
5.090040937500000000e+05
1.964299964904785156e+01
2.435324687500000000e+05
4.244545898437500000e+03
1.405636562500000000e+05
8.148756875000000000e+05
3.888299375000000000e+05
8.663380126953125000e+02
1.204705500000000000e+06
2.135889250000000000e+06
1.478038906250000000e+05
2.502842968750000000e+05
4.020205312500000000e+05
6.175446875000000000e+05
3.085651562500000000e+05
3.694948437500000000e+05
1.551555937500000000e+05
3.964969687500000000e+05
9.867824218750000000e+04
1.961134375000000000e+05
3.390230102539062500e+02
5.970360625000000000e+05
1.536960125000000000e+06
8.259099218750000000e+04
3.062398750000000000e+05
1.854232375000000000e+06
6.839130249023437500e+02
3.366361250000000000e+05
1.158080078125000000e+05
7.983259375000000000e+04
6.313248046875000000e+03
5.382882812500000000e+03
2.461609954833984375e+02
1.054167250000000000e+06
3.560699844360351562e+01
1.017906187500000000e+06
5.107086562500000000e+05
1.429011875000000000e+05
7.143850097656250000e+02
9.459042968750000000e+04
7.836428125000000000e+04
2.941397500000000000e+05
2.174140014648437500e+02
1.090329971313476562e+02
3.966144687500000000e+05
1.393176500000000000e+06
2.582114843750000000e+05
1.497822968750000000e+05
1.537172343750000000e+05
6.372500000000000000e+02
2.695239868164062500e+02
1.693365966796875000e+03
5.084500122070312500e+01
3.900709687500000000e+05
4.422160034179687500e+02
3.993827812500000000e+05
8.087315625000000000e+05
3.005874062500000000e+05
5.446820068359375000e+02
1.571664062500000000e+05
5.902714375000000000e+05
3.946066015625000000e+04
5.162032812500000000e+05
4.383258750000000000e+05
9.301155468750000000e+04
1.894901750000000000e+06
6.851970000000000000e+05
1.800624218750000000e+05
3.434829687500000000e+05
4.564750312500000000e+05
1.166399296875000000e+05
1.883640781250000000e+05
1.668840026855468750e+02
8.930410625000000000e+05
4.600393750000000000e+04
2.179487812500000000e+05
3.034711718750000000e+04
4.724724062500000000e+05
5.104340625000000000e+04
3.865787500000000000e+05
6.242860107421875000e+02
2.239900937500000000e+05
6.106406250000000000e+05
4.611298437500000000e+04
8.261567500000000000e+05
2.904881250000000000e+05
1.636090625000000000e+05
5.002090148925781250e+02
8.805999755859375000e+01
1.200247734375000000e+05
4.064300155639648438e+01
5.866683125000000000e+05
7.955919799804687500e+02
4.673229980468750000e+02
1.523248437500000000e+05
5.822578750000000000e+05
2.381450042724609375e+02
6.540858125000000000e+05
6.167103515625000000e+04
5.638062500000000000e+05
2.512510070800781250e+02
8.253558593750000000e+04
2.603605312500000000e+05
1.202386328125000000e+05
8.173796875000000000e+05
2.415135156250000000e+04
6.415074375000000000e+05
6.835960083007812500e+02
2.787059936523437500e+02
7.318852050781250000e+03
2.060204375000000000e+05
8.681941250000000000e+05
4.410995937500000000e+05
5.130954062500000000e+05
4.531960144042968750e+02
7.336285000000000000e+05
1.779865468750000000e+05
3.639519062500000000e+05
3.265860312500000000e+05
7.391153750000000000e+05
9.536119375000000000e+05
8.229559936523437500e+02
8.696797500000000000e+05
9.133853125000000000e+05
9.509955468750000000e+04
3.679039916992187500e+02
3.983867919921875000e+03
2.540126562500000000e+04
4.367030312500000000e+05
2.710915312500000000e+05
7.209548750000000000e+05
2.990629375000000000e+05
1.589900054931640625e+02
5.351565234375000000e+04
7.406335000000000000e+05
7.450342187500000000e+04
2.870811562500000000e+05
1.867890014648437500e+02
1.379190468750000000e+05
7.082156875000000000e+05
3.030701757812500000e+04
2.339960468750000000e+05
1.889510040283203125e+02
7.978497656250000000e+04
1.610171562500000000e+05
2.864219375000000000e+05
4.654444375000000000e+05
5.006973437500000000e+05
2.533094687500000000e+05
8.019000244140625000e+01
3.483100128173828125e+01
2.097987812500000000e+05
8.913070312500000000e+04
4.348206562500000000e+05
1.348789978027343750e+02
5.358464375000000000e+05
9.447453125000000000e+03
8.671073750000000000e+05
4.594612812500000000e+05
6.516078906250000000e+04
1.283483875000000000e+06
6.513120117187500000e+02
8.446699375000000000e+05
5.816380004882812500e+02
4.314388750000000000e+05
1.205592875000000000e+06
1.368826718750000000e+05
1.136797000000000000e+06
2.099395625000000000e+05
1.373977636718750000e+04
2.727658789062500000e+04
1.229149047851562500e+03
2.010014218750000000e+05
2.185603906250000000e+05
1.198210250000000000e+06
4.485520625000000000e+05
2.141588437500000000e+05
1.009221640625000000e+05
7.265889375000000000e+05
5.708873125000000000e+05
7.952100372314453125e+01
5.057968750000000000e+05
2.844329882812500000e+04
6.678589062500000000e+04
2.066115312500000000e+05
3.731189843750000000e+04
3.084491875000000000e+05
1.547777343750000000e+04
5.825855957031250000e+03
4.340900039672851562e+01
8.903029785156250000e+02
4.644420937500000000e+05
5.061059375000000000e+05
2.064592041015625000e+03
8.567748750000000000e+05
3.768235937500000000e+05
1.985692993164062500e+03
7.178680000000000000e+05
1.459463989257812500e+03
2.984355000000000000e+05
2.588318437500000000e+05
1.443639625000000000e+06
1.419478027343750000e+03
2.827952187500000000e+05
5.615701875000000000e+05
4.223327500000000000e+05
3.995499877929687500e+02
3.867369140625000000e+04
1.846199989318847656e+01
5.288175000000000000e+05
3.726600000000000000e+05
1.935498906250000000e+05
1.762345000000000000e+05
4.408095000000000000e+05
2.637174375000000000e+05
6.766993750000000000e+04
1.931627656250000000e+05
7.771359863281250000e+02
5.394219970703125000e+02
1.007125976562500000e+03
5.725531250000000000e+05
8.612845000000000000e+05
5.701209716796875000e+02
5.812810058593750000e+02
2.422270117187500000e+04
4.598570312500000000e+05
1.721790008544921875e+02
5.092210083007812500e+02
3.226942812500000000e+05
5.934089062500000000e+04
4.236319885253906250e+02
2.810602187500000000e+05
1.751219940185546875e+02
2.501350976562500000e+04
9.086128125000000000e+05
3.074389375000000000e+05
7.207938281250000000e+04
2.336355000000000000e+05
2.324471923828125000e+03
6.858400268554687500e+02
8.553500366210937500e+01
6.043163281250000000e+04
7.179699707031250000e+01
6.419022500000000000e+05
2.130304375000000000e+05
7.615172500000000000e+05
7.400989990234375000e+02
1.399949062500000000e+05
2.211013593750000000e+05
1.269599975585937500e+03
2.039279687500000000e+05
1.179620390625000000e+05
5.770000076293945312e+01
1.633898828125000000e+04
1.183171562500000000e+05
6.189559936523437500e+02
1.688665781250000000e+05
6.604368750000000000e+04
4.493484687500000000e+05
2.054926367187500000e+04
5.456185000000000000e+05
1.101543750000000000e+06
5.358960000000000000e+05
5.276389843750000000e+04
