3.627609e+06
1.428321e+05
3.247729e+06
2.988465e+04
2.420423e+06
4.978884e+05
5.951121e+05
1.172633e+04
1.158993e+06
2.486846e+05
6.240058e+04
3.757221e+06
4.419522e+03
5.689073e+05
6.475069e+05
1.666980e+06
1.195893e+05
1.389799e+06
9.617826e+04
2.703817e+06
6.273823e+03
2.408736e+05
5.929330e+02
6.906771e+03
3.015299e+06
1.332829e+06
3.692078e+04
5.787464e+06
1.077238e+06
2.765690e+03
4.991508e+04
4.458795e+05
6.674316e+04
6.933767e+06
5.307480e+02
2.601877e+06
1.630194e+04
9.259314e+04
1.905734e+03
1.736330e+02
4.008580e+06
2.901727e+05
6.713796e+06
2.583049e+05
6.426239e+05
1.359698e+03
3.810064e+06
1.420901e+06
4.092698e+06
5.705167e+03
1.188030e+06
2.185024e+05
2.701994e+04
3.330710e+02
1.318533e+06
2.829744e+06
1.855206e+06
3.562288e+04
9.883348e+05
6.952654e+03
1.247983e+06
1.364921e+05
1.459348e+06
7.846170e+02
4.118078e+06
2.033885e+05
2.620086e+06
2.740528e+05
4.980451e+04
1.839558e+05
1.113389e+06
2.211215e+04
2.471056e+05
6.377240e+03
3.146724e+04
1.019795e+04
2.161744e+03
9.781334e+03
8.754516e+05
2.832617e+05
4.469824e+05
2.422471e+06
9.646414e+04
4.086663e+05
8.952289e+05
2.517767e+04
2.653019e+06
5.589737e+03
2.474667e+06
2.838735e+05
1.369887e+06
2.630889e+05
7.919000e+01
2.329211e+06
1.868556e+04
8.584020e+02
3.365502e+04
1.516762e+04
1.928845e+06
2.397576e+05
1.453349e+05
3.501691e+05
1.421741e+05
3.146298e+03
2.254655e+05
6.865404e+04
3.253800e+02
1.399843e+05
8.923108e+05
2.266240e+05
2.567878e+05
1.260273e+06
4.136086e+06
4.563832e+03
2.197023e+05
2.311105e+04
4.464293e+05
6.356880e+05
1.255443e+06
2.346111e+06
5.756617e+05
6.749580e+03
1.882127e+06
2.923404e+06
4.654707e+04
1.231034e+03
7.898986e+05
3.396900e+01
3.781269e+06
1.867211e+04
3.471436e+04
1.181474e+05
2.804978e+06
1.813281e+05
1.659828e+03
4.776176e+05
1.304852e+06
2.228622e+05
5.918864e+05
1.106340e+05
3.209349e+06
3.674253e+05
2.456187e+03
1.224308e+05
1.488925e+06
1.051903e+06
1.365281e+05
1.999105e+06
1.424536e+06
8.254553e+05
1.974409e+06
1.522860e+04
8.071109e+04
2.086534e+06
9.897621e+04
9.889330e+04
2.069962e+05
1.781115e+06
2.209232e+06
2.024288e+05
2.792717e+06
3.545720e+06
1.757649e+05
2.000290e+05
4.049070e+02
2.966571e+06
5.906472e+05
1.064955e+04
2.004637e+03
5.912734e+05
1.460261e+04
6.962239e+04
1.634782e+06
1.038429e+03
4.710781e+04
3.179265e+06
1.301625e+06
2.858135e+06
4.231471e+04
2.625994e+06
1.933383e+03
3.157644e+04
1.661328e+05
4.835701e+06
8.206707e+05
8.690261e+05
3.415828e+03
9.949726e+05
1.962838e+04
6.211502e+05
1.912187e+04
2.872340e+02
1.700880e+04
5.683916e+06
2.685346e+06
1.080568e+04
1.229525e+06
2.231170e+04
6.024167e+04
7.064960e+05
1.507531e+04
1.327516e+06
1.285054e+03
8.515608e+06
1.058196e+04
9.235983e+05
2.543836e+05
7.731747e+04
8.307952e+06
4.947148e+04
7.660634e+05
9.348806e+03
2.602951e+06
1.370319e+03
4.079712e+05
1.832148e+05
2.216330e+05
2.538657e+04
7.240800e+01
9.658520e+04
1.557565e+06
2.427870e+06
7.537396e+04
1.219792e+05
5.557230e+05
2.099974e+03
1.000417e+05
2.323731e+06
2.932980e+06
1.082457e+04
5.293196e+05
1.039623e+04
1.204508e+06
4.140584e+04
2.874285e+04
3.298708e+04
1.563901e+05
1.799443e+06
7.376912e+04
1.551310e+05
8.454093e+05
5.746510e+02
2.407241e+05
1.150511e+03
2.591140e+04
1.625311e+05
2.226067e+05
4.499829e+05
7.901830e+06
2.920505e+06
1.020872e+05
3.349764e+05
9.864978e+04
1.342270e+04
1.131765e+06
2.968406e+04
4.376171e+05
1.595358e+06
1.520200e+02
2.491228e+04
1.458238e+05
7.586665e+04
2.918846e+05
5.719976e+06
2.903787e+05
5.030042e+04
6.694091e+03
3.149100e+06
1.025791e+06
1.024046e+06
2.222939e+06
1.085168e+06
1.224790e+06
7.339080e+02
3.780394e+04
7.433526e+03
4.016328e+05
1.375787e+06
1.894736e+06
1.139515e+06
1.950167e+04
6.383150e+02
1.258114e+04
1.547864e+05
4.126810e+06
1.802244e+04
1.103089e+05
4.893290e+02
7.368349e+05
9.238158e+03
1.814683e+05
9.180262e+05
5.218584e+04
1.356560e+03
1.902365e+05
3.192367e+03
7.366138e+03
4.862535e+04
6.088963e+04
3.220784e+04
7.396955e+05
4.158856e+05
2.536756e+06
6.894766e+05
4.053290e+06
3.661320e+02
2.161091e+06
1.036598e+06
3.419901e+05
1.883875e+06
3.377652e+06
1.307033e+06
2.672309e+06
9.137810e+04
8.203868e+05
2.295573e+05
5.745317e+04
1.276137e+03
2.108836e+06
8.634185e+05
6.795810e+04
1.354953e+03
6.552724e+06
2.405686e+04
4.185397e+03
3.025547e+04
3.285941e+05
1.132462e+04
2.028488e+05
3.261600e+02
8.825743e+04
5.914695e+05
2.580083e+06
3.186232e+06
3.404975e+05
3.970535e+04
1.145194e+06
3.461689e+04
6.313896e+04
5.432240e+05
7.371615e+05
1.080505e+04
5.810149e+04
8.595482e+04
1.519365e+06
1.507802e+05
3.502332e+05
1.851092e+05
7.938115e+03
5.488299e+05
2.801640e+05
8.371327e+05
1.405318e+05
2.249495e+06
2.740408e+04
8.369456e+04
6.208489e+05
2.217274e+03
2.082877e+06
6.233886e+04
1.293229e+04
3.063697e+05
3.312594e+04
2.060224e+05
5.009946e+05
6.744504e+03
9.024167e+04
3.954195e+04
6.774532e+03
1.080127e+05
1.527697e+06
1.230931e+05
1.079550e+02
8.197993e+03
5.416021e+05
2.456500e+04
4.397295e+05
1.309855e+03
5.542396e+05
9.323228e+05
5.252542e+05
3.019276e+06
1.014888e+04
1.583839e+06
1.693689e+04
1.575561e+05
1.715542e+04
2.070669e+05
1.224647e+06
1.389857e+06
1.318770e+04
8.026281e+05
6.731639e+05
1.749888e+06
1.316204e+06
4.474193e+06
2.119134e+05
1.482508e+04
7.758749e+05
1.621769e+04
2.812924e+06
2.334136e+05
6.550035e+05
3.144481e+04
1.038462e+06
1.540002e+06
2.542477e+06
4.458120e+02
1.186484e+05
7.142573e+04
1.174440e+07
5.142950e+02
1.392599e+04
7.702259e+05
2.994989e+06
2.106924e+06
5.167795e+05
2.191859e+05
1.098692e+06
1.927797e+04
6.307099e+06
1.606427e+05
1.368738e+05
5.738109e+04
8.662606e+05
3.107971e+04
1.470769e+06
6.997494e+05
1.069695e+06
1.127187e+05
1.577950e+06
3.733945e+03
4.103616e+04
2.922689e+06
2.343734e+06
1.119292e+04
2.876039e+05
1.161547e+03
2.282857e+05
4.873158e+04
2.277253e+06
2.411039e+05
7.802998e+05
6.185899e+04
6.377540e+05
1.250987e+06
9.377424e+05
9.078560e+05
2.030683e+04
2.393830e+06
5.929050e+02
2.051967e+06
2.883810e+06
9.974951e+05
8.775552e+04
6.841319e+04
2.028358e+06
4.197572e+05
6.155843e+04
3.069381e+06
1.537926e+03
2.431574e+06
4.379244e+06
8.516097e+03
6.940632e+04
3.757526e+06
3.177728e+04
5.856200e+01
6.208412e+06
2.336988e+06
1.373953e+04
2.439196e+03
1.922061e+05
1.088120e+06
7.161156e+03
1.023041e+04
1.605378e+06
8.012518e+05
4.540555e+06
6.891177e+04
2.419120e+05
1.353767e+05
3.355829e+03
1.130921e+06
1.418058e+05
6.020104e+05
1.428901e+04
6.633299e+06
3.662262e+04
3.033231e+03
1.342504e+05
4.638316e+04
5.982689e+06
1.200034e+06
3.777157e+05
4.342863e+04
1.011151e+04
2.863708e+06
2.979274e+05
1.474063e+04
7.814671e+05
4.267994e+05
1.551798e+05
1.387473e+06
8.840535e+05
2.947929e+05
8.737376e+05
9.960226e+06
3.022888e+05
6.749026e+04
1.712342e+05
3.346195e+05
3.068725e+06
2.330967e+04
3.038162e+06
3.089571e+04
2.062571e+06
1.031751e+06
1.251366e+06
5.384103e+05
2.348635e+06
2.023280e+04
1.729474e+06
1.556029e+06
3.851984e+03
5.937233e+05
1.424441e+06
8.574928e+04
3.106236e+06
9.745859e+03
1.290271e+06
3.622047e+05
2.995442e+06
9.227901e+04
1.235614e+06
8.220829e+05
6.986103e+04
1.720033e+06
1.791385e+04
1.535020e+05
4.080620e+06
7.473107e+05
8.512182e+04
3.267499e+06
2.672310e+04
4.646104e+05
1.938156e+06
1.429051e+06
4.372820e+04
2.384404e+05
9.154830e+05
5.399165e+05
5.969917e+04
2.187292e+04
5.324183e+04
1.684728e+05
1.553989e+05
4.211682e+06
2.910373e+06
3.932227e+04
1.403319e+04
1.162671e+05
2.170221e+05
2.043671e+05
3.246261e+04
1.046894e+05
9.739389e+03
9.430193e+05
9.142186e+05
3.322241e+05
2.046694e+06
7.856456e+04
2.382018e+05
1.032146e+06
1.485200e+01
4.386710e+02
9.968976e+04
1.762199e+04
1.353717e+05
5.546429e+05
1.014261e+05
7.131310e+02
4.222187e+05
2.827622e+05
1.860524e+05
5.097653e+06
9.630513e+04
1.823418e+03
2.423243e+06
2.033212e+06
2.611991e+05
1.940153e+05
1.700991e+06
1.621219e+06
1.110084e+04
3.903281e+04
3.055402e+04
1.795433e+06
2.886198e+05
6.590570e+05
6.927658e+05
3.352110e+05
1.404863e+06
1.477006e+06
1.930999e+06
1.914664e+05
1.982286e+05
1.282036e+05
2.065617e+04
7.704320e+05
3.117119e+05
3.264343e+05
2.130347e+04
3.804628e+06
1.420994e+04
1.053913e+04
3.451961e+06
1.063752e+06
1.134189e+06
2.996164e+04
1.707231e+06
1.255628e+06
2.541282e+03
4.265043e+04
2.765221e+05
5.617002e+05
4.722517e+06
3.747165e+04
2.577864e+04
4.460725e+03
3.047681e+06
4.136420e+02
2.824865e+05
8.633857e+05
2.700791e+06
7.941737e+04
1.907262e+04
4.015169e+06
6.190654e+03
4.337351e+06
7.325000e+02
3.732938e+04
4.580162e+06
4.416402e+05
7.750469e+05
7.621881e+05
8.579925e+05
1.208244e+06
3.231387e+05
1.505294e+04
9.568610e+04
6.559296e+03
2.766853e+05
2.432035e+04
6.053542e+03
3.467110e+06
7.648212e+03
5.188163e+05
1.352007e+04
1.090296e+06
5.754093e+04
2.539909e+06
4.650160e+03
8.402800e+01
4.747480e+05
3.183745e+03
3.483694e+06
2.535825e+04
6.374812e+04
1.079743e+06
8.017069e+05
1.690209e+03
3.431893e+06
4.053184e+05
5.436363e+06
1.121002e+04
8.787353e+03
7.061820e+05
1.319398e+03
1.579132e+06
2.203405e+06
2.618979e+04
3.989299e+04
1.206570e+04
2.302038e+03
1.345358e+05
3.106386e+06
1.320540e+06
4.565543e+04
2.346851e+06
4.652080e+05
1.478655e+06
1.033457e+06
2.893206e+06
1.728373e+06
5.645930e+04
1.610963e+06
4.270859e+04
7.922265e+04
2.150145e+03
1.131659e+06
6.293929e+05
6.915892e+05
1.168931e+05
2.438298e+05
5.548819e+06
1.764761e+04
3.705000e+01
2.316043e+06
1.054699e+04
1.160812e+04
6.034241e+05
1.685476e+06
9.350907e+05
8.554780e+03
4.308762e+05
2.584749e+06
8.303681e+05
5.953929e+05
7.586011e+05
1.400600e+06
1.198342e+06
3.291003e+04
1.285920e+04
5.285183e+04
7.385714e+05
2.573402e+04
2.077812e+05
3.481152e+05
9.949676e+04
8.520840e+04
4.043543e+03
5.459860e+05
6.783531e+04
2.176342e+05
1.054519e+04
1.228132e+05
5.638468e+05
1.807296e+06
1.841760e+06
1.820943e+03
1.219801e+05
1.833398e+06
6.263082e+06
2.051847e+03
7.442458e+04
4.294877e+06
4.054295e+04
8.313253e+04
2.404388e+06
1.620082e+04
2.199211e+04
2.194602e+04
4.671612e+04
8.005642e+03
1.295917e+04
4.863218e+05
1.853038e+05
3.953449e+04
5.671769e+05
1.435534e+06
5.401100e+01
5.363942e+05
3.736082e+04
5.790920e+02
3.782290e+04
1.225449e+06
5.899701e+05
1.375633e+03
6.955734e+04
5.126202e+04
1.613523e+06
3.551976e+06
2.117562e+05
2.882507e+04
5.767425e+04
1.900557e+05
1.057140e+05
1.309708e+03
1.158062e+06
2.173100e+01
1.502581e+05
2.825550e+03
9.168435e+03
1.269624e+03
2.059098e+06
1.501662e+06
2.527332e+06
1.738487e+04
1.037316e+06
1.375007e+05
9.112528e+03
7.727125e+05
1.573555e+04
2.089390e+04
1.066431e+05
3.276126e+05
4.603507e+04
1.611832e+04
1.107418e+06
3.262010e+05
7.038150e+03
3.457780e+04
9.275695e+03
5.091938e+04
5.246115e+03
2.646527e+05
1.918563e+06
1.976260e+04
1.423093e+06
1.144879e+05
2.572173e+04
5.790482e+06
5.457026e+05
4.983554e+06
2.858435e+05
2.053840e+06
5.054911e+03
3.495830e+06
5.027710e+04
1.043839e+06
9.007482e+05
3.224396e+05
1.495891e+06
2.921835e+06
3.518794e+06
1.795778e+06
9.349860e+04
7.621151e+04
1.147072e+04
1.126701e+05
1.665530e+04
7.265811e+05
2.775075e+05
5.182254e+05
2.510205e+03
5.013033e+03
1.352878e+05
7.017183e+05
2.973171e+06
1.056020e+06
1.163093e+06
2.841634e+05
4.725742e+05
1.130473e+04
1.788139e+05
5.808742e+03
3.181443e+04
1.468162e+05
2.008600e+06
1.416015e+06
2.646727e+03
2.963192e+06
1.310752e+05
1.256047e+03
2.747395e+03
4.516351e+04
3.327779e+06
4.205679e+04
4.355367e+04
3.836281e+06
5.268947e+05
3.494671e+06
2.229203e+05
6.950071e+05
2.631352e+05
2.696459e+03
1.349502e+05
7.249788e+03
1.351462e+06
6.136000e+05
3.004543e+06
2.861768e+06
8.783327e+05
2.383027e+06
1.660924e+03
5.004744e+06
2.173165e+06
4.049438e+05
7.264091e+03
7.070482e+05
2.211007e+06
1.407953e+06
4.838700e+01
4.361092e+06
8.196204e+03
8.690159e+03
4.882646e+05
5.679782e+04
8.474796e+04
7.407662e+05
1.374881e+06
1.738215e+05
1.399444e+06
4.692288e+05
3.992105e+05
2.001474e+06
2.181753e+05
2.695245e+03
1.275273e+03
2.837978e+05
7.720750e+02
3.024164e+03
1.748993e+03
1.448290e+06
6.563833e+06
6.187462e+05
1.526622e+06
1.604536e+06
1.192946e+05
1.762532e+05
6.376512e+05
6.854336e+03
8.520910e+03
7.665540e+02
8.031343e+04
8.156257e+05
7.322727e+05
1.515003e+06
1.156393e+06
4.414042e+06
1.568720e+04
8.517725e+04
3.984195e+05
1.887957e+05
2.513537e+06
4.856465e+06
4.509562e+04
3.153193e+05
4.004452e+04
1.196990e+05
6.013024e+03
1.916652e+05
1.340110e+02
4.143267e+04
2.868671e+04
6.300843e+05
4.794624e+04
1.348799e+05
3.001294e+03
1.439472e+06
2.517806e+05
7.947422e+05
6.056004e+04
8.056612e+05
2.873420e+02
4.207930e+02
8.467284e+05
3.751777e+05
2.960764e+06
1.095829e+04
2.021414e+06
1.109508e+05
3.342675e+03
3.588733e+06
4.847411e+05
1.906281e+06
3.488240e+06
1.187520e+04
2.114936e+06
3.451742e+04
2.785964e+06
1.821646e+05
1.558550e+05
9.103118e+05
6.651971e+04
6.520563e+05
1.284714e+05
8.853132e+04
1.028178e+06
6.488288e+05
2.240431e+06
7.667049e+05
1.467908e+06
1.219354e+05
3.649946e+04
2.268499e+05
2.364672e+03
1.262344e+06
3.122714e+04
4.053688e+05
2.720501e+05
6.288950e+04
1.910655e+05
6.258846e+06
6.500812e+05
6.125602e+06
7.076982e+05
3.856433e+05
3.771779e+05
3.868590e+02
1.910079e+04
2.892560e+02
1.620913e+03
3.155839e+06
2.065391e+03
2.925853e+04
7.706721e+03
1.611034e+06
5.082396e+04
