1.025300025939941406e+01
1.116250000000000000e+02
1.815260009765625000e+02
1.353600006103515625e+02
1.794999957084655762e+00
1.494099998474121094e+01
1.621519927978515625e+02
9.767999649047851562e+00
6.516699981689453125e+01
3.200000000000000000e+01
6.117000102996826172e+00
1.845619964599609375e+02
6.530599975585937500e+01
2.143099975585937500e+01
7.825099945068359375e+01
1.258600044250488281e+01
1.055749969482421875e+02
1.572900009155273438e+01
1.367700004577636719e+01
2.130469970703125000e+02
6.958599853515625000e+01
5.789999961853027344e+00
3.564899826049804688e+01
5.901999950408935547e+00
8.803299713134765625e+01
4.990090026855468750e+02
1.087500000000000000e+01
4.114719848632812500e+02
9.634799957275390625e+01
3.744179992675781250e+02
4.703840026855468750e+02
3.898559875488281250e+02
2.943000030517578125e+01
3.086510009765625000e+02
1.394099998474121094e+01
2.747040100097656250e+02
8.700000047683715820e-01
1.303800010681152344e+01
3.725299835205078125e+01
3.376200103759765625e+01
4.254000186920166016e+00
2.332700042724609375e+02
6.898000335693359375e+01
9.536999702453613281e+00
3.074440002441406250e+02
8.479999542236328125e+00
6.658100128173828125e+01
5.361999988555908203e+00
1.727189941406250000e+02
6.212300109863281250e+01
1.055910034179687500e+02
1.221299972534179688e+02
2.990000009536743164e+00
9.689999818801879883e-01
2.270999908447265625e+00
1.392099952697753906e+01
1.499060058593750000e+02
1.572500000000000000e+02
6.324999809265136719e+00
2.117940063476562500e+02
1.360549926757812500e+02
3.709689941406250000e+02
5.739999771118164062e+00
1.261770019531250000e+02
6.133599853515625000e+01
2.121280059814453125e+02
2.069499969482421875e+01
1.750600051879882812e+01
3.950999975204467773e+00
2.147400093078613281e+01
7.265899658203125000e+01
3.479000091552734375e+00
8.235399780273437500e+02
5.959299850463867188e+01
6.989799804687500000e+02
9.094439697265625000e+02
4.540320129394531250e+02
9.648300170898437500e+01
1.419600009918212891e+01
1.181460037231445312e+02
2.256900024414062500e+01
9.640999794006347656e+00
6.384199905395507812e+01
5.081999778747558594e+00
5.885000228881835938e+00
6.428999900817871094e+00
5.122000217437744141e+00
3.694800186157226562e+01
1.606399917602539062e+01
1.096899986267089844e+01
4.742200088500976562e+01
1.350590057373046875e+02
4.117120056152343750e+02
2.148000001907348633e+00
9.401799774169921875e+01
4.773259887695312500e+02
3.348500061035156250e+01
5.669520263671875000e+02
6.242639770507812500e+02
4.637200164794921875e+01
8.589840087890625000e+02
2.474389953613281250e+02
1.182269973754882812e+02
2.786900024414062500e+02
1.255300045013427734e+01
2.144239959716796875e+02
5.743999958038330078e+00
4.723340148925781250e+02
1.362239990234375000e+02
1.560900020599365234e+01
4.824999809265136719e+00
3.747560119628906250e+02
4.412009887695312500e+02
5.892699813842773438e+01
1.403589935302734375e+02
2.900000000000000000e+02
1.074359970092773438e+02
4.168330078125000000e+02
1.229800033569335938e+01
8.456500244140625000e+01
1.514160003662109375e+02
2.160670013427734375e+02
5.444800186157226562e+01
5.542599868774414062e+01
3.799599838256835938e+01
1.697500000000000000e+02
2.365559997558593750e+02
1.979599952697753906e+01
5.365900039672851562e+01
1.559420013427734375e+02
4.654600143432617188e+01
3.727799987792968750e+01
1.169690017700195312e+02
5.047030029296875000e+02
2.546000003814697266e+00
7.215000000000000000e+02
5.756799926757812500e+02
1.092599964141845703e+01
1.933639984130859375e+02
7.202000141143798828e+00
1.732870025634765625e+02
2.338899993896484375e+01
6.906389770507812500e+02
6.312659912109375000e+02
6.063000202178955078e+00
1.018649978637695312e+02
6.177999973297119141e+00
2.429250030517578125e+02
2.271390075683593750e+02
5.089799880981445312e+01
8.501999855041503906e+00
9.084200286865234375e+01
1.726419982910156250e+02
4.415989990234375000e+02
4.240299987792968750e+01
2.299000024795532227e+00
5.945869750976562500e+02
1.694300079345703125e+01
3.845999908447265625e+01
3.567539978027343750e+02
4.958890075683593750e+02
6.151000022888183594e+00
1.754510040283203125e+02
2.355400085449218750e+01
1.104530029296875000e+02
1.569799995422363281e+01
6.522899627685546875e+01
2.577599906921386719e+01
3.385800170898437500e+01
2.117300033569335938e+01
4.729199981689453125e+01
3.374590148925781250e+02
8.986000061035156250e+01
4.788970031738281250e+02
1.168038940429687500e+03
3.874509887695312500e+02
4.844599914550781250e+01
8.228010253906250000e+02
3.580099868774414062e+01
3.315000057220458984e+00
2.452400016784667969e+01
2.431500053405761719e+01
8.151999664306640625e+01
3.801979980468750000e+02
1.456889953613281250e+02
8.467000007629394531e+00
2.180269927978515625e+02
6.183000183105468750e+01
1.018700027465820312e+01
4.227799987792968750e+01
9.286299896240234375e+01
3.957609863281250000e+02
1.678150024414062500e+02
6.647200012207031250e+01
3.910599899291992188e+01
1.830090026855468750e+02
6.811299896240234375e+01
7.187899780273437500e+01
1.658760070800781250e+02
1.619599914550781250e+01
5.576000213623046875e+00
3.028899955749511719e+01
2.856200027465820312e+01
3.421000003814697266e+00
4.823300170898437500e+01
1.333029937744140625e+02
4.864199829101562500e+01
5.078160095214843750e+02
4.610130004882812500e+02
4.118799972534179688e+01
1.376500034332275391e+01
1.270059967041015625e+02
4.076100158691406250e+01
5.293399810791015625e+01
2.388899993896484375e+01
5.394000053405761719e+00
1.984420013427734375e+02
7.417600250244140625e+01
5.473000049591064453e+00
6.512089843750000000e+02
1.543099975585937500e+01
9.881999969482421875e+01
3.859049987792968750e+02
2.794499969482421875e+01
1.307940063476562500e+02
1.656999945640563965e+00
4.084070129394531250e+02
5.201000213623046875e+00
1.189520034790039062e+02
9.518699645996093750e+01
4.190050048828125000e+02
2.428999900817871094e+00
3.021839904785156250e+02
1.485000014305114746e+00
1.050599956512451172e+01
8.333999633789062500e+00
4.171999931335449219e+00
1.692200012207031250e+02
1.442800045013427734e+01
3.042999982833862305e+00
2.400760040283203125e+02
1.698999977111816406e+01
1.580030059814453125e+02
1.277040023803710938e+02
1.815030059814453125e+02
3.858999967575073242e+00
2.436459960937500000e+02
1.697400093078613281e+01
5.187200164794921875e+01
3.401399993896484375e+01
3.599010009765625000e+02
7.276100158691406250e+01
5.380150146484375000e+02
1.919099998474121094e+01
6.837999820709228516e+00
4.394259948730468750e+02
5.028999805450439453e+00
3.854330139160156250e+02
4.431000137329101562e+01
3.197430114746093750e+02
9.190000295639038086e-01
7.896999835968017578e+00
5.716099929809570312e+01
1.736779937744140625e+02
1.432429962158203125e+02
7.259300231933593750e+01
1.418609924316406250e+02
4.499000072479248047e+00
1.249000015258789062e+02
2.814819946289062500e+02
5.822000122070312500e+01
7.322600097656250000e+02
8.389199829101562500e+01
4.489490051269531250e+02
4.845600128173828125e+01
4.255000114440917969e+00
5.283040161132812500e+02
8.454000473022460938e+00
1.498700046539306641e+01
1.115660018920898438e+02
5.974999904632568359e+00
5.464509887695312500e+02
4.074800109863281250e+01
3.129800033569335938e+01
2.902899932861328125e+01
8.901100158691406250e+01
2.919429931640625000e+02
6.459000110626220703e+00
2.138199996948242188e+01
1.791000008583068848e+00
4.763999938964843750e+00
2.456900024414062500e+01
2.428999900817871094e+00
3.590209960937500000e+02
8.224400329589843750e+01
1.050800037384033203e+01
4.068999767303466797e+00
4.474399948120117188e+01
4.972789916992187500e+02
3.456000089645385742e+00
4.192990112304687500e+02
2.385199928283691406e+01
2.694140014648437500e+02
1.571599960327148438e+01
2.766109924316406250e+02
1.471230010986328125e+02
1.433399963378906250e+01
5.547999858856201172e+00
1.624369964599609375e+02
4.278999805450439453e+00
2.150449981689453125e+02
3.307439880371093750e+02
7.808200073242187500e+02
3.139500045776367188e+01
1.788299942016601562e+01
1.604800033569335938e+01
2.116300010681152344e+01
3.031399917602539062e+01
1.519270019531250000e+02
5.561999797821044922e+00
1.184430007934570312e+02
5.227199935913085938e+01
6.303499984741210938e+01
1.891000032424926758e+00
2.079299926757812500e+01
8.936699676513671875e+01
5.822000026702880859e+00
4.662789916992187500e+02
1.738260040283203125e+02
1.593400001525878906e+01
2.497999906539916992e+00
6.158700180053710938e+01
1.523860015869140625e+02
5.848999977111816406e+00
1.501609954833984375e+02
8.612899780273437500e+01
2.562800025939941406e+01
1.531230010986328125e+02
5.365900039672851562e+01
3.420000076293945312e-01
1.299199962615966797e+01
1.716690063476562500e+02
4.710000038146972656e+00
1.583529968261718750e+02
6.368000030517578125e+01
6.388299942016601562e+01
1.773399925231933594e+01
2.090180053710937500e+02
3.459000110626220703e+00
1.384399986267089844e+01
1.187409973144531250e+02
5.539290161132812500e+02
9.420999526977539062e+00
3.078400039672851562e+01
9.000099945068359375e+01
2.383999938964843750e+02
6.880980224609375000e+02
6.098000049591064453e+00
2.884909973144531250e+02
3.496000051498413086e+00
6.285300064086914062e+01
6.815000057220458984e+00
8.009600067138671875e+01
7.780100250244140625e+01
1.529899978637695312e+01
2.504599952697753906e+01
8.362599945068359375e+01
6.517600250244140625e+01
2.797200012207031250e+02
4.300719909667968750e+02
2.694499969482421875e+01
1.095579986572265625e+02
2.252259979248046875e+02
2.337550048828125000e+02
4.238999843597412109e+00
8.255000114440917969e+00
2.955350036621093750e+02
1.702000021934509277e+00
1.786170043945312500e+02
2.570950012207031250e+02
1.738049926757812500e+02
3.952799987792968750e+02
1.639000058174133301e+00
6.287599945068359375e+01
5.447839965820312500e+02
3.879199981689453125e+01
2.405410003662109375e+02
3.546599960327148438e+01
2.648200035095214844e+01
4.280050048828125000e+02
1.030399990081787109e+01
2.523580017089843750e+02
4.523640136718750000e+02
8.899999618530273438e+00
4.131369934082031250e+02
1.248109970092773438e+02
1.468500041961669922e+01
1.109710006713867188e+02
7.596000194549560547e+00
4.180599975585937500e+01
3.976040039062500000e+02
2.458950042724609375e+02
9.596589965820312500e+02
5.926200103759765625e+01
9.616999626159667969e+00
4.577000141143798828e+00
1.898699951171875000e+01
3.551390075683593750e+02
1.527999997138977051e+00
6.781199645996093750e+01
2.065099906921386719e+01
1.831799926757812500e+02
1.005800018310546875e+02
3.030000030994415283e-01
4.641500091552734375e+01
9.661999702453613281e+00
1.893300018310546875e+02
4.806499862670898438e+01
2.593499946594238281e+01
9.298799896240234375e+01
1.148999977111816406e+01
3.703000068664550781e+00
1.023410034179687500e+02
1.806170043945312500e+02
3.336999893188476562e+00
1.285200023651123047e+01
1.179359970092773438e+02
6.956539916992187500e+02
3.212439880371093750e+02
8.975000000000000000e+01
2.232039947509765625e+02
6.282000064849853516e+00
1.467299957275390625e+02
4.394100189208984375e+01
4.409999847412109375e+00
2.290600013732910156e+01
1.576320037841796875e+02
2.537700080871582031e+01
1.441399955749511719e+01
1.351580047607421875e+02
1.489810028076171875e+02
8.477300262451171875e+01
2.239400024414062500e+02
7.695300292968750000e+01
6.591600036621093750e+01
2.822500038146972656e+01
2.517420043945312500e+02
6.480899810791015625e+01
1.168099975585937500e+01
2.669880065917968750e+02
2.935350036621093750e+02
3.828659973144531250e+02
1.785180053710937500e+02
7.453999996185302734e+00
8.966699981689453125e+01
2.866799926757812500e+01
1.632399940490722656e+01
1.866009979248046875e+02
5.232400131225585938e+01
3.604899978637695312e+01
1.650300025939941406e+01
9.318099975585937500e+01
1.830400085449218750e+01
2.596400070190429688e+01
3.645899963378906250e+01
1.501479949951171875e+02
4.280000000000000000e+02
2.421000003814697266e+00
1.871899986267089844e+01
1.889640045166015625e+02
4.655000209808349609e+00
4.061069946289062500e+02
3.644999980926513672e+00
1.382920074462890625e+02
3.851000070571899414e+00
1.003259963989257812e+02
3.072049865722656250e+02
2.225769958496093750e+02
2.159250030517578125e+02
7.285800170898437500e+01
5.203799819946289062e+01
2.943899917602539062e+01
3.045419921875000000e+02
5.910900115966796875e+01
1.437989959716796875e+02
6.987999916076660156e+00
7.500689697265625000e+02
4.361700057983398438e+01
3.704600143432617188e+01
7.655200195312500000e+01
1.780910034179687500e+02
2.037899971008300781e+01
2.062729949951171875e+02
1.357400035858154297e+01
1.745999908447265625e+01
1.982900047302246094e+01
1.822310028076171875e+02
1.695000076293945312e+01
1.078299999237060547e+01
2.364699935913085938e+01
1.159000015258789062e+01
9.823500061035156250e+01
3.112030029296875000e+02
6.217999877929687500e+02
8.937000274658203125e+00
1.002200031280517578e+01
1.716699981689453125e+01
2.028990020751953125e+02
3.592000007629394531e+00
5.156000137329101562e+00
2.371589965820312500e+02
2.708300018310546875e+01
9.667800140380859375e+01
4.416999816894531250e+00
7.021999835968017578e+00
5.241699981689453125e+01
7.315999984741210938e+00
2.929609985351562500e+02
2.298529968261718750e+02
1.053299999237060547e+01
1.498119964599609375e+02
6.144900131225585938e+01
3.328640136718750000e+02
9.617400360107421875e+01
3.529000043869018555e+00
5.368000030517578125e+00
3.537449951171875000e+02
8.309999847412109375e+01
3.452299880981445312e+01
1.492200012207031250e+02
3.195969848632812500e+02
6.008709716796875000e+02
3.526000022888183594e+00
6.527100372314453125e+01
2.436700057983398438e+01
7.088400268554687500e+01
9.029999971389770508e-01
4.065999984741210938e+00
2.059900093078613281e+01
3.098800086975097656e+01
1.213170013427734375e+02
7.297999858856201172e+00
9.374290161132812500e+02
1.533320007324218750e+02
6.155969848632812500e+02
1.525460052490234375e+02
3.648120117187500000e+02
2.137330017089843750e+02
4.583700180053710938e+01
7.586999893188476562e+00
4.645299911499023438e+01
2.818169860839843750e+02
7.539299774169921875e+01
1.220400047302246094e+01
7.296299743652343750e+01
1.831999969482421875e+01
1.532999992370605469e+00
3.134999990463256836e+00
2.621470031738281250e+02
5.029639892578125000e+02
1.011400032043457031e+01
2.750260009765625000e+02
2.348999977111816406e+01
1.292999982833862305e+00
1.217599964141845703e+01
1.458699989318847656e+01
1.386900043487548828e+01
9.420980224609375000e+02
1.521700000762939453e+01
5.774000167846679688e+00
1.663899993896484375e+01
1.456599998474121094e+01
2.682869873046875000e+02
1.952469940185546875e+02
2.224960021972656250e+02
2.889800109863281250e+02
1.245270004272460938e+02
7.753220214843750000e+02
9.670000076293945312e-01
6.583999633789062500e+01
8.098899841308593750e+01
5.829060058593750000e+02
8.032680053710937500e+02
5.544400024414062500e+01
1.434429931640625000e+02
2.455169982910156250e+02
7.752800292968750000e+02
2.939299964904785156e+01
4.620090026855468750e+02
4.461400146484375000e+02
7.070000171661376953e+00
1.301820068359375000e+02
1.297700023651123047e+01
1.266770019531250000e+02
2.539219970703125000e+02
1.846500015258789062e+01
3.154779968261718750e+02
1.830900001525878906e+01
6.083000183105468750e+00
3.111400032043457031e+01
4.540999889373779297e+00
2.789760131835937500e+02
3.092000007629394531e+00
5.955670166015625000e+02
3.004230041503906250e+02
1.867499923706054688e+01
8.349099731445312500e+01
1.230799961090087891e+01
5.157440185546875000e+02
3.809999942779541016e+00
7.057000160217285156e+00
3.329049987792968750e+02
1.780999946594238281e+01
3.315000057220458984e+00
3.694999933242797852e+00
4.209000015258789062e+01
4.898739929199218750e+02
4.891099929809570312e+01
2.409300041198730469e+01
1.896599960327148438e+01
1.494600009918212891e+01
5.748199844360351562e+01
8.767000198364257812e+00
2.253899993896484375e+02
2.928169860839843750e+02
7.438000202178955078e+00
5.545040283203125000e+02
2.439929962158203125e+02
7.836900329589843750e+01
6.024550170898437500e+02
5.329689941406250000e+02
1.455000019073486328e+01
2.068390045166015625e+02
4.028930053710937500e+02
7.916610107421875000e+02
7.673999786376953125e+00
7.666999816894531250e+00
1.048200035095214844e+01
7.631999969482421875e+01
1.484120025634765625e+02
3.508150024414062500e+02
2.501289978027343750e+02
5.669999718666076660e-01
4.627999782562255859e+00
9.387500000000000000e+01
2.157019958496093750e+02
1.940989990234375000e+02
3.300199890136718750e+01
1.168400001525878906e+01
9.050000190734863281e+00
1.685839996337890625e+02
4.135809936523437500e+02
2.540619964599609375e+02
2.784000015258789062e+01
2.498800086975097656e+01
1.138460006713867188e+02
3.653400039672851562e+01
5.096799926757812500e+02
8.214399719238281250e+01
5.338519897460937500e+02
3.533460083007812500e+02
7.986000061035156250e+00
7.477050170898437500e+02
2.808799934387207031e+01
5.050249938964843750e+02
1.637199974060058594e+01
2.347510070800781250e+02
6.865209960937500000e+02
4.694200134277343750e+02
2.664000034332275391e+00
9.694400024414062500e+01
1.493999958038330078e+01
3.098000049591064453e+00
2.748299980163574219e+01
7.562599945068359375e+01
5.572299957275390625e+01
9.270800018310546875e+01
4.735369873046875000e+02
2.262000083923339844e+00
2.727999925613403320e+00
1.192180023193359375e+02
7.991000175476074219e+00
1.954689941406250000e+02
1.911000061035156250e+01
5.063600158691406250e+01
4.987990112304687500e+02
9.574400329589843750e+01
2.905159912109375000e+02
8.750700073242187500e+02
2.054440002441406250e+02
3.560599899291992188e+01
4.443999767303466797e+00
1.231599998474121094e+01
7.454119873046875000e+02
2.178119964599609375e+02
3.110849914550781250e+02
4.952899932861328125e+01
2.296999931335449219e+00
4.130899810791015625e+01
4.022909851074218750e+02
8.081810302734375000e+02
5.289000034332275391e+00
1.128889999389648438e+02
2.308890075683593750e+02
7.888999938964843750e+00
4.412040100097656250e+02
3.987909851074218750e+02
4.526000022888183594e+00
1.750300025939941406e+01
3.341910095214843750e+02
4.848000049591064453e+00
4.090169982910156250e+02
1.567999958992004395e+00
2.226759948730468750e+02
3.715900039672851562e+01
2.497999954223632812e+01
3.301600036621093750e+02
2.436499977111816406e+01
2.726099967956542969e+01
1.826340026855468750e+02
1.639000058174133301e+00
3.286299896240234375e+01
1.926000061035156250e+02
2.329899978637695312e+01
4.982999801635742188e+00
1.528569946289062500e+02
1.292899990081787109e+01
8.006600189208984375e+01
6.145999908447265625e+00
3.225999832153320312e+01
6.190000176429748535e-01
6.159299850463867188e+01
8.038000106811523438e+00
3.109899902343750000e+02
1.230300045013427734e+01
4.077130126953125000e+02
3.256040039062500000e+02
6.999000072479248047e+00
1.962000012397766113e+00
8.740620117187500000e+02
4.949800109863281250e+01
2.904000091552734375e+01
5.506000041961669922e+00
5.242219848632812500e+02
3.007869873046875000e+02
1.270380020141601562e+02
1.538280029296875000e+02
2.945119934082031250e+02
2.590320129394531250e+02
8.320000171661376953e-01
2.411750030517578125e+02
9.901000022888183594e+00
8.180699920654296875e+01
1.815500068664550781e+01
1.562409973144531250e+02
4.638000011444091797e+00
1.973000049591064453e+00
4.137000083923339844e+00
2.465269927978515625e+02
7.254000186920166016e+00
8.017000198364257812e+00
3.276999950408935547e+00
4.040780029296875000e+02
9.054229736328125000e+02
2.336739959716796875e+02
1.067800045013427734e+01
4.216400146484375000e+01
5.504000091552734375e+01
5.781299972534179688e+01
4.153880004882812500e+02
1.717519989013671875e+02
1.041790008544921875e+02
2.948100090026855469e+01
1.620400047302246094e+01
6.397399902343750000e+01
2.240709991455078125e+02
4.414020080566406250e+02
9.205999755859375000e+01
3.023600006103515625e+01
1.820610046386718750e+02
7.460000038146972656e+00
4.331300048828125000e+02
3.682749938964843750e+02
1.420199966430664062e+01
7.911799621582031250e+01
4.302500152587890625e+01
2.871999979019165039e+00
1.473600006103515625e+01
1.489570007324218750e+02
3.598999977111816406e+00
3.781159973144531250e+02
6.160499954223632812e+01
3.683100128173828125e+01
7.274000167846679688e+00
1.093649978637695312e+02
5.430799865722656250e+01
2.394999980926513672e+00
5.125059814453125000e+02
6.690000295639038086e-01
8.318129882812500000e+02
1.663400077819824219e+01
2.852599906921386719e+01
1.647169952392578125e+02
7.388000011444091797e+00
8.204000473022460938e+00
1.359399986267089844e+01
9.131999969482421875e+00
3.184600067138671875e+01
1.968899993896484375e+02
1.335529937744140625e+02
4.855999946594238281e+00
5.495869750976562500e+02
6.555330200195312500e+02
2.330480041503906250e+02
3.052669982910156250e+02
1.557310028076171875e+02
2.120000076293945312e+01
1.603000044822692871e+00
2.271499938964843750e+02
2.655499877929687500e+02
2.565000057220458984e+00
7.522069702148437500e+02
2.197790069580078125e+02
2.420870056152343750e+02
5.127000045776367188e+01
1.690800094604492188e+01
1.492399978637695312e+01
1.886499977111816406e+01
4.161520080566406250e+02
2.120939941406250000e+02
7.813000202178955078e+00
9.736499786376953125e+01
1.813800048828125000e+01
1.642700042724609375e+02
6.114199829101562500e+01
2.319999933242797852e-01
1.388560028076171875e+02
2.323540039062500000e+02
2.030699920654296875e+01
3.288559875488281250e+02
6.830400085449218750e+01
1.852230072021484375e+02
1.160099983215332031e+01
5.849999785423278809e-01
6.973999977111816406e+00
2.860379943847656250e+02
1.602039947509765625e+02
8.098999977111816406e+00
1.504270019531250000e+02
1.063130035400390625e+02
3.017109985351562500e+02
1.890583007812500000e+03
1.190970001220703125e+02
3.579190063476562500e+02
1.751000022888183594e+01
3.821000099182128906e+00
1.800000000000000000e+02
7.177479858398437500e+02
2.195621093750000000e+03
9.987400054931640625e+01
9.039999842643737793e-01
2.177519989013671875e+02
1.631139984130859375e+02
5.122299804687500000e+02
1.440064941406250000e+03
1.916300010681152344e+01
6.271500015258789062e+01
1.440256958007812500e+03
1.050950012207031250e+02
4.795820007324218750e+02
1.358589935302734375e+02
4.557199859619140625e+01
7.701000213623046875e+00
3.428049926757812500e+02
6.646220092773437500e+02
4.122749938964843750e+02
8.677000045776367188e+00
4.376849975585937500e+02
2.155679931640625000e+02
4.260499954223632812e+01
7.098000049591064453e+00
2.598800086975097656e+01
5.663899993896484375e+01
6.708300018310546875e+01
2.143390045166015625e+02
1.793600082397460938e+01
2.190999984741210938e+00
7.829999923706054688e+00
4.933800125122070312e+01
2.842999935150146484e+00
8.065499877929687500e+01
8.326000213623046875e+00
3.526000022888183594e+00
6.371389770507812500e+02
2.029000043869018555e+00
8.633999824523925781e+00
5.539999961853027344e+00
3.417479858398437500e+02
6.111299896240234375e+01
6.651000022888183594e+00
2.833200073242187500e+01
9.664800262451171875e+01
4.728000164031982422e+00
1.285299968719482422e+01
2.209649963378906250e+02
3.910000026226043701e-01
3.647000074386596680e+00
2.197140045166015625e+02
1.158500003814697266e+01
2.522200012207031250e+02
6.757499694824218750e+01
4.752120056152343750e+02
4.685699844360351562e+01
1.839649963378906250e+02
1.457359924316406250e+02
1.569600067138671875e+02
4.242399902343750000e+02
8.853519897460937500e+02
5.132799911499023438e+01
4.719300079345703125e+01
3.020599975585937500e+02
1.150000000000000000e+01
2.751000022888183594e+01
2.234999895095825195e+00
7.682000160217285156e+00
1.918130035400390625e+02
2.025200080871582031e+01
2.324049987792968750e+02
8.909999847412109375e+00
1.101770019531250000e+02
3.866919860839843750e+02
4.806999969482421875e+01
1.631000041961669922e+00
2.467259979248046875e+02
1.194869995117187500e+02
5.237949829101562500e+02
6.709000110626220703e+00
2.525399971008300781e+01
1.349579925537109375e+02
3.393399810791015625e+01
7.768900299072265625e+01
1.471000061035156250e+02
2.832000017166137695e+00
2.142099952697753906e+01
5.236389770507812500e+02
8.331209716796875000e+02
1.799730072021484375e+02
2.736199951171875000e+01
4.039999961853027344e+00
6.380659790039062500e+02
6.756199645996093750e+01
9.855899810791015625e+01
6.210000038146972656e+00
1.411000013351440430e+00
4.097299957275390625e+01
8.423000335693359375e+00
3.856239929199218750e+02
1.046546997070312500e+03
2.503300018310546875e+02
4.428999900817871094e+00
1.616099929809570312e+01
1.643280029296875000e+02
1.365989990234375000e+02
2.984700012207031250e+01
1.921589965820312500e+02
6.692999839782714844e+00
1.812999916076660156e+01
3.551399993896484375e+01
2.318799972534179688e+01
1.733220062255859375e+02
5.984669799804687500e+02
1.164500045776367188e+01
1.746779937744140625e+02
1.058600044250488281e+01
4.424779968261718750e+02
4.537529907226562500e+02
7.257520141601562500e+02
3.611799926757812500e+02
1.684259948730468750e+02
1.421399974822998047e+01
1.311100006103515625e+01
4.453400039672851562e+01
1.790699958801269531e+01
2.331260070800781250e+02
9.507739868164062500e+02
2.838970031738281250e+02
1.149300003051757812e+01
3.014900016784667969e+01
9.697849731445312500e+02
6.425000000000000000e+01
1.766699981689453125e+01
1.246100044250488281e+01
1.756500053405761719e+01
1.259039993286132812e+02
2.843700027465820312e+01
1.338000059127807617e+00
2.976300048828125000e+01
5.703699951171875000e+02
8.961999893188476562e+00
5.092200088500976562e+01
