4.063951e+06
1.026400e+01
4.508335e+06
5.302495e+06
2.044000e+01
1.788146e+07
2.112470e+02
1.857225e+05
8.213142e+06
2.743925e+06
7.372631e+06
4.416530e+06
5.775976e+07
3.960206e+07
3.497110e+06
5.221684e+06
1.140435e+07
6.355865e+06
1.332078e+03
1.077403e+07
4.347800e+01
1.364080e+02
3.022652e+06
1.818508e+07
8.368000e+00
1.143949e+03
6.500846e+07
2.313807e+06
3.456800e+01
1.011160e+07
7.191191e+06
1.944705e+07
7.982329e+06
1.274363e+07
3.453778e+07
1.944140e+02
5.674523e+06
5.614360e+02
5.091012e+06
5.397997e+04
1.560900e+01
2.303400e+01
5.602393e+06
1.738852e+05
3.323093e+06
2.174021e+06
1.737015e+07
7.317396e+06
5.316291e+07
1.352368e+06
1.190616e+07
5.999859e+06
8.205589e+06
1.152466e+07
6.003414e+06
1.633414e+05
6.992324e+06
2.688663e+07
2.174630e+02
2.263976e+06
6.209215e+06
4.399852e+07
3.085175e+06
4.108709e+06
1.500873e+07
4.166000e+00
1.474889e+05
1.103692e+07
1.784362e+06
4.824909e+05
1.713904e+07
1.330572e+07
7.450310e+06
1.722740e+02
2.101855e+07
3.384358e+07
3.637933e+06
1.762056e+07
8.193208e+06
3.807937e+07
2.867950e+02
6.192008e+05
3.621727e+06
2.827400e+01
8.062228e+06
9.065000e+00
1.360188e+07
4.994403e+06
7.822067e+06
3.538000e+00
3.542200e+01
2.265356e+05
2.462419e+07
1.768413e+07
1.226974e+07
5.761900e+01
2.563120e+06
5.598200e+01
7.121728e+06
9.069548e+05
6.147647e+05
2.457285e+07
9.852380e+06
4.543006e+05
4.411052e+06
1.984616e+07
2.766400e+01
3.744479e+07
2.972401e+07
8.802296e+06
9.153446e+06
4.616734e+06
1.040150e+07
1.692928e+07
1.970402e+07
3.600332e+06
1.031090e+06
1.773089e+07
1.990344e+07
2.066153e+07
1.575275e+06
1.038601e+07
1.272123e+07
4.790000e+00
1.055110e+02
6.358473e+06
1.266150e+07
1.037504e+06
5.263322e+06
1.929933e+06
1.551333e+07
4.131807e+05
1.768900e+01
5.310225e+06
1.838665e+07
4.515442e+06
4.635660e+02
5.824225e+06
1.897182e+07
7.405878e+06
7.629892e+06
6.267115e+05
2.127642e+07
3.947643e+06
1.757554e+07
1.287515e+06
1.534300e+01
2.168796e+07
9.800426e+06
6.742641e+06
1.040930e+02
7.574451e+06
1.655901e+07
1.559005e+04
7.085310e+02
4.831047e+06
2.460195e+07
1.085076e+06
1.557131e+07
8.224929e+06
6.827995e+06
2.281521e+07
2.034380e+02
3.209739e+07
7.926923e+06
1.568914e+07
5.305544e+05
1.727129e+07
1.698814e+06
1.915881e+07
3.709563e+05
3.707968e+05
5.419766e+06
2.896752e+07
1.737189e+06
2.228447e+06
2.387206e+07
3.761090e+05
5.907148e+06
2.412698e+06
1.697459e+07
3.734100e+01
5.231796e+06
9.527000e+00
3.020459e+07
1.624991e+07
3.456850e+02
3.230017e+07
3.082383e+07
8.959000e+00
3.917707e+07
9.343069e+06
8.076177e+05
2.483048e+06
4.504034e+06
8.898336e+06
3.067045e+07
4.259614e+07
4.509511e+06
5.870079e+05
1.513453e+07
4.870038e+06
7.628528e+06
8.348475e+06
5.418000e+00
2.297285e+07
2.523506e+07
1.891206e+07
7.624000e+00
4.131461e+06
1.084236e+07
4.643525e+06
9.878436e+05
1.695972e+06
3.930045e+06
4.982144e+05
1.069790e+02
1.799418e+06
5.188256e+06
2.544750e+07
7.889621e+04
3.035384e+06
2.324753e+05
6.642909e+06
4.643879e+06
5.345430e+05
6.317976e+06
5.623403e+06
1.879105e+07
2.072069e+05
7.631806e+06
9.590000e+00
1.068853e+07
6.081967e+06
5.600334e+06
4.555084e+06
7.873199e+06
9.411251e+05
4.059154e+06
5.615410e+02
2.327408e+07
9.371608e+06
1.090409e+07
4.057147e+07
1.523870e+06
3.030900e+01
1.822604e+07
1.383612e+07
9.684797e+06
1.293967e+07
2.565800e+01
4.838900e+01
2.311097e+06
1.763543e+06
1.682556e+07
3.058580e+02
1.006399e+07
2.493395e+06
1.710449e+06
2.811928e+06
3.008404e+06
3.448000e+00
6.391125e+07
2.541925e+06
3.025857e+07
1.433314e+06
2.862540e+02
9.682000e+01
5.079375e+06
1.742300e+01
1.659155e+05
3.156380e+07
1.196246e+07
4.885073e+06
4.132970e+02
7.242421e+06
1.782863e+07
5.380201e+06
4.665100e+01
6.919651e+05
1.146337e+07
6.831655e+06
1.892070e+07
4.040408e+05
1.268530e+03
2.169885e+06
1.869200e+01
6.066009e+05
1.261932e+07
6.664711e+06
4.591322e+06
1.468631e+07
8.043400e+01
2.982276e+06
8.363342e+06
2.103851e+07
2.142787e+07
1.337290e+02
2.698854e+06
4.584117e+06
1.361134e+07
2.730450e+06
7.301567e+06
1.028018e+07
8.006540e+05
3.499999e+06
2.979000e+00
1.313182e+06
1.185200e+01
2.277103e+07
6.853190e+06
3.079334e+06
1.347645e+07
4.126421e+06
7.923644e+06
1.092017e+07
8.046715e+06
5.735974e+06
1.684039e+07
3.303674e+05
1.003012e+07
3.230742e+07
8.900641e+06
2.771089e+05
6.775332e+06
2.055637e+05
3.913979e+06
2.319235e+07
6.316600e+01
2.521986e+06
1.646156e+06
3.630635e+05
1.193525e+06
3.381306e+05
9.594371e+06
1.386802e+07
1.933808e+07
4.502390e+06
5.191926e+06
2.632919e+07
6.550133e+06
6.944295e+04
6.195820e+07
1.165067e+07
7.617533e+05
3.459553e+05
5.328354e+06
1.079200e+01
6.610667e+06
2.672687e+05
5.698428e+05
4.895970e+06
8.551220e+06
3.154920e+02
1.757509e+07
5.085000e+00
1.669678e+07
1.789713e+07
4.695705e+06
2.166108e+07
1.263053e+06
1.702652e+06
7.404644e+05
1.365633e+07
9.420000e+00
6.374821e+06
1.707433e+07
7.030763e+06
2.696710e+07
1.473957e+07
1.089856e+06
2.081387e+05
1.194776e+07
8.637199e+06
9.494600e+01
7.302613e+05
2.469165e+07
4.591268e+06
1.132066e+07
1.318038e+07
6.711570e+06
1.005528e+07
2.081199e+07
4.700210e+06
3.939485e+06
4.519630e+02
9.546243e+05
1.023871e+06
4.638932e+06
1.012570e+02
1.562691e+06
3.478038e+06
1.608750e+02
8.793483e+05
1.474292e+07
1.394441e+07
4.485795e+06
1.865690e+06
1.177808e+07
1.737978e+06
5.732214e+06
2.773650e+05
3.958751e+07
3.139633e+07
9.338334e+06
1.510412e+07
8.264118e+06
2.708490e+06
1.193598e+06
6.056000e+00
9.464969e+06
2.553853e+06
1.128598e+06
5.956583e+06
7.307439e+06
2.055923e+07
1.973278e+06
1.619531e+06
4.080939e+06
1.548584e+07
2.236914e+07
4.398151e+06
8.392922e+06
1.006993e+07
2.329045e+06
2.313059e+06
2.010273e+07
9.561705e+06
8.559572e+06
3.736642e+06
8.333729e+06
3.782600e+01
3.506502e+06
1.916780e+07
1.390845e+06
1.250971e+07
2.136755e+07
3.161808e+07
4.594128e+06
3.873094e+06
4.246485e+06
1.298330e+07
3.109524e+07
8.537455e+06
3.601817e+06
4.385000e+00
3.018595e+07
1.485446e+07
4.881659e+06
1.880900e+07
2.782569e+07
5.749150e+02
2.332814e+06
2.973535e+07
2.082949e+06
1.359569e+07
2.610156e+06
1.490426e+07
8.358535e+06
6.605765e+06
6.318357e+06
1.955500e+01
5.184800e+01
7.295893e+06
1.051639e+06
1.716828e+07
6.574632e+06
1.571890e+05
1.412207e+06
6.903297e+06
7.492125e+06
2.833100e+01
4.852338e+06
6.365812e+06
8.997851e+06
2.227606e+07
1.339504e+07
4.780224e+06
2.097342e+06
1.201996e+07
8.509000e+00
7.642959e+06
2.147274e+06
6.040790e+02
6.591052e+06
9.841980e+05
1.670464e+07
2.551231e+05
5.744131e+05
1.374619e+07
5.431079e+06
1.081777e+07
3.404823e+07
3.587900e+01
2.894400e+02
2.349409e+06
3.442721e+06
4.473700e+01
9.307590e+06
1.491794e+07
1.148154e+06
2.727500e+01
1.451151e+07
3.906094e+05
1.162477e+07
1.662608e+07
3.739857e+07
3.197395e+07
4.542026e+06
5.827462e+06
1.074210e+07
1.395750e+07
9.166686e+06
2.071300e+01
8.543385e+05
1.209989e+07
6.434173e+06
6.441000e+00
2.450790e+02
1.984251e+07
1.246810e+02
1.775500e+01
1.011982e+07
8.273028e+06
5.486998e+04
6.137015e+06
2.129678e+06
1.669488e+06
5.702120e+02
3.985919e+07
1.057486e+07
1.876226e+06
5.494469e+06
1.720303e+07
7.665651e+06
3.620816e+06
3.926063e+07
6.337160e+06
1.273922e+06
9.677911e+06
4.054020e+06
3.844445e+06
2.091140e+06
4.939240e+02
2.540563e+05
1.112649e+07
2.797179e+06
2.720529e+06
3.850035e+07
1.155970e+02
7.892669e+06
5.939405e+06
3.193828e+06
3.192898e+06
1.949136e+07
1.128440e+07
9.993060e+06
9.124373e+05
1.423647e+06
3.248973e+06
1.774033e+07
1.295137e+07
1.187199e+07
7.964632e+06
4.982030e+05
3.817093e+06
2.202942e+06
2.132617e+06
8.204450e+06
1.222183e+07
1.222475e+07
1.376469e+07
8.542439e+06
1.277386e+07
2.180407e+06
5.251385e+05
6.427165e+05
3.059428e+07
3.272421e+06
1.957896e+07
1.621900e+01
3.565893e+06
4.936292e+05
1.215600e+06
2.921866e+06
2.935884e+07
3.858587e+06
2.652687e+07
4.118097e+06
1.567018e+05
1.596018e+07
3.671179e+06
4.534681e+06
2.827603e+07
1.810196e+06
2.741636e+06
3.292960e+02
1.913087e+07
1.201038e+06
4.044776e+06
8.944595e+06
2.895616e+07
6.166784e+06
1.149538e+06
6.268189e+06
8.038033e+06
1.040095e+07
3.620984e+05
9.671401e+06
1.002000e+01
1.463220e+02
1.070613e+07
6.411558e+04
8.724175e+06
4.295905e+06
2.416153e+06
7.202989e+06
7.055750e+02
2.006358e+06
1.121738e+07
5.483099e+06
1.794440e+02
1.070337e+06
2.132481e+06
6.190747e+05
8.123977e+06
1.313516e+07
4.503658e+06
2.146380e+06
1.406923e+07
6.015563e+06
1.563037e+07
1.286350e+02
1.373918e+07
6.603535e+06
6.078000e+00
1.558912e+07
1.217440e+02
2.124714e+07
3.531326e+06
1.744903e+06
9.429175e+06
5.021700e+01
1.029144e+07
4.536100e+01
8.125632e+06
6.302110e+02
1.228710e+07
9.244862e+06
6.937080e+04
7.747770e+02
3.700633e+06
2.128128e+06
2.990326e+06
9.114100e+01
1.269500e+07
5.729335e+06
4.645475e+07
1.418105e+06
1.713737e+07
3.777457e+06
5.835256e+06
1.175306e+07
3.301614e+06
1.223322e+06
1.326260e+02
4.243797e+06
1.674500e+01
5.353506e+06
5.135974e+06
1.622109e+07
1.120190e+07
1.914171e+07
9.078221e+06
5.886753e+06
6.433625e+06
4.279564e+06
3.709140e+02
1.770226e+07
1.579412e+07
2.265922e+07
5.524112e+06
6.505213e+06
5.528432e+06
6.052630e+06
5.033667e+06
3.757060e+06
4.049740e+06
6.366980e+02
1.327533e+07
1.445906e+07
5.550648e+05
5.001956e+06
1.961990e+02
4.267435e+06
2.118759e+07
9.193200e+01
9.984381e+06
2.529500e+01
2.620024e+06
5.459151e+06
6.620000e+00
7.544950e+06
4.307600e+01
5.573412e+06
5.209189e+06
1.163784e+07
1.347234e+07
9.535815e+06
1.559834e+07
6.615800e+01
3.987368e+05
6.298100e+01
8.046619e+06
1.411022e+07
6.093000e+00
1.646250e+06
3.053292e+06
2.883035e+05
3.683473e+07
3.228097e+07
1.362800e+01
3.111660e+06
1.516481e+07
4.085522e+07
1.823679e+07
3.402500e+01
7.349411e+06
3.424331e+06
7.587204e+06
2.160698e+06
2.435812e+06
1.937906e+06
6.696439e+06
3.420861e+06
2.906520e+02
1.120332e+07
1.114031e+07
5.799114e+06
8.890340e+06
2.513990e+02
7.490219e+05
5.832870e+02
3.815220e+06
1.144252e+07
3.345961e+06
4.692893e+06
2.422767e+07
6.500155e+06
1.945707e+07
4.836773e+06
1.764770e+07
2.676077e+07
6.694151e+06
1.257220e+02
9.324591e+06
7.361800e+01
2.272551e+05
1.552580e+07
3.767982e+06
2.798881e+05
2.664923e+06
8.513908e+06
3.471973e+05
8.426417e+05
6.025000e+00
1.432936e+07
8.587377e+06
2.695923e+07
4.127100e+01
3.275020e+07
6.370498e+06
1.591826e+07
2.076984e+07
7.917228e+06
1.114296e+04
2.277904e+07
8.808153e+04
1.352856e+07
1.873975e+06
1.595906e+07
5.861157e+06
5.946200e+01
2.543618e+05
2.696383e+07
4.460749e+06
3.311970e+07
3.768030e+06
6.272114e+05
6.925678e+05
8.847007e+06
1.955616e+06
5.726643e+06
1.637626e+07
4.381000e+01
4.207640e+06
1.060962e+06
3.847964e+06
4.145654e+07
1.628078e+07
5.753113e+06
1.093900e+01
1.346400e+01
1.338456e+06
2.934402e+06
6.811672e+06
2.373220e+02
3.487752e+06
3.522244e+07
7.457057e+06
2.198300e+01
2.709800e+02
1.534401e+06
1.874656e+06
4.772209e+07
6.577020e+06
6.930566e+06
2.927554e+06
7.064415e+06
1.000230e+06
1.660155e+07
2.018619e+07
9.390173e+04
2.088258e+07
3.110037e+06
8.763200e+01
5.010090e+06
5.403800e+01
1.077145e+07
2.929654e+06
2.054771e+07
2.315165e+07
1.554576e+07
1.040775e+07
1.235200e+07
3.362633e+06
2.244696e+06
3.446070e+02
1.880683e+07
1.234917e+07
3.549394e+06
7.046633e+06
2.599644e+06
1.490760e+07
1.880897e+06
1.011754e+03
1.225689e+07
4.804637e+06
4.267650e+02
1.678986e+06
7.756691e+06
5.640047e+07
9.673407e+06
8.260661e+06
1.430143e+06
1.734288e+07
4.978901e+06
2.015805e+07
1.135800e+01
2.289423e+07
3.308441e+07
3.111948e+07
3.261100e+01
1.285400e+01
1.021884e+07
1.392391e+07
9.596053e+05
2.688725e+06
6.078184e+06
1.176830e+02
1.406185e+07
3.005272e+06
2.442153e+07
9.854985e+06
8.038585e+06
1.847434e+07
1.863070e+07
9.592929e+06
3.870639e+06
4.422345e+05
6.860177e+05
2.337777e+06
1.021800e+01
4.472653e+06
4.195545e+06
5.479459e+05
4.304922e+07
1.068959e+07
3.298330e+07
1.069852e+07
1.250780e+02
1.795936e+07
3.804483e+07
1.161501e+07
6.072954e+06
2.189429e+07
3.207700e+01
3.216710e+02
8.354333e+06
1.458770e+02
6.625543e+06
1.072117e+06
3.162612e+06
5.287551e+06
9.704681e+06
2.385239e+07
3.008563e+06
6.010637e+06
9.412800e+01
1.039700e+01
1.552940e+02
5.657200e+01
5.781100e+01
3.804575e+06
2.148308e+07
3.465970e+02
6.809043e+06
1.591514e+07
1.248007e+07
2.382716e+07
1.980950e+06
8.185421e+06
3.028858e+06
2.694953e+07
2.830135e+07
9.439585e+04
6.200000e+00
7.851007e+06
2.685670e+02
6.910780e+05
7.417754e+06
1.957343e+03
4.385382e+07
1.507112e+07
1.882271e+07
8.163130e+06
3.091935e+06
8.180870e+06
1.706935e+07
9.607408e+05
2.395514e+07
1.504920e+02
3.538061e+06
1.036201e+07
1.044503e+06
5.890002e+06
1.807307e+06
1.090709e+07
4.938000e+00
1.515562e+07
6.156740e+06
6.436870e+02
2.513169e+07
6.982433e+05
1.786936e+07
1.730769e+06
4.388926e+04
3.756655e+06
6.184790e+02
2.513378e+07
5.608715e+06
5.026432e+06
8.907465e+06
1.538090e+07
2.245979e+07
2.829048e+06
6.000400e+06
1.032462e+05
4.482910e+06
2.056945e+07
4.591182e+06
3.132180e+02
1.497645e+06
8.152879e+06
1.737916e+07
1.329359e+07
3.266847e+06
2.712674e+07
4.321500e+01
6.169000e+00
6.815692e+05
1.466482e+07
8.648156e+04
3.127729e+06
2.654984e+06
9.387896e+06
2.869556e+06
2.133700e+01
2.091823e+06
8.701666e+05
1.756688e+07
1.006950e+02
4.566992e+07
2.425477e+05
1.470721e+07
1.096476e+07
2.412441e+07
4.201461e+05
4.724820e+06
1.276600e+01
