2.518285156250000000e+04
7.494357031250000000e+04
5.961813671875000000e+04
5.244535156250000000e+04
8.514721875000000000e+04
4.024503906250000000e+04
7.131000041961669922e+00
2.207929992675781250e+02
1.508819946289062500e+03
5.131424804687500000e+03
2.349056884765625000e+03
2.576679992675781250e+02
9.831143554687500000e+03
3.318899917602539062e+01
4.348999977111816406e+00
4.482503515625000000e+04
4.471500015258789062e+01
3.875799942016601562e+01
2.205854980468750000e+03
1.484402812500000000e+05
4.747813964843750000e+03
1.963405078125000000e+04
8.528900146484375000e+01
1.440217382812500000e+04
7.074889160156250000e+03
1.489291210937500000e+04
9.554640625000000000e+03
7.976899719238281250e+01
2.844700050354003906e+01
3.565960083007812500e+02
1.063600683593750000e+04
9.332078906250000000e+04
1.293294433593750000e+04
2.285260986328125000e+03
2.421573974609375000e+03
5.015384375000000000e+04
2.132610015869140625e+02
2.966957031250000000e+03
9.147637695312500000e+03
2.636197021484375000e+03
7.337356250000000000e+04
3.699952880859375000e+03
3.532468994140625000e+03
2.708224804687500000e+04
2.260856250000000000e+04
5.097818847656250000e+03
1.985087036132812500e+03
5.478905078125000000e+04
2.122500038146972656e+01
1.044572734375000000e+05
1.764802001953125000e+03
2.617753125000000000e+04
1.693799972534179688e+01
1.735635009765625000e+03
1.687164648437500000e+04
3.597200012207031250e+01
1.005002990722656250e+03
8.551066406250000000e+04
2.926959570312500000e+04
3.412780151367187500e+02
1.247806640625000000e+04
7.407499694824218750e+01
1.916940002441406250e+02
1.519623281250000000e+05
1.869287963867187500e+03
3.895968994140625000e+03
4.810320129394531250e+02
6.171284179687500000e+03
7.038000106811523438e+00
3.410000085830688477e+00
1.753999948501586914e+00
1.083555703125000000e+05
4.873840026855468750e+02
3.507208984375000000e+03
2.129700088500976562e+01
1.270612812500000000e+05
7.705342968750000000e+04
6.597623046875000000e+03
9.093810546875000000e+03
5.097100067138671875e+01
4.684299850463867188e+01
4.775151953125000000e+04
1.090638085937500000e+04
3.538420104980468750e+02
5.152689819335937500e+02
1.109874023437500000e+04
9.055597656250000000e+04
5.175999832153320312e+01
1.454775024414062500e+03
1.613381958007812500e+03
7.636985937500000000e+04
3.158530859375000000e+04
3.039727050781250000e+03
5.830729980468750000e+02
1.273234140625000000e+05
3.058968994140625000e+03
6.550121093750000000e+03
1.634700012207031250e+01
5.522043359375000000e+04
4.907054687500000000e+04
6.507976953125000000e+04
1.512619995117187500e+03
1.818770996093750000e+03
1.670788281250000000e+04
2.854801367187500000e+04
5.706603027343750000e+03
1.225806054687500000e+04
9.701159179687500000e+03
2.913199996948242188e+01
8.572299957275390625e+01
4.269844140625000000e+04
1.085248046875000000e+04
6.264899826049804688e+01
3.050003906250000000e+03
7.955063964843750000e+03
7.256841406250000000e+04
6.368999958038330078e+00
4.547642089843750000e+03
3.899599838256835938e+01
1.026155937500000000e+05
6.629559936523437500e+02
3.257558203125000000e+04
6.021807128906250000e+03
5.832169140625000000e+04
4.002999782562255859e+00
6.357769775390625000e+02
6.158220214843750000e+02
1.816671020507812500e+03
9.104325000000000000e+04
3.086400032043457031e+01
7.465555175781250000e+03
4.109979858398437500e+02
7.684244531250000000e+04
1.410616796875000000e+04
4.171591406250000000e+04
4.887500000000000000e+01
2.015400390625000000e+04
2.537429962158203125e+02
8.087275878906250000e+03
1.279052978515625000e+03
3.258772070312500000e+04
1.291915429687500000e+04
3.822655029296875000e+03
6.555642968750000000e+04
3.716000080108642578e+00
2.519861083984375000e+03
2.274605781250000000e+05
8.696999549865722656e+00
4.837836328125000000e+04
4.589282421875000000e+04
3.185339648437500000e+04
2.788880004882812500e+02
4.338600158691406250e+01
2.787256103515625000e+03
5.190999984741210938e+01
5.926000118255615234e+00
6.310381640625000000e+04
2.362199974060058594e+01
1.104302656250000000e+05
3.944469970703125000e+03
2.549277148437500000e+04
1.379395468750000000e+05
2.113997851562500000e+04
7.302700042724609375e+01
1.179622812500000000e+05
1.398099994659423828e+01
3.036924414062500000e+04
5.708179931640625000e+02
1.465100002288818359e+01
8.420814453125000000e+03
8.021800231933593750e+01
5.355199813842773438e+01
1.577031005859375000e+03
8.331279907226562500e+02
3.178383056640625000e+03
4.521689941406250000e+03
2.065895019531250000e+03
8.387297656250000000e+04
1.111139038085937500e+03
1.204381958007812500e+03
9.743924218750000000e+04
2.104117919921875000e+03
1.963885156250000000e+05
2.118839648437500000e+04
3.420363671875000000e+04
2.974399948120117188e+01
1.336195703125000000e+04
4.612200164794921875e+01
1.618434375000000000e+04
4.789780761718750000e+03
1.462131958007812500e+03
1.466933959960937500e+03
1.882129974365234375e+02
1.612449414062500000e+04
1.032990234375000000e+05
2.362876953125000000e+04
1.585083984375000000e+03
3.466299819946289062e+01
6.587300109863281250e+01
1.024148242187500000e+04
2.285956640625000000e+04
1.205940017700195312e+02
1.404696718750000000e+05
1.973422460937500000e+04
8.246000289916992188e+00
8.797499847412109375e+01
1.781811328125000000e+04
9.501899719238281250e+01
3.691413085937500000e+03
2.322590026855468750e+02
3.467137890625000000e+04
9.189869995117187500e+02
1.921817016601562500e+03
1.388099956512451172e+01
3.591684082031250000e+03
9.810317382812500000e+03
6.293250122070312500e+02
1.138098925781250000e+04
3.770999908447265625e+01
7.262799835205078125e+01
2.450851074218750000e+03
3.760999917984008789e+00
8.235657812500000000e+04
2.421230957031250000e+03
7.076354687500000000e+04
3.744733593750000000e+04
1.942234985351562500e+03
2.470352343750000000e+04
9.713700103759765625e+01
1.053320390625000000e+05
2.671299934387207031e+01
3.905015625000000000e+04
1.775020996093750000e+03
1.233809967041015625e+02
2.177571044921875000e+03
3.025205078125000000e+03
2.399488867187500000e+04
9.719378906250000000e+03
7.829509887695312500e+02
7.435958593750000000e+04
3.427418750000000000e+04
4.990830468750000000e+04
3.455635937500000000e+04
6.089300155639648438e+01
4.623399963378906250e+02
2.765851074218750000e+03
3.150599023437500000e+04
3.465526562500000000e+04
1.451898437500000000e+05
3.382210083007812500e+02
1.952196679687500000e+04
2.142239990234375000e+02
1.895800018310546875e+02
1.068925292968750000e+04
9.870859985351562500e+02
4.420664062500000000e+04
4.135442187500000000e+04
3.736669921875000000e+03
7.348999977111816406e+00
1.108530029296875000e+03
5.101300048828125000e+01
2.588400077819824219e+01
5.128239746093750000e+02
6.806902343750000000e+04
2.258196044921875000e+03
6.176524902343750000e+03
4.986199951171875000e+01
4.456190917968750000e+03
1.005000019073486328e+01
2.263944531250000000e+04
4.185401171875000000e+04
1.797200012207031250e+01
3.601797265625000000e+04
2.351264257812500000e+04
3.622249023437500000e+03
9.351150781250000000e+04
1.429510839843750000e+04
1.039057006835937500e+03
5.279940185546875000e+02
1.114649414062500000e+04
1.447330017089843750e+02
6.369574218750000000e+03
1.391887011718750000e+04
8.335445312500000000e+04
7.385153906250000000e+04
1.894233203125000000e+04
1.343730010986328125e+02
4.090800094604492188e+01
1.105139062500000000e+05
5.615666015625000000e+03
1.684399986267089844e+01
5.656900024414062500e+02
4.363158593750000000e+04
7.824400329589843750e+01
4.266660156250000000e+03
5.982899856567382812e+01
1.252258789062500000e+04
5.241524902343750000e+03
4.625427343750000000e+04
1.784943164062500000e+04
2.604310058593750000e+03
9.934799957275390625e+01
6.132899856567382812e+01
1.389099979400634766e+01
4.890512207031250000e+03
3.727699951171875000e+03
5.110165234375000000e+04
1.918456445312500000e+04
2.395130004882812500e+02
1.830299949645996094e+01
1.552508056640625000e+03
8.233930053710937500e+02
4.706100082397460938e+01
4.657452148437500000e+03
1.095431030273437500e+03
1.760129028320312500e+03
1.348781982421875000e+03
4.301264062500000000e+04
1.164270019531250000e+02
4.879062890625000000e+04
1.723939062500000000e+04
1.343599987030029297e+01
1.576655029296875000e+03
2.155247460937500000e+04
4.385729980468750000e+02
1.600750976562500000e+04
6.958999633789062500e+01
8.563489990234375000e+02
2.228840234375000000e+04
1.174393457031250000e+04
1.296599960327148438e+01
7.725800323486328125e+01
1.835994995117187500e+03
1.411613037109375000e+03
5.804803515625000000e+04
4.130662890625000000e+04
3.739708984375000000e+04
1.589730957031250000e+03
8.899600219726562500e+01
1.102959976196289062e+02
1.378577539062500000e+04
7.889190063476562500e+02
9.948582031250000000e+03
1.220733984375000000e+04
4.566380004882812500e+02
8.959374218750000000e+04
2.793954296875000000e+04
1.504534570312500000e+04
3.419970092773437500e+02
4.588337890625000000e+04
9.974990234375000000e+02
1.574904980468750000e+04
6.385634765625000000e+04
4.939358886718750000e+03
1.841195117187500000e+04
1.309399986267089844e+01
2.075926757812500000e+04
3.534600067138671875e+01
4.001875000000000000e+03
6.836100006103515625e+01
7.214294921875000000e+03
6.293675781250000000e+03
6.826499938964843750e+01
6.904137207031250000e+03
7.199760937500000000e+04
2.702027929687500000e+04
7.108982910156250000e+03
1.466800683593750000e+04
1.686645703125000000e+04
1.654626171875000000e+04
1.131299972534179688e+01
1.453229980468750000e+02
1.265488671875000000e+04
5.031999969482421875e+01
6.768729858398437500e+02
6.516028906250000000e+04
6.966219531250000000e+04
4.421327148437500000e+03
5.312195800781250000e+03
2.253274902343750000e+03
2.525951904296875000e+03
1.601541308593750000e+04
3.922200012207031250e+01
3.594499969482421875e+01
5.874420166015625000e+02
2.040805664062500000e+04
8.541999816894531250e+01
5.137000083923339844e+00
4.651399993896484375e+01
1.066219238281250000e+04
1.640099906921386719e+01
1.054391406250000000e+05
1.502968017578125000e+03
1.170706796875000000e+05
2.512531054687500000e+04
7.432000160217285156e+00
7.978419799804687500e+02
5.181266113281250000e+03
1.479788183593750000e+04
1.284258789062500000e+04
1.105880004882812500e+03
3.832000017166137695e+00
2.860769958496093750e+02
2.681100082397460938e+01
5.999888281250000000e+04
9.188959960937500000e+02
4.317108593750000000e+04
3.596475000000000000e+04
4.859120312500000000e+04
4.745150146484375000e+02
4.645969848632812500e+02
3.510627929687500000e+03
1.456581347656250000e+04
6.059378125000000000e+04
1.135099983215332031e+01
6.532000064849853516e+00
2.819261132812500000e+04
3.296260070800781250e+02
3.449200057983398438e+01
1.460720947265625000e+03
7.016886230468750000e+03
3.711000061035156250e+01
3.158880004882812500e+02
1.732261132812500000e+04
2.057799987792968750e+02
1.809909973144531250e+02
2.157899932861328125e+02
6.339199829101562500e+01
1.559653515625000000e+04
5.558951953125000000e+04
1.687800025939941406e+01
5.414999961853027344e+00
5.287260156250000000e+04
1.125315332031250000e+04
7.411900329589843750e+01
3.049129882812500000e+03
4.383420104980468750e+02
6.658969726562500000e+02
4.683912890625000000e+04
5.394223144531250000e+03
1.093674218750000000e+04
1.198799991607666016e+01
1.782559967041015625e+02
4.944930114746093750e+02
6.335669921875000000e+04
7.299037500000000000e+04
5.542911132812500000e+03
2.781480102539062500e+02
1.616709667968750000e+04
1.390514843750000000e+04
3.604299926757812500e+01
2.559949951171875000e+02
2.459600067138671875e+01
7.968092773437500000e+03
4.400106933593750000e+03
9.317975585937500000e+03
4.114546875000000000e+03
1.454100036621093750e+01
7.876382031250000000e+04
1.921109924316406250e+02
9.981779785156250000e+02
1.454227187500000000e+05
5.199481933593750000e+03
1.160110015869140625e+02
1.473603222656250000e+04
1.714087036132812500e+03
2.197259979248046875e+02
1.380639038085937500e+03
1.656192016601562500e+03
3.152099990844726562e+01
1.967700004577636719e+01
2.495448974609375000e+03
2.108375976562500000e+03
1.907828710937500000e+04
1.605749969482421875e+02
3.447000026702880859e+00
2.305556640625000000e+04
4.818422851562500000e+03
5.520123437500000000e+04
2.173762304687500000e+04
1.123875585937500000e+04
1.751816040039062500e+03
1.799750976562500000e+03
1.260764355468750000e+04
6.585522949218750000e+03
1.120692993164062500e+03
4.823388183593750000e+03
4.070585937500000000e+03
4.582400131225585938e+01
9.594030151367187500e+02
4.533999919891357422e+00
7.683000087738037109e+00
1.540470312500000000e+04
4.457099914550781250e+01
9.545871093750000000e+03
1.015900039672851562e+01
1.421700000762939453e+01
3.554046875000000000e+04
8.128508789062500000e+03
3.612978125000000000e+04
6.544400781250000000e+04
1.298338964843750000e+04
2.224510040283203125e+02
1.078389968872070312e+02
4.626439062500000000e+04
7.328600311279296875e+01
1.696237343750000000e+05
6.481004882812500000e+03
4.403453906250000000e+04
2.287920074462890625e+02
1.417010986328125000e+03
2.968799972534179688e+01
1.217871948242187500e+03
2.424999952316284180e+00
4.666199874877929688e+01
4.631490625000000000e+04
7.702375976562500000e+03
1.314089062500000000e+05
8.344400024414062500e+01
7.526320190429687500e+02
3.924085937500000000e+04
3.269623046875000000e+03
1.344235961914062500e+03
2.973968017578125000e+03
4.152547851562500000e+03
4.084799957275390625e+01
3.233740966796875000e+03
7.959582031250000000e+03
1.531293750000000000e+05
3.181502734375000000e+04
7.665416015625000000e+03
2.706812695312500000e+04
5.931946777343750000e+03
1.039671997070312500e+03
3.190941894531250000e+03
5.383850097656250000e+02
2.788371875000000000e+04
6.956800079345703125e+01
6.860099792480468750e+01
9.135949707031250000e+02
1.195729003906250000e+03
5.501192968750000000e+04
2.866103027343750000e+03
6.622825000000000000e+04
6.334340820312500000e+03
3.657876953125000000e+04
5.907999992370605469e+00
1.195387304687500000e+04
1.479150488281250000e+04
3.197000026702880859e+00
3.040580139160156250e+02
8.088319702148437500e+02
5.454700088500976562e+01
1.595319976806640625e+02
4.950839843750000000e+03
1.073689687500000000e+05
2.083460937500000000e+03
4.647598828125000000e+04
2.920669860839843750e+02
4.003256250000000000e+04
7.524313964843750000e+03
2.324454101562500000e+04
4.351263281250000000e+04
3.112229919433593750e+02
7.624099731445312500e+01
2.501147949218750000e+03
4.584947265625000000e+04
2.120610107421875000e+03
4.256973437500000000e+04
8.093746875000000000e+04
2.569461914062500000e+03
7.338500213623046875e+01
1.835000038146972656e+00
7.523933105468750000e+03
2.063170013427734375e+02
8.125085937500000000e+04
5.025289916992187500e+02
9.617368164062500000e+03
6.569518066406250000e+03
1.268184375000000000e+05
6.138020019531250000e+02
5.410392089843750000e+03
3.082779492187500000e+04
7.313568750000000000e+04
1.322855957031250000e+03
3.770096923828125000e+03
7.683460083007812500e+02
2.322900009155273438e+01
2.150469970703125000e+02
9.599663281250000000e+04
3.373179687500000000e+04
1.209220781250000000e+05
6.334560058593750000e+03
4.347260156250000000e+04
4.699896875000000000e+04
1.769830017089843750e+02
5.671743164062500000e+03
5.987353515625000000e+04
7.459869995117187500e+02
5.197600173950195312e+01
1.157450027465820312e+02
1.385685253906250000e+04
1.910516967773437500e+03
9.912709960937500000e+02
3.255189062500000000e+04
8.784286132812500000e+03
6.630999755859375000e+01
8.055100250244140625e+01
1.108035058593750000e+04
6.894470312500000000e+04
2.370000076293945312e+01
4.594946777343750000e+03
1.597990966796875000e+03
2.064040429687500000e+04
3.520199966430664062e+01
1.819548950195312500e+03
2.155982910156250000e+03
1.679483789062500000e+04
9.904643750000000000e+04
1.323639984130859375e+02
1.321620025634765625e+02
8.721019897460937500e+02
4.553520019531250000e+03
2.458099975585937500e+02
3.224804882812500000e+04
3.890782958984375000e+03
5.767158203125000000e+03
1.653569946289062500e+03
4.233831250000000000e+04
4.986528515625000000e+04
5.177000045776367188e+00
3.851789855957031250e+02
1.258300018310546875e+01
6.912910156250000000e+02
8.715999603271484375e+00
8.838600158691406250e+01
1.086893359375000000e+04
1.805160064697265625e+02
1.598790039062500000e+03
1.044475952148437500e+03
4.030421875000000000e+04
1.406967675781250000e+04
8.262252343750000000e+04
2.002943750000000000e+04
2.304299926757812500e+01
3.311049072265625000e+03
1.260838012695312500e+03
8.773799896240234375e+01
1.096520004272460938e+02
7.948717773437500000e+03
2.390128906250000000e+03
1.878935937500000000e+04
1.002096008300781250e+03
2.784460144042968750e+02
1.456935351562500000e+04
9.499500274658203125e+01
4.092198974609375000e+03
1.201949996948242188e+02
1.103256958007812500e+03
4.296000003814697266e+00
7.288167187500000000e+04
3.746599960327148438e+01
4.892931152343750000e+03
1.487619995117187500e+03
2.838699913024902344e+01
1.792190820312500000e+04
7.425000190734863281e+00
2.368200000000000000e+04
3.761383056640625000e+03
2.238399963378906250e+02
8.377200317382812500e+01
4.862934082031250000e+03
7.515399932861328125e+01
9.253999710083007812e+00
3.585000038146972656e+00
9.078523437500000000e+03
5.381762207031250000e+03
7.802393066406250000e+03
3.656210021972656250e+02
5.640549926757812500e+02
2.511068164062500000e+04
6.300570068359375000e+02
7.003884375000000000e+04
1.164359970092773438e+02
1.349600028991699219e+01
4.558536132812500000e+03
2.995719909667968750e+02
4.451199951171875000e+02
4.994164062500000000e+03
2.304799957275390625e+02
1.085606835937500000e+04
9.659241210937500000e+03
4.901666015625000000e+03
6.279199981689453125e+01
2.310260937500000000e+04
4.204729919433593750e+02
6.144599914550781250e+01
1.141045000000000000e+05
8.790256835937500000e+03
6.474099731445312500e+02
5.308918945312500000e+03
4.548627929687500000e+03
3.964329687500000000e+04
6.049249877929687500e+02
2.705521972656250000e+03
3.146083984375000000e+03
8.776363281250000000e+04
6.117555175781250000e+03
4.029082031250000000e+03
4.311869140625000000e+03
4.940000057220458984e+00
9.135650024414062500e+02
4.679633203125000000e+04
2.689773046875000000e+04
9.330670898437500000e+03
4.932443847656250000e+03
3.463399887084960938e+01
5.920000076293945312e+00
5.188000106811523438e+01
3.703609924316406250e+02
3.273340148925781250e+02
2.508955859375000000e+04
1.270100021362304688e+01
1.697083789062500000e+04
6.339400100708007812e+01
5.289391406250000000e+04
7.684849853515625000e+02
6.860730957031250000e+03
3.006666992187500000e+03
3.755754882812500000e+03
2.842710742187500000e+04
4.109633203125000000e+04
3.860586718750000000e+04
1.715792773437500000e+04
2.111854003906250000e+03
1.750463476562500000e+04
2.425633007812500000e+04
1.205660937500000000e+05
1.141542968750000000e+03
1.261605175781250000e+04
3.959400177001953125e+01
7.292494140625000000e+03
5.394149609375000000e+04
1.709099960327148438e+01
5.625842773437500000e+03
5.799100112915039062e+01
2.956299972534179688e+01
2.525468994140625000e+03
4.972458007812500000e+03
1.973719940185546875e+02
1.872500038146972656e+01
3.890000104904174805e+00
1.639609008789062500e+03
1.562910156250000000e+04
1.028843554687500000e+04
3.503999948501586914e+00
1.013578828125000000e+05
3.218874023437500000e+04
1.647100067138671875e+01
9.820863281250000000e+03
5.034999847412109375e+00
6.440598144531250000e+03
7.638599121093750000e+03
1.188020605468750000e+04
2.161343994140625000e+03
3.216478125000000000e+04
1.152000045776367188e+01
2.983561132812500000e+04
1.889718017578125000e+03
5.232628906250000000e+03
1.391550390625000000e+04
1.107219921875000000e+04
1.880298950195312500e+03
4.339212890625000000e+03
5.625100781250000000e+04
2.853120117187500000e+02
1.012000488281250000e+04
2.481248046875000000e+03
2.672900009155273438e+01
6.210889892578125000e+02
2.550504882812500000e+03
5.628083007812500000e+03
4.085642968750000000e+04
9.230543750000000000e+04
8.764396875000000000e+04
2.796644042968750000e+03
1.699399948120117188e+01
1.975265991210937500e+03
9.387839965820312500e+02
7.563330468750000000e+04
2.767864013671875000e+03
2.776000022888183594e+01
5.871613769531250000e+03
2.578997070312500000e+03
4.321253906250000000e+03
2.053560028076171875e+02
5.033810119628906250e+02
9.211359863281250000e+02
1.002289062500000000e+04
1.078516967773437500e+03
1.289299964904785156e+01
1.650635312500000000e+05
3.133699023437500000e+04
1.047923515625000000e+05
9.285491210937500000e+03
3.582650781250000000e+04
6.272679687500000000e+04
3.028650585937500000e+04
2.852000045776367188e+01
1.639793554687500000e+04
2.338999938964843750e+01
4.041348437500000000e+04
5.033905078125000000e+04
2.617900085449218750e+01
2.092156982421875000e+03
1.729620971679687500e+03
1.582169042968750000e+04
8.920000076293945312e+00
5.439140014648437500e+02
6.033800125122070312e+01
8.891300201416015625e+01
1.706648828125000000e+04
4.656987792968750000e+03
1.537300014495849609e+01
2.924784765625000000e+04
1.578405566406250000e+04
5.737139892578125000e+02
1.127438378906250000e+04
1.506060058593750000e+03
4.229507812500000000e+03
1.489299964904785156e+01
3.296630859375000000e+04
2.186574414062500000e+04
1.394420117187500000e+04
6.408549804687500000e+02
9.312022460937500000e+03
8.610900115966796875e+01
4.136319885253906250e+02
1.020289993286132812e+02
9.278600311279296875e+01
3.837599945068359375e+01
1.715506875000000000e+05
7.258999633789062500e+01
5.700787890625000000e+04
1.001979980468750000e+02
5.456129760742187500e+02
4.936999797821044922e+00
3.816999912261962891e+00
2.904464111328125000e+03
2.295859985351562500e+02
8.459136718750000000e+03
1.159078979492187500e+03
3.663000106811523438e+00
1.376488037109375000e+03
3.373699951171875000e+01
8.482000350952148438e+00
2.782999992370605469e+00
5.147948242187500000e+03
1.752083984375000000e+03
3.685842041015625000e+03
2.716561035156250000e+03
5.825139770507812500e+02
7.362667187500000000e+04
3.153184765625000000e+04
3.737400054931640625e+01
2.454018066406250000e+03
3.150539855957031250e+02
1.885994140625000000e+04
4.504561328125000000e+04
9.998600006103515625e+01
1.315920043945312500e+03
6.948530761718750000e+03
2.185316992187500000e+04
2.250448828125000000e+04
3.865539062500000000e+03
1.003151093750000000e+05
3.379443115234375000e+03
4.710316894531250000e+03
1.277309218750000000e+05
8.725000381469726562e+00
6.532000064849853516e+00
9.258623046875000000e+03
7.355002929687500000e+03
1.033310012817382812e+02
6.761100006103515625e+01
4.011419921875000000e+03
3.658330078125000000e+02
1.133045507812500000e+04
1.626912890625000000e+04
6.928500366210937500e+01
1.021729980468750000e+03
2.487083007812500000e+04
2.760594140625000000e+04
2.068829956054687500e+02
7.851420288085937500e+02
3.799700164794921875e+01
7.182800292968750000e+01
1.281508496093750000e+04
1.621955957031250000e+04
2.554420013427734375e+02
3.911625976562500000e+03
7.636779785156250000e+02
1.241084667968750000e+04
7.052291406250000000e+04
3.382665039062500000e+03
1.925499916076660156e+01
8.916000366210937500e+00
1.616723999023437500e+03
4.235800170898437500e+01
2.562032958984375000e+03
5.556459960937500000e+02
3.302399826049804688e+01
1.208720016479492188e+02
1.565339965820312500e+02
2.115710937500000000e+03
4.919699859619140625e+01
2.232649993896484375e+02
3.219980957031250000e+03
2.444355664062500000e+04
5.788999938964843750e+01
3.013003710937500000e+04
5.607237890625000000e+04
3.458372070312500000e+03
1.433195507812500000e+04
1.959259948730468750e+02
4.121688964843750000e+03
3.385926025390625000e+03
7.127369995117187500e+02
2.788065917968750000e+03
3.298099899291992188e+01
4.253152343750000000e+04
6.631560058593750000e+02
1.571860046386718750e+02
4.518229980468750000e+03
1.280388867187500000e+04
7.053482910156250000e+03
2.905898925781250000e+03
6.389858203125000000e+04
3.577548095703125000e+03
1.638105273437500000e+04
1.400033203125000000e+04
4.084132080078125000e+03
2.423971923828125000e+03
5.731439843750000000e+04
7.011314941406250000e+03
6.533690625000000000e+04
5.615786328125000000e+04
1.665662963867187500e+03
1.265499023437500000e+04
9.032390136718750000e+02
2.307500000000000000e+02
8.017999649047851562e+00
7.521890258789062500e+02
2.345000028610229492e+00
5.211129760742187500e+02
8.165778125000000000e+04
6.555884765625000000e+03
9.166999816894531250e+01
1.819000053405761719e+01
9.270600128173828125e+01
2.317296875000000000e+04
1.337401000976562500e+03
1.769678515625000000e+04
8.354509887695312500e+02
7.583478906250000000e+04
1.332279296875000000e+04
4.036464062500000000e+04
1.027736015625000000e+05
8.489919921875000000e+03
4.235963671875000000e+04
1.414426025390625000e+03
3.556179296875000000e+04
1.922935156250000000e+04
5.610499954223632812e+01
6.286500167846679688e+01
6.138644140625000000e+04
3.908916992187500000e+03
1.210070037841796875e+02
2.181759375000000000e+04
2.004800033569335938e+01
2.219482910156250000e+03
1.246154052734375000e+03
6.445446093750000000e+04
2.758698974609375000e+03
1.091195859375000000e+05
1.746235000000000000e+05
7.815809082031250000e+03
2.088928955078125000e+03
9.553159790039062500e+02
7.014299774169921875e+01
2.085189971923828125e+02
9.336327148437500000e+03
1.415999984741210938e+01
1.133559472656250000e+04
3.112390820312500000e+04
1.389457812500000000e+04
1.002510546875000000e+04
9.373221093750000000e+04
1.415802978515625000e+03
4.558300018310546875e+01
