6.882999897003173828e+00
2.681699943542480469e+01
2.578999996185302734e+00
1.445899963378906250e+01
8.505000114440917969e+00
1.870000004768371582e+00
2.020999908447265625e+00
6.133999824523925781e+00
9.328000068664550781e+00
2.909300041198730469e+01
1.045100021362304688e+01
3.773000001907348633e+00
1.834600067138671875e+01
1.803400039672851562e+01
2.411000013351440430e+00
2.733000040054321289e+00
6.112999916076660156e+00
1.455999970436096191e+00
9.118000030517578125e+00
9.536999702453613281e+00
1.850000023841857910e+00
2.193000078201293945e+00
2.174300003051757812e+01
7.000000000000000000e+00
4.462999820709228516e+00
6.910999774932861328e+00
6.808000087738037109e+00
2.168999910354614258e+00
1.319999980926513672e+01
2.930000126361846924e-01
3.659700012207031250e+01
9.027999877929687500e+00
1.970999956130981445e+00
3.768299865722656250e+01
1.592000007629394531e+00
3.976399993896484375e+01
3.819999992847442627e-01
6.902999877929687500e+00
3.027899932861328125e+01
3.013199996948242188e+01
8.762999534606933594e+00
1.238899993896484375e+01
3.356800079345703125e+01
5.932000160217285156e+00
1.284799957275390625e+01
5.000000000000000000e-01
2.072000026702880859e+00
3.170000016689300537e-01
3.790000081062316895e-01
1.797000050544738770e+00
3.375999927520751953e+00
1.417099952697753906e+01
5.612999916076660156e+00
5.227000236511230469e+00
1.371999979019165039e+00
4.303999900817871094e+00
1.028699970245361328e+01
5.532999992370605469e+00
4.689899826049804688e+01
9.588999748229980469e+00
7.169000148773193359e+00
3.230000019073486328e+00
1.985999941825866699e+00
7.467000007629394531e+00
2.159499931335449219e+01
6.234299850463867188e+01
1.371000051498413086e+00
1.218999981880187988e+00
1.772900009155273438e+01
1.422099971771240234e+01
8.993000030517578125e+00
7.670000195503234863e-01
3.098999977111816406e+00
7.757499694824218750e+01
2.687000036239624023e+00
1.060799980163574219e+01
1.135099983215332031e+01
8.780000209808349609e-01
1.308300018310546875e+01
3.673199844360351562e+01
2.499000072479248047e+00
9.243000030517578125e+00
1.111200046539306641e+01
2.171999931335449219e+00
1.200000047683715820e+00
1.687500000000000000e+01
8.819999694824218750e+00
1.720000028610229492e+00
4.063000202178955078e+00
6.840000152587890625e+00
3.961999893188476562e+00
3.952099990844726562e+01
2.051000118255615234e+00
2.900000095367431641e+00
2.117099952697753906e+01
1.332000017166137695e+00
1.539999961853027344e+00
4.374000072479248047e+00
4.839000225067138672e+00
1.582199954986572266e+01
2.248900032043457031e+01
1.135200023651123047e+01
5.020999908447265625e+00
1.205999970436096191e+00
1.485599994659423828e+01
7.681500244140625000e+01
2.203000068664550781e+00
4.341000080108642578e+00
8.902999877929687500e+00
4.967000007629394531e+00
2.134099960327148438e+01
7.651999950408935547e+00
5.028999805450439453e+00
4.038100051879882812e+01
9.031999588012695312e+00
5.199999809265136719e+00
9.555999755859375000e+00
2.055999946594238281e+01
3.431999921798706055e+00
1.848999977111816406e+00
1.922999978065490723e+00
8.339999914169311523e-01
3.670000135898590088e-01
1.825000047683715820e+00
7.387999725341796875e+01
1.059399986267089844e+01
1.207999944686889648e+00
5.171200180053710938e+01
1.292599964141845703e+01
3.352999925613403320e+00
2.421999931335449219e+00
6.156000137329101562e+00
1.419799995422363281e+01
3.443399810791015625e+01
2.309999942779541016e+00
2.515699958801269531e+01
3.322000026702880859e+00
1.371000051498413086e+00
3.788600158691406250e+01
3.052999973297119141e+00
1.121999979019165039e+00
8.209200286865234375e+01
9.739999771118164062e-01
4.875999927520751953e+00
4.011899948120117188e+01
2.864999961853027344e+01
3.990100097656250000e+01
3.950000047683715820e+00
2.582999944686889648e+00
3.386100006103515625e+01
9.663999557495117188e+00
3.578000068664550781e+00
6.623000144958496094e+00
4.388999938964843750e+00
6.528999805450439453e+00
4.953000068664550781e+00
7.757999897003173828e+00
5.742000102996826172e+00
2.338999986648559570e+00
1.605000019073486328e+00
3.392999887466430664e+00
7.471000194549560547e+00
6.401999950408935547e+00
1.059200000762939453e+01
2.062000036239624023e+00
2.890999984741210938e+01
9.069999694824218750e+00
1.876999974250793457e+00
3.841000080108642578e+00
6.781000137329101562e+00
6.850000023841857910e-01
8.897999763488769531e+00
1.884399986267089844e+01
8.895999908447265625e+00
6.565000057220458984e+00
2.618000030517578125e+00
3.100000023841857910e-01
1.753000020980834961e+00
2.948999881744384766e+00
4.930000007152557373e-01
2.298000097274780273e+00
6.482999801635742188e+00
2.009000062942504883e+00
3.205400085449218750e+01
7.675000190734863281e+00
2.936000108718872070e+00
5.541999816894531250e+00
6.461399841308593750e+01
3.109999895095825195e-01
4.180500030517578125e+01
9.100000262260437012e-01
2.894999980926513672e+00
1.787999987602233887e+00
2.039999961853027344e+01
9.807000160217285156e+00
4.099999964237213135e-01
1.033199977874755859e+01
1.182600021362304688e+01
7.811999797821044922e+00
1.378000020980834961e+00
2.217000007629394531e+00
5.898099899291992188e+01
1.214500045776367188e+01
2.984999895095825195e+00
1.741000056266784668e+00
1.132800006866455078e+01
7.471000194549560547e+00
3.812999963760375977e+00
6.754000186920166016e+00
9.139999747276306152e-01
6.129999756813049316e-01
5.659999847412109375e-01
2.052000045776367188e+00
9.449900054931640625e+01
1.537999987602233887e+00
1.427000045776367188e+00
5.928999900817871094e+00
3.072999954223632812e+00
2.242000102996826172e+00
3.073399925231933594e+01
3.224999904632568359e+00
8.920000195503234863e-01
1.757799911499023438e+01
1.572999954223632812e+00
5.684999942779541016e+00
4.995999813079833984e+00
7.742000102996826172e+00
7.999000072479248047e+00
3.963499832153320312e+01
1.057999968528747559e+00
2.614000082015991211e+00
5.807000160217285156e+00
3.750999927520751953e+00
1.294000029563903809e+00
6.959999799728393555e-01
2.922599983215332031e+01
7.864999771118164062e+00
2.094000101089477539e+00
1.239500045776367188e+01
3.230999946594238281e+00
1.204199981689453125e+01
1.388300037384033203e+01
1.440999984741210938e+00
3.434000015258789062e+00
1.816200065612792969e+01
1.042599964141845703e+01
4.698999881744384766e+00
9.739999771118164062e-01
1.064000034332275391e+01
2.287599945068359375e+01
2.267000007629394531e+01
2.882099914550781250e+01
1.830999970436096191e+00
4.525500106811523438e+01
7.877999782562255859e+00
1.044099998474121094e+01
5.994999885559082031e+00
2.225600051879882812e+01
1.278999996185302734e+01
1.455999970436096191e+00
2.221800041198730469e+01
2.873600006103515625e+01
1.516800022125244141e+01
1.483999967575073242e+00
9.879999756813049316e-01
1.281000018119812012e+00
1.328199958801269531e+01
4.902999877929687500e+01
8.539999961853027344e+00
9.541999816894531250e+00
3.695100021362304688e+01
1.932999968528747559e+00
3.559999942779541016e+00
1.000000000000000000e+01
2.252000093460083008e+00
4.017000198364257812e+00
1.753400039672851562e+01
8.819999694824218750e+00
6.431000232696533203e+00
3.947000026702880859e+00
1.986199951171875000e+01
2.839999914169311523e+00
5.169000148773193359e+00
7.189999818801879883e-01
1.692999958992004395e+00
3.709000110626220703e+00
1.648000001907348633e+00
6.734100341796875000e+01
2.339999914169311523e+00
1.437999963760375977e+00
4.918000221252441406e+00
2.046000003814697266e+00
5.368999958038330078e+00
7.993000030517578125e+00
1.727799987792968750e+01
7.599999904632568359e+00
4.802000045776367188e+00
1.475999951362609863e+00
1.484500026702880859e+01
4.322999954223632812e+00
3.964999914169311523e+00
2.672699928283691406e+01
2.043300056457519531e+01
9.660000205039978027e-01
1.734499931335449219e+01
2.689299964904785156e+01
9.576000213623046875e+00
2.441799926757812500e+01
5.245999813079833984e+00
3.400000035762786865e-01
1.205599975585937500e+01
4.092999935150146484e+00
2.605599975585937500e+01
6.251999855041503906e+00
4.425000190734863281e+00
6.740000247955322266e-01
1.254500007629394531e+01
1.991699981689453125e+01
9.259999990463256836e-01
3.417000055313110352e+00
2.929599952697753906e+01
6.764999866485595703e+00
1.068000030517578125e+01
3.608000040054321289e+00
6.886000156402587891e+00
1.888500022888183594e+01
1.002799987792968750e+01
1.304699993133544922e+01
3.292200088500976562e+01
1.281000018119812012e+00
1.628000020980834961e+00
1.847500038146972656e+01
7.712999820709228516e+00
2.802400016784667969e+01
9.750000238418579102e-01
6.903999805450439453e+00
1.738800048828125000e+01
1.132900047302246094e+01
3.459700012207031250e+01
6.651000213623046875e+01
8.682999610900878906e+00
2.117799949645996094e+01
4.106999969482421875e+01
6.249000072479248047e+00
2.528000116348266602e+00
6.495999813079833984e+00
2.158999919891357422e+00
1.682999968528747559e+00
9.715000152587890625e+00
5.118199920654296875e+01
5.633999824523925781e+00
1.160599994659423828e+01
1.094200038909912109e+01
7.598999977111816406e+00
1.510200023651123047e+01
1.251999974250793457e+00
1.276200008392333984e+01
1.602199935913085938e+01
2.210199928283691406e+01
1.951499938964843750e+01
2.899699974060058594e+01
2.433000087738037109e+00
3.078999996185302734e+00
2.868999958038330078e+00
9.571199798583984375e+01
3.743999958038330078e+00
2.712199974060058594e+01
4.413899993896484375e+01
3.400600051879882812e+01
4.530000090599060059e-01
2.180299949645996094e+01
4.377999782562255859e+00
1.761000037193298340e+00
2.489999961853027344e+01
1.598999977111816406e+00
5.268000125885009766e+00
1.141000032424926758e+00
1.453999996185302734e+00
1.208999991416931152e+00
2.349999904632568359e+00
3.994999885559082031e+00
3.078999996185302734e+00
3.849999904632568359e-01
9.684500122070312500e+01
1.039000034332275391e+00
5.252999782562255859e+00
5.650199890136718750e+01
2.976499938964843750e+01
4.135100173950195312e+01
5.540999889373779297e+00
4.406200027465820312e+01
2.440000057220458984e+00
9.717000007629394531e+00
5.012000083923339844e+00
9.060700225830078125e+01
9.668999671936035156e+00
1.768000006675720215e+00
1.294499969482421875e+01
1.176099967956542969e+01
1.615000009536743164e+00
2.071400070190429688e+01
4.757699966430664062e+01
1.496899986267089844e+01
4.291999816894531250e+00
2.391000032424926758e+00
1.035299968719482422e+01
9.279999732971191406e-01
4.105000019073486328e+00
7.363999843597412109e+00
3.695999908447265625e+01
7.393000125885009766e+00
1.465000033378601074e+00
1.325000047683715820e+00
5.350999832153320312e+00
4.682000160217285156e+00
1.539000034332275391e+00
3.480899810791015625e+01
2.375999927520751953e+00
3.030000030994415283e-01
3.257099914550781250e+01
9.828000068664550781e+00
6.779999732971191406e-01
4.599999904632568359e+00
7.189999818801879883e-01
3.934000015258789062e+00
1.805999994277954102e+00
6.769999980926513672e+00
2.062000036239624023e+00
1.876999974250793457e+00
6.054199981689453125e+01
6.511599731445312500e+01
2.918999910354614258e+00
3.059999942779541016e-01
4.087699890136718750e+01
1.286000013351440430e+00
6.008999824523925781e+00
3.988499832153320312e+01
1.817300033569335938e+01
3.305000066757202148e+00
1.689000010490417480e+00
9.873999595642089844e+00
1.220000013709068298e-01
2.875999927520751953e+00
1.492500019073486328e+01
1.845999956130981445e+00
2.690999984741210938e+00
1.115579986572265625e+02
6.069999933242797852e-01
1.317000031471252441e+00
2.515000104904174805e+00
6.919000148773193359e+00
1.496399974822998047e+01
3.530999898910522461e+00
3.336399841308593750e+01
1.615399932861328125e+01
1.023400020599365234e+01
1.044200038909912109e+01
1.567700004577636719e+01
1.591899967193603516e+01
5.432000160217285156e+00
4.473000049591064453e+00
1.044499969482421875e+01
1.994799995422363281e+01
4.771500015258789062e+01
9.589999914169311523e-01
2.782000064849853516e+00
2.984499931335449219e+01
3.726999998092651367e+00
3.787099838256835938e+01
1.754000091552734375e+01
2.329299926757812500e+01
2.860000133514404297e-01
1.385799980163574219e+01
4.605999946594238281e+00
1.031999969482421875e+01
1.161999988555908203e+01
3.338000059127807617e+00
1.194000005722045898e+00
9.218000411987304688e+00
8.171999931335449219e+00
5.553999900817871094e+00
2.854000091552734375e+00
1.226700019836425781e+01
3.327099990844726562e+01
1.743600082397460938e+01
3.397000122070312500e+01
1.866600036621093750e+01
1.055099964141845703e+01
1.767200088500976562e+01
7.919999957084655762e-01
3.073999881744384766e+00
3.433000087738037109e+00
7.950000166893005371e-01
1.072999954223632812e+00
2.375000000000000000e+00
2.602400016784667969e+01
1.908699989318847656e+01
2.809000015258789062e+00
3.285800170898437500e+01
6.646999835968017578e+00
4.681999969482421875e+01
7.539999961853027344e+00
2.038000106811523438e+00
9.272000312805175781e+00
6.079999804496765137e-01
5.697000026702880859e+00
8.213999748229980469e+00
6.368000030517578125e+00
1.930999994277954102e+00
9.250000000000000000e+00
2.546400070190429688e+01
4.626800155639648438e+01
9.336000442504882812e+00
1.565799999237060547e+01
1.740900039672851562e+01
1.896800041198730469e+01
1.963400077819824219e+01
3.941999912261962891e+00
5.110000133514404297e+00
6.470000147819519043e-01
4.129000186920166016e+00
1.601999998092651367e+00
5.691999912261962891e+00
1.253400039672851562e+01
1.417099952697753906e+01
1.575000047683715820e+00
6.644999980926513672e+00
6.276000022888183594e+00
2.053199958801269531e+01
1.553600025177001953e+01
2.197000026702880859e+00
1.752700042724609375e+01
3.150000095367431641e+00
3.019999980926513672e+00
4.614999771118164062e+00
2.735099983215332031e+01
6.335000038146972656e+00
3.868000030517578125e+00
1.046599960327148438e+01
3.097999954223632812e+01
2.628999948501586914e+00
7.268000125885009766e+00
2.753000020980834961e+00
7.179999947547912598e-01
1.944599914550781250e+01
6.869999766349792480e-01
1.079699993133544922e+01
1.875000000000000000e+00
1.769499969482421875e+01
1.902999997138977051e+00
2.224399948120117188e+01
1.896000027656555176e+00
4.663000106811523438e+00
1.787299919128417969e+01
1.840999960899353027e+00
1.340000033378601074e+00
4.058000087738037109e+00
2.701999902725219727e+00
1.154500007629394531e+01
3.148000001907348633e+00
1.467000007629394531e+00
3.490000069141387939e-01
3.362999916076660156e+00
1.848000049591064453e+00
2.960000038146972656e-01
8.074000358581542969e+00
3.609999895095825195e+00
2.506999969482421875e+00
3.138999938964843750e+00
2.506999969482421875e+00
5.896999835968017578e+00
5.493799972534179688e+01
5.625999927520751953e+00
7.388000011444091797e+00
3.697100067138671875e+01
7.209000110626220703e+00
2.007299995422363281e+01
1.665200042724609375e+01
1.263500022888183594e+01
1.919999957084655762e+00
4.041999816894531250e+00
1.588799953460693359e+01
6.644000053405761719e+00
2.101999998092651367e+00
5.968999862670898438e+00
9.114999771118164062e+00
4.399000167846679688e+00
7.900000095367431641e+00
1.669899940490722656e+01
4.743000030517578125e+00
4.190999984741210938e+00
2.302999973297119141e+00
5.669400024414062500e+01
2.350799942016601562e+01
1.896000027656555176e+00
3.260900115966796875e+01
1.674999952316284180e+00
7.992000102996826172e+00
3.342000007629394531e+00
6.433899688720703125e+01
1.593000054359436035e+00
8.812000274658203125e+00
2.246000051498413086e+00
7.717999935150146484e+00
6.135000228881835938e+00
1.833799934387207031e+01
2.847400093078613281e+01
1.051900005340576172e+01
3.575999975204467773e+00
6.986399841308593750e+01
4.274000167846679688e+00
2.198999977111816406e+01
1.456000041961669922e+01
9.206999778747558594e+00
2.854599952697753906e+01
8.930000066757202148e-01
4.371099853515625000e+01
1.511900043487548828e+01
6.629999876022338867e-01
2.395100021362304688e+01
1.975200080871582031e+01
1.299800014495849609e+01
6.206900024414062500e+01
1.210999965667724609e+01
3.119300079345703125e+01
6.919000148773193359e+00
3.830699920654296875e+01
1.996400070190429688e+01
9.744999885559082031e+00
2.194000053405761719e+01
5.590000152587890625e-01
1.732999992370605469e+01
1.514200019836425781e+01
1.656800079345703125e+01
4.650899887084960938e+01
1.741000056266784668e+00
5.994499969482421875e+01
3.211800003051757812e+01
9.826599884033203125e+01
8.531999588012695312e+00
2.578899955749511719e+01
1.725999951362609863e+00
3.950999975204467773e+00
2.174000024795532227e+00
8.815999984741210938e+00
1.207600021362304688e+01
5.605099868774414062e+01
1.146000027656555176e+00
1.739399909973144531e+01
1.415600013732910156e+01
6.290999889373779297e+00
2.536000013351440430e+00
6.203999996185302734e+00
8.081999778747558594e+00
4.698999881744384766e+00
1.030300045013427734e+01
5.186999797821044922e+00
4.372000217437744141e+00
4.651999950408935547e+00
5.471000194549560547e+00
4.092900085449218750e+01
6.415999889373779297e+00
1.868899917602539062e+01
3.686000108718872070e+00
3.481900024414062500e+01
2.240699958801269531e+01
5.850999832153320312e+00
3.368000030517578125e+00
3.461199951171875000e+01
5.533999919891357422e+00
1.053499984741210938e+01
9.333000183105468750e+00
1.835600090026855469e+01
9.307399749755859375e+01
3.630000114440917969e+00
3.049000024795532227e+00
1.486100006103515625e+01
6.553600311279296875e+01
1.207000017166137695e+00
1.550800037384033203e+01
5.235000133514404297e+00
2.231100082397460938e+01
7.846000194549560547e+00
1.096800041198730469e+01
1.401200008392333984e+01
2.111999988555908203e+00
1.048999977111816406e+01
3.671999931335449219e+00
5.638999938964843750e+00
7.162000179290771484e+00
4.356999874114990234e+00
5.981100082397460938e+01
2.552999973297119141e+00
4.263999938964843750e+00
1.293700027465820312e+01
1.003400039672851562e+01
3.257999897003173828e+00
3.341799926757812500e+01
5.637000083923339844e+00
1.332800006866455078e+01
1.174000024795532227e+00
2.293999910354614258e+00
1.081299972534179688e+01
2.878000020980834961e+00
1.037300014495849609e+01
4.194400024414062500e+01
1.501799964904785156e+01
3.016000032424926758e+00
5.019999742507934570e-01
3.861999988555908203e+00
6.489999771118164062e+00
3.096999883651733398e+00
8.510999679565429688e+00
8.771600341796875000e+01
4.346000194549560547e+00
3.821000099182128906e+00
1.937999963760375977e+00
1.819199943542480469e+01
1.453600025177001953e+01
9.774000167846679688e+00
1.327799987792968750e+01
1.750000000000000000e+00
2.094000101089477539e+00
3.950699996948242188e+01
8.230000138282775879e-01
1.394000053405761719e+00
1.441499996185302734e+01
6.876999855041503906e+00
4.840000152587890625e+00
6.841000080108642578e+00
3.852199935913085938e+01
5.243000030517578125e+00
1.572000026702880859e+00
1.733200073242187500e+01
1.457000017166137695e+00
3.260999917984008789e+00
1.249100017547607422e+01
5.273600006103515625e+01
2.104000091552734375e+00
1.845999956130981445e+00
1.214500045776367188e+01
4.869999885559082031e-01
5.679999828338623047e+00
1.404100036621093750e+01
2.421500015258789062e+01
7.928999900817871094e+00
2.732000112533569336e+00
4.395999908447265625e+00
6.936999797821044922e+00
1.256000041961669922e+00
4.289500045776367188e+01
1.195000052452087402e+00
3.122999906539916992e+00
1.327299976348876953e+01
1.865000009536743164e+00
2.822999954223632812e+00
7.360000133514404297e+00
1.357100009918212891e+01
7.440000057220458984e+00
1.389299964904785156e+01
5.576000213623046875e+00
3.994900131225585938e+01
4.083000183105468750e+00
5.855999946594238281e+00
2.941999912261962891e+00
2.969000101089477539e+00
7.901000022888183594e+00
1.067999958992004395e+00
6.285999774932861328e+00
5.630000114440917969e+00
3.240000009536743164e-01
7.879999876022338867e-01
9.909999847412109375e+00
1.276099967956542969e+01
2.302999973297119141e+00
3.003999948501586914e+00
4.263999938964843750e+00
1.330000013113021851e-01
1.781000018119812012e+00
1.414000034332275391e+00
5.263999938964843750e+00
6.185999870300292969e+00
1.032999992370605469e+00
2.419799995422363281e+01
2.947000026702880859e+00
5.347000122070312500e+00
2.425600051879882812e+01
1.303499984741210938e+01
1.754299926757812500e+01
1.106200027465820312e+01
6.558000087738037109e+00
3.712699890136718750e+01
5.704299926757812500e+01
8.679999709129333496e-01
2.946000099182128906e+00
2.661999940872192383e+00
4.266500091552734375e+01
4.493399810791015625e+01
7.760000228881835938e+00
1.093500041961669922e+01
2.076999902725219727e+00
2.651099967956542969e+01
6.706999778747558594e+00
4.986999988555908203e+00
3.371000051498413086e+00
1.590600013732910156e+01
2.319000005722045898e+00
1.297099971771240234e+01
1.693000030517578125e+01
7.870000004768371582e-01
7.821000099182128906e+00
5.664000034332275391e+00
1.087000012397766113e+00
2.614200019836425781e+01
3.069999933242797852e+00
7.065999984741210938e+00
3.013199996948242188e+01
8.899999856948852539e-01
5.787000179290771484e+00
3.835000038146972656e+00
6.259500122070312500e+01
1.184500026702880859e+01
5.461999893188476562e+00
2.215699958801269531e+01
8.727000236511230469e+00
1.001000046730041504e+00
1.385200023651123047e+01
4.965000152587890625e+00
9.265000343322753906e+00
5.699999928474426270e-01
1.850999951362609863e+00
9.100000262260437012e-01
2.723999977111816406e+00
2.016999959945678711e+00
4.250000119209289551e-01
5.289999842643737793e-01
5.050000190734863281e+00
1.401000022888183594e+00
3.795000076293945312e+00
7.116000175476074219e+00
1.835999965667724609e+00
4.199999868869781494e-01
2.127000093460083008e+00
5.019999742507934570e-01
3.043999910354614258e+00
1.235999941825866699e+00
4.819999933242797852e-01
7.813000202178955078e+00
6.874000072479248047e+00
1.098999977111816406e+00
1.374499988555908203e+01
9.984000205993652344e+00
9.100000262260437012e-01
3.286199951171875000e+01
7.214000225067138672e+00
1.092300033569335938e+01
4.569499969482421875e+01
8.564999580383300781e+00
3.753999948501586914e+00
1.113999962806701660e+00
6.630000114440917969e+00
4.219999790191650391e+00
9.751999855041503906e+00
6.458000183105468750e+00
1.532999992370605469e+00
2.270199966430664062e+01
2.621999979019165039e+00
1.174800014495849609e+01
1.188300037384033203e+01
3.920000076293945312e+00
1.264260025024414062e+02
2.880999946594238281e+01
2.210099983215332031e+01
5.053699874877929688e+01
2.329700088500976562e+01
1.445000052452087402e+00
1.310400009155273438e+01
4.437799835205078125e+01
3.237999916076660156e+00
7.453999996185302734e+00
7.463200378417968750e+01
6.079999923706054688e+00
2.707999992370605469e+01
5.477299880981445312e+01
3.150000095367431641e+00
8.623999595642089844e+00
3.339999914169311523e-01
1.233000040054321289e+00
8.249999880790710449e-01
1.888000011444091797e+00
1.850999951362609863e+00
1.406299972534179688e+01
2.819999933242797852e+00
5.500000119209289551e-01
4.906000137329101562e+01
3.377000093460083008e+00
2.444000005722045898e+00
8.247399902343750000e+01
1.424999952316284180e+00
3.414099884033203125e+01
5.834000110626220703e+00
6.060000061988830566e-01
1.827999949455261230e+00
1.242800045013427734e+01
1.018400001525878906e+01
6.086999893188476562e+00
2.229299926757812500e+01
2.773000001907348633e+00
1.543700027465820312e+01
1.667900085449218750e+01
2.546400070190429688e+01
3.462599945068359375e+01
1.619899940490722656e+01
6.618999958038330078e+00
1.876000046730041504e+00
1.639500045776367188e+01
2.750999927520751953e+00
2.815999984741210938e+00
1.447000026702880859e+00
1.311800003051757812e+01
2.206000089645385742e+00
3.688999891281127930e+00
1.148900032043457031e+01
3.924000024795532227e+00
1.152999997138977051e+00
7.552999973297119141e+00
8.244000434875488281e+00
1.324000000953674316e+00
6.830000281333923340e-01
2.147999954223632812e+01
2.229700088500976562e+01
6.447000026702880859e+00
3.542000055313110352e+00
2.206699943542480469e+01
8.960000276565551758e-01
8.715999603271484375e+00
2.546999931335449219e+00
1.859300041198730469e+01
3.187999963760375977e+00
7.546000003814697266e+00
4.947499847412109375e+01
6.115499877929687500e+01
3.839199829101562500e+01
6.200000047683715820e-01
1.147599983215332031e+01
5.022999763488769531e+00
5.339000225067138672e+00
1.139099979400634766e+01
1.592300033569335938e+01
1.249100017547607422e+01
1.332000017166137695e+00
2.399900054931640625e+01
9.446000099182128906e+00
1.371800041198730469e+01
5.913000106811523438e+00
1.542999982833862305e+00
2.125999927520751953e+00
1.231999993324279785e+00
9.217000007629394531e+00
1.210200023651123047e+01
4.756999969482421875e+00
3.695899963378906250e+01
2.625000000000000000e+00
7.145999908447265625e+00
4.685999870300292969e+00
1.914599990844726562e+01
4.789099884033203125e+01
1.701300048828125000e+01
6.177999973297119141e+00
1.988800048828125000e+01
6.698999881744384766e+00
3.266000032424926758e+00
9.460000038146972656e+00
9.060000419616699219e+00
9.567000389099121094e+00
1.835000038146972656e+00
2.081699943542480469e+01
1.991999983787536621e+00
3.659799957275390625e+01
1.511999964714050293e+00
9.100000381469726562e+00
1.409700012207031250e+01
1.300950012207031250e+02
1.011800003051757812e+01
2.822999954223632812e+00
5.979999899864196777e-01
1.552299976348876953e+01
3.418099975585937500e+01
3.822000026702880859e+00
5.728000164031982422e+00
8.849299621582031250e+01
3.301800155639648438e+01
1.139999985694885254e+00
4.239999949932098389e-01
8.206999778747558594e+00
1.310999989509582520e+00
3.176000118255615234e+00
3.572999954223632812e+00
1.463799953460693359e+01
1.262199974060058594e+01
