1.964135156250000000e+04
3.727297119140625000e+03
1.564708007812500000e+03
1.874811035156250000e+03
7.554027832031250000e+03
6.775003906250000000e+03
6.769558105468750000e+03
1.256784570312500000e+04
1.955471289062500000e+04
4.511027832031250000e+03
1.310994726562500000e+04
2.261193750000000000e+04
1.834125976562500000e+03
2.231432226562500000e+04
2.278157031250000000e+04
5.643990234375000000e+03
3.645830468750000000e+04
3.603663671875000000e+04
9.938369750976562500e+02
2.720417578125000000e+04
1.062645996093750000e+04
1.345448339843750000e+04
4.097022949218750000e+03
4.880029785156250000e+03
1.682510546875000000e+04
1.067708105468750000e+04
5.451173828125000000e+03
2.691897656250000000e+04
1.436399993896484375e+02
9.779130249023437500e+02
5.128274902343750000e+03
8.244190063476562500e+02
3.344693750000000000e+04
1.120762597656250000e+04
2.553417968750000000e+03
2.763037109375000000e+03
1.629420013427734375e+02
2.972043945312500000e+03
1.586907910156250000e+04
1.941405859375000000e+04
5.338074218750000000e+03
2.934959960937500000e+03
1.516917578125000000e+04
1.254211035156250000e+04
1.423844433593750000e+04
9.081500244140625000e+02
6.239723828125000000e+04
8.067860107421875000e+02
9.380533203125000000e+03
2.334770117187500000e+04
2.758551171875000000e+04
5.450837890625000000e+03
5.188127929687500000e+03
1.935831640625000000e+04
1.723988476562500000e+04
4.961966796875000000e+03
5.275541992187500000e+03
1.190870898437500000e+04
1.562759375000000000e+04
1.265911816406250000e+04
2.136554296875000000e+04
4.051993896484375000e+03
3.165759570312500000e+04
1.377996972656250000e+04
1.320130371093750000e+04
2.169565429687500000e+04
7.886770019531250000e+02
5.896710205078125000e+02
2.501866943359375000e+03
3.525079956054687500e+02
5.682069702148437500e+02
8.201677734375000000e+03
1.570339062500000000e+04
2.148187304687500000e+04
1.893444531250000000e+04
1.658566210937500000e+04
8.448173828125000000e+03
1.725156445312500000e+04
1.614401660156250000e+04
6.386416992187500000e+03
3.598698437500000000e+04
1.776124023437500000e+03
1.818424804687500000e+04
1.794916015625000000e+03
9.341716796875000000e+03
1.272622265625000000e+04
1.445494018554687500e+03
1.010044042968750000e+04
1.377276855468750000e+04
2.357313867187500000e+04
9.141749877929687500e+02
4.307244140625000000e+03
2.809390625000000000e+04
8.694251953125000000e+03
4.870650878906250000e+03
1.972430053710937500e+03
1.734011914062500000e+04
1.041713867187500000e+04
3.087774023437500000e+04
5.573229980468750000e+02
2.168332031250000000e+03
1.644777539062500000e+04
2.314080468750000000e+04
1.789801953125000000e+04
3.113287109375000000e+03
2.450534912109375000e+03
6.260128906250000000e+03
1.874436132812500000e+04
1.645766992187500000e+04
4.181066406250000000e+04
3.882136718750000000e+04
2.212976757812500000e+04
1.464779492187500000e+04
3.165661132812500000e+04
3.255522949218750000e+03
1.302667773437500000e+04
1.197784082031250000e+04
1.202642382812500000e+04
2.225425585937500000e+04
3.556373046875000000e+03
1.112570507812500000e+04
1.764389453125000000e+04
3.715903076171875000e+03
1.673241210937500000e+04
6.236824218750000000e+03
8.871396484375000000e+03
1.059368041992187500e+03
6.609974121093750000e+03
1.780003710937500000e+04
3.221424218750000000e+04
7.210538281250000000e+04
1.579627832031250000e+04
4.171648925781250000e+03
2.140205078125000000e+03
1.889551757812500000e+04
1.064338476562500000e+04
5.318388183593750000e+03
2.896976757812500000e+04
8.927336914062500000e+03
4.647614062500000000e+04
6.224273925781250000e+03
7.836199951171875000e+02
9.326105468750000000e+03
1.601207812500000000e+04
4.823599853515625000e+02
2.445631250000000000e+04
5.009782031250000000e+04
6.623144042968750000e+03
5.294060058593750000e+03
1.936845947265625000e+03
2.887024804687500000e+04
1.848831054687500000e+03
4.064611083984375000e+03
3.623436035156250000e+03
1.791914648437500000e+04
2.395878320312500000e+04
1.026785937500000000e+04
9.948926757812500000e+03
2.616215429687500000e+04
3.270418945312500000e+03
1.866871948242187500e+03
2.720464111328125000e+03
1.480885058593750000e+04
1.444618652343750000e+04
3.008477050781250000e+03
9.600660156250000000e+03
1.518583789062500000e+04
1.929284057617187500e+03
1.316527539062500000e+04
2.000263281250000000e+04
2.324539062500000000e+03
5.717336914062500000e+03
2.506682812500000000e+04
2.942102050781250000e+03
1.896750000000000000e+03
2.479100036621093750e+02
1.021365917968750000e+04
2.466090087890625000e+03
8.168980102539062500e+02
4.630907031250000000e+04
8.720868164062500000e+03
1.347659472656250000e+04
6.207524902343750000e+03
2.754591210937500000e+04
1.840521484375000000e+04
1.307499980926513672e+01
3.072950976562500000e+04
1.972062890625000000e+04
7.855195800781250000e+03
1.725909570312500000e+04
7.678229980468750000e+02
2.715352539062500000e+04
7.503351074218750000e+03
6.789039062500000000e+03
4.520002929687500000e+03
7.833603027343750000e+03
9.409688476562500000e+03
4.115316406250000000e+04
3.028496093750000000e+03
1.766944140625000000e+04
1.560656982421875000e+03
1.522206835937500000e+04
3.793134765625000000e+04
8.861204101562500000e+03
1.991036328125000000e+04
1.035565234375000000e+04
1.020004394531250000e+04
6.885295898437500000e+03
7.751928222656250000e+03
1.197942382812500000e+04
6.048223144531250000e+03
3.984539062500000000e+03
2.855106933593750000e+03
2.222301757812500000e+04
3.327590234375000000e+04
8.258919921875000000e+03
1.530630175781250000e+04
1.069310156250000000e+04
3.517657958984375000e+03
3.111446093750000000e+04
1.684045703125000000e+04
3.527480957031250000e+03
7.411784179687500000e+03
7.606740112304687500e+02
3.937439880371093750e+02
3.318152099609375000e+03
9.704215820312500000e+03
5.205812500000000000e+04
2.069683984375000000e+04
3.091748632812500000e+04
3.464689941406250000e+02
7.362470092773437500e+02
5.499032226562500000e+03
1.314879199218750000e+04
1.468647949218750000e+03
4.210715820312500000e+03
2.907025878906250000e+03
1.295020996093750000e+03
2.799708203125000000e+04
1.622939453125000000e+04
1.787800585937500000e+04
3.113184179687500000e+04
3.739330139160156250e+02
2.939774902343750000e+03
1.390616406250000000e+04
5.636068847656250000e+03
2.892873632812500000e+04
3.634308984375000000e+04
2.832260131835937500e+02
7.749911132812500000e+03
1.550616601562500000e+04
2.089437011718750000e+03
6.042023925781250000e+03
2.889944531250000000e+04
2.154904052734375000e+03
2.890361083984375000e+03
1.583027954101562500e+03
8.213261718750000000e+03
5.233361816406250000e+03
1.741941601562500000e+04
3.150460937500000000e+04
1.015651855468750000e+04
7.730097167968750000e+03
7.102659912109375000e+02
1.361353808593750000e+04
1.573086718750000000e+04
5.946011230468750000e+03
1.102639062500000000e+04
1.298569238281250000e+04
3.410924072265625000e+03
2.328903320312500000e+04
1.810710546875000000e+04
2.738021679687500000e+04
8.947797851562500000e+03
1.245265625000000000e+04
1.072662304687500000e+04
8.124823242187500000e+03
2.227731445312500000e+04
1.922249804687500000e+04
9.802358398437500000e+03
8.999050292968750000e+02
1.758000030517578125e+02
4.997247070312500000e+03
1.522380065917968750e+02
2.869906250000000000e+04
1.075795996093750000e+04
8.106151855468750000e+03
1.393613476562500000e+04
4.327221875000000000e+04
7.590388183593750000e+03
2.131679296875000000e+04
1.507046191406250000e+04
7.736658203125000000e+03
4.683816894531250000e+03
4.515747070312500000e+03
1.299898535156250000e+04
1.120533593750000000e+04
2.793942578125000000e+04
4.771290039062500000e+03
2.863810546875000000e+04
1.351184667968750000e+04
2.903691894531250000e+03
1.533167285156250000e+04
5.041180114746093750e+02
5.195301757812500000e+03
5.276994140625000000e+03
7.181482910156250000e+03
4.601535156250000000e+03
5.195117187500000000e+03
1.406066113281250000e+04
6.106259765625000000e+03
7.845889892578125000e+02
1.573683203125000000e+04
2.455381054687500000e+04
1.314707421875000000e+04
6.367507812500000000e+03
8.371429687500000000e+03
1.178926074218750000e+04
2.485799072265625000e+03
2.218619921875000000e+04
2.006034570312500000e+04
3.333860156250000000e+04
2.232034912109375000e+03
8.143736816406250000e+03
1.255906347656250000e+04
2.675288867187500000e+04
5.348144042968750000e+03
1.708125781250000000e+04
6.578590087890625000e+02
6.026320190429687500e+02
9.595430297851562500e+02
1.619236816406250000e+04
2.258492919921875000e+03
1.621687011718750000e+04
1.883753906250000000e+04
3.421734765625000000e+04
4.202474121093750000e+03
1.096003906250000000e+04
4.343263183593750000e+03
2.037234960937500000e+04
2.013899804687500000e+04
7.922562988281250000e+03
1.798604882812500000e+04
1.166921679687500000e+04
2.004677978515625000e+03
8.138806152343750000e+03
1.092822021484375000e+03
5.909794921875000000e+04
1.422802978515625000e+03
1.042359667968750000e+04
2.269615429687500000e+04
2.907327929687500000e+04
3.107717968750000000e+04
1.033820214843750000e+04
1.023042871093750000e+04
1.102569433593750000e+04
1.573170013427734375e+02
7.132464843750000000e+04
5.953351074218750000e+03
3.156588281250000000e+04
3.735509948730468750e+02
8.723257812500000000e+03
1.562847851562500000e+04
3.221262890625000000e+04
2.368905664062500000e+04
1.960629882812500000e+04
2.723393945312500000e+04
1.928375976562500000e+04
1.204710156250000000e+04
4.277105957031250000e+03
1.942365966796875000e+03
2.505634375000000000e+04
1.524192016601562500e+03
5.560349731445312500e+02
3.473429296875000000e+04
5.936019897460937500e+02
2.938375390625000000e+04
4.263871093750000000e+03
9.685841796875000000e+03
1.446128051757812500e+03
1.474790039062500000e+04
2.494613476562500000e+04
9.155890625000000000e+03
1.004182714843750000e+04
4.848824609375000000e+04
1.307138476562500000e+04
1.644865820312500000e+04
1.933010546875000000e+04
2.745049218750000000e+04
2.531356054687500000e+04
4.113739929199218750e+02
1.304894726562500000e+04
2.712244531250000000e+04
3.074508007812500000e+04
7.297352050781250000e+03
3.858176562500000000e+04
9.172308593750000000e+03
8.980679687500000000e+03
1.322658984375000000e+04
2.147047851562500000e+04
3.163692187500000000e+04
4.613115234375000000e+03
5.572788085937500000e+03
1.788636914062500000e+04
2.148421679687500000e+04
1.184433959960937500e+03
2.297403076171875000e+03
1.800178320312500000e+04
3.319554931640625000e+03
2.571341992187500000e+04
2.218769140625000000e+04
1.418876171875000000e+04
3.424414062500000000e+04
1.202665039062500000e+03
1.722936035156250000e+03
2.070075927734375000e+03
1.954125000000000000e+03
1.087649218750000000e+04
1.434392089843750000e+04
1.449925488281250000e+04
3.874126953125000000e+04
6.417804199218750000e+03
1.251122851562500000e+04
3.807128906250000000e+03
1.638353613281250000e+04
1.959299609375000000e+04
5.518950195312500000e+02
2.537681250000000000e+04
2.397833007812500000e+04
2.526227050781250000e+03
2.243586914062500000e+03
3.439960937500000000e+03
1.422611230468750000e+04
3.040366943359375000e+03
2.371970062255859375e+02
2.272688671875000000e+04
2.280160888671875000e+03
1.045479394531250000e+04
2.251201562500000000e+04
1.420033789062500000e+04
6.660949218750000000e+03
4.785068847656250000e+03
1.011958007812500000e+03
4.281671875000000000e+03
1.555794433593750000e+04
1.594316894531250000e+04
3.591480468750000000e+04
3.467291796875000000e+04
2.607771972656250000e+03
5.710021972656250000e+03
7.048110839843750000e+03
3.420293750000000000e+04
1.774404492187500000e+04
9.501725585937500000e+03
1.560898730468750000e+04
3.001968554687500000e+04
2.865486083984375000e+03
2.338753320312500000e+04
2.864791015625000000e+03
1.005255981445312500e+03
8.517030029296875000e+02
8.213503906250000000e+03
1.694898046875000000e+04
2.283940234375000000e+04
9.665020141601562500e+02
2.734912304687500000e+04
1.164526000976562500e+03
2.021053955078125000e+03
2.133209991455078125e+02
1.978619995117187500e+02
3.893728027343750000e+03
4.583525878906250000e+03
3.042332031250000000e+04
2.512090625000000000e+04
5.373450390625000000e+04
2.749891601562500000e+04
4.483825195312500000e+03
9.862866210937500000e+03
3.271489868164062500e+02
2.639214111328125000e+03
1.194556054687500000e+04
3.823912890625000000e+04
1.243203125000000000e+04
1.635361523437500000e+04
1.963163085937500000e+04
4.017952880859375000e+03
1.245955371093750000e+04
2.051473828125000000e+04
2.140525195312500000e+04
2.865732910156250000e+03
2.278524902343750000e+03
5.717264843750000000e+04
1.273251953125000000e+03
1.443101074218750000e+04
7.035130004882812500e+02
1.124976074218750000e+04
5.751691894531250000e+03
1.181884082031250000e+04
1.037475390625000000e+04
9.241630249023437500e+02
2.749219970703125000e+02
3.033424218750000000e+04
2.764700012207031250e+02
1.684799957275390625e+01
4.455273925781250000e+03
6.155528125000000000e+04
1.144280078125000000e+04
9.472584960937500000e+03
3.553211914062500000e+03
3.047992187500000000e+04
2.443173828125000000e+04
1.178221093750000000e+04
9.549530029296875000e+02
1.579858398437500000e+04
1.309588476562500000e+04
3.017093017578125000e+03
7.106359863281250000e+02
1.488724975585937500e+03
2.732392382812500000e+04
3.064808105468750000e+03
1.115998925781250000e+04
1.088193261718750000e+04
1.124433496093750000e+04
1.601948828125000000e+04
8.212616210937500000e+03
2.088818115234375000e+03
8.864416992187500000e+03
9.245050048828125000e+02
6.208435058593750000e+03
6.076349218750000000e+04
6.643795898437500000e+03
3.800030468750000000e+04
8.827290039062500000e+02
1.647045043945312500e+03
1.190056738281250000e+04
7.662661132812500000e+03
1.063841015625000000e+04
1.899251953125000000e+03
1.068499984741210938e+02
3.614162109375000000e+04
3.445059082031250000e+03
1.627309570312500000e+04
1.709231835937500000e+04
9.817319946289062500e+02
7.644296093750000000e+04
1.347415917968750000e+04
6.386041015625000000e+03
1.178132421875000000e+04
2.455354980468750000e+03
1.532723339843750000e+04
1.414704956054687500e+03
2.042914062500000000e+04
1.728671093750000000e+04
4.182087890625000000e+03
1.111449023437500000e+04
1.543394726562500000e+04
3.836492919921875000e+03
1.872301953125000000e+04
7.483002343750000000e+04
4.585684765625000000e+04
4.543060156250000000e+04
2.677204101562500000e+03
8.153653808593750000e+03
4.543449218750000000e+03
1.391845947265625000e+03
1.084010644531250000e+04
8.339264648437500000e+03
7.478610229492187500e+02
1.120659375000000000e+04
1.148950195312500000e+04
1.880681250000000000e+04
5.287729003906250000e+03
5.224607812500000000e+04
2.972614257812500000e+04
1.971947021484375000e+03
4.621625976562500000e+03
3.163408935546875000e+03
3.748290625000000000e+04
1.606027246093750000e+04
9.492217773437500000e+03
7.624381835937500000e+03
2.028208789062500000e+04
7.196911132812500000e+03
7.478773925781250000e+03
1.542523828125000000e+04
2.203917968750000000e+03
9.601254882812500000e+03
1.271446679687500000e+04
1.642629296875000000e+04
8.128229003906250000e+03
2.448282031250000000e+04
8.933048828125000000e+03
7.722861816406250000e+03
1.277738769531250000e+04
2.117476953125000000e+04
4.156475097656250000e+03
1.753837109375000000e+04
7.961318847656250000e+03
2.427980957031250000e+03
1.480615039062500000e+04
9.559279785156250000e+02
2.488674609375000000e+04
2.488195312500000000e+04
1.793724975585937500e+03
1.542291015625000000e+03
1.184927246093750000e+04
3.622257812500000000e+04
1.777417382812500000e+04
3.013751953125000000e+03
2.120538671875000000e+04
4.650797851562500000e+03
1.020960998535156250e+03
5.006550781250000000e+03
3.899623046875000000e+03
1.391467968750000000e+04
2.712419921875000000e+03
9.081973632812500000e+03
1.227812695312500000e+04
3.345908935546875000e+03
2.050568945312500000e+04
7.807237792968750000e+03
8.899860229492187500e+02
6.911279907226562500e+02
3.593776171875000000e+04
1.008854882812500000e+04
7.644819824218750000e+03
1.657637500000000000e+04
2.461721923828125000e+03
2.975949609375000000e+04
1.819264038085937500e+03
1.779932983398437500e+03
4.280247070312500000e+03
7.281229003906250000e+03
4.558894921875000000e+04
2.316907421875000000e+04
2.919546875000000000e+04
1.981679296875000000e+04
1.685703710937500000e+04
7.559738769531250000e+03
6.946641113281250000e+03
1.274030859375000000e+04
1.975293554687500000e+04
1.977194140625000000e+04
1.458110156250000000e+04
1.998276977539062500e+03
7.350070190429687500e+02
9.529943359375000000e+03
4.884629882812500000e+03
1.026391967773437500e+03
1.005439160156250000e+04
3.354958984375000000e+04
4.877628906250000000e+03
3.298146875000000000e+04
1.015518261718750000e+04
3.954498046875000000e+03
2.077740020751953125e+02
2.382989959716796875e+02
1.134983984375000000e+04
1.985369018554687500e+03
1.996096289062500000e+04
5.293980102539062500e+02
1.616211621093750000e+04
5.718015625000000000e+04
2.542753906250000000e+03
4.753445800781250000e+03
2.838657031250000000e+04
1.355058300781250000e+04
1.077530859375000000e+04
1.350065039062500000e+04
2.026871875000000000e+04
2.010539648437500000e+04
2.363652539062500000e+04
4.259280090332031250e+02
7.760814941406250000e+03
5.479155761718750000e+03
8.996099853515625000e+02
1.152441796875000000e+04
1.523381738281250000e+04
9.224777343750000000e+03
2.318899609375000000e+04
6.618704101562500000e+03
2.924124023437500000e+04
6.823640136718750000e+03
1.452924023437500000e+04
1.279890917968750000e+04
7.737757812500000000e+03
1.567562988281250000e+03
2.279537890625000000e+04
4.055003515625000000e+04
1.078615625000000000e+04
2.331282226562500000e+04
1.646810351562500000e+04
2.716850390625000000e+04
2.175992919921875000e+03
3.883299072265625000e+03
2.405258203125000000e+04
3.686043359375000000e+04
2.953052148437500000e+04
1.555332324218750000e+04
1.653948974609375000e+03
3.671392187500000000e+04
9.001017578125000000e+03
5.980650024414062500e+02
1.945760009765625000e+03
2.527657226562500000e+04
2.798220898437500000e+04
1.366874707031250000e+04
1.297994995117187500e+03
2.510752929687500000e+04
8.530657226562500000e+03
8.397099218750000000e+04
1.826352734375000000e+04
3.546500976562500000e+03
9.267857421875000000e+03
4.437892089843750000e+03
1.282903417968750000e+04
1.101526977539062500e+03
2.987018750000000000e+04
5.475144042968750000e+03
1.817466992187500000e+04
1.576441113281250000e+04
1.084912304687500000e+04
4.361723046875000000e+04
8.948117187500000000e+03
7.241554199218750000e+03
6.273582031250000000e+03
1.270611816406250000e+04
1.215830468750000000e+04
1.543848535156250000e+04
7.185824218750000000e+03
6.834452148437500000e+03
3.387210083007812500e+02
5.232921875000000000e+04
1.565471875000000000e+04
8.662892578125000000e+03
1.293992968750000000e+04
2.462129492187500000e+04
9.702611328125000000e+03
8.378500366210937500e+01
5.600700781250000000e+04
3.586822021484375000e+03
7.177476074218750000e+03
5.293177343750000000e+04
2.470224804687500000e+04
3.226202539062500000e+04
1.289701049804687500e+03
1.983402734375000000e+04
2.299313964843750000e+03
1.764519531250000000e+04
2.429585742187500000e+04
1.886360015869140625e+02
1.058625000000000000e+03
2.044879028320312500e+03
1.426321044921875000e+03
1.793373437500000000e+04
1.128685839843750000e+04
2.028247851562500000e+04
2.562546484375000000e+04
5.368939941406250000e+03
1.299213989257812500e+03
1.021887792968750000e+04
1.617266699218750000e+04
6.954569702148437500e+02
8.742238281250000000e+03
1.251619335937500000e+04
8.733085937500000000e+03
3.053452343750000000e+04
1.206490020751953125e+02
3.169601562500000000e+04
2.405997656250000000e+04
2.369186914062500000e+04
7.368289794921875000e+02
5.344151855468750000e+03
1.014723339843750000e+04
5.365143066406250000e+03
2.283237695312500000e+04
7.084590820312500000e+03
2.971615625000000000e+04
1.754120025634765625e+02
1.257432519531250000e+04
8.186629882812500000e+03
2.836233789062500000e+04
5.799490234375000000e+03
4.352612792968750000e+03
3.295876562500000000e+04
3.096906982421875000e+03
1.216794531250000000e+04
4.704782226562500000e+03
2.931762939453125000e+03
4.133616015625000000e+04
1.007124707031250000e+04
1.989324804687500000e+04
1.258253613281250000e+04
2.827367187500000000e+04
4.478659973144531250e+02
4.328521484375000000e+04
1.662095947265625000e+03
8.874834960937500000e+03
1.228744628906250000e+04
2.052832617187500000e+04
1.537493041992187500e+03
2.010939453125000000e+04
3.708537109375000000e+03
2.861050781250000000e+04
3.979500122070312500e+02
1.186022851562500000e+04
4.380104003906250000e+03
8.449190063476562500e+02
6.632182128906250000e+03
5.916285156250000000e+03
1.403500097656250000e+04
2.702086523437500000e+04
9.183079833984375000e+02
1.002576074218750000e+04
1.732765991210937500e+03
2.636892089843750000e+03
2.247521093750000000e+04
2.267145117187500000e+04
7.270628906250000000e+03
1.746278515625000000e+04
1.941124414062500000e+04
3.079196044921875000e+03
1.248562011718750000e+03
7.262386230468750000e+03
2.114208007812500000e+03
2.905287500000000000e+04
2.429317382812500000e+04
1.843428906250000000e+04
4.950419921875000000e+02
2.526798242187500000e+04
1.728963281250000000e+04
5.243121093750000000e+03
2.238339996337890625e+02
5.257562011718750000e+03
3.987242919921875000e+03
1.994080047607421875e+02
4.740079956054687500e+02
2.718418554687500000e+04
3.167072998046875000e+03
3.727524902343750000e+03
7.139579101562500000e+03
1.975649023437500000e+04
2.998315820312500000e+04
2.384162109375000000e+03
2.166487500000000000e+04
4.307339453125000000e+04
1.058780859375000000e+04
4.901228027343750000e+03
6.657922656250000000e+04
2.243148925781250000e+03
1.910217578125000000e+04
1.043620117187500000e+04
1.463354980468750000e+04
7.066549804687500000e+03
2.232955859375000000e+04
8.114270996093750000e+03
1.851403125000000000e+04
1.596328002929687500e+03
1.230963378906250000e+04
9.674513671875000000e+03
1.041051660156250000e+04
4.997469921875000000e+04
2.767070007324218750e+02
4.162582031250000000e+03
3.213177001953125000e+03
3.243148925781250000e+03
1.845352929687500000e+04
8.988610229492187500e+02
1.395532324218750000e+04
6.129123046875000000e+03
3.097029052734375000e+03
3.684631103515625000e+03
6.136016113281250000e+03
4.024599609375000000e+04
3.236877734375000000e+04
6.227739868164062500e+02
3.867720312500000000e+04
1.164385986328125000e+03
5.656553222656250000e+03
1.566150390625000000e+04
2.162510156250000000e+04
3.092189941406250000e+02
3.097856933593750000e+03
7.460735839843750000e+03
2.098786132812500000e+04
6.189329833984375000e+02
9.217730102539062500e+02
1.959704956054687500e+03
1.712009570312500000e+04
6.742171875000000000e+03
2.254982421875000000e+04
1.712476171875000000e+04
1.940016210937500000e+04
2.117197460937500000e+04
9.054973632812500000e+03
1.299629785156250000e+04
4.915437988281250000e+03
6.326507031250000000e+04
1.809831054687500000e+03
8.871807617187500000e+03
8.723049926757812500e+02
2.568901562500000000e+04
1.057562011718750000e+03
1.459364013671875000e+03
4.223217773437500000e+03
9.705999023437500000e+03
3.770404052734375000e+03
1.922927148437500000e+04
1.425787963867187500e+03
2.514398046875000000e+04
3.330664453125000000e+04
8.729439697265625000e+02
1.349952636718750000e+04
5.112664062500000000e+03
1.583643457031250000e+04
9.231470703125000000e+03
1.276857055664062500e+03
1.894791406250000000e+04
2.570790100097656250e+02
1.285388769531250000e+04
8.353972656250000000e+03
8.347116210937500000e+03
1.345789947509765625e+02
8.067316894531250000e+03
2.605447998046875000e+03
4.765094238281250000e+03
1.089980010986328125e+02
3.426749877929687500e+02
4.642672851562500000e+03
3.935665625000000000e+04
4.215463281250000000e+04
5.277890014648437500e+02
5.937813964843750000e+03
1.460642675781250000e+04
2.884064453125000000e+04
6.880150878906250000e+03
1.793350952148437500e+03
2.370798632812500000e+04
2.484043554687500000e+04
4.225040039062500000e+03
3.085973632812500000e+04
1.334416894531250000e+04
1.861437988281250000e+03
3.112582812500000000e+04
3.594434082031250000e+03
1.964354101562500000e+04
8.992303710937500000e+03
3.004828906250000000e+04
2.808615966796875000e+03
6.818803222656250000e+03
7.730033203125000000e+03
2.289176562500000000e+04
1.576486230468750000e+04
2.079867578125000000e+04
1.071668261718750000e+04
1.089161816406250000e+04
3.124469970703125000e+03
3.800885156250000000e+04
9.289943359375000000e+03
2.062137304687500000e+04
8.816500976562500000e+03
1.235812207031250000e+04
1.942902148437500000e+04
4.851627929687500000e+03
6.288384375000000000e+04
1.201491699218750000e+04
1.495576171875000000e+04
3.760780029296875000e+02
4.106740112304687500e+02
2.210247070312500000e+03
2.218724218750000000e+04
1.263827929687500000e+04
1.455002636718750000e+04
2.713227148437500000e+04
1.127429980468750000e+04
3.309565234375000000e+04
2.196622656250000000e+04
8.619922851562500000e+03
1.846037695312500000e+04
5.755056640625000000e+04
2.731312890625000000e+04
2.504149804687500000e+04
3.856972900390625000e+03
7.696779785156250000e+02
9.108599853515625000e+02
1.539587597656250000e+04
3.365280151367187500e+02
2.304552343750000000e+04
6.402474121093750000e+03
2.537636132812500000e+04
1.489302832031250000e+04
4.375339843750000000e+04
3.444880065917968750e+02
2.276049072265625000e+03
7.311419921875000000e+03
1.628881958007812500e+03
3.426872070312500000e+03
1.324139160156250000e+04
1.589423950195312500e+03
2.985314843750000000e+04
