3.100110351562500000e+04
4.358142968750000000e+04
6.859350781250000000e+04
5.259353906250000000e+04
6.017618164062500000e+03
2.409113476562500000e+04
2.742149804687500000e+04
6.760005468750000000e+04
5.361311250000000000e+05
3.355822021484375000e+03
4.468377500000000000e+05
7.396442968750000000e+04
6.462582812500000000e+04
2.400616015625000000e+04
1.120468945312500000e+04
1.022693437500000000e+05
7.514382812500000000e+04
4.467450195312500000e+03
1.939702929687500000e+04
3.267293164062500000e+04
1.171869995117187500e+03
2.391653593750000000e+05
2.284850006103515625e+02
2.093334179687500000e+04
1.480434179687500000e+04
3.903237060546875000e+03
1.521512597656250000e+04
3.043497187500000000e+05
2.412968359375000000e+04
5.824110000000000000e+05
6.703960156250000000e+04
4.832365234375000000e+03
4.678786562500000000e+05
1.250146640625000000e+05
4.715905625000000000e+05
1.817325000000000000e+04
8.492159179687500000e+03
1.072717285156250000e+04
6.400832812500000000e+04
6.814914062500000000e+04
3.658070068359375000e+02
8.043553125000000000e+04
4.102866406250000000e+04
6.448935937500000000e+04
1.192260009765625000e+03
7.923361875000000000e+05
3.105368750000000000e+05
5.186989746093750000e+02
2.974188964843750000e+03
3.209854375000000000e+05
6.387669921875000000e+04
6.978738281250000000e+04
4.178290100097656250e+02
8.616822265625000000e+03
2.765246679687500000e+04
6.480957421875000000e+04
8.392554687500000000e+04
4.363130000000000000e+05
3.879700625000000000e+05
4.914192968750000000e+04
3.997808750000000000e+05
2.727440917968750000e+03
2.671036523437500000e+04
3.538410156250000000e+04
4.234652734375000000e+04
1.917963437500000000e+05
4.761714375000000000e+05
2.673955625000000000e+05
8.695440429687500000e+03
5.491109863281250000e+03
1.777416796875000000e+04
1.491205859375000000e+04
1.104987734375000000e+05
6.666070312500000000e+04
1.079008984375000000e+05
2.176039843750000000e+04
1.127679977416992188e+02
6.298850097656250000e+02
1.159981640625000000e+05
1.377210000000000000e+05
9.653392500000000000e+05
1.804063125000000000e+05
1.587822656250000000e+05
3.650620000000000000e+05
9.069437500000000000e+04
4.400433105468750000e+03
5.629697656250000000e+04
1.770803955078125000e+03
5.524007500000000000e+05
1.737560351562500000e+04
7.703603027343750000e+03
2.836939375000000000e+05
1.658395019531250000e+03
1.236229296875000000e+05
2.267280625000000000e+05
8.821666406250000000e+04
5.345158203125000000e+04
1.245763046875000000e+05
2.365219970703125000e+03
7.376046875000000000e+04
4.461996875000000000e+05
2.197739843750000000e+04
9.791956250000000000e+04
1.068399062500000000e+05
9.485927734375000000e+03
8.003808750000000000e+05
2.771959375000000000e+05
4.710497070312500000e+03
3.774599838256835938e+01
1.446510644531250000e+04
1.595151855468750000e+04
2.140988867187500000e+04
1.060106796875000000e+05
3.011085937500000000e+03
6.681057031250000000e+04
4.420345000000000000e+05
1.311980957031250000e+03
1.186303984375000000e+05
1.001457578125000000e+05
4.862868437500000000e+05
4.951989062500000000e+04
4.018686875000000000e+05
1.510736621093750000e+04
4.095715625000000000e+04
2.249841562500000000e+05
1.578872851562500000e+04
7.044203125000000000e+04
1.916096406250000000e+05
4.519969921875000000e+04
1.237089218750000000e+05
4.434136875000000000e+05
4.883972656250000000e+04
5.113926250000000000e+05
2.007437500000000000e+05
1.419619042968750000e+04
5.343110000000000000e+05
4.823022949218750000e+03
4.734432812500000000e+04
1.132407968750000000e+05
3.674534765625000000e+04
9.781898437500000000e+04
6.188338125000000000e+05
1.100839875000000000e+06
5.511624023437500000e+03
1.804134033203125000e+03
1.949703125000000000e+05
6.654820312500000000e+04
3.576105859375000000e+04
3.708158203125000000e+04
1.112990234375000000e+05
4.116994687500000000e+05
1.154008750000000000e+06
7.350271093750000000e+04
4.786578125000000000e+04
8.789068750000000000e+04
1.785645019531250000e+03
9.514990625000000000e+04
6.740965000000000000e+05
2.569233398437500000e+04
6.175969848632812500e+02
1.705921875000000000e+05
1.092954375000000000e+05
6.909728125000000000e+04
2.928205078125000000e+04
8.483653906250000000e+04
5.195199687500000000e+05
6.559242968750000000e+04
7.659382031250000000e+04
7.214839843750000000e+04
1.029568593750000000e+05
1.536901718750000000e+05
2.336540234375000000e+04
1.175227050781250000e+03
6.458035546875000000e+04
4.656102343750000000e+04
6.967868750000000000e+04
5.554346875000000000e+05
6.835947656250000000e+04
1.657433959960937500e+03
1.460048046875000000e+04
2.786751953125000000e+03
7.870959375000000000e+04
3.578215000000000000e+05
9.979715820312500000e+03
1.958187343750000000e+05
3.850260937500000000e+04
6.324752500000000000e+05
8.218232812500000000e+04
6.542762500000000000e+04
1.513608625000000000e+06
1.561070507812500000e+04
1.268959218750000000e+05
9.197147656250000000e+04
3.857229687500000000e+05
2.462678593750000000e+05
3.673919982910156250e+02
2.450738125000000000e+05
4.806505078125000000e+04
6.113544921875000000e+04
2.596347265625000000e+04
9.074728125000000000e+05
2.838864013671875000e+03
8.231199951171875000e+02
4.693918437500000000e+05
2.191421562500000000e+05
3.581450781250000000e+04
2.433693359375000000e+04
6.827715820312500000e+03
9.070700073242187500e+01
9.442575781250000000e+04
1.151628359375000000e+05
7.903892187500000000e+04
2.035382500000000000e+05
4.759599121093750000e+03
3.053918945312500000e+03
4.480290234375000000e+04
5.104259375000000000e+05
2.131260156250000000e+04
1.010015546875000000e+05
2.348916875000000000e+05
6.810552343750000000e+04
1.381263183593750000e+04
1.248808359375000000e+05
2.275382343750000000e+05
1.924948906250000000e+05
1.841511962890625000e+03
1.921279687500000000e+04
2.639671562500000000e+05
9.638549804687500000e+02
2.387670898437500000e+04
9.115592500000000000e+05
6.193474218750000000e+04
1.388980859375000000e+04
2.451750585937500000e+04
1.714379687500000000e+04
1.513238769531250000e+04
9.523374023437500000e+03
6.529056152343750000e+03
7.187650000000000000e+05
3.876590937500000000e+05
1.943761132812500000e+04
6.313311875000000000e+05
1.565703281250000000e+05
1.068967968750000000e+05
9.374110107421875000e+02
8.508044531250000000e+04
1.458857656250000000e+05
1.245393375000000000e+06
7.646508789062500000e+03
2.190388437500000000e+05
1.112753051757812500e+03
7.412020312500000000e+04
8.112177343750000000e+04
1.493468906250000000e+05
2.676766210937500000e+04
1.941251562500000000e+05
2.321093906250000000e+05
2.295457031250000000e+03
3.370879687500000000e+04
8.890925781250000000e+04
1.713834179687500000e+04
2.456273281250000000e+05
5.562024375000000000e+05
1.687603027343750000e+03
9.039421875000000000e+04
1.667828281250000000e+05
1.687712625000000000e+06
5.757925390625000000e+04
3.819616015625000000e+04
1.642036250000000000e+05
1.435575292968750000e+04
4.609725000000000000e+04
6.378377734375000000e+04
7.872698242187500000e+03
2.127163867187500000e+04
4.767425625000000000e+05
8.895012695312500000e+03
1.197145468750000000e+05
6.123535937500000000e+04
5.863559375000000000e+05
3.262614062500000000e+05
9.356968750000000000e+04
8.489680175781250000e+02
1.432326049804687500e+03
5.321259765625000000e+02
1.912548906250000000e+05
5.993425781250000000e+04
5.952719726562500000e+02
2.678370000000000000e+05
1.120767734375000000e+05
1.352470703125000000e+04
1.046133984375000000e+05
2.058029531250000000e+05
8.126966406250000000e+04
1.150620703125000000e+05
1.039734985351562500e+03
2.726017773437500000e+04
1.560301562500000000e+05
3.456565625000000000e+04
2.731507500000000000e+05
1.449159531250000000e+05
6.583396093750000000e+04
9.590178125000000000e+04
3.409979980468750000e+03
1.738307006835937500e+03
4.212989453125000000e+04
2.287235107421875000e+03
8.300078906250000000e+04
1.148216171875000000e+05
3.046542812500000000e+05
4.218788125000000000e+05
1.140146484375000000e+04
4.359890234375000000e+04
1.195405078125000000e+05
3.368020996093750000e+03
6.579290625000000000e+04
6.086042968750000000e+04
1.607258281250000000e+05
6.879082812500000000e+04
2.164992187500000000e+05
7.284893750000000000e+05
8.448978125000000000e+04
8.039207500000000000e+05
8.008158750000000000e+05
5.721961718750000000e+04
7.386432031250000000e+04
1.536563281250000000e+05
3.994521875000000000e+04
7.852857812500000000e+04
1.738886562500000000e+05
7.998414062500000000e+03
2.121129296875000000e+04
2.381540000000000000e+05
1.243199531250000000e+05
2.038383789062500000e+04
6.473819531250000000e+04
1.064289648437500000e+04
1.332785839843750000e+04
6.182299804687500000e+02
2.707356250000000000e+05
2.147650625000000000e+05
7.626102500000000000e+05
2.045690156250000000e+05
7.599479980468750000e+02
4.636139062500000000e+05
2.241735937500000000e+04
2.664485546875000000e+04
9.644307617187500000e+03
1.683605468750000000e+05
6.754648437500000000e+04
7.826331875000000000e+05
7.024178906250000000e+04
1.253112402343750000e+04
1.750209960937500000e+04
5.367121875000000000e+04
2.393135009765625000e+03
2.557005859375000000e+04
1.565834843750000000e+05
4.071782500000000000e+05
3.464218750000000000e+05
5.549302734375000000e+04
1.023028046875000000e+05
3.312129062500000000e+05
5.684251171875000000e+04
5.379210625000000000e+05
4.414988769531250000e+03
1.320104375000000000e+05
3.957166250000000000e+05
9.519400024414062500e+02
4.967946875000000000e+04
9.245985351562500000e+03
7.238246093750000000e+04
2.299193164062500000e+04
5.728291992187500000e+03
9.743165625000000000e+04
5.518529375000000000e+05
9.341190625000000000e+05
7.317836718750000000e+04
3.302573828125000000e+04
1.674279296875000000e+04
1.099086953125000000e+05
4.171795703125000000e+04
3.640610312500000000e+05
3.649651171875000000e+04
6.781712500000000000e+04
1.519653000000000000e+06
1.268129199218750000e+04
4.848185546875000000e+04
1.384560156250000000e+05
3.206041992187500000e+03
4.800972167968750000e+03
3.209885546875000000e+04
5.200511250000000000e+05
4.681323828125000000e+04
5.324681250000000000e+04
1.187641967773437500e+03
9.867413125000000000e+05
4.571732812500000000e+04
1.443575683593750000e+04
4.193423828125000000e+04
4.116209375000000000e+04
8.879759765625000000e+03
3.356147265625000000e+04
1.328887656250000000e+05
6.499222656250000000e+04
2.713396484375000000e+04
3.596981562500000000e+05
8.973936718750000000e+04
7.000921250000000000e+05
8.068369531250000000e+04
1.988913125000000000e+05
1.484354531250000000e+05
1.144689687500000000e+05
1.003680859375000000e+04
4.936642089843750000e+03
1.752247031250000000e+05
2.311413281250000000e+04
1.417250625000000000e+05
1.096824140625000000e+05
2.378063671875000000e+04
5.898304296875000000e+04
2.643994687500000000e+05
7.747383125000000000e+05
4.203189843750000000e+04
2.069093359375000000e+04
1.031736796875000000e+05
2.978666992187500000e+03
1.211118906250000000e+05
7.621328125000000000e+05
6.463446484375000000e+04
4.541238281250000000e+04
5.637880468750000000e+04
1.378640000000000000e+05
1.323215312500000000e+05
1.071883437500000000e+05
5.400366875000000000e+05
5.675493750000000000e+05
2.585247460937500000e+04
1.627237187500000000e+05
2.385828750000000000e+05
3.892241250000000000e+05
3.049585312500000000e+05
1.656607226562500000e+04
3.089505468750000000e+04
3.392729062500000000e+05
1.403313750000000000e+05
2.284144726562500000e+04
2.178424531250000000e+05
1.514210742187500000e+04
6.218616875000000000e+05
1.274019726562500000e+04
2.082109570312500000e+04
4.112719687500000000e+05
6.614703125000000000e+04
2.921186914062500000e+04
3.292023750000000000e+05
1.012597000000000000e+06
3.476083984375000000e+03
3.366181562500000000e+05
5.612000122070312500e+02
2.781636250000000000e+05
5.577274218750000000e+04
3.190433125000000000e+05
4.456337109375000000e+04
2.647165625000000000e+05
6.596137207031250000e+03
1.401029843750000000e+05
7.175865625000000000e+04
1.193558281250000000e+05
5.206340937500000000e+05
2.804335312500000000e+05
7.222749375000000000e+05
1.437256562500000000e+05
1.386777343750000000e+05
2.776719335937500000e+04
6.907757500000000000e+05
1.706706250000000000e+05
1.008156835937500000e+04
3.373924218750000000e+04
2.841154052734375000e+03
6.626739843750000000e+04
1.552719970703125000e+03
3.176142968750000000e+04
3.216944921875000000e+04
4.214627187500000000e+05
5.097192578125000000e+04
2.027925781250000000e+04
8.528836250000000000e+05
4.165890625000000000e+05
7.762462500000000000e+04
2.101199913024902344e+01
1.067160875000000000e+06
2.014959960937500000e+03
4.446595703125000000e+04
3.704996875000000000e+05
1.061461171875000000e+05
5.514490625000000000e+05
8.336654687500000000e+04
5.479035546875000000e+04
9.606675781250000000e+04
6.522716875000000000e+05
1.225856796875000000e+05
2.806285000000000000e+05
3.647600937500000000e+05
2.959222070312500000e+04
2.388947500000000000e+05
7.126568750000000000e+04
1.020540703125000000e+05
5.563576171875000000e+03
5.245596875000000000e+05
7.896842968750000000e+04
6.535851875000000000e+05
1.101710625000000000e+05
3.551828515625000000e+04
5.501225097656250000e+03
1.399130937500000000e+05
5.599612109375000000e+04
4.773930937500000000e+05
1.254583125000000000e+06
1.562184472656250000e+04
6.081270141601562500e+02
4.924405761718750000e+03
2.044714062500000000e+05
8.093070312500000000e+04
8.915633789062500000e+03
3.736399609375000000e+04
1.156541601562500000e+04
8.771242187500000000e+04
1.230761328125000000e+05
7.928720312500000000e+04
5.158163281250000000e+04
3.644435312500000000e+05
1.797734218750000000e+05
4.753437500000000000e+04
1.737837109375000000e+04
4.934883750000000000e+05
5.973965234375000000e+04
1.177658125000000000e+05
2.588749023437500000e+03
1.333202187500000000e+05
4.841760937500000000e+04
9.140900268554687500e+02
8.998220703125000000e+03
1.104234765625000000e+05
3.107053320312500000e+04
6.056530859375000000e+04
3.121325000000000000e+05
5.983468125000000000e+05
8.108582031250000000e+04
3.574300003051757812e+01
2.973292812500000000e+05
7.517967187500000000e+04
6.127681250000000000e+04
4.812489687500000000e+05
3.262218164062500000e+04
3.328718437500000000e+05
2.717130078125000000e+04
3.322706054687500000e+03
3.627695703125000000e+04
1.127076640625000000e+05
2.871602539062500000e+04
5.270561875000000000e+05
4.536650000000000000e+05
1.176257187500000000e+05
3.409146875000000000e+04
1.798036010742187500e+03
1.093796484375000000e+05
6.117919921875000000e+02
1.315388906250000000e+05
2.692233007812500000e+04
2.962349414062500000e+04
1.493449000000000000e+06
4.923432187500000000e+05
4.062718994140625000e+03
2.581190468750000000e+05
7.701150878906250000e+03
3.953931250000000000e+04
3.735557421875000000e+04
2.524520000000000000e+05
2.830518750000000000e+05
2.114814062500000000e+04
5.855130004882812500e+02
4.623540039062500000e+03
3.025065000000000000e+05
5.271432421875000000e+04
4.888642187500000000e+05
5.305616796875000000e+04
1.273168203125000000e+05
5.204914843750000000e+04
3.757280937500000000e+05
1.316161250000000000e+05
4.847314843750000000e+04
2.951177812500000000e+05
1.860905500000000000e+06
4.377247070312500000e+03
7.765813125000000000e+05
1.111887011718750000e+04
2.251526562500000000e+04
1.024587036132812500e+03
3.117406562500000000e+05
3.448493359375000000e+04
1.736339843750000000e+04
1.512923125000000000e+05
9.583830468750000000e+04
5.781143125000000000e+05
1.812599975585937500e+03
2.634209687500000000e+05
1.233114843750000000e+05
1.466374687500000000e+05
1.913056406250000000e+05
1.026349375000000000e+06
9.763059375000000000e+04
6.286820068359375000e+02
3.945113750000000000e+05
1.364136093750000000e+05
2.984320937500000000e+05
2.763477187500000000e+05
1.358090057373046875e+02
1.142728417968750000e+04
6.292661718750000000e+04
2.899958007812500000e+03
8.814474609375000000e+03
9.864807812500000000e+04
9.871082500000000000e+05
4.629553515625000000e+04
1.212733046875000000e+05
1.002655859375000000e+05
1.265039375000000000e+05
3.614922812500000000e+05
4.568010937500000000e+04
2.765835156250000000e+04
1.668891992187500000e+04
1.104187250000000000e+06
2.421021972656250000e+03
1.484295000000000000e+05
3.530281250000000000e+04
1.165293593750000000e+05
1.287963989257812500e+03
1.894087304687500000e+04
4.902175781250000000e+03
4.339529375000000000e+05
7.518562500000000000e+05
3.458022265625000000e+04
1.549271191406250000e+04
3.731012500000000000e+05
4.269110312500000000e+05
6.873897656250000000e+04
8.483762695312500000e+03
4.771087500000000000e+04
7.451531250000000000e+04
1.928495781250000000e+05
1.337596562500000000e+05
6.974742187500000000e+04
1.135636406250000000e+05
6.863138281250000000e+04
2.789757812500000000e+05
2.474804931640625000e+03
1.276857734375000000e+05
4.420790100097656250e+02
8.108284375000000000e+04
5.895637890625000000e+04
8.927940625000000000e+04
5.590496250000000000e+05
1.120023339843750000e+04
3.535337890625000000e+03
1.325312011718750000e+04
1.743757343750000000e+05
1.503520937500000000e+05
1.476882187500000000e+05
4.953295312500000000e+05
6.844009375000000000e+04
8.997011718750000000e+04
2.241154250000000000e+06
1.568861406250000000e+05
1.105480703125000000e+05
8.581139843750000000e+04
2.404152812500000000e+05
2.668967968750000000e+04
1.245456542968750000e+04
4.037729003906250000e+03
1.243430000000000000e+05
5.242544921875000000e+03
9.056287500000000000e+05
2.570179931640625000e+03
2.201423125000000000e+05
8.912034375000000000e+04
8.208599853515625000e+01
8.770545898437500000e+03
1.098218203125000000e+05
1.109861640625000000e+05
7.120850000000000000e+04
1.979052929687500000e+04
3.712003437500000000e+05
2.394755625000000000e+05
3.999336914062500000e+03
1.542132812500000000e+05
2.852057421875000000e+04
3.787860156250000000e+04
7.894805468750000000e+04
6.927734375000000000e+04
4.776282187500000000e+05
2.903315625000000000e+05
9.236871875000000000e+04
4.414580937500000000e+05
5.698795625000000000e+05
3.179862109375000000e+04
7.958041992187500000e+03
1.281256796875000000e+05
4.329940625000000000e+05
4.482779296875000000e+04
7.200352050781250000e+03
1.105831640625000000e+04
5.458337890625000000e+04
4.009613671875000000e+04
1.099386523437500000e+04
9.253376875000000000e+05
4.138589062500000000e+04
1.848684765625000000e+04
7.839288085937500000e+03
1.358892812500000000e+05
7.256736718750000000e+04
2.822880625000000000e+05
3.439679870605468750e+02
3.059543164062500000e+04
8.122099218750000000e+04
9.835808593750000000e+03
1.711650156250000000e+05
4.547844140625000000e+04
8.217784375000000000e+04
4.007998750000000000e+05
2.173521406250000000e+05
7.806606250000000000e+04
1.577593906250000000e+05
4.273946777343750000e+03
3.284970312500000000e+05
8.246742187500000000e+04
3.504355937500000000e+05
2.128032226562500000e+04
1.524739355468750000e+04
3.291093750000000000e+04
7.667446093750000000e+04
1.000629028320312500e+03
6.123542500000000000e+05
8.172830468750000000e+04
9.730581250000000000e+04
6.650657226562500000e+03
6.036498046875000000e+04
2.041661328125000000e+04
1.010218017578125000e+03
1.152342041015625000e+03
1.109057519531250000e+04
4.515187890625000000e+04
4.141740625000000000e+04
6.340656250000000000e+04
5.432965820312500000e+03
7.766730957031250000e+03
1.385414000000000000e+06
5.034630126953125000e+02
9.940172656250000000e+04
7.730838281250000000e+04
2.509705078125000000e+04
1.317067285156250000e+04
2.286198632812500000e+04
1.557173750000000000e+05
6.642596875000000000e+04
5.895746250000000000e+05
1.681256250000000000e+05
9.179669799804687500e+02
8.104279375000000000e+05
2.889896562500000000e+05
3.600014375000000000e+05
1.046477734375000000e+05
3.927739687500000000e+05
3.829580859375000000e+04
9.894733398437500000e+03
1.139083375000000000e+06
1.647469218750000000e+05
1.606628281250000000e+05
4.520652734375000000e+04
3.723302500000000000e+05
6.118357031250000000e+04
5.399639843750000000e+04
3.452709960937500000e+03
3.045366992187500000e+04
4.602886875000000000e+05
3.392746875000000000e+05
4.556704062500000000e+05
1.370785625000000000e+05
6.020802500000000000e+05
5.580621484375000000e+04
2.668265937500000000e+05
1.190666718750000000e+05
2.704268750000000000e+04
3.063956875000000000e+05
4.164643359375000000e+04
1.664941406250000000e+05
1.226361035156250000e+04
3.252427001953125000e+03
5.183678906250000000e+04
2.137384375000000000e+05
4.925874218750000000e+04
2.149882031250000000e+04
5.810507031250000000e+04
1.058447021484375000e+03
9.016369531250000000e+04
9.525847656250000000e+04
1.147451406250000000e+05
2.154921406250000000e+05
1.704187187500000000e+05
2.412094843750000000e+05
5.930826250000000000e+05
1.134175078125000000e+05
1.056289160156250000e+04
1.263418671875000000e+05
1.189660078125000000e+05
4.055544921875000000e+03
2.100291015625000000e+04
9.427159375000000000e+04
6.635275000000000000e+04
3.299093437500000000e+05
3.327920898437500000e+03
1.597193281250000000e+05
1.341139687500000000e+05
9.244340625000000000e+04
5.576850781250000000e+04
1.288938000000000000e+06
1.468419726562500000e+04
5.124970092773437500e+02
3.821573046875000000e+04
1.282468250000000000e+06
8.467932500000000000e+05
3.273252187500000000e+05
3.017645117187500000e+04
1.896518359375000000e+04
7.177559375000000000e+04
3.629689375000000000e+05
4.155842968750000000e+04
5.011459960937500000e+03
1.966747851562500000e+04
1.872610468750000000e+05
1.694317382812500000e+04
1.374276406250000000e+05
5.324060937500000000e+04
2.264050468750000000e+05
1.731137343750000000e+05
1.157623730468750000e+04
7.174157031250000000e+04
6.289877734375000000e+04
2.382768125000000000e+05
5.512062890625000000e+04
9.198854687500000000e+04
3.025114375000000000e+05
2.085949375000000000e+05
4.189841406250000000e+04
3.334338750000000000e+05
9.910258593750000000e+04
1.208573203125000000e+05
3.397487500000000000e+04
3.676181640625000000e+04
9.637424375000000000e+05
3.244439375000000000e+05
1.947484687500000000e+05
1.769360312500000000e+05
2.503656005859375000e+03
1.568641562500000000e+05
1.027977500000000000e+05
7.334417187500000000e+04
4.595090026855468750e+02
1.223652441406250000e+04
3.162809375000000000e+04
1.723195625000000000e+05
1.177881406250000000e+05
1.201755078125000000e+04
8.522636875000000000e+05
3.047054375000000000e+05
1.122779998779296875e+02
5.942508203125000000e+04
2.033235937500000000e+05
1.897678710937500000e+04
2.589005664062500000e+04
3.545956250000000000e+04
3.071031250000000000e+05
1.831584843750000000e+05
8.036070312500000000e+04
2.620508789062500000e+04
7.092530000000000000e+05
2.111474687500000000e+05
9.067200000000000000e+04
2.238997070312500000e+03
1.678223593750000000e+05
2.084260937500000000e+04
9.658379687500000000e+04
5.287992187500000000e+04
1.113134179687500000e+04
1.116307812500000000e+04
1.312966406250000000e+05
3.238751953125000000e+03
2.840649609375000000e+04
1.083947734375000000e+05
2.481635937500000000e+04
1.170909062500000000e+05
3.828707187500000000e+05
1.411713906250000000e+05
1.774143125000000000e+05
1.064643750000000000e+05
9.560940625000000000e+04
1.790456054687500000e+04
5.291148046875000000e+04
5.420593359375000000e+04
8.657081250000000000e+04
6.210889892578125000e+02
8.574995312500000000e+04
7.368542500000000000e+05
2.948241250000000000e+05
6.912690625000000000e+05
2.211003320312500000e+04
2.009039257812500000e+04
1.091173828125000000e+05
6.312883593750000000e+04
6.433374609375000000e+04
7.894891406250000000e+04
1.521854980468750000e+03
8.871718750000000000e+04
1.200397250000000000e+06
1.730035468750000000e+05
1.507302246093750000e+04
5.874470214843750000e+02
6.592751953125000000e+03
3.054400024414062500e+02
1.573398750000000000e+05
1.832640312500000000e+05
1.985852929687500000e+04
2.993886562500000000e+05
1.976249531250000000e+05
8.175496093750000000e+04
2.603281835937500000e+04
2.233555468750000000e+05
2.499084375000000000e+04
4.735089062500000000e+04
1.802803437500000000e+05
9.170781875000000000e+05
4.819351562500000000e+04
5.083356640625000000e+04
9.536782812500000000e+04
4.051734765625000000e+04
5.921819921875000000e+04
3.934584765625000000e+04
3.561642578125000000e+04
1.064367265625000000e+05
6.811248437500000000e+04
7.541082031250000000e+04
3.762166406250000000e+04
1.036597045898437500e+03
7.076899218750000000e+04
5.860876953125000000e+03
5.194348437500000000e+04
2.484696250000000000e+05
3.020162890625000000e+04
4.430065625000000000e+04
7.144535000000000000e+05
9.917700195312500000e+01
6.298316250000000000e+05
3.446180937500000000e+05
7.864723437500000000e+04
9.131448750000000000e+05
2.595173906250000000e+05
1.611684843750000000e+05
3.161232031250000000e+04
1.003472187500000000e+05
6.667626562500000000e+04
5.794522500000000000e+05
8.816715625000000000e+04
9.352555664062500000e+03
4.506238750000000000e+05
2.557973632812500000e+04
1.637816718750000000e+05
4.849209375000000000e+04
7.857563281250000000e+04
3.956959375000000000e+05
2.155179843750000000e+05
5.116266113281250000e+03
1.351708000000000000e+06
1.401461875000000000e+05
3.065893066406250000e+03
2.938822187500000000e+05
1.838712812500000000e+05
6.049928906250000000e+04
3.174681250000000000e+05
2.764352734375000000e+04
5.312989062500000000e+04
3.233321679687500000e+04
1.897840156250000000e+05
1.467170312500000000e+05
1.320549375000000000e+05
6.191905859375000000e+04
9.349954687500000000e+04
4.954877734375000000e+04
6.030543750000000000e+05
6.323672851562500000e+03
8.537625625000000000e+05
