3.072999954223632812e+00
7.579999923706054688e+00
2.401000022888183594e+00
1.103999972343444824e+00
8.999999612569808960e-03
2.210999965667724609e+00
4.799999892711639404e-01
3.993999958038330078e+00
9.142999649047851562e+00
7.929999828338623047e-01
1.720000058412551880e-01
2.359999895095825195e+00
6.822000026702880859e+00
3.980000019073486328e-01
1.174000024795532227e+00
5.799999833106994629e-02
3.872999906539916992e+00
9.600000083446502686e-02
3.055999994277954102e+00
2.579999923706054688e+00
7.639999985694885254e-01
1.134999990463256836e+00
2.360000014305114746e-01
1.085999965667724609e+00
2.131999969482421875e+00
5.600000172853469849e-02
6.380000114440917969e-01
5.199999809265136719e-01
5.199999809265136719e-01
3.450999975204467773e+00
2.392999887466430664e+00
4.230000078678131104e-01
1.703999996185302734e+00
1.609999984502792358e-01
2.181999921798706055e+00
1.327999949455261230e+00
7.940000295639038086e-01
3.300000131130218506e-01
9.789999723434448242e-01
3.030999898910522461e+00
2.207999944686889648e+00
2.224999904632568359e+00
2.388999938964843750e+00
4.469999969005584717e-01
6.050000190734863281e-01
7.110000252723693848e-01
1.152999997138977051e+00
4.589999914169311523e-01
1.550000011920928955e-01
5.040000081062316895e-01
2.428999900817871094e+00
5.397999763488769531e+00
2.076999902725219727e+00
2.496999979019165039e+00
3.588999986648559570e+00
4.657999992370605469e+00
3.055999994277954102e+00
1.169999957084655762e+00
4.800000041723251343e-02
7.704999923706054688e+00
2.536999940872192383e+00
1.588999986648559570e+00
5.860000133514404297e+00
4.880000054836273193e-01
1.690999984741210938e+00
3.919999897480010986e-01
4.671999931335449219e+00
7.720000147819519043e-01
8.149999976158142090e-01
1.639000058174133301e+00
1.940000057220458984e-01
1.643000006675720215e+00
1.179000020027160645e+00
1.809999942779541016e-01
3.240999937057495117e+00
2.419999986886978149e-01
3.919999897480010986e-01
3.809000015258789062e+00
2.846999883651733398e+00
1.949999928474426270e-01
1.366999983787536621e+00
7.400000095367431641e-02
4.814000129699707031e+00
3.279999971389770508e+00
3.700000047683715820e-01
1.021000027656555176e+00
1.799999922513961792e-02
9.940000176429748535e-01
2.224999904632568359e+00
3.219000101089477539e+00
7.179999947547912598e-01
2.437000036239624023e+00
2.006999969482421875e+00
3.302000045776367188e+00
2.552999973297119141e+00
5.320000052452087402e-01
1.166000008583068848e+00
2.591000080108642578e+00
1.504999995231628418e+00
2.641999959945678711e+00
1.659999966621398926e+00
2.539999961853027344e+00
4.618999958038330078e+00
3.053999900817871094e+00
2.700000070035457611e-02
1.036999940872192383e+00
3.000000119209289551e-01
3.217999935150146484e+00
4.869999885559082031e-01
4.316999912261962891e+00
5.118000030517578125e+00
2.414000034332275391e+00
2.426000118255615234e+00
1.118999958038330078e+00
8.470000028610229492e-01
2.084000110626220703e+00
2.552999973297119141e+00
3.200999975204467773e+00
6.600000262260437012e-01
2.815000057220458984e+00
7.789999842643737793e-01
2.125000000000000000e+00
1.092000007629394531e+00
1.322999954223632812e+00
6.759999990463256836e-01
7.329999804496765137e-01
2.684999942779541016e+00
8.479999899864196777e-01
6.600000262260437012e-01
4.150000095367431641e+00
7.626999855041503906e+00
1.891000032424926758e+00
2.430999994277954102e+00
3.040999889373779297e+00
2.198999881744384766e+00
1.983999967575073242e+00
7.390000224113464355e-01
2.026999950408935547e+00
5.239999890327453613e-01
3.427000045776367188e+00
2.490000009536743164e+00
1.901000022888183594e+00
1.320999979972839355e+00
9.610000252723693848e-01
3.831000089645385742e+00
1.379999995231628418e+00
8.569999933242797852e-01
7.509999871253967285e-01
1.886999964714050293e+00
2.910000085830688477e-01
2.009000062942504883e+00
3.230000019073486328e+00
2.860000133514404297e-01
3.549999892711639404e-01
2.750000059604644775e-01
1.223999977111816406e+00
8.109999895095825195e-01
1.164999961853027344e+00
1.195000052452087402e+00
2.828999996185302734e+00
6.887000083923339844e+00
6.449999809265136719e-01
1.192999958992004395e+00
1.388000011444091797e+00
1.771999955177307129e+00
4.629999995231628418e-01
7.004000186920166016e+00
4.830000102519989014e-01
4.685999870300292969e+00
1.516000032424926758e+00
3.078000068664550781e+00
5.040000081062316895e-01
5.921000003814697266e+00
2.259999960660934448e-01
1.389999985694885254e+00
3.799999877810478210e-02
8.339999914169311523e-01
2.766999959945678711e+00
8.989999890327453613e-01
2.099999934434890747e-01
1.340000033378601074e-01
1.630000025033950806e-01
6.179999709129333496e-01
1.145300006866455078e+01
3.283999919891357422e+00
6.214000225067138672e+00
1.238000035285949707e+00
7.779999971389770508e-01
5.090000033378601074e-01
9.919999837875366211e-01
4.757999897003173828e+00
4.320000112056732178e-01
6.669999957084655762e-01
1.360999941825866699e+00
2.648999929428100586e+00
3.749000072479248047e+00
4.047999858856201172e+00
2.039999961853027344e+00
7.189999818801879883e-01
2.992000102996826172e+00
1.289999961853027344e+00
2.309999942779541016e+00
5.735000133514404297e+00
1.294000029563903809e+00
3.140000104904174805e-01
5.034999847412109375e+00
5.104000091552734375e+00
3.387000083923339844e+00
6.290000081062316895e-01
3.910000085830688477e+00
7.379999756813049316e-01
9.959999918937683105e-01
7.950000166893005371e-01
3.944000005722045898e+00
1.870000064373016357e-01
3.599999845027923584e-02
5.518000125885009766e+00
1.782999992370605469e+00
4.280000030994415283e-01
2.440000057220458984e+00
1.574000000953674316e+00
5.600000172853469849e-02
1.322000026702880859e+00
2.849999964237213135e-01
2.552999973297119141e+00
4.580000042915344238e-01
2.840000092983245850e-01
1.400000043213367462e-02
1.358999967575073242e+00
9.129999876022338867e-01
3.134999990463256836e+00
1.070000052452087402e+00
2.674000024795532227e+00
1.157999992370605469e+00
7.310000061988830566e-01
1.899999976158142090e-01
8.140000343322753906e+00
3.980000019073486328e-01
2.069000005722045898e+00
2.411000013351440430e+00
2.477999925613403320e+00
7.179999947547912598e-01
2.878000020980834961e+00
6.826000213623046875e+00
7.990000247955322266e-01
4.449999928474426270e-01
5.657999992370605469e+00
4.472000122070312500e+00
1.728999972343444824e+00
3.624000072479248047e+00
8.750000000000000000e-01
3.959999978542327881e-01
5.210999965667724609e+00
1.850000023841857910e+00
5.419999957084655762e-01
2.203999996185302734e+00
2.300000041723251343e-01
6.069999933242797852e-01
7.282000064849853516e+00
1.739999949932098389e-01
3.855999946594238281e+00
2.917999982833862305e+00
4.967999935150146484e+00
3.453000068664550781e+00
6.480000019073486328e-01
1.679000020027160645e+00
1.587000012397766113e+00
5.199999809265136719e-01
9.700000286102294922e-02
2.709000110626220703e+00
5.189999938011169434e-01
3.131000041961669922e+00
1.990000009536743164e+00
2.362999916076660156e+00
3.345000028610229492e+00
7.120000123977661133e-01
1.067000031471252441e+00
1.759999990463256836e-01
1.633000016212463379e+00
1.026399993896484375e+01
5.659999847412109375e-01
3.187000036239624023e+00
3.540000021457672119e-01
4.709999859333038330e-01
5.348999977111816406e+00
5.543000221252441406e+00
4.269999861717224121e-01
3.070000112056732178e-01
7.599999755620956421e-02
7.540000081062316895e-01
3.535000085830688477e+00
8.130000233650207520e-01
3.184000015258789062e+00
6.209999918937683105e-01
4.416999816894531250e+00
1.759999990463256836e+00
2.099999934434890747e-01
2.109999895095825195e+00
5.038000106811523438e+00
2.836999893188476562e+00
6.244999885559082031e+00
3.342000007629394531e+00
1.850999951362609863e+00
9.440000057220458984e-01
2.305000066757202148e+00
3.769999980926513672e+00
2.871000051498413086e+00
7.030000090599060059e-01
1.763000011444091797e+00
3.260000050067901611e-01
8.069999814033508301e-01
4.789000034332275391e+00
7.519000053405761719e+00
1.856999993324279785e+00
7.850999832153320312e+00
1.955000042915344238e+00
1.266000032424926758e+00
3.177999973297119141e+00
4.269999861717224121e-01
2.720000028610229492e+00
4.136000156402587891e+00
8.159999847412109375e-01
1.565000057220458984e+00
1.378999948501586914e+00
5.899999737739562988e-01
5.400000214576721191e-01
2.546999931335449219e+00
6.970000267028808594e-01
5.044000148773193359e+00
5.920000076293945312e-01
1.472000002861022949e+00
6.299999952316284180e-01
4.959999918937683105e-01
1.664000034332275391e+00
4.629999995231628418e-01
2.585999965667724609e+00
2.151000022888183594e+00
2.437999963760375977e+00
1.358999967575073242e+00
6.199999898672103882e-02
1.840999960899353027e+00
4.018000125885009766e+00
4.019000053405761719e+00
2.750000000000000000e+00
5.087999820709228516e+00
7.447999954223632812e+00
3.789000034332275391e+00
6.201000213623046875e+00
1.019999980926513672e-01
1.649999976158142090e+00
1.973999977111816406e+00
1.230000019073486328e+00
1.878000020980834961e+00
3.611999988555908203e+00
8.900000154972076416e-02
3.519999980926513672e+00
3.010999917984008789e+00
1.417000055313110352e+00
1.729999929666519165e-01
1.228000044822692871e+00
3.129999935626983643e-01
4.105000019073486328e+00
2.969999909400939941e-01
3.677999973297119141e+00
4.903999805450439453e+00
7.459999918937683105e-01
4.620000123977661133e-01
1.914000034332275391e+00
2.461999893188476562e+00
3.634000062942504883e+00
2.039999961853027344e+00
3.319999873638153076e-01
3.177999973297119141e+00
1.307999968528747559e+00
2.779999971389770508e-01
1.343000054359436035e+00
2.776000022888183594e+00
1.720999956130981445e+00
3.167000055313110352e+00
2.056999921798706055e+00
5.122000217437744141e+00
6.691999912261962891e+00
3.319000005722045898e+00
3.549999892711639404e-01
1.506999969482421875e+00
3.499000072479248047e+00
5.247000217437744141e+00
3.789999961853027344e+00
2.002000093460083008e+00
2.259999990463256836e+00
7.500000298023223877e-02
3.999999910593032837e-02
2.996999979019165039e+00
1.411000013351440430e+00
2.240000069141387939e-01
9.779999852180480957e-01
6.300000101327896118e-02
1.697000026702880859e+00
4.040000140666961670e-01
2.187000036239624023e+00
7.950000166893005371e-01
4.111999988555908203e+00
1.269000053405761719e+00
5.589000225067138672e+00
2.140000104904174805e+00
2.647000074386596680e+00
1.601999998092651367e+00
5.896999835968017578e+00
3.691999912261962891e+00
4.238999843597412109e+00
7.315000057220458984e+00
2.266000032424926758e+00
2.171999931335449219e+00
1.360999941825866699e+00
5.389999747276306152e-01
5.860000252723693848e-01
1.575999975204467773e+00
1.601999998092651367e+00
1.756000041961669922e+00
4.026999950408935547e+00
3.483999967575073242e+00
4.720000028610229492e-01
6.650000214576721191e-01
4.136000156402587891e+00
3.489000082015991211e+00
2.590000033378601074e-01
2.220000028610229492e+00
5.446000099182128906e+00
2.380000114440917969e+00
2.752000093460083008e+00
2.875999927520751953e+00
8.870000243186950684e-01
2.099999934434890747e-01
1.585999965667724609e+00
1.656999945640563965e+00
6.219999790191650391e-01
2.440000027418136597e-01
6.480000019073486328e-01
1.996000051498413086e+00
1.552999973297119141e+00
5.090000033378601074e-01
2.790000140666961670e-01
1.605000019073486328e+00
8.050000071525573730e-01
3.013999938964843750e+00
9.559999704360961914e-01
1.355999946594238281e+00
1.200000010430812836e-02
6.380000114440917969e-01
5.422999858856201172e+00
7.710000276565551758e-01
5.270000100135803223e-01
3.071000099182128906e+00
6.420000195503234863e-01
7.089999914169311523e-01
2.990999937057495117e+00
2.561000108718872070e+00
4.014999866485595703e+00
3.779999911785125732e-01
1.769999980926513672e+00
4.223000049591064453e+00
2.391999959945678711e+00
3.839999914169311523e+00
4.122000217437744141e+00
3.950000107288360596e-01
1.600999951362609863e+00
3.709999918937683105e-01
5.199999809265136719e-01
2.536000013351440430e+00
4.447999954223632812e+00
1.682000041007995605e+00
2.221999883651733398e+00
5.009999871253967285e-01
3.338000059127807617e+00
2.579999864101409912e-01
1.166000008583068848e+00
7.138999938964843750e+00
2.023999929428100586e+00
4.109000205993652344e+00
4.249000072479248047e+00
5.372000217437744141e+00
3.973999977111816406e+00
3.300000131130218506e-01
9.919999837875366211e-01
3.095000028610229492e+00
5.099999904632568359e-01
6.309999823570251465e-01
9.060000181198120117e-01
6.299999952316284180e-01
3.644999980926513672e+00
3.519999980926513672e-01
2.949999868869781494e-01
5.350000262260437012e-01
5.642000198364257812e+00
3.181999921798706055e+00
1.845000028610229492e+00
1.310999989509582520e+00
2.879999876022338867e-01
1.177999973297119141e+00
1.585999965667724609e+00
6.480000019073486328e-01
9.750000238418579102e-01
1.149000048637390137e+00
1.289999932050704956e-01
3.884999990463256836e+00
3.941999912261962891e+00
6.340000033378601074e-01
1.228999972343444824e+00
3.610000014305114746e-01
1.718999981880187988e+00
4.742000102996826172e+00
6.420000195503234863e-01
4.723999977111816406e+00
1.099999994039535522e-01
7.300000190734863281e-01
1.840999960899353027e+00
3.589999973773956299e-01
8.670000076293945312e+00
2.292999982833862305e+00
2.634000062942504883e+00
1.462000012397766113e+00
4.059999942779541016e+00
6.512000083923339844e+00
2.336999893188476562e+00
9.290000200271606445e-01
2.601999998092651367e+00
1.580000072717666626e-01
1.195999979972839355e+00
2.259000062942504883e+00
1.440999984741210938e+00
4.830000102519989014e-01
2.190999984741210938e+00
2.026999950408935547e+00
7.260000109672546387e-01
4.219999909400939941e-01
3.079999923706054688e+00
3.000000026077032089e-03
3.453000068664550781e+00
1.325000047683715820e+00
7.599999904632568359e-01
4.070000052452087402e-01
5.479999780654907227e-01
1.375000000000000000e+00
9.089999794960021973e-01
2.150000035762786865e-01
4.964000225067138672e+00
1.210999965667724609e+00
1.348000049591064453e+00
7.070000171661376953e-01
2.520000040531158447e-01
2.088999986648559570e+00
2.756000041961669922e+00
4.309999942779541016e-01
4.290999889373779297e+00
4.600000083446502686e-01
2.187999963760375977e+00
7.532999992370605469e+00
2.269999980926513672e+00
8.498999595642089844e+00
4.906000137329101562e+00
5.824999809265136719e+00
3.426000118255615234e+00
3.082999944686889648e+00
2.444999933242797852e+00
3.663000106811523438e+00
1.000000000000000000e+00
1.172999978065490723e+00
3.358999967575073242e+00
1.070999979972839355e+00
1.605000019073486328e+00
8.799999952316284180e-02
1.154899978637695312e+01
8.379999995231628418e-01
1.565999984741210938e+00
3.484999895095825195e+00
1.121999979019165039e+00
2.230000048875808716e-01
4.074999809265136719e+00
3.161000013351440430e+00
7.649999856948852539e-01
4.900000095367431641e-01
1.809999942779541016e+00
1.570000052452087402e-01
4.600000083446502686e-01
2.569999992847442627e-01
9.799999743700027466e-02
2.800000086426734924e-02
4.885000228881835938e+00
3.303999900817871094e+00
9.950000047683715820e-01
3.641999959945678711e+00
4.175000190734863281e+00
1.322000026702880859e+00
1.790000051259994507e-01
4.300000071525573730e-01
1.169999986886978149e-01
7.350000143051147461e-01
2.779000043869018555e+00
4.210999965667724609e+00
2.431999921798706055e+00
4.180000126361846924e-01
2.969000101089477539e+00
2.532000064849853516e+00
4.849999904632568359e+00
2.170000076293945312e+00
1.000000014901161194e-01
1.599999964237213135e-01
8.100000023841857910e-02
6.885000228881835938e+00
2.278000116348266602e+00
3.361000061035156250e+00
8.527999877929687500e+00
3.179999887943267822e-01
8.669999837875366211e-01
1.791000008583068848e+00
2.526999950408935547e+00
3.790000081062316895e-01
2.828000068664550781e+00
3.999999910593032837e-02
9.530000090599060059e-01
3.519999980926513672e-01
2.200999975204467773e+00
2.300000004470348358e-02
2.249999940395355225e-01
1.944000005722045898e+00
3.566999912261962891e+00
1.411000013351440430e+00
4.031000137329101562e+00
1.927000045776367188e+00
3.089999914169311523e+00
1.833999991416931152e+00
2.585999965667724609e+00
1.049999952316284180e+00
9.229999780654907227e-01
4.308000087738037109e+00
3.944000005722045898e+00
4.485000133514404297e+00
3.085000038146972656e+00
4.744999885559082031e+00
1.140000000596046448e-01
3.908999919891357422e+00
9.250000119209289551e-01
3.328000068664550781e+00
3.769999980926513672e+00
2.229000091552734375e+00
2.430999994277954102e+00
6.978000164031982422e+00
4.699999988079071045e-01
1.609999984502792358e-01
2.460000067949295044e-01
8.999999612569808960e-03
1.419999957084655762e+00
1.207000017166137695e+00
1.274999976158142090e+00
5.014999866485595703e+00
2.191999912261962891e+00
4.697000026702880859e+00
6.710000038146972656e-01
1.715999960899353027e+00
1.155300045013427734e+01
7.299999892711639404e-02
4.927999973297119141e+00
4.100000113248825073e-02
4.293000221252441406e+00
2.489999979734420776e-01
1.077000021934509277e+00
3.664000034332275391e+00
7.218999862670898438e+00
7.620000243186950684e-01
9.769999980926513672e-01
1.411999940872192383e+00
4.289999902248382568e-01
9.300000071525573730e-01
7.868000030517578125e+00
3.389999866485595703e-01
2.220000028610229492e-01
1.978999972343444824e+00
6.710000038146972656e-01
2.872999906539916992e+00
1.197000026702880859e+00
1.273299980163574219e+01
1.832999944686889648e+00
1.136000037193298340e+00
1.393000006675720215e+00
3.529999852180480957e-01
2.730999946594238281e+00
8.460000157356262207e-01
3.211999893188476562e+00
3.390000104904174805e+00
2.061000108718872070e+00
3.217000007629394531e+00
3.269999921321868896e-01
7.339000225067138672e+00
1.062600040435791016e+01
2.914000034332275391e+00
2.207000017166137695e+00
1.049999952316284180e+00
5.585999965667724609e+00
1.396999955177307129e+00
6.959999799728393555e-01
3.939999938011169434e-01
1.090999960899353027e+00
1.998999953269958496e+00
1.417000055313110352e+00
2.398999929428100586e+00
7.500000298023223877e-02
9.559999704360961914e-01
6.010000109672546387e-01
4.460000038146972656e+00
6.703000068664550781e+00
3.589999973773956299e-01
8.609999656677246094e+00
3.352999925613403320e+00
6.087999820709228516e+00
1.705000042915344238e+00
5.929999947547912598e-01
4.498000144958496094e+00
3.938999891281127930e+00
4.731999874114990234e+00
4.448999881744384766e+00
3.989999890327453613e-01
3.114000082015991211e+00
1.319000005722045898e+00
7.789999842643737793e-01
4.664999961853027344e+00
1.616999983787536621e+00
5.382999897003173828e+00
1.332999944686889648e+00
4.926000118255615234e+00
1.429000020027160645e+00
5.200000107288360596e-02
1.717799949645996094e+01
2.400000020861625671e-02
3.339999914169311523e-01
5.979999899864196777e-01
1.595000028610229492e+00
1.065999984741210938e+00
2.812999963760375977e+00
3.678999900817871094e+00
6.269000053405761719e+00
3.239000082015991211e+00
9.250000119209289551e-01
2.090000063180923462e-01
4.160000085830688477e-01
1.289999932050704956e-01
8.029999732971191406e-01
1.700000047683715820e+00
1.850000023841857910e-01
4.117000102996826172e+00
4.859000205993652344e+00
1.150000020861625671e-01
5.573999881744384766e+00
1.427000045776367188e+00
6.677999973297119141e+00
6.831999778747558594e+00
6.589999794960021973e-01
5.780000090599060059e-01
1.843999981880187988e+00
1.735999941825866699e+00
6.184000015258789062e+00
9.819999933242797852e-01
1.144999980926513672e+00
5.230000019073486328e-01
2.167999982833862305e+00
2.138999938964843750e+00
5.979999899864196777e-01
5.900000035762786865e-02
7.599999904632568359e-01
2.599999904632568359e-01
5.921999931335449219e+00
8.650000095367431641e-01
4.341000080108642578e+00
7.080000042915344238e-01
3.260000050067901611e-01
2.532999992370605469e+00
2.411999940872192383e+00
5.775000095367431641e+00
3.056999921798706055e+00
1.850000023841857910e-01
3.939999938011169434e-01
1.047999978065490723e+00
2.444999933242797852e+00
5.350999832153320312e+00
3.999000072479248047e+00
3.713999986648559570e+00
2.469999939203262329e-01
1.917000055313110352e+00
2.607000112533569336e+00
9.482999801635742188e+00
1.315000057220458984e+00
1.549000024795532227e+00
4.567999839782714844e+00
2.795000076293945312e+00
4.308000087738037109e+00
1.508999943733215332e+00
3.707000017166137695e+00
4.482999801635742188e+00
1.850000023841857910e-01
1.184999942779541016e+00
5.013999938964843750e+00
3.632999897003173828e+00
5.011000156402587891e+00
1.070000052452087402e+00
4.410000145435333252e-01
5.986000061035156250e+00
3.479999899864196777e-01
2.759000062942504883e+00
4.021999835968017578e+00
2.131000041961669922e+00
2.783999919891357422e+00
3.763000011444091797e+00
2.835000038146972656e+00
8.904000282287597656e+00
1.281000018119812012e+00
3.503000020980834961e+00
1.590000033378601074e+00
1.896999955177307129e+00
5.692999839782714844e+00
7.480000257492065430e-01
2.409999966621398926e-01
6.914999961853027344e+00
4.880000054836273193e-01
6.069999933242797852e-01
1.006000041961669922e+01
1.159999966621398926e-01
2.013999938964843750e+00
4.130000114440917969e+00
4.672999858856201172e+00
3.109999895095825195e-01
5.184000015258789062e+00
2.443000078201293945e+00
7.566999912261962891e+00
6.875999927520751953e+00
2.931999921798706055e+00
5.389999747276306152e-01
4.045000076293945312e+00
1.976999998092651367e+00
3.680000007152557373e-01
2.528000116348266602e+00
4.394000053405761719e+00
2.878000020980834961e+00
4.510000050067901611e-01
2.450999975204467773e+00
9.300000220537185669e-02
5.709999799728393555e-01
1.175999999046325684e+00
1.699000000953674316e+00
2.101999998092651367e+00
1.885400009155273438e+01
2.953999996185302734e+00
3.099999949336051941e-02
1.067000031471252441e+00
4.915999889373779297e+00
2.826999902725219727e+00
7.220000028610229492e-01
1.042000055313110352e+00
4.790000021457672119e-01
1.730999946594238281e+00
8.659999966621398926e-01
4.600000083446502686e-01
1.988000035285949707e+00
2.789999961853027344e+00
1.417000055313110352e+00
3.823999881744384766e+00
8.519999980926513672e-01
2.299000024795532227e+00
1.623999953269958496e+00
1.978000044822692871e+00
4.346000194549560547e+00
1.340000033378601074e+00
2.750999927520751953e+00
2.009000062942504883e+00
6.380000114440917969e-01
1.756999969482421875e+00
2.747999906539916992e+00
1.739999949932098389e-01
1.276000022888183594e+00
7.299999892711639404e-02
1.723999977111816406e+00
3.149999976158142090e-01
8.080000281333923340e-01
2.700000107288360596e-01
4.210000038146972656e+00
8.410000205039978027e-01
7.530000209808349609e-01
3.503000020980834961e+00
1.483999967575073242e+00
3.736000061035156250e+00
6.309999823570251465e-01
8.200000226497650146e-02
1.297999978065490723e+00
5.260000228881835938e-01
7.910000085830688477e-01
5.102000236511230469e+00
1.133999943733215332e+00
1.299000024795532227e+00
2.236999988555908203e+00
4.686999797821044922e+00
1.340000033378601074e-01
3.042999982833862305e+00
6.669999957084655762e-01
5.030000209808349609e-01
4.110000133514404297e-01
5.090000033378601074e-01
1.050999999046325684e+00
9.390000104904174805e-01
5.586999893188476562e+00
3.599999845027923584e-02
1.080000028014183044e-01
5.842999935150146484e+00
2.016000032424926758e+00
2.342999935150146484e+00
3.595000028610229492e+00
3.689999878406524658e-01
3.400000184774398804e-02
2.190000057220458984e+00
7.096000194549560547e+00
2.585999965667724609e+00
1.850000023841857910e-01
2.539000034332275391e+00
2.426000118255615234e+00
4.078999996185302734e+00
6.790000200271606445e-01
1.034000039100646973e+00
3.982000112533569336e+00
1.810999989509582520e+00
2.370000034570693970e-01
2.419999986886978149e-01
5.893000125885009766e+00
1.294000029563903809e+00
3.926000118255615234e+00
2.621999979019165039e+00
5.329999923706054688e-01
1.185999989509582520e+00
1.899999938905239105e-02
1.404000043869018555e+00
1.829999983310699463e-01
1.950000047683715820e+00
2.095999956130981445e+00
1.169999957084655762e+00
2.500999927520751953e+00
2.999000072479248047e+00
1.271000027656555176e+00
1.473000049591064453e+00
1.590999960899353027e+00
2.285000085830688477e+00
1.001999974250793457e+00
6.532999992370605469e+00
9.319999814033508301e-01
2.359999895095825195e+00
7.480000257492065430e-01
2.915999889373779297e+00
5.630000233650207520e-01
9.099999815225601196e-02
4.920000135898590088e-01
2.167000055313110352e+00
5.010000228881835938e+00
2.756000041961669922e+00
4.909999966621398926e-01
3.279000043869018555e+00
1.958999991416931152e+00
2.085000038146972656e+00
5.699999928474426270e-01
4.480000138282775879e-01
2.825999975204467773e+00
4.353000164031982422e+00
5.221000194549560547e+00
9.640000343322753906e+00
8.410000205039978027e-01
8.600999832153320312e+00
2.782999992370605469e+00
4.990000128746032715e-01
3.770000040531158447e-01
1.922000050544738770e+00
9.399999678134918213e-02
1.052999973297119141e+00
2.602999925613403320e+00
5.250000000000000000e+00
6.677000045776367188e+00
1.044000029563903809e+00
2.165999889373779297e+00
2.469999939203262329e-01
7.445000171661376953e+00
1.833999991416931152e+00
2.180999994277954102e+00
1.180999994277954102e+00
2.187000036239624023e+00
3.276000022888183594e+00
1.608999967575073242e+00
2.960000038146972656e-01
8.299999684095382690e-02
1.059000015258789062e+00
7.680000066757202148e-01
2.939999997615814209e-01
2.585000038146972656e+00
8.130000233650207520e-01
4.024000167846679688e+00
1.830000042915344238e+00
4.040000140666961670e-01
5.626999855041503906e+00
