3.882999897003173828e+00
9.493800354003906250e+01
1.866099929809570312e+01
2.078999996185302734e+00
7.045500183105468750e+01
6.679999828338623047e-01
3.068000078201293945e+00
4.730999946594238281e+00
7.675000190734863281e+00
1.713739929199218750e+02
5.840299987792968750e+01
7.407599639892578125e+01
7.003969726562500000e+02
2.283727050781250000e+03
3.577996093750000000e+03
2.079299926757812500e+01
2.582999992370605469e+01
2.421640014648437500e+02
2.493999958038330078e+00
2.295000076293945312e+01
5.180850219726562500e+02
1.000000000000000000e+00
7.667500305175781250e+01
5.721000194549560547e+00
1.052720947265625000e+03
9.498000144958496094e+00
5.196000099182128906e+00
4.583819885253906250e+02
1.104428955078125000e+03
1.305200004577636719e+01
1.898249969482421875e+02
1.815082031250000000e+03
2.358999967575073242e+00
1.550999999046325684e+00
1.006009979248046875e+02
3.262200164794921875e+01
2.016340026855468750e+02
4.549440002441406250e+02
7.133999824523925781e+00
2.269899940490722656e+01
2.482449951171875000e+02
2.355599975585937500e+01
2.873229980468750000e+02
6.032290039062500000e+02
9.149999618530273438e+00
3.518439941406250000e+02
3.355999946594238281e+00
1.357120056152343750e+02
3.917999982833862305e+00
2.974999904632568359e+00
1.336999988555908203e+01
1.169600009918212891e+01
1.829899978637695312e+01
4.921400070190429688e+01
5.973270263671875000e+02
9.571199798583984375e+01
1.062078002929687500e+03
3.256459960937500000e+02
1.550800037384033203e+01
1.744482055664062500e+03
2.743954101562500000e+03
2.253000020980834961e+00
1.133000016212463379e+00
5.158999919891357422e+00
3.716040039062500000e+02
4.547170104980468750e+02
6.132999897003173828e+00
1.211032958984375000e+03
1.739052978515625000e+03
1.042000055313110352e+00
3.149999976158142090e-01
1.903300094604492188e+01
4.299300003051757812e+01
3.270999908447265625e+00
1.090869018554687500e+03
2.887700080871582031e+01
2.241600036621093750e+01
3.182200050354003906e+01
7.489160156250000000e+02
1.315999984741210938e+01
3.786299896240234375e+01
1.381250000000000000e+02
3.325999975204467773e+00
2.164525878906250000e+03
1.035264038085937500e+03
6.217999877929687500e+02
2.766229858398437500e+02
7.941999912261962891e+00
3.658399963378906250e+01
1.661614013671875000e+03
1.144847045898437500e+03
8.369200134277343750e+01
8.157099914550781250e+01
3.008200073242187500e+01
1.685859985351562500e+02
8.119999885559082031e+00
1.455070037841796875e+02
1.731714965820312500e+03
3.241900024414062500e+02
3.435351074218750000e+03
3.076250000000000000e+02
6.113359985351562500e+02
2.009799957275390625e+01
4.009199905395507812e+01
1.338999986648559570e+00
4.389400100708007812e+01
5.413199996948242188e+01
3.773540039062500000e+02
4.189099884033203125e+01
7.914700317382812500e+01
2.210570068359375000e+02
8.746499633789062500e+01
1.458029937744140625e+02
3.002000093460083008e+00
1.141875976562500000e+03
1.157089996337890625e+02
8.096090087890625000e+02
5.310000181198120117e-01
4.285870056152343750e+02
4.672999858856201172e+00
2.503100013732910156e+01
5.166999816894531250e+00
5.439599990844726562e+01
9.260399627685546875e+01
8.932900238037109375e+01
5.653619995117187500e+02
2.981148925781250000e+03
9.279999732971191406e+00
3.005000114440917969e+00
1.148828979492187500e+03
1.664999961853027344e+01
1.460878051757812500e+03
2.502415039062500000e+03
7.869089965820312500e+02
1.410000038146972656e+01
1.411738037109375000e+03
5.882199859619140625e+01
7.359509887695312500e+02
2.536999940872192383e+00
1.820639953613281250e+02
2.171999931335449219e+01
3.790999889373779297e+00
5.214210205078125000e+02
2.276718994140625000e+03
2.643859863281250000e+02
4.044000148773193359e+00
2.828000068664550781e+00
1.264999985694885254e+00
6.730599975585937500e+01
4.878900146484375000e+01
4.992000102996826172e+00
1.414587036132812500e+03
1.056255004882812500e+03
1.839360046386718750e+02
5.835900115966796875e+01
1.106299972534179688e+01
1.653567016601562500e+03
1.851360015869140625e+02
3.289000034332275391e+00
7.043099975585937500e+02
3.040999889373779297e+00
1.421000003814697266e+00
2.198824951171875000e+03
9.810000061988830566e-01
5.333000183105468750e+00
2.881897949218750000e+03
2.972400093078613281e+01
3.004599952697753906e+01
9.861389770507812500e+02
3.263000011444091797e+00
4.779000091552734375e+01
8.846199798583984375e+01
1.310270996093750000e+03
4.415999889373779297e+00
1.659000039100646973e+00
7.300000190734863281e+00
4.181100082397460938e+01
1.295300006866455078e+01
1.033557983398437500e+03
1.166949996948242188e+02
1.906200027465820312e+01
2.585440063476562500e+02
2.802000045776367188e+00
7.610000133514404297e+00
5.465800094604492188e+01
4.480599975585937500e+01
3.874499893188476562e+01
8.652000427246093750e+00
2.375000000000000000e+00
2.527599906921386719e+01
1.475560058593750000e+03
6.703199768066406250e+01
2.342099952697753906e+01
1.154800033569335938e+01
1.771000027656555176e+00
4.202000122070312500e+02
1.075999975204467773e+00
3.091000080108642578e+00
1.705729980468750000e+02
6.835549926757812500e+02
4.276999950408935547e+00
9.440000057220458984e-01
3.385999917984008789e+00
1.674219970703125000e+02
5.612999916076660156e+00
1.340900039672851562e+01
6.716030273437500000e+02
2.831902099609375000e+03
3.819000005722045898e+00
2.014550018310546875e+02
5.493799972534179688e+01
1.439559936523437500e+02
6.855699920654296875e+01
4.933330078125000000e+02
6.160529785156250000e+02
4.861999988555908203e+00
7.788000106811523438e+00
1.911089965820312500e+03
8.692880249023437500e+02
2.379880065917968750e+02
5.134400177001953125e+01
4.576000213623046875e+00
8.582099914550781250e+01
5.346589965820312500e+02
3.716000080108642578e+00
2.003905029296875000e+03
9.990000128746032715e-01
5.330400085449218750e+01
9.542400360107421875e+01
6.415999889373779297e+00
6.781000137329101562e+00
2.202599906921386719e+01
8.062000274658203125e+00
8.444000244140625000e+00
5.061100006103515625e+01
4.000999927520751953e+00
1.033031982421875000e+03
2.333699989318847656e+01
4.148500061035156250e+01
1.437925048828125000e+03
2.685899925231933594e+01
7.624810180664062500e+02
2.645700073242187500e+01
5.441999912261962891e+00
5.590000152587890625e+00
2.068000078201293945e+00
3.983969970703125000e+03
1.916000008583068848e+00
8.180000185966491699e-01
7.677550048828125000e+02
4.847349853515625000e+02
6.794000148773193359e+00
1.434219970703125000e+02
1.169319946289062500e+03
3.358000040054321289e+00
1.218430023193359375e+02
2.417327880859375000e+03
9.214499664306640625e+01
2.095999956130981445e+00
1.690068969726562500e+03
4.465200042724609375e+01
1.204599952697753906e+01
6.236999988555908203e+00
1.504999995231628418e+00
2.907518066406250000e+03
2.689900016784667969e+01
7.624890136718750000e+02
1.643520050048828125e+02
4.770899963378906250e+01
6.868599700927734375e+01
1.886999964714050293e+00
5.756000137329101562e+01
9.588999748229980469e+00
8.128500366210937500e+01
1.536909942626953125e+02
9.691000366210937500e+01
5.577299880981445312e+01
6.309999823570251465e-01
7.953999996185302734e+00
3.387200164794921875e+01
1.848267944335937500e+03
3.085300064086914062e+01
1.794859924316406250e+02
2.125999927520751953e+00
5.178920288085937500e+02
4.396900177001953125e+01
1.315000057220458984e+00
4.280000209808349609e+00
1.664000034332275391e+00
3.191200065612792969e+01
1.677999973297119141e+00
1.987700080871582031e+01
7.839999794960021973e-01
1.962100028991699219e+01
2.792499923706054688e+01
6.063100051879882812e+01
6.401000022888183594e+00
1.368563964843750000e+03
9.749329833984375000e+02
2.065000057220458984e+00
2.618000030517578125e+00
8.979599761962890625e+01
6.320000290870666504e-01
1.478299999237060547e+01
1.054300022125244141e+01
3.399240112304687500e+02
1.209359970092773438e+02
1.612072021484375000e+03
1.830579986572265625e+02
1.401999950408935547e+00
5.032999992370605469e+00
9.434489746093750000e+02
5.951060180664062500e+02
4.776000022888183594e+00
3.789140014648437500e+02
1.179399967193603516e+01
1.697400093078613281e+01
3.625999927520751953e+00
2.510999917984008789e+00
3.869999945163726807e-01
5.421999931335449219e+00
8.382199859619140625e+01
2.802000045776367188e+00
2.716690063476562500e+02
5.095580139160156250e+02
3.946000099182128906e+00
6.084000110626220703e+00
4.010000228881835938e+00
4.361329956054687500e+02
1.954420013427734375e+02
1.138755981445312500e+03
1.083399963378906250e+01
6.801539916992187500e+02
2.948510131835937500e+02
1.623000025749206543e+00
1.478899955749511719e+01
2.298299980163574219e+01
1.297574951171875000e+03
2.953000068664550781e+00
1.497765991210937500e+03
1.197103027343750000e+03
8.818389892578125000e+02
2.460999965667724609e+00
1.431799926757812500e+02
2.518329101562500000e+03
3.392499923706054688e+01
3.979999923706054688e+01
2.500499916076660156e+01
5.901000022888183594e+00
2.306749023437500000e+03
2.839389953613281250e+02
2.886189880371093750e+02
2.463439941406250000e+03
3.963489990234375000e+02
6.374699707031250000e+02
1.103755004882812500e+03
2.253999948501586914e+00
1.230067016601562500e+03
9.538950195312500000e+02
1.293799972534179688e+01
2.270999908447265625e+00
1.041920013427734375e+02
3.926000118255615234e+00
3.842999935150146484e+00
1.526150054931640625e+02
2.509957031250000000e+03
4.035900115966796875e+01
2.149239959716796875e+02
1.051411010742187500e+03
2.107753906250000000e+03
9.109200286865234375e+01
9.381099700927734375e+01
1.332059936523437500e+02
4.211600112915039062e+01
4.422999858856201172e+00
9.280989990234375000e+02
1.415999984741210938e+01
2.207999944686889648e+00
5.912000179290771484e+00
2.419300079345703125e+01
1.139299964904785156e+01
5.416999816894531250e+00
1.473999977111816406e+00
1.751219940185546875e+02
1.863192993164062500e+03
1.613000035285949707e+00
3.970000028610229492e+00
2.016200065612792969e+01
1.378999948501586914e+00
1.713277954101562500e+03
1.382699966430664062e+01
1.807000041007995605e+00
1.049899959564208984e+01
2.647200012207031250e+01
3.795399856567382812e+01
7.417400360107421875e+01
2.178999900817871094e+00
1.336419982910156250e+02
5.704279785156250000e+02
1.544099998474121094e+01
1.570277954101562500e+03
6.111800003051757812e+01
1.398366943359375000e+03
4.160999774932861328e+00
3.286999940872192383e+00
3.412130126953125000e+02
3.506000041961669922e+00
9.012000083923339844e+00
7.250000238418579102e-01
7.959140014648437500e+02
3.676000118255615234e+00
3.711999893188476562e+00
6.833519897460937500e+02
2.496699905395507812e+01
4.026300048828125000e+01
8.057700347900390625e+01
1.015410003662109375e+02
1.801360015869140625e+02
1.490299987792968750e+01
3.105999946594238281e+00
2.997999906539916992e+00
1.801589965820312500e+02
4.879600143432617188e+01
6.237300109863281250e+01
1.260869979858398438e+02
2.947592041015625000e+03
3.144999980926513672e+00
3.908700180053710938e+01
5.890800094604492188e+01
1.596000003814697266e+01
7.072999954223632812e+00
1.212505004882812500e+03
2.344680023193359375e+02
1.271999955177307129e+00
1.264999985694885254e+00
2.378999948501586914e+00
2.076399993896484375e+01
9.071749877929687500e+02
2.444700050354003906e+01
2.203000068664550781e+01
1.613260040283203125e+02
9.955100250244140625e+01
8.947999954223632812e+00
1.485599994659423828e+01
2.487032958984375000e+03
4.292499923706054688e+01
1.917000055313110352e+00
4.648699951171875000e+01
2.499082031250000000e+03
2.244999885559082031e+00
2.502972900390625000e+03
1.716959960937500000e+03
3.792000055313110352e+00
1.542369995117187500e+02
2.267600059509277344e+01
3.363999938964843750e+01
1.386299991607666016e+01
3.566999912261962891e+00
3.207099914550781250e+02
2.837299919128417969e+01
5.524000167846679688e+01
3.118599853515625000e+02
2.358979949951171875e+02
2.836999893188476562e+00
4.438000202178955078e+00
4.842999935150146484e+00
1.281499938964843750e+02
2.573200035095214844e+01
2.881999969482421875e+00
5.078349914550781250e+02
2.016300010681152344e+01
6.945739746093750000e+02
1.293578979492187500e+03
1.300199985504150391e+01
1.059200000762939453e+01
5.651200103759765625e+01
1.492599964141845703e+01
3.322600173950195312e+01
2.346199989318847656e+01
1.855500030517578125e+01
1.199156005859375000e+03
3.412699890136718750e+01
4.554989929199218750e+02
2.333600044250488281e+01
4.699999809265136719e+00
2.317160034179687500e+02
3.633940124511718750e+02
1.435910034179687500e+02
4.248500061035156250e+01
1.592777954101562500e+03
9.453170166015625000e+02
1.789999961853027344e+00
1.029100036621093750e+01
4.495999813079833984e+00
7.295330200195312500e+02
2.309000015258789062e+00
2.679400062561035156e+01
6.829920043945312500e+02
2.026999950408935547e+00
8.663999938964843750e+01
7.465549926757812500e+02
2.432129974365234375e+02
1.038899993896484375e+01
8.253999710083007812e+00
5.238999843597412109e+00
1.777168945312500000e+03
1.781999969482421875e+01
1.297099971771240234e+01
4.896870117187500000e+02
6.313740234375000000e+02
4.999800109863281250e+01
4.436999797821044922e+00
7.440000057220458984e+00
4.489199829101562500e+01
5.595560302734375000e+02
7.706999778747558594e+00
4.080939941406250000e+02
9.801599884033203125e+01
6.359000205993652344e+00
3.127400016784667969e+01
1.652899932861328125e+01
1.488009948730468750e+02
1.258300018310546875e+01
2.585199928283691406e+01
4.366999816894531250e+01
6.594520263671875000e+02
4.831999778747558594e+00
1.544170074462890625e+02
1.195500030517578125e+02
7.357700347900390625e+01
3.495719909667968750e+02
1.883289947509765625e+02
1.086800003051757812e+01
6.626999855041503906e+00
5.458000183105468750e+00
4.289999902248382568e-01
5.596200180053710938e+01
1.436499977111816406e+01
1.250339965820312500e+02
2.857000112533569336e+00
3.531562011718750000e+03
2.410000085830688477e+00
7.243579711914062500e+02
1.066709960937500000e+03
2.987800025939941406e+01
6.049300003051757812e+01
7.900000095367431641e+00
1.445119934082031250e+02
9.924260253906250000e+02
3.353099822998046875e+01
1.214899978637695312e+02
6.715000152587890625e+00
8.062069702148437500e+02
3.060000038146972656e+01
4.253640136718750000e+02
4.281149902343750000e+02
1.069465942382812500e+03
3.569809875488281250e+02
2.983999967575073242e+00
6.559200286865234375e+01
3.134300041198730469e+01
6.186999797821044922e+00
1.666000008583068848e+00
4.193000030517578125e+01
1.019430007934570312e+02
8.461999893188476562e+00
1.603423950195312500e+03
2.659399986267089844e+01
3.522000074386596680e+00
3.302299880981445312e+01
8.946890258789062500e+02
4.219999909400939941e-01
1.038500022888183594e+01
7.366779785156250000e+02
1.163369018554687500e+03
1.280789947509765625e+02
3.148999929428100586e+00
2.106584960937500000e+03
3.365999937057495117e+00
1.620270996093750000e+03
5.789429931640625000e+02
9.024000167846679688e+00
3.968999862670898438e+01
3.924979858398437500e+02
3.150600051879882812e+01
3.091000080108642578e+00
1.408809967041015625e+02
5.134199905395507812e+01
2.339999961853027344e+01
3.477999925613403320e+00
3.114000082015991211e+00
1.000100040435791016e+01
8.326000213623046875e+00
6.817999839782714844e+00
2.253979949951171875e+02
1.644099998474121094e+01
1.554899978637695312e+01
4.212400054931640625e+01
1.252600002288818359e+01
2.995499877929687500e+02
1.851799964904785156e+01
1.157366943359375000e+03
5.020700073242187500e+01
5.206209716796875000e+02
3.376800155639648438e+01
1.737915039062500000e+03
7.238600158691406250e+01
2.984559936523437500e+02
1.847390014648437500e+03
5.480000019073486328e+00
1.779545043945312500e+03
2.125999927520751953e+00
3.292000055313110352e+00
1.414350952148437500e+03
4.204999923706054688e+00
9.419999718666076660e-01
8.182999610900878906e+00
1.978000044822692871e+00
4.564000129699707031e+00
2.978199958801269531e+01
3.126499938964843750e+01
1.791699981689453125e+01
1.541450042724609375e+02
2.177969970703125000e+03
9.327500152587890625e+01
8.859999775886535645e-01
3.059999942779541016e+00
2.339609985351562500e+02
3.939999938011169434e-01
7.242180175781250000e+02
5.964099884033203125e+01
3.929599914550781250e+02
2.443000078201293945e+00
7.757800292968750000e+01
2.648000001907348633e+00
1.376000046730041504e+00
7.686900329589843750e+01
4.642000198364257812e+00
1.043200016021728516e+01
9.293800354003906250e+01
1.323499965667724609e+01
2.145407958984375000e+03
1.095660018920898438e+02
1.668300056457519531e+01
4.689006835937500000e+03
6.405000209808349609e+00
4.545000076293945312e+00
7.465000152587890625e+00
3.363999938964843750e+01
2.677000045776367188e+00
2.440999984741210938e+00
1.524843017578125000e+03
7.574910278320312500e+02
7.914399719238281250e+01
1.017899990081787109e+01
5.449010009765625000e+02
2.792000055313110352e+00
7.413000106811523438e+00
8.167750244140625000e+02
1.105165039062500000e+03
2.997590026855468750e+02
1.335944946289062500e+03
2.094000101089477539e+00
1.645249938964843750e+02
1.536200046539306641e+01
3.492000102996826172e+00
1.652899932861328125e+01
7.828000068664550781e+00
8.752500152587890625e+01
4.862999916076660156e+00
1.037600040435791016e+01
1.195800018310546875e+01
4.074999809265136719e+00
2.039800071716308594e+01
2.077599906921386719e+01
1.137534057617187500e+03
1.097000002861022949e+00
4.510000228881835938e+00
8.240699768066406250e+01
1.018169006347656250e+03
1.420499992370605469e+01
1.932099914550781250e+01
2.775300025939941406e+01
1.283480072021484375e+02
1.018050003051757812e+02
4.027999877929687500e+00
3.849150085449218750e+02
2.955699920654296875e+01
3.369999885559082031e+00
3.359600067138671875e+01
2.176000061035156250e+02
7.366030273437500000e+02
1.822000026702880859e+00
1.109649963378906250e+02
3.877600097656250000e+01
4.298999786376953125e+00
6.066450195312500000e+02
2.229129943847656250e+02
5.399000167846679688e+00
3.009600067138671875e+01
3.650199890136718750e+01
5.289699935913085938e+01
1.004199981689453125e+01
5.421999931335449219e+00
2.187000036239624023e+00
1.820999979972839355e+00
1.453223999023437500e+03
5.655000209808349609e+00
2.892919921875000000e+02
2.912780151367187500e+02
9.509999752044677734e-01
7.520899963378906250e+01
3.365999937057495117e+00
3.605939941406250000e+02
9.033300018310546875e+01
5.048699951171875000e+01
7.213809814453125000e+02
4.013299942016601562e+01
2.969199943542480469e+01
7.939000129699707031e+00
1.845199966430664062e+01
2.662479858398437500e+02
1.211330032348632812e+02
1.343999958038330078e+01
1.228510009765625000e+03
9.010330200195312500e+02
8.805999755859375000e+00
2.877390136718750000e+02
1.129781982421875000e+03
9.685000419616699219e+00
1.044900035858154297e+01
1.213229980468750000e+02
8.719999790191650391e-01
2.515939941406250000e+02
2.387000083923339844e+00
2.493000030517578125e+01
5.559999942779541016e+00
6.446090087890625000e+02
2.212599945068359375e+01
6.649800109863281250e+01
1.113339996337890625e+02
7.845400238037109375e+01
2.388970031738281250e+02
3.765000104904174805e+00
3.093700027465820312e+01
1.743500061035156250e+02
3.868280029296875000e+02
5.082080078125000000e+02
4.118150024414062500e+02
6.403959960937500000e+02
1.638750000000000000e+02
1.757799911499023438e+01
4.689000129699707031e+00
8.780000209808349609e-01
4.330999851226806641e+00
7.180400085449218750e+01
5.264999866485595703e+00
9.148400115966796875e+01
4.497000217437744141e+00
1.409989929199218750e+02
8.244999885559082031e+00
8.153500366210937500e+01
6.708000183105468750e+00
3.726999998092651367e+00
4.164389953613281250e+02
1.471650024414062500e+03
2.197200012207031250e+01
2.305999994277954102e+00
1.189700031280517578e+01
5.285999774932861328e+00
6.440000057220458984e+00
2.188020019531250000e+02
8.224730224609375000e+02
2.341679992675781250e+02
1.735395996093750000e+03
2.798009948730468750e+02
2.871000051498413086e+00
1.825000047683715820e+00
6.002529907226562500e+02
3.321665039062500000e+03
1.735566040039062500e+03
2.340390014648437500e+02
2.259896972656250000e+03
8.530400085449218750e+01
8.804840087890625000e+02
6.359600067138671875e+01
2.306999921798706055e+00
1.829614013671875000e+03
7.548999786376953125e+00
1.433909057617187500e+03
3.818799972534179688e+01
6.706099700927734375e+01
1.505399990081787109e+01
3.276000022888183594e+00
1.075709991455078125e+02
4.707699966430664062e+01
5.649000167846679688e+00
2.707000017166137695e+00
4.059400177001953125e+01
3.789999961853027344e+00
6.260759887695312500e+02
3.977500152587890625e+01
4.198729858398437500e+02
1.140613037109375000e+03
1.081700038909912109e+01
2.607720947265625000e+03
1.460999965667724609e+00
1.271899986267089844e+01
4.453000068664550781e+00
1.901068969726562500e+03
3.321000099182128906e+00
3.720999956130981445e+00
2.303999900817871094e+00
1.812000036239624023e+00
3.506000041961669922e+00
5.644000053405761719e+00
1.846210021972656250e+02
1.917900085449218750e+01
3.997999954223632812e+01
1.293999958038330078e+01
1.544699954986572266e+01
1.420499992370605469e+01
5.893500137329101562e+01
3.204849853515625000e+02
4.516400146484375000e+01
8.009999990463256836e-01
1.841079956054687500e+03
2.582999944686889648e+00
6.682490234375000000e+02
3.240660095214843750e+02
9.612830200195312500e+02
4.172999858856201172e+00
3.663100051879882812e+01
6.611100006103515625e+01
6.894000053405761719e+00
9.745139770507812500e+02
4.521999835968017578e+00
3.334540100097656250e+02
5.960000157356262207e-01
3.298000097274780273e+00
1.695999979972839355e+00
4.295700073242187500e+01
6.264699707031250000e+02
2.388699913024902344e+01
1.733999967575073242e+00
6.527799987792968750e+01
4.250199890136718750e+01
3.913199996948242188e+01
3.639670104980468750e+02
1.430449951171875000e+03
2.778000116348266602e+00
2.962229919433593750e+02
4.550199890136718750e+01
1.971522949218750000e+03
7.670400238037109375e+01
3.015620117187500000e+02
8.249999880790710449e-01
1.443670043945312500e+02
2.181999921798706055e+00
8.715000152587890625e+00
3.180999994277954102e+00
2.583760070800781250e+02
7.318969726562500000e+02
2.235599975585937500e+02
2.750000000000000000e+00
5.612999916076660156e+00
6.996499633789062500e+01
2.927999973297119141e+00
3.879499816894531250e+01
3.877200012207031250e+02
4.968280029296875000e+02
3.713129882812500000e+02
1.130083007812500000e+03
1.790751953125000000e+03
1.927000045776367188e+00
5.944100189208984375e+01
6.559270019531250000e+02
2.926227050781250000e+03
1.566499996185302734e+01
8.110219726562500000e+02
1.463786987304687500e+03
4.299700164794921875e+01
6.660000085830688477e-01
5.345079956054687500e+02
6.185999870300292969e+00
1.760428955078125000e+03
3.563600158691406250e+01
1.005900001525878906e+01
1.121959991455078125e+02
6.481999874114990234e+00
3.117000102996826172e+00
4.939089965820312500e+02
1.170499992370605469e+01
2.246999979019165039e+00
1.113999962806701660e+00
5.135499954223632812e+01
6.067830200195312500e+02
3.201999902725219727e+00
4.514999866485595703e+00
4.914799880981445312e+01
1.180568969726562500e+03
3.632699966430664062e+01
2.054999923706054688e+01
4.188000202178955078e+00
5.410800170898437500e+01
5.776999950408935547e+00
4.100000000000000000e+01
2.193000078201293945e+00
1.183600044250488281e+01
2.839999914169311523e+00
1.201200027465820312e+02
1.017229980468750000e+03
2.377000093460083008e+00
2.796999931335449219e+00
4.783499908447265625e+01
1.340582031250000000e+03
7.318999767303466797e+00
8.632199859619140625e+01
6.283399963378906250e+01
1.087954956054687500e+03
2.293999910354614258e+00
9.723500061035156250e+01
1.505700016021728516e+01
1.855999946594238281e+00
2.023999929428100586e+00
3.040600013732910156e+01
2.827909851074218750e+02
1.056000041961669922e+01
7.459899902343750000e+01
1.844229003906250000e+03
5.282999992370605469e+00
4.649400024414062500e+02
7.738209838867187500e+02
1.643600082397460938e+01
3.653000116348266602e+00
9.710000157356262207e-01
9.117860107421875000e+02
8.331999778747558594e+00
1.459300041198730469e+01
7.914000034332275391e+00
2.571400070190429688e+01
9.480000138282775879e-01
2.669799995422363281e+01
1.300789947509765625e+02
3.878229980468750000e+02
2.519999980926513672e+00
5.853300094604492188e+01
4.772499847412109375e+01
1.127959976196289062e+02
3.987599945068359375e+01
6.967199707031250000e+01
3.934049987792968750e+02
3.427000045776367188e+00
1.476799964904785156e+01
3.823999881744384766e+00
5.520100021362304688e+01
6.802600097656250000e+01
3.556999921798706055e+00
6.261500244140625000e+02
1.105200004577636719e+01
1.164000034332275391e+01
1.893000006675720215e+00
3.997499847412109375e+01
3.431200027465820312e+01
1.652850036621093750e+02
2.117900085449218750e+01
6.815999984741210938e+00
2.301600074768066406e+01
1.325100040435791016e+01
3.187999963760375977e+00
3.688199996948242188e+01
1.399256958007812500e+03
1.400069946289062500e+03
4.337330017089843750e+02
3.088000059127807617e+00
5.563599853515625000e+02
1.911999940872192383e+00
1.578999996185302734e+00
1.171000003814697266e+00
3.204916015625000000e+03
2.203999996185302734e+00
4.156200027465820312e+01
4.785999774932861328e+00
2.943000078201293945e+00
9.493000030517578125e+00
8.478140258789062500e+02
1.037819976806640625e+02
2.032699966430664062e+01
4.260969848632812500e+02
4.155699920654296875e+01
4.323199844360351562e+01
3.015000104904174805e+00
3.181599998474121094e+01
5.934000015258789062e+00
3.241520080566406250e+02
6.458000183105468750e+00
7.254249877929687500e+02
1.322608032226562500e+03
5.260000228881835938e-01
1.574254028320312500e+03
