1.252000045776367188e+01
5.569800186157226562e+01
1.327999973297119141e+01
6.423439941406250000e+02
2.271299934387207031e+01
1.650300025939941406e+01
9.869499969482421875e+01
2.993300056457519531e+01
7.688099670410156250e+01
9.791699981689453125e+01
1.648500061035156250e+01
9.024000167846679688e+00
3.327500000000000000e+02
1.363769989013671875e+02
3.034819946289062500e+02
2.440099906921386719e+01
2.211269989013671875e+02
4.926599884033203125e+01
3.448900146484375000e+02
2.816300010681152344e+01
1.644790039062500000e+02
9.012699890136718750e+01
5.326599884033203125e+01
1.286230010986328125e+02
3.208800125122070312e+01
2.056779937744140625e+02
3.833789978027343750e+02
5.899499893188476562e+01
1.802209930419921875e+02
1.885489959716796875e+02
8.880400085449218750e+01
8.678900146484375000e+01
1.001699981689453125e+02
1.735910034179687500e+02
7.683250122070312500e+02
9.577200317382812500e+01
1.230200004577636719e+01
3.142200088500976562e+01
1.734300041198730469e+01
5.712799835205078125e+01
1.100110015869140625e+02
2.314440002441406250e+02
8.013600158691406250e+01
2.355679931640625000e+02
1.208899974822998047e+01
2.280999946594238281e+01
5.050899887084960938e+01
1.720019989013671875e+02
1.719199943542480469e+01
1.634700012207031250e+01
1.072350006103515625e+02
1.160429992675781250e+02
7.788200378417968750e+01
2.363600006103515625e+02
1.852559967041015625e+02
5.717999935150146484e+00
4.521830139160156250e+02
1.117099990844726562e+02
1.328719940185546875e+02
1.670559997558593750e+02
3.215700149536132812e+01
1.055289993286132812e+02
5.322700119018554688e+01
9.970000267028808594e+00
1.402900028228759766e+01
7.290399932861328125e+01
1.463199996948242188e+01
5.900899887084960938e+01
8.617400360107421875e+01
9.182999610900878906e+00
3.551260070800781250e+02
1.056119995117187500e+02
1.990690002441406250e+02
2.337489929199218750e+02
3.699960021972656250e+02
2.106580047607421875e+02
1.603800010681152344e+01
1.687109985351562500e+02
2.933399963378906250e+01
6.798600006103515625e+01
4.244599914550781250e+02
1.302519989013671875e+02
1.867700004577636719e+01
2.169100036621093750e+02
4.802700042724609375e+01
9.166200256347656250e+01
9.163999557495117188e+00
3.049349975585937500e+02
4.685599899291992188e+01
7.773300170898437500e+01
8.283200073242187500e+01
2.466500091552734375e+01
2.501499938964843750e+02
2.544400024414062500e+01
4.118590087890625000e+02
2.208229980468750000e+02
3.458299865722656250e+02
7.342700195312500000e+01
2.877400016784667969e+01
2.495299911499023438e+01
2.506500053405761719e+01
1.212529983520507812e+02
7.620999813079833984e+00
2.052199935913085938e+01
5.987769775390625000e+02
3.977899932861328125e+01
2.292000055313110352e+00
8.746499633789062500e+01
2.493990020751953125e+02
4.872299957275390625e+01
2.059600067138671875e+02
1.463090057373046875e+02
5.616000175476074219e+00
1.009000015258789062e+01
1.336320037841796875e+02
3.906399917602539062e+01
1.983799934387207031e+01
2.533099975585937500e+02
5.742300033569335938e+01
1.002990036010742188e+02
1.196250000000000000e+02
5.381329956054687500e+02
1.248259963989257812e+02
1.694700050354003906e+01
4.461600036621093750e+02
1.840540008544921875e+02
3.307500076293945312e+01
4.090700149536132812e+01
6.233100128173828125e+01
2.769830017089843750e+02
1.681629943847656250e+02
9.906800079345703125e+01
1.024789962768554688e+02
1.593880004882812500e+02
9.303800201416015625e+01
2.197920074462890625e+02
8.967500305175781250e+01
2.255299949645996094e+01
4.322399902343750000e+01
3.980000019073486328e+00
6.399200057983398438e+01
3.140399932861328125e+01
1.002040023803710938e+02
1.003330001831054688e+02
2.114259948730468750e+02
4.577489929199218750e+02
1.230019989013671875e+02
7.113300323486328125e+01
4.975199890136718750e+01
8.604999542236328125e+00
3.057500076293945312e+01
5.940700149536132812e+01
3.187899971008300781e+01
4.001300048828125000e+01
1.221589965820312500e+02
1.608500061035156250e+02
1.582400035858154297e+01
2.771679992675781250e+02
9.367700195312500000e+01
3.472299957275390625e+01
5.072800064086914062e+01
1.260999965667724609e+01
1.665900039672851562e+01
6.495400238037109375e+01
3.254429931640625000e+02
1.924680023193359375e+02
2.381999969482421875e+00
4.865399932861328125e+01
2.460000038146972656e+00
7.487100219726562500e+01
7.370600128173828125e+01
9.008000183105468750e+01
5.700099945068359375e+01
8.492600250244140625e+01
4.002269897460937500e+02
9.029499816894531250e+01
1.108499984741210938e+02
7.840000152587890625e+01
1.529669952392578125e+02
3.931140136718750000e+02
5.320000171661376953e+00
8.847899627685546875e+01
1.883410034179687500e+02
2.143430023193359375e+02
8.038999557495117188e+00
1.378500061035156250e+02
2.615939941406250000e+02
5.453999996185302734e+00
1.047570037841796875e+02
6.792500305175781250e+01
9.362100219726562500e+01
1.243799972534179688e+01
1.056839981079101562e+02
1.848450012207031250e+02
3.010180053710937500e+02
3.882199859619140625e+01
1.390200042724609375e+02
1.459689941406250000e+02
1.817969970703125000e+02
5.658999919891357422e+00
2.732999992370605469e+01
4.288789978027343750e+02
1.085739974975585938e+02
8.357800292968750000e+01
3.128400039672851562e+01
2.743739929199218750e+02
8.168399810791015625e+01
2.176199913024902344e+01
6.529399871826171875e+01
1.135210037231445312e+02
1.424309997558593750e+02
1.339400005340576172e+01
2.805200004577636719e+01
2.154299926757812500e+01
1.441699981689453125e+01
3.217000007629394531e+00
3.870899963378906250e+01
8.439000129699707031e+00
1.390799999237060547e+01
2.686080017089843750e+02
9.213000297546386719e+00
6.179899978637695312e+01
1.185400009155273438e+02
1.342319946289062500e+02
2.142369995117187500e+02
4.552210083007812500e+02
2.901600074768066406e+01
1.286400032043457031e+01
6.569499969482421875e+01
1.134200000762939453e+01
4.903400039672851562e+01
3.021419982910156250e+02
2.210799980163574219e+01
1.375899982452392578e+01
9.337999725341796875e+01
9.775299835205078125e+01
3.115999984741210938e+01
3.394699859619140625e+01
7.340000152587890625e+00
3.290399932861328125e+01
2.580729980468750000e+02
9.726499938964843750e+01
4.667200088500976562e+01
8.255599975585937500e+01
8.626899719238281250e+01
1.140589981079101562e+02
1.911929931640625000e+02
7.725900268554687500e+01
4.529600143432617188e+01
5.739999771118164062e+00
1.528580017089843750e+02
1.019779968261718750e+02
1.264520034790039062e+02
6.811499786376953125e+01
2.070119934082031250e+02
2.685199928283691406e+01
2.472440032958984375e+02
1.567059936523437500e+02
7.478600311279296875e+01
6.717000007629394531e+00
7.876799774169921875e+01
1.273130035400390625e+02
9.016200256347656250e+01
2.175099945068359375e+01
3.014500045776367188e+01
3.198600006103515625e+01
3.624399948120117188e+01
6.987500000000000000e+01
1.881020050048828125e+02
2.203020019531250000e+02
1.096689987182617188e+02
5.180500030517578125e+01
5.499000072479248047e+00
1.930100059509277344e+01
4.284199905395507812e+01
4.492699813842773438e+01
3.590800094604492188e+01
1.698029937744140625e+02
1.685489959716796875e+02
2.113299942016601562e+01
7.867000102996826172e+00
9.699000358581542969e+00
1.670370025634765625e+02
1.057180023193359375e+02
1.469699954986572266e+01
5.154100036621093750e+01
2.031699943542480469e+01
2.223999977111816406e+00
9.510999679565429688e+00
3.834320068359375000e+02
2.910740051269531250e+02
4.074200057983398438e+01
1.490420074462890625e+02
6.901100158691406250e+01
4.737300109863281250e+01
9.647599792480468750e+01
2.038930053710937500e+02
1.777099990844726562e+01
9.036299896240234375e+01
5.485699844360351562e+01
1.129810028076171875e+02
1.506199951171875000e+02
5.136000061035156250e+01
8.446900177001953125e+01
4.733300018310546875e+01
3.940000152587890625e+01
4.995000076293945312e+01
2.044960021972656250e+02
3.169199943542480469e+01
3.526539916992187500e+02
1.306799983978271484e+01
5.637099838256835938e+01
1.841390075683593750e+02
3.817499923706054688e+01
2.350619964599609375e+02
2.701690063476562500e+02
3.925799942016601562e+01
7.314199829101562500e+01
1.708499908447265625e+01
1.804329986572265625e+02
6.074000167846679688e+01
9.734999656677246094e+00
1.400149993896484375e+02
4.809469909667968750e+02
3.609540100097656250e+02
2.689200019836425781e+01
2.318000030517578125e+01
2.497999954223632812e+01
9.753000259399414062e+00
2.015600013732910156e+01
1.803499984741210938e+01
1.692669982910156250e+02
1.714800071716308594e+01
4.029299926757812500e+01
3.287569885253906250e+02
7.034999847412109375e+00
1.336190032958984375e+02
5.888100051879882812e+01
2.540050048828125000e+02
2.120010070800781250e+02
4.774259948730468750e+02
2.111069946289062500e+02
3.637550048828125000e+02
3.049200057983398438e+01
3.710799865722656250e+02
9.267800140380859375e+01
5.537000179290771484e+00
3.093869934082031250e+02
1.503840026855468750e+02
1.240820007324218750e+02
5.163399887084960938e+01
1.456699981689453125e+02
2.723080139160156250e+02
1.802499961853027344e+01
1.090600013732910156e+01
1.756299972534179688e+01
1.863130035400390625e+02
9.483499908447265625e+01
1.530749969482421875e+02
1.193799972534179688e+01
1.303639984130859375e+02
5.229700088500976562e+01
3.867300033569335938e+01
2.265399932861328125e+01
1.204929962158203125e+02
1.164140014648437500e+02
4.327600097656250000e+01
1.988199996948242188e+01
3.610599899291992188e+01
2.852000045776367188e+01
8.615100097656250000e+01
1.319949951171875000e+02
4.094800186157226562e+01
1.691210021972656250e+02
3.937200164794921875e+01
5.531700134277343750e+01
5.683720092773437500e+02
1.601300048828125000e+01
1.318400001525878906e+01
3.060899925231933594e+01
1.502899932861328125e+02
3.037590026855468750e+02
1.022799968719482422e+01
1.585200023651123047e+01
9.977100372314453125e+01
5.719760131835937500e+02
2.152510070800781250e+02
2.685599975585937500e+02
1.622030029296875000e+02
1.248339996337890625e+02
3.987599945068359375e+01
5.392300033569335938e+01
1.245699996948242188e+02
1.744609985351562500e+02
3.424000024795532227e+00
2.823070068359375000e+02
5.052799987792968750e+01
1.078470001220703125e+02
3.946799850463867188e+01
1.712599945068359375e+01
2.025699996948242188e+01
7.031000137329101562e+00
8.604100036621093750e+01
5.531600189208984375e+01
8.227999687194824219e+00
3.135710144042968750e+02
7.496399688720703125e+01
3.064119873046875000e+02
5.354499816894531250e+01
3.915599822998046875e+01
1.892900085449218750e+01
1.695229949951171875e+02
3.203099822998046875e+01
5.156100082397460938e+01
1.097979965209960938e+02
1.282699966430664062e+01
3.496310119628906250e+02
7.739900207519531250e+01
5.461040039062500000e+02
1.119900035858154297e+01
3.256889953613281250e+02
5.071200180053710938e+01
1.693300056457519531e+01
1.036100006103515625e+02
3.611919860839843750e+02
1.651899909973144531e+01
4.131999969482421875e+00
6.353799819946289062e+01
1.311519927978515625e+02
1.053190002441406250e+02
8.674800109863281250e+01
2.804299926757812500e+01
1.332920074462890625e+02
9.142299652099609375e+01
1.087300033569335938e+02
1.442539978027343750e+02
7.804000244140625000e+02
2.175799942016601562e+01
1.629069976806640625e+02
9.260700225830078125e+01
7.453750000000000000e+02
3.011449890136718750e+02
8.533000183105468750e+01
2.880500030517578125e+01
9.506900024414062500e+01
7.797899627685546875e+01
6.454299926757812500e+01
1.065940017700195312e+02
4.325199890136718750e+01
2.255140075683593750e+02
4.512300109863281250e+01
8.112999725341796875e+01
3.608160095214843750e+02
2.337059936523437500e+02
2.062570037841796875e+02
1.054300022125244141e+01
9.415200042724609375e+01
6.922599792480468750e+01
1.907640075683593750e+02
1.276289978027343750e+02
8.589399719238281250e+01
1.793379974365234375e+02
4.794900131225585938e+01
7.928999900817871094e+00
1.050690002441406250e+02
2.864500045776367188e+01
2.775699996948242188e+01
1.548439941406250000e+02
1.709850006103515625e+02
2.404770050048828125e+02
7.746700286865234375e+01
5.052500152587890625e+01
3.613359985351562500e+02
3.046999931335449219e+01
7.089600372314453125e+01
1.405639953613281250e+02
3.709799957275390625e+01
3.092999935150146484e+00
4.646289978027343750e+02
3.591099853515625000e+02
2.400420074462890625e+02
2.957869873046875000e+02
2.314239959716796875e+02
5.259700012207031250e+01
3.959999847412109375e+01
4.047700119018554688e+01
2.455290069580078125e+02
1.336100006103515625e+01
1.047210006713867188e+02
2.496599960327148438e+01
3.638299942016601562e+01
1.592539978027343750e+02
5.770100021362304688e+01
3.326999902725219727e+00
8.645000457763671875e+00
1.338480072021484375e+02
6.287799835205078125e+01
1.860000038146972656e+01
2.924970092773437500e+02
1.204410018920898438e+02
8.557800292968750000e+01
5.120999813079833984e+00
1.775900077819824219e+01
1.808229980468750000e+02
1.138150024414062500e+02
1.910400009155273438e+01
2.555000066757202148e+00
8.055300140380859375e+01
3.675299835205078125e+01
6.466000080108642578e+00
8.248000144958496094e+00
3.336999893188476562e+01
2.351150054931640625e+02
1.240650024414062500e+02
9.609300231933593750e+01
1.920440063476562500e+02
9.391799926757812500e+01
2.181500053405761719e+01
2.884670104980468750e+02
1.169749984741210938e+02
1.756139984130859375e+02
1.713240051269531250e+02
1.042199993133544922e+01
5.682300186157226562e+01
2.032010040283203125e+02
3.097869873046875000e+02
9.402200317382812500e+01
2.944620056152343750e+02
8.873000144958496094e+00
5.065950012207031250e+02
6.610299682617187500e+01
1.051330032348632812e+02
1.165250015258789062e+02
7.861299896240234375e+01
3.430220031738281250e+02
3.317100143432617188e+01
2.120000076293945312e+01
4.648150024414062500e+02
1.920989990234375000e+02
2.557500076293945312e+01
1.423659973144531250e+02
3.788299942016601562e+01
1.040579986572265625e+02
1.146039962768554688e+02
2.085290069580078125e+02
4.568210144042968750e+02
1.475440063476562500e+02
1.871300048828125000e+02
1.820700073242187500e+01
2.892839965820312500e+02
3.715549926757812500e+02
6.343700027465820312e+01
4.537099838256835938e+01
1.030100021362304688e+02
1.647599983215332031e+01
1.010799980163574219e+01
2.410700035095214844e+01
4.693399810791015625e+01
1.202610015869140625e+02
2.907799987792968750e+02
1.879530029296875000e+02
2.489100074768066406e+01
1.351360015869140625e+02
9.278900146484375000e+01
2.948930053710937500e+02
4.888499832153320312e+01
1.024499969482421875e+02
1.687599945068359375e+01
7.750299835205078125e+01
4.008399963378906250e+01
1.326299953460693359e+01
5.421099853515625000e+01
6.281000137329101562e+00
4.402420043945312500e+02
4.217699813842773438e+01
3.602799987792968750e+01
3.728099822998046875e+01
1.149670028686523438e+02
6.672559814453125000e+02
2.684280090332031250e+02
2.234000015258789062e+01
2.373100090026855469e+01
8.954299926757812500e+01
2.092499923706054688e+01
2.527389984130859375e+02
3.937099838256835938e+01
1.226250000000000000e+02
1.138929977416992188e+02
2.516260070800781250e+02
8.217099761962890625e+01
1.929320068359375000e+02
1.441779937744140625e+02
4.899909973144531250e+02
4.175450134277343750e+02
1.856629943847656250e+02
1.423799991607666016e+01
1.329800033569335938e+01
1.561200046539306641e+01
1.199079971313476562e+02
6.668900299072265625e+01
1.588840026855468750e+02
2.703859863281250000e+02
1.472000026702880859e+01
4.756999969482421875e+01
1.164900016784667969e+01
6.066600036621093750e+01
1.291199970245361328e+01
1.208030014038085938e+02
7.435999870300292969e+00
6.022299957275390625e+01
4.236999988555908203e+00
7.247599792480468750e+01
1.834790039062500000e+02
1.300760040283203125e+02
4.229000091552734375e+00
1.252109985351562500e+02
1.733990020751953125e+02
1.645579986572265625e+02
1.566640014648437500e+02
8.701799774169921875e+01
4.002730102539062500e+02
1.774709930419921875e+02
3.639230041503906250e+02
1.411849975585937500e+02
4.546999931335449219e+00
1.073990020751953125e+02
1.350599975585937500e+02
1.640890045166015625e+02
8.390499877929687500e+01
1.206299972534179688e+01
2.389239959716796875e+02
6.821800231933593750e+01
9.181300354003906250e+01
3.541350097656250000e+02
1.686599922180175781e+01
4.312200164794921875e+01
1.078800010681152344e+01
2.019230041503906250e+02
9.461999893188476562e+00
1.903769989013671875e+02
2.568359985351562500e+02
1.807599945068359375e+02
3.053499984741210938e+01
2.820889892578125000e+02
1.738489990234375000e+02
4.089500045776367188e+01
3.888399887084960938e+01
2.073529968261718750e+02
3.107850036621093750e+02
1.636450042724609375e+02
2.919150085449218750e+02
6.915999889373779297e+00
1.245499992370605469e+01
2.350399971008300781e+01
1.063199996948242188e+02
3.974100112915039062e+01
3.236000061035156250e+00
1.837100028991699219e+01
1.275250015258789062e+02
1.329920043945312500e+02
1.918400001525878906e+01
7.769400024414062500e+01
5.774100112915039062e+01
3.055599975585937500e+01
5.533100128173828125e+01
1.682299957275390625e+02
1.601399993896484375e+01
1.961499977111816406e+01
1.797200012207031250e+01
1.022259979248046875e+02
3.501359863281250000e+02
7.113500213623046875e+01
1.095500030517578125e+02
7.477000236511230469e+00
1.739109954833984375e+02
2.591799926757812500e+01
6.102099990844726562e+01
8.522699737548828125e+01
6.284500122070312500e+01
1.885650024414062500e+02
5.790399932861328125e+01
3.659379882812500000e+02
3.106200027465820312e+01
2.217769927978515625e+02
4.217000007629394531e+00
3.031399917602539062e+01
7.324999809265136719e+00
8.282999992370605469e+00
4.938399887084960938e+01
1.858580017089843750e+02
1.163519973754882812e+02
7.329000091552734375e+01
9.307700347900390625e+01
3.454399871826171875e+01
3.957999944686889648e+00
2.638100051879882812e+01
1.777250061035156250e+02
1.177829971313476562e+02
6.775900268554687500e+02
3.776239929199218750e+02
1.366430053710937500e+02
7.447000026702880859e+00
1.075078002929687500e+03
6.530000209808349609e+00
1.612700080871582031e+01
5.893399810791015625e+01
2.637789916992187500e+02
9.197499847412109375e+01
4.943099975585937500e+01
4.511399841308593750e+01
1.316399955749511719e+01
2.004800033569335938e+01
9.547000122070312500e+01
2.864249877929687500e+02
5.585999965667724609e+00
1.553560028076171875e+02
1.511100006103515625e+01
2.380899963378906250e+02
4.586640014648437500e+02
5.581600189208984375e+01
8.534799957275390625e+01
7.605300140380859375e+01
3.587269897460937500e+02
9.895200347900390625e+01
8.998899841308593750e+01
1.494140014648437500e+02
1.781410064697265625e+02
2.220000076293945312e+01
3.287290039062500000e+02
2.946619873046875000e+02
3.966500091552734375e+01
1.650529937744140625e+02
5.416400146484375000e+01
6.001499938964843750e+01
4.542599868774414062e+01
2.424799919128417969e+01
2.469700050354003906e+01
3.163800048828125000e+01
7.498799896240234375e+01
1.115670013427734375e+02
1.336230010986328125e+02
2.082200050354003906e+01
2.472200012207031250e+01
1.031640014648437500e+02
5.582490234375000000e+02
9.339199829101562500e+01
2.294579925537109375e+02
4.145800018310546875e+01
7.347200012207031250e+01
2.599100036621093750e+02
5.690900039672851562e+01
3.270999908447265625e+01
1.391920013427734375e+02
2.724399948120117188e+01
2.207900047302246094e+01
2.391499938964843750e+02
6.108649902343750000e+02
8.167700195312500000e+01
1.185879974365234375e+02
9.616200256347656250e+01
1.535900020599365234e+01
5.062099838256835938e+01
4.100090026855468750e+02
2.222449951171875000e+02
4.831999778747558594e+00
1.532409973144531250e+02
4.325600051879882812e+01
5.421000003814697266e+00
6.794200134277343750e+01
3.687400054931640625e+01
1.271300029754638672e+01
1.518609924316406250e+02
3.629809875488281250e+02
7.229699707031250000e+01
7.270999908447265625e+00
2.072920074462890625e+02
2.569799995422363281e+01
1.533710021972656250e+02
3.411299896240234375e+01
1.013420028686523438e+02
2.800000000000000000e+01
1.162549972534179688e+02
1.125690002441406250e+02
2.894580078125000000e+02
1.581099987030029297e+01
6.638300323486328125e+01
1.467590026855468750e+02
1.652850036621093750e+02
1.106340026855468750e+02
7.358699798583984375e+01
3.677860107421875000e+02
7.217600250244140625e+01
2.300169982910156250e+02
1.323799991607666016e+01
1.502129974365234375e+02
1.056689987182617188e+02
1.234359970092773438e+02
4.040200042724609375e+01
1.651899909973144531e+01
6.972069702148437500e+02
6.473999786376953125e+01
1.233899974822998047e+01
4.458900070190429688e+01
9.551799774169921875e+01
9.223100280761718750e+01
1.926450042724609375e+02
6.957199859619140625e+01
2.574159851074218750e+02
3.827299880981445312e+01
1.932850036621093750e+02
8.654100036621093750e+01
2.422400054931640625e+02
8.076799774169921875e+01
4.243999958038330078e+00
4.811299896240234375e+01
1.402700042724609375e+01
1.720050048828125000e+02
1.844400024414062500e+01
4.744909973144531250e+02
2.785400009155273438e+01
1.035070037841796875e+02
2.083699989318847656e+01
1.576500034332275391e+01
3.669970092773437500e+02
1.814149932861328125e+02
1.111480026245117188e+02
1.143820037841796875e+02
6.173099899291992188e+01
1.230370025634765625e+02
3.433829956054687500e+02
8.048999786376953125e+00
4.911100006103515625e+01
2.812009887695312500e+02
6.101129760742187500e+02
2.841579895019531250e+02
3.950600051879882812e+01
9.586499786376953125e+01
1.130500030517578125e+01
1.794099998474121094e+01
1.006520004272460938e+02
4.127000045776367188e+01
4.693899917602539062e+01
1.655559997558593750e+02
1.033799972534179688e+02
8.835000038146972656e+00
2.368769989013671875e+02
8.051000213623046875e+01
1.280859985351562500e+02
2.530279998779296875e+02
3.233829956054687500e+02
1.258580017089843750e+02
8.244000434875488281e+00
7.453199768066406250e+01
7.849999904632568359e+00
1.176999969482421875e+02
1.493390045166015625e+02
2.433190002441406250e+02
4.149000167846679688e+00
1.131250000000000000e+02
1.035049972534179688e+02
1.900149993896484375e+02
6.449999809265136719e+00
2.031999969482421875e+01
2.506029968261718750e+02
2.001499938964843750e+01
1.271819992065429688e+02
1.675300025939941406e+01
1.306730041503906250e+02
8.661399841308593750e+01
2.145630035400390625e+02
6.783499908447265625e+01
6.559500122070312500e+01
4.318700027465820312e+01
1.931410064697265625e+02
4.833000183105468750e+00
2.775889892578125000e+02
5.687899780273437500e+02
1.619199981689453125e+02
5.280199813842773438e+01
1.934859924316406250e+02
1.446800041198730469e+01
8.287699890136718750e+01
4.175889892578125000e+02
4.550199890136718750e+01
1.175780029296875000e+02
9.707099914550781250e+01
1.244200038909912109e+01
1.133219985961914062e+02
1.258150024414062500e+02
1.005500030517578125e+01
1.699380035400390625e+02
1.248420028686523438e+02
6.065200042724609375e+01
1.033300018310546875e+01
1.346500015258789062e+01
1.931900024414062500e+01
1.831000061035156250e+02
5.959000110626220703e+00
1.189099979400634766e+01
3.732000112533569336e+00
2.060729980468750000e+02
1.069290008544921875e+02
1.017700004577636719e+01
2.084099960327148438e+01
1.185130004882812500e+02
1.434669952392578125e+02
5.408900070190429688e+01
2.075809936523437500e+02
1.689790039062500000e+02
1.057829971313476562e+02
6.135000228881835938e+00
3.677000045776367188e+00
1.076019973754882812e+02
1.646560058593750000e+02
2.329599952697753906e+01
1.662830047607421875e+02
1.870130004882812500e+02
5.703900146484375000e+01
1.434500026702880859e+01
1.009599971771240234e+01
1.155500030517578125e+01
1.660209960937500000e+02
1.678000068664550781e+01
4.096799850463867188e+01
2.778899955749511719e+01
1.029899978637695312e+01
1.166930007934570312e+02
6.369400024414062500e+01
2.327099990844726562e+01
2.573020019531250000e+02
2.979400062561035156e+01
1.962199974060058594e+01
6.890999794006347656e+00
2.606019897460937500e+02
1.855500030517578125e+01
3.537919921875000000e+02
1.038249969482421875e+02
1.155749969482421875e+02
3.989699935913085938e+01
4.408800125122070312e+01
3.162200012207031250e+02
7.561999797821044922e+00
1.136539993286132812e+02
4.691999912261962891e+00
2.287299919128417969e+01
7.140200042724609375e+01
1.039400024414062500e+02
5.895960083007812500e+02
1.269189987182617188e+02
1.766739959716796875e+02
2.223299980163574219e+01
8.614999771118164062e+00
1.208690032958984375e+02
2.556860046386718750e+02
3.971500015258789062e+01
3.105000019073486328e+00
2.438400077819824219e+01
1.185670013427734375e+02
1.452469940185546875e+02
8.037699890136718750e+01
1.243700027465820312e+01
3.074460144042968750e+02
9.199199676513671875e+01
1.049400043487548828e+01
2.406719970703125000e+02
8.091699981689453125e+01
6.742299652099609375e+01
8.645300292968750000e+01
3.351300048828125000e+01
1.157020034790039062e+02
1.325100040435791016e+01
6.862999916076660156e+00
1.769149932861328125e+02
1.124660034179687500e+02
2.360059967041015625e+02
5.975099945068359375e+01
2.642479858398437500e+02
6.664399719238281250e+01
3.134970092773437500e+02
6.631300354003906250e+01
1.000780029296875000e+02
7.105000019073486328e+00
9.106099700927734375e+01
5.421799850463867188e+01
5.374599838256835938e+01
2.845199966430664062e+01
8.103900146484375000e+01
2.138899993896484375e+01
1.285999965667724609e+01
1.708860015869140625e+02
2.286660003662109375e+02
9.395500183105468750e+01
1.181460037231445312e+02
2.722800064086914062e+01
6.794799804687500000e+01
1.304199981689453125e+01
4.956499862670898438e+01
8.769899749755859375e+01
4.013299942016601562e+01
3.632999897003173828e+00
