9.401225585937500000e+03
1.571491943359375000e+03
1.309063964843750000e+03
3.963694140625000000e+04
9.963938476562500000e+03
2.204448974609375000e+03
9.183669921875000000e+03
3.936718017578125000e+03
3.031678955078125000e+03
5.152998046875000000e+03
3.111275976562500000e+04
1.258919433593750000e+04
3.910608984375000000e+04
7.370413085937500000e+03
4.213568847656250000e+03
1.509599511718750000e+04
1.381933789062500000e+04
3.284185156250000000e+04
3.873770141601562500e+02
1.007767773437500000e+04
3.654446044921875000e+03
8.007922851562500000e+03
1.057537792968750000e+04
8.417715820312500000e+03
2.098395117187500000e+04
1.110926855468750000e+04
1.432473999023437500e+03
1.007146875000000000e+04
7.581589843750000000e+03
1.018997558593750000e+04
1.541745019531250000e+04
3.978104980468750000e+03
1.160837890625000000e+04
9.560048828125000000e+03
2.861414062500000000e+03
1.126143164062500000e+04
1.178707812500000000e+04
3.276777099609375000e+03
8.093828125000000000e+03
5.847720214843750000e+03
7.157821777343750000e+03
1.198614990234375000e+03
5.051023828125000000e+04
2.843295117187500000e+04
1.145494726562500000e+04
1.341408593750000000e+04
1.675660156250000000e+04
1.736968017578125000e+03
3.090701904296875000e+03
1.332733300781250000e+04
4.203895996093750000e+03
2.409784179687500000e+04
3.202988037109375000e+03
8.708862304687500000e+03
2.758403076171875000e+03
3.002119531250000000e+04
7.228788085937500000e+03
2.124600976562500000e+04
2.570775195312500000e+04
2.205437890625000000e+04
4.289953125000000000e+03
1.838906640625000000e+04
3.003406982421875000e+03
1.665171997070312500e+03
1.931677343750000000e+04
9.948377929687500000e+03
1.003650195312500000e+04
2.124728125000000000e+04
1.358370605468750000e+04
5.491975097656250000e+03
3.517100781250000000e+04
1.861395312500000000e+04
1.308983496093750000e+04
1.073723730468750000e+04
1.088319531250000000e+04
1.438700488281250000e+04
6.863733886718750000e+03
2.402101953125000000e+04
1.575801855468750000e+04
5.267875976562500000e+03
4.748715234375000000e+04
2.649237304687500000e+04
8.184630126953125000e+02
8.551981445312500000e+03
1.379531982421875000e+03
1.074096386718750000e+04
2.047726171875000000e+04
3.551075927734375000e+03
1.822938964843750000e+03
4.222573242187500000e+03
5.144622070312500000e+03
1.007119979858398438e+02
1.946906982421875000e+03
2.024987060546875000e+03
1.116869964599609375e+02
1.886660003662109375e+02
5.255830078125000000e+03
2.339683593750000000e+04
4.462190917968750000e+03
1.675192993164062500e+03
1.765439257812500000e+04
2.755291992187500000e+04
8.118097167968750000e+03
2.435099983215332031e+01
1.186347851562500000e+04
7.061664062500000000e+03
1.488170043945312500e+03
3.756689453125000000e+04
1.259255566406250000e+04
3.444614990234375000e+03
7.417543750000000000e+04
9.817949218750000000e+03
2.698370117187500000e+04
2.933688867187500000e+04
7.260960083007812500e+02
1.792776000976562500e+03
9.444065429687500000e+03
3.682559082031250000e+03
7.117360839843750000e+03
2.655599414062500000e+04
6.597348144531250000e+03
8.156937011718750000e+03
2.060657812500000000e+04
1.564680023193359375e+02
1.975164843750000000e+04
4.962012207031250000e+03
5.373423828125000000e+03
5.690980957031250000e+03
9.090839843750000000e+03
5.318439843750000000e+04
5.267297851562500000e+03
2.266194091796875000e+03
1.544288574218750000e+04
1.446385009765625000e+03
3.773148925781250000e+03
1.438607910156250000e+04
2.218569140625000000e+04
2.793808007812500000e+04
4.974460144042968750e+02
2.071844335937500000e+04
3.256004492187500000e+04
1.729531445312500000e+04
9.923009765625000000e+03
1.863056250000000000e+04
1.634182983398437500e+03
1.331405029296875000e+03
5.581030273437500000e+02
2.931709960937500000e+03
4.821979687500000000e+04
8.148211914062500000e+03
1.175620898437500000e+04
3.210648925781250000e+03
3.363708203125000000e+04
6.574486816406250000e+03
5.470350097656250000e+03
4.997794140625000000e+04
6.440683105468750000e+03
8.067653808593750000e+03
2.191566796875000000e+04
3.201430053710937500e+02
2.414502929687500000e+04
3.869864013671875000e+03
2.289102050781250000e+03
4.367860107421875000e+02
1.554626953125000000e+03
4.659718750000000000e+04
4.269731250000000000e+04
6.391145019531250000e+03
8.707342773437500000e+03
1.426355468750000000e+04
1.993192968750000000e+04
1.608022656250000000e+04
7.571976074218750000e+03
1.525210644531250000e+04
1.738313281250000000e+04
1.701066796875000000e+04
9.528653320312500000e+03
1.827810058593750000e+02
1.037711816406250000e+04
2.880667187500000000e+04
7.474492187500000000e+03
8.908401367187500000e+03
2.388059997558593750e+02
5.316150390625000000e+04
1.064188964843750000e+03
2.744099218750000000e+04
2.964790039062500000e+02
4.875103027343750000e+03
1.941418945312500000e+03
6.380252929687500000e+03
2.565133789062500000e+04
6.646359863281250000e+03
1.264380004882812500e+03
7.743666015625000000e+03
2.524369964599609375e+02
2.311252929687500000e+04
9.391455078125000000e+03
2.100864990234375000e+03
1.599794531250000000e+04
8.474419921875000000e+03
1.391816040039062500e+03
8.593024414062500000e+03
1.169144726562500000e+04
2.411751171875000000e+04
3.028908935546875000e+03
1.139135986328125000e+03
2.860481933593750000e+03
2.975442773437500000e+04
1.954575195312500000e+04
5.087639160156250000e+03
1.398970996093750000e+04
1.123812792968750000e+04
3.673019531250000000e+04
1.986089062500000000e+04
1.876833007812500000e+04
1.275005981445312500e+03
9.461790039062500000e+03
1.001339453125000000e+04
1.886814062500000000e+04
2.151247656250000000e+04
4.715399902343750000e+03
3.613496875000000000e+04
1.794352050781250000e+03
1.765464062500000000e+04
9.062135742187500000e+03
5.864192871093750000e+03
6.832205078125000000e+03
8.448010253906250000e+02
1.555968457031250000e+04
8.367299804687500000e+02
2.055692773437500000e+04
4.165612792968750000e+03
2.493066210937500000e+04
4.633551953125000000e+04
1.598647167968750000e+04
2.511060351562500000e+04
1.620100000000000000e+04
2.208698632812500000e+04
8.547916992187500000e+03
8.760100585937500000e+03
1.512990136718750000e+04
2.818073828125000000e+04
6.618550781250000000e+03
2.784760131835937500e+02
8.754699707031250000e+02
4.066606933593750000e+03
5.780291992187500000e+03
1.760304492187500000e+04
1.238560253906250000e+04
1.560761230468750000e+04
4.124501953125000000e+03
7.816067968750000000e+04
2.578232617187500000e+04
7.323046875000000000e+03
9.960399414062500000e+03
2.419499023437500000e+03
2.135969726562500000e+04
1.072934375000000000e+04
5.984393066406250000e+03
7.825633789062500000e+03
1.412473632812500000e+04
1.160380004882812500e+03
2.050794921875000000e+03
6.985500335693359375e+01
3.543821044921875000e+03
2.316236718750000000e+04
2.152748046875000000e+03
6.556463867187500000e+03
8.644420166015625000e+02
1.694520117187500000e+04
5.952226074218750000e+03
5.244606933593750000e+03
7.968523925781250000e+03
1.415073974609375000e+03
2.099788085937500000e+03
1.175011523437500000e+04
1.888159570312500000e+04
2.848271679687500000e+04
7.399051757812500000e+03
6.215849121093750000e+03
1.147521972656250000e+03
1.302783105468750000e+04
2.115042187500000000e+04
8.750835937500000000e+03
2.804517089843750000e+03
1.369386621093750000e+04
7.207199859619140625e+01
1.800213085937500000e+04
7.063253906250000000e+03
1.262968652343750000e+04
3.006581054687500000e+03
8.827728515625000000e+03
3.616029296875000000e+04
9.248844726562500000e+03
4.753982812500000000e+04
4.774628906250000000e+03
1.476012792968750000e+04
1.866496948242187500e+03
2.027160034179687500e+03
2.630523925781250000e+03
1.934770996093750000e+03
1.251187890625000000e+04
1.911416015625000000e+04
5.248163085937500000e+03
4.834403808593750000e+03
3.916160546875000000e+04
3.308387939453125000e+03
8.606887695312500000e+03
2.469334375000000000e+04
2.233472656250000000e+04
4.947435937500000000e+04
1.163372460937500000e+04
5.053855957031250000e+03
4.284030151367187500e+02
2.755407617187500000e+04
5.291909179687500000e+03
2.416416796875000000e+04
3.946706250000000000e+04
1.491295019531250000e+04
1.391715527343750000e+04
7.090599822998046875e+01
1.614177929687500000e+04
1.022534570312500000e+04
4.023328125000000000e+04
3.421743359375000000e+04
7.962771972656250000e+03
4.498737109375000000e+04
1.277152441406250000e+04
2.531983984375000000e+04
8.646729736328125000e+02
4.317961914062500000e+03
1.748509179687500000e+04
9.196693359375000000e+03
5.370410156250000000e+03
1.691799926757812500e+01
2.968434960937500000e+04
2.237664062500000000e+03
2.627933007812500000e+04
9.590067382812500000e+03
3.456436035156250000e+03
1.081120605468750000e+04
1.001656445312500000e+04
3.225959960937500000e+04
4.090095703125000000e+04
1.206908496093750000e+04
3.657810058593750000e+02
1.159381958007812500e+03
1.407909057617187500e+03
5.893901855468750000e+03
2.013319946289062500e+03
5.042439880371093750e+02
3.038093017578125000e+03
4.875174804687500000e+03
3.956189941406250000e+03
4.301386718750000000e+04
1.117997363281250000e+04
1.184809375000000000e+04
2.432502929687500000e+04
6.836087890625000000e+03
1.072110742187500000e+04
1.040412109375000000e+04
2.477875000000000000e+03
4.939610839843750000e+03
5.830042968750000000e+03
8.323802734375000000e+03
2.575630078125000000e+04
2.923425976562500000e+04
5.350419921875000000e+03
6.475149902343750000e+03
1.804021972656250000e+03
3.211449023437500000e+04
1.882435546875000000e+04
1.860009570312500000e+04
5.381699609375000000e+04
3.974772656250000000e+04
3.958728027343750000e+03
4.365333203125000000e+04
1.376907421875000000e+04
1.281368945312500000e+04
7.829036132812500000e+03
1.150937695312500000e+04
4.729816796875000000e+04
2.726229687500000000e+04
3.484302343750000000e+04
6.919381835937500000e+03
1.191431445312500000e+04
1.843899047851562500e+03
4.861059875488281250e+02
3.951778125000000000e+04
4.030823437500000000e+04
2.546004492187500000e+04
1.589295214843750000e+04
8.076586914062500000e+03
1.328364062500000000e+04
5.401535937500000000e+04
2.417014257812500000e+04
2.444277539062500000e+04
6.326598144531250000e+03
3.641779052734375000e+03
1.474607324218750000e+04
7.307540039062500000e+03
8.815767968750000000e+04
2.179322265625000000e+04
6.395337890625000000e+03
4.955793945312500000e+03
8.880839843750000000e+02
3.302572265625000000e+04
1.503494824218750000e+04
3.341934765625000000e+04
6.732088867187500000e+03
3.633354003906250000e+03
9.510458984375000000e+03
9.495790039062500000e+03
9.082634765625000000e+03
4.540719531250000000e+04
7.474920043945312500e+02
3.517647656250000000e+04
8.796388671875000000e+03
1.072300781250000000e+04
1.045572070312500000e+04
3.390200042724609375e+01
1.072462500000000000e+04
7.101973437500000000e+04
2.214827343750000000e+04
1.592322021484375000e+03
4.934731933593750000e+03
2.014973999023437500e+03
1.083190820312500000e+04
5.502924804687500000e+03
1.341216699218750000e+04
1.467849023437500000e+04
1.405092187500000000e+04
1.017433105468750000e+04
4.264829101562500000e+03
8.814000129699707031e+00
4.521553222656250000e+03
1.313068261718750000e+04
8.287737304687500000e+03
1.194286718750000000e+04
1.209115332031250000e+04
5.146929931640625000e+02
1.505902539062500000e+04
1.784924804687500000e+04
1.262337500000000000e+04
4.630269042968750000e+03
7.117999023437500000e+03
2.193198242187500000e+04
3.056312109375000000e+04
3.659737060546875000e+03
3.320697021484375000e+03
7.383266113281250000e+03
1.580787109375000000e+04
5.756049804687500000e+02
5.027409179687500000e+03
3.200535546875000000e+04
7.815545898437500000e+03
2.655221923828125000e+03
4.676673828125000000e+03
1.069493066406250000e+04
6.424750976562500000e+03
6.949227050781250000e+03
6.239879760742187500e+02
4.330240625000000000e+04
1.482490429687500000e+04
1.924152148437500000e+04
1.110254589843750000e+04
9.740225585937500000e+03
1.149176660156250000e+04
2.241376757812500000e+04
1.822904492187500000e+04
2.064659570312500000e+04
1.538002832031250000e+04
1.952031982421875000e+03
7.072995117187500000e+03
9.491019531250000000e+03
1.574414843750000000e+04
3.650443750000000000e+04
3.441530078125000000e+04
8.478991210937500000e+03
3.985269042968750000e+03
1.891974609375000000e+04
7.357621093750000000e+03
1.759253710937500000e+04
2.329366796875000000e+04
1.801752148437500000e+04
6.313823437500000000e+04
1.362556835937500000e+04
7.552529785156250000e+03
2.436155078125000000e+04
1.787728906250000000e+04
1.083529785156250000e+04
3.688674072265625000e+03
6.653696777343750000e+03
1.665908789062500000e+04
1.309111035156250000e+04
2.632358398437500000e+04
3.696061035156250000e+03
2.536132226562500000e+04
3.981370703125000000e+04
3.637086914062500000e+03
2.416379882812500000e+04
2.437061914062500000e+04
6.682313281250000000e+04
1.841043945312500000e+03
4.237300109863281250e+01
3.674948974609375000e+03
1.212191040039062500e+03
1.802731250000000000e+04
5.978350097656250000e+03
4.306165234375000000e+04
1.237250878906250000e+04
9.638114257812500000e+03
6.773972167968750000e+03
8.826572265625000000e+03
4.117479296875000000e+04
7.149730957031250000e+03
5.622391113281250000e+03
8.197800292968750000e+02
1.382168457031250000e+04
1.704392382812500000e+04
3.764870117187500000e+03
3.615499877929687500e+01
1.248099975585937500e+03
2.068496484375000000e+04
1.740933959960937500e+03
1.207355761718750000e+04
4.946913085937500000e+03
3.211917382812500000e+04
2.713920117187500000e+04
4.304415625000000000e+04
9.090768554687500000e+03
2.079736132812500000e+04
7.115829101562500000e+03
1.382513476562500000e+04
2.613855078125000000e+04
2.333479003906250000e+03
9.859568359375000000e+03
1.179463574218750000e+04
4.379252734375000000e+04
1.676708789062500000e+04
2.541233886718750000e+03
2.437570312500000000e+04
5.606094238281250000e+03
2.260907812500000000e+04
1.798106640625000000e+04
6.218493164062500000e+03
2.737580078125000000e+03
6.067477343750000000e+04
1.192791992187500000e+04
1.475569140625000000e+04
5.239370117187500000e+02
1.443275024414062500e+03
3.327839965820312500e+02
1.115876269531250000e+04
1.308910351562500000e+04
1.549475390625000000e+04
9.682975585937500000e+03
9.906700134277343750e+01
3.746506103515625000e+03
1.783329882812500000e+04
5.595748046875000000e+03
1.682955078125000000e+04
5.182644042968750000e+03
7.385157226562500000e+03
2.248959960937500000e+03
4.601334960937500000e+03
1.737859765625000000e+04
1.986897460937500000e+04
3.155284960937500000e+04
2.060982226562500000e+04
6.362137207031250000e+03
2.417256445312500000e+04
4.315555175781250000e+03
8.018130859375000000e+03
2.258770019531250000e+03
2.614166406250000000e+04
7.713310058593750000e+03
2.960988085937500000e+04
8.584432617187500000e+03
1.967866796875000000e+04
5.110501171875000000e+04
5.499539062500000000e+03
9.090894531250000000e+03
2.056091210937500000e+04
1.428377636718750000e+04
2.868340148925781250e+02
1.395701757812500000e+04
8.675039062500000000e+03
2.364840820312500000e+04
5.638987792968750000e+03
1.279164062500000000e+04
1.385123632812500000e+04
6.021499023437500000e+03
4.628461914062500000e+03
8.168482910156250000e+03
1.078157958984375000e+03
7.152580078125000000e+03
1.852413940429687500e+03
1.093816015625000000e+04
2.924910156250000000e+04
3.881900024414062500e+01
1.078568261718750000e+04
4.934049218750000000e+04
2.810559082031250000e+03
2.056858203125000000e+04
3.077744921875000000e+04
3.220269042968750000e+03
2.361904687500000000e+04
2.556156982421875000e+03
4.621861718750000000e+04
1.868693945312500000e+04
4.097061718750000000e+04
4.114234863281250000e+03
5.017867187500000000e+03
2.820212304687500000e+04
1.756099975585937500e+03
1.927415234375000000e+04
7.418078125000000000e+03
5.972279785156250000e+03
8.079452148437500000e+03
4.230772949218750000e+03
3.604483886718750000e+03
2.616304931640625000e+03
5.335903515625000000e+04
4.634249877929687500e+02
2.897449951171875000e+02
5.578732910156250000e+03
3.279246093750000000e+04
9.864320312500000000e+03
3.399576171875000000e+04
5.239525390625000000e+04
5.870614843750000000e+04
5.444099731445312500e+02
1.571988378906250000e+04
6.185064941406250000e+03
2.130692382812500000e+04
2.507708789062500000e+04
3.424542968750000000e+03
4.286320800781250000e+03
7.474523925781250000e+03
2.207692968750000000e+04
4.788503906250000000e+03
2.120497070312500000e+03
3.398748046875000000e+04
9.208521484375000000e+03
2.879199609375000000e+04
4.438078515625000000e+04
1.940785546875000000e+04
1.160761523437500000e+04
1.532757031250000000e+04
2.448801025390625000e+03
4.067189453125000000e+04
7.755750000000000000e+03
1.058363867187500000e+04
4.496426757812500000e+03
2.147304296875000000e+04
1.141808105468750000e+04
9.630411132812500000e+03
4.285469921875000000e+04
8.537914062500000000e+03
2.389412695312500000e+04
2.357870117187500000e+03
7.299585937500000000e+03
3.362296875000000000e+04
9.951067382812500000e+03
1.699228710937500000e+04
1.575683203125000000e+04
6.114805175781250000e+03
1.856206640625000000e+04
9.231630249023437500e+02
9.398504882812500000e+03
1.636847045898437500e+03
1.599057421875000000e+04
9.034336914062500000e+03
1.488031933593750000e+04
1.201083593750000000e+04
4.673935058593750000e+03
7.049294921875000000e+03
2.298012304687500000e+04
1.351612060546875000e+03
7.576804199218750000e+03
1.132145507812500000e+04
1.585433007812500000e+04
3.397234765625000000e+04
1.562740020751953125e+02
1.491302246093750000e+04
2.386894335937500000e+04
5.087461718750000000e+04
8.157039062500000000e+03
1.937324218750000000e+04
1.003748339843750000e+04
7.675414062500000000e+03
1.198844921875000000e+04
3.473972265625000000e+04
6.820404785156250000e+03
4.202853125000000000e+04
6.723568847656250000e+03
1.036441503906250000e+04
1.501901171875000000e+04
2.535556884765625000e+03
2.151767187500000000e+04
5.484530761718750000e+03
1.655101562500000000e+04
5.883115234375000000e+03
1.158308959960937500e+03
1.613728515625000000e+04
3.796258056640625000e+03
7.415308105468750000e+03
1.812331640625000000e+04
4.929854296875000000e+04
3.916210546875000000e+04
5.311961914062500000e+03
4.962505859375000000e+04
2.275787304687500000e+04
1.611855957031250000e+03
1.377189453125000000e+04
8.137453125000000000e+03
8.576688476562500000e+03
2.221033789062500000e+04
6.209982910156250000e+03
1.438374023437500000e+03
7.616062988281250000e+03
1.950828320312500000e+04
1.272051171875000000e+04
1.382213989257812500e+03
5.949122070312500000e+03
2.182221289062500000e+04
5.674271972656250000e+03
1.050237402343750000e+04
1.921864453125000000e+04
6.734268066406250000e+03
3.243245117187500000e+03
3.647745117187500000e+03
2.338523925781250000e+03
2.113637939453125000e+03
1.087520800781250000e+04
1.751300048828125000e+01
1.017932006835937500e+03
4.070269531250000000e+04
2.765429992675781250e+02
1.320190332031250000e+04
4.380868750000000000e+04
4.551063964843750000e+03
1.023293029785156250e+03
4.554200134277343750e+02
5.939096191406250000e+03
2.736600097656250000e+03
1.894796997070312500e+03
8.181153808593750000e+03
1.110080078125000000e+04
2.014177929687500000e+04
3.225343017578125000e+03
2.220767089843750000e+03
1.699265429687500000e+04
2.423291601562500000e+04
1.004922265625000000e+04
8.126588867187500000e+03
1.978098828125000000e+04
1.567656445312500000e+04
1.289179785156250000e+04
4.884183105468750000e+03
1.151515625000000000e+04
8.268186523437500000e+03
9.020210937500000000e+03
1.670633203125000000e+04
1.859010937500000000e+04
5.731022949218750000e+03
1.579781005859375000e+03
3.984506103515625000e+03
1.242758056640625000e+03
2.371121093750000000e+03
7.845590820312500000e+03
1.216467041015625000e+03
8.453757812500000000e+03
6.352180175781250000e+03
4.957420898437500000e+03
2.859267382812500000e+04
1.412465234375000000e+04
6.068373046875000000e+03
9.188899414062500000e+03
1.796440625000000000e+04
1.380672851562500000e+04
1.823107226562500000e+04
2.948167382812500000e+04
1.483288769531250000e+04
8.056089843750000000e+03
1.952404296875000000e+04
1.449276977539062500e+03
1.597650390625000000e+04
8.595121093750000000e+03
5.613713867187500000e+03
7.814386718750000000e+04
2.139041992187500000e+04
7.785978027343750000e+03
1.135929003906250000e+04
1.004209375000000000e+04
6.111556152343750000e+03
2.849273828125000000e+04
2.758507617187500000e+04
5.244212890625000000e+03
2.366263867187500000e+04
2.634373828125000000e+04
1.823073974609375000e+03
1.521109472656250000e+04
2.102879943847656250e+02
6.525575195312500000e+03
7.966733886718750000e+03
5.073295703125000000e+04
3.675743896484375000e+03
1.963946484375000000e+04
7.999290161132812500e+02
1.709447998046875000e+03
8.312975585937500000e+03
2.030150976562500000e+04
3.925036328125000000e+04
1.055397363281250000e+04
3.703852050781250000e+03
2.337094921875000000e+04
5.348292968750000000e+03
1.388219921875000000e+04
2.016786987304687500e+03
8.088750000000000000e+02
1.206202246093750000e+04
4.564058105468750000e+03
3.242633056640625000e+03
1.167311035156250000e+03
3.906062890625000000e+04
1.434077026367187500e+03
2.146074023437500000e+04
4.596016113281250000e+03
1.772720031738281250e+02
1.425683203125000000e+04
1.041750976562500000e+03
4.786832031250000000e+03
5.315698242187500000e+03
8.017243164062500000e+03
1.769865039062500000e+04
7.408048828125000000e+03
4.066733886718750000e+03
1.759458203125000000e+04
2.721954101562500000e+04
1.105130371093750000e+04
2.044014257812500000e+04
3.029782617187500000e+04
3.320300000000000000e+04
8.769813476562500000e+03
1.591560253906250000e+04
5.977065917968750000e+03
1.011059082031250000e+04
4.118383789062500000e+03
3.383365234375000000e+04
3.904341406250000000e+04
1.044676025390625000e+03
1.816836059570312500e+03
1.942122070312500000e+04
1.925913085937500000e+04
1.983865966796875000e+03
3.380520996093750000e+03
9.700469726562500000e+03
4.308875976562500000e+03
1.111795996093750000e+04
2.830483007812500000e+04
1.058311816406250000e+04
2.245277343750000000e+04
2.826215087890625000e+03
8.828710937500000000e+03
5.530458984375000000e+03
7.870625976562500000e+03
7.514751953125000000e+03
6.312228027343750000e+03
3.090998046875000000e+03
6.714589843750000000e+03
4.665679199218750000e+03
7.862587890625000000e+03
2.006098022460937500e+03
6.075811035156250000e+03
4.694500122070312500e+02
4.317613281250000000e+04
3.719741015625000000e+04
3.257534912109375000e+03
9.862349853515625000e+02
1.557215942382812500e+03
8.288951171875000000e+03
1.845534057617187500e+03
2.039731250000000000e+04
5.421573242187500000e+03
8.853025390625000000e+03
2.068272949218750000e+03
5.530104980468750000e+03
1.601005981445312500e+03
2.443805664062500000e+04
4.186389160156250000e+03
6.095279785156250000e+03
2.076438476562500000e+04
1.430680053710937500e+03
4.065622070312500000e+03
1.071532714843750000e+04
6.687730957031250000e+03
1.984639648437500000e+04
4.602824218750000000e+04
1.430118066406250000e+04
1.342796679687500000e+04
6.543606933593750000e+03
2.521899804687500000e+04
4.007800390625000000e+04
7.277719238281250000e+03
6.496407226562500000e+03
4.067637500000000000e+04
2.702574218750000000e+04
2.345897265625000000e+04
2.521218554687500000e+04
1.743095117187500000e+04
2.802579882812500000e+04
3.142774902343750000e+03
5.846599960327148438e+01
7.752557128906250000e+03
9.816157031250000000e+04
4.581232910156250000e+03
3.072137304687500000e+04
1.884827026367187500e+03
7.398899902343750000e+03
4.746256250000000000e+04
1.044209960937500000e+03
5.066317871093750000e+03
4.489469238281250000e+03
6.458882812500000000e+03
1.431813671875000000e+04
3.172592968750000000e+04
1.685980273437500000e+04
2.089874414062500000e+04
2.742036132812500000e+04
9.221198242187500000e+03
3.128971923828125000e+03
4.493701171875000000e+03
5.232857910156250000e+03
5.649143359375000000e+04
2.428238281250000000e+04
2.280373046875000000e+04
3.371229687500000000e+04
5.508150878906250000e+03
2.956471289062500000e+04
4.927707031250000000e+03
9.811839843750000000e+03
4.195040625000000000e+04
1.061654980468750000e+04
8.421019897460937500e+02
1.860802929687500000e+04
2.610429492187500000e+04
2.748054687500000000e+04
2.245866210937500000e+04
1.154870117187500000e+04
2.518134765625000000e+04
4.289282226562500000e+03
3.582086718750000000e+04
1.796191406250000000e+04
5.233876953125000000e+03
3.121167382812500000e+04
8.717356445312500000e+03
4.686516406250000000e+04
1.381963964843750000e+04
5.245299911499023438e+01
1.397590039062500000e+04
7.671637207031250000e+03
1.459797973632812500e+03
2.074115429687500000e+04
2.653488671875000000e+04
2.418027099609375000e+03
1.957978906250000000e+04
2.012228906250000000e+04
7.588742187500000000e+03
8.927421875000000000e+03
3.672359924316406250e+02
7.587940917968750000e+03
2.083752929687500000e+03
8.360119140625000000e+03
9.892936523437500000e+03
2.744509887695312500e+02
2.914943115234375000e+03
2.127974218750000000e+04
4.990693750000000000e+04
3.187742382812500000e+04
1.651658203125000000e+04
6.434811328125000000e+04
1.021225000000000000e+04
1.853168359375000000e+04
5.127733886718750000e+03
6.185692871093750000e+03
2.041107421875000000e+04
8.186299804687500000e+03
3.190498046875000000e+03
3.685399902343750000e+03
3.944111328125000000e+04
1.329455664062500000e+04
1.421509863281250000e+04
2.752819091796875000e+03
8.153100097656250000e+03
1.586543554687500000e+04
1.465069140625000000e+04
4.090868896484375000e+03
9.124819531250000000e+04
