2.010733789062500000e+04
3.884096875000000000e+04
4.357748437500000000e+04
3.637900085449218750e+02
2.157822998046875000e+03
2.733887109375000000e+04
3.177493896484375000e+03
1.851401171875000000e+04
8.794962890625000000e+03
5.047412500000000000e+04
1.040644238281250000e+04
4.017104980468750000e+03
1.495072031250000000e+05
1.963188671875000000e+04
1.735642382812500000e+04
3.508169860839843750e+02
8.099521875000000000e+04
8.760625976562500000e+03
1.851121484375000000e+04
5.280237792968750000e+03
7.398398925781250000e+03
2.189818945312500000e+04
4.918032226562500000e+03
7.249217773437500000e+03
1.544762890625000000e+04
5.861280761718750000e+03
2.565841015625000000e+04
1.086490917968750000e+04
1.157120019531250000e+04
5.367875976562500000e+03
2.017952148437500000e+04
6.528116210937500000e+03
1.822434375000000000e+04
7.597767968750000000e+04
2.423541992187500000e+03
9.977443359375000000e+03
1.047437597656250000e+04
4.669741210937500000e+03
3.406521093750000000e+04
2.831198632812500000e+04
2.365370898437500000e+04
1.415675585937500000e+04
6.999053222656250000e+03
7.366791992187500000e+03
1.411826049804687500e+03
2.098441406250000000e+04
7.597330078125000000e+03
7.903414062500000000e+03
7.552362792968750000e+03
3.534904687500000000e+04
9.113136718750000000e+03
4.250869531250000000e+04
1.547226953125000000e+04
3.030666210937500000e+04
6.353670043945312500e+02
8.842739868164062500e+02
4.294699859619140625e+01
1.825286010742187500e+03
2.452434960937500000e+04
2.025390991210937500e+03
6.066735839843750000e+03
4.305673437500000000e+04
3.063620703125000000e+04
1.120646972656250000e+03
2.089861718750000000e+04
1.854202539062500000e+04
6.990598144531250000e+03
1.415585742187500000e+04
5.251124609375000000e+04
1.191786010742187500e+03
1.036086093750000000e+05
1.481100292968750000e+04
1.923626171875000000e+04
4.190456054687500000e+03
1.192488203125000000e+05
1.182913378906250000e+04
5.935152832031250000e+03
2.931002929687500000e+03
3.442182031250000000e+04
1.379984277343750000e+04
8.007514160156250000e+03
3.787781982421875000e+03
5.644475097656250000e+03
6.558514160156250000e+03
2.740268750000000000e+04
3.004156445312500000e+04
2.941898242187500000e+04
1.086368593750000000e+05
1.269170043945312500e+03
3.033321044921875000e+03
3.102819091796875000e+03
2.375590057373046875e+02
1.815421484375000000e+04
1.425744726562500000e+04
4.361740112304687500e+02
3.341786328125000000e+04
2.838020019531250000e+03
2.965886962890625000e+03
9.650166015625000000e+03
4.893311718750000000e+04
2.880404492187500000e+04
1.196484863281250000e+04
1.158585937500000000e+04
1.006385546875000000e+05
6.473113769531250000e+03
5.143788281250000000e+04
6.998274218750000000e+04
2.737447460937500000e+04
7.231812988281250000e+03
1.460583007812500000e+04
5.578848144531250000e+03
8.180808105468750000e+03
5.330901855468750000e+03
5.923724121093750000e+03
6.996348144531250000e+03
2.250480859375000000e+04
6.746616210937500000e+03
8.067776855468750000e+03
6.102868750000000000e+04
5.186997070312500000e+03
3.586587890625000000e+03
1.376599414062500000e+04
3.919341406250000000e+04
2.967140429687500000e+04
2.579207031250000000e+04
4.972331640625000000e+04
4.310766406250000000e+04
4.285349121093750000e+03
1.680712500000000000e+04
2.011651953125000000e+04
1.833545117187500000e+04
1.036046679687500000e+04
2.598031640625000000e+04
7.257132812500000000e+04
7.698702148437500000e+03
1.140636171875000000e+05
2.238950927734375000e+03
1.504700000000000000e+04
1.303136962890625000e+03
5.911643066406250000e+03
1.036200390625000000e+04
4.566720214843750000e+03
4.211459960937500000e+02
2.769951171875000000e+04
2.677552001953125000e+03
1.176731933593750000e+04
4.964710937500000000e+04
8.917046093750000000e+04
7.068734863281250000e+03
3.266622070312500000e+03
6.434393066406250000e+03
6.392879687500000000e+04
4.317189062500000000e+04
1.140310058593750000e+03
4.304412109375000000e+03
3.976506103515625000e+03
9.254263671875000000e+03
8.442744531250000000e+04
8.743057617187500000e+03
4.975085937500000000e+03
3.700789062500000000e+03
5.005555175781250000e+03
2.454724121093750000e+03
1.617307031250000000e+04
3.358304931640625000e+03
1.034173730468750000e+04
7.260321093750000000e+04
1.154532519531250000e+04
5.160449609375000000e+04
1.200083593750000000e+04
2.026417578125000000e+04
1.214926660156250000e+04
1.289879492187500000e+04
2.550387939453125000e+03
4.189110937500000000e+04
7.479407812500000000e+04
1.229841796875000000e+04
3.476896875000000000e+04
5.004912109375000000e+03
7.563122070312500000e+03
4.358251953125000000e+03
2.125224121093750000e+03
2.775240234375000000e+04
1.436386816406250000e+04
2.595777929687500000e+04
8.920852539062500000e+03
1.480616503906250000e+04
2.987026171875000000e+04
3.271883984375000000e+04
1.696932006835937500e+03
1.149454589843750000e+04
5.326085937500000000e+03
7.919960937500000000e+03
2.131924804687500000e+04
3.932114453125000000e+04
2.334818115234375000e+03
1.103505468750000000e+04
1.216495800781250000e+04
2.176683789062500000e+04
2.552082031250000000e+04
2.024014062500000000e+04
8.767541992187500000e+03
1.192284667968750000e+04
6.346189062500000000e+04
3.138474121093750000e+03
1.144253710937500000e+04
4.276948437500000000e+04
5.460490112304687500e+02
1.785197851562500000e+04
3.113791992187500000e+03
7.151181152343750000e+03
6.734569824218750000e+03
1.879671020507812500e+03
1.244014941406250000e+04
1.102940917968750000e+04
4.921645996093750000e+03
3.793840026855468750e+02
1.642935058593750000e+03
1.007981738281250000e+04
3.193437109375000000e+04
6.119854980468750000e+03
1.933040820312500000e+04
2.298391210937500000e+04
1.884036328125000000e+04
5.208798046875000000e+04
8.046883789062500000e+03
4.869255859375000000e+03
3.526769921875000000e+04
1.579908496093750000e+04
4.353539062500000000e+03
1.711199951171875000e+01
6.228539062500000000e+03
2.475427929687500000e+04
1.205552539062500000e+04
8.890569335937500000e+03
2.386112060546875000e+03
7.918500976562500000e+03
1.238382714843750000e+04
2.520333203125000000e+04
5.363485937500000000e+04
2.551748828125000000e+04
4.989416992187500000e+03
3.924300003051757812e+01
2.987238671875000000e+04
5.686976074218750000e+03
2.683175976562500000e+04
3.653644921875000000e+04
6.406293945312500000e+03
9.764717968750000000e+04
3.779157812500000000e+04
1.365045507812500000e+04
1.989307421875000000e+04
7.872883789062500000e+03
1.574711621093750000e+04
1.780327148437500000e+04
1.943959570312500000e+04
8.425961914062500000e+03
4.270581054687500000e+03
3.431480468750000000e+04
9.159897460937500000e+03
1.183621582031250000e+04
3.403756640625000000e+04
3.824184082031250000e+03
5.554792968750000000e+03
6.614661132812500000e+03
2.849537304687500000e+04
5.351094531250000000e+04
8.700641601562500000e+03
3.667353027343750000e+03
3.718653076171875000e+03
1.860269140625000000e+04
9.679439697265625000e+02
3.796457031250000000e+04
2.950650781250000000e+04
2.271156250000000000e+04
1.399633203125000000e+04
2.833676953125000000e+04
3.169317968750000000e+04
1.581231562500000000e+05
1.392968261718750000e+04
1.576897753906250000e+04
5.728519897460937500e+02
1.805763085937500000e+04
1.569778027343750000e+04
2.314846289062500000e+04
3.472557031250000000e+04
5.462090820312500000e+03
9.234141601562500000e+03
5.103988281250000000e+04
4.946687988281250000e+03
4.963764843750000000e+04
2.128273632812500000e+04
7.718152832031250000e+03
9.559477539062500000e+03
1.388205312500000000e+05
3.782285937500000000e+04
9.521382812500000000e+03
6.440930078125000000e+04
8.230768750000000000e+04
1.004130957031250000e+04
1.431759570312500000e+04
1.771639257812500000e+04
2.887311035156250000e+03
1.984569140625000000e+04
8.947805664062500000e+03
1.490912988281250000e+04
2.271380859375000000e+04
2.462484375000000000e+04
1.011791992187500000e+04
3.877334960937500000e+03
8.966972656250000000e+04
6.434919921875000000e+03
8.990612304687500000e+03
1.897266967773437500e+03
1.043630937500000000e+05
3.456184082031250000e+03
1.381021289062500000e+04
2.068584960937500000e+04
4.061061035156250000e+03
1.492924121093750000e+04
2.382336914062500000e+04
8.348888281250000000e+04
1.324654052734375000e+03
4.071730078125000000e+04
5.105554687500000000e+04
1.005117980957031250e+03
7.018723144531250000e+03
2.227344531250000000e+05
2.609674414062500000e+04
2.712593994140625000e+03
1.388854980468750000e+03
7.237349218750000000e+04
8.889803710937500000e+03
1.098178906250000000e+04
2.694190063476562500e+02
1.442647851562500000e+04
1.298396093750000000e+04
1.040979995727539062e+02
3.381240966796875000e+03
2.620403076171875000e+03
1.512809667968750000e+04
1.324819946289062500e+03
3.877210937500000000e+03
4.976400146484375000e+02
4.290289453125000000e+04
7.373729687500000000e+04
5.301378906250000000e+03
1.848809570312500000e+04
1.191100025177001953e+01
5.624337890625000000e+03
2.933689941406250000e+03
2.113651953125000000e+04
9.267493164062500000e+03
1.427711914062500000e+04
5.548454101562500000e+03
1.184923125000000000e+05
8.751053710937500000e+03
9.809175000000000000e+04
3.388273437500000000e+04
4.987164062500000000e+03
1.465056445312500000e+04
1.901740625000000000e+04
3.595658935546875000e+03
4.404807421875000000e+04
1.634871972656250000e+04
1.111666796875000000e+04
7.458975097656250000e+03
6.402945800781250000e+03
3.509688964843750000e+03
2.017213281250000000e+04
3.278355468750000000e+04
1.160049902343750000e+04
1.251320037841796875e+02
2.388534179687500000e+04
4.134113671875000000e+04
5.484743164062500000e+03
3.774810058593750000e+03
2.969918945312500000e+03
2.497314453125000000e+04
2.913740039062500000e+04
4.556767968750000000e+04
7.173986816406250000e+03
2.158174218750000000e+04
1.098881718750000000e+05
6.796897949218750000e+03
7.579882812500000000e+03
8.315478515625000000e+03
6.976569824218750000e+03
8.843591406250000000e+04
5.634155078125000000e+04
7.436125976562500000e+03
9.380417968750000000e+03
1.316028027343750000e+04
3.194125781250000000e+04
6.061475097656250000e+03
1.302146777343750000e+04
7.248599121093750000e+03
4.139909179687500000e+03
5.436501562500000000e+04
1.130949511718750000e+04
8.688902343750000000e+04
8.374899414062500000e+03
3.109649804687500000e+04
3.280879882812500000e+03
2.551889843750000000e+04
2.486632226562500000e+04
1.675105957031250000e+03
3.096210021972656250e+02
2.088609924316406250e+02
2.411576367187500000e+04
9.783399414062500000e+03
1.570861035156250000e+04
4.426380859375000000e+04
3.576750000000000000e+03
1.945780859375000000e+04
2.516883203125000000e+04
2.740583007812500000e+03
5.555392089843750000e+03
4.206934082031250000e+03
3.646737109375000000e+04
1.739500195312500000e+04
8.763488281250000000e+03
6.518128906250000000e+03
3.941474121093750000e+03
6.818715625000000000e+04
3.424125976562500000e+03
4.064004882812500000e+03
1.479223339843750000e+04
6.603246093750000000e+04
7.137986816406250000e+03
1.067108789062500000e+04
1.361309277343750000e+04
8.714528320312500000e+03
2.488306884765625000e+03
1.305169238281250000e+04
4.131998437500000000e+04
7.751679199218750000e+03
3.301950390625000000e+04
1.297481738281250000e+04
6.018299865722656250e+01
4.615603027343750000e+03
1.537746972656250000e+04
4.321694921875000000e+04
1.666360961914062500e+03
1.110776562500000000e+04
5.387800292968750000e+02
1.022929687500000000e+04
1.910353027343750000e+03
6.122807128906250000e+03
9.527471679687500000e+03
1.705359954833984375e+02
2.817683203125000000e+04
6.325639160156250000e+03
2.894812304687500000e+04
9.391837890625000000e+03
1.982606445312500000e+04
2.906021875000000000e+04
2.305621289062500000e+04
4.902631250000000000e+04
3.637869873046875000e+02
3.055727929687500000e+04
9.072438476562500000e+03
1.914258203125000000e+04
2.670770117187500000e+04
1.153711621093750000e+04
3.179260009765625000e+03
1.480967871093750000e+04
6.555355468750000000e+04
9.204539062500000000e+03
1.504842089843750000e+04
9.841699981689453125e+01
2.460287890625000000e+04
2.393856933593750000e+03
2.328637939453125000e+03
2.492268164062500000e+04
2.981010156250000000e+04
5.669678125000000000e+04
2.409009033203125000e+03
1.181590722656250000e+04
1.939779296875000000e+04
1.273097656250000000e+04
1.176919335937500000e+04
1.486793359375000000e+04
1.464324511718750000e+04
5.991756835937500000e+03
1.614219970703125000e+02
6.265543945312500000e+03
2.783474121093750000e+03
1.101506835937500000e+04
1.940120507812500000e+04
4.337205468750000000e+04
3.197710742187500000e+04
1.979392187500000000e+04
5.513446777343750000e+03
5.482199859619140625e+01
5.297665039062500000e+03
2.753897949218750000e+03
2.554699804687500000e+04
1.036944609375000000e+05
2.207554687500000000e+04
2.317820312500000000e+04
1.095552539062500000e+04
2.510437011718750000e+03
1.535960742187500000e+04
4.843907226562500000e+03
6.987278808593750000e+03
2.592800585937500000e+04
1.515254980468750000e+04
8.160550781250000000e+03
3.784583984375000000e+03
7.325965625000000000e+04
4.043468994140625000e+03
6.251562011718750000e+03
6.967172851562500000e+03
3.973212500000000000e+04
8.697369140625000000e+03
4.123141113281250000e+03
1.928473242187500000e+04
8.491539062500000000e+03
1.327844531250000000e+04
1.124519042968750000e+03
1.197582128906250000e+04
9.767481445312500000e+03
3.029840820312500000e+04
2.898939941406250000e+03
3.636103906250000000e+04
1.164661010742187500e+03
9.628799804687500000e+03
7.918775878906250000e+03
1.025009375000000000e+04
8.057601074218750000e+03
1.464141406250000000e+04
1.384091875000000000e+05
1.062319335937500000e+04
7.847379882812500000e+03
1.399280371093750000e+04
9.275739746093750000e+02
2.033833007812500000e+04
1.127353281250000000e+05
4.969733203125000000e+04
1.390850952148437500e+03
2.558234570312500000e+04
2.194903906250000000e+04
4.466618359375000000e+04
2.034030664062500000e+04
5.522786718750000000e+04
3.563290100097656250e+02
2.054501757812500000e+04
1.456000061035156250e+02
9.888205468750000000e+04
8.467447265625000000e+03
1.160338012695312500e+03
1.599864062500000000e+04
9.959205078125000000e+03
1.225404052734375000e+03
3.864839111328125000e+03
1.530425048828125000e+03
9.409233398437500000e+03
1.278595117187500000e+04
4.260040039062500000e+03
3.141160742187500000e+04
2.291753710937500000e+04
1.539461523437500000e+04
5.405012207031250000e+03
7.724157031250000000e+04
1.218826049804687500e+03
2.353280029296875000e+02
3.038733984375000000e+04
1.078509570312500000e+04
7.209003906250000000e+03
6.147112792968750000e+03
1.983296997070312500e+03
1.435564218750000000e+05
1.697305273437500000e+04
9.946999218750000000e+04
5.627793945312500000e+03
1.528178027343750000e+04
1.504095117187500000e+04
2.994038085937500000e+03
2.421784570312500000e+04
6.219366210937500000e+03
2.412529101562500000e+04
1.895551953125000000e+04
1.848298828125000000e+04
2.247989013671875000e+03
3.193794335937500000e+04
6.757280761718750000e+03
2.486563964843750000e+03
9.729248046875000000e+03
5.412710546875000000e+04
3.097279687500000000e+04
2.698940820312500000e+04
5.032992187500000000e+03
4.537733886718750000e+03
1.924266015625000000e+04
8.310503906250000000e+04
4.016650781250000000e+04
8.818120117187500000e+02
4.545600390625000000e+04
2.526616406250000000e+04
2.816600036621093750e+01
2.376152734375000000e+04
4.090804687500000000e+04
3.751875000000000000e+04
8.828576562500000000e+04
2.517368896484375000e+03
9.095504882812500000e+03
2.604772070312500000e+04
8.848509765625000000e+03
6.016946777343750000e+03
8.830012695312500000e+03
3.979889453125000000e+04
1.589270019531250000e+02
4.245606640625000000e+04
6.988807128906250000e+03
2.797305273437500000e+04
4.059082421875000000e+04
2.999968017578125000e+03
6.865982910156250000e+03
3.589207031250000000e+03
9.625154296875000000e+03
9.846892578125000000e+03
4.971060058593750000e+03
2.268161523437500000e+04
2.171889953613281250e+02
6.667257812500000000e+04
8.988713867187500000e+03
1.363213593750000000e+05
6.457538085937500000e+03
1.191429492187500000e+04
7.944190063476562500e+02
3.019988037109375000e+03
1.084315527343750000e+04
1.028192285156250000e+04
5.682464843750000000e+04
4.603640136718750000e+02
1.266829986572265625e+02
1.921464648437500000e+04
3.009410351562500000e+04
1.150053027343750000e+04
5.732683105468750000e+03
1.788791210937500000e+04
1.885986718750000000e+04
2.852234570312500000e+04
5.759756835937500000e+03
1.099566796875000000e+04
7.416100311279296875e+01
1.710008056640625000e+03
8.288338281250000000e+04
4.238546093750000000e+04
4.181467968750000000e+04
4.990809936523437500e+02
3.826989013671875000e+03
1.986764843750000000e+04
2.799523828125000000e+04
4.222276855468750000e+03
1.130656005859375000e+03
1.539615625000000000e+04
2.016355859375000000e+04
2.756969909667968750e+02
8.017362792968750000e+03
9.331334960937500000e+03
1.571211035156250000e+04
8.812039794921875000e+02
7.974192871093750000e+03
1.071772753906250000e+04
1.115438085937500000e+04
8.040889892578125000e+02
1.865171679687500000e+04
7.826191406250000000e+04
6.097109765625000000e+04
1.941434375000000000e+04
1.875041406250000000e+04
2.486881103515625000e+03
2.023686035156250000e+03
2.619572070312500000e+04
5.445014453125000000e+04
9.348449707031250000e+02
2.150254492187500000e+04
5.833699218750000000e+03
9.997895312500000000e+04
9.945631835937500000e+03
3.840097900390625000e+03
4.223095703125000000e+04
5.149698242187500000e+03
1.105071679687500000e+04
5.754983593750000000e+04
4.542497265625000000e+04
4.480594238281250000e+03
1.948408789062500000e+04
1.863500022888183594e+01
3.548733886718750000e+03
1.480100488281250000e+04
1.973712109375000000e+04
3.067944091796875000e+03
2.012913671875000000e+04
5.470777734375000000e+04
3.334860937500000000e+04
1.796837890625000000e+04
5.977328515625000000e+04
4.003870117187500000e+03
1.741000000000000000e+03
5.016765136718750000e+03
8.402139648437500000e+03
8.380638281250000000e+04
3.929626562500000000e+04
1.869413476562500000e+04
5.647009887695312500e+02
5.450227734375000000e+04
1.925789843750000000e+04
8.460093750000000000e+04
2.354059082031250000e+03
2.014185058593750000e+03
2.029395996093750000e+03
2.791091992187500000e+04
1.779545703125000000e+04
7.861272949218750000e+03
2.145352734375000000e+04
1.897299957275390625e+01
5.514250000000000000e+03
1.748760070800781250e+02
6.339804687500000000e+04
5.786750000000000000e+03
8.569181640625000000e+03
1.403412402343750000e+04
2.688751953125000000e+03
1.807222070312500000e+04
2.940620117187500000e+02
2.763336132812500000e+04
8.824220703125000000e+03
5.846819921875000000e+04
2.656170117187500000e+04
7.522459960937500000e+03
3.724787109375000000e+03
1.900760040283203125e+02
4.023618896484375000e+03
1.471727734375000000e+04
1.002156542968750000e+04
4.021685156250000000e+04
4.198492187500000000e+03
1.220870019531250000e+04
3.347976171875000000e+04
1.522355566406250000e+04
4.007022265625000000e+04
1.850433984375000000e+04
7.743471191406250000e+03
6.910729980468750000e+03
6.135699844360351562e+01
1.736479003906250000e+03
1.298629101562500000e+04
4.351375976562500000e+03
1.985697998046875000e+03
2.024640991210937500e+03
3.892116943359375000e+03
1.378540527343750000e+04
2.712189062500000000e+04
1.835494531250000000e+04
1.977327343750000000e+04
1.269979296875000000e+04
1.598563574218750000e+04
4.577340625000000000e+04
2.320086328125000000e+04
3.717329101562500000e+03
2.499528076171875000e+03
1.325930175781250000e+04
9.065597656250000000e+03
9.302208984375000000e+03
1.075623242187500000e+04
1.318068945312500000e+04
3.044018554687500000e+04
2.336564843750000000e+04
1.416442016601562500e+03
2.013332812500000000e+04
1.042020703125000000e+04
5.840181152343750000e+03
3.570962890625000000e+03
7.500651855468750000e+03
1.845446289062500000e+04
2.794959960937500000e+04
1.313280566406250000e+04
1.586188476562500000e+04
5.307424218750000000e+04
2.377050781250000000e+04
4.165112109375000000e+04
2.223581054687500000e+03
2.016534057617187500e+03
9.619730224609375000e+02
6.861754882812500000e+03
1.661373828125000000e+04
2.384855273437500000e+04
1.251786914062500000e+04
6.780783203125000000e+03
2.548785156250000000e+04
1.590338769531250000e+04
1.773519140625000000e+04
8.377612304687500000e+03
1.518269042968750000e+04
8.003584960937500000e+03
5.371144042968750000e+03
1.624318554687500000e+04
5.043947265625000000e+04
7.787758789062500000e+03
1.631858032226562500e+03
4.298936718750000000e+04
2.710988867187500000e+04
1.304505664062500000e+04
4.990857812500000000e+04
1.018804016113281250e+03
1.206418847656250000e+04
8.226973632812500000e+03
1.245989355468750000e+04
1.253607421875000000e+04
6.246772949218750000e+03
7.650481933593750000e+03
3.498935937500000000e+04
4.384110156250000000e+04
4.464615234375000000e+03
2.628413085937500000e+03
1.982988037109375000e+03
8.317223632812500000e+03
4.711582031250000000e+04
1.313703320312500000e+04
1.604142578125000000e+04
4.197040625000000000e+04
4.772860546875000000e+04
5.999646093750000000e+04
1.957993359375000000e+04
1.821686035156250000e+03
5.149968750000000000e+04
3.975571875000000000e+04
2.428236132812500000e+04
5.797297851562500000e+03
3.268020019531250000e+02
9.313663281250000000e+04
4.554960937500000000e+03
1.979455664062500000e+04
1.053222070312500000e+04
2.537675048828125000e+03
7.157091796875000000e+03
2.671347265625000000e+04
2.488820037841796875e+02
3.327340087890625000e+03
1.482906738281250000e+04
4.419357812500000000e+04
8.572814453125000000e+03
2.692761523437500000e+04
2.535927978515625000e+03
2.247096923828125000e+03
4.216020312500000000e+04
9.317081054687500000e+03
3.258500976562500000e+04
2.524941406250000000e+04
3.356462890625000000e+03
2.286428125000000000e+04
2.073851757812500000e+04
2.895080468750000000e+04
7.564205078125000000e+03
4.712290039062500000e+03
1.081172851562500000e+04
1.474185253906250000e+04
9.167723632812500000e+03
1.067626660156250000e+04
1.838623046875000000e+04
1.626366308593750000e+04
1.257050018310546875e+02
8.563245117187500000e+03
2.510371484375000000e+04
1.625617675781250000e+04
3.753851074218750000e+03
1.070858496093750000e+04
2.059781054687500000e+04
4.621240234375000000e+04
8.493017578125000000e+03
1.701420898437500000e+04
5.430999609375000000e+04
1.088975488281250000e+04
2.037167968750000000e+04
1.136515014648437500e+03
2.127017187500000000e+04
1.032834472656250000e+04
1.852407812500000000e+04
3.143959570312500000e+04
1.017349023437500000e+04
1.503593457031250000e+04
9.814670898437500000e+03
2.562438085937500000e+04
3.093146484375000000e+04
1.416094726562500000e+04
1.143020019531250000e+02
2.204211132812500000e+04
6.472039794921875000e+02
1.926020050048828125e+02
8.203393554687500000e+03
4.371270703125000000e+04
2.765308789062500000e+04
4.595436718750000000e+04
5.408458007812500000e+03
2.477011962890625000e+03
5.415942578125000000e+04
1.642447265625000000e+04
1.003187890625000000e+04
4.664958007812500000e+03
4.697026953125000000e+04
1.838134570312500000e+04
2.899010546875000000e+04
6.792792968750000000e+03
9.896945312500000000e+03
2.278713476562500000e+04
2.338478027343750000e+03
8.389113281250000000e+04
3.772207031250000000e+04
9.299787109375000000e+03
9.418274218750000000e+04
6.458747070312500000e+03
2.339682617187500000e+04
8.663618164062500000e+03
3.785808593750000000e+04
1.462920312500000000e+04
5.208244140625000000e+04
7.498185156250000000e+04
8.333919921875000000e+03
3.443354980468750000e+03
4.420520312500000000e+04
8.123874023437500000e+03
1.042543515625000000e+05
3.072330017089843750e+02
4.415222656250000000e+04
6.089849121093750000e+03
6.200964843750000000e+03
1.128195019531250000e+04
1.729946044921875000e+03
3.179976171875000000e+04
2.644742382812500000e+04
1.683270898437500000e+04
7.524045312500000000e+04
7.615109863281250000e+02
1.084736640625000000e+05
1.896349023437500000e+04
5.441184082031250000e+03
1.304347070312500000e+04
1.036098281250000000e+05
4.409309765625000000e+04
2.240251757812500000e+04
6.042142089843750000e+03
3.444382421875000000e+04
2.240191894531250000e+03
6.682311718750000000e+04
1.313834960937500000e+03
1.338229296875000000e+04
2.055598242187500000e+04
3.536263671875000000e+04
1.551451367187500000e+04
1.178572070312500000e+04
1.183540136718750000e+04
5.744632812500000000e+03
1.885469335937500000e+04
2.387405078125000000e+04
5.476986816406250000e+03
7.660989843750000000e+04
1.961628125000000000e+04
1.034384765625000000e+04
2.155495507812500000e+04
3.894492187500000000e+04
5.075747070312500000e+03
1.078137011718750000e+04
7.385905761718750000e+03
5.035450390625000000e+04
9.426840209960937500e+02
4.297919921875000000e+03
3.071188964843750000e+03
1.884223022460937500e+03
1.752145996093750000e+03
6.837196777343750000e+03
4.668853125000000000e+04
8.880830468750000000e+04
9.318690185546875000e+02
5.184419140625000000e+04
2.820758789062500000e+04
3.682909912109375000e+03
4.305610046386718750e+02
2.572679931640625000e+03
3.143726953125000000e+04
1.525967041015625000e+03
3.139750390625000000e+04
2.624393164062500000e+04
1.846547265625000000e+04
1.409257031250000000e+04
7.908764160156250000e+03
2.339757617187500000e+04
4.498161132812500000e+03
1.226063964843750000e+04
1.478210644531250000e+04
7.906775878906250000e+03
5.554865625000000000e+04
3.946143066406250000e+03
7.275543945312500000e+03
1.161141699218750000e+04
2.991814257812500000e+04
1.585856933593750000e+04
3.387428125000000000e+04
