1.394234531250000000e+05
1.637324375000000000e+05
1.238290023803710938e+02
2.117730312500000000e+05
6.944799804687500000e+01
4.297900009155273438e+01
8.533052343750000000e+04
6.280599975585937500e+01
8.777230224609375000e+02
4.199700164794921875e+01
1.900590057373046875e+02
1.395566040039062500e+03
1.341499996185302734e+01
4.839509887695312500e+02
4.607744140625000000e+04
6.567800140380859375e+01
2.016999969482421875e+02
1.191583984375000000e+03
6.590899658203125000e+01
2.324808105468750000e+03
2.955461914062500000e+03
7.329799652099609375e+01
2.609099960327148438e+01
1.064027578125000000e+05
2.616220092773437500e+02
1.583890075683593750e+02
2.192399978637695312e+01
2.641691601562500000e+04
9.157169799804687500e+02
3.900740051269531250e+02
2.424779968261718750e+02
8.222299957275390625e+01
1.859724975585937500e+03
1.682286093750000000e+05
7.402219848632812500e+02
7.369300079345703125e+01
1.427966015625000000e+04
1.509000015258789062e+01
2.422230072021484375e+02
1.838489990234375000e+02
9.559799957275390625e+01
7.413400268554687500e+01
1.283985961914062500e+03
9.937000274658203125e+01
2.464299964904785156e+01
2.380123828125000000e+04
4.524590148925781250e+02
3.777529907226562500e+02
3.671000061035156250e+02
2.829999023437500000e+03
1.483790039062500000e+03
7.556743125000000000e+05
2.422940063476562500e+02
3.246900177001953125e+01
3.414909973144531250e+02
4.711600112915039062e+01
2.386889648437500000e+04
3.849049987792968750e+02
3.428428955078125000e+03
8.408799743652343750e+01
6.149970092773437500e+02
1.104192993164062500e+03
1.883320007324218750e+02
3.364979858398437500e+02
1.788199996948242188e+01
1.794711059570312500e+03
4.484299850463867188e+01
5.707520141601562500e+02
5.230300140380859375e+01
1.044741562500000000e+05
8.678220214843750000e+02
2.465920898437500000e+03
1.643700027465820312e+01
4.784410095214843750e+02
2.196959991455078125e+02
2.105258056640625000e+03
2.326346923828125000e+03
5.743600082397460938e+01
1.577799987792968750e+01
5.056066562500000000e+05
1.423774047851562500e+03
4.929644375000000000e+05
1.451925000000000000e+05
7.487331054687500000e+03
4.388199996948242188e+01
3.982260131835937500e+02
3.129120312500000000e+05
4.025684082031250000e+03
2.314579925537109375e+02
4.549200057983398438e+01
1.276140014648437500e+03
4.251830139160156250e+02
3.496747070312500000e+03
1.790075781250000000e+04
1.137356250000000000e+05
9.263899993896484375e+01
8.926316875000000000e+05
4.970100021362304688e+01
1.038700027465820312e+02
1.629779968261718750e+02
4.472600173950195312e+01
2.083546679687500000e+04
2.243308105468750000e+03
1.195046020507812500e+03
3.639029052734375000e+03
5.100000000000000000e+01
5.791160278320312500e+02
2.158099937438964844e+01
1.076140014648437500e+03
2.786554931640625000e+03
7.280570068359375000e+02
4.811170043945312500e+02
9.116820068359375000e+02
2.776149902343750000e+02
1.689198437500000000e+05
2.106649932861328125e+02
1.494190063476562500e+02
1.009059437500000000e+06
2.757162109375000000e+03
6.058900070190429688e+01
1.567614990234375000e+03
8.061669921875000000e+02
1.645169982910156250e+02
3.857730102539062500e+02
5.844300079345703125e+01
2.322339935302734375e+02
2.243150024414062500e+02
3.567300033569335938e+01
5.209042968750000000e+04
7.382310180664062500e+02
7.122799682617187500e+01
4.007638281250000000e+04
7.883130468750000000e+04
9.411129760742187500e+02
1.328686035156250000e+03
7.338999938964843750e+01
1.620182656250000000e+05
3.884500122070312500e+01
8.085609741210937500e+02
2.881500053405761719e+01
5.534689941406250000e+02
9.370600128173828125e+01
2.891300010681152344e+01
2.205659912109375000e+03
5.228779687500000000e+04
4.598500061035156250e+01
1.380740966796875000e+03
2.792042500000000000e+05
1.799203002929687500e+03
1.922525312500000000e+05
1.446809997558593750e+02
4.481600189208984375e+01
6.833778125000000000e+04
2.004400062561035156e+01
3.275750122070312500e+02
6.684999847412109375e+01
5.385300064086914062e+01
1.069280029296875000e+03
6.769940185546875000e+02
1.238801025390625000e+03
2.132570037841796875e+02
1.333967500000000000e+05
9.624180297851562500e+02
1.086010009765625000e+03
3.634970092773437500e+02
1.280624023437500000e+03
1.310897265625000000e+04
4.300549926757812500e+02
4.239230041503906250e+02
2.924600028991699219e+01
2.775127929687500000e+03
1.514588989257812500e+03
7.610299682617187500e+01
8.395869750976562500e+02
1.529563750000000000e+05
1.755237060546875000e+03
1.058435234375000000e+05
2.865647949218750000e+03
4.472439880371093750e+02
1.810630035400390625e+02
2.055639953613281250e+02
3.363349687500000000e+05
1.735299987792968750e+02
1.539920043945312500e+02
1.344501250000000000e+05
5.243159790039062500e+02
1.319040069580078125e+02
1.343456347656250000e+04
3.316700927734375000e+03
4.432590026855468750e+02
6.149599838256835938e+01
6.071599960327148438e+01
1.220940017700195312e+02
4.890000152587890625e+01
7.597689819335937500e+02
4.017560119628906250e+02
9.995540161132812500e+02
9.553200073242187500e+02
2.159464062500000000e+05
1.369307226562500000e+04
1.390249938964843750e+02
8.721649780273437500e+02
1.772043945312500000e+03
5.566299819946289062e+01
9.128439941406250000e+02
5.825892968750000000e+04
2.921299934387207031e+01
8.372499847412109375e+01
5.626119995117187500e+02
4.423199844360351562e+01
7.559379882812500000e+02
3.193240051269531250e+02
1.446786406250000000e+05
8.981235937500000000e+04
3.855799865722656250e+01
2.150099945068359375e+01
1.371500015258789062e+01
8.542180175781250000e+02
7.834979858398437500e+02
8.281999588012695312e+00
2.535700035095214844e+01
3.139740429687500000e+04
4.834682812500000000e+04
4.256940002441406250e+02
8.311420288085937500e+02
1.999675048828125000e+03
1.121708007812500000e+03
8.408228125000000000e+04
1.586317016601562500e+03
7.123300170898437500e+02
8.576489868164062500e+02
4.736400146484375000e+02
8.148600006103515625e+01
5.861259765625000000e+02
4.735599899291992188e+01
1.793857055664062500e+03
2.611520080566406250e+02
3.112720031738281250e+02
3.250268750000000000e+05
8.619119873046875000e+02
6.562200164794921875e+01
2.852269897460937500e+02
1.319219970703125000e+03
7.189310302734375000e+02
3.855090026855468750e+02
2.560099983215332031e+01
8.539080200195312500e+02
1.342002343750000000e+05
2.085300064086914062e+01
8.352999877929687500e+01
1.872690156250000000e+05
3.245500183105468750e+01
1.093857578125000000e+05
1.099690017700195312e+02
6.195750122070312500e+02
2.530400085449218750e+01
2.451459960937500000e+02
6.775720214843750000e+02
1.778700065612792969e+01
1.938529968261718750e+02
2.248478027343750000e+03
1.586549987792968750e+02
2.560060119628906250e+02
3.085099983215332031e+01
2.331506103515625000e+03
3.313700103759765625e+01
6.714019775390625000e+02
3.739767500000000000e+05
4.888562890625000000e+04
1.406599998474121094e+01
1.863077656250000000e+05
5.938391250000000000e+05
1.671390075683593750e+02
6.049662500000000000e+04
2.412779052734375000e+03
1.309889984130859375e+02
8.796519775390625000e+02
2.800141113281250000e+03
1.619011962890625000e+03
7.019069824218750000e+02
5.711100006103515625e+01
1.803637695312500000e+04
4.479173828125000000e+04
4.624410095214843750e+02
6.621800231933593750e+01
1.005564921875000000e+05
1.658306030273437500e+03
1.284833007812500000e+03
7.001699829101562500e+01
8.119539794921875000e+02
1.005599975585937500e+02
1.495579956054687500e+03
1.554536987304687500e+03
1.283247109375000000e+05
2.665060312500000000e+05
3.539493437500000000e+05
2.436899948120117188e+01
3.453499984741210938e+01
4.199025781250000000e+04
2.790729980468750000e+02
1.055954687500000000e+05
1.228577832031250000e+04
4.906820068359375000e+02
4.586800003051757812e+01
1.114822998046875000e+03
4.240000152587890625e+01
9.062839965820312500e+02
5.188000106811523438e+01
2.703610107421875000e+03
1.671000061035156250e+02
4.948519897460937500e+02
1.200493515625000000e+05
7.465911875000000000e+05
9.677719726562500000e+02
4.531499862670898438e+01
1.062679977416992188e+02
9.997000122070312500e+02
2.079899978637695312e+01
6.693493750000000000e+04
1.208814941406250000e+03
2.237034912109375000e+03
2.230290625000000000e+04
5.288600158691406250e+01
1.323654843750000000e+05
1.911943906250000000e+05
1.434060058593750000e+02
3.314786562500000000e+05
1.582999992370605469e+01
1.579598999023437500e+03
1.137839965820312500e+02
2.984000015258789062e+01
1.719850006103515625e+02
8.927381250000000000e+04
1.762579956054687500e+02
1.254437011718750000e+03
3.395999908447265625e+01
4.436470031738281250e+02
1.426619018554687500e+03
1.031774047851562500e+03
9.351300048828125000e+01
8.977994531250000000e+04
4.653309936523437500e+02
7.030850219726562500e+02
1.387415156250000000e+05
2.886816406250000000e+04
5.970823828125000000e+04
1.951699981689453125e+02
1.340199951171875000e+03
3.169551025390625000e+03
1.227000045776367188e+01
5.367300033569335938e+01
2.401799964904785156e+01
3.854159851074218750e+02
2.583630065917968750e+02
3.646279907226562500e+02
2.155419843750000000e+05
2.888059997558593750e+02
4.508999824523925781e+00
2.139843017578125000e+03
1.624900054931640625e+02
9.986729736328125000e+02
7.174749755859375000e+02
3.395145312500000000e+04
3.742900085449218750e+01
1.178831328125000000e+05
1.073041484375000000e+05
5.437979736328125000e+02
2.953100013732910156e+01
2.087500000000000000e+01
2.672619934082031250e+02
1.010557343750000000e+05
1.742009765625000000e+04
7.735700225830078125e+01
2.216267343750000000e+05
4.507940063476562500e+02
9.662899780273437500e+01
1.157133984375000000e+05
1.194333984375000000e+03
3.489948974609375000e+03
1.824594687500000000e+05
1.239849975585937500e+03
2.219599914550781250e+01
2.956187500000000000e+05
2.338439941406250000e+02
3.439442187500000000e+05
7.224580468750000000e+04
2.072999954223632812e+01
1.277991943359375000e+03
1.218470001220703125e+02
1.906288940429687500e+03
1.488799953460693359e+01
9.159948437500000000e+04
9.128829956054687500e+02
3.042179375000000000e+05
6.200699996948242188e+01
2.656860046386718750e+02
2.693999938964843750e+02
8.793506250000000000e+04
7.249190063476562500e+02
9.162999725341796875e+01
2.687243896484375000e+03
7.002349853515625000e+02
7.930809936523437500e+02
4.204077148437500000e+03
1.674957031250000000e+03
8.415200042724609375e+01
2.282100067138671875e+02
5.240880126953125000e+02
1.587899932861328125e+02
8.641300201416015625e+01
3.968902187500000000e+05
6.192599868774414062e+01
3.011380004882812500e+02
6.438029785156250000e+02
6.307780151367187500e+02
5.365289916992187500e+02
2.202480010986328125e+02
7.114199829101562500e+01
7.523500061035156250e+01
5.219879760742187500e+02
5.784999847412109375e+00
2.363885986328125000e+03
1.365465942382812500e+03
1.178647949218750000e+03
2.639100074768066406e+01
1.041423828125000000e+05
3.454460144042968750e+02
3.734115966796875000e+03
1.737560058593750000e+03
6.258549804687500000e+02
2.696400070190429688e+01
2.896310119628906250e+02
3.472702880859375000e+03
1.826031054687500000e+04
3.060813964843750000e+03
4.564840087890625000e+02
2.033619375000000000e+05
7.737910156250000000e+02
4.477680053710937500e+02
1.601199951171875000e+02
4.126960144042968750e+02
9.621090087890625000e+02
8.462599945068359375e+01
1.643390045166015625e+02
7.836442968750000000e+04
5.063387500000000000e+04
5.775827500000000000e+05
2.230209960937500000e+02
4.282450781250000000e+04
8.336920166015625000e+02
1.935239013671875000e+03
2.276999969482421875e+02
3.477658125000000000e+05
4.381090087890625000e+02
5.174829711914062500e+02
1.151434921875000000e+05
1.650399971008300781e+01
5.921300048828125000e+02
5.075820007324218750e+02
1.764636962890625000e+03
8.999700164794921875e+01
6.536399841308593750e+01
3.142700004577636719e+01
1.185723906250000000e+05
1.105500030517578125e+01
9.967949829101562500e+02
1.179284531250000000e+05
1.019241027832031250e+03
1.284953002929687500e+03
1.955379028320312500e+03
7.313629760742187500e+02
1.723598022460937500e+03
3.744214062500000000e+04
2.573188437500000000e+05
3.326592041015625000e+03
2.352480010986328125e+02
2.838999938964843750e+01
1.718509979248046875e+02
2.215610046386718750e+02
1.382776977539062500e+03
4.196449890136718750e+02
3.074227050781250000e+03
1.744099998474121094e+01
4.935499877929687500e+02
2.828591875000000000e+05
1.381520996093750000e+03
1.696733032226562500e+03
2.219517343750000000e+05
3.249300003051757812e+01
2.276989375000000000e+05
9.435780029296875000e+02
7.896279907226562500e+02
8.812700195312500000e+02
1.096152954101562500e+03
2.471800041198730469e+01
3.459710083007812500e+02
1.856108032226562500e+03
8.060923437500000000e+04
1.423123046875000000e+03
3.634970092773437500e+02
1.971281982421875000e+03
3.619490051269531250e+02
5.129192578125000000e+04
3.266019897460937500e+02
6.360100173950195312e+01
1.165390014648437500e+02
2.674119873046875000e+02
1.072779998779296875e+02
6.016810302734375000e+02
1.070333007812500000e+03
2.396199951171875000e+02
1.533010625000000000e+05
1.978199958801269531e+01
3.610679931640625000e+02
5.603410034179687500e+02
1.012419967651367188e+02
1.086795703125000000e+05
7.707089843750000000e+02
7.667319946289062500e+02
1.248757578125000000e+05
3.903221484375000000e+04
1.146697890625000000e+05
3.676600036621093750e+02
1.366275024414062500e+03
5.565659790039062500e+02
2.789358886718750000e+03
3.106927539062500000e+04
3.809199905395507812e+01
7.891801562500000000e+04
1.936779937744140625e+02
2.845999908447265625e+01
3.273750000000000000e+02
1.519699954986572266e+01
1.340350036621093750e+02
9.707700347900390625e+01
3.496099853515625000e+01
5.041999816894531250e+01
1.578500061035156250e+02
1.335090026855468750e+02
6.429000091552734375e+01
2.003202026367187500e+03
5.664500045776367188e+01
1.605500030517578125e+02
1.396510986328125000e+03
1.389730072021484375e+02
3.426250000000000000e+02
3.050235546875000000e+04
1.237919998168945312e+02
1.240067031250000000e+05
4.995800018310546875e+01
5.910523437500000000e+04
2.590600013732910156e+01
8.493561718750000000e+04
1.578605937500000000e+05
2.774465625000000000e+05
9.938751562500000000e+04
7.276779785156250000e+02
1.411130065917968750e+02
3.496140136718750000e+02
6.404025000000000000e+05
4.200050048828125000e+02
5.213700103759765625e+01
1.495339965820312500e+02
3.127409973144531250e+02
1.954999023437500000e+03
4.875000000000000000e+00
1.609099960327148438e+01
2.854548095703125000e+03
2.404772851562500000e+04
1.295862060546875000e+03
8.876110229492187500e+02
1.548400020599365234e+01
1.291395468750000000e+05
3.029219970703125000e+02
2.600791093750000000e+05
7.966209716796875000e+02
2.421120117187500000e+03
2.730239868164062500e+02
3.846780090332031250e+02
3.776610107421875000e+02
8.985579833984375000e+02
8.033599853515625000e+01
2.191900024414062500e+02
2.053348593750000000e+05
2.465900039672851562e+01
4.089300155639648438e+01
1.658102050781250000e+03
3.275589904785156250e+02
2.858799072265625000e+03
2.265399932861328125e+01
7.599050292968750000e+02
1.431939941406250000e+03
1.327480010986328125e+02
1.137067016601562500e+03
1.724606640625000000e+04
8.167880249023437500e+02
1.151447812500000000e+05
8.791500091552734375e+01
5.818500000000000000e+03
4.488000106811523438e+01
1.854534057617187500e+03
8.095999908447265625e+01
3.168190625000000000e+05
7.473950195312500000e+02
4.581769531250000000e+04
1.354869995117187500e+03
1.371895019531250000e+03
4.912430114746093750e+02
5.210200119018554688e+01
4.603932812500000000e+04
1.622200012207031250e+01
1.306101562500000000e+05
1.964699935913085938e+01
1.769843994140625000e+03
1.761690063476562500e+02
9.767750244140625000e+02
3.777096093750000000e+04
1.491098593750000000e+05
3.009280090332031250e+02
2.460630035400390625e+02
2.837739868164062500e+02
8.873930053710937500e+02
2.062299919128417969e+01
2.062199974060058594e+01
1.745599937438964844e+01
1.043884531250000000e+05
5.952700042724609375e+01
1.681678955078125000e+03
5.360400009155273438e+01
1.153454843750000000e+05
1.090108032226562500e+03
1.241880035400390625e+02
9.253268750000000000e+04
2.685750122070312500e+02
9.959409790039062500e+02
5.316550292968750000e+02
3.640440063476562500e+02
2.863700000000000000e+05
3.301390075683593750e+02
3.176199913024902344e+01
3.168899917602539062e+01
2.265194091796875000e+03
6.570000171661376953e+00
1.309581054687500000e+03
3.732619934082031250e+02
2.655775878906250000e+03
2.166699981689453125e+01
2.228400039672851562e+01
4.309060058593750000e+02
8.789130249023437500e+02
3.932028906250000000e+04
3.712900161743164062e+01
5.475979296875000000e+04
4.401310119628906250e+02
9.916100311279296875e+01
6.070700073242187500e+01
4.483300018310546875e+01
1.912543750000000000e+05
5.741510937500000000e+04
5.985900115966796875e+01
9.449260253906250000e+02
2.530589687500000000e+05
1.003000976562500000e+03
2.629899978637695312e+01
5.515432812500000000e+04
2.307190917968750000e+03
2.319499969482421875e+01
1.434344062500000000e+05
1.409058959960937500e+03
4.395100097656250000e+02
3.486000061035156250e+01
2.126098281250000000e+05
4.393199920654296875e+01
1.403142944335937500e+03
3.034700012207031250e+01
9.659680468750000000e+04
5.238638281250000000e+04
3.889510986328125000e+03
5.351003125000000000e+05
8.989959716796875000e+02
8.129509887695312500e+02
5.355699920654296875e+01
1.993681030273437500e+03
1.372489929199218750e+02
1.319229218750000000e+05
4.281860046386718750e+02
2.350249938964843750e+02
5.042099914550781250e+02
3.212699890136718750e+01
6.607410278320312500e+02
1.206656982421875000e+03
4.868500137329101562e+01
3.489901562500000000e+04
3.066338671875000000e+04
7.952750244140625000e+02
3.209500122070312500e+01
1.068000030517578125e+01
5.606700134277343750e+01
3.688059997558593750e+02
6.518900146484375000e+02
8.531999588012695312e+00
7.746300048828125000e+02
9.395445312500000000e+04
1.176157958984375000e+03
8.223400115966796875e+01
1.903599975585937500e+03
3.200799942016601562e+01
1.309344970703125000e+03
3.182273925781250000e+03
1.406576093750000000e+05
1.887299919128417969e+01
3.639431640625000000e+04
2.057485000000000000e+05
3.019040039062500000e+03
3.261050109863281250e+02
3.339300155639648438e+01
2.586659851074218750e+02
7.131500244140625000e+01
2.729920043945312500e+02
2.095667656250000000e+05
6.524459838867187500e+02
1.287420043945312500e+02
8.188600158691406250e+01
3.662390136718750000e+02
8.322349853515625000e+02
4.544010009765625000e+02
3.063829956054687500e+02
1.456200027465820312e+01
1.141610031127929688e+02
1.621140014648437500e+03
2.303627929687500000e+03
6.918535937500000000e+04
3.439395312500000000e+05
2.758880004882812500e+02
9.046420288085937500e+02
1.166077578125000000e+05
8.259589843750000000e+02
4.607130126953125000e+02
1.811430053710937500e+02
8.520269775390625000e+02
1.679360046386718750e+02
1.839083007812500000e+03
4.250299835205078125e+01
1.164295078125000000e+05
1.738509979248046875e+02
3.320740051269531250e+02
2.914299964904785156e+01
8.903706054687500000e+03
4.967100143432617188e+01
6.268299865722656250e+01
3.524480078125000000e+04
2.623699951171875000e+01
4.320958984375000000e+03
5.911623046875000000e+04
1.234244995117187500e+03
3.380820007324218750e+02
1.364239959716796875e+02
2.221833593750000000e+04
5.949509887695312500e+02
2.423114990234375000e+03
1.743159942626953125e+02
3.118784375000000000e+04
1.037773281250000000e+05
5.144100189208984375e+01
1.008300018310546875e+01
1.430319946289062500e+03
2.836010131835937500e+02
2.178958281250000000e+05
8.953800201416015625e+01
1.455781982421875000e+03
8.446069946289062500e+02
7.655300140380859375e+01
5.385560302734375000e+02
3.297200012207031250e+01
4.846799850463867188e+01
2.565609960937500000e+04
5.137940063476562500e+02
5.313359985351562500e+02
1.154430007934570312e+02
4.572409973144531250e+02
1.889131958007812500e+03
3.070390014648437500e+02
9.370700073242187500e+02
3.012770080566406250e+02
1.474911987304687500e+03
3.366500091552734375e+01
9.049390258789062500e+02
4.276300048828125000e+01
2.823824804687500000e+04
4.571640014648437500e+02
3.000200080871582031e+01
8.357910156250000000e+02
7.096439819335937500e+02
3.708198974609375000e+03
1.141266967773437500e+03
4.509909973144531250e+02
2.612202656250000000e+05
3.260459765625000000e+04
1.478274047851562500e+03
2.602896562500000000e+05
7.198790283203125000e+02
1.694899940490722656e+01
1.288598593750000000e+05
4.554120312500000000e+04
3.059300041198730469e+01
3.947499847412109375e+01
2.519094375000000000e+05
6.045670166015625000e+02
6.412769775390625000e+02
1.090185058593750000e+03
8.685260009765625000e+02
1.792827812500000000e+05
1.270558959960937500e+03
9.407199707031250000e+02
5.378250122070312500e+02
8.111134375000000000e+04
3.685369062500000000e+05
9.067850000000000000e+04
5.843610229492187500e+02
1.882900047302246094e+01
1.205250015258789062e+02
5.634299850463867188e+01
1.844137939453125000e+03
2.986817187500000000e+05
2.234440002441406250e+02
2.738333007812500000e+03
9.557499694824218750e+01
6.880500030517578125e+01
1.064605957031250000e+03
2.665929870605468750e+02
8.841500244140625000e+02
7.634439697265625000e+02
2.621199989318847656e+01
3.868899917602539062e+01
2.307571044921875000e+03
7.088196250000000000e+05
1.244309997558593750e+02
3.622000122070312500e+01
1.316953002929687500e+03
2.024490051269531250e+02
1.958690032958984375e+02
5.266339721679687500e+02
3.806999969482421875e+01
5.107439880371093750e+02
6.123670043945312500e+02
5.968273125000000000e+05
8.033649902343750000e+02
1.003909988403320312e+02
1.121121171875000000e+05
5.395500183105468750e+01
2.717606933593750000e+03
2.499629974365234375e+02
2.684000015258789062e+01
2.333257500000000000e+05
9.043109741210937500e+02
3.447999954223632812e+01
6.483899688720703125e+01
4.656048828125000000e+03
3.235491562500000000e+05
2.246199989318847656e+01
3.621599960327148438e+01
1.352026977539062500e+03
1.080691040039062500e+03
2.118329925537109375e+02
1.866788940429687500e+03
3.287807031250000000e+04
3.260311250000000000e+05
3.440270080566406250e+02
1.004715026855468750e+03
8.501989746093750000e+02
3.462810058593750000e+02
9.501439819335937500e+02
5.568899917602539062e+01
5.660289916992187500e+02
2.820759887695312500e+02
2.454374023437500000e+03
3.652415625000000000e+04
2.401499938964843750e+01
1.683321044921875000e+03
3.623699951171875000e+01
7.324600219726562500e+01
9.004215625000000000e+04
1.084281005859375000e+03
1.689940032958984375e+02
8.620729980468750000e+02
1.012210006713867188e+02
9.261630249023437500e+02
9.588600158691406250e+01
2.473054931640625000e+03
1.811910781250000000e+05
8.722390136718750000e+02
2.378829101562500000e+03
2.507010040283203125e+02
7.934310302734375000e+02
2.155256562500000000e+05
5.911599731445312500e+02
8.518951562500000000e+04
1.536072021484375000e+03
1.613899993896484375e+01
7.369999885559082031e+00
2.808099937438964844e+01
1.465529937744140625e+02
1.058845947265625000e+03
9.475700378417968750e+01
1.955810312500000000e+05
1.934799957275390625e+01
6.382009887695312500e+02
6.657420043945312500e+02
4.935599899291992188e+01
1.287879943847656250e+02
8.237500000000000000e+01
1.114950027465820312e+02
1.168714257812500000e+04
1.244749984741210938e+02
5.876599884033203125e+01
5.899200057983398438e+01
5.986884765625000000e+03
2.359259948730468750e+02
2.147070156250000000e+05
5.722269897460937500e+02
7.449600219726562500e+01
3.424654687500000000e+05
3.900699996948242188e+01
3.192974121093750000e+03
6.079911718750000000e+04
5.830200195312500000e+02
3.401357910156250000e+03
2.533722851562500000e+04
4.762396562500000000e+05
4.330499877929687500e+02
1.773819946289062500e+03
4.110249938964843750e+02
2.014047187500000000e+05
5.743284765625000000e+04
1.614399909973144531e+01
1.005900001525878906e+01
1.044469985961914062e+02
6.705000305175781250e+01
6.238020019531250000e+02
4.455539855957031250e+02
7.033206054687500000e+03
6.825219726562500000e+02
8.442400360107421875e+01
2.083391875000000000e+05
1.672532031250000000e+04
2.855599975585937500e+02
1.475599956512451172e+01
1.998489990234375000e+02
7.219899749755859375e+01
2.763930053710937500e+02
9.115839843750000000e+02
3.679610312500000000e+05
1.856769042968750000e+03
4.030468994140625000e+03
1.597084960937500000e+03
4.463000106811523438e+01
5.171455078125000000e+04
5.004970092773437500e+02
5.423400115966796875e+01
1.390089965820312500e+03
2.354407968750000000e+05
7.354650268554687500e+02
2.204249843750000000e+05
1.504399967193603516e+01
2.093379974365234375e+02
2.875399971008300781e+01
1.299459991455078125e+02
5.761270141601562500e+02
1.618370056152343750e+02
1.542078002929687500e+03
5.800400161743164062e+01
6.197000026702880859e+00
4.518689880371093750e+02
4.743349914550781250e+02
3.197999877929687500e+02
5.728400039672851562e+01
3.904060058593750000e+02
1.095139999389648438e+02
1.843020019531250000e+02
6.910540161132812500e+02
3.762449951171875000e+02
7.719982031250000000e+04
2.085540008544921875e+02
1.264806030273437500e+03
2.731239929199218750e+02
2.336700057983398438e+01
3.236019062500000000e+05
4.556260070800781250e+02
6.831370239257812500e+02
5.238700103759765625e+01
8.975578906250000000e+04
1.834524047851562500e+03
6.175472656250000000e+04
3.767430114746093750e+02
2.434069976806640625e+02
5.409600067138671875e+01
1.097369995117187500e+02
4.038499832153320312e+01
7.989614843750000000e+04
5.974700164794921875e+01
