3.258059997558593750e+02
6.897899627685546875e+01
1.059719970703125000e+03
4.859000205993652344e+00
8.254799652099609375e+01
4.851499938964843750e+01
2.302999973297119141e+00
3.506960144042968750e+02
5.434000015258789062e+00
3.888000106811523438e+01
1.022450027465820312e+02
8.725099945068359375e+01
5.324600219726562500e+02
7.877919921875000000e+02
5.340100097656250000e+01
3.730000019073486328e+00
4.104800109863281250e+02
8.100599670410156250e+01
1.539709930419921875e+02
1.222549972534179688e+02
1.860799980163574219e+01
4.662269897460937500e+02
2.414399909973144531e+01
3.186889953613281250e+02
2.606820068359375000e+02
8.546999931335449219e+00
5.624700164794921875e+01
1.612000083923339844e+01
1.925300025939941406e+01
3.830450134277343750e+02
6.736299896240234375e+01
4.449670104980468750e+02
2.496199989318847656e+01
6.230999946594238281e+00
1.307499980926513672e+01
1.990319976806640625e+02
2.349600067138671875e+02
3.771400070190429688e+01
5.054999828338623047e+00
1.112480010986328125e+02
4.311979980468750000e+02
6.531999969482421875e+01
2.157129974365234375e+02
3.086100006103515625e+01
2.204369964599609375e+02
5.927999877929687500e+02
1.096750030517578125e+02
4.414200134277343750e+02
6.446000099182128906e+00
7.832099914550781250e+01
7.334200286865234375e+01
1.300440063476562500e+02
9.216200256347656250e+01
3.938899993896484375e+01
8.489000320434570312e+00
2.292929992675781250e+02
1.199079971313476562e+02
1.945930023193359375e+02
7.175980224609375000e+02
7.305999755859375000e+01
1.402929992675781250e+02
3.985360107421875000e+02
1.267715942382812500e+03
1.123957031250000000e+03
3.245859985351562500e+02
6.495999813079833984e+00
7.480739746093750000e+02
4.771400070190429688e+01
4.795000076293945312e+00
9.326799774169921875e+01
4.915700073242187500e+02
1.080599975585937500e+02
8.095999908447265625e+01
3.237799987792968750e+02
6.420099639892578125e+01
1.639250030517578125e+02
2.472830047607421875e+02
4.856999969482421875e+01
6.295299911499023438e+01
1.224280014038085938e+02
2.127180023193359375e+02
9.176719970703125000e+02
2.543509979248046875e+02
6.292200088500976562e+01
8.695700073242187500e+01
4.099370117187500000e+02
1.026809997558593750e+02
9.009300231933593750e+01
3.696400070190429688e+01
1.211900024414062500e+02
7.050590209960937500e+02
3.311979980468750000e+02
7.421800231933593750e+01
8.128000259399414062e+00
3.143039855957031250e+02
3.297390136718750000e+02
6.151000022888183594e+00
9.100339965820312500e+02
1.612737060546875000e+03
1.629470062255859375e+02
1.553299999237060547e+01
7.458100128173828125e+01
2.254089965820312500e+02
4.967999935150146484e+00
6.775989990234375000e+02
4.208599853515625000e+01
1.278710021972656250e+02
5.377399826049804688e+01
6.125999832153320312e+01
1.756000041961669922e+00
1.096859970092773438e+02
6.618679809570312500e+02
3.574309997558593750e+02
1.396000027656555176e+00
1.495559997558593750e+02
1.410999965667724609e+01
3.573999881744384766e+00
2.395220031738281250e+02
1.203199958801269531e+01
7.833480224609375000e+02
1.446860046386718750e+02
3.247800064086914062e+01
1.058300018310546875e+02
3.603680114746093750e+02
3.316099929809570312e+01
3.902199935913085938e+01
4.025600051879882812e+01
5.923999786376953125e+00
4.558380126953125000e+02
1.648900032043457031e+01
4.644300079345703125e+01
1.705100059509277344e+01
7.020700073242187500e+01
1.529479980468750000e+02
3.952319946289062500e+02
1.958730010986328125e+02
7.406999969482421875e+01
2.546199989318847656e+01
6.427999973297119141e+00
4.753890075683593750e+02
4.250209960937500000e+02
3.803160095214843750e+02
2.267600059509277344e+01
9.731600189208984375e+01
9.232700347900390625e+01
2.855999946594238281e+00
1.590390014648437500e+02
2.459510040283203125e+02
2.061000108718872070e+00
1.201520004272460938e+02
6.367780151367187500e+02
1.522980041503906250e+02
2.266999959945678711e+00
2.585000038146972656e+01
8.619100189208984375e+01
1.780740051269531250e+02
6.616040039062500000e+02
1.876000022888183594e+01
9.548999786376953125e+00
1.833800048828125000e+02
3.957400131225585938e+01
6.773899841308593750e+01
6.697020263671875000e+02
1.942279968261718750e+02
2.345000028610229492e+00
1.834920043945312500e+02
1.568630065917968750e+02
7.954499816894531250e+01
5.178259887695312500e+02
2.382579956054687500e+02
2.439200019836425781e+01
7.435900115966796875e+01
5.492499923706054688e+01
7.156199645996093750e+01
5.661500167846679688e+01
4.891140136718750000e+02
5.335000038146972656e+00
2.148699951171875000e+02
1.780729980468750000e+02
5.276599884033203125e+01
1.427799987792968750e+01
6.060999870300292969e+00
4.048110046386718750e+02
1.477522949218750000e+03
1.515650024414062500e+02
6.278759765625000000e+02
2.031829986572265625e+02
1.111330032348632812e+02
8.139900207519531250e+01
9.266000366210937500e+01
2.236269989013671875e+02
3.640000104904174805e+00
4.227500152587890625e+01
8.873289794921875000e+02
2.016860046386718750e+02
2.024299926757812500e+02
1.067300033569335938e+01
1.316250000000000000e+02
1.034580001831054688e+02
1.333029937744140625e+02
5.272700119018554688e+01
2.724999904632568359e+00
2.242099952697753906e+01
8.945700073242187500e+01
4.464030151367187500e+02
3.969349975585937500e+02
2.721199989318847656e+01
5.695969848632812500e+02
1.210510025024414062e+02
2.014440002441406250e+02
6.671499633789062500e+01
1.135350036621093750e+02
1.595699977874755859e+01
7.751999855041503906e+00
3.619230041503906250e+02
6.265999984741210938e+01
5.573900146484375000e+02
3.323699951171875000e+01
9.773899841308593750e+01
2.069389953613281250e+02
1.373000025749206543e+00
1.999900054931640625e+01
7.716920166015625000e+02
6.309260253906250000e+02
3.294920043945312500e+02
1.022200012207031250e+01
1.533399963378906250e+01
1.537879943847656250e+02
3.177160034179687500e+02
5.971099853515625000e+01
8.595529785156250000e+02
1.641450042724609375e+02
7.168099975585937500e+02
3.718500137329101562e+01
1.550619964599609375e+02
2.436439971923828125e+02
4.038859863281250000e+02
1.217160034179687500e+02
1.404129943847656250e+02
7.876999855041503906e+00
9.679810180664062500e+02
1.431419982910156250e+02
1.067890014648437500e+02
1.523339996337890625e+02
1.879530029296875000e+02
2.221589965820312500e+02
4.741010131835937500e+02
9.575419921875000000e+02
5.192999839782714844e+00
2.326399993896484375e+01
5.126100158691406250e+01
4.596730041503906250e+02
4.104100036621093750e+01
8.206000328063964844e+00
3.831700134277343750e+01
7.277290039062500000e+02
6.495529785156250000e+02
3.527650146484375000e+02
7.067349853515625000e+02
5.679999828338623047e+00
1.926679992675781250e+02
2.470709991455078125e+02
3.060939941406250000e+02
6.033270263671875000e+02
6.710490112304687500e+02
4.819900131225585938e+01
3.010260009765625000e+02
1.271809997558593750e+02
3.874499893188476562e+01
5.216439819335937500e+02
1.187339965820312500e+03
2.831099853515625000e+02
1.038899993896484375e+01
2.901119995117187500e+02
5.457310180664062500e+02
7.048999786376953125e+00
2.181599998474121094e+01
3.336990051269531250e+02
2.980900001525878906e+01
1.312940063476562500e+02
4.278219909667968750e+02
4.483200073242187500e+01
2.094300079345703125e+01
3.121499938964843750e+02
4.384549865722656250e+02
8.285369873046875000e+02
4.211830139160156250e+02
3.844599914550781250e+01
1.571100044250488281e+01
8.210500335693359375e+01
1.301411987304687500e+03
1.336915039062500000e+03
6.899500274658203125e+01
4.324169921875000000e+02
1.048960037231445312e+02
7.032880249023437500e+02
8.694000244140625000e+00
3.359400177001953125e+01
7.358000183105468750e+01
9.029000282287597656e+00
2.790880126953125000e+02
1.214687988281250000e+03
3.700320129394531250e+02
1.837749938964843750e+02
5.536000061035156250e+01
6.248300170898437500e+01
1.248600006103515625e+01
5.419200134277343750e+01
2.753000020980834961e+00
7.454000091552734375e+01
3.969859924316406250e+02
4.207919921875000000e+02
6.054000091552734375e+01
5.690310058593750000e+02
1.595110015869140625e+02
3.991940002441406250e+02
3.076749877929687500e+02
2.589490051269531250e+02
2.116009979248046875e+02
4.249000072479248047e+00
6.953800201416015625e+01
6.142369995117187500e+02
2.571759948730468750e+02
6.906000137329101562e+00
1.300070037841796875e+02
1.100699996948242188e+01
1.012289962768554688e+02
1.327619934082031250e+02
3.915399932861328125e+01
1.067490005493164062e+02
2.702300071716308594e+01
9.548100280761718750e+01
3.063199996948242188e+01
4.693700027465820312e+01
1.140230026245117188e+02
1.724069976806640625e+02
3.439410095214843750e+02
1.934360046386718750e+02
9.895800018310546875e+01
2.931830139160156250e+02
1.043310012817382812e+02
2.945000076293945312e+01
1.514969940185546875e+02
5.336899948120117188e+01
3.049100036621093750e+02
4.135699844360351562e+01
7.822340087890625000e+02
1.302510070800781250e+02
1.038710021972656250e+02
2.395180053710937500e+02
1.905330047607421875e+02
2.757969970703125000e+02
8.477080078125000000e+02
1.950899963378906250e+02
2.025500030517578125e+02
2.543600082397460938e+01
8.756400299072265625e+01
9.131999969482421875e+00
5.207449951171875000e+02
1.241819992065429688e+02
4.544200134277343750e+01
3.250799942016601562e+01
6.601119995117187500e+02
2.952489929199218750e+02
1.455139038085937500e+03
1.091829986572265625e+02
6.639900207519531250e+01
5.292800140380859375e+01
7.977000236511230469e+00
2.766999959945678711e+00
8.876000213623046875e+01
4.444200134277343750e+01
1.886089935302734375e+02
1.990000009536743164e+00
1.418500041961669922e+01
4.577000141143798828e+00
1.747530059814453125e+02
1.310407958984375000e+03
2.698949890136718750e+02
3.013810119628906250e+02
5.804310302734375000e+02
1.453280029296875000e+02
3.196310119628906250e+02
9.189199829101562500e+01
2.793779907226562500e+02
3.822909851074218750e+02
3.170100021362304688e+01
1.143079986572265625e+02
3.312070007324218750e+02
1.299499988555908203e+01
6.560999870300292969e+00
5.649000167846679688e+00
2.749670104980468750e+02
1.988159942626953125e+02
4.283389892578125000e+02
8.666000366210937500e+01
9.135000228881835938e+00
5.238600158691406250e+01
8.937039794921875000e+02
2.457000017166137695e+00
6.366899871826171875e+01
4.706299972534179688e+01
1.900000000000000000e+01
1.344730072021484375e+02
1.428609985351562500e+03
3.480000019073486328e+00
3.317499923706054688e+01
4.441899871826171875e+01
3.973899841308593750e+01
3.858000040054321289e+00
1.296750030517578125e+02
4.097040100097656250e+02
2.344000101089477539e+00
3.798300170898437500e+01
1.202890014648437500e+02
2.300899963378906250e+02
2.558000087738037109e+00
5.353499984741210938e+01
3.738850097656250000e+02
2.471599960327148438e+01
2.866799926757812500e+01
3.355060119628906250e+02
3.963000059127807617e+00
3.429970092773437500e+02
2.970499992370605469e+01
1.018130004882812500e+03
2.682430114746093750e+02
1.944160003662109375e+02
6.338930053710937500e+02
1.222200012207031250e+01
2.770499992370605469e+01
4.354299926757812500e+01
4.648259887695312500e+02
6.826770019531250000e+02
1.386260070800781250e+02
1.420400047302246094e+01
3.757890014648437500e+02
5.360839843750000000e+02
5.519200134277343750e+01
1.243099975585937500e+01
1.349748046875000000e+03
1.471800041198730469e+01
9.785460205078125000e+02
4.298989868164062500e+02
7.254699707031250000e+01
1.284250030517578125e+02
3.453000068664550781e+00
1.818800048828125000e+02
3.919140014648437500e+02
3.117380065917968750e+02
6.586799621582031250e+01
1.615916992187500000e+03
1.383000016212463379e+00
3.136499977111816406e+01
8.349999785423278809e-01
5.232069702148437500e+02
2.916510009765625000e+02
1.574600028991699219e+01
2.093600082397460938e+01
5.805180053710937500e+02
3.801740112304687500e+02
4.151999950408935547e+00
1.914929962158203125e+02
9.921920166015625000e+02
5.388600158691406250e+01
7.231500244140625000e+01
8.879299926757812500e+01
1.277947998046875000e+03
2.330999946594238281e+01
1.990350036621093750e+02
3.155200004577636719e+01
3.663919982910156250e+02
7.214600372314453125e+01
2.160000085830688477e+00
2.146100006103515625e+02
9.282999992370605469e+00
1.159200000762939453e+01
1.458419952392578125e+02
3.334549865722656250e+02
8.805200195312500000e+01
1.407641967773437500e+03
5.481530151367187500e+02
8.159999847412109375e-01
1.285299968719482422e+01
5.077899932861328125e+01
1.427790069580078125e+02
2.073200035095214844e+01
3.941629943847656250e+02
2.865069885253906250e+02
1.167470016479492188e+02
5.185729980468750000e+02
1.240920028686523438e+02
1.008460021972656250e+03
5.764099884033203125e+01
5.831100082397460938e+01
1.051210021972656250e+02
4.729060058593750000e+02
1.793300056457519531e+01
8.169810180664062500e+02
6.791999816894531250e+00
8.485469970703125000e+02
8.504600219726562500e+02
4.269999980926513672e+00
2.292200012207031250e+02
1.607189941406250000e+02
1.312929992675781250e+02
7.443660278320312500e+02
2.050520019531250000e+02
8.623300170898437500e+01
7.930599975585937500e+01
2.963940124511718750e+02
1.737550048828125000e+02
5.637699890136718750e+01
1.068000030517578125e+01
3.961879882812500000e+02
2.119000053405761719e+01
2.124179992675781250e+02
1.315939941406250000e+02
1.035828979492187500e+03
1.249489974975585938e+02
1.952519989013671875e+02
2.457299957275390625e+02
1.620000004768371582e+00
1.299140014648437500e+02
2.507200050354003906e+01
1.078467041015625000e+03
8.616999626159667969e+00
3.691589965820312500e+02
3.040099906921386719e+01
4.457579956054687500e+02
2.223200035095214844e+01
4.054100036621093750e+01
2.376349945068359375e+02
1.024540023803710938e+02
2.446430053710937500e+02
1.557689971923828125e+02
7.507269897460937500e+02
1.500290069580078125e+02
1.580630035400390625e+02
1.570400047302246094e+01
3.437699890136718750e+01
1.137320022583007812e+02
2.388639984130859375e+02
1.575699996948242188e+01
1.115999984741210938e+01
1.289689941406250000e+02
4.360599899291992188e+01
3.891699981689453125e+01
1.439559936523437500e+02
2.954999923706054688e+00
1.356920013427734375e+02
6.105000019073486328e+00
4.673699951171875000e+01
1.707239990234375000e+02
3.955699920654296875e+01
1.199489974975585938e+02
2.120000076293945312e+01
1.326849975585937500e+02
1.616999983787536621e+00
1.714799957275390625e+02
1.146800041198730469e+01
7.290629882812500000e+02
1.167300033569335938e+01
1.100500011444091797e+01
3.615999937057495117e+00
3.901050109863281250e+02
3.338600158691406250e+01
8.070209960937500000e+02
3.519869995117187500e+02
2.349040069580078125e+02
7.323999881744384766e+00
4.617000102996826172e+00
6.417199707031250000e+01
2.292359924316406250e+02
1.767420043945312500e+02
4.802000045776367188e+00
3.502929992675781250e+02
2.774580078125000000e+02
6.375099945068359375e+01
3.340660095214843750e+02
4.489769897460937500e+02
2.627000045776367188e+01
9.370099639892578125e+01
5.024599838256835938e+01
6.048770141601562500e+02
8.642730102539062500e+02
3.741199874877929688e+01
5.774000167846679688e+00
5.160999774932861328e+00
1.028560028076171875e+02
1.622700042724609375e+02
2.642909851074218750e+02
1.914599990844726562e+01
8.388779907226562500e+02
1.837000083923339844e+01
1.330260009765625000e+02
5.738300170898437500e+02
7.452100219726562500e+02
3.446000099182128906e+00
9.766500091552734375e+01
1.497079925537109375e+02
2.708399963378906250e+01
2.926700019836425781e+01
1.299969940185546875e+02
9.879299926757812500e+01
2.443320007324218750e+02
3.769049987792968750e+02
8.120400238037109375e+01
2.699440002441406250e+02
7.269999980926513672e+00
3.671000003814697266e+00
1.419999980926513672e+01
7.695099639892578125e+01
2.494499969482421875e+01
1.365900039672851562e+01
2.148600006103515625e+01
7.775369873046875000e+02
7.809999942779541016e+00
6.162300109863281250e+01
3.207000017166137695e+00
1.350540008544921875e+02
6.701799774169921875e+01
1.596473022460937500e+03
1.209000015258789062e+01
1.301190032958984375e+02
8.767500305175781250e+01
1.727969970703125000e+02
6.427400207519531250e+01
3.906299972534179688e+01
2.689859924316406250e+02
1.277639999389648438e+02
7.965499877929687500e+01
1.279209976196289062e+02
1.206360015869140625e+02
2.266900062561035156e+01
1.424999952316284180e+00
1.453339996337890625e+02
5.486999988555908203e+00
2.868699951171875000e+02
2.943000030517578125e+01
5.873799896240234375e+01
1.497729949951171875e+02
2.915999984741210938e+01
1.597459960937500000e+03
2.354279937744140625e+02
1.613209991455078125e+02
1.236900043487548828e+01
1.551000061035156250e+02
3.005650024414062500e+02
1.967969970703125000e+02
3.408240051269531250e+02
4.103139953613281250e+02
5.392000198364257812e+00
4.991480102539062500e+02
8.801389770507812500e+02
6.922200012207031250e+01
1.569499969482421875e+01
4.772820129394531250e+02
2.341000080108642578e+00
9.809799957275390625e+01
3.334000110626220703e+00
9.331999778747558594e+00
6.617020263671875000e+02
5.047869873046875000e+02
2.488950042724609375e+02
3.506600189208984375e+01
3.589849853515625000e+02
2.001700019836425781e+01
1.283328979492187500e+03
1.252400016784667969e+01
1.384999990463256836e+00
6.633060302734375000e+02
1.547144042968750000e+03
2.696679992675781250e+02
9.477949829101562500e+02
1.300699996948242188e+01
2.473900032043457031e+01
1.552799987792968750e+02
2.093260040283203125e+02
4.115200042724609375e+01
7.253199768066406250e+01
1.848999977111816406e+00
1.507999992370605469e+01
6.460199737548828125e+01
6.624429931640625000e+02
6.677799987792968750e+01
1.588000011444091797e+01
1.400950012207031250e+02
4.322900009155273438e+01
1.178380981445312500e+03
3.946629943847656250e+02
3.092700004577636719e+01
3.302189941406250000e+02
8.255999565124511719e+00
4.217200088500976562e+01
6.372100219726562500e+02
5.314699935913085938e+01
1.860432006835937500e+03
6.741000175476074219e+00
5.709299850463867188e+01
6.717819824218750000e+02
1.018769989013671875e+02
5.069979858398437500e+02
6.319800186157226562e+01
1.287760986328125000e+03
1.718399963378906250e+02
7.491100311279296875e+01
4.459700012207031250e+01
4.383999824523925781e+00
1.258600044250488281e+01
4.354620056152343750e+02
4.176499938964843750e+01
3.342100143432617188e+01
6.614650268554687500e+02
1.019690017700195312e+02
5.566829833984375000e+02
1.585000038146972656e+01
6.267379760742187500e+02
3.246799850463867188e+01
3.947600173950195312e+01
6.885120239257812500e+02
4.067420043945312500e+02
1.884399986267089844e+01
3.411600112915039062e+01
3.606940002441406250e+02
2.585300064086914062e+01
2.659300041198730469e+01
7.055399780273437500e+02
5.713909912109375000e+02
3.639769897460937500e+02
4.738460083007812500e+02
1.323370056152343750e+02
6.031000137329101562e+00
3.346799850463867188e+01
2.064999961853027344e+01
1.589479980468750000e+02
6.588709716796875000e+02
3.918999910354614258e+00
3.794649963378906250e+02
5.248530273437500000e+02
1.252860031127929688e+02
5.514999866485595703e+00
2.687279968261718750e+02
3.319899902343750000e+02
5.809000015258789062e+00
1.125500030517578125e+02
1.202839965820312500e+02
9.785759887695312500e+02
3.903000116348266602e+00
4.189599990844726562e+01
1.824369964599609375e+02
8.982499694824218750e+01
2.138100051879882812e+01
2.701369934082031250e+02
6.732199859619140625e+01
8.864999771118164062e+00
1.455000019073486328e+01
4.264199829101562500e+01
2.028309936523437500e+02
2.442220001220703125e+02
1.775079956054687500e+02
2.861999988555908203e+00
1.028779983520507812e+02
2.411000013351440430e+00
3.858540039062500000e+02
1.341950073242187500e+02
8.420700073242187500e+01
3.646500015258789062e+01
6.992500305175781250e+01
5.121450195312500000e+02
1.843600082397460938e+01
9.987199707031250000e+02
5.320609741210937500e+02
7.108399963378906250e+01
1.094240036010742188e+02
8.730999755859375000e+01
1.108580017089843750e+02
6.663300323486328125e+01
7.195000171661376953e+00
1.324199962615966797e+01
2.716799926757812500e+01
1.610600090026855469e+01
1.133699989318847656e+01
1.005664001464843750e+03
1.525399971008300781e+01
4.193550109863281250e+02
1.881999969482421875e+00
2.114669952392578125e+02
2.872349853515625000e+02
3.727000045776367188e+01
2.828300094604492188e+01
3.751440124511718750e+02
6.440000057220458984e+00
5.326599884033203125e+01
3.720759887695312500e+02
5.917139892578125000e+02
1.764276977539062500e+03
1.029800033569335938e+01
4.090299987792968750e+01
1.336100006103515625e+01
6.059669799804687500e+02
1.191600036621093750e+01
3.542390136718750000e+02
2.197200012207031250e+01
5.459299850463867188e+01
6.731999874114990234e+00
7.343309936523437500e+02
1.087009963989257812e+02
5.108890075683593750e+02
1.042789993286132812e+02
7.545209960937500000e+02
1.654190063476562500e+02
1.547999954223632812e+01
3.280999898910522461e+00
1.135979995727539062e+02
8.682700347900390625e+01
7.273389892578125000e+02
4.040999889373779297e+00
4.650299835205078125e+01
1.135999965667724609e+01
3.367100143432617188e+01
1.793099975585937500e+01
3.459070129394531250e+02
1.132900047302246094e+01
5.907400131225585938e+01
2.347900009155273438e+01
3.527829895019531250e+02
3.311000061035156250e+02
7.736000061035156250e+00
3.864199829101562500e+01
2.918000030517578125e+01
3.510889892578125000e+02
2.039420013427734375e+02
4.614300155639648438e+01
6.424450073242187500e+02
5.409999847412109375e+00
2.913699913024902344e+01
4.987260131835937500e+02
1.057519989013671875e+02
1.124290008544921875e+02
1.880900001525878906e+01
1.375599956512451172e+01
1.323840026855468750e+02
6.331569824218750000e+02
4.843290100097656250e+02
1.491199970245361328e+01
4.037000179290771484e+00
1.698100090026855469e+01
3.060029907226562500e+02
1.545809936523437500e+02
7.570510253906250000e+02
5.264799880981445312e+01
2.063999891281127930e+00
5.467999935150146484e+00
5.836100006103515625e+01
2.404000043869018555e+00
3.579499816894531250e+01
3.280589904785156250e+02
5.355000019073486328e+00
1.399300003051757812e+01
8.001899719238281250e+01
3.687400054931640625e+01
3.444649963378906250e+02
1.581479949951171875e+02
2.210899925231933594e+01
3.530759887695312500e+02
3.198399925231933594e+01
7.332399749755859375e+01
1.305017944335937500e+03
1.813999938964843750e+02
7.869000244140625000e+02
5.257199859619140625e+01
2.654469909667968750e+02
8.508499908447265625e+01
2.202420043945312500e+02
2.616799926757812500e+01
1.423190002441406250e+02
9.685099792480468750e+01
1.554429931640625000e+02
4.977860107421875000e+02
3.171600036621093750e+02
4.207330017089843750e+02
2.828619995117187500e+02
1.521300029754638672e+01
2.044859924316406250e+02
1.104290008544921875e+02
1.992960052490234375e+02
1.618999958038330078e+00
5.695700073242187500e+01
5.635609741210937500e+02
5.093179931640625000e+02
5.290999889373779297e+00
5.309600219726562500e+02
2.141000032424926758e+00
1.950559997558593750e+02
8.618250122070312500e+02
9.324299621582031250e+01
7.704229736328125000e+02
1.115970001220703125e+02
4.721799850463867188e+01
4.393380126953125000e+02
1.075000047683715820e+00
4.322000026702880859e+00
5.090000152587890625e+00
1.627599906921386719e+01
2.272810058593750000e+02
3.880799865722656250e+01
3.849939880371093750e+02
3.859500122070312500e+01
4.510000228881835938e+00
2.419360046386718750e+02
4.716440124511718750e+02
1.552220001220703125e+02
1.213339996337890625e+02
4.468789978027343750e+02
1.824298950195312500e+03
5.918299865722656250e+01
1.468299961090087891e+01
1.292070007324218750e+02
2.122699928283691406e+01
2.250999927520751953e+00
2.624000072479248047e+00
5.172860107421875000e+02
2.476159973144531250e+02
2.878599929809570312e+01
1.149800014495849609e+01
6.581500244140625000e+01
6.701499938964843750e+01
1.042286987304687500e+03
5.602000236511230469e+00
1.240199966430664062e+02
1.340900039672851562e+01
1.658679962158203125e+02
2.845289916992187500e+02
3.912799835205078125e+01
8.207700347900390625e+01
4.344700012207031250e+02
3.966199874877929688e+01
1.096299972534179688e+02
2.502819976806640625e+02
3.866839904785156250e+02
3.019159851074218750e+02
3.415800094604492188e+01
1.999340057373046875e+02
2.237790069580078125e+02
4.684270019531250000e+02
5.834349975585937500e+02
1.853800010681152344e+01
5.669699859619140625e+01
7.787600097656250000e+02
1.519200038909912109e+01
3.721820068359375000e+02
2.960799980163574219e+01
4.557099914550781250e+01
7.829169921875000000e+02
5.325500106811523438e+01
1.149540023803710938e+02
1.046977050781250000e+03
1.806060028076171875e+02
9.956719970703125000e+02
4.819499969482421875e+01
2.740260009765625000e+02
2.895100021362304688e+01
7.285999774932861328e+00
1.494270019531250000e+02
7.756000041961669922e+00
2.249099922180175781e+01
3.836500167846679688e+01
1.583516967773437500e+03
3.031600036621093750e+02
2.708370056152343750e+02
1.078299999237060547e+01
6.060000061988830566e-01
3.500729980468750000e+02
6.101439819335937500e+02
1.950119934082031250e+02
1.311900043487548828e+01
8.185299682617187500e+01
5.248820190429687500e+02
2.062319946289062500e+02
4.683900070190429688e+01
1.132051025390625000e+03
6.962050170898437500e+02
1.254850006103515625e+02
3.333099975585937500e+02
1.110999941825866699e+00
1.277200031280517578e+01
1.294770050048828125e+02
3.103179931640625000e+02
6.791979980468750000e+02
6.274169921875000000e+02
5.703999996185302734e+00
6.196000099182128906e+00
2.655910034179687500e+02
1.495000004768371582e+00
1.222799968719482422e+01
9.089800262451171875e+01
2.111139984130859375e+02
1.365570068359375000e+02
4.546000003814697266e+00
