...............................,0.00,0.798,X1,UAAAGAGAUAAUUGAUUUAGCGUGAGAGGGU
...............................,0.00,0.323,X1,UAAAGAGAUAAUUGAUUUAGCGUGAGAGGGU
...............................,0.00,1.381,X1,UAAAGAGAUAAUUGAUUUAGCGUGAGAGGGU
...............................,0.00,0.187,X1,UAAAGAGAUAAUUGAUUUAGCGUGAGAGGGU
...............................,0.00,0.172,X1,UAAAGAGAUAAUUGAUUUAGCGUGAGAGGGU
...............................,0.00,0.130,X1,UAAAGAGAUAAUUGAUUUAGCGUGAGAGGGU
...............................,0.00,0.291,X1,UAAAGAGAUAAUUGAUUUAGCGUGAGAGGGU
...............................,0.00,0.967,X1,UAAAGAGAUAAUUGAUUUAGCGUGAGAGGGU
...............................,0.00,0.251,X1,UAAAGAGAUAAUUGAUUUAGCGUGAGAGGGU
...............................,0.00,0.390,X1,UAAAGAGAUAAUUGAUUUAGCGUGAGAGGGU
...............................,0.00,0.231,X1,UAAAGAGAUAAUUGAUUUAGCGUGAGAGGGU
...............................,0.00,0.730,X1,UAAAGAGAUAAUUGAUUUAGCGUGAGAGGGU
...............................,0.00,0.055,X1,UAAAGAGAUAAUUGAUUUAGCGUGAGAGGGU
...............................,0.00,0.538,X1,UAAAGAGAUAAUUGAUUUAGCGUGAGAGGGU
...............................,0.00,0.145,X1,UAAAGAGAUAAUUGAUUUAGCGUGAGAGGGU
...............................,0.00,0.174,X1,UAAAGAGAUAAUUGAUUUAGCGUGAGAGGGU
...............................,0.00,0.776,X1,UAAAGAGAUAAUUGAUUUAGCGUGAGAGGGU
...............................,0.00,0.001,X1,UAAAGAGAUAAUUGAUUUAGCGUGAGAGGGU
...............................,0.00,0.334,X1,UAAAGAGAUAAUUGAUUUAGCGUGAGAGGGU
...............................,0.00,0.023,X1,UAAAGAGAUAAUUGAUUUAGCGUGAGAGGGU
...............................,0.00,0.107,X1,UAAAGAGAUAAUUGAUUUAGCGUGAGAGGGU
...............................,0.00,0.217,X1,UAAAGAGAUAAUUGAUUUAGCGUGAGAGGGU
...............................,0.00,0.003,X1,UAAAGAGAUAAUUGAUUUAGCGUGAGAGGGU
...............................,0.00,0.084,X1,UAAAGAGAUAAUUGAUUUAGCGUGAGAGGGU
...............................,0.00,0.123,X1,UAAAGAGAUAAUUGAUUUAGCGUGAGAGGGU
...............................,0.00,0.198,X1,UAAAGAGAUAAUUGAUUUAGCGUGAGAGGGU
...............................,0.00,0.568,X1,UAAAGAGAUAAUUGAUUUAGCGUGAGAGGGU
...............................,0.00,0.291,X1,UAAAGAGAUAAUUGAUUUAGCGUGAGAGGGU
...............................,0.00,0.725,X1,UAAAGAGAUAAUUGAUUUAGCGUGAGAGGGU
...............................,0.00,0.211,X1,UAAAGAGAUAAUUGAUUUAGCGUGAGAGGGU
...............................,0.00,0.047,X1,UAAAGAGAUAAUUGAUUUAGCGUGAGAGGGU
...............................,0.00,0.198,X1,UAAAGAGAUAAUUGAUUUAGCGUGAGAGGGU
...............................,0.00,0.109,X1,UAAAGAGAUAAUUGAUUUAGCGUGAGAGGGU
...............................,0.00,0.218,X1,UAAAGAGAUAAUUGAUUUAGCGUGAGAGGGU
...............................,0.00,0.076,X1,UAAAGAGAUAAUUGAUUUAGCGUGAGAGGGU
...............................,0.00,0.683,X1,UAAAGAGAUAAUUGAUUUAGCGUGAGAGGGU
...............................,0.00,0.138,X1,UAAAGAGAUAAUUGAUUUAGCGUGAGAGGGU
...............................,0.00,0.251,X1,UAAAGAGAUAAUUGAUUUAGCGUGAGAGGGU
...............................,0.00,0.577,X1,UAAAGAGAUAAUUGAUUUAGCGUGAGAGGGU
...............................,0.00,0.200,X1,UAAAGAGAUAAUUGAUUUAGCGUGAGAGGGU
...............................,0.00,0.539,X1,UAAAGAGAUAAUUGAUUUAGCGUGAGAGGGU
...............................,0.00,0.631,X1,UAAAGAGAUAAUUGAUUUAGCGUGAGAGGGU
...............................,0.00,0.089,X1,UAAAGAGAUAAUUGAUUUAGCGUGAGAGGGU
...............................,0.00,0.470,X1,UAAAGAGAUAAUUGAUUUAGCGUGAGAGGGU
...............................,0.00,0.428,X1,UAAAGAGAUAAUUGAUUUAGCGUGAGAGGGU
...............................,0.00,0.009,X1,UAAAGAGAUAAUUGAUUUAGCGUGAGAGGGU
...............................,0.00,0.086,X1,UAAAGAGAUAAUUGAUUUAGCGUGAGAGGGU
...............................,0.00,0.892,X1,UAAAGAGAUAAUUGAUUUAGCGUGAGAGGGU
...............................,0.00,0.549,X1,UAAAGAGAUAAUUGAUUUAGCGUGAGAGGGU
...............................,0.00,0.045,X1,UAAAGAGAUAAUUGAUUUAGCGUGAGAGGGU
...............................,0.00,0.020,X1,UAAAGAGAUAAUUGAUUUAGCGUGAGAGGGU
...............................,0.00,0.174,X1,UAAAGAGAUAAUUGAUUUAGCGUGAGAGGGU
...............................,0.00,0.303,X1,UAAAGAGAUAAUUGAUUUAGCGUGAGAGGGU
...............................,0.00,0.486,X1,UAAAGAGAUAAUUGAUUUAGCGUGAGAGGGU
...............................,0.00,0.029,X1,UAAAGAGAUAAUUGAUUUAGCGUGAGAGGGU
...............................,0.00,0.162,X1,UAAAGAGAUAAUUGAUUUAGCGUGAGAGGGU
...............................,0.00,1.019,X1,UAAAGAGAUAAUUGAUUUAGCGUGAGAGGGU
...............................,0.00,0.351,X1,UAAAGAGAUAAUUGAUUUAGCGUGAGAGGGU
...............................,0.00,0.218,X1,UAAAGAGAUAAUUGAUUUAGCGUGAGAGGGU
...............................,0.00,0.249,X1,UAAAGAGAUAAUUGAUUUAGCGUGAGAGGGU
...............................,0.00,0.076,X1,UAAAGAGAUAAUUGAUUUAGCGUGAGAGGGU
...............................,0.00,0.092,X1,UAAAGAGAUAAUUGAUUUAGCGUGAGAGGGU
...............................,0.00,0.126,X1,UAAAGAGAUAAUUGAUUUAGCGUGAGAGGGU
...............................,0.00,1.270,X1,UAAAGAGAUAAUUGAUUUAGCGUGAGAGGGU
...............................,0.00,0.123,X1,UAAAGAGAUAAUUGAUUUAGCGUGAGAGGGU
...............................,0.00,0.700,X1,UAAAGAGAUAAUUGAUUUAGCGUGAGAGGGU
...............................,0.00,0.336,X1,UAAAGAGAUAAUUGAUUUAGCGUGAGAGGGU
...............................,0.00,0.813,X1,UAAAGAGAUAAUUGAUUUAGCGUGAGAGGGU
...............................,0.00,0.090,X1,UAAAGAGAUAAUUGAUUUAGCGUGAGAGGGU
...............................,0.00,0.055,X1,UAAAGAGAUAAUUGAUUUAGCGUGAGAGGGU
...............................,0.00,0.177,X1,UAAAGAGAUAAUUGAUUUAGCGUGAGAGGGU
...............................,0.00,0.340,X1,UAAAGAGAUAAUUGAUUUAGCGUGAGAGGGU
...............................,0.00,0.141,X1,UAAAGAGAUAAUUGAUUUAGCGUGAGAGGGU
...............................,0.00,0.076,X1,UAAAGAGAUAAUUGAUUUAGCGUGAGAGGGU
...............................,0.00,0.423,X1,UAAAGAGAUAAUUGAUUUAGCGUGAGAGGGU
...............................,0.00,0.295,X1,UAAAGAGAUAAUUGAUUUAGCGUGAGAGGGU
...............................,0.00,0.752,X1,UAAAGAGAUAAUUGAUUUAGCGUGAGAGGGU
...............................,0.00,0.038,X1,UAAAGAGAUAAUUGAUUUAGCGUGAGAGGGU
...............................,0.00,0.038,X1,UAAAGAGAUAAUUGAUUUAGCGUGAGAGGGU
...............................,0.00,0.313,X1,UAAAGAGAUAAUUGAUUUAGCGUGAGAGGGU
...............................,0.00,0.219,X1,UAAAGAGAUAAUUGAUUUAGCGUGAGAGGGU
...............................,0.00,0.393,X1,UAAAGAGAUAAUUGAUUUAGCGUGAGAGGGU
...............................,0.00,0.182,X1,UAAAGAGAUAAUUGAUUUAGCGUGAGAGGGU
...............................,0.00,0.071,X1,UAAAGAGAUAAUUGAUUUAGCGUGAGAGGGU
...............................,0.00,0.614,X1,UAAAGAGAUAAUUGAUUUAGCGUGAGAGGGU
...............................,0.00,0.488,X1,UAAAGAGAUAAUUGAUUUAGCGUGAGAGGGU
...............................,0.00,0.274,X1,UAAAGAGAUAAUUGAUUUAGCGUGAGAGGGU
...............................,0.00,0.784,X1,UAAAGAGAUAAUUGAUUUAGCGUGAGAGGGU
...............................,0.00,0.008,X1,UAAAGAGAUAAUUGAUUUAGCGUGAGAGGGU
...............................,0.00,0.077,X1,UAAAGAGAUAAUUGAUUUAGCGUGAGAGGGU
...............................,0.00,0.501,X1,UAAAGAGAUAAUUGAUUUAGCGUGAGAGGGU
...............................,0.00,0.174,X1,UAAAGAGAUAAUUGAUUUAGCGUGAGAGGGU
...............................,0.00,0.126,X1,UAAAGAGAUAAUUGAUUUAGCGUGAGAGGGU
...............................,0.00,0.004,X1,UAAAGAGAUAAUUGAUUUAGCGUGAGAGGGU
...............................,0.00,0.869,X1,UAAAGAGAUAAUUGAUUUAGCGUGAGAGGGU
...............................,0.00,0.197,X1,UAAAGAGAUAAUUGAUUUAGCGUGAGAGGGU
...............................,0.00,0.086,X1,UAAAGAGAUAAUUGAUUUAGCGUGAGAGGGU
...............................,0.00,0.047,X1,UAAAGAGAUAAUUGAUUUAGCGUGAGAGGGU
...............................,0.00,0.505,X1,UAAAGAGAUAAUUGAUUUAGCGUGAGAGGGU
...............................,0.00,0.215,X1,UAAAGAGAUAAUUGAUUUAGCGUGAGAGGGU
...............................,0.00,0.202,X1,UAAAGAGAUAAUUGAUUUAGCGUGAGAGGGU
...............................,0.00,0.707,X1,UAAAGAGAUAAUUGAUUUAGCGUGAGAGGGU
...............................,0.00,0.111,X1,UAAAGAGAUAAUUGAUUUAGCGUGAGAGGGU
...............................,0.00,0.299,X1,UAAAGAGAUAAUUGAUUUAGCGUGAGAGGGU
...............................,0.00,0.532,X1,UAAAGAGAUAAUUGAUUUAGCGUGAGAGGGU
...............................,0.00,0.184,X1,UAAAGAGAUAAUUGAUUUAGCGUGAGAGGGU
...............................,0.00,0.599,X1,UAAAGAGAUAAUUGAUUUAGCGUGAGAGGGU
...............................,0.00,0.057,X1,UAAAGAGAUAAUUGAUUUAGCGUGAGAGGGU
...............................,0.00,0.311,X1,UAAAGAGAUAAUUGAUUUAGCGUGAGAGGGU
...............................,0.00,0.069,X1,UAAAGAGAUAAUUGAUUUAGCGUGAGAGGGU
...............................,0.00,0.038,X1,UAAAGAGAUAAUUGAUUUAGCGUGAGAGGGU
...............................,0.00,0.324,X1,UAAAGAGAUAAUUGAUUUAGCGUGAGAGGGU
...............................,0.00,0.047,X1,UAAAGAGAUAAUUGAUUUAGCGUGAGAGGGU
...............................,0.00,0.437,X1,UAAAGAGAUAAUUGAUUUAGCGUGAGAGGGU
...............................,0.00,0.887,X1,UAAAGAGAUAAUUGAUUUAGCGUGAGAGGGU
...............................,0.00,0.486,X1,UAAAGAGAUAAUUGAUUUAGCGUGAGAGGGU
...............................,0.00,0.067,X1,UAAAGAGAUAAUUGAUUUAGCGUGAGAGGGU
...............................,0.00,0.098,X1,UAAAGAGAUAAUUGAUUUAGCGUGAGAGGGU
...............................,0.00,0.502,X1,UAAAGAGAUAAUUGAUUUAGCGUGAGAGGGU
...............................,0.00,0.093,X1,UAAAGAGAUAAUUGAUUUAGCGUGAGAGGGU
...............................,0.00,0.065,X1,UAAAGAGAUAAUUGAUUUAGCGUGAGAGGGU
...............................,0.00,1.322,X1,UAAAGAGAUAAUUGAUUUAGCGUGAGAGGGU
...............................,0.00,0.049,X1,UAAAGAGAUAAUUGAUUUAGCGUGAGAGGGU
...............................,0.00,0.729,X1,UAAAGAGAUAAUUGAUUUAGCGUGAGAGGGU
...............................,0.00,0.161,X1,UAAAGAGAUAAUUGAUUUAGCGUGAGAGGGU
...............................,0.00,0.045,X1,UAAAGAGAUAAUUGAUUUAGCGUGAGAGGGU
...............................,0.00,0.699,X1,UAAAGAGAUAAUUGAUUUAGCGUGAGAGGGU
...............................,0.00,0.063,X1,UAAAGAGAUAAUUGAUUUAGCGUGAGAGGGU
...............................,0.00,0.203,X1,UAAAGAGAUAAUUGAUUUAGCGUGAGAGGGU
...............................,0.00,0.264,X1,UAAAGAGAUAAUUGAUUUAGCGUGAGAGGGU
...............................,0.00,0.471,X1,UAAAGAGAUAAUUGAUUUAGCGUGAGAGGGU
...............................,0.00,0.076,X1,UAAAGAGAUAAUUGAUUUAGCGUGAGAGGGU
...............................,0.00,0.428,X1,UAAAGAGAUAAUUGAUUUAGCGUGAGAGGGU
...............................,0.00,0.023,X1,UAAAGAGAUAAUUGAUUUAGCGUGAGAGGGU
...............................,0.00,0.091,X1,UAAAGAGAUAAUUGAUUUAGCGUGAGAGGGU
...............................,0.00,0.169,X1,UAAAGAGAUAAUUGAUUUAGCGUGAGAGGGU
...............................,0.00,0.619,X1,UAAAGAGAUAAUUGAUUUAGCGUGAGAGGGU
...............................,0.00,0.473,X1,UAAAGAGAUAAUUGAUUUAGCGUGAGAGGGU
...............................,0.00,0.093,X1,UAAAGAGAUAAUUGAUUUAGCGUGAGAGGGU
...............................,0.00,0.160,X1,UAAAGAGAUAAUUGAUUUAGCGUGAGAGGGU
...............................,0.00,0.121,X1,UAAAGAGAUAAUUGAUUUAGCGUGAGAGGGU
...............................,0.00,0.198,X1,UAAAGAGAUAAUUGAUUUAGCGUGAGAGGGU
...............................,0.00,0.004,X1,UAAAGAGAUAAUUGAUUUAGCGUGAGAGGGU
...............................,0.00,0.346,X1,UAAAGAGAUAAUUGAUUUAGCGUGAGAGGGU
...............................,0.00,0.076,X1,UAAAGAGAUAAUUGAUUUAGCGUGAGAGGGU
...............................,0.00,0.368,X1,UAAAGAGAUAAUUGAUUUAGCGUGAGAGGGU
...............................,0.00,0.575,X1,UAAAGAGAUAAUUGAUUUAGCGUGAGAGGGU
...............................,0.00,0.693,X1,UAAAGAGAUAAUUGAUUUAGCGUGAGAGGGU
...............................,0.00,0.109,X1,UAAAGAGAUAAUUGAUUUAGCGUGAGAGGGU
...............................,0.00,0.011,X1,UAAAGAGAUAAUUGAUUUAGCGUGAGAGGGU
...............................,0.00,0.044,X1,UAAAGAGAUAAUUGAUUUAGCGUGAGAGGGU
...............................,0.00,0.083,X1,UAAAGAGAUAAUUGAUUUAGCGUGAGAGGGU
...............................,0.00,0.467,X1,UAAAGAGAUAAUUGAUUUAGCGUGAGAGGGU
...............................,0.00,0.068,X1,UAAAGAGAUAAUUGAUUUAGCGUGAGAGGGU
...............................,0.00,0.090,X1,UAAAGAGAUAAUUGAUUUAGCGUGAGAGGGU
...............................,0.00,0.119,X1,UAAAGAGAUAAUUGAUUUAGCGUGAGAGGGU
...............................,0.00,0.544,X1,UAAAGAGAUAAUUGAUUUAGCGUGAGAGGGU
...............................,0.00,0.320,X1,UAAAGAGAUAAUUGAUUUAGCGUGAGAGGGU
...............................,0.00,0.003,X1,UAAAGAGAUAAUUGAUUUAGCGUGAGAGGGU
...............................,0.00,0.072,X1,UAAAGAGAUAAUUGAUUUAGCGUGAGAGGGU
...............................,0.00,0.628,X1,UAAAGAGAUAAUUGAUUUAGCGUGAGAGGGU
...............................,0.00,0.711,X1,UAAAGAGAUAAUUGAUUUAGCGUGAGAGGGU
...............................,0.00,0.079,X1,UAAAGAGAUAAUUGAUUUAGCGUGAGAGGGU
...............................,0.00,0.292,X1,UAAAGAGAUAAUUGAUUUAGCGUGAGAGGGU
...............................,0.00,0.264,X1,UAAAGAGAUAAUUGAUUUAGCGUGAGAGGGU
...............................,0.00,0.058,X1,UAAAGAGAUAAUUGAUUUAGCGUGAGAGGGU
...............................,0.00,0.221,X1,UAAAGAGAUAAUUGAUUUAGCGUGAGAGGGU
...............................,0.00,0.277,X1,UAAAGAGAUAAUUGAUUUAGCGUGAGAGGGU
...............................,0.00,0.396,X1,UAAAGAGAUAAUUGAUUUAGCGUGAGAGGGU
...............................,0.00,0.100,X1,UAAAGAGAUAAUUGAUUUAGCGUGAGAGGGU
...............................,0.00,0.237,X1,UAAAGAGAUAAUUGAUUUAGCGUGAGAGGGU
...............................,0.00,0.008,X1,UAAAGAGAUAAUUGAUUUAGCGUGAGAGGGU
...............................,0.00,0.272,X1,UAAAGAGAUAAUUGAUUUAGCGUGAGAGGGU
...............................,0.00,0.049,X1,UAAAGAGAUAAUUGAUUUAGCGUGAGAGGGU
...............................,0.00,0.006,X1,UAAAGAGAUAAUUGAUUUAGCGUGAGAGGGU
...............................,0.00,0.839,X1,UAAAGAGAUAAUUGAUUUAGCGUGAGAGGGU
...............................,0.00,1.600,X1,UAAAGAGAUAAUUGAUUUAGCGUGAGAGGGU
...............................,0.00,0.076,X1,UAAAGAGAUAAUUGAUUUAGCGUGAGAGGGU
...............................,0.00,0.306,X1,UAAAGAGAUAAUUGAUUUAGCGUGAGAGGGU
...............................,0.00,0.053,X1,UAAAGAGAUAAUUGAUUUAGCGUGAGAGGGU
...............................,0.00,0.000,X1,UAAAGAGAUAAUUGAUUUAGCGUGAGAGGGU
...............................,0.00,0.401,X1,UAAAGAGAUAAUUGAUUUAGCGUGAGAGGGU
...............................,0.00,0.989,X1,UAAAGAGAUAAUUGAUUUAGCGUGAGAGGGU
...............................,0.00,0.562,X1,UAAAGAGAUAAUUGAUUUAGCGUGAGAGGGU
...............................,0.00,0.319,X1,UAAAGAGAUAAUUGAUUUAGCGUGAGAGGGU
...............................,0.00,0.979,X1,UAAAGAGAUAAUUGAUUUAGCGUGAGAGGGU
...............................,0.00,0.225,X1,UAAAGAGAUAAUUGAUUUAGCGUGAGAGGGU
...............................,0.00,0.470,X1,UAAAGAGAUAAUUGAUUUAGCGUGAGAGGGU
...............................,0.00,0.042,X1,UAAAGAGAUAAUUGAUUUAGCGUGAGAGGGU
...............................,0.00,0.356,X1,UAAAGAGAUAAUUGAUUUAGCGUGAGAGGGU
...............................,0.00,0.095,X1,UAAAGAGAUAAUUGAUUUAGCGUGAGAGGGU
...............................,0.00,0.387,X1,UAAAGAGAUAAUUGAUUUAGCGUGAGAGGGU
...............................,0.00,0.477,X1,UAAAGAGAUAAUUGAUUUAGCGUGAGAGGGU
...............................,0.00,0.385,X1,UAAAGAGAUAAUUGAUUUAGCGUGAGAGGGU
...............................,0.00,0.015,X1,UAAAGAGAUAAUUGAUUUAGCGUGAGAGGGU
...............................,0.00,0.386,X1,UAAAGAGAUAAUUGAUUUAGCGUGAGAGGGU
...............................,0.00,0.122,X1,UAAAGAGAUAAUUGAUUUAGCGUGAGAGGGU
...............................,0.00,0.465,X1,UAAAGAGAUAAUUGAUUUAGCGUGAGAGGGU
...............................,0.00,0.782,X1,UAAAGAGAUAAUUGAUUUAGCGUGAGAGGGU
...............................,0.00,0.057,X1,UAAAGAGAUAAUUGAUUUAGCGUGAGAGGGU
...............................,0.00,0.109,X1,UAAAGAGAUAAUUGAUUUAGCGUGAGAGGGU
...............................,0.00,0.454,X1,UAAAGAGAUAAUUGAUUUAGCGUGAGAGGGU
...............................,0.00,1.041,X1,UAAAGAGAUAAUUGAUUUAGCGUGAGAGGGU
...............................,0.00,0.104,X1,UAAAGAGAUAAUUGAUUUAGCGUGAGAGGGU
...............................,0.00,0.126,X1,UAAAGAGAUAAUUGAUUUAGCGUGAGAGGGU
...............................,0.00,0.178,X1,UAAAGAGAUAAUUGAUUUAGCGUGAGAGGGU
...............................,0.00,0.077,X1,UAAAGAGAUAAUUGAUUUAGCGUGAGAGGGU
...............................,0.00,0.039,X1,UAAAGAGAUAAUUGAUUUAGCGUGAGAGGGU
...............................,0.00,0.031,X1,UAAAGAGAUAAUUGAUUUAGCGUGAGAGGGU
...............................,0.00,1.164,X1,UAAAGAGAUAAUUGAUUUAGCGUGAGAGGGU
...............................,0.00,0.053,X1,UAAAGAGAUAAUUGAUUUAGCGUGAGAGGGU
...............................,0.00,0.111,X1,UAAAGAGAUAAUUGAUUUAGCGUGAGAGGGU
...............................,0.00,1.128,X1,UAAAGAGAUAAUUGAUUUAGCGUGAGAGGGU
...............................,0.00,0.020,X1,UAAAGAGAUAAUUGAUUUAGCGUGAGAGGGU
...............................,0.00,0.078,X1,UAAAGAGAUAAUUGAUUUAGCGUGAGAGGGU
...............................,0.00,0.379,X1,UAAAGAGAUAAUUGAUUUAGCGUGAGAGGGU
...............................,0.00,0.476,X1,UAAAGAGAUAAUUGAUUUAGCGUGAGAGGGU
...............................,0.00,0.382,X1,UAAAGAGAUAAUUGAUUUAGCGUGAGAGGGU
...............................,0.00,0.125,X1,UAAAGAGAUAAUUGAUUUAGCGUGAGAGGGU
...............................,0.00,0.006,X1,UAAAGAGAUAAUUGAUUUAGCGUGAGAGGGU
...............................,0.00,0.438,X1,UAAAGAGAUAAUUGAUUUAGCGUGAGAGGGU
...............................,0.00,0.445,X1,UAAAGAGAUAAUUGAUUUAGCGUGAGAGGGU
...............................,0.00,0.162,X1,UAAAGAGAUAAUUGAUUUAGCGUGAGAGGGU
...............................,0.00,0.068,X1,UAAAGAGAUAAUUGAUUUAGCGUGAGAGGGU
...............................,0.00,0.529,X1,UAAAGAGAUAAUUGAUUUAGCGUGAGAGGGU
...............................,0.00,0.099,X1,UAAAGAGAUAAUUGAUUUAGCGUGAGAGGGU
...............................,0.00,0.627,X1,UAAAGAGAUAAUUGAUUUAGCGUGAGAGGGU
...............................,0.00,0.523,X1,UAAAGAGAUAAUUGAUUUAGCGUGAGAGGGU
...............................,0.00,0.050,X1,UAAAGAGAUAAUUGAUUUAGCGUGAGAGGGU
...............................,0.00,0.212,X1,UAAAGAGAUAAUUGAUUUAGCGUGAGAGGGU
...............................,0.00,0.049,X1,UAAAGAGAUAAUUGAUUUAGCGUGAGAGGGU
...............................,0.00,0.475,X1,UAAAGAGAUAAUUGAUUUAGCGUGAGAGGGU
...............................,0.00,0.087,X1,UAAAGAGAUAAUUGAUUUAGCGUGAGAGGGU
...............................,0.00,0.212,X1,UAAAGAGAUAAUUGAUUUAGCGUGAGAGGGU
...............................,0.00,0.150,X1,UAAAGAGAUAAUUGAUUUAGCGUGAGAGGGU
...............................,0.00,0.745,X1,UAAAGAGAUAAUUGAUUUAGCGUGAGAGGGU
...............................,0.00,2.165,X1,UAAAGAGAUAAUUGAUUUAGCGUGAGAGGGU
...............................,0.00,0.596,X1,UAAAGAGAUAAUUGAUUUAGCGUGAGAGGGU
...............................,0.00,0.481,X1,UAAAGAGAUAAUUGAUUUAGCGUGAGAGGGU
...............................,0.00,0.774,X1,UAAAGAGAUAAUUGAUUUAGCGUGAGAGGGU
...............................,0.00,0.236,X1,UAAAGAGAUAAUUGAUUUAGCGUGAGAGGGU
...............................,0.00,0.792,X1,UAAAGAGAUAAUUGAUUUAGCGUGAGAGGGU
...............................,0.00,0.278,X1,UAAAGAGAUAAUUGAUUUAGCGUGAGAGGGU
...............................,0.00,1.090,X1,UAAAGAGAUAAUUGAUUUAGCGUGAGAGGGU
...............................,0.00,0.449,X1,UAAAGAGAUAAUUGAUUUAGCGUGAGAGGGU
...............................,0.00,0.219,X1,UAAAGAGAUAAUUGAUUUAGCGUGAGAGGGU
...............................,0.00,0.797,X1,UAAAGAGAUAAUUGAUUUAGCGUGAGAGGGU
...............................,0.00,0.194,X1,UAAAGAGAUAAUUGAUUUAGCGUGAGAGGGU
...............................,0.00,0.335,X1,UAAAGAGAUAAUUGAUUUAGCGUGAGAGGGU
...............................,0.00,0.041,X1,UAAAGAGAUAAUUGAUUUAGCGUGAGAGGGU
...............................,0.00,0.053,X1,UAAAGAGAUAAUUGAUUUAGCGUGAGAGGGU
...............................,0.00,0.065,X1,UAAAGAGAUAAUUGAUUUAGCGUGAGAGGGU
...............................,0.00,0.108,X1,UAAAGAGAUAAUUGAUUUAGCGUGAGAGGGU
...............................,0.00,0.292,X1,UAAAGAGAUAAUUGAUUUAGCGUGAGAGGGU
...............................,0.00,0.459,X1,UAAAGAGAUAAUUGAUUUAGCGUGAGAGGGU
...............................,0.00,0.304,X1,UAAAGAGAUAAUUGAUUUAGCGUGAGAGGGU
...............................,0.00,0.140,X1,UAAAGAGAUAAUUGAUUUAGCGUGAGAGGGU
...............................,0.00,0.210,X1,UAAAGAGAUAAUUGAUUUAGCGUGAGAGGGU
...............................,0.00,0.026,X1,UAAAGAGAUAAUUGAUUUAGCGUGAGAGGGU
...............................,0.00,0.386,X1,UAAAGAGAUAAUUGAUUUAGCGUGAGAGGGU
...............................,0.00,0.273,X1,UAAAGAGAUAAUUGAUUUAGCGUGAGAGGGU
...............................,0.00,0.307,X1,UAAAGAGAUAAUUGAUUUAGCGUGAGAGGGU
...............................,0.00,0.146,X1,UAAAGAGAUAAUUGAUUUAGCGUGAGAGGGU
...............................,0.00,0.015,X1,UAAAGAGAUAAUUGAUUUAGCGUGAGAGGGU
...............................,0.00,0.298,X1,UAAAGAGAUAAUUGAUUUAGCGUGAGAGGGU
...............................,0.00,0.331,X1,UAAAGAGAUAAUUGAUUUAGCGUGAGAGGGU
...............................,0.00,0.108,X1,UAAAGAGAUAAUUGAUUUAGCGUGAGAGGGU
...............................,0.00,0.139,X1,UAAAGAGAUAAUUGAUUUAGCGUGAGAGGGU
...............................,0.00,0.127,X1,UAAAGAGAUAAUUGAUUUAGCGUGAGAGGGU
...............................,0.00,0.398,X1,UAAAGAGAUAAUUGAUUUAGCGUGAGAGGGU
...............................,0.00,1.161,X1,UAAAGAGAUAAUUGAUUUAGCGUGAGAGGGU
...............................,0.00,0.130,X1,UAAAGAGAUAAUUGAUUUAGCGUGAGAGGGU
...............................,0.00,0.283,X1,UAAAGAGAUAAUUGAUUUAGCGUGAGAGGGU
...............................,0.00,0.176,X1,UAAAGAGAUAAUUGAUUUAGCGUGAGAGGGU
...............................,0.00,0.389,X1,UAAAGAGAUAAUUGAUUUAGCGUGAGAGGGU
...............................,0.00,0.293,X1,UAAAGAGAUAAUUGAUUUAGCGUGAGAGGGU
...............................,0.00,0.618,X1,UAAAGAGAUAAUUGAUUUAGCGUGAGAGGGU
...............................,0.00,0.473,X1,UAAAGAGAUAAUUGAUUUAGCGUGAGAGGGU
...............................,0.00,0.096,X1,UAAAGAGAUAAUUGAUUUAGCGUGAGAGGGU
...............................,0.00,0.443,X1,UAAAGAGAUAAUUGAUUUAGCGUGAGAGGGU
...............................,0.00,0.085,X1,UAAAGAGAUAAUUGAUUUAGCGUGAGAGGGU
...............................,0.00,0.072,X1,UAAAGAGAUAAUUGAUUUAGCGUGAGAGGGU
...............................,0.00,0.085,X1,UAAAGAGAUAAUUGAUUUAGCGUGAGAGGGU
...............................,0.00,1.033,X1,UAAAGAGAUAAUUGAUUUAGCGUGAGAGGGU
...............................,0.00,0.708,X1,UAAAGAGAUAAUUGAUUUAGCGUGAGAGGGU
...............................,0.00,0.584,X1,UAAAGAGAUAAUUGAUUUAGCGUGAGAGGGU
...............................,0.00,0.243,X1,UAAAGAGAUAAUUGAUUUAGCGUGAGAGGGU
...............................,0.00,0.689,X1,UAAAGAGAUAAUUGAUUUAGCGUGAGAGGGU
...............................,0.00,0.644,X1,UAAAGAGAUAAUUGAUUUAGCGUGAGAGGGU
...............................,0.00,0.082,X1,UAAAGAGAUAAUUGAUUUAGCGUGAGAGGGU
...............................,0.00,0.020,X1,UAAAGAGAUAAUUGAUUUAGCGUGAGAGGGU
...............................,0.00,0.416,X1,UAAAGAGAUAAUUGAUUUAGCGUGAGAGGGU
...............................,0.00,0.532,X1,UAAAGAGAUAAUUGAUUUAGCGUGAGAGGGU
...............................,0.00,0.188,X1,UAAAGAGAUAAUUGAUUUAGCGUGAGAGGGU
...............................,0.00,0.499,X1,UAAAGAGAUAAUUGAUUUAGCGUGAGAGGGU
...............................,0.00,0.119,X1,UAAAGAGAUAAUUGAUUUAGCGUGAGAGGGU
...............................,0.00,0.099,X1,UAAAGAGAUAAUUGAUUUAGCGUGAGAGGGU
...............................,0.00,0.246,X1,UAAAGAGAUAAUUGAUUUAGCGUGAGAGGGU
...............................,0.00,0.081,X1,UAAAGAGAUAAUUGAUUUAGCGUGAGAGGGU
...............................,0.00,0.189,X1,UAAAGAGAUAAUUGAUUUAGCGUGAGAGGGU
...............................,0.00,0.483,X1,UAAAGAGAUAAUUGAUUUAGCGUGAGAGGGU
...............................,0.00,0.025,X1,UAAAGAGAUAAUUGAUUUAGCGUGAGAGGGU
...............................,0.00,1.000,X1,UAAAGAGAUAAUUGAUUUAGCGUGAGAGGGU
...............................,0.00,0.695,X1,UAAAGAGAUAAUUGAUUUAGCGUGAGAGGGU
...............................,0.00,0.312,X1,UAAAGAGAUAAUUGAUUUAGCGUGAGAGGGU
...............................,0.00,0.086,X1,UAAAGAGAUAAUUGAUUUAGCGUGAGAGGGU
...............................,0.00,0.210,X1,UAAAGAGAUAAUUGAUUUAGCGUGAGAGGGU
...............................,0.00,0.352,X1,UAAAGAGAUAAUUGAUUUAGCGUGAGAGGGU
...............................,0.00,0.251,X1,UAAAGAGAUAAUUGAUUUAGCGUGAGAGGGU
...............................,0.00,0.890,X1,UAAAGAGAUAAUUGAUUUAGCGUGAGAGGGU
...............................,0.00,0.284,X1,UAAAGAGAUAAUUGAUUUAGCGUGAGAGGGU
...............................,0.00,1.198,X1,UAAAGAGAUAAUUGAUUUAGCGUGAGAGGGU
...............................,0.00,0.841,X1,UAAAGAGAUAAUUGAUUUAGCGUGAGAGGGU
...............................,0.00,0.295,X1,UAAAGAGAUAAUUGAUUUAGCGUGAGAGGGU
...............................,0.00,0.017,X1,UAAAGAGAUAAUUGAUUUAGCGUGAGAGGGU
...............................,0.00,0.756,X1,UAAAGAGAUAAUUGAUUUAGCGUGAGAGGGU
...............................,0.00,0.010,X1,UAAAGAGAUAAUUGAUUUAGCGUGAGAGGGU
...............................,0.00,0.193,X1,UAAAGAGAUAAUUGAUUUAGCGUGAGAGGGU
...............................,0.00,0.636,X1,UAAAGAGAUAAUUGAUUUAGCGUGAGAGGGU
...............................,0.00,0.244,X1,UAAAGAGAUAAUUGAUUUAGCGUGAGAGGGU
...............................,0.00,0.675,X1,UAAAGAGAUAAUUGAUUUAGCGUGAGAGGGU
...............................,0.00,0.496,X1,UAAAGAGAUAAUUGAUUUAGCGUGAGAGGGU
...............................,0.00,0.341,X1,UAAAGAGAUAAUUGAUUUAGCGUGAGAGGGU
...............................,0.00,0.314,X1,UAAAGAGAUAAUUGAUUUAGCGUGAGAGGGU
...............................,0.00,1.124,X1,UAAAGAGAUAAUUGAUUUAGCGUGAGAGGGU
...............................,0.00,0.154,X1,UAAAGAGAUAAUUGAUUUAGCGUGAGAGGGU
...............................,0.00,1.623,X1,UAAAGAGAUAAUUGAUUUAGCGUGAGAGGGU
...............................,0.00,0.214,X1,UAAAGAGAUAAUUGAUUUAGCGUGAGAGGGU
...............................,0.00,0.088,X1,UAAAGAGAUAAUUGAUUUAGCGUGAGAGGGU
...............................,0.00,0.254,X1,UAAAGAGAUAAUUGAUUUAGCGUGAGAGGGU
...............................,0.00,0.239,X1,UAAAGAGAUAAUUGAUUUAGCGUGAGAGGGU
...............................,0.00,0.723,X1,UAAAGAGAUAAUUGAUUUAGCGUGAGAGGGU
...............................,0.00,1.479,X1,UAAAGAGAUAAUUGAUUUAGCGUGAGAGGGU
...............................,0.00,0.336,X1,UAAAGAGAUAAUUGAUUUAGCGUGAGAGGGU
...............................,0.00,0.039,X1,UAAAGAGAUAAUUGAUUUAGCGUGAGAGGGU
...............................,0.00,0.151,X1,UAAAGAGAUAAUUGAUUUAGCGUGAGAGGGU
...............................,0.00,0.125,X1,UAAAGAGAUAAUUGAUUUAGCGUGAGAGGGU
...............................,0.00,0.041,X1,UAAAGAGAUAAUUGAUUUAGCGUGAGAGGGU
...............................,0.00,0.001,X1,UAAAGAGAUAAUUGAUUUAGCGUGAGAGGGU
...............................,0.00,0.001,X1,UAAAGAGAUAAUUGAUUUAGCGUGAGAGGGU
...............................,0.00,0.088,X1,UAAAGAGAUAAUUGAUUUAGCGUGAGAGGGU
...............................,0.00,0.474,X1,UAAAGAGAUAAUUGAUUUAGCGUGAGAGGGU
...............................,0.00,1.305,X1,UAAAGAGAUAAUUGAUUUAGCGUGAGAGGGU
...............................,0.00,0.811,X1,UAAAGAGAUAAUUGAUUUAGCGUGAGAGGGU
...............................,0.00,0.022,X1,UAAAGAGAUAAUUGAUUUAGCGUGAGAGGGU
...............................,0.00,0.015,X1,UAAAGAGAUAAUUGAUUUAGCGUGAGAGGGU
...............................,0.00,0.398,X1,UAAAGAGAUAAUUGAUUUAGCGUGAGAGGGU
...............................,0.00,0.077,X1,UAAAGAGAUAAUUGAUUUAGCGUGAGAGGGU
...............................,0.00,0.122,X1,UAAAGAGAUAAUUGAUUUAGCGUGAGAGGGU
...............................,0.00,0.745,X1,UAAAGAGAUAAUUGAUUUAGCGUGAGAGGGU
...............................,0.00,0.440,X1,UAAAGAGAUAAUUGAUUUAGCGUGAGAGGGU
...............................,0.00,0.517,X1,UAAAGAGAUAAUUGAUUUAGCGUGAGAGGGU
...............................,0.00,0.510,X1,UAAAGAGAUAAUUGAUUUAGCGUGAGAGGGU
...............................,0.00,0.427,X1,UAAAGAGAUAAUUGAUUUAGCGUGAGAGGGU
...............................,0.00,0.340,X1,UAAAGAGAUAAUUGAUUUAGCGUGAGAGGGU
...............................,0.00,0.018,X1,UAAAGAGAUAAUUGAUUUAGCGUGAGAGGGU
...............................,0.00,0.828,X1,UAAAGAGAUAAUUGAUUUAGCGUGAGAGGGU
...............................,0.00,0.559,X1,UAAAGAGAUAAUUGAUUUAGCGUGAGAGGGU
...............................,0.00,0.007,X1,UAAAGAGAUAAUUGAUUUAGCGUGAGAGGGU
...............................,0.00,0.053,X1,UAAAGAGAUAAUUGAUUUAGCGUGAGAGGGU
...............................,0.00,0.276,X1,UAAAGAGAUAAUUGAUUUAGCGUGAGAGGGU
...............................,0.00,0.589,X1,UAAAGAGAUAAUUGAUUUAGCGUGAGAGGGU
...............................,0.00,0.998,X1,UAAAGAGAUAAUUGAUUUAGCGUGAGAGGGU
...............................,0.00,0.281,X1,UAAAGAGAUAAUUGAUUUAGCGUGAGAGGGU
...............................,0.00,0.636,X1,UAAAGAGAUAAUUGAUUUAGCGUGAGAGGGU
...............................,0.00,0.050,X1,UAAAGAGAUAAUUGAUUUAGCGUGAGAGGGU
...............................,0.00,0.172,X1,UAAAGAGAUAAUUGAUUUAGCGUGAGAGGGU
...............................,0.00,0.228,X1,UAAAGAGAUAAUUGAUUUAGCGUGAGAGGGU
...............................,0.00,0.846,X1,UAAAGAGAUAAUUGAUUUAGCGUGAGAGGGU
...............................,0.00,0.081,X1,UAAAGAGAUAAUUGAUUUAGCGUGAGAGGGU
...............................,0.00,0.181,X1,UAAAGAGAUAAUUGAUUUAGCGUGAGAGGGU
...............................,0.00,0.492,X1,UAAAGAGAUAAUUGAUUUAGCGUGAGAGGGU
...............................,0.00,0.649,X1,UAAAGAGAUAAUUGAUUUAGCGUGAGAGGGU
...............................,0.00,0.825,X1,UAAAGAGAUAAUUGAUUUAGCGUGAGAGGGU
...............................,0.00,0.580,X1,UAAAGAGAUAAUUGAUUUAGCGUGAGAGGGU
...............................,0.00,0.732,X1,UAAAGAGAUAAUUGAUUUAGCGUGAGAGGGU
...............................,0.00,0.135,X1,UAAAGAGAUAAUUGAUUUAGCGUGAGAGGGU
...............................,0.00,0.252,X1,UAAAGAGAUAAUUGAUUUAGCGUGAGAGGGU
...............................,0.00,0.496,X1,UAAAGAGAUAAUUGAUUUAGCGUGAGAGGGU
...............................,0.00,0.174,X1,UAAAGAGAUAAUUGAUUUAGCGUGAGAGGGU
...............................,0.00,0.483,X1,UAAAGAGAUAAUUGAUUUAGCGUGAGAGGGU
...............................,0.00,0.036,X1,UAAAGAGAUAAUUGAUUUAGCGUGAGAGGGU
...............................,0.00,0.276,X1,UAAAGAGAUAAUUGAUUUAGCGUGAGAGGGU
...............................,0.00,0.373,X1,UAAAGAGAUAAUUGAUUUAGCGUGAGAGGGU
...............................,0.00,0.163,X1,UAAAGAGAUAAUUGAUUUAGCGUGAGAGGGU
...............................,0.00,0.509,X1,UAAAGAGAUAAUUGAUUUAGCGUGAGAGGGU
...............................,0.00,0.022,X1,UAAAGAGAUAAUUGAUUUAGCGUGAGAGGGU
...............................,0.00,0.001,X1,UAAAGAGAUAAUUGAUUUAGCGUGAGAGGGU
...............................,0.00,0.599,X1,UAAAGAGAUAAUUGAUUUAGCGUGAGAGGGU
...............................,0.00,0.455,X1,UAAAGAGAUAAUUGAUUUAGCGUGAGAGGGU
...............................,0.00,0.017,X1,UAAAGAGAUAAUUGAUUUAGCGUGAGAGGGU
...............................,0.00,0.075,X1,UAAAGAGAUAAUUGAUUUAGCGUGAGAGGGU
...............................,0.00,0.014,X1,UAAAGAGAUAAUUGAUUUAGCGUGAGAGGGU
...............................,0.00,0.573,X1,UAAAGAGAUAAUUGAUUUAGCGUGAGAGGGU
...............................,0.00,0.070,X1,UAAAGAGAUAAUUGAUUUAGCGUGAGAGGGU
...............................,0.00,0.223,X1,UAAAGAGAUAAUUGAUUUAGCGUGAGAGGGU
...............................,0.00,0.062,X1,UAAAGAGAUAAUUGAUUUAGCGUGAGAGGGU
...............................,0.00,0.578,X1,UAAAGAGAUAAUUGAUUUAGCGUGAGAGGGU
...............................,0.00,0.106,X1,UAAAGAGAUAAUUGAUUUAGCGUGAGAGGGU
...............................,0.00,0.082,X1,UAAAGAGAUAAUUGAUUUAGCGUGAGAGGGU
...............................,0.00,0.035,X1,UAAAGAGAUAAUUGAUUUAGCGUGAGAGGGU
...............................,0.00,0.074,X1,UAAAGAGAUAAUUGAUUUAGCGUGAGAGGGU
...............................,0.00,0.145,X1,UAAAGAGAUAAUUGAUUUAGCGUGAGAGGGU
...............................,0.00,1.351,X1,UAAAGAGAUAAUUGAUUUAGCGUGAGAGGGU
...............................,0.00,0.438,X1,UAAAGAGAUAAUUGAUUUAGCGUGAGAGGGU
...............................,0.00,0.011,X1,UAAAGAGAUAAUUGAUUUAGCGUGAGAGGGU
...............................,0.00,0.518,X1,UAAAGAGAUAAUUGAUUUAGCGUGAGAGGGU
...............................,0.00,0.741,X1,UAAAGAGAUAAUUGAUUUAGCGUGAGAGGGU
...............................,0.00,0.506,X1,UAAAGAGAUAAUUGAUUUAGCGUGAGAGGGU
...............................,0.00,0.981,X1,UAAAGAGAUAAUUGAUUUAGCGUGAGAGGGU
...............................,0.00,0.089,X1,UAAAGAGAUAAUUGAUUUAGCGUGAGAGGGU
...............................,0.00,0.392,X1,UAAAGAGAUAAUUGAUUUAGCGUGAGAGGGU
...............................,0.00,0.055,X1,UAAAGAGAUAAUUGAUUUAGCGUGAGAGGGU
...............................,0.00,0.032,X1,UAAAGAGAUAAUUGAUUUAGCGUGAGAGGGU
...............................,0.00,0.255,X1,UAAAGAGAUAAUUGAUUUAGCGUGAGAGGGU
...............................,0.00,0.321,X1,UAAAGAGAUAAUUGAUUUAGCGUGAGAGGGU
...............................,0.00,0.048,X1,UAAAGAGAUAAUUGAUUUAGCGUGAGAGGGU
...............................,0.00,0.123,X1,UAAAGAGAUAAUUGAUUUAGCGUGAGAGGGU
...............................,0.00,0.025,X1,UAAAGAGAUAAUUGAUUUAGCGUGAGAGGGU
...............................,0.00,0.459,X1,UAAAGAGAUAAUUGAUUUAGCGUGAGAGGGU
...............................,0.00,0.333,X1,UAAAGAGAUAAUUGAUUUAGCGUGAGAGGGU
...............................,0.00,0.036,X1,UAAAGAGAUAAUUGAUUUAGCGUGAGAGGGU
...............................,0.00,0.004,X1,UAAAGAGAUAAUUGAUUUAGCGUGAGAGGGU
...............................,0.00,0.068,X1,UAAAGAGAUAAUUGAUUUAGCGUGAGAGGGU
...............................,0.00,0.433,X1,UAAAGAGAUAAUUGAUUUAGCGUGAGAGGGU
...............................,0.00,0.148,X1,UAAAGAGAUAAUUGAUUUAGCGUGAGAGGGU
...............................,0.00,0.640,X1,UAAAGAGAUAAUUGAUUUAGCGUGAGAGGGU
...............................,0.00,0.274,X1,UAAAGAGAUAAUUGAUUUAGCGUGAGAGGGU
...............................,0.00,0.148,X1,UAAAGAGAUAAUUGAUUUAGCGUGAGAGGGU
...............................,0.00,0.146,X1,UAAAGAGAUAAUUGAUUUAGCGUGAGAGGGU
...............................,0.00,0.188,X1,UAAAGAGAUAAUUGAUUUAGCGUGAGAGGGU
...............................,0.00,0.625,X1,UAAAGAGAUAAUUGAUUUAGCGUGAGAGGGU
...............................,0.00,0.313,X1,UAAAGAGAUAAUUGAUUUAGCGUGAGAGGGU
...............................,0.00,0.060,X1,UAAAGAGAUAAUUGAUUUAGCGUGAGAGGGU
...............................,0.00,0.149,X1,UAAAGAGAUAAUUGAUUUAGCGUGAGAGGGU
...............................,0.00,0.041,X1,UAAAGAGAUAAUUGAUUUAGCGUGAGAGGGU
...............................,0.00,0.156,X1,UAAAGAGAUAAUUGAUUUAGCGUGAGAGGGU
...............................,0.00,0.181,X1,UAAAGAGAUAAUUGAUUUAGCGUGAGAGGGU
...............................,0.00,0.674,X1,UAAAGAGAUAAUUGAUUUAGCGUGAGAGGGU
...............................,0.00,0.136,X1,UAAAGAGAUAAUUGAUUUAGCGUGAGAGGGU
...............................,0.00,0.421,X1,UAAAGAGAUAAUUGAUUUAGCGUGAGAGGGU
...............................,0.00,0.594,X1,UAAAGAGAUAAUUGAUUUAGCGUGAGAGGGU
...............................,0.00,0.671,X1,UAAAGAGAUAAUUGAUUUAGCGUGAGAGGGU
...............................,0.00,0.019,X1,UAAAGAGAUAAUUGAUUUAGCGUGAGAGGGU
...............................,0.00,0.640,X1,UAAAGAGAUAAUUGAUUUAGCGUGAGAGGGU
...............................,0.00,0.181,X1,UAAAGAGAUAAUUGAUUUAGCGUGAGAGGGU
...............................,0.00,0.431,X1,UAAAGAGAUAAUUGAUUUAGCGUGAGAGGGU
...............................,0.00,1.357,X1,UAAAGAGAUAAUUGAUUUAGCGUGAGAGGGU
...............................,0.00,0.066,X1,UAAAGAGAUAAUUGAUUUAGCGUGAGAGGGU
...............................,0.00,0.278,X1,UAAAGAGAUAAUUGAUUUAGCGUGAGAGGGU
...............................,0.00,0.337,X1,UAAAGAGAUAAUUGAUUUAGCGUGAGAGGGU
...............................,0.00,0.394,X1,UAAAGAGAUAAUUGAUUUAGCGUGAGAGGGU
...............................,0.00,0.019,X1,UAAAGAGAUAAUUGAUUUAGCGUGAGAGGGU
...............................,0.00,0.830,X1,UAAAGAGAUAAUUGAUUUAGCGUGAGAGGGU
...............................,0.00,0.719,X1,UAAAGAGAUAAUUGAUUUAGCGUGAGAGGGU
...............................,0.00,0.236,X1,UAAAGAGAUAAUUGAUUUAGCGUGAGAGGGU
...............................,0.00,0.022,X1,UAAAGAGAUAAUUGAUUUAGCGUGAGAGGGU
...............................,0.00,0.406,X1,UAAAGAGAUAAUUGAUUUAGCGUGAGAGGGU
...............................,0.00,0.192,X1,UAAAGAGAUAAUUGAUUUAGCGUGAGAGGGU
...............................,0.00,0.034,X1,UAAAGAGAUAAUUGAUUUAGCGUGAGAGGGU
...............................,0.00,0.368,X1,UAAAGAGAUAAUUGAUUUAGCGUGAGAGGGU
...............................,0.00,0.410,X1,UAAAGAGAUAAUUGAUUUAGCGUGAGAGGGU
...............................,0.00,0.113,X1,UAAAGAGAUAAUUGAUUUAGCGUGAGAGGGU
...............................,0.00,0.663,X1,UAAAGAGAUAAUUGAUUUAGCGUGAGAGGGU
...............................,0.00,0.370,X1,UAAAGAGAUAAUUGAUUUAGCGUGAGAGGGU
...............................,0.00,0.113,X1,UAAAGAGAUAAUUGAUUUAGCGUGAGAGGGU
...............................,0.00,0.939,X1,UAAAGAGAUAAUUGAUUUAGCGUGAGAGGGU
...............................,0.00,0.075,X1,UAAAGAGAUAAUUGAUUUAGCGUGAGAGGGU
...............................,0.00,1.573,X1,UAAAGAGAUAAUUGAUUUAGCGUGAGAGGGU
...............................,0.00,0.233,X1,UAAAGAGAUAAUUGAUUUAGCGUGAGAGGGU
...............................,0.00,0.003,X1,UAAAGAGAUAAUUGAUUUAGCGUGAGAGGGU
...............................,0.00,0.297,X1,UAAAGAGAUAAUUGAUUUAGCGUGAGAGGGU
...............................,0.00,0.107,X1,UAAAGAGAUAAUUGAUUUAGCGUGAGAGGGU
...............................,0.00,0.303,X1,UAAAGAGAUAAUUGAUUUAGCGUGAGAGGGU
...............................,0.00,0.260,X1,UAAAGAGAUAAUUGAUUUAGCGUGAGAGGGU
...............................,0.00,0.083,X1,UAAAGAGAUAAUUGAUUUAGCGUGAGAGGGU
...............................,0.00,0.248,X1,UAAAGAGAUAAUUGAUUUAGCGUGAGAGGGU
...............................,0.00,0.137,X1,UAAAGAGAUAAUUGAUUUAGCGUGAGAGGGU
...............................,0.00,0.990,X1,UAAAGAGAUAAUUGAUUUAGCGUGAGAGGGU
...............................,0.00,0.122,X1,UAAAGAGAUAAUUGAUUUAGCGUGAGAGGGU
...............................,0.00,0.048,X1,UAAAGAGAUAAUUGAUUUAGCGUGAGAGGGU
...............................,0.00,0.434,X1,UAAAGAGAUAAUUGAUUUAGCGUGAGAGGGU
...............................,0.00,1.229,X1,UAAAGAGAUAAUUGAUUUAGCGUGAGAGGGU
...............................,0.00,1.283,X1,UAAAGAGAUAAUUGAUUUAGCGUGAGAGGGU
...............................,0.00,0.306,X1,UAAAGAGAUAAUUGAUUUAGCGUGAGAGGGU
...............................,0.00,0.043,X1,UAAAGAGAUAAUUGAUUUAGCGUGAGAGGGU
...............................,0.00,0.395,X1,UAAAGAGAUAAUUGAUUUAGCGUGAGAGGGU
...............................,0.00,0.126,X1,UAAAGAGAUAAUUGAUUUAGCGUGAGAGGGU
...............................,0.00,1.089,X1,UAAAGAGAUAAUUGAUUUAGCGUGAGAGGGU
...............................,0.00,0.078,X1,UAAAGAGAUAAUUGAUUUAGCGUGAGAGGGU
...............................,0.00,0.964,X1,UAAAGAGAUAAUUGAUUUAGCGUGAGAGGGU
...............................,0.00,0.031,X1,UAAAGAGAUAAUUGAUUUAGCGUGAGAGGGU
...............................,0.00,0.109,X1,UAAAGAGAUAAUUGAUUUAGCGUGAGAGGGU
...............................,0.00,0.372,X1,UAAAGAGAUAAUUGAUUUAGCGUGAGAGGGU
...............................,0.00,0.082,X1,UAAAGAGAUAAUUGAUUUAGCGUGAGAGGGU
...............................,0.00,0.271,X1,UAAAGAGAUAAUUGAUUUAGCGUGAGAGGGU
...............................,0.00,0.059,X1,UAAAGAGAUAAUUGAUUUAGCGUGAGAGGGU
...............................,0.00,0.075,X1,UAAAGAGAUAAUUGAUUUAGCGUGAGAGGGU
...............................,0.00,0.165,X1,UAAAGAGAUAAUUGAUUUAGCGUGAGAGGGU
...............................,0.00,0.554,X1,UAAAGAGAUAAUUGAUUUAGCGUGAGAGGGU
...............................,0.00,0.447,X1,UAAAGAGAUAAUUGAUUUAGCGUGAGAGGGU
...............................,0.00,0.047,X1,UAAAGAGAUAAUUGAUUUAGCGUGAGAGGGU
...............................,0.00,0.274,X1,UAAAGAGAUAAUUGAUUUAGCGUGAGAGGGU
...............................,0.00,0.101,X1,UAAAGAGAUAAUUGAUUUAGCGUGAGAGGGU
...............................,0.00,0.483,X1,UAAAGAGAUAAUUGAUUUAGCGUGAGAGGGU
...............................,0.00,0.361,X1,UAAAGAGAUAAUUGAUUUAGCGUGAGAGGGU
...............................,0.00,0.088,X1,UAAAGAGAUAAUUGAUUUAGCGUGAGAGGGU
...............................,0.00,0.065,X1,UAAAGAGAUAAUUGAUUUAGCGUGAGAGGGU
...............................,0.00,0.279,X1,UAAAGAGAUAAUUGAUUUAGCGUGAGAGGGU
...............................,0.00,0.461,X1,UAAAGAGAUAAUUGAUUUAGCGUGAGAGGGU
...............................,0.00,0.162,X1,UAAAGAGAUAAUUGAUUUAGCGUGAGAGGGU
...............................,0.00,0.076,X1,UAAAGAGAUAAUUGAUUUAGCGUGAGAGGGU
...............................,0.00,0.323,X1,UAAAGAGAUAAUUGAUUUAGCGUGAGAGGGU
...............................,0.00,0.375,X1,UAAAGAGAUAAUUGAUUUAGCGUGAGAGGGU
...............................,0.00,0.609,X1,UAAAGAGAUAAUUGAUUUAGCGUGAGAGGGU
...............................,0.00,0.524,X1,UAAAGAGAUAAUUGAUUUAGCGUGAGAGGGU
...............................,0.00,0.012,X1,UAAAGAGAUAAUUGAUUUAGCGUGAGAGGGU
...............................,0.00,0.081,X1,UAAAGAGAUAAUUGAUUUAGCGUGAGAGGGU
...............................,0.00,0.140,X1,UAAAGAGAUAAUUGAUUUAGCGUGAGAGGGU
...............................,0.00,0.070,X1,UAAAGAGAUAAUUGAUUUAGCGUGAGAGGGU
...............................,0.00,0.176,X1,UAAAGAGAUAAUUGAUUUAGCGUGAGAGGGU
...............................,0.00,0.571,X1,UAAAGAGAUAAUUGAUUUAGCGUGAGAGGGU
...............................,0.00,0.109,X1,UAAAGAGAUAAUUGAUUUAGCGUGAGAGGGU
...............................,0.00,0.062,X1,UAAAGAGAUAAUUGAUUUAGCGUGAGAGGGU
...............................,0.00,0.037,X1,UAAAGAGAUAAUUGAUUUAGCGUGAGAGGGU
...............................,0.00,0.059,X1,UAAAGAGAUAAUUGAUUUAGCGUGAGAGGGU
...............................,0.00,0.250,X1,UAAAGAGAUAAUUGAUUUAGCGUGAGAGGGU
...............................,0.00,0.136,X1,UAAAGAGAUAAUUGAUUUAGCGUGAGAGGGU
...............................,0.00,0.244,X1,UAAAGAGAUAAUUGAUUUAGCGUGAGAGGGU
...............................,0.00,0.054,X1,UAAAGAGAUAAUUGAUUUAGCGUGAGAGGGU
...............................,0.00,0.139,X1,UAAAGAGAUAAUUGAUUUAGCGUGAGAGGGU
...............................,0.00,0.420,X1,UAAAGAGAUAAUUGAUUUAGCGUGAGAGGGU
...............................,0.00,0.350,X1,UAAAGAGAUAAUUGAUUUAGCGUGAGAGGGU
...............................,0.00,0.267,X1,UAAAGAGAUAAUUGAUUUAGCGUGAGAGGGU
...............................,0.00,0.149,X1,UAAAGAGAUAAUUGAUUUAGCGUGAGAGGGU
...............................,0.00,0.097,X1,UAAAGAGAUAAUUGAUUUAGCGUGAGAGGGU
...............................,0.00,0.452,X1,UAAAGAGAUAAUUGAUUUAGCGUGAGAGGGU
...............................,0.00,0.102,X1,UAAAGAGAUAAUUGAUUUAGCGUGAGAGGGU
...............................,0.00,0.533,X1,UAAAGAGAUAAUUGAUUUAGCGUGAGAGGGU
...............................,0.00,0.339,X1,UAAAGAGAUAAUUGAUUUAGCGUGAGAGGGU
...............................,0.00,0.115,X1,UAAAGAGAUAAUUGAUUUAGCGUGAGAGGGU
...............................,0.00,0.648,X1,UAAAGAGAUAAUUGAUUUAGCGUGAGAGGGU
...............................,0.00,0.732,X1,UAAAGAGAUAAUUGAUUUAGCGUGAGAGGGU
...............................,0.00,0.057,X1,UAAAGAGAUAAUUGAUUUAGCGUGAGAGGGU
...............................,0.00,0.233,X1,UAAAGAGAUAAUUGAUUUAGCGUGAGAGGGU
...............................,0.00,0.227,X1,UAAAGAGAUAAUUGAUUUAGCGUGAGAGGGU
...............................,0.00,0.145,X1,UAAAGAGAUAAUUGAUUUAGCGUGAGAGGGU
...............................,0.00,0.154,X1,UAAAGAGAUAAUUGAUUUAGCGUGAGAGGGU
...............................,0.00,0.739,X1,UAAAGAGAUAAUUGAUUUAGCGUGAGAGGGU
...............................,0.00,0.302,X1,UAAAGAGAUAAUUGAUUUAGCGUGAGAGGGU
...............................,0.00,0.053,X1,UAAAGAGAUAAUUGAUUUAGCGUGAGAGGGU
...............................,0.00,0.262,X1,UAAAGAGAUAAUUGAUUUAGCGUGAGAGGGU
...............................,0.00,1.248,X1,UAAAGAGAUAAUUGAUUUAGCGUGAGAGGGU
...............................,0.00,0.082,X1,UAAAGAGAUAAUUGAUUUAGCGUGAGAGGGU
...............................,0.00,0.148,X1,UAAAGAGAUAAUUGAUUUAGCGUGAGAGGGU
...............................,0.00,0.165,X1,UAAAGAGAUAAUUGAUUUAGCGUGAGAGGGU
...............................,0.00,0.148,X1,UAAAGAGAUAAUUGAUUUAGCGUGAGAGGGU
...............................,0.00,0.115,X1,UAAAGAGAUAAUUGAUUUAGCGUGAGAGGGU
...............................,0.00,0.058,X1,UAAAGAGAUAAUUGAUUUAGCGUGAGAGGGU
...............................,0.00,0.655,X1,UAAAGAGAUAAUUGAUUUAGCGUGAGAGGGU
...............................,0.00,0.132,X1,UAAAGAGAUAAUUGAUUUAGCGUGAGAGGGU
...............................,0.00,0.728,X1,UAAAGAGAUAAUUGAUUUAGCGUGAGAGGGU
...............................,0.00,0.040,X1,UAAAGAGAUAAUUGAUUUAGCGUGAGAGGGU
...............................,0.00,0.148,X1,UAAAGAGAUAAUUGAUUUAGCGUGAGAGGGU
...............................,0.00,0.206,X1,UAAAGAGAUAAUUGAUUUAGCGUGAGAGGGU
...............................,0.00,0.028,X1,UAAAGAGAUAAUUGAUUUAGCGUGAGAGGGU
...............................,0.00,0.466,X1,UAAAGAGAUAAUUGAUUUAGCGUGAGAGGGU
...............................,0.00,0.240,X1,UAAAGAGAUAAUUGAUUUAGCGUGAGAGGGU
...............................,0.00,0.662,X1,UAAAGAGAUAAUUGAUUUAGCGUGAGAGGGU
...............................,0.00,0.018,X1,UAAAGAGAUAAUUGAUUUAGCGUGAGAGGGU
...............................,0.00,0.199,X1,UAAAGAGAUAAUUGAUUUAGCGUGAGAGGGU
...............................,0.00,0.040,X1,UAAAGAGAUAAUUGAUUUAGCGUGAGAGGGU
...............................,0.00,0.671,X1,UAAAGAGAUAAUUGAUUUAGCGUGAGAGGGU
...............................,0.00,0.310,X1,UAAAGAGAUAAUUGAUUUAGCGUGAGAGGGU
...............................,0.00,0.047,X1,UAAAGAGAUAAUUGAUUUAGCGUGAGAGGGU
...............................,0.00,1.035,X1,UAAAGAGAUAAUUGAUUUAGCGUGAGAGGGU
...............................,0.00,1.135,X1,UAAAGAGAUAAUUGAUUUAGCGUGAGAGGGU
...............................,0.00,0.461,X1,UAAAGAGAUAAUUGAUUUAGCGUGAGAGGGU
...............................,0.00,0.520,X1,UAAAGAGAUAAUUGAUUUAGCGUGAGAGGGU
...............................,0.00,0.718,X1,UAAAGAGAUAAUUGAUUUAGCGUGAGAGGGU
...............................,0.00,0.217,X1,UAAAGAGAUAAUUGAUUUAGCGUGAGAGGGU
...............................,0.00,0.372,X1,UAAAGAGAUAAUUGAUUUAGCGUGAGAGGGU
...............................,0.00,0.041,X1,UAAAGAGAUAAUUGAUUUAGCGUGAGAGGGU
...............................,0.00,0.460,X1,UAAAGAGAUAAUUGAUUUAGCGUGAGAGGGU
...............................,0.00,0.019,X1,UAAAGAGAUAAUUGAUUUAGCGUGAGAGGGU
...............................,0.00,0.621,X1,UAAAGAGAUAAUUGAUUUAGCGUGAGAGGGU
...............................,0.00,0.003,X1,UAAAGAGAUAAUUGAUUUAGCGUGAGAGGGU
...............................,0.00,0.417,X1,UAAAGAGAUAAUUGAUUUAGCGUGAGAGGGU
...............................,0.00,0.567,X1,UAAAGAGAUAAUUGAUUUAGCGUGAGAGGGU
...............................,0.00,0.041,X1,UAAAGAGAUAAUUGAUUUAGCGUGAGAGGGU
...............................,0.00,0.088,X1,UAAAGAGAUAAUUGAUUUAGCGUGAGAGGGU
...............................,0.00,0.643,X1,UAAAGAGAUAAUUGAUUUAGCGUGAGAGGGU
...............................,0.00,0.529,X1,UAAAGAGAUAAUUGAUUUAGCGUGAGAGGGU
...............................,0.00,0.116,X1,UAAAGAGAUAAUUGAUUUAGCGUGAGAGGGU
...............................,0.00,0.527,X1,UAAAGAGAUAAUUGAUUUAGCGUGAGAGGGU
...............................,0.00,0.006,X1,UAAAGAGAUAAUUGAUUUAGCGUGAGAGGGU
...............................,0.00,0.019,X1,UAAAGAGAUAAUUGAUUUAGCGUGAGAGGGU
...............................,0.00,0.407,X1,UAAAGAGAUAAUUGAUUUAGCGUGAGAGGGU
...............................,0.00,0.064,X1,UAAAGAGAUAAUUGAUUUAGCGUGAGAGGGU
...............................,0.00,0.293,X1,UAAAGAGAUAAUUGAUUUAGCGUGAGAGGGU
...............................,0.00,0.214,X1,UAAAGAGAUAAUUGAUUUAGCGUGAGAGGGU
...............................,0.00,0.183,X1,UAAAGAGAUAAUUGAUUUAGCGUGAGAGGGU
...............................,0.00,0.014,X1,UAAAGAGAUAAUUGAUUUAGCGUGAGAGGGU
...............................,0.00,0.623,X1,UAAAGAGAUAAUUGAUUUAGCGUGAGAGGGU
...............................,0.00,1.226,X1,UAAAGAGAUAAUUGAUUUAGCGUGAGAGGGU
...............................,0.00,0.598,X1,UAAAGAGAUAAUUGAUUUAGCGUGAGAGGGU
...............................,0.00,0.206,X1,UAAAGAGAUAAUUGAUUUAGCGUGAGAGGGU
...............................,0.00,0.831,X1,UAAAGAGAUAAUUGAUUUAGCGUGAGAGGGU
...............................,0.00,0.110,X1,UAAAGAGAUAAUUGAUUUAGCGUGAGAGGGU
...............................,0.00,0.236,X1,UAAAGAGAUAAUUGAUUUAGCGUGAGAGGGU
...............................,0.00,1.212,X1,UAAAGAGAUAAUUGAUUUAGCGUGAGAGGGU
...............................,0.00,1.197,X1,UAAAGAGAUAAUUGAUUUAGCGUGAGAGGGU
...............................,0.00,0.563,X1,UAAAGAGAUAAUUGAUUUAGCGUGAGAGGGU
...............................,0.00,0.457,X1,UAAAGAGAUAAUUGAUUUAGCGUGAGAGGGU
...............................,0.00,1.840,X1,UAAAGAGAUAAUUGAUUUAGCGUGAGAGGGU
...............................,0.00,0.028,X1,UAAAGAGAUAAUUGAUUUAGCGUGAGAGGGU
...............................,0.00,0.522,X1,UAAAGAGAUAAUUGAUUUAGCGUGAGAGGGU
...............................,0.00,0.265,X1,UAAAGAGAUAAUUGAUUUAGCGUGAGAGGGU
...............................,0.00,0.344,X1,UAAAGAGAUAAUUGAUUUAGCGUGAGAGGGU
...............................,0.00,0.107,X1,UAAAGAGAUAAUUGAUUUAGCGUGAGAGGGU
...............................,0.00,0.887,X1,UAAAGAGAUAAUUGAUUUAGCGUGAGAGGGU
...............................,0.00,0.097,X1,UAAAGAGAUAAUUGAUUUAGCGUGAGAGGGU
...............................,0.00,0.075,X1,UAAAGAGAUAAUUGAUUUAGCGUGAGAGGGU
...............................,0.00,0.433,X1,UAAAGAGAUAAUUGAUUUAGCGUGAGAGGGU
...............................,0.00,0.659,X1,UAAAGAGAUAAUUGAUUUAGCGUGAGAGGGU
...............................,0.00,0.550,X1,UAAAGAGAUAAUUGAUUUAGCGUGAGAGGGU
...............................,0.00,0.001,X1,UAAAGAGAUAAUUGAUUUAGCGUGAGAGGGU
...............................,0.00,0.522,X1,UAAAGAGAUAAUUGAUUUAGCGUGAGAGGGU
...............................,0.00,0.474,X1,UAAAGAGAUAAUUGAUUUAGCGUGAGAGGGU
...............................,0.00,0.070,X1,UAAAGAGAUAAUUGAUUUAGCGUGAGAGGGU
...............................,0.00,0.345,X1,UAAAGAGAUAAUUGAUUUAGCGUGAGAGGGU
...............................,0.00,0.747,X1,UAAAGAGAUAAUUGAUUUAGCGUGAGAGGGU
...............................,0.00,0.888,X1,UAAAGAGAUAAUUGAUUUAGCGUGAGAGGGU
...............................,0.00,0.269,X1,UAAAGAGAUAAUUGAUUUAGCGUGAGAGGGU
...............................,0.00,0.034,X1,UAAAGAGAUAAUUGAUUUAGCGUGAGAGGGU
...............................,0.00,0.156,X1,UAAAGAGAUAAUUGAUUUAGCGUGAGAGGGU
...............................,0.00,0.111,X1,UAAAGAGAUAAUUGAUUUAGCGUGAGAGGGU
...............................,0.00,0.084,X1,UAAAGAGAUAAUUGAUUUAGCGUGAGAGGGU
...............................,0.00,0.203,X1,UAAAGAGAUAAUUGAUUUAGCGUGAGAGGGU
...............................,0.00,0.675,X1,UAAAGAGAUAAUUGAUUUAGCGUGAGAGGGU
...............................,0.00,0.113,X1,UAAAGAGAUAAUUGAUUUAGCGUGAGAGGGU
...............................,0.00,0.032,X1,UAAAGAGAUAAUUGAUUUAGCGUGAGAGGGU
...............................,0.00,0.250,X1,UAAAGAGAUAAUUGAUUUAGCGUGAGAGGGU
...............................,0.00,0.024,X1,UAAAGAGAUAAUUGAUUUAGCGUGAGAGGGU
...............................,0.00,0.088,X1,UAAAGAGAUAAUUGAUUUAGCGUGAGAGGGU
...............................,0.00,0.314,X1,UAAAGAGAUAAUUGAUUUAGCGUGAGAGGGU
...............................,0.00,0.026,X1,UAAAGAGAUAAUUGAUUUAGCGUGAGAGGGU
...............................,0.00,0.169,X1,UAAAGAGAUAAUUGAUUUAGCGUGAGAGGGU
...............................,0.00,0.503,X1,UAAAGAGAUAAUUGAUUUAGCGUGAGAGGGU
...............................,0.00,0.023,X1,UAAAGAGAUAAUUGAUUUAGCGUGAGAGGGU
...............................,0.00,0.267,X1,UAAAGAGAUAAUUGAUUUAGCGUGAGAGGGU
...............................,0.00,0.166,X1,UAAAGAGAUAAUUGAUUUAGCGUGAGAGGGU
...............................,0.00,0.318,X1,UAAAGAGAUAAUUGAUUUAGCGUGAGAGGGU
...............................,0.00,0.040,X1,UAAAGAGAUAAUUGAUUUAGCGUGAGAGGGU
...............................,0.00,0.719,X1,UAAAGAGAUAAUUGAUUUAGCGUGAGAGGGU
...............................,0.00,0.761,X1,UAAAGAGAUAAUUGAUUUAGCGUGAGAGGGU
...............................,0.00,0.039,X1,UAAAGAGAUAAUUGAUUUAGCGUGAGAGGGU
...............................,0.00,0.256,X1,UAAAGAGAUAAUUGAUUUAGCGUGAGAGGGU
...............................,0.00,0.279,X1,UAAAGAGAUAAUUGAUUUAGCGUGAGAGGGU
...............................,0.00,0.074,X1,UAAAGAGAUAAUUGAUUUAGCGUGAGAGGGU
...............................,0.00,0.094,X1,UAAAGAGAUAAUUGAUUUAGCGUGAGAGGGU
...............................,0.00,0.067,X1,UAAAGAGAUAAUUGAUUUAGCGUGAGAGGGU
...............................,0.00,0.619,X1,UAAAGAGAUAAUUGAUUUAGCGUGAGAGGGU
...............................,0.00,0.519,X1,UAAAGAGAUAAUUGAUUUAGCGUGAGAGGGU
...............................,0.00,0.430,X1,UAAAGAGAUAAUUGAUUUAGCGUGAGAGGGU
...............................,0.00,0.116,X1,UAAAGAGAUAAUUGAUUUAGCGUGAGAGGGU
...............................,0.00,0.251,X1,UAAAGAGAUAAUUGAUUUAGCGUGAGAGGGU
...............................,0.00,1.024,X1,UAAAGAGAUAAUUGAUUUAGCGUGAGAGGGU
...............................,0.00,0.292,X1,UAAAGAGAUAAUUGAUUUAGCGUGAGAGGGU
...............................,0.00,1.105,X1,UAAAGAGAUAAUUGAUUUAGCGUGAGAGGGU
...............................,0.00,0.136,X1,UAAAGAGAUAAUUGAUUUAGCGUGAGAGGGU
...............................,0.00,0.654,X1,UAAAGAGAUAAUUGAUUUAGCGUGAGAGGGU
...............................,0.00,0.432,X1,UAAAGAGAUAAUUGAUUUAGCGUGAGAGGGU
...............................,0.00,0.339,X1,UAAAGAGAUAAUUGAUUUAGCGUGAGAGGGU
...............................,0.00,0.460,X1,UAAAGAGAUAAUUGAUUUAGCGUGAGAGGGU
...............................,0.00,0.207,X1,UAAAGAGAUAAUUGAUUUAGCGUGAGAGGGU
...............................,0.00,0.466,X1,UAAAGAGAUAAUUGAUUUAGCGUGAGAGGGU
...............................,0.00,0.797,X1,UAAAGAGAUAAUUGAUUUAGCGUGAGAGGGU
...............................,0.00,0.419,X1,UAAAGAGAUAAUUGAUUUAGCGUGAGAGGGU
...............................,0.00,0.212,X1,UAAAGAGAUAAUUGAUUUAGCGUGAGAGGGU
...............................,0.00,0.288,X1,UAAAGAGAUAAUUGAUUUAGCGUGAGAGGGU
...............................,0.00,0.102,X1,UAAAGAGAUAAUUGAUUUAGCGUGAGAGGGU
...............................,0.00,0.045,X1,UAAAGAGAUAAUUGAUUUAGCGUGAGAGGGU
...............................,0.00,0.116,X1,UAAAGAGAUAAUUGAUUUAGCGUGAGAGGGU
...............................,0.00,0.506,X1,UAAAGAGAUAAUUGAUUUAGCGUGAGAGGGU
...............................,0.00,0.003,X1,UAAAGAGAUAAUUGAUUUAGCGUGAGAGGGU
...............................,0.00,0.061,X1,UAAAGAGAUAAUUGAUUUAGCGUGAGAGGGU
...............................,0.00,0.845,X1,UAAAGAGAUAAUUGAUUUAGCGUGAGAGGGU
...............................,0.00,0.195,X1,UAAAGAGAUAAUUGAUUUAGCGUGAGAGGGU
...............................,0.00,0.058,X1,UAAAGAGAUAAUUGAUUUAGCGUGAGAGGGU
...............................,0.00,0.429,X1,UAAAGAGAUAAUUGAUUUAGCGUGAGAGGGU
...............................,0.00,0.438,X1,UAAAGAGAUAAUUGAUUUAGCGUGAGAGGGU
...............................,0.00,0.164,X1,UAAAGAGAUAAUUGAUUUAGCGUGAGAGGGU
...............................,0.00,0.692,X1,UAAAGAGAUAAUUGAUUUAGCGUGAGAGGGU
...............................,0.00,0.039,X1,UAAAGAGAUAAUUGAUUUAGCGUGAGAGGGU
...............................,0.00,0.119,X1,UAAAGAGAUAAUUGAUUUAGCGUGAGAGGGU
...............................,0.00,0.104,X1,UAAAGAGAUAAUUGAUUUAGCGUGAGAGGGU
...............................,0.00,0.434,X1,UAAAGAGAUAAUUGAUUUAGCGUGAGAGGGU
...............................,0.00,0.054,X1,UAAAGAGAUAAUUGAUUUAGCGUGAGAGGGU
...............................,0.00,0.389,X1,UAAAGAGAUAAUUGAUUUAGCGUGAGAGGGU
...............................,0.00,0.456,X1,UAAAGAGAUAAUUGAUUUAGCGUGAGAGGGU
...............................,0.00,0.064,X1,UAAAGAGAUAAUUGAUUUAGCGUGAGAGGGU
...............................,0.00,0.012,X1,UAAAGAGAUAAUUGAUUUAGCGUGAGAGGGU
...............................,0.00,0.346,X1,UAAAGAGAUAAUUGAUUUAGCGUGAGAGGGU
...............................,0.00,0.083,X1,UAAAGAGAUAAUUGAUUUAGCGUGAGAGGGU
...............................,0.00,0.116,X1,UAAAGAGAUAAUUGAUUUAGCGUGAGAGGGU
...............................,0.00,0.157,X1,UAAAGAGAUAAUUGAUUUAGCGUGAGAGGGU
...............................,0.00,0.029,X1,UAAAGAGAUAAUUGAUUUAGCGUGAGAGGGU
...............................,0.00,0.065,X1,UAAAGAGAUAAUUGAUUUAGCGUGAGAGGGU
...............................,0.00,0.102,X1,UAAAGAGAUAAUUGAUUUAGCGUGAGAGGGU
...............................,0.00,0.326,X1,UAAAGAGAUAAUUGAUUUAGCGUGAGAGGGU
...............................,0.00,0.082,X1,UAAAGAGAUAAUUGAUUUAGCGUGAGAGGGU
...............................,0.00,0.729,X1,UAAAGAGAUAAUUGAUUUAGCGUGAGAGGGU
...............................,0.00,0.002,X1,UAAAGAGAUAAUUGAUUUAGCGUGAGAGGGU
...............................,0.00,0.440,X1,UAAAGAGAUAAUUGAUUUAGCGUGAGAGGGU
...............................,0.00,0.352,X1,UAAAGAGAUAAUUGAUUUAGCGUGAGAGGGU
...............................,0.00,0.386,X1,UAAAGAGAUAAUUGAUUUAGCGUGAGAGGGU
...............................,0.00,0.863,X1,UAAAGAGAUAAUUGAUUUAGCGUGAGAGGGU
...............................,0.00,0.240,X1,UAAAGAGAUAAUUGAUUUAGCGUGAGAGGGU
...............................,0.00,0.122,X1,UAAAGAGAUAAUUGAUUUAGCGUGAGAGGGU
...............................,0.00,0.181,X1,UAAAGAGAUAAUUGAUUUAGCGUGAGAGGGU
...............................,0.00,0.311,X1,UAAAGAGAUAAUUGAUUUAGCGUGAGAGGGU
...............................,0.00,0.115,X1,UAAAGAGAUAAUUGAUUUAGCGUGAGAGGGU
...............................,0.00,0.977,X1,UAAAGAGAUAAUUGAUUUAGCGUGAGAGGGU
...............................,0.00,0.376,X1,UAAAGAGAUAAUUGAUUUAGCGUGAGAGGGU
...............................,0.00,0.242,X1,UAAAGAGAUAAUUGAUUUAGCGUGAGAGGGU
...............................,0.00,0.028,X1,UAAAGAGAUAAUUGAUUUAGCGUGAGAGGGU
...............................,0.00,0.408,X1,UAAAGAGAUAAUUGAUUUAGCGUGAGAGGGU
...............................,0.00,0.261,X1,UAAAGAGAUAAUUGAUUUAGCGUGAGAGGGU
...............................,0.00,0.219,X1,UAAAGAGAUAAUUGAUUUAGCGUGAGAGGGU
...............................,0.00,1.704,X1,UAAAGAGAUAAUUGAUUUAGCGUGAGAGGGU
...............................,0.00,0.149,X1,UAAAGAGAUAAUUGAUUUAGCGUGAGAGGGU
...............................,0.00,0.176,X1,UAAAGAGAUAAUUGAUUUAGCGUGAGAGGGU
...............................,0.00,0.028,X1,UAAAGAGAUAAUUGAUUUAGCGUGAGAGGGU
...............................,0.00,0.029,X1,UAAAGAGAUAAUUGAUUUAGCGUGAGAGGGU
...............................,0.00,0.743,X1,UAAAGAGAUAAUUGAUUUAGCGUGAGAGGGU
...............................,0.00,0.033,X1,UAAAGAGAUAAUUGAUUUAGCGUGAGAGGGU
...............................,0.00,0.127,X1,UAAAGAGAUAAUUGAUUUAGCGUGAGAGGGU
...............................,0.00,1.797,X1,UAAAGAGAUAAUUGAUUUAGCGUGAGAGGGU
...............................,0.00,0.050,X1,UAAAGAGAUAAUUGAUUUAGCGUGAGAGGGU
...............................,0.00,0.002,X1,UAAAGAGAUAAUUGAUUUAGCGUGAGAGGGU
...............................,0.00,0.041,X1,UAAAGAGAUAAUUGAUUUAGCGUGAGAGGGU
...............................,0.00,0.910,X1,UAAAGAGAUAAUUGAUUUAGCGUGAGAGGGU
...............................,0.00,0.305,X1,UAAAGAGAUAAUUGAUUUAGCGUGAGAGGGU
...............................,0.00,0.256,X1,UAAAGAGAUAAUUGAUUUAGCGUGAGAGGGU
...............................,0.00,1.118,X1,UAAAGAGAUAAUUGAUUUAGCGUGAGAGGGU
...............................,0.00,0.111,X1,UAAAGAGAUAAUUGAUUUAGCGUGAGAGGGU
...............................,0.00,0.535,X1,UAAAGAGAUAAUUGAUUUAGCGUGAGAGGGU
...............................,0.00,1.013,X1,UAAAGAGAUAAUUGAUUUAGCGUGAGAGGGU
...............................,0.00,0.017,X1,UAAAGAGAUAAUUGAUUUAGCGUGAGAGGGU
...............................,0.00,0.049,X1,UAAAGAGAUAAUUGAUUUAGCGUGAGAGGGU
...............................,0.00,0.045,X1,UAAAGAGAUAAUUGAUUUAGCGUGAGAGGGU
...............................,0.00,0.218,X1,UAAAGAGAUAAUUGAUUUAGCGUGAGAGGGU
...............................,0.00,0.157,X1,UAAAGAGAUAAUUGAUUUAGCGUGAGAGGGU
...............................,0.00,0.203,X1,UAAAGAGAUAAUUGAUUUAGCGUGAGAGGGU
...............................,0.00,0.226,X1,UAAAGAGAUAAUUGAUUUAGCGUGAGAGGGU
...............................,0.00,0.228,X1,UAAAGAGAUAAUUGAUUUAGCGUGAGAGGGU
...............................,0.00,0.349,X1,UAAAGAGAUAAUUGAUUUAGCGUGAGAGGGU
...............................,0.00,0.029,X1,UAAAGAGAUAAUUGAUUUAGCGUGAGAGGGU
...............................,0.00,0.514,X1,UAAAGAGAUAAUUGAUUUAGCGUGAGAGGGU
...............................,0.00,0.164,X1,UAAAGAGAUAAUUGAUUUAGCGUGAGAGGGU
...............................,0.00,0.599,X1,UAAAGAGAUAAUUGAUUUAGCGUGAGAGGGU
...............................,0.00,0.105,X1,UAAAGAGAUAAUUGAUUUAGCGUGAGAGGGU
...............................,0.00,0.041,X1,UAAAGAGAUAAUUGAUUUAGCGUGAGAGGGU
...............................,0.00,0.175,X1,UAAAGAGAUAAUUGAUUUAGCGUGAGAGGGU
...............................,0.00,0.954,X1,UAAAGAGAUAAUUGAUUUAGCGUGAGAGGGU
...............................,0.00,0.064,X1,UAAAGAGAUAAUUGAUUUAGCGUGAGAGGGU
...............................,0.00,0.062,X1,UAAAGAGAUAAUUGAUUUAGCGUGAGAGGGU
...............................,0.00,0.697,X1,UAAAGAGAUAAUUGAUUUAGCGUGAGAGGGU
...............................,0.00,0.513,X1,UAAAGAGAUAAUUGAUUUAGCGUGAGAGGGU
...............................,0.00,0.112,X1,UAAAGAGAUAAUUGAUUUAGCGUGAGAGGGU
...............................,0.00,0.151,X1,UAAAGAGAUAAUUGAUUUAGCGUGAGAGGGU
...............................,0.00,0.009,X1,UAAAGAGAUAAUUGAUUUAGCGUGAGAGGGU
...............................,0.00,0.152,X1,UAAAGAGAUAAUUGAUUUAGCGUGAGAGGGU
...............................,0.00,1.487,X1,UAAAGAGAUAAUUGAUUUAGCGUGAGAGGGU
...............................,0.00,0.088,X1,UAAAGAGAUAAUUGAUUUAGCGUGAGAGGGU
...............................,0.00,0.058,X1,UAAAGAGAUAAUUGAUUUAGCGUGAGAGGGU
...............................,0.00,1.412,X1,UAAAGAGAUAAUUGAUUUAGCGUGAGAGGGU
...............................,0.00,0.413,X1,UAAAGAGAUAAUUGAUUUAGCGUGAGAGGGU
...............................,0.00,0.492,X1,UAAAGAGAUAAUUGAUUUAGCGUGAGAGGGU
...............................,0.00,0.182,X1,UAAAGAGAUAAUUGAUUUAGCGUGAGAGGGU
...............................,0.00,0.045,X1,UAAAGAGAUAAUUGAUUUAGCGUGAGAGGGU
...............................,0.00,0.018,X1,UAAAGAGAUAAUUGAUUUAGCGUGAGAGGGU
...............................,0.00,0.155,X1,UAAAGAGAUAAUUGAUUUAGCGUGAGAGGGU
...............................,0.00,0.538,X1,UAAAGAGAUAAUUGAUUUAGCGUGAGAGGGU
...............................,0.00,0.470,X1,UAAAGAGAUAAUUGAUUUAGCGUGAGAGGGU
...............................,0.00,0.132,X1,UAAAGAGAUAAUUGAUUUAGCGUGAGAGGGU
...............................,0.00,0.423,X1,UAAAGAGAUAAUUGAUUUAGCGUGAGAGGGU
...............................,0.00,0.041,X1,UAAAGAGAUAAUUGAUUUAGCGUGAGAGGGU
...............................,0.00,0.033,X1,UAAAGAGAUAAUUGAUUUAGCGUGAGAGGGU
...............................,0.00,0.138,X1,UAAAGAGAUAAUUGAUUUAGCGUGAGAGGGU
...............................,0.00,0.705,X1,UAAAGAGAUAAUUGAUUUAGCGUGAGAGGGU
...............................,0.00,0.327,X1,UAAAGAGAUAAUUGAUUUAGCGUGAGAGGGU
...............................,0.00,0.255,X1,UAAAGAGAUAAUUGAUUUAGCGUGAGAGGGU
...............................,0.00,0.041,X1,UAAAGAGAUAAUUGAUUUAGCGUGAGAGGGU
...............................,0.00,0.572,X1,UAAAGAGAUAAUUGAUUUAGCGUGAGAGGGU
...............................,0.00,0.937,X1,UAAAGAGAUAAUUGAUUUAGCGUGAGAGGGU
...............................,0.00,0.433,X1,UAAAGAGAUAAUUGAUUUAGCGUGAGAGGGU
...............................,0.00,0.262,X1,UAAAGAGAUAAUUGAUUUAGCGUGAGAGGGU
...............................,0.00,0.360,X1,UAAAGAGAUAAUUGAUUUAGCGUGAGAGGGU
...............................,0.00,0.272,X1,UAAAGAGAUAAUUGAUUUAGCGUGAGAGGGU
...............................,0.00,0.048,X1,UAAAGAGAUAAUUGAUUUAGCGUGAGAGGGU
...............................,0.00,0.730,X1,UAAAGAGAUAAUUGAUUUAGCGUGAGAGGGU
...............................,0.00,0.035,X1,UAAAGAGAUAAUUGAUUUAGCGUGAGAGGGU
...............................,0.00,0.388,X1,UAAAGAGAUAAUUGAUUUAGCGUGAGAGGGU
...............................,0.00,0.399,X1,UAAAGAGAUAAUUGAUUUAGCGUGAGAGGGU
...............................,0.00,0.677,X1,UAAAGAGAUAAUUGAUUUAGCGUGAGAGGGU
...............................,0.00,0.676,X1,UAAAGAGAUAAUUGAUUUAGCGUGAGAGGGU
...............................,0.00,0.420,X1,UAAAGAGAUAAUUGAUUUAGCGUGAGAGGGU
...............................,0.00,0.149,X1,UAAAGAGAUAAUUGAUUUAGCGUGAGAGGGU
...............................,0.00,0.007,X1,UAAAGAGAUAAUUGAUUUAGCGUGAGAGGGU
...............................,0.00,0.008,X1,UAAAGAGAUAAUUGAUUUAGCGUGAGAGGGU
...............................,0.00,0.347,X1,UAAAGAGAUAAUUGAUUUAGCGUGAGAGGGU
...............................,0.00,0.208,X1,UAAAGAGAUAAUUGAUUUAGCGUGAGAGGGU
...............................,0.00,0.481,X1,UAAAGAGAUAAUUGAUUUAGCGUGAGAGGGU
...............................,0.00,0.005,X1,UAAAGAGAUAAUUGAUUUAGCGUGAGAGGGU
...............................,0.00,1.097,X1,UAAAGAGAUAAUUGAUUUAGCGUGAGAGGGU
...............................,0.00,0.368,X1,UAAAGAGAUAAUUGAUUUAGCGUGAGAGGGU
...............................,0.00,0.115,X1,UAAAGAGAUAAUUGAUUUAGCGUGAGAGGGU
...............................,0.00,0.063,X1,UAAAGAGAUAAUUGAUUUAGCGUGAGAGGGU
...............................,0.00,0.201,X1,UAAAGAGAUAAUUGAUUUAGCGUGAGAGGGU
...............................,0.00,0.416,X1,UAAAGAGAUAAUUGAUUUAGCGUGAGAGGGU
...............................,0.00,0.630,X1,UAAAGAGAUAAUUGAUUUAGCGUGAGAGGGU
...............................,0.00,0.364,X1,UAAAGAGAUAAUUGAUUUAGCGUGAGAGGGU
...............................,0.00,0.680,X1,UAAAGAGAUAAUUGAUUUAGCGUGAGAGGGU
...............................,0.00,0.159,X1,UAAAGAGAUAAUUGAUUUAGCGUGAGAGGGU
...............................,0.00,0.061,X1,UAAAGAGAUAAUUGAUUUAGCGUGAGAGGGU
...............................,0.00,0.057,X1,UAAAGAGAUAAUUGAUUUAGCGUGAGAGGGU
...............................,0.00,0.252,X1,UAAAGAGAUAAUUGAUUUAGCGUGAGAGGGU
...............................,0.00,0.245,X1,UAAAGAGAUAAUUGAUUUAGCGUGAGAGGGU
...............................,0.00,0.018,X1,UAAAGAGAUAAUUGAUUUAGCGUGAGAGGGU
...............................,0.00,0.318,X1,UAAAGAGAUAAUUGAUUUAGCGUGAGAGGGU
...............................,0.00,0.351,X1,UAAAGAGAUAAUUGAUUUAGCGUGAGAGGGU
...............................,0.00,0.202,X1,UAAAGAGAUAAUUGAUUUAGCGUGAGAGGGU
...............................,0.00,0.065,X1,UAAAGAGAUAAUUGAUUUAGCGUGAGAGGGU
...............................,0.00,0.053,X1,UAAAGAGAUAAUUGAUUUAGCGUGAGAGGGU
...............................,0.00,0.073,X1,UAAAGAGAUAAUUGAUUUAGCGUGAGAGGGU
...............................,0.00,0.428,X1,UAAAGAGAUAAUUGAUUUAGCGUGAGAGGGU
...............................,0.00,0.372,X1,UAAAGAGAUAAUUGAUUUAGCGUGAGAGGGU
...............................,0.00,0.227,X1,UAAAGAGAUAAUUGAUUUAGCGUGAGAGGGU
...............................,0.00,0.343,X1,UAAAGAGAUAAUUGAUUUAGCGUGAGAGGGU
...............................,0.00,0.439,X1,UAAAGAGAUAAUUGAUUUAGCGUGAGAGGGU
...............................,0.00,0.103,X1,UAAAGAGAUAAUUGAUUUAGCGUGAGAGGGU
...............................,0.00,1.306,X1,UAAAGAGAUAAUUGAUUUAGCGUGAGAGGGU
...............................,0.00,0.098,X1,UAAAGAGAUAAUUGAUUUAGCGUGAGAGGGU
...............................,0.00,0.437,X1,UAAAGAGAUAAUUGAUUUAGCGUGAGAGGGU
...............................,0.00,0.431,X1,UAAAGAGAUAAUUGAUUUAGCGUGAGAGGGU
...............................,0.00,0.853,X1,UAAAGAGAUAAUUGAUUUAGCGUGAGAGGGU
...............................,0.00,0.151,X1,UAAAGAGAUAAUUGAUUUAGCGUGAGAGGGU
...............................,0.00,0.134,X1,UAAAGAGAUAAUUGAUUUAGCGUGAGAGGGU
...............................,0.00,0.023,X1,UAAAGAGAUAAUUGAUUUAGCGUGAGAGGGU
...............................,0.00,0.509,X1,UAAAGAGAUAAUUGAUUUAGCGUGAGAGGGU
...............................,0.00,0.243,X1,UAAAGAGAUAAUUGAUUUAGCGUGAGAGGGU
...............................,0.00,0.593,X1,UAAAGAGAUAAUUGAUUUAGCGUGAGAGGGU
...............................,0.00,0.028,X1,UAAAGAGAUAAUUGAUUUAGCGUGAGAGGGU
...............................,0.00,0.373,X1,UAAAGAGAUAAUUGAUUUAGCGUGAGAGGGU
...............................,0.00,0.051,X1,UAAAGAGAUAAUUGAUUUAGCGUGAGAGGGU
...............................,0.00,0.274,X1,UAAAGAGAUAAUUGAUUUAGCGUGAGAGGGU
...............................,0.00,0.478,X1,UAAAGAGAUAAUUGAUUUAGCGUGAGAGGGU
...............................,0.00,0.280,X1,UAAAGAGAUAAUUGAUUUAGCGUGAGAGGGU
...............................,0.00,0.371,X1,UAAAGAGAUAAUUGAUUUAGCGUGAGAGGGU
...............................,0.00,0.441,X1,UAAAGAGAUAAUUGAUUUAGCGUGAGAGGGU
...............................,0.00,0.034,X1,UAAAGAGAUAAUUGAUUUAGCGUGAGAGGGU
...............................,0.00,0.314,X1,UAAAGAGAUAAUUGAUUUAGCGUGAGAGGGU
...............................,0.00,0.999,X1,UAAAGAGAUAAUUGAUUUAGCGUGAGAGGGU
...............................,0.00,0.197,X1,UAAAGAGAUAAUUGAUUUAGCGUGAGAGGGU
...............................,0.00,0.393,X1,UAAAGAGAUAAUUGAUUUAGCGUGAGAGGGU
...............................,0.00,0.111,X1,UAAAGAGAUAAUUGAUUUAGCGUGAGAGGGU
...............................,0.00,0.207,X1,UAAAGAGAUAAUUGAUUUAGCGUGAGAGGGU
...............................,0.00,0.599,X1,UAAAGAGAUAAUUGAUUUAGCGUGAGAGGGU
...............................,0.00,0.295,X1,UAAAGAGAUAAUUGAUUUAGCGUGAGAGGGU
...............................,0.00,0.101,X1,UAAAGAGAUAAUUGAUUUAGCGUGAGAGGGU
...............................,0.00,0.659,X1,UAAAGAGAUAAUUGAUUUAGCGUGAGAGGGU
...............................,0.00,0.605,X1,UAAAGAGAUAAUUGAUUUAGCGUGAGAGGGU
...............................,0.00,0.029,X1,UAAAGAGAUAAUUGAUUUAGCGUGAGAGGGU
...............................,0.00,0.088,X1,UAAAGAGAUAAUUGAUUUAGCGUGAGAGGGU
...............................,0.00,1.558,X1,UAAAGAGAUAAUUGAUUUAGCGUGAGAGGGU
...............................,0.00,0.257,X1,UAAAGAGAUAAUUGAUUUAGCGUGAGAGGGU
...............................,0.00,0.321,X1,UAAAGAGAUAAUUGAUUUAGCGUGAGAGGGU
...............................,0.00,0.154,X1,UAAAGAGAUAAUUGAUUUAGCGUGAGAGGGU
...............................,0.00,0.135,X1,UAAAGAGAUAAUUGAUUUAGCGUGAGAGGGU
...............................,0.00,0.359,X1,UAAAGAGAUAAUUGAUUUAGCGUGAGAGGGU
...............................,0.00,0.266,X1,UAAAGAGAUAAUUGAUUUAGCGUGAGAGGGU
...............................,0.00,0.483,X1,UAAAGAGAUAAUUGAUUUAGCGUGAGAGGGU
...............................,0.00,0.415,X1,UAAAGAGAUAAUUGAUUUAGCGUGAGAGGGU
...............................,0.00,0.266,X1,UAAAGAGAUAAUUGAUUUAGCGUGAGAGGGU
...............................,0.00,0.172,X1,UAAAGAGAUAAUUGAUUUAGCGUGAGAGGGU
...............................,0.00,0.309,X1,UAAAGAGAUAAUUGAUUUAGCGUGAGAGGGU
...............................,0.00,0.076,X1,UAAAGAGAUAAUUGAUUUAGCGUGAGAGGGU
...............................,0.00,0.427,X1,UAAAGAGAUAAUUGAUUUAGCGUGAGAGGGU
...............................,0.00,1.091,X1,UAAAGAGAUAAUUGAUUUAGCGUGAGAGGGU
...............................,0.00,0.559,X1,UAAAGAGAUAAUUGAUUUAGCGUGAGAGGGU
...............................,0.00,0.114,X1,UAAAGAGAUAAUUGAUUUAGCGUGAGAGGGU
...............................,0.00,1.529,X1,UAAAGAGAUAAUUGAUUUAGCGUGAGAGGGU
...............................,0.00,0.050,X1,UAAAGAGAUAAUUGAUUUAGCGUGAGAGGGU
...............................,0.00,0.226,X1,UAAAGAGAUAAUUGAUUUAGCGUGAGAGGGU
...............................,0.00,0.025,X1,UAAAGAGAUAAUUGAUUUAGCGUGAGAGGGU
...............................,0.00,0.093,X1,UAAAGAGAUAAUUGAUUUAGCGUGAGAGGGU
...............................,0.00,0.116,X1,UAAAGAGAUAAUUGAUUUAGCGUGAGAGGGU
...............................,0.00,0.309,X1,UAAAGAGAUAAUUGAUUUAGCGUGAGAGGGU
...............................,0.00,0.329,X1,UAAAGAGAUAAUUGAUUUAGCGUGAGAGGGU
...............................,0.00,0.569,X1,UAAAGAGAUAAUUGAUUUAGCGUGAGAGGGU
...............................,0.00,0.370,X1,UAAAGAGAUAAUUGAUUUAGCGUGAGAGGGU
...............................,0.00,0.061,X1,UAAAGAGAUAAUUGAUUUAGCGUGAGAGGGU
...............................,0.00,0.222,X1,UAAAGAGAUAAUUGAUUUAGCGUGAGAGGGU
...............................,0.00,0.994,X1,UAAAGAGAUAAUUGAUUUAGCGUGAGAGGGU
...............................,0.00,0.062,X1,UAAAGAGAUAAUUGAUUUAGCGUGAGAGGGU
...............................,0.00,0.282,X1,UAAAGAGAUAAUUGAUUUAGCGUGAGAGGGU
...............................,0.00,0.249,X1,UAAAGAGAUAAUUGAUUUAGCGUGAGAGGGU
...............................,0.00,0.421,X1,UAAAGAGAUAAUUGAUUUAGCGUGAGAGGGU
...............................,0.00,0.119,X1,UAAAGAGAUAAUUGAUUUAGCGUGAGAGGGU
...............................,0.00,0.196,X1,UAAAGAGAUAAUUGAUUUAGCGUGAGAGGGU
...............................,0.00,0.021,X1,UAAAGAGAUAAUUGAUUUAGCGUGAGAGGGU
...............................,0.00,0.161,X1,UAAAGAGAUAAUUGAUUUAGCGUGAGAGGGU
...............................,0.00,0.134,X1,UAAAGAGAUAAUUGAUUUAGCGUGAGAGGGU
...............................,0.00,0.143,X1,UAAAGAGAUAAUUGAUUUAGCGUGAGAGGGU
...............................,0.00,0.526,X1,UAAAGAGAUAAUUGAUUUAGCGUGAGAGGGU
...............................,0.00,0.384,X1,UAAAGAGAUAAUUGAUUUAGCGUGAGAGGGU
...............................,0.00,0.070,X1,UAAAGAGAUAAUUGAUUUAGCGUGAGAGGGU
...............................,0.00,0.136,X1,UAAAGAGAUAAUUGAUUUAGCGUGAGAGGGU
...............................,0.00,0.329,X1,UAAAGAGAUAAUUGAUUUAGCGUGAGAGGGU
...............................,0.00,0.557,X1,UAAAGAGAUAAUUGAUUUAGCGUGAGAGGGU
...............................,0.00,0.148,X1,UAAAGAGAUAAUUGAUUUAGCGUGAGAGGGU
...............................,0.00,0.170,X1,UAAAGAGAUAAUUGAUUUAGCGUGAGAGGGU
...............................,0.00,0.855,X1,UAAAGAGAUAAUUGAUUUAGCGUGAGAGGGU
...............................,0.00,0.642,X1,UAAAGAGAUAAUUGAUUUAGCGUGAGAGGGU
...............................,0.00,0.037,X1,UAAAGAGAUAAUUGAUUUAGCGUGAGAGGGU
...............................,0.00,0.037,X1,UAAAGAGAUAAUUGAUUUAGCGUGAGAGGGU
...............................,0.00,0.423,X1,UAAAGAGAUAAUUGAUUUAGCGUGAGAGGGU
...............................,0.00,0.840,X1,UAAAGAGAUAAUUGAUUUAGCGUGAGAGGGU
...............................,0.00,0.064,X1,UAAAGAGAUAAUUGAUUUAGCGUGAGAGGGU
...............................,0.00,0.286,X1,UAAAGAGAUAAUUGAUUUAGCGUGAGAGGGU
...............................,0.00,0.227,X1,UAAAGAGAUAAUUGAUUUAGCGUGAGAGGGU
...............................,0.00,0.078,X1,UAAAGAGAUAAUUGAUUUAGCGUGAGAGGGU
...............................,0.00,0.163,X1,UAAAGAGAUAAUUGAUUUAGCGUGAGAGGGU
...............................,0.00,0.190,X1,UAAAGAGAUAAUUGAUUUAGCGUGAGAGGGU
...............................,0.00,0.101,X1,UAAAGAGAUAAUUGAUUUAGCGUGAGAGGGU
...............................,0.00,0.031,X1,UAAAGAGAUAAUUGAUUUAGCGUGAGAGGGU
...............................,0.00,0.147,X1,UAAAGAGAUAAUUGAUUUAGCGUGAGAGGGU
...............................,0.00,0.445,X1,UAAAGAGAUAAUUGAUUUAGCGUGAGAGGGU
...............................,0.00,1.207,X1,UAAAGAGAUAAUUGAUUUAGCGUGAGAGGGU
...............................,0.00,0.155,X1,UAAAGAGAUAAUUGAUUUAGCGUGAGAGGGU
...............................,0.00,0.267,X1,UAAAGAGAUAAUUGAUUUAGCGUGAGAGGGU
...............................,0.00,0.043,X1,UAAAGAGAUAAUUGAUUUAGCGUGAGAGGGU
...............................,0.00,0.105,X1,UAAAGAGAUAAUUGAUUUAGCGUGAGAGGGU
...............................,0.00,1.102,X1,UAAAGAGAUAAUUGAUUUAGCGUGAGAGGGU
...............................,0.00,0.033,X1,UAAAGAGAUAAUUGAUUUAGCGUGAGAGGGU
...............................,0.00,0.077,X1,UAAAGAGAUAAUUGAUUUAGCGUGAGAGGGU
...............................,0.00,0.338,X1,UAAAGAGAUAAUUGAUUUAGCGUGAGAGGGU
...............................,0.00,0.244,X1,UAAAGAGAUAAUUGAUUUAGCGUGAGAGGGU
...............................,0.00,0.570,X1,UAAAGAGAUAAUUGAUUUAGCGUGAGAGGGU
...............................,0.00,0.430,X1,UAAAGAGAUAAUUGAUUUAGCGUGAGAGGGU
...............................,0.00,0.342,X1,UAAAGAGAUAAUUGAUUUAGCGUGAGAGGGU
...............................,0.00,0.357,X1,UAAAGAGAUAAUUGAUUUAGCGUGAGAGGGU
...............................,0.00,0.241,X1,UAAAGAGAUAAUUGAUUUAGCGUGAGAGGGU
...............................,0.00,0.390,X1,UAAAGAGAUAAUUGAUUUAGCGUGAGAGGGU
...............................,0.00,0.349,X1,UAAAGAGAUAAUUGAUUUAGCGUGAGAGGGU
...............................,0.00,0.063,X1,UAAAGAGAUAAUUGAUUUAGCGUGAGAGGGU
...............................,0.00,0.225,X1,UAAAGAGAUAAUUGAUUUAGCGUGAGAGGGU
...............................,0.00,0.523,X1,UAAAGAGAUAAUUGAUUUAGCGUGAGAGGGU
...............................,0.00,0.385,X1,UAAAGAGAUAAUUGAUUUAGCGUGAGAGGGU
...............................,0.00,0.455,X1,UAAAGAGAUAAUUGAUUUAGCGUGAGAGGGU
...............................,0.00,0.245,X1,UAAAGAGAUAAUUGAUUUAGCGUGAGAGGGU
...............................,0.00,0.672,X1,UAAAGAGAUAAUUGAUUUAGCGUGAGAGGGU
...............................,0.00,0.333,X1,UAAAGAGAUAAUUGAUUUAGCGUGAGAGGGU
...............................,0.00,0.181,X1,UAAAGAGAUAAUUGAUUUAGCGUGAGAGGGU
...............................,0.00,0.793,X1,UAAAGAGAUAAUUGAUUUAGCGUGAGAGGGU
...............................,0.00,0.373,X1,UAAAGAGAUAAUUGAUUUAGCGUGAGAGGGU
...............................,0.00,0.568,X1,UAAAGAGAUAAUUGAUUUAGCGUGAGAGGGU
...............................,0.00,1.168,X1,UAAAGAGAUAAUUGAUUUAGCGUGAGAGGGU
...............................,0.00,0.245,X1,UAAAGAGAUAAUUGAUUUAGCGUGAGAGGGU
...............................,0.00,0.854,X1,UAAAGAGAUAAUUGAUUUAGCGUGAGAGGGU
...............................,0.00,0.110,X1,UAAAGAGAUAAUUGAUUUAGCGUGAGAGGGU
...............................,0.00,0.390,X1,UAAAGAGAUAAUUGAUUUAGCGUGAGAGGGU
...............................,0.00,0.250,X1,UAAAGAGAUAAUUGAUUUAGCGUGAGAGGGU
...............................,0.00,0.046,X1,UAAAGAGAUAAUUGAUUUAGCGUGAGAGGGU
...............................,0.00,0.272,X1,UAAAGAGAUAAUUGAUUUAGCGUGAGAGGGU
...............................,0.00,0.092,X1,UAAAGAGAUAAUUGAUUUAGCGUGAGAGGGU
...............................,0.00,0.356,X1,UAAAGAGAUAAUUGAUUUAGCGUGAGAGGGU
...............................,0.00,0.348,X1,UAAAGAGAUAAUUGAUUUAGCGUGAGAGGGU
...............................,0.00,0.421,X1,UAAAGAGAUAAUUGAUUUAGCGUGAGAGGGU
...............................,0.00,0.115,X1,UAAAGAGAUAAUUGAUUUAGCGUGAGAGGGU
...............................,0.00,0.102,X1,UAAAGAGAUAAUUGAUUUAGCGUGAGAGGGU
...............................,0.00,0.042,X1,UAAAGAGAUAAUUGAUUUAGCGUGAGAGGGU
...............................,0.00,0.450,X1,UAAAGAGAUAAUUGAUUUAGCGUGAGAGGGU
...............................,0.00,0.110,X1,UAAAGAGAUAAUUGAUUUAGCGUGAGAGGGU
...............................,0.00,0.104,X1,UAAAGAGAUAAUUGAUUUAGCGUGAGAGGGU
...............................,0.00,0.493,X1,UAAAGAGAUAAUUGAUUUAGCGUGAGAGGGU
...............................,0.00,0.459,X1,UAAAGAGAUAAUUGAUUUAGCGUGAGAGGGU
...............................,0.00,0.137,X1,UAAAGAGAUAAUUGAUUUAGCGUGAGAGGGU
...............................,0.00,0.066,X1,UAAAGAGAUAAUUGAUUUAGCGUGAGAGGGU
...............................,0.00,0.263,X1,UAAAGAGAUAAUUGAUUUAGCGUGAGAGGGU
...............................,0.00,0.376,X1,UAAAGAGAUAAUUGAUUUAGCGUGAGAGGGU
...............................,0.00,0.072,X1,UAAAGAGAUAAUUGAUUUAGCGUGAGAGGGU
...............................,0.00,0.971,X1,UAAAGAGAUAAUUGAUUUAGCGUGAGAGGGU
...............................,0.00,0.780,X1,UAAAGAGAUAAUUGAUUUAGCGUGAGAGGGU
...............................,0.00,0.088,X1,UAAAGAGAUAAUUGAUUUAGCGUGAGAGGGU
...............................,0.00,0.287,X1,UAAAGAGAUAAUUGAUUUAGCGUGAGAGGGU
...............................,0.00,0.051,X1,UAAAGAGAUAAUUGAUUUAGCGUGAGAGGGU
...............................,0.00,0.540,X1,UAAAGAGAUAAUUGAUUUAGCGUGAGAGGGU
